# nc 324
# boxsize 6.000000e+02
# nbar 0.000000e+00
1.483274e-02 13 1.318558e+04 1.318407e+04 -3.706884e+02 2.848622e+04
2.513187e-02 33 1.403932e+04 1.403455e+04 -2.812374e+03 5.313273e+03
3.574650e-02 79 7.393024e+03 7.387795e+03 2.788846e+03 -3.777303e+03
4.583347e-02 105 6.575678e+03 6.567778e+03 1.901427e+03 2.110257e+03
5.486964e-02 145 4.844392e+03 4.836036e+03 -4.312411e+02 3.548172e+02
6.471857e-02 243 4.448875e+03 4.438247e+03 5.094533e+02 4.853971e+02
7.503996e-02 313 3.873866e+03 3.861539e+03 -7.455970e+02 1.031858e+02
8.485495e-02 369 2.890051e+03 2.878243e+03 9.287390e+00 -6.310319e+02
9.528688e-02 571 2.494878e+03 2.482000e+03 -5.866863e+01 -7.197775e+02
1.059290e-01 601 2.102537e+03 2.089089e+03 1.363120e+02 -1.481330e+02
1.156806e-01 705 1.839909e+03 1.825912e+03 -3.398136e+01 4.066286e+01
1.255756e-01 883 1.655407e+03 1.640577e+03 -9.022251e+01 6.548277e+01
1.352378e-01 909 1.515209e+03 1.499490e+03 9.078751e+01 -1.545401e+02
1.449493e-01 1177 1.341648e+03 1.325647e+03 8.341486e+00 -2.368108e+01
1.550659e-01 1323 1.144449e+03 1.128851e+03 -2.717803e+01 5.808680e+01
1.649601e-01 1453 1.067245e+03 1.050749e+03 -2.691726e+01 7.688995e+01
1.749597e-01 1701 9.440856e+02 9.276953e+02 -3.261429e+01 -1.813789e+01
1.852437e-01 1963 9.106523e+02 8.929395e+02 -1.571263e+01 -5.632637e+01
1.951071e-01 1933 8.356580e+02 8.176727e+02 1.163169e-01 1.650127e+01
2.049888e-01 2397 7.918559e+02 7.730589e+02 3.022140e+00 2.381914e+01
2.151844e-01 2539 6.823659e+02 6.645370e+02 5.098491e+00 -6.829374e+01
2.250745e-01 2694 6.439619e+02 6.255735e+02 1.199931e+01 3.334937e+01
2.350927e-01 3121 6.373236e+02 6.174969e+02 1.363254e+01 -2.271509e+01
2.451974e-01 3255 5.938083e+02 5.737261e+02 7.025286e+00 2.631693e+01
2.550872e-01 3517 5.440688e+02 5.241967e+02 -2.483137e+01 3.836747e+01
2.649947e-01 3813 5.124374e+02 4.922579e+02 2.923348e-01 -1.910559e+01
2.750606e-01 4231 4.879631e+02 4.672858e+02 -1.708348e+01 6.745306e+00
2.851157e-01 4389 4.493792e+02 4.289535e+02 1.128145e+01 2.077121e+01
2.950080e-01 4717 4.296098e+02 4.087330e+02 2.825094e+01 2.690177e+01
3.050474e-01 5191 4.075118e+02 3.863793e+02 2.072085e+01 6.510472e+00
3.151078e-01 5373 3.890041e+02 3.675090e+02 -1.423337e-01 3.582944e+01
3.251295e-01 5893 3.682358e+02 3.466023e+02 2.979493e+00 -1.746621e+01
3.352591e-01 6183 3.566945e+02 3.344675e+02 2.144494e+00 -4.787512e+00
3.451640e-01 6349 3.364845e+02 3.142874e+02 8.334304e+00 8.222482e+00
3.550965e-01 6993 3.254761e+02 3.027946e+02 -4.182681e+00 -1.386189e+01
3.649687e-01 7003 3.080779e+02 2.854559e+02 -1.322675e+01 1.427448e+01
3.749450e-01 7941 2.925430e+02 2.699105e+02 -1.097447e+00 -2.054665e+01
3.851630e-01 8221 2.868520e+02 2.634796e+02 4.055515e-01 -1.899103e+01
3.951752e-01 8449 2.773126e+02 2.535800e+02 -1.015158e+01 3.775039e+00
4.050872e-01 8931 2.635533e+02 2.399073e+02 9.467928e-01 -5.058840e+00
4.149904e-01 9289 2.531076e+02 2.293242e+02 -5.935771e+00 -7.262593e+00
4.250484e-01 10113 2.450659e+02 2.209536e+02 2.454725e+00 1.103195e+00
4.350196e-01 10087 2.366849e+02 2.123518e+02 -4.263712e+00 1.654374e+00
4.449689e-01 10998 2.315984e+02 2.067419e+02 -4.530499e+00 6.906166e-01
4.550136e-01 11233 2.230703e+02 1.980952e+02 -2.820549e+00 1.313883e+01
4.650240e-01 11991 2.194816e+02 1.938792e+02 -2.443940e+00 -1.165521e+01
4.750600e-01 12241 2.103439e+02 1.848064e+02 -7.594942e+00 7.253802e+00
4.850824e-01 13033 2.015950e+02 1.761374e+02 4.867368e-01 7.583752e+00
4.950626e-01 13227 2.002732e+02 1.739982e+02 -5.800157e+00 -5.984873e+00
5.050218e-01 13993 1.938783e+02 1.674818e+02 -5.181451e+00 -3.089869e+00
5.149626e-01 14301 1.881393e+02 1.615775e+02 6.848014e-01 7.564217e+00
5.249789e-01 15355 1.827069e+02 1.559666e+02 -6.736924e+00 2.777714e-01
5.350486e-01 15585 1.779134e+02 1.509461e+02 3.217160e-01 -3.862158e-01
5.451135e-01 16549 1.757288e+02 1.481588e+02 -3.725871e+00 5.257789e+00
5.551181e-01 16587 1.675226e+02 1.403490e+02 -4.221861e+00 6.616700e-01
5.650424e-01 17461 1.661352e+02 1.382950e+02 -2.067913e-01 -4.061223e-01
5.750589e-01 18177 1.633583e+02 1.350915e+02 -1.530315e+00 4.607561e+00
5.850828e-01 18739 1.578617e+02 1.296706e+02 -3.379056e+00 5.131097e-01
5.950416e-01 19165 1.566179e+02 1.277807e+02 8.058183e-01 -1.804553e+00
6.049746e-01 20013 1.490038e+02 1.207313e+02 3.858340e-01 3.169092e+00
6.149470e-01 20587 1.463133e+02 1.177237e+02 2.918372e+00 -1.298356e+00
6.249968e-01 21657 1.469262e+02 1.173657e+02 -2.571558e+00 7.642304e+00
6.350666e-01 22129 1.408741e+02 1.117077e+02 1.281075e+00 -1.458348e+00
6.450498e-01 22611 1.387291e+02 1.091996e+02 1.527854e-01 6.576644e+00
6.549912e-01 23317 1.360007e+02 1.062526e+02 -1.537050e+00 2.023237e+00
6.649535e-01 24222 1.335892e+02 1.035782e+02 -2.517237e+00 7.090781e-01
6.749660e-01 24943 1.303633e+02 1.002937e+02 -1.315324e+00 -4.187245e+00
6.850252e-01 25921 1.289876e+02 9.845045e+01 -1.425904e+00 5.481982e+00
6.950284e-01 26253 1.266927e+02 9.592899e+01 7.900773e-01 1.558826e+00
7.049900e-01 27139 1.231827e+02 9.252064e+01 -1.200091e+00 -2.147283e+00
7.150256e-01 28185 1.210635e+02 9.018359e+01 -2.680814e-03 -4.839139e+00
7.250860e-01 28969 1.201046e+02 8.871932e+01 -2.368288e+00 3.037531e+00
7.350183e-01 28887 1.177563e+02 8.625547e+01 -4.208347e+00 7.937339e-01
7.450018e-01 30937 1.155824e+02 8.394329e+01 1.372806e+00 2.910808e+00
7.551045e-01 31341 1.122676e+02 8.081886e+01 -1.576831e+00 3.960945e+00
7.650666e-01 31555 1.111474e+02 7.931735e+01 -8.888271e-01 -1.728763e+00
7.750154e-01 33025 1.098710e+02 7.770810e+01 -1.621103e+00 -3.000976e+00
7.850634e-01 33921 1.076163e+02 7.542515e+01 1.652700e+00 -2.203143e+00
7.950596e-01 34285 1.062929e+02 7.381578e+01 -1.180033e+00 9.375008e-01
8.050450e-01 35703 1.045205e+02 7.191413e+01 -7.682027e-01 -7.021852e-01
8.150563e-01 36205 1.045661e+02 7.127231e+01 -6.348132e-01 9.896291e-01
8.250795e-01 37485 1.017401e+02 6.868696e+01 -3.689570e+00 3.606758e-01
8.350885e-01 38047 9.994720e+01 6.682761e+01 1.110948e-01 -3.590062e+00
8.450499e-01 38913 9.921856e+01 6.569870e+01 -2.177151e-01 -2.519180e-01
8.550252e-01 39853 9.697395e+01 6.358228e+01 -1.158635e+00 2.282981e+00
8.650455e-01 41367 9.577683e+01 6.216994e+01 -5.167493e-01 2.684048e+00
8.750680e-01 41617 9.568609e+01 6.148583e+01 1.080427e+00 -1.834203e-01
8.849916e-01 42430 9.375401e+01 5.963346e+01 -7.683029e-01 3.334393e+00
8.949944e-01 44367 9.107124e+01 5.733175e+01 1.514676e+00 8.511794e-02
9.050336e-01 44569 9.087223e+01 5.660938e+01 -4.413229e-01 8.528749e-01
9.150411e-01 46089 8.975259e+01 5.532361e+01 1.014421e-01 8.428647e-02
9.250625e-01 46819 8.863792e+01 5.405249e+01 7.859722e-01 1.419981e+00
9.350607e-01 47793 8.779774e+01 5.296516e+01 -2.902131e-01 1.595826e+00
9.450463e-01 48697 8.612101e+01 5.139042e+01 -8.436683e-01 -8.049248e-01
9.549734e-01 49443 8.490102e+01 5.010965e+01 1.370103e+00 5.427362e-01
9.649510e-01 51097 8.440541e+01 4.926711e+01 -9.163929e-01 -9.726259e-01
9.750082e-01 52453 8.378548e+01 4.835320e+01 -1.281615e+00 -2.196555e-02
9.850290e-01 52947 8.210265e+01 4.684370e+01 2.857831e-01 -4.999442e-01
9.950258e-01 54193 8.194485e+01 4.622223e+01 -2.114870e+00 6.116834e-02
