# nc 324
# boxsize 6.000000e+02
# nbar 0.000000e+00
1.483274e-02 13 1.108383e+04 1.108253e+04 -7.581438e+03 8.417821e+03
2.513187e-02 33 9.640764e+03 9.637292e+03 4.809524e+03 2.583129e+03
3.574650e-02 79 6.957403e+03 6.952284e+03 -2.388901e+02 -5.271747e+02
4.583347e-02 105 5.183594e+03 5.177473e+03 -1.654118e+03 1.230582e+03
5.486964e-02 145 3.933357e+03 3.926618e+03 8.413710e+02 -1.100520e+03
6.471857e-02 243 3.788218e+03 3.779108e+03 8.670410e+02 1.629262e+03
7.503996e-02 313 3.229606e+03 3.219255e+03 -5.040459e+01 1.089787e+03
8.485495e-02 369 2.825444e+03 2.813881e+03 2.903512e+02 3.475977e+02
9.528688e-02 571 2.385323e+03 2.372976e+03 5.410867e+02 -4.627721e+02
1.059290e-01 601 1.925134e+03 1.912857e+03 8.636822e+00 -5.797317e+01
1.156806e-01 705 1.820109e+03 1.806206e+03 2.306015e+01 1.273539e+02
1.255756e-01 883 1.590016e+03 1.575764e+03 3.413299e+01 2.176614e+02
1.352378e-01 909 1.529055e+03 1.513178e+03 -3.935631e+00 2.187551e+02
1.449493e-01 1177 1.362234e+03 1.345988e+03 1.131369e+02 9.319975e+00
1.550659e-01 1323 1.124547e+03 1.109189e+03 1.906835e+02 7.422155e+00
1.649601e-01 1453 1.077440e+03 1.060786e+03 -1.240280e+02 8.188385e+01
1.749597e-01 1701 9.771335e+02 9.601655e+02 1.168230e+01 7.064709e+01
1.852437e-01 1963 9.020132e+02 8.845009e+02 -2.604837e+01 -1.430567e+02
1.951071e-01 1933 8.243268e+02 8.065773e+02 1.837259e+01 3.141068e+01
2.049888e-01 2397 7.692551e+02 7.510068e+02 2.071138e+01 -1.540761e+01
2.151844e-01 2539 7.040274e+02 6.856281e+02 2.585682e+01 -3.704220e+01
2.250745e-01 2694 6.596849e+02 6.408513e+02 9.327395e+00 1.094613e+02
2.350927e-01 3121 6.182210e+02 5.989822e+02 3.167398e+01 1.775442e+01
2.451974e-01 3255 5.840161e+02 5.642701e+02 1.751817e+01 1.623299e+01
2.550872e-01 3517 5.425106e+02 5.226921e+02 2.250050e+01 1.855730e+01
2.649947e-01 3813 5.023534e+02 4.825728e+02 2.441461e+00 -6.659648e-01
2.750606e-01 4231 4.686559e+02 4.487957e+02 8.345104e+00 -1.769667e+00
2.851157e-01 4389 4.480396e+02 4.276752e+02 -2.757905e+01 2.054266e+01
2.950080e-01 4717 4.209700e+02 4.005174e+02 -2.680916e+01 4.980791e+01
3.050474e-01 5191 4.052534e+02 3.842363e+02 5.874056e+00 3.716083e+01
3.151078e-01 5373 3.901342e+02 3.685739e+02 -1.097371e+01 1.561976e+01
3.251295e-01 5893 3.649978e+02 3.435666e+02 2.660251e+01 -3.350156e+01
3.352591e-01 6183 3.502590e+02 3.284250e+02 2.371840e+00 2.474104e+01
3.451640e-01 6349 3.354099e+02 3.132919e+02 5.790264e+00 6.361706e+00
3.550965e-01 6993 3.175781e+02 2.954492e+02 -1.395604e+01 1.089589e+01
3.649687e-01 7003 3.041826e+02 2.818380e+02 1.828110e+01 5.408308e+00
3.749450e-01 7941 2.976993e+02 2.746616e+02 -1.090533e+00 2.305470e+00
3.851630e-01 8221 2.871750e+02 2.637740e+02 1.042431e+01 -2.517077e+01
3.951752e-01 8449 2.802614e+02 2.562653e+02 -1.553087e+00 2.681128e+00
4.050872e-01 8931 2.638803e+02 2.401968e+02 7.420029e+00 5.159534e+00
4.149904e-01 9289 2.564770e+02 2.323695e+02 1.136850e+01 1.492838e+01
4.250484e-01 10113 2.460715e+02 2.218583e+02 7.462912e+00 -1.253204e+01
4.350196e-01 10087 2.363087e+02 2.120160e+02 -8.251181e+00 -1.487542e+01
4.449689e-01 10998 2.303918e+02 2.056716e+02 1.326911e+00 -1.192278e+01
4.550136e-01 11233 2.197105e+02 1.951125e+02 -1.721716e-01 6.103559e+00
4.650240e-01 11991 2.115119e+02 1.868375e+02 3.452494e+00 8.544448e+00
4.750600e-01 12241 2.081279e+02 1.828545e+02 -1.264984e+00 1.261547e+01
4.850824e-01 13033 2.039872e+02 1.782288e+02 -4.410037e+00 -7.353497e-02
4.950626e-01 13227 1.968651e+02 1.710358e+02 -7.909293e-01 3.538727e+00
5.050218e-01 13993 1.911916e+02 1.651551e+02 4.804113e+00 2.680115e+00
5.149626e-01 14301 1.873237e+02 1.608757e+02 -1.684762e+00 8.235169e+00
5.249789e-01 15355 1.813053e+02 1.547730e+02 -3.754814e+00 -4.691726e+00
5.350486e-01 15585 1.764419e+02 1.496973e+02 2.209898e+00 -4.809941e+00
5.451135e-01 16549 1.705234e+02 1.437731e+02 -2.755764e+00 5.665486e+00
5.551181e-01 16587 1.696542e+02 1.421339e+02 1.959716e+00 -3.232713e+00
5.650424e-01 17461 1.623241e+02 1.351208e+02 -1.381302e+00 5.381537e+00
5.750589e-01 18177 1.597744e+02 1.321263e+02 -1.295968e+00 -1.413794e+00
5.850828e-01 18739 1.542351e+02 1.266956e+02 1.993719e+00 -9.770206e-01
5.950416e-01 19165 1.524679e+02 1.243924e+02 2.629178e+00 -1.786819e+00
6.049746e-01 20013 1.483633e+02 1.202126e+02 1.724116e+00 -3.332039e+00
6.149470e-01 20587 1.466178e+02 1.179658e+02 7.723547e-02 -9.378695e-01
6.249968e-01 21657 1.422541e+02 1.136345e+02 -1.158221e+00 3.904739e-02
6.350666e-01 22129 1.392557e+02 1.104287e+02 -4.439413e-01 5.540557e-01
6.450498e-01 22611 1.361519e+02 1.071691e+02 9.884486e-01 8.606620e+00
6.549912e-01 23317 1.340961e+02 1.047649e+02 1.838932e+00 3.879266e-01
6.649535e-01 24222 1.320510e+02 1.023834e+02 -5.076065e-01 2.443971e+00
6.749660e-01 24943 1.292828e+02 9.946344e+01 7.032991e-02 3.422853e+00
6.850252e-01 25921 1.264429e+02 9.650999e+01 -7.539540e-01 -1.080066e+00
6.950284e-01 26253 1.230563e+02 9.317400e+01 -2.316089e+00 1.378449e+00
7.049900e-01 27139 1.222661e+02 9.183395e+01 5.116252e-01 2.156505e-01
7.150256e-01 28185 1.200842e+02 8.945138e+01 -6.680758e-01 2.202951e-01
7.250860e-01 28969 1.169454e+02 8.638395e+01 1.690818e+00 -3.903461e+00
7.350183e-01 28887 1.150893e+02 8.430025e+01 4.263404e-01 4.338221e+00
7.450018e-01 30937 1.136374e+02 8.252592e+01 3.534434e+00 3.607130e+00
7.551045e-01 31341 1.109921e+02 7.990383e+01 2.010866e+00 1.616962e+00
7.650666e-01 31555 1.109212e+02 7.915289e+01 2.038495e+00 7.371270e-01
7.750154e-01 33025 1.070181e+02 7.569068e+01 -4.351694e-01 1.730361e-01
7.850634e-01 33921 1.063415e+02 7.452968e+01 2.068709e+00 2.595607e+00
7.950596e-01 34285 1.040764e+02 7.227615e+01 7.758766e-01 2.832671e+00
8.050450e-01 35703 1.037092e+02 7.135534e+01 2.351232e+00 2.078458e-01
8.150563e-01 36205 1.011198e+02 6.892255e+01 -1.549734e+00 -5.283559e-02
8.250795e-01 37485 1.004533e+02 6.781628e+01 2.125794e+00 4.232752e+00
8.350885e-01 38047 9.923651e+01 6.635117e+01 -1.270430e+00 2.936117e-01
8.450499e-01 38913 9.597354e+01 6.354834e+01 6.785623e-01 2.824843e+00
8.550252e-01 39853 9.486481e+01 6.219975e+01 8.021867e-01 6.643819e-01
8.650455e-01 41367 9.392622e+01 6.096862e+01 3.328714e-01 1.623338e+00
8.750680e-01 41617 9.303928e+01 5.978550e+01 1.306332e+00 -9.486569e-01
8.849916e-01 42430 9.101435e+01 5.789314e+01 3.714045e-01 2.220306e+00
8.949944e-01 44367 9.106798e+01 5.733160e+01 1.103396e+00 1.784531e+00
9.050336e-01 44569 8.955120e+01 5.578505e+01 3.023566e-01 2.976557e+00
9.150411e-01 46089 8.797598e+01 5.422666e+01 7.393752e-01 2.746593e+00
9.250625e-01 46819 8.681386e+01 5.294065e+01 -1.274050e+00 6.215610e-01
9.350607e-01 47793 8.571773e+01 5.171111e+01 1.033788e-01 1.665938e+00
9.450463e-01 48697 8.512934e+01 5.079824e+01 -2.698358e-01 5.102239e-01
9.549734e-01 49443 8.482838e+01 5.006667e+01 4.173720e-02 2.114408e+00
9.649510e-01 51097 8.231103e+01 4.804340e+01 8.405915e-02 -1.250113e+00
9.750082e-01 52453 8.197578e+01 4.730911e+01 1.635428e+00 1.524022e-01
9.850290e-01 52947 8.028235e+01 4.580656e+01 6.519118e-01 5.922145e-01
9.950258e-01 54193 7.953204e+01 4.486084e+01 3.853392e-01 -2.019222e+00
