# nc 324
# boxsize 6.000000e+02
# nbar 0.000000e+00
1.483274e-02 13 7.278463e+03 7.277562e+03 -1.267040e+03 -4.094404e+03
2.513187e-02 33 8.724729e+03 8.721562e+03 -1.805261e+02 4.696829e+02
3.574650e-02 79 6.017020e+03 6.012747e+03 1.448182e+03 4.102511e+02
4.583347e-02 105 5.641460e+03 5.634588e+03 -4.133380e+02 -1.271094e+03
5.486964e-02 145 4.682093e+03 4.674096e+03 -9.334149e+02 8.836553e+02
6.471857e-02 243 4.305524e+03 4.295156e+03 -4.036159e+02 -2.413541e+03
7.503996e-02 313 3.760895e+03 3.748840e+03 3.138894e+02 3.176928e+02
8.485495e-02 369 2.821271e+03 2.809741e+03 -7.154685e+01 3.663587e+02
9.528688e-02 571 2.370784e+03 2.358530e+03 -3.420441e+02 -3.240089e+02
1.059290e-01 601 2.037035e+03 2.024004e+03 2.289194e+02 -2.103545e+02
1.156806e-01 705 1.890861e+03 1.876453e+03 1.122121e+02 2.677287e+01
1.255756e-01 883 1.545968e+03 1.532120e+03 3.929082e+01 -3.514012e+02
1.352378e-01 909 1.471263e+03 1.456005e+03 -1.226311e+02 1.405695e+02
1.449493e-01 1177 1.331249e+03 1.315376e+03 1.342710e+02 -6.109927e+01
1.550659e-01 1323 1.091659e+03 1.076792e+03 1.698305e+01 -8.132698e+01
1.649601e-01 1453 1.057837e+03 1.041519e+03 1.271676e+00 5.297548e+01
1.749597e-01 1701 9.949238e+02 9.776994e+02 -4.062279e+01 -6.715729e+01
1.852437e-01 1963 8.899669e+02 8.726761e+02 1.129423e+01 -6.333624e+01
1.951071e-01 1933 7.984561e+02 7.812657e+02 2.564288e+01 1.534532e+00
2.049888e-01 2397 7.616172e+02 7.435528e+02 -1.495397e+01 -1.057130e+02
2.151844e-01 2539 6.922507e+02 6.741543e+02 -3.668208e+01 -5.057978e+01
2.250745e-01 2694 6.513405e+02 6.327487e+02 9.132463e+00 6.031591e+00
2.350927e-01 3121 6.006241e+02 5.819333e+02 3.072499e+01 -4.633680e+01
2.451974e-01 3255 5.691683e+02 5.499255e+02 -9.966397e+00 2.035618e-01
2.550872e-01 3517 5.417940e+02 5.219893e+02 3.136886e+01 -4.960442e+00
2.649947e-01 3813 4.910876e+02 4.717477e+02 1.855284e+00 -7.484775e+00
2.750606e-01 4231 4.661443e+02 4.463881e+02 -1.218487e-01 1.486107e+01
2.851157e-01 4389 4.445258e+02 4.243279e+02 -1.804333e+01 -1.034278e+01
2.950080e-01 4717 4.396079e+02 4.182529e+02 3.210584e-01 -4.092521e+01
3.050474e-01 5191 3.928205e+02 3.724402e+02 2.320220e+01 4.241686e+00
3.151078e-01 5373 3.872465e+02 3.658605e+02 -1.289213e+01 4.620759e+00
3.251295e-01 5893 3.657621e+02 3.442803e+02 -2.117953e+01 -4.195471e+00
3.352591e-01 6183 3.428953e+02 3.215242e+02 1.520487e+01 2.771812e+00
3.451640e-01 6349 3.340313e+02 3.120067e+02 1.038052e+01 1.363518e+01
3.550965e-01 6993 3.154512e+02 2.934788e+02 4.143715e+00 -1.061620e+01
3.649687e-01 7003 3.012573e+02 2.791276e+02 1.938065e+01 1.196245e+01
3.749450e-01 7941 2.917839e+02 2.692108e+02 8.956859e-01 -3.566507e+00
3.851630e-01 8221 2.822341e+02 2.592316e+02 4.657997e+00 1.586102e+00
3.951752e-01 8449 2.719362e+02 2.486589e+02 -1.275014e+01 2.118841e+01
4.050872e-01 8931 2.631230e+02 2.395105e+02 -6.739793e+00 -7.546668e+00
4.149904e-01 9289 2.542383e+02 2.303477e+02 4.237340e+00 1.955784e+00
4.250484e-01 10113 2.449135e+02 2.208200e+02 5.855671e-01 7.585256e+00
4.350196e-01 10087 2.362848e+02 2.119941e+02 -3.002079e+00 -6.196782e+00
4.449689e-01 10998 2.248474e+02 2.007158e+02 6.445761e+00 -1.783385e+00
4.550136e-01 11233 2.179427e+02 1.935402e+02 -1.616052e+00 3.643692e-01
4.650240e-01 11991 2.165485e+02 1.912925e+02 1.577658e+00 3.397283e+00
4.750600e-01 12241 2.041378e+02 1.793476e+02 -3.978582e+00 -2.701182e+00
4.850824e-01 13033 1.981284e+02 1.731067e+02 2.844656e+00 5.844340e+00
4.950626e-01 13227 1.925884e+02 1.673217e+02 1.609618e+00 6.066544e+00
5.050218e-01 13993 1.874732e+02 1.619486e+02 -1.558605e+00 -3.462382e+00
5.149626e-01 14301 1.852130e+02 1.590662e+02 1.532521e-02 -2.752656e+00
5.249789e-01 15355 1.790113e+02 1.528152e+02 -2.854063e+00 -9.273927e-01
5.350486e-01 15585 1.738112e+02 1.474665e+02 -4.211767e+00 7.001420e-01
5.451135e-01 16549 1.707005e+02 1.439194e+02 -3.398623e-01 6.471088e+00
5.551181e-01 16587 1.680048e+02 1.407505e+02 -4.731434e-01 2.499820e+00
5.650424e-01 17461 1.642115e+02 1.366934e+02 2.036053e+00 -5.471463e-01
5.750589e-01 18177 1.583625e+02 1.309596e+02 1.946744e+00 7.902764e+00
5.850828e-01 18739 1.540791e+02 1.265690e+02 -6.874081e-01 7.349012e-01
5.950416e-01 19165 1.504946e+02 1.227828e+02 9.700742e-01 1.641616e+00
6.049746e-01 20013 1.505811e+02 1.220140e+02 1.871131e+00 9.298840e-01
6.149470e-01 20587 1.449882e+02 1.166519e+02 1.373920e+00 2.985144e+00
6.249968e-01 21657 1.432433e+02 1.144240e+02 -2.047616e+00 1.082172e+00
6.350666e-01 22129 1.390378e+02 1.102529e+02 -2.441758e+00 3.760941e+00
6.450498e-01 22611 1.367826e+02 1.076661e+02 4.164817e-01 7.141573e-01
6.549912e-01 23317 1.333507e+02 1.041827e+02 2.133305e-01 4.223660e+00
6.649535e-01 24222 1.307933e+02 1.014076e+02 3.349258e+00 1.867889e+00
6.749660e-01 24943 1.285206e+02 9.887562e+01 5.420002e-01 7.435454e-01
6.850252e-01 25921 1.251822e+02 9.555116e+01 -6.920558e-01 1.213228e+00
6.950284e-01 26253 1.238474e+02 9.377828e+01 -1.872846e+00 -8.876616e-01
7.049900e-01 27139 1.214787e+02 9.124257e+01 -2.342712e+00 4.284935e+00
7.150256e-01 28185 1.177263e+02 8.769755e+01 -1.696316e+00 2.902367e+00
7.250860e-01 28969 1.167448e+02 8.623648e+01 1.321382e+00 2.799445e+00
7.350183e-01 28887 1.161024e+02 8.504359e+01 2.283634e+00 5.612878e+00
7.450018e-01 30937 1.132774e+02 8.226402e+01 -2.355012e+00 2.363272e+00
7.551045e-01 31341 1.120663e+02 8.067593e+01 -1.207714e+00 3.635128e+00
7.650666e-01 31555 1.088100e+02 7.764580e+01 -1.721673e+00 5.041988e+00
7.750154e-01 33025 1.080563e+02 7.642346e+01 -1.524215e+00 3.551793e+00
7.850634e-01 33921 1.061519e+02 7.439676e+01 1.079195e+00 4.389818e+00
7.950596e-01 34285 1.036086e+02 7.195154e+01 1.060583e+00 1.862704e+00
8.050450e-01 35703 1.027272e+02 7.067960e+01 -4.661816e-01 1.891336e-01
8.150563e-01 36205 1.012419e+02 6.900643e+01 -1.875892e-01 -3.839594e-01
8.250795e-01 37485 1.001167e+02 6.758968e+01 5.409573e-01 2.816097e+00
8.350885e-01 38047 9.843428e+01 6.581482e+01 -1.509278e-01 1.207126e-02
8.450499e-01 38913 9.672778e+01 6.405022e+01 1.009125e+00 -4.394386e-01
8.550252e-01 39853 9.543397e+01 6.257135e+01 3.505816e-01 1.836626e-01
8.650455e-01 41367 9.474758e+01 6.150059e+01 -2.841267e-01 -7.962537e-02
8.750680e-01 41617 9.285046e+01 5.966124e+01 -3.581550e-01 -2.076366e-01
8.849916e-01 42430 9.209856e+01 5.858251e+01 -1.727179e+00 6.926024e-01
8.949944e-01 44367 9.036052e+01 5.688365e+01 -2.992242e-01 3.250329e+00
9.050336e-01 44569 8.872561e+01 5.527057e+01 -7.680321e-01 2.206911e+00
9.150411e-01 46089 8.876502e+01 5.471129e+01 -1.782164e+00 3.365208e+00
9.250625e-01 46819 8.742934e+01 5.331654e+01 -7.641326e-01 1.144624e+00
9.350607e-01 47793 8.564325e+01 5.166470e+01 6.311533e-02 2.338743e+00
9.450463e-01 48697 8.489557e+01 5.065973e+01 6.822784e-01 -1.948952e+00
9.549734e-01 49443 8.354854e+01 4.931010e+01 -6.594162e-01 2.204540e+00
9.649510e-01 51097 8.270713e+01 4.827452e+01 -2.392526e+00 2.647361e+00
9.750082e-01 52453 8.173917e+01 4.717150e+01 -2.773239e-01 2.125140e+00
9.850290e-01 52947 8.059150e+01 4.598333e+01 -5.983551e-01 5.266786e-01
9.950258e-01 54193 8.020736e+01 4.524047e+01 -3.974986e-01 1.264901e+00
