# nc 324
# boxsize 6.000000e+02
# nbar 0.000000e+00
1.483274e-02 13 7.458421e+03 7.457658e+03 2.237010e+03 1.915940e+04
2.513187e-02 33 1.354385e+04 1.353904e+04 -4.080780e+03 -2.106543e+03
3.574650e-02 79 7.694556e+03 7.688976e+03 -3.618349e+02 3.020657e+02
4.583347e-02 105 5.211286e+03 5.205089e+03 4.377354e+02 1.642125e+03
5.486964e-02 145 5.137679e+03 5.128788e+03 5.730464e+01 -5.479683e+02
6.471857e-02 243 4.068445e+03 4.058756e+03 5.503305e+02 -1.887567e+03
7.503996e-02 313 3.722079e+03 3.710179e+03 2.168846e+02 5.510383e+02
8.485495e-02 369 2.985701e+03 2.973416e+03 5.898729e+02 -1.763681e+02
9.528688e-02 571 2.307994e+03 2.296125e+03 3.019974e+02 -4.525369e+02
1.059290e-01 601 2.000249e+03 1.987482e+03 7.510693e+01 -1.484159e+01
1.156806e-01 705 1.776583e+03 1.763027e+03 6.832801e+01 2.030474e+02
1.255756e-01 883 1.651698e+03 1.636914e+03 8.971788e+01 -1.570496e+02
1.352378e-01 909 1.546241e+03 1.530191e+03 -7.536279e+01 -1.031293e+01
1.449493e-01 1177 1.298763e+03 1.283296e+03 -1.060438e+01 -1.398746e+02
1.550659e-01 1323 1.098444e+03 1.083453e+03 1.051853e+02 -1.765645e+02
1.649601e-01 1453 1.050416e+03 1.034204e+03 5.492986e+01 3.546280e+01
1.749597e-01 1701 9.396522e+02 9.233678e+02 4.243358e+01 1.299498e+01
1.852437e-01 1963 9.157302e+02 8.979434e+02 5.819712e+01 -2.048607e+00
1.951071e-01 1933 8.204323e+02 8.027841e+02 -3.937644e+01 5.276590e+01
2.049888e-01 2397 7.464359e+02 7.287327e+02 6.301925e+00 4.743051e+01
2.151844e-01 2539 6.891573e+02 6.711569e+02 -1.011765e+01 -8.913667e+01
2.250745e-01 2694 6.430984e+02 6.247366e+02 5.174883e+00 2.687607e+01
2.350927e-01 3121 6.109329e+02 5.919022e+02 3.362149e+01 -1.535953e+01
2.451974e-01 3255 5.827359e+02 5.630466e+02 -2.069946e+01 1.091071e+01
2.550872e-01 3517 5.361144e+02 5.165240e+02 4.693353e+01 -2.222482e+00
2.649947e-01 3813 5.069768e+02 4.870219e+02 -5.574512e+00 -5.800041e+01
2.750606e-01 4231 4.660933e+02 4.463517e+02 1.208566e+01 1.104651e+01
2.851157e-01 4389 4.402248e+02 4.202158e+02 -1.029503e+00 2.601693e+01
2.950080e-01 4717 4.236247e+02 4.030459e+02 -4.145024e+00 -1.647418e+01
3.050474e-01 5191 4.107962e+02 3.894904e+02 -9.835661e+00 -3.667232e+00
3.151078e-01 5373 3.914769e+02 3.698501e+02 -1.825550e-01 1.617030e+01
3.251295e-01 5893 3.700405e+02 3.483135e+02 8.972824e+00 -1.879638e-01
3.352591e-01 6183 3.454319e+02 3.238956e+02 -3.529889e+00 1.956724e+00
3.451640e-01 6349 3.344937e+02 3.124348e+02 1.874461e+00 -5.410210e+00
3.550965e-01 6993 3.188467e+02 2.966292e+02 -4.822802e+00 4.219591e-01
3.649687e-01 7003 3.018227e+02 2.796551e+02 6.850110e+00 1.866936e+01
3.749450e-01 7941 2.898842e+02 2.674574e+02 -1.093885e+01 -2.549811e+01
3.851630e-01 8221 2.782523e+02 2.555863e+02 4.310677e-01 -1.478381e+01
3.951752e-01 8449 2.700412e+02 2.469291e+02 7.368464e+00 2.516607e+01
4.050872e-01 8931 2.661672e+02 2.422848e+02 -8.341260e+00 9.580164e+00
4.149904e-01 9289 2.509739e+02 2.273823e+02 -3.061182e+00 1.167721e+01
4.250484e-01 10113 2.439487e+02 2.199505e+02 -6.189980e+00 -9.780114e+00
4.350196e-01 10087 2.319430e+02 2.081000e+02 2.994024e+00 1.068454e+00
4.449689e-01 10998 2.268170e+02 2.024772e+02 3.350709e+00 -7.027586e-01
4.550136e-01 11233 2.228810e+02 1.979265e+02 -5.223872e+00 -7.333983e+00
4.650240e-01 11991 2.132395e+02 1.883709e+02 3.816191e+00 -8.095609e+00
4.750600e-01 12241 2.068452e+02 1.817338e+02 -4.560643e+00 -3.315975e+00
4.850824e-01 13033 2.035641e+02 1.778590e+02 6.116174e+00 -6.954683e+00
4.950626e-01 13227 1.955684e+02 1.699134e+02 4.745004e+00 -1.148909e+01
5.050218e-01 13993 1.912231e+02 1.651816e+02 -5.523919e-01 2.772815e+00
5.149626e-01 14301 1.827288e+02 1.569263e+02 2.566175e+00 -3.180433e+00
5.249789e-01 15355 1.786745e+02 1.525278e+02 6.701684e+00 3.385222e+00
5.350486e-01 15585 1.761289e+02 1.494346e+02 -3.636810e-01 9.743993e+00
5.451135e-01 16549 1.709552e+02 1.441362e+02 -1.373984e+00 9.718940e+00
5.551181e-01 16587 1.658261e+02 1.389273e+02 1.514368e+00 7.514616e+00
5.650424e-01 17461 1.626449e+02 1.353885e+02 1.435022e+00 4.245612e+00
5.750589e-01 18177 1.566705e+02 1.295598e+02 2.193338e+00 3.092136e+00
5.850828e-01 18739 1.528926e+02 1.255887e+02 4.027344e+00 1.426025e+00
5.950416e-01 19165 1.514011e+02 1.235251e+02 4.698730e+00 1.974213e+00
6.049746e-01 20013 1.485748e+02 1.203814e+02 1.000416e+00 -1.749440e+00
6.149470e-01 20587 1.447324e+02 1.164503e+02 1.381450e+00 -3.844969e+00
6.249968e-01 21657 1.419033e+02 1.133526e+02 -1.910806e+00 -2.760972e+00
6.350666e-01 22129 1.393360e+02 1.104902e+02 6.942473e-01 3.716024e-01
6.450498e-01 22611 1.369390e+02 1.077904e+02 2.827433e+00 1.721549e-02
6.549912e-01 23317 1.324981e+02 1.035155e+02 -8.746563e-02 -4.041381e+00
6.649535e-01 24222 1.303137e+02 1.010391e+02 1.556336e+00 1.407292e+00
6.749660e-01 24943 1.271089e+02 9.778899e+01 7.374345e-01 2.425066e+00
6.850252e-01 25921 1.276105e+02 9.740019e+01 -2.613202e+00 2.146914e+00
6.950284e-01 26253 1.231950e+02 9.328081e+01 3.541794e+00 -2.525831e+00
7.049900e-01 27139 1.206538e+02 9.062036e+01 -2.242092e+00 5.322628e+00
7.150256e-01 28185 1.202143e+02 8.954910e+01 2.219751e+00 -2.840582e-01
7.250860e-01 28969 1.166381e+02 8.615604e+01 2.028155e+00 3.551573e+00
7.350183e-01 28887 1.151832e+02 8.437261e+01 1.122505e+00 6.110590e-02
7.450018e-01 30937 1.141244e+02 8.288136e+01 2.069335e+00 1.753581e+00
7.551045e-01 31341 1.110894e+02 7.997441e+01 -2.845694e-01 2.019511e+00
7.650666e-01 31555 1.087282e+02 7.758697e+01 1.183805e+00 1.126665e+00
7.750154e-01 33025 1.076070e+02 7.610780e+01 1.060412e+00 1.491407e+00
7.850634e-01 33921 1.048742e+02 7.350212e+01 2.405547e+00 3.454807e+00
7.950596e-01 34285 1.047002e+02 7.270967e+01 2.370614e+00 -3.636365e-01
8.050450e-01 35703 1.031928e+02 7.100303e+01 -1.253739e+00 3.928871e-02
8.150563e-01 36205 1.008747e+02 6.875395e+01 -1.821267e+00 -6.390884e-01
8.250795e-01 37485 9.973332e+01 6.732963e+01 1.428177e+00 2.616103e+00
8.350885e-01 38047 9.832478e+01 6.574197e+01 -8.089325e-01 -8.487929e-02
8.450499e-01 38913 9.785973e+01 6.479707e+01 1.411518e+00 -1.835780e+00
8.550252e-01 39853 9.525742e+01 6.245671e+01 1.154419e+00 3.774773e-01
8.650455e-01 41367 9.409357e+01 6.107882e+01 1.128541e+00 -3.360982e-01
8.750680e-01 41617 9.248222e+01 5.942747e+01 6.009208e-02 -1.603206e-01
8.849916e-01 42430 9.154250e+01 5.822747e+01 -2.156086e-01 1.513755e+00
8.949944e-01 44367 9.022202e+01 5.679700e+01 9.142087e-01 -6.828900e-01
9.050336e-01 44569 8.897053e+01 5.542326e+01 1.236443e+00 8.779586e-01
9.150411e-01 46089 8.842015e+01 5.450072e+01 8.118425e-02 5.738949e-01
9.250625e-01 46819 8.659050e+01 5.280521e+01 1.488410e-01 7.928157e-01
9.350607e-01 47793 8.616938e+01 5.198225e+01 9.446710e-02 -1.066872e+00
9.450463e-01 48697 8.475277e+01 5.057225e+01 2.245461e+00 4.187844e-01
9.549734e-01 49443 8.413573e+01 4.965880e+01 1.235646e+00 1.301368e+00
9.649510e-01 51097 8.242997e+01 4.811355e+01 2.221496e+00 -3.792048e-02
9.750082e-01 52453 8.219740e+01 4.743692e+01 2.327904e-01 8.244652e-01
9.850290e-01 52947 8.063677e+01 4.600835e+01 8.323541e-01 -3.884708e-01
9.950258e-01 54193 8.044779e+01 4.537733e+01 -7.517022e-02 2.244923e-01
