# nc 324
# boxsize 6.000000e+02
# nbar 0.000000e+00
1.483274e-02 13 2.021749e+04 2.021490e+04 8.363730e+03 -3.271924e+04
2.513187e-02 33 1.153481e+04 1.153061e+04 -3.209329e+03 -6.397476e+03
3.574650e-02 79 6.576771e+03 6.572127e+03 1.691342e+02 -3.214475e+03
4.583347e-02 105 4.568247e+03 4.562812e+03 -9.117325e+02 1.381005e+02
5.486964e-02 145 4.339062e+03 4.331590e+03 1.129132e+03 3.098079e+02
6.471857e-02 243 3.869870e+03 3.860639e+03 -7.618153e+01 1.558267e+02
7.503996e-02 313 3.742987e+03 3.730930e+03 -3.086457e+02 4.878545e+02
8.485495e-02 369 2.944690e+03 2.932569e+03 1.252544e+02 4.218157e+02
9.528688e-02 571 2.270574e+03 2.258863e+03 -2.103459e+02 -1.113813e+02
1.059290e-01 601 2.054762e+03 2.041646e+03 -6.723131e+00 -3.215774e+02
1.156806e-01 705 1.959772e+03 1.944810e+03 -2.257951e+01 -3.511938e+01
1.255756e-01 883 1.647346e+03 1.632555e+03 6.828986e+01 -1.166402e+02
1.352378e-01 909 1.473950e+03 1.458644e+03 1.733059e+01 -1.108266e+02
1.449493e-01 1177 1.359008e+03 1.342782e+03 -5.187264e+01 1.058341e+02
1.550659e-01 1323 1.136824e+03 1.121343e+03 2.555090e+01 -1.227518e+02
1.649601e-01 1453 1.035255e+03 1.019277e+03 3.020054e+01 -5.748382e+01
1.749597e-01 1701 9.462863e+02 9.298458e+02 2.005472e+01 -1.148041e+02
1.852437e-01 1963 9.149524e+02 8.971744e+02 2.400535e+01 -7.796278e+01
1.951071e-01 1933 8.228627e+02 8.051524e+02 1.767870e+01 2.944287e+01
2.049888e-01 2397 7.463524e+02 7.286499e+02 -4.194354e+01 -6.931527e+01
2.151844e-01 2539 7.125424e+02 6.939341e+02 -2.306829e+00 6.975237e+00
2.250745e-01 2694 6.565229e+02 6.377635e+02 5.350717e+01 5.381393e+01
2.350927e-01 3121 6.266716e+02 6.071742e+02 2.525315e+01 -4.811901e+01
2.451974e-01 3255 5.742180e+02 5.548008e+02 3.455106e+00 7.973643e+01
2.550872e-01 3517 5.405754e+02 5.208240e+02 -7.488275e+00 3.082805e+01
2.649947e-01 3813 4.984018e+02 4.787851e+02 3.301549e+01 -3.659122e+01
2.750606e-01 4231 4.801371e+02 4.598004e+02 -9.913237e+00 4.517916e+01
2.851157e-01 4389 4.449883e+02 4.247569e+02 9.602310e+00 3.710963e+01
2.950080e-01 4717 4.258345e+02 4.051554e+02 4.220986e+01 1.114526e+01
3.050474e-01 5191 4.000756e+02 3.793209e+02 3.423567e+00 4.704864e+01
3.151078e-01 5373 3.899272e+02 3.683898e+02 -2.270943e+00 -1.058010e+01
3.251295e-01 5893 3.718426e+02 3.500051e+02 -1.990112e+00 1.494921e+01
3.352591e-01 6183 3.525634e+02 3.305930e+02 2.982645e+00 2.306341e+00
3.451640e-01 6349 3.437453e+02 3.210766e+02 9.523268e+00 3.155390e+01
3.550965e-01 6993 3.238667e+02 3.013094e+02 -3.187572e+00 -2.185206e+01
3.649687e-01 7003 3.083155e+02 2.856774e+02 -1.941981e+00 3.152775e+01
3.749450e-01 7941 2.935230e+02 2.708138e+02 3.726179e+00 6.276391e+00
3.851630e-01 8221 2.823822e+02 2.593691e+02 1.592520e-01 -1.389143e+01
3.951752e-01 8449 2.736389e+02 2.502118e+02 -6.022355e+00 6.480521e+00
4.050872e-01 8931 2.638423e+02 2.401642e+02 8.087764e+00 -8.784196e+00
4.149904e-01 9289 2.512183e+02 2.276040e+02 -1.531178e+00 2.324455e+01
4.250484e-01 10113 2.463307e+02 2.220965e+02 -3.104114e+00 -1.331097e+01
4.350196e-01 10087 2.398653e+02 2.152056e+02 -6.306611e+00 -6.658189e+00
4.449689e-01 10998 2.329789e+02 2.079741e+02 -6.505448e-01 -1.552335e+00
4.550136e-01 11233 2.265837e+02 2.012176e+02 -3.070879e+00 1.175473e+01
4.650240e-01 11991 2.164137e+02 1.911668e+02 5.186385e+00 5.786899e+00
4.750600e-01 12241 2.104317e+02 1.848804e+02 3.777462e+00 7.621596e+00
4.850824e-01 13033 2.065948e+02 1.805042e+02 1.769738e+00 -2.128327e-01
4.950626e-01 13227 1.990700e+02 1.729538e+02 3.513326e+00 -6.100800e+00
5.050218e-01 13993 1.932321e+02 1.669191e+02 5.671610e+00 -1.098997e-01
5.149626e-01 14301 1.875644e+02 1.610869e+02 2.651106e+00 9.332076e+00
5.249789e-01 15355 1.835696e+02 1.567073e+02 -5.286871e-01 3.569640e+00
5.350486e-01 15585 1.792511e+02 1.520802e+02 4.764252e-01 -5.783563e+00
5.451135e-01 16549 1.702029e+02 1.435027e+02 -2.557805e+00 -1.489651e+00
5.551181e-01 16587 1.675944e+02 1.404093e+02 6.448263e-01 1.695561e+00
5.650424e-01 17461 1.654979e+02 1.377618e+02 -7.432523e-01 2.913606e-01
5.750589e-01 18177 1.609054e+02 1.330657e+02 5.997568e-01 3.746031e+00
5.850828e-01 18739 1.587826e+02 1.304274e+02 -2.887704e+00 1.998075e-01
5.950416e-01 19165 1.534074e+02 1.251592e+02 3.254328e+00 9.309469e-01
6.049746e-01 20013 1.497790e+02 1.213587e+02 3.142566e+00 1.752572e+00
6.149470e-01 20587 1.478128e+02 1.189258e+02 -8.587206e-01 -2.537745e+00
6.249968e-01 21657 1.441537e+02 1.151521e+02 2.163233e+00 6.372190e+00
6.350666e-01 22129 1.409121e+02 1.117387e+02 1.156514e+00 -3.177473e+00
6.450498e-01 22611 1.384840e+02 1.090049e+02 -1.183955e+00 4.582088e+00
6.549912e-01 23317 1.362939e+02 1.064824e+02 1.368653e+00 3.117771e+00
6.649535e-01 24222 1.329407e+02 1.030776e+02 5.689790e-01 2.866190e+00
6.749660e-01 24943 1.298562e+02 9.990270e+01 -1.442061e+00 1.894094e+00
6.850252e-01 25921 1.285952e+02 9.815415e+01 1.176628e+00 3.527072e+00
6.950284e-01 26253 1.254588e+02 9.499543e+01 1.253314e+00 2.548463e+00
7.049900e-01 27139 1.246293e+02 9.360847e+01 -3.063778e-01 6.773617e-01
7.150256e-01 28185 1.210676e+02 9.018117e+01 -1.083699e+00 2.031157e+00
7.250860e-01 28969 1.187135e+02 8.769176e+01 -5.087850e-01 2.673423e+00
7.350183e-01 28887 1.173597e+02 8.596708e+01 -7.868287e-02 8.475130e-01
7.450018e-01 30937 1.145922e+02 8.321994e+01 -6.006143e-01 2.249203e+00
7.551045e-01 31341 1.131797e+02 8.147665e+01 2.383193e-01 1.077879e+00
7.650666e-01 31555 1.114101e+02 7.950018e+01 -1.443730e+00 2.069206e+00
7.750154e-01 33025 1.095121e+02 7.745611e+01 4.075900e+00 1.006071e+00
7.850634e-01 33921 1.080102e+02 7.569765e+01 -4.642530e-01 1.458263e+00
7.950596e-01 34285 1.062784e+02 7.380585e+01 1.667170e+00 2.578924e+00
8.050450e-01 35703 1.041972e+02 7.169337e+01 -1.488085e+00 2.562476e+00
8.150563e-01 36205 1.028640e+02 7.011205e+01 -4.505528e-01 -3.786025e-01
8.250795e-01 37485 1.011345e+02 6.827569e+01 1.179887e+00 4.782407e+00
8.350885e-01 38047 9.989066e+01 6.678878e+01 -1.321916e-01 1.790017e+00
8.450499e-01 38913 9.851752e+01 6.523227e+01 2.399275e-01 1.868999e+00
8.550252e-01 39853 9.722393e+01 6.374505e+01 4.348575e-01 3.694644e+00
8.650455e-01 41367 9.583527e+01 6.220884e+01 -4.533216e-01 -6.898266e-01
8.750680e-01 41617 9.388481e+01 6.032803e+01 -5.108155e-01 -1.079154e+00
8.849916e-01 42430 9.399881e+01 5.979100e+01 -1.840926e-02 1.404012e+00
8.949944e-01 44367 9.268260e+01 5.834672e+01 9.000234e-01 9.496586e-03
9.050336e-01 44569 9.087263e+01 5.660962e+01 -2.683287e-02 5.225129e+00
9.150411e-01 46089 9.021483e+01 5.560707e+01 -1.655779e+00 1.185884e+00
9.250625e-01 46819 8.898754e+01 5.426710e+01 -4.306452e-02 -8.524034e-01
9.350607e-01 47793 8.754604e+01 5.281149e+01 1.133910e+00 5.804507e+00
9.450463e-01 48697 8.612500e+01 5.139244e+01 -8.391846e-01 -2.963621e-01
9.549734e-01 49443 8.516753e+01 5.026650e+01 8.436970e-01 1.358589e-01
9.649510e-01 51097 8.389217e+01 4.896803e+01 5.291621e-01 -4.928250e-01
9.750082e-01 52453 8.383656e+01 4.838312e+01 -8.880404e-02 3.196028e+00
9.850290e-01 52947 8.213264e+01 4.686222e+01 -2.730141e+00 -8.064867e-02
9.950258e-01 54193 8.159904e+01 4.602560e+01 -1.996117e+00 2.445643e+00
