# nc 324
# boxsize 6.000000e+02
# nbar 0.000000e+00
1.483274e-02 13 1.503357e+04 1.503181e+04 1.544763e+03 2.161132e+04
2.513187e-02 33 1.146060e+04 1.145641e+04 6.854999e+03 -2.331291e+03
3.574650e-02 79 6.779541e+03 6.774588e+03 -1.889704e+03 -4.231749e+03
4.583347e-02 105 5.412174e+03 5.405821e+03 2.173177e+03 9.831086e+02
5.486964e-02 145 5.473042e+03 5.463584e+03 -1.732238e+03 1.739644e+03
6.471857e-02 243 4.473410e+03 4.462701e+03 -4.478094e+02 7.448485e+02
7.503996e-02 313 3.735642e+03 3.723648e+03 5.442671e+02 1.790436e+02
8.485495e-02 369 3.238546e+03 3.225293e+03 -5.183591e+02 3.501491e+02
9.528688e-02 571 2.476309e+03 2.463548e+03 3.405266e+02 5.147465e+02
1.059290e-01 601 2.160286e+03 2.146531e+03 2.352138e+02 -1.316027e+02
1.156806e-01 705 1.761189e+03 1.747773e+03 -2.968369e+02 8.606585e+01
1.255756e-01 883 1.563132e+03 1.549147e+03 -7.326694e+01 -2.576462e+02
1.352378e-01 909 1.528929e+03 1.513010e+03 4.051865e+01 1.384503e+02
1.449493e-01 1177 1.361374e+03 1.345128e+03 4.371497e+01 8.532694e+01
1.550659e-01 1323 1.159483e+03 1.143688e+03 7.410741e+01 3.161522e+01
1.649601e-01 1453 1.064613e+03 1.048199e+03 7.377460e+00 -1.179821e+02
1.749597e-01 1701 9.875466e+02 9.704125e+02 -9.652517e+00 -1.240861e+02
1.852437e-01 1963 8.981066e+02 8.806758e+02 -5.283245e+01 1.728449e+02
1.951071e-01 1933 8.432892e+02 8.251317e+02 1.274752e+01 1.063261e+02
2.049888e-01 2397 7.596476e+02 7.416099e+02 -5.154956e+01 -7.288558e+01
2.151844e-01 2539 7.028598e+02 6.844821e+02 -2.146897e+01 -5.012171e+01
2.250745e-01 2694 6.409677e+02 6.226639e+02 -4.593127e+00 9.495594e+01
2.350927e-01 3121 6.147557e+02 5.956262e+02 2.474023e+01 -4.256204e+00
2.451974e-01 3255 5.862911e+02 5.664755e+02 8.156993e+00 4.809514e+01
2.550872e-01 3517 5.442755e+02 5.243750e+02 -1.322533e-01 3.346599e+00
2.649947e-01 3813 4.903925e+02 4.710948e+02 -3.627838e+00 -2.727600e+01
2.750606e-01 4231 4.741444e+02 4.540546e+02 -1.775527e+01 5.219738e+00
2.851157e-01 4389 4.494449e+02 4.290193e+02 -2.601747e+01 5.403634e+00
2.950080e-01 4717 4.334312e+02 4.123734e+02 -5.232782e-01 -3.898026e+00
3.050474e-01 5191 4.178152e+02 3.961489e+02 -2.192636e+01 1.406142e+01
3.151078e-01 5373 3.998715e+02 3.777898e+02 -2.868853e+00 1.195671e+01
3.251295e-01 5893 3.767813e+02 3.546443e+02 8.643314e+00 1.305296e+01
3.352591e-01 6183 3.606834e+02 3.382059e+02 -8.534037e+00 1.767130e+00
3.451640e-01 6349 3.416766e+02 3.191450e+02 -1.914100e+01 -1.426922e+01
3.550965e-01 6993 3.219286e+02 2.995077e+02 4.038769e+00 -7.908886e+00
3.649687e-01 7003 3.154902e+02 2.923084e+02 9.044110e+00 7.904696e+00
3.749450e-01 7941 3.020454e+02 2.786743e+02 -8.478248e-01 8.990620e+00
3.851630e-01 8221 2.912200e+02 2.674918e+02 -1.132841e+01 -1.039062e+01
3.951752e-01 8449 2.789127e+02 2.550419e+02 -1.104868e+01 1.380368e+01
4.050872e-01 8931 2.681535e+02 2.440930e+02 -2.520273e+00 -8.861865e+00
4.149904e-01 9289 2.592646e+02 2.348947e+02 -9.397883e-01 2.457022e+00
4.250484e-01 10113 2.492790e+02 2.247578e+02 3.313343e+00 5.118932e+00
4.350196e-01 10087 2.410473e+02 2.162644e+02 -3.357297e+00 4.520917e+00
4.449689e-01 10998 2.304530e+02 2.057252e+02 -7.817381e+00 -9.683244e+00
4.550136e-01 11233 2.245988e+02 1.994475e+02 -3.168885e-01 -2.567540e-01
4.650240e-01 11991 2.138672e+02 1.889199e+02 -9.893756e-01 -1.181087e+00
4.750600e-01 12241 2.129411e+02 1.870869e+02 -2.784123e+00 7.024227e+00
4.850824e-01 13033 2.031787e+02 1.775221e+02 6.898772e-01 7.505431e+00
4.950626e-01 13227 1.977075e+02 1.717692e+02 -8.194590e+00 -4.937502e+00
5.050218e-01 13993 1.929311e+02 1.666561e+02 -8.235195e-01 3.638500e+00
5.149626e-01 14301 1.880972e+02 1.615376e+02 -6.437824e+00 5.785718e+00
5.249789e-01 15355 1.833572e+02 1.565236e+02 -2.014861e+00 1.092046e+00
5.350486e-01 15585 1.805945e+02 1.532229e+02 6.565575e-01 1.331307e+00
5.451135e-01 16549 1.738249e+02 1.465532e+02 1.647650e+00 -6.280704e+00
5.551181e-01 16587 1.702256e+02 1.426079e+02 -1.147736e+00 -3.349868e+00
5.650424e-01 17461 1.666922e+02 1.387595e+02 -4.196516e+00 -5.132393e+00
5.750589e-01 18177 1.614950e+02 1.335486e+02 8.814102e-01 3.151540e+00
5.850828e-01 18739 1.590867e+02 1.306786e+02 5.642858e+00 7.471511e-01
5.950416e-01 19165 1.530161e+02 1.248412e+02 -1.084957e+00 -2.730853e-01
6.049746e-01 20013 1.504059e+02 1.218679e+02 -2.636026e+00 2.067758e+00
6.149470e-01 20587 1.485029e+02 1.194839e+02 1.533413e+00 -2.872896e+00
6.249968e-01 21657 1.464350e+02 1.169751e+02 -2.950160e+00 3.798920e+00
6.350666e-01 22129 1.383458e+02 1.097031e+02 1.393119e+00 -1.169000e+00
6.450498e-01 22611 1.394162e+02 1.097359e+02 -4.574219e-01 4.043646e+00
6.549912e-01 23317 1.370571e+02 1.070798e+02 2.134429e+00 1.464082e+00
6.649535e-01 24222 1.344171e+02 1.042204e+02 1.854343e+00 4.516479e-01
6.749660e-01 24943 1.311014e+02 1.008581e+02 -1.637498e+00 -3.155315e+00
6.850252e-01 25921 1.280766e+02 9.775571e+01 6.684462e-01 1.411528e+00
6.950284e-01 26253 1.260987e+02 9.548021e+01 1.247458e+00 -1.390079e+00
7.049900e-01 27139 1.241711e+02 9.326305e+01 -1.084182e+00 1.516295e+00
7.150256e-01 28185 1.205241e+02 8.977868e+01 2.226315e+00 -3.031056e-01
7.250860e-01 28969 1.192592e+02 8.809354e+01 3.994346e-01 1.584992e+00
7.350183e-01 28887 1.188694e+02 8.707013e+01 5.249231e-01 1.026736e+00
7.450018e-01 30937 1.159539e+02 8.421060e+01 -6.471741e-01 4.494833e-02
7.551045e-01 31341 1.139920e+02 8.205946e+01 -2.744710e+00 3.227631e+00
7.650666e-01 31555 1.127380e+02 8.044740e+01 4.633360e-01 1.439418e+00
7.750154e-01 33025 1.107693e+02 7.834433e+01 1.490570e+00 -1.654907e+00
7.850634e-01 33921 1.080198e+02 7.570626e+01 -2.267345e+00 3.914263e+00
7.950596e-01 34285 1.061045e+02 7.368493e+01 6.580850e-01 3.863515e-01
8.050450e-01 35703 1.047219e+02 7.205180e+01 -1.444930e+00 9.016499e-01
8.150563e-01 36205 1.043926e+02 7.115508e+01 2.948086e-01 -3.447873e+00
8.250795e-01 37485 1.016880e+02 6.865094e+01 5.545748e-01 1.027482e+00
8.350885e-01 38047 1.006180e+02 6.727529e+01 1.154019e+00 4.830814e-01
8.450499e-01 38913 9.841766e+01 6.516663e+01 3.280857e-01 2.993009e+00
8.550252e-01 39853 9.742746e+01 6.387982e+01 7.095346e-01 1.840620e+00
8.650455e-01 41367 9.653534e+01 6.266186e+01 -4.677167e-01 1.865094e+00
8.750680e-01 41617 9.545520e+01 6.133694e+01 -1.612884e+00 -5.747207e-01
8.849916e-01 42430 9.400639e+01 5.979704e+01 -8.864798e-01 -3.720778e+00
8.949944e-01 44367 9.262177e+01 5.830855e+01 -9.108909e-01 -1.337852e+00
9.050336e-01 44569 9.126678e+01 5.685543e+01 3.077212e+00 1.739433e+00
9.150411e-01 46089 9.063527e+01 5.586636e+01 -1.146644e+00 -7.770269e-01
9.250625e-01 46819 8.782344e+01 5.355625e+01 8.659535e-01 -9.316619e-01
9.350607e-01 47793 8.843648e+01 5.335029e+01 2.089880e+00 9.546399e-01
9.450463e-01 48697 8.639587e+01 5.155444e+01 -2.395856e-01 -6.091270e-01
9.549734e-01 49443 8.598984e+01 5.075333e+01 -1.844343e-01 3.745962e-01
9.649510e-01 51097 8.454939e+01 4.934975e+01 2.835999e-02 -5.432173e-01
9.750082e-01 52453 8.352953e+01 4.820660e+01 5.107474e-01 -2.145245e-01
9.850290e-01 52947 8.309895e+01 4.741387e+01 7.044193e-01 1.276449e+00
9.950258e-01 54193 8.240395e+01 4.648088e+01 1.128606e+00 -1.250205e-01
