# nc 324
# boxsize 6.000000e+02
# nbar 0.000000e+00
1.483274e-02 13 7.458313e+03 7.457200e+03 -3.050695e+03 -8.454781e+03
2.513187e-02 33 1.096638e+04 1.096266e+04 -3.234409e+03 1.020289e+04
3.574650e-02 79 6.317328e+03 6.312725e+03 5.823387e+02 5.205567e+01
4.583347e-02 105 4.920676e+03 4.914765e+03 2.010235e+03 1.115989e+03
5.486964e-02 145 4.478344e+03 4.470677e+03 -7.772662e+01 1.359340e+03
6.471857e-02 243 4.150885e+03 4.141081e+03 -1.047411e+03 4.620799e+02
7.503996e-02 313 4.002319e+03 3.989527e+03 -1.333221e+03 1.090319e+02
8.485495e-02 369 2.919244e+03 2.907281e+03 7.939300e+02 4.742984e+02
9.528688e-02 571 2.296021e+03 2.284134e+03 2.588386e+02 -5.952649e+01
1.059290e-01 601 2.107594e+03 2.094178e+03 2.031586e+02 -6.467782e+01
1.156806e-01 705 1.904427e+03 1.889953e+03 1.712296e+02 2.207335e+02
1.255756e-01 883 1.746996e+03 1.731318e+03 1.167180e+01 -1.312899e+02
1.352378e-01 909 1.392565e+03 1.378098e+03 6.815807e+01 -1.801868e+01
1.449493e-01 1177 1.362693e+03 1.346467e+03 -4.259156e+01 1.016450e+02
1.550659e-01 1323 1.135818e+03 1.120331e+03 -1.583653e+01 -3.658307e+02
1.649601e-01 1453 1.047800e+03 1.031655e+03 4.679952e+01 3.090843e+01
1.749597e-01 1701 1.003525e+03 9.861125e+02 -6.521493e+01 -1.181168e+02
1.852437e-01 1963 9.349385e+02 9.167814e+02 6.788392e+01 -9.923721e+01
1.951071e-01 1933 8.060286e+02 7.886823e+02 -6.632682e+01 3.196997e+01
2.049888e-01 2397 7.546941e+02 7.367976e+02 3.841253e+01 -2.033489e+00
2.151844e-01 2539 6.774530e+02 6.597532e+02 -4.218784e+00 -9.634677e+01
2.250745e-01 2694 6.493213e+02 6.307836e+02 3.435823e+01 1.477429e+01
2.350927e-01 3121 6.101402e+02 5.911541e+02 9.668802e+00 -1.999292e+01
2.451974e-01 3255 5.807357e+02 5.611030e+02 1.134459e+01 -2.758844e+01
2.550872e-01 3517 5.191247e+02 5.001529e+02 2.609392e+01 4.479909e+01
2.649947e-01 3813 4.934238e+02 4.739985e+02 1.147748e+01 1.030181e+01
2.750606e-01 4231 4.714891e+02 4.515092e+02 2.399555e+01 5.628578e+01
2.851157e-01 4389 4.404853e+02 4.204631e+02 1.207736e+01 -1.466882e+01
2.950080e-01 4717 4.260707e+02 4.053633e+02 2.005871e+00 -4.700220e+00
3.050474e-01 5191 4.036561e+02 3.827174e+02 3.521173e+00 9.539279e+00
3.151078e-01 5373 3.742240e+02 3.535438e+02 1.052703e+00 1.669170e+01
3.251295e-01 5893 3.694379e+02 3.477444e+02 5.333839e+00 6.181388e+00
3.352591e-01 6183 3.527434e+02 3.307545e+02 -2.221920e+00 1.161217e+01
3.451640e-01 6349 3.357552e+02 3.136120e+02 -2.739143e+00 2.068863e+01
3.550965e-01 6993 3.229434e+02 3.004463e+02 4.825168e+00 -1.561320e+01
3.649687e-01 7003 3.099492e+02 2.871804e+02 3.255198e+00 7.664959e+00
3.749450e-01 7941 2.966513e+02 2.737000e+02 1.933371e+00 -6.996020e+00
3.851630e-01 8221 2.844785e+02 2.612868e+02 -5.830073e+00 -1.237878e+01
3.951752e-01 8449 2.767178e+02 2.530300e+02 1.144912e+01 1.866904e+00
4.050872e-01 8931 2.643931e+02 2.406606e+02 6.062781e+00 -9.646352e+00
4.149904e-01 9289 2.551260e+02 2.311482e+02 3.783585e+00 3.891534e+00
4.250484e-01 10113 2.454953e+02 2.213470e+02 8.599255e+00 -9.317180e+00
4.350196e-01 10087 2.336453e+02 2.096247e+02 6.398941e+00 1.403403e+01
4.449689e-01 10998 2.271873e+02 2.028022e+02 4.266680e+00 -2.483187e+00
4.550136e-01 11233 2.237127e+02 1.986675e+02 -5.275364e+00 -2.602349e+00
4.650240e-01 11991 2.149615e+02 1.898860e+02 2.587412e+00 -4.568088e+00
4.750600e-01 12241 2.085071e+02 1.831910e+02 1.460119e-01 5.648499e+00
4.850824e-01 13033 2.040804e+02 1.783069e+02 -6.938354e+00 -5.754968e-01
4.950626e-01 13227 1.974153e+02 1.715138e+02 -5.981240e-01 -1.250346e+01
5.050218e-01 13993 1.921406e+02 1.659794e+02 2.999389e+00 -4.190950e+00
5.149626e-01 14301 1.860960e+02 1.598171e+02 -1.616002e+00 -3.766073e+00
5.249789e-01 15355 1.799092e+02 1.535831e+02 -3.342780e-01 -1.748279e+00
5.350486e-01 15585 1.753651e+02 1.487846e+02 6.210483e+00 -1.876357e+00
5.451135e-01 16549 1.731934e+02 1.460231e+02 -1.707147e+00 -4.162461e+00
5.551181e-01 16587 1.679324e+02 1.406898e+02 -5.034277e-01 6.604033e+00
5.650424e-01 17461 1.639319e+02 1.364595e+02 4.419354e-01 -4.549302e+00
5.750589e-01 18177 1.607354e+02 1.329240e+02 1.387122e+00 -3.208920e+00
5.850828e-01 18739 1.580150e+02 1.297981e+02 -4.427879e-02 1.223672e+00
5.950416e-01 19165 1.525307e+02 1.244450e+02 2.123936e+00 -8.146487e-01
6.049746e-01 20013 1.504197e+02 1.218808e+02 -2.458742e+00 4.926346e-01
6.149470e-01 20587 1.465679e+02 1.179262e+02 3.753618e+00 -4.491302e+00
6.249968e-01 21657 1.439241e+02 1.149703e+02 -1.748483e+00 1.995056e+00
6.350666e-01 22129 1.412220e+02 1.119856e+02 2.266584e+00 2.955189e+00
6.450498e-01 22611 1.363494e+02 1.073255e+02 2.161899e+00 -1.837680e+00
6.549912e-01 23317 1.351699e+02 1.056030e+02 1.644108e+00 4.504443e+00
6.649535e-01 24222 1.321428e+02 1.024554e+02 4.802696e+00 -1.222230e+00
6.749660e-01 24943 1.290488e+02 9.928255e+01 1.319771e-01 5.432426e+00
6.850252e-01 25921 1.274563e+02 9.728341e+01 2.864264e-03 -3.519228e+00
6.950284e-01 26253 1.264200e+02 9.572331e+01 -9.364641e-01 1.244112e+00
7.049900e-01 27139 1.217373e+02 9.143771e+01 4.953209e-03 -1.438784e+00
7.150256e-01 28185 1.203567e+02 8.965498e+01 2.268332e+00 -3.149704e+00
7.250860e-01 28969 1.186798e+02 8.766934e+01 -1.577086e+00 -1.616394e+00
7.350183e-01 28887 1.154424e+02 8.456083e+01 -5.637506e-01 -2.250734e+00
7.450018e-01 30937 1.146994e+02 8.329785e+01 3.825281e+00 1.542868e+00
7.551045e-01 31341 1.118215e+02 8.049868e+01 -1.222443e+00 3.259690e-01
7.650666e-01 31555 1.104548e+02 7.882040e+01 3.681980e+00 1.625673e+00
7.750154e-01 33025 1.086265e+02 7.682964e+01 -2.026602e-01 -7.897744e-01
7.850634e-01 33921 1.068742e+02 7.490388e+01 -5.440031e-01 1.665168e+00
7.950596e-01 34285 1.044849e+02 7.256030e+01 -4.580863e-01 -4.767245e-01
8.050450e-01 35703 1.029430e+02 7.083152e+01 -1.795552e-02 -2.010512e+00
8.150563e-01 36205 1.019587e+02 6.949316e+01 2.208346e-01 -1.241961e+00
8.250795e-01 37485 1.000601e+02 6.755142e+01 -1.007305e+00 -1.213431e+00
8.350885e-01 38047 9.924420e+01 6.635516e+01 2.227968e+00 -2.981716e-01
8.450499e-01 38913 9.789662e+01 6.482285e+01 8.332235e-01 -1.671154e+00
8.550252e-01 39853 9.680428e+01 6.346953e+01 -1.489372e+00 -6.008582e-02
8.650455e-01 41367 9.522637e+01 6.181522e+01 1.687166e+00 6.944152e-01
8.750680e-01 41617 9.385962e+01 6.031343e+01 -6.344482e-01 -3.372825e+00
8.849916e-01 42430 9.175507e+01 5.836428e+01 -5.429059e-01 -9.647601e-01
8.949944e-01 44367 9.179513e+01 5.778823e+01 7.491312e-02 5.669352e-01
9.050336e-01 44569 8.957077e+01 5.579738e+01 -2.527199e-01 9.147601e-01
9.150411e-01 46089 8.964308e+01 5.525451e+01 1.892688e-02 9.771491e-01
9.250625e-01 46819 8.662929e+01 5.282920e+01 1.052942e+00 -1.035751e+00
9.350607e-01 47793 8.658179e+01 5.223190e+01 3.067142e-01 -5.194739e-01
9.450463e-01 48697 8.537099e+01 5.094331e+01 1.416192e+00 -4.950653e-01
9.549734e-01 49443 8.514606e+01 5.025494e+01 5.980798e-01 -1.676064e-01
9.649510e-01 51097 8.323270e+01 4.858271e+01 -1.698909e-01 4.635673e-01
9.750082e-01 52453 8.216093e+01 4.741577e+01 -1.215729e+00 -3.482803e-01
9.850290e-01 52947 8.140450e+01 4.644741e+01 -5.080644e-01 -1.504094e+00
9.950258e-01 54193 8.064572e+01 4.548857e+01 -7.017524e-01 -2.340083e-01
