# sigma2_v 8.713033698214755e+00
0.000000e+00 1.000000e+00
1.000000e-02 9.995644e-01
2.000000e-02 9.982590e-01
3.000000e-02 9.960870e-01
4.000000e-02 9.930545e-01
5.000000e-02 9.891695e-01
6.000000e-02 9.844424e-01
7.000000e-02 9.788858e-01
8.000000e-02 9.725144e-01
9.000000e-02 9.653450e-01
1.000000e-01 9.573964e-01
1.100000e-01 9.486893e-01
1.200000e-01 9.392462e-01
1.300000e-01 9.290913e-01
1.400000e-01 9.182505e-01
1.500000e-01 9.067510e-01
1.600000e-01 8.946216e-01
1.700000e-01 8.818920e-01
1.800000e-01 8.685933e-01
1.900000e-01 8.547576e-01
2.000000e-01 8.404175e-01
2.100000e-01 8.256067e-01
2.200000e-01 8.103591e-01
2.300000e-01 7.947095e-01
2.400000e-01 7.786925e-01
2.500000e-01 7.623433e-01
2.600000e-01 7.456969e-01
2.700000e-01 7.287882e-01
2.800000e-01 7.116521e-01
2.900000e-01 6.943231e-01
3.000000e-01 6.768352e-01
3.100000e-01 6.592219e-01
3.200000e-01 6.415161e-01
3.300000e-01 6.237501e-01
3.400000e-01 6.059552e-01
3.500000e-01 5.881619e-01
3.600000e-01 5.703998e-01
3.700000e-01 5.526973e-01
3.800000e-01 5.350818e-01
3.900000e-01 5.175798e-01
4.000000e-01 5.002162e-01
4.100000e-01 4.830150e-01
4.200000e-01 4.659989e-01
4.300000e-01 4.491892e-01
4.400000e-01 4.326060e-01
4.500000e-01 4.162680e-01
4.600000e-01 4.001929e-01
4.700000e-01 3.843966e-01
4.800000e-01 3.688942e-01
4.900000e-01 3.536991e-01
5.000000e-01 3.388235e-01
5.100000e-01 3.242787e-01
5.200000e-01 3.100742e-01
5.300000e-01 2.962186e-01
5.400000e-01 2.827194e-01
5.500000e-01 2.695828e-01
5.600000e-01 2.568137e-01
5.700000e-01 2.444164e-01
5.800000e-01 2.323936e-01
5.900000e-01 2.207475e-01
6.000000e-01 2.094790e-01
6.100000e-01 1.985883e-01
6.200000e-01 1.880745e-01
6.300000e-01 1.779361e-01
6.400000e-01 1.681708e-01
6.500000e-01 1.587754e-01
6.600000e-01 1.497462e-01
6.700000e-01 1.410787e-01
6.800000e-01 1.327680e-01
6.900000e-01 1.248086e-01
7.000000e-01 1.171942e-01
7.100000e-01 1.099186e-01
7.200000e-01 1.029747e-01
7.300000e-01 9.635520e-02
7.400000e-01 9.005255e-02
7.500000e-01 8.405880e-02
7.600000e-01 7.836579e-02
7.700000e-01 7.296513e-02
7.800000e-01 6.784825e-02
7.900000e-01 6.300645e-02
8.000000e-01 5.843091e-02
8.100000e-01 5.411271e-02
8.200000e-01 5.004291e-02
8.300000e-01 4.621252e-02
8.400000e-01 4.261257e-02
8.500000e-01 3.923411e-02
8.600000e-01 3.606824e-02
8.700000e-01 3.310615e-02
8.800000e-01 3.033910e-02
8.900000e-01 2.775848e-02
9.000000e-01 2.535581e-02
9.100000e-01 2.312275e-02
9.200000e-01 2.105111e-02
9.300000e-01 1.913291e-02
9.400000e-01 1.736033e-02
9.500000e-01 1.572573e-02
9.600000e-01 1.422171e-02
9.700000e-01 1.284105e-02
9.800000e-01 1.157678e-02
9.900000e-01 1.042213e-02
1.000000e+00 9.370564e-03
1.010000e+00 8.415779e-03
1.020000e+00 7.551705e-03
1.030000e+00 6.772506e-03
1.040000e+00 6.072581e-03
1.050000e+00 5.446561e-03
1.060000e+00 4.889311e-03
1.070000e+00 4.395927e-03
1.080000e+00 3.961731e-03
1.090000e+00 3.582269e-03
1.100000e+00 3.253309e-03
1.110000e+00 2.970833e-03
1.120000e+00 2.731035e-03
1.130000e+00 2.530314e-03
1.140000e+00 2.365269e-03
1.150000e+00 2.232693e-03
1.160000e+00 2.129569e-03
1.170000e+00 2.053060e-03
1.180000e+00 2.000503e-03
1.190000e+00 1.969407e-03
1.200000e+00 1.957442e-03
1.210000e+00 1.962431e-03
1.220000e+00 1.982350e-03
1.230000e+00 2.015313e-03
1.240000e+00 2.059573e-03
1.250000e+00 2.113509e-03
1.260000e+00 2.175626e-03
1.270000e+00 2.244541e-03
1.280000e+00 2.318985e-03
1.290000e+00 2.397791e-03
1.300000e+00 2.479891e-03
1.310000e+00 2.564308e-03
1.320000e+00 2.650153e-03
1.330000e+00 2.736618e-03
1.340000e+00 2.822972e-03
1.350000e+00 2.908554e-03
1.360000e+00 2.992770e-03
1.370000e+00 3.075088e-03
1.380000e+00 3.155033e-03
1.390000e+00 3.232184e-03
1.400000e+00 3.306169e-03
1.410000e+00 3.376659e-03
1.420000e+00 3.443371e-03
1.430000e+00 3.506058e-03
1.440000e+00 3.564508e-03
1.450000e+00 3.618542e-03
1.460000e+00 3.668010e-03
1.470000e+00 3.712791e-03
1.480000e+00 3.752785e-03
1.490000e+00 3.787918e-03
1.500000e+00 3.818135e-03
1.510000e+00 3.843400e-03
1.520000e+00 3.863695e-03
1.530000e+00 3.879016e-03
1.540000e+00 3.889377e-03
1.550000e+00 3.894803e-03
1.560000e+00 3.895332e-03
1.570000e+00 3.891017e-03
1.580000e+00 3.881919e-03
1.590000e+00 3.868111e-03
1.600000e+00 3.849679e-03
1.610000e+00 3.826716e-03
1.620000e+00 3.799327e-03
1.630000e+00 3.767627e-03
1.640000e+00 3.731740e-03
1.650000e+00 3.691801e-03
1.660000e+00 3.647953e-03
1.670000e+00 3.600349e-03
1.680000e+00 3.549150e-03
1.690000e+00 3.494529e-03
1.700000e+00 3.436664e-03
1.710000e+00 3.375743e-03
1.720000e+00 3.311961e-03
1.730000e+00 3.245522e-03
1.740000e+00 3.176635e-03
1.750000e+00 3.105514e-03
1.760000e+00 3.032379e-03
1.770000e+00 2.957456e-03
1.780000e+00 2.880970e-03
1.790000e+00 2.803152e-03
1.800000e+00 2.724231e-03
1.810000e+00 2.644439e-03
1.820000e+00 2.564002e-03
1.830000e+00 2.483149e-03
1.840000e+00 2.402099e-03
1.850000e+00 2.321071e-03
1.860000e+00 2.240275e-03
1.870000e+00 2.159914e-03
1.880000e+00 2.080183e-03
1.890000e+00 2.001266e-03
1.900000e+00 1.923339e-03
1.910000e+00 1.846565e-03
1.920000e+00 1.771093e-03
1.930000e+00 1.697065e-03
1.940000e+00 1.624604e-03
1.950000e+00 1.553822e-03
1.960000e+00 1.484819e-03
1.970000e+00 1.417680e-03
1.980000e+00 1.352475e-03
1.990000e+00 1.289262e-03
2.000000e+00 1.228087e-03
2.010000e+00 1.168981e-03
2.020000e+00 1.111965e-03
2.030000e+00 1.057047e-03
2.040000e+00 1.004225e-03
2.050000e+00 9.534858e-04
2.060000e+00 9.048081e-04
2.070000e+00 8.581613e-04
2.080000e+00 8.135071e-04
2.090000e+00 7.708005e-04
2.100000e+00 7.299900e-04
2.110000e+00 6.910193e-04
2.120000e+00 6.538270e-04
2.130000e+00 6.183484e-04
2.140000e+00 5.845154e-04
2.150000e+00 5.522574e-04
2.160000e+00 5.215022e-04
2.170000e+00 4.921763e-04
2.180000e+00 4.642054e-04
2.190000e+00 4.375150e-04
2.200000e+00 4.120308e-04
2.210000e+00 3.876792e-04
2.220000e+00 3.643876e-04
2.230000e+00 3.420848e-04
2.240000e+00 3.207014e-04
2.250000e+00 3.001702e-04
2.260000e+00 2.804263e-04
2.270000e+00 2.614078e-04
2.280000e+00 2.430559e-04
2.290000e+00 2.253152e-04
2.300000e+00 2.081345e-04
2.310000e+00 1.914664e-04
2.320000e+00 1.752685e-04
2.330000e+00 1.595032e-04
2.340000e+00 1.441381e-04
2.350000e+00 1.291466e-04
2.360000e+00 1.145082e-04
2.370000e+00 1.002084e-04
2.380000e+00 8.623920e-05
2.390000e+00 7.259949e-05
2.400000e+00 5.929483e-05
2.410000e+00 4.633767e-05
2.420000e+00 3.374733e-05
2.430000e+00 2.154984e-05
2.440000e+00 9.777817e-06
2.450000e+00 -1.529914e-06
2.460000e+00 -1.232868e-05
2.470000e+00 -2.256847e-05
2.480000e+00 -3.219457e-05
2.490000e+00 -4.114824e-05
2.500000e+00 -4.936751e-05
2.510000e+00 -5.678811e-05
2.520000e+00 -6.334438e-05
2.530000e+00 -6.897032e-05
2.540000e+00 -7.360065e-05
2.550000e+00 -7.717192e-05
2.560000e+00 -7.962359e-05
2.570000e+00 -8.089917e-05
2.580000e+00 -8.094730e-05
2.590000e+00 -7.972278e-05
2.600000e+00 -7.718756e-05
2.610000e+00 -7.331163e-05
2.620000e+00 -6.807380e-05
2.630000e+00 -6.146244e-05
2.640000e+00 -5.347599e-05
2.650000e+00 -4.412342e-05
2.660000e+00 -3.342446e-05
2.670000e+00 -2.140977e-05
2.680000e+00 -8.120878e-06
2.690000e+00 6.389993e-06
2.700000e+00 2.206029e-05
2.710000e+00 3.881761e-05
2.720000e+00 5.658033e-05
2.730000e+00 7.525837e-05
2.740000e+00 9.475409e-05
2.750000e+00 1.149632e-04
2.760000e+00 1.357759e-04
2.770000e+00 1.570779e-04
2.780000e+00 1.787516e-04
2.790000e+00 2.006774e-04
2.800000e+00 2.227347e-04
2.810000e+00 2.448031e-04
2.820000e+00 2.667637e-04
2.830000e+00 2.884996e-04
2.840000e+00 3.098978e-04
2.850000e+00 3.308493e-04
2.860000e+00 3.512502e-04
2.870000e+00 3.710023e-04
2.880000e+00 3.900138e-04
2.890000e+00 4.081998e-04
2.900000e+00 4.254821e-04
2.910000e+00 4.417901e-04
2.920000e+00 4.570602e-04
2.930000e+00 4.712361e-04
2.940000e+00 4.842687e-04
2.950000e+00 4.961155e-04
2.960000e+00 5.067403e-04
2.970000e+00 5.161132e-04
2.980000e+00 5.242093e-04
2.990000e+00 5.310089e-04
3.000000e+00 5.364962e-04
3.010000e+00 5.406594e-04
3.020000e+00 5.434895e-04
3.030000e+00 5.449799e-04
3.040000e+00 5.451259e-04
3.050000e+00 5.439240e-04
3.060000e+00 5.413715e-04
3.070000e+00 5.374657e-04
3.080000e+00 5.322043e-04
3.090000e+00 5.255841e-04
3.100000e+00 5.176017e-04
3.110000e+00 5.082524e-04
3.120000e+00 4.975311e-04
3.130000e+00 4.854315e-04
3.140000e+00 4.719466e-04
3.150000e+00 4.570689e-04
3.160000e+00 4.407902e-04
3.170000e+00 4.231025e-04
3.180000e+00 4.039980e-04
3.190000e+00 3.834695e-04
3.200000e+00 3.615109e-04
3.210000e+00 3.381179e-04
3.220000e+00 3.132883e-04
3.230000e+00 2.870226e-04
3.240000e+00 2.593244e-04
3.250000e+00 2.302014e-04
3.260000e+00 1.996654e-04
3.270000e+00 1.677331e-04
3.280000e+00 1.344268e-04
3.290000e+00 9.977443e-05
3.300000e+00 6.381022e-05
3.310000e+00 2.657510e-05
3.320000e+00 -1.188311e-05
3.330000e+00 -5.150932e-05
3.340000e+00 -9.224111e-05
3.350000e+00 -1.340085e-04
3.360000e+00 -1.767341e-04
3.370000e+00 -2.203328e-04
3.380000e+00 -2.647126e-04
3.390000e+00 -3.097740e-04
3.400000e+00 -3.554110e-04
3.410000e+00 -4.015113e-04
3.420000e+00 -4.479566e-04
3.430000e+00 -4.946237e-04
3.440000e+00 -5.413848e-04
3.450000e+00 -5.881084e-04
3.460000e+00 -6.346603e-04
3.470000e+00 -6.809046e-04
3.480000e+00 -7.267042e-04
3.490000e+00 -7.719227e-04
3.500000e+00 -8.164249e-04
3.510000e+00 -8.600783e-04
3.520000e+00 -9.027541e-04
3.530000e+00 -9.443285e-04
3.540000e+00 -9.846837e-04
3.550000e+00 -1.023709e-03
3.560000e+00 -1.061304e-03
3.570000e+00 -1.097375e-03
3.580000e+00 -1.131840e-03
3.590000e+00 -1.164629e-03
3.600000e+00 -1.195683e-03
3.610000e+00 -1.224957e-03
3.620000e+00 -1.252419e-03
3.630000e+00 -1.278050e-03
3.640000e+00 -1.301845e-03
3.650000e+00 -1.323813e-03
3.660000e+00 -1.343977e-03
3.670000e+00 -1.362374e-03
3.680000e+00 -1.379053e-03
3.690000e+00 -1.394074e-03
3.700000e+00 -1.407511e-03
3.710000e+00 -1.419446e-03
3.720000e+00 -1.429973e-03
3.730000e+00 -1.439190e-03
3.740000e+00 -1.447205e-03
3.750000e+00 -1.454129e-03
3.760000e+00 -1.460077e-03
3.770000e+00 -1.465167e-03
3.780000e+00 -1.469516e-03
3.790000e+00 -1.473240e-03
3.800000e+00 -1.476453e-03
3.810000e+00 -1.479263e-03
3.820000e+00 -1.481776e-03
3.830000e+00 -1.484088e-03
3.840000e+00 -1.486288e-03
3.850000e+00 -1.488457e-03
3.860000e+00 -1.490666e-03
3.870000e+00 -1.492975e-03
3.880000e+00 -1.495435e-03
3.890000e+00 -1.498087e-03
3.900000e+00 -1.500959e-03
3.910000e+00 -1.504072e-03
3.920000e+00 -1.507434e-03
3.930000e+00 -1.511046e-03
3.940000e+00 -1.514901e-03
3.950000e+00 -1.518983e-03
3.960000e+00 -1.523271e-03
3.970000e+00 -1.527738e-03
3.980000e+00 -1.532356e-03
3.990000e+00 -1.537090e-03
4.000000e+00 -1.541908e-03
4.010000e+00 -1.546776e-03
4.020000e+00 -1.551662e-03
4.030000e+00 -1.556537e-03
4.040000e+00 -1.561376e-03
4.050000e+00 -1.566156e-03
4.060000e+00 -1.570864e-03
4.070000e+00 -1.575490e-03
4.080000e+00 -1.580031e-03
4.090000e+00 -1.584492e-03
4.100000e+00 -1.588884e-03
4.110000e+00 -1.593225e-03
4.120000e+00 -1.597540e-03
4.130000e+00 -1.601860e-03
4.140000e+00 -1.606221e-03
4.150000e+00 -1.610663e-03
4.160000e+00 -1.615232e-03
4.170000e+00 -1.619973e-03
4.180000e+00 -1.624936e-03
4.190000e+00 -1.630168e-03
4.200000e+00 -1.635716e-03
4.210000e+00 -1.641625e-03
4.220000e+00 -1.647936e-03
4.230000e+00 -1.654684e-03
4.240000e+00 -1.661900e-03
4.250000e+00 -1.669607e-03
4.260000e+00 -1.677818e-03
4.270000e+00 -1.686541e-03
4.280000e+00 -1.695772e-03
4.290000e+00 -1.705499e-03
4.300000e+00 -1.715699e-03
4.310000e+00 -1.726339e-03
4.320000e+00 -1.737379e-03
4.330000e+00 -1.748766e-03
4.340000e+00 -1.760441e-03
4.350000e+00 -1.772336e-03
4.360000e+00 -1.784377e-03
4.370000e+00 -1.796482e-03
4.380000e+00 -1.808568e-03
4.390000e+00 -1.820544e-03
4.400000e+00 -1.832319e-03
4.410000e+00 -1.843803e-03
4.420000e+00 -1.854902e-03
4.430000e+00 -1.865527e-03
4.440000e+00 -1.875592e-03
4.450000e+00 -1.885016e-03
4.460000e+00 -1.893720e-03
4.470000e+00 -1.901636e-03
4.480000e+00 -1.908701e-03
4.490000e+00 -1.914860e-03
4.500000e+00 -1.920070e-03
4.510000e+00 -1.924293e-03
4.520000e+00 -1.927504e-03
4.530000e+00 -1.929686e-03
4.540000e+00 -1.930831e-03
4.550000e+00 -1.930943e-03
4.560000e+00 -1.930032e-03
4.570000e+00 -1.928117e-03
4.580000e+00 -1.925227e-03
4.590000e+00 -1.921394e-03
4.600000e+00 -1.916659e-03
4.610000e+00 -1.911067e-03
4.620000e+00 -1.904665e-03
4.630000e+00 -1.897506e-03
4.640000e+00 -1.889641e-03
4.650000e+00 -1.881126e-03
4.660000e+00 -1.872012e-03
4.670000e+00 -1.862352e-03
4.680000e+00 -1.852194e-03
4.690000e+00 -1.841583e-03
4.700000e+00 -1.830562e-03
4.710000e+00 -1.819166e-03
4.720000e+00 -1.807428e-03
4.730000e+00 -1.795373e-03
4.740000e+00 -1.783020e-03
4.750000e+00 -1.770384e-03
4.760000e+00 -1.757471e-03
4.770000e+00 -1.744283e-03
4.780000e+00 -1.730817e-03
4.790000e+00 -1.717061e-03
4.800000e+00 -1.703003e-03
4.810000e+00 -1.688622e-03
4.820000e+00 -1.673897e-03
4.830000e+00 -1.658802e-03
4.840000e+00 -1.643311e-03
4.850000e+00 -1.627394e-03
4.860000e+00 -1.611023e-03
4.870000e+00 -1.594169e-03
4.880000e+00 -1.576806e-03
4.890000e+00 -1.558908e-03
4.900000e+00 -1.540454e-03
4.910000e+00 -1.521425e-03
4.920000e+00 -1.501808e-03
4.930000e+00 -1.481595e-03
4.940000e+00 -1.460782e-03
4.950000e+00 -1.439372e-03
4.960000e+00 -1.417374e-03
4.970000e+00 -1.394804e-03
4.980000e+00 -1.371683e-03
4.990000e+00 -1.348040e-03
5.000000e+00 -1.323910e-03
5.010000e+00 -1.299333e-03
5.020000e+00 -1.274356e-03
5.030000e+00 -1.249030e-03
5.040000e+00 -1.223412e-03
5.050000e+00 -1.197563e-03
5.060000e+00 -1.171545e-03
5.070000e+00 -1.145424e-03
5.080000e+00 -1.119269e-03
5.090000e+00 -1.093147e-03
5.100000e+00 -1.067126e-03
5.110000e+00 -1.041273e-03
5.120000e+00 -1.015652e-03
5.130000e+00 -9.903268e-04
5.140000e+00 -9.653538e-04
5.150000e+00 -9.407868e-04
5.160000e+00 -9.166739e-04
5.170000e+00 -8.930572e-04
5.180000e+00 -8.699722e-04
5.190000e+00 -8.474475e-04
5.200000e+00 -8.255041e-04
5.210000e+00 -8.041557e-04
5.220000e+00 -7.834080e-04
5.230000e+00 -7.632591e-04
5.240000e+00 -7.436994e-04
5.250000e+00 -7.247122e-04
5.260000e+00 -7.062737e-04
5.270000e+00 -6.883537e-04
5.280000e+00 -6.709160e-04
5.290000e+00 -6.539195e-04
5.300000e+00 -6.373186e-04
5.310000e+00 -6.210641e-04
5.320000e+00 -6.051043e-04
5.330000e+00 -5.893858e-04
5.340000e+00 -5.738545e-04
5.350000e+00 -5.584567e-04
5.360000e+00 -5.431399e-04
5.370000e+00 -5.278539e-04
5.380000e+00 -5.125514e-04
5.390000e+00 -4.971894e-04
5.400000e+00 -4.817294e-04
5.410000e+00 -4.661384e-04
5.420000e+00 -4.503894e-04
5.430000e+00 -4.344618e-04
5.440000e+00 -4.183420e-04
5.450000e+00 -4.020232e-04
5.460000e+00 -3.855061e-04
5.470000e+00 -3.687982e-04
5.480000e+00 -3.519143e-04
5.490000e+00 -3.348759e-04
5.500000e+00 -3.177108e-04
5.510000e+00 -3.004530e-04
5.520000e+00 -2.831415e-04
5.530000e+00 -2.658205e-04
5.540000e+00 -2.485379e-04
5.550000e+00 -2.313452e-04
5.560000e+00 -2.142962e-04
5.570000e+00 -1.974466e-04
5.580000e+00 -1.808531e-04
5.590000e+00 -1.645722e-04
5.600000e+00 -1.486601e-04
5.610000e+00 -1.331717e-04
5.620000e+00 -1.181597e-04
5.630000e+00 -1.036742e-04
5.640000e+00 -8.976220e-05
5.650000e+00 -7.646702e-05
5.660000e+00 -6.382797e-05
5.670000e+00 -5.188000e-05
5.680000e+00 -4.065352e-05
5.690000e+00 -3.017421e-05
5.700000e+00 -2.046296e-05
5.710000e+00 -1.153585e-05
5.720000e+00 -3.404227e-06
5.730000e+00 3.925206e-06
5.740000e+00 1.045024e-05
5.750000e+00 1.617299e-05
5.760000e+00 2.109965e-05
5.770000e+00 2.524033e-05
5.780000e+00 2.860880e-05
5.790000e+00 3.122229e-05
5.800000e+00 3.310128e-05
5.810000e+00 3.426932e-05
5.820000e+00 3.475291e-05
5.830000e+00 3.458130e-05
5.840000e+00 3.378648e-05
5.850000e+00 3.240304e-05
5.860000e+00 3.046820e-05
5.870000e+00 2.802172e-05
5.880000e+00 2.510599e-05
5.890000e+00 2.176597e-05
5.900000e+00 1.804929e-05
5.910000e+00 1.400619e-05
5.920000e+00 9.689602e-06
5.930000e+00 5.155098e-06
5.940000e+00 4.608463e-07
5.950000e+00 -4.332466e-06
5.960000e+00 -9.161769e-06
5.970000e+00 -1.396180e-05
5.980000e+00 -1.866533e-05
5.990000e+00 -2.320352e-05
6.000000e+00 -2.750626e-05
6.010000e+00 -3.150260e-05
6.020000e+00 -3.512132e-05
6.030000e+00 -3.829140e-05
6.040000e+00 -4.094272e-05
6.050000e+00 -4.300665e-05
6.060000e+00 -4.441679e-05
6.070000e+00 -4.510963e-05
6.080000e+00 -4.502531e-05
6.090000e+00 -4.410828e-05
6.100000e+00 -4.230802e-05
6.110000e+00 -3.957965e-05
6.120000e+00 -3.588453e-05
6.130000e+00 -3.119079e-05
6.140000e+00 -2.547374e-05
6.150000e+00 -1.871619e-05
6.160000e+00 -1.090875e-05
6.170000e+00 -2.049875e-06
6.180000e+00 7.854100e-06
6.190000e+00 1.878910e-05
6.200000e+00 3.073353e-05
6.210000e+00 4.365871e-05
6.220000e+00 5.752928e-05
6.230000e+00 7.230384e-05
6.240000e+00 8.793563e-05
6.250000e+00 1.043733e-04
6.260000e+00 1.215616e-04
6.270000e+00 1.394427e-04
6.280000e+00 1.579565e-04
6.290000e+00 1.770420e-04
6.300000e+00 1.966379e-04
6.310000e+00 2.166838e-04
6.320000e+00 2.371207e-04
6.330000e+00 2.578919e-04
6.340000e+00 2.789436e-04
6.350000e+00 3.002256e-04
6.360000e+00 3.216915e-04
6.370000e+00 3.432990e-04
6.380000e+00 3.650104e-04
6.390000e+00 3.867922e-04
6.400000e+00 4.086152e-04
6.410000e+00 4.304542e-04
6.420000e+00 4.522874e-04
6.430000e+00 4.740963e-04
6.440000e+00 4.958647e-04
6.450000e+00 5.175781e-04
6.460000e+00 5.392228e-04
6.470000e+00 5.607851e-04
6.480000e+00 5.822505e-04
6.490000e+00 6.036026e-04
6.500000e+00 6.248222e-04
6.510000e+00 6.458865e-04
6.520000e+00 6.667683e-04
6.530000e+00 6.874352e-04
6.540000e+00 7.078491e-04
6.550000e+00 7.279653e-04
6.560000e+00 7.477326e-04
6.570000e+00 7.670929e-04
6.580000e+00 7.859809e-04
6.590000e+00 8.043247e-04
6.600000e+00 8.220453e-04
6.610000e+00 8.390579e-04
6.620000e+00 8.552721e-04
6.630000e+00 8.705924e-04
6.640000e+00 8.849197e-04
6.650000e+00 8.981520e-04
6.660000e+00 9.101855e-04
6.670000e+00 9.209163e-04
6.680000e+00 9.302414e-04
6.690000e+00 9.380600e-04
6.700000e+00 9.442755e-04
6.710000e+00 9.487965e-04
6.720000e+00 9.515384e-04
6.730000e+00 9.524248e-04
6.740000e+00 9.513889e-04
6.750000e+00 9.483747e-04
6.760000e+00 9.433381e-04
6.770000e+00 9.362483e-04
6.780000e+00 9.270881e-04
6.790000e+00 9.158551e-04
6.800000e+00 9.025620e-04
6.810000e+00 8.872374e-04
6.820000e+00 8.699253e-04
6.830000e+00 8.506858e-04
6.840000e+00 8.295947e-04
6.850000e+00 8.067432e-04
6.860000e+00 7.822370e-04
6.870000e+00 7.561965e-04
6.880000e+00 7.287548e-04
6.890000e+00 7.000577e-04
6.900000e+00 6.702622e-04
6.910000e+00 6.395350e-04
6.920000e+00 6.080514e-04
6.930000e+00 5.759941e-04
6.940000e+00 5.435513e-04
6.950000e+00 5.109153e-04
6.960000e+00 4.782808e-04
6.970000e+00 4.458437e-04
6.980000e+00 4.137988e-04
6.990000e+00 3.823389e-04
7.000000e+00 3.516530e-04
7.010000e+00 3.219246e-04
7.020000e+00 2.933305e-04
7.030000e+00 2.660394e-04
7.040000e+00 2.402105e-04
7.050000e+00 2.159925e-04
7.060000e+00 1.935224e-04
7.070000e+00 1.729246e-04
7.080000e+00 1.543101e-04
7.090000e+00 1.377756e-04
7.100000e+00 1.234032e-04
7.110000e+00 1.112598e-04
7.120000e+00 1.013968e-04
7.130000e+00 9.385010e-05
7.140000e+00 8.863980e-05
7.150000e+00 8.577055e-05
7.160000e+00 8.523173e-05
7.170000e+00 8.699780e-05
7.180000e+00 9.102885e-05
7.190000e+00 9.727121e-05
7.200000e+00 1.056582e-04
7.210000e+00 1.161109e-04
7.220000e+00 1.285393e-04
7.230000e+00 1.428430e-04
7.240000e+00 1.589127e-04
7.250000e+00 1.766309e-04
7.260000e+00 1.958734e-04
7.270000e+00 2.165107e-04
7.280000e+00 2.384086e-04
7.290000e+00 2.614304e-04
7.300000e+00 2.854371e-04
7.310000e+00 3.102894e-04
7.320000e+00 3.358488e-04
7.330000e+00 3.619781e-04
7.340000e+00 3.885433e-04
7.350000e+00 4.154140e-04
7.360000e+00 4.424645e-04
7.370000e+00 4.695745e-04
7.380000e+00 4.966298e-04
7.390000e+00 5.235230e-04
7.400000e+00 5.501538e-04
7.410000e+00 5.764294e-04
7.420000e+00 6.022645e-04
7.430000e+00 6.275816e-04
7.440000e+00 6.523111e-04
7.450000e+00 6.763907e-04
7.460000e+00 6.997655e-04
7.470000e+00 7.223876e-04
7.480000e+00 7.442156e-04
7.490000e+00 7.652141e-04
7.500000e+00 7.853534e-04
7.510000e+00 8.046083e-04
7.520000e+00 8.229581e-04
7.530000e+00 8.403857e-04
7.540000e+00 8.568769e-04
7.550000e+00 8.724198e-04
7.560000e+00 8.870042e-04
7.570000e+00 9.006211e-04
7.580000e+00 9.132620e-04
7.590000e+00 9.249186e-04
7.600000e+00 9.355824e-04
7.610000e+00 9.452441e-04
7.620000e+00 9.538936e-04
7.630000e+00 9.615199e-04
7.640000e+00 9.681106e-04
7.650000e+00 9.736521e-04
7.660000e+00 9.781298e-04
7.670000e+00 9.815278e-04
7.680000e+00 9.838293e-04
7.690000e+00 9.850167e-04
7.700000e+00 9.850719e-04
7.710000e+00 9.839766e-04
7.720000e+00 9.817122e-04
7.730000e+00 9.782606e-04
7.740000e+00 9.736043e-04
7.750000e+00 9.677265e-04
7.760000e+00 9.606114e-04
7.770000e+00 9.522447e-04
7.780000e+00 9.426136e-04
7.790000e+00 9.317068e-04
7.800000e+00 9.195149e-04
7.810000e+00 9.060306e-04
7.820000e+00 8.912481e-04
7.830000e+00 8.751641e-04
7.840000e+00 8.577766e-04
7.850000e+00 8.390862e-04
7.860000e+00 8.190947e-04
7.870000e+00 7.978060e-04
7.880000e+00 7.752255e-04
7.890000e+00 7.513603e-04
7.900000e+00 7.262189e-04
7.910000e+00 6.998110e-04
7.920000e+00 6.721481e-04
7.930000e+00 6.432428e-04
7.940000e+00 6.131090e-04
7.950000e+00 5.817623e-04
7.960000e+00 5.492197e-04
7.970000e+00 5.154999e-04
7.980000e+00 4.806235e-04
7.990000e+00 4.446134e-04
8.000000e+00 4.074946e-04
8.010000e+00 3.692950e-04
8.020000e+00 3.300456e-04
8.030000e+00 2.897805e-04
8.040000e+00 2.485377e-04
8.050000e+00 2.063592e-04
8.060000e+00 1.632912e-04
8.070000e+00 1.193846e-04
8.080000e+00 7.469532e-05
8.090000e+00 2.928415e-05
8.100000e+00 -1.678286e-05
8.110000e+00 -6.343439e-05
8.120000e+00 -1.105939e-04
8.130000e+00 -1.581799e-04
8.140000e+00 -2.061056e-04
8.150000e+00 -2.542800e-04
8.160000e+00 -3.026077e-04
8.170000e+00 -3.509895e-04
8.180000e+00 -3.993231e-04
8.190000e+00 -4.475036e-04
8.200000e+00 -4.954244e-04
8.210000e+00 -5.429777e-04
8.220000e+00 -5.900556e-04
8.230000e+00 -6.365509e-04
8.240000e+00 -6.823576e-04
8.250000e+00 -7.273727e-04
8.260000e+00 -7.714959e-04
8.270000e+00 -8.146315e-04
8.280000e+00 -8.566884e-04
8.290000e+00 -8.975814e-04
8.300000e+00 -9.372315e-04
8.310000e+00 -9.755666e-04
8.320000e+00 -1.012522e-03
8.330000e+00 -1.048041e-03
8.340000e+00 -1.082075e-03
8.350000e+00 -1.114582e-03
8.360000e+00 -1.145531e-03
8.370000e+00 -1.174896e-03
8.380000e+00 -1.202661e-03
8.390000e+00 -1.228817e-03
8.400000e+00 -1.253362e-03
8.410000e+00 -1.276299e-03
8.420000e+00 -1.297640e-03
8.430000e+00 -1.317399e-03
8.440000e+00 -1.335596e-03
8.450000e+00 -1.352256e-03
8.460000e+00 -1.367404e-03
8.470000e+00 -1.381070e-03
8.480000e+00 -1.393284e-03
8.490000e+00 -1.404075e-03
8.500000e+00 -1.413474e-03
8.510000e+00 -1.421511e-03
8.520000e+00 -1.428214e-03
8.530000e+00 -1.433609e-03
8.540000e+00 -1.437720e-03
8.550000e+00 -1.440567e-03
8.560000e+00 -1.442168e-03
8.570000e+00 -1.442538e-03
8.580000e+00 -1.441689e-03
8.590000e+00 -1.439628e-03
8.600000e+00 -1.436361e-03
8.610000e+00 -1.431890e-03
8.620000e+00 -1.426215e-03
8.630000e+00 -1.419332e-03
8.640000e+00 -1.411238e-03
8.650000e+00 -1.401927e-03
8.660000e+00 -1.391391e-03
8.670000e+00 -1.379625e-03
8.680000e+00 -1.366622e-03
8.690000e+00 -1.352375e-03
8.700000e+00 -1.336880e-03
8.710000e+00 -1.320135e-03
8.720000e+00 -1.302139e-03
8.730000e+00 -1.282894e-03
8.740000e+00 -1.262406e-03
8.750000e+00 -1.240685e-03
8.760000e+00 -1.217743e-03
8.770000e+00 -1.193600e-03
8.780000e+00 -1.168275e-03
8.790000e+00 -1.141797e-03
8.800000e+00 -1.114196e-03
8.810000e+00 -1.085508e-03
8.820000e+00 -1.055775e-03
8.830000e+00 -1.025040e-03
8.840000e+00 -9.933560e-04
8.850000e+00 -9.607753e-04
8.860000e+00 -9.273568e-04
8.870000e+00 -8.931629e-04
8.880000e+00 -8.582597e-04
8.890000e+00 -8.227164e-04
8.900000e+00 -7.866053e-04
8.910000e+00 -7.500012e-04
8.920000e+00 -7.129813e-04
8.930000e+00 -6.756245e-04
8.940000e+00 -6.380110e-04
8.950000e+00 -6.002221e-04
8.960000e+00 -5.623398e-04
8.970000e+00 -5.244460e-04
8.980000e+00 -4.866223e-04
8.990000e+00 -4.489497e-04
9.000000e+00 -4.115080e-04
9.010000e+00 -3.743754e-04
9.020000e+00 -3.376280e-04
9.030000e+00 -3.013397e-04
9.040000e+00 -2.655816e-04
9.050000e+00 -2.304216e-04
9.060000e+00 -1.959243e-04
9.070000e+00 -1.621504e-04
9.080000e+00 -1.291568e-04
9.090000e+00 -9.699599e-05
9.100000e+00 -6.571612e-05
9.110000e+00 -3.536073e-05
9.120000e+00 -5.968709e-06
9.130000e+00 2.242580e-05
9.140000e+00 4.979338e-05
9.150000e+00 7.610927e-05
9.160000e+00 1.013533e-04
9.170000e+00 1.255097e-04
9.180000e+00 1.485668e-04
9.190000e+00 1.705170e-04
9.200000e+00 1.913561e-04
9.210000e+00 2.110834e-04
9.220000e+00 2.297007e-04
9.230000e+00 2.472125e-04
9.240000e+00 2.636250e-04
9.250000e+00 2.789458e-04
9.260000e+00 2.931838e-04
9.270000e+00 3.063478e-04
9.280000e+00 3.184470e-04
9.290000e+00 3.294898e-04
9.300000e+00 3.394837e-04
9.310000e+00 3.484347e-04
9.320000e+00 3.563469e-04
9.330000e+00 3.632226e-04
9.340000e+00 3.690612e-04
9.350000e+00 3.738599e-04
9.360000e+00 3.776127e-04
9.370000e+00 3.803111e-04
9.380000e+00 3.819435e-04
9.390000e+00 3.824955e-04
9.400000e+00 3.819503e-04
9.410000e+00 3.802882e-04
9.420000e+00 3.774878e-04
9.430000e+00 3.735256e-04
9.440000e+00 3.683768e-04
9.450000e+00 3.620156e-04
9.460000e+00 3.544158e-04
9.470000e+00 3.455510e-04
9.480000e+00 3.353957e-04
9.490000e+00 3.239254e-04
9.500000e+00 3.111172e-04
9.510000e+00 2.969507e-04
9.520000e+00 2.814081e-04
9.530000e+00 2.644748e-04
9.540000e+00 2.461401e-04
9.550000e+00 2.263975e-04
9.560000e+00 2.052447e-04
9.570000e+00 1.826847e-04
9.580000e+00 1.587252e-04
9.590000e+00 1.333793e-04
9.600000e+00 1.066656e-04
9.610000e+00 7.860793e-05
9.620000e+00 4.923570e-05
9.630000e+00 1.858357e-05
9.640000e+00 -1.330862e-05
9.650000e+00 -4.639606e-05
9.660000e+00 -8.062923e-05
9.670000e+00 -1.159542e-04
9.680000e+00 -1.523132e-04
9.690000e+00 -1.896446e-04
9.700000e+00 -2.278837e-04
9.710000e+00 -2.669633e-04
9.720000e+00 -3.068137e-04
9.730000e+00 -3.473638e-04
9.740000e+00 -3.885412e-04
9.750000e+00 -4.302731e-04
9.760000e+00 -4.724863e-04
9.770000e+00 -5.151084e-04
9.780000e+00 -5.580679e-04
9.790000e+00 -6.012949e-04
9.800000e+00 -6.447215e-04
9.810000e+00 -6.882826e-04
9.820000e+00 -7.319159e-04
9.830000e+00 -7.755627e-04
9.840000e+00 -8.191684e-04
9.850000e+00 -8.626827e-04
9.860000e+00 -9.060600e-04
9.870000e+00 -9.492599e-04
9.880000e+00 -9.922473e-04
9.890000e+00 -1.034993e-03
9.900000e+00 -1.077473e-03
9.910000e+00 -1.119670e-03
9.920000e+00 -1.161573e-03
9.930000e+00 -1.203177e-03
9.940000e+00 -1.244482e-03
9.950000e+00 -1.285495e-03
9.960000e+00 -1.326229e-03
9.970000e+00 -1.366702e-03
9.980000e+00 -1.406938e-03
9.990000e+00 -1.446964e-03
1.000000e+01 -1.486813e-03
