# sigma2_v 7.577522202582325e+00
0.000000e+00 1.000000e+00
1.000000e-02 9.996212e-01
2.000000e-02 9.984858e-01
3.000000e-02 9.965966e-01
4.000000e-02 9.939584e-01
5.000000e-02 9.905778e-01
6.000000e-02 9.864633e-01
7.000000e-02 9.816252e-01
8.000000e-02 9.760756e-01
9.000000e-02 9.698280e-01
1.000000e-01 9.628979e-01
1.100000e-01 9.553022e-01
1.200000e-01 9.470592e-01
1.300000e-01 9.381888e-01
1.400000e-01 9.287119e-01
1.500000e-01 9.186508e-01
1.600000e-01 9.080290e-01
1.700000e-01 8.968709e-01
1.800000e-01 8.852016e-01
1.900000e-01 8.730474e-01
2.000000e-01 8.604350e-01
2.100000e-01 8.473918e-01
2.200000e-01 8.339456e-01
2.300000e-01 8.201247e-01
2.400000e-01 8.059575e-01
2.500000e-01 7.914727e-01
2.600000e-01 7.766990e-01
2.700000e-01 7.616650e-01
2.800000e-01 7.463995e-01
2.900000e-01 7.309306e-01
3.000000e-01 7.152864e-01
3.100000e-01 6.994946e-01
3.200000e-01 6.835824e-01
3.300000e-01 6.675766e-01
3.400000e-01 6.515030e-01
3.500000e-01 6.353873e-01
3.600000e-01 6.192541e-01
3.700000e-01 6.031274e-01
3.800000e-01 5.870304e-01
3.900000e-01 5.709853e-01
4.000000e-01 5.550137e-01
4.100000e-01 5.391360e-01
4.200000e-01 5.233718e-01
4.300000e-01 5.077397e-01
4.400000e-01 4.922575e-01
4.500000e-01 4.769418e-01
4.600000e-01 4.618083e-01
4.700000e-01 4.468718e-01
4.800000e-01 4.321458e-01
4.900000e-01 4.176431e-01
5.000000e-01 4.033754e-01
5.100000e-01 3.893536e-01
5.200000e-01 3.755873e-01
5.300000e-01 3.620854e-01
5.400000e-01 3.488559e-01
5.500000e-01 3.359057e-01
5.600000e-01 3.232409e-01
5.700000e-01 3.108668e-01
5.800000e-01 2.987879e-01
5.900000e-01 2.870077e-01
6.000000e-01 2.755291e-01
6.100000e-01 2.643542e-01
6.200000e-01 2.534842e-01
6.300000e-01 2.429200e-01
6.400000e-01 2.326615e-01
6.500000e-01 2.227081e-01
6.600000e-01 2.130587e-01
6.700000e-01 2.037115e-01
6.800000e-01 1.946642e-01
6.900000e-01 1.859142e-01
7.000000e-01 1.774582e-01
7.100000e-01 1.692926e-01
7.200000e-01 1.614135e-01
7.300000e-01 1.538166e-01
7.400000e-01 1.464970e-01
7.500000e-01 1.394500e-01
7.600000e-01 1.326703e-01
7.700000e-01 1.261525e-01
7.800000e-01 1.198909e-01
7.900000e-01 1.138798e-01
8.000000e-01 1.081132e-01
8.100000e-01 1.025850e-01
8.200000e-01 9.728902e-02
8.300000e-01 9.221904e-02
8.400000e-01 8.736874e-02
8.500000e-01 8.273176e-02
8.600000e-01 7.830174e-02
8.700000e-01 7.407230e-02
8.800000e-01 7.003707e-02
8.900000e-01 6.618973e-02
9.000000e-01 6.252397e-02
9.100000e-01 5.903355e-02
9.200000e-01 5.571229e-02
9.300000e-01 5.255406e-02
9.400000e-01 4.955285e-02
9.500000e-01 4.670270e-02
9.600000e-01 4.399776e-02
9.700000e-01 4.143230e-02
9.800000e-01 3.900068e-02
9.900000e-01 3.669736e-02
1.000000e+00 3.451696e-02
1.010000e+00 3.245418e-02
1.020000e+00 3.050387e-02
1.030000e+00 2.866100e-02
1.040000e+00 2.692068e-02
1.050000e+00 2.527814e-02
1.060000e+00 2.372878e-02
1.070000e+00 2.226809e-02
1.080000e+00 2.089174e-02
1.090000e+00 1.959552e-02
1.100000e+00 1.837538e-02
1.110000e+00 1.722740e-02
1.120000e+00 1.614780e-02
1.130000e+00 1.513295e-02
1.140000e+00 1.417937e-02
1.150000e+00 1.328371e-02
1.160000e+00 1.244276e-02
1.170000e+00 1.165346e-02
1.180000e+00 1.091287e-02
1.190000e+00 1.021820e-02
1.200000e+00 9.566792e-03
1.210000e+00 8.956108e-03
1.220000e+00 8.383744e-03
1.230000e+00 7.847417e-03
1.240000e+00 7.344962e-03
1.250000e+00 6.874332e-03
1.260000e+00 6.433588e-03
1.270000e+00 6.020899e-03
1.280000e+00 5.634538e-03
1.290000e+00 5.272873e-03
1.300000e+00 4.934366e-03
1.310000e+00 4.617569e-03
1.320000e+00 4.321116e-03
1.330000e+00 4.043720e-03
1.340000e+00 3.784172e-03
1.350000e+00 3.541329e-03
1.360000e+00 3.314120e-03
1.370000e+00 3.101533e-03
1.380000e+00 2.902617e-03
1.390000e+00 2.716476e-03
1.400000e+00 2.542267e-03
1.410000e+00 2.379197e-03
1.420000e+00 2.226520e-03
1.430000e+00 2.083536e-03
1.440000e+00 1.949586e-03
1.450000e+00 1.824053e-03
1.460000e+00 1.706360e-03
1.470000e+00 1.595967e-03
1.480000e+00 1.492369e-03
1.490000e+00 1.395101e-03
1.500000e+00 1.303726e-03
1.510000e+00 1.217846e-03
1.520000e+00 1.137090e-03
1.530000e+00 1.061122e-03
1.540000e+00 9.896337e-04
1.550000e+00 9.223466e-04
1.560000e+00 8.590096e-04
1.570000e+00 7.993980e-04
1.580000e+00 7.433122e-04
1.590000e+00 6.905757e-04
1.600000e+00 6.410340e-04
1.610000e+00 5.945523e-04
1.620000e+00 5.510141e-04
1.630000e+00 5.103187e-04
1.640000e+00 4.723794e-04
1.650000e+00 4.371211e-04
1.660000e+00 4.044786e-04
1.670000e+00 3.743934e-04
1.680000e+00 3.468126e-04
1.690000e+00 3.216858e-04
1.700000e+00 2.989636e-04
1.710000e+00 2.785953e-04
1.720000e+00 2.605271e-04
1.730000e+00 2.447003e-04
1.740000e+00 2.310501e-04
1.750000e+00 2.195041e-04
1.760000e+00 2.099810e-04
1.770000e+00 2.023905e-04
1.780000e+00 1.966319e-04
1.790000e+00 1.925946e-04
1.800000e+00 1.901574e-04
1.810000e+00 1.891893e-04
1.820000e+00 1.895498e-04
1.830000e+00 1.910896e-04
1.840000e+00 1.936517e-04
1.850000e+00 1.970724e-04
1.860000e+00 2.011826e-04
1.870000e+00 2.058097e-04
1.880000e+00 2.107786e-04
1.890000e+00 2.159139e-04
1.900000e+00 2.210410e-04
1.910000e+00 2.259886e-04
1.920000e+00 2.305895e-04
1.930000e+00 2.346830e-04
1.940000e+00 2.381161e-04
1.950000e+00 2.407448e-04
1.960000e+00 2.424358e-04
1.970000e+00 2.430671e-04
1.980000e+00 2.425294e-04
1.990000e+00 2.407269e-04
2.000000e+00 2.375775e-04
2.010000e+00 2.330133e-04
2.020000e+00 2.269813e-04
2.030000e+00 2.194424e-04
2.040000e+00 2.103723e-04
2.050000e+00 1.997601e-04
2.060000e+00 1.876087e-04
2.070000e+00 1.739334e-04
2.080000e+00 1.587616e-04
2.090000e+00 1.421314e-04
2.100000e+00 1.240912e-04
2.110000e+00 1.046982e-04
2.120000e+00 8.401773e-05
2.130000e+00 6.212174e-05
2.140000e+00 3.908800e-05
2.150000e+00 1.499898e-05
2.160000e+00 -1.005918e-05
2.170000e+00 -3.599764e-05
2.180000e+00 -6.272574e-05
2.190000e+00 -9.015182e-05
2.200000e+00 -1.181840e-04
2.210000e+00 -1.467307e-04
2.220000e+00 -1.757015e-04
2.230000e+00 -2.050073e-04
2.240000e+00 -2.345609e-04
2.250000e+00 -2.642773e-04
2.260000e+00 -2.940739e-04
2.270000e+00 -3.238709e-04
2.280000e+00 -3.535912e-04
2.290000e+00 -3.831604e-04
2.300000e+00 -4.125074e-04
2.310000e+00 -4.415640e-04
2.320000e+00 -4.702648e-04
2.330000e+00 -4.985479e-04
2.340000e+00 -5.263539e-04
2.350000e+00 -5.536271e-04
2.360000e+00 -5.803143e-04
2.370000e+00 -6.063660e-04
2.380000e+00 -6.317355e-04
2.390000e+00 -6.563796e-04
2.400000e+00 -6.802582e-04
2.410000e+00 -7.033348e-04
2.420000e+00 -7.255763e-04
2.430000e+00 -7.469530e-04
2.440000e+00 -7.674388e-04
2.450000e+00 -7.870114e-04
2.460000e+00 -8.056520e-04
2.470000e+00 -8.233452e-04
2.480000e+00 -8.400793e-04
2.490000e+00 -8.558463e-04
2.500000e+00 -8.706410e-04
2.510000e+00 -8.844619e-04
2.520000e+00 -8.973099e-04
2.530000e+00 -9.091889e-04
2.540000e+00 -9.201051e-04
2.550000e+00 -9.300666e-04
2.560000e+00 -9.390832e-04
2.570000e+00 -9.471660e-04
2.580000e+00 -9.543269e-04
2.590000e+00 -9.605782e-04
2.600000e+00 -9.659324e-04
2.610000e+00 -9.704016e-04
2.620000e+00 -9.739969e-04
2.630000e+00 -9.767289e-04
2.640000e+00 -9.786067e-04
2.650000e+00 -9.796378e-04
2.660000e+00 -9.798284e-04
2.670000e+00 -9.791829e-04
2.680000e+00 -9.777042e-04
2.690000e+00 -9.753937e-04
2.700000e+00 -9.722516e-04
2.710000e+00 -9.682771e-04
2.720000e+00 -9.634690e-04
2.730000e+00 -9.578258e-04
2.740000e+00 -9.513465e-04
2.750000e+00 -9.440314e-04
2.760000e+00 -9.358823e-04
2.770000e+00 -9.269032e-04
2.780000e+00 -9.171016e-04
2.790000e+00 -9.064884e-04
2.800000e+00 -8.950792e-04
2.810000e+00 -8.828944e-04
2.820000e+00 -8.699603e-04
2.830000e+00 -8.563093e-04
2.840000e+00 -8.419804e-04
2.850000e+00 -8.270193e-04
2.860000e+00 -8.114792e-04
2.870000e+00 -7.954199e-04
2.880000e+00 -7.789087e-04
2.890000e+00 -7.620196e-04
2.900000e+00 -7.448327e-04
2.910000e+00 -7.274345e-04
2.920000e+00 -7.099162e-04
2.930000e+00 -6.923735e-04
2.940000e+00 -6.749055e-04
2.950000e+00 -6.576135e-04
2.960000e+00 -6.405997e-04
2.970000e+00 -6.239662e-04
2.980000e+00 -6.078133e-04
2.990000e+00 -5.922382e-04
3.000000e+00 -5.773336e-04
3.010000e+00 -5.631862e-04
3.020000e+00 -5.498752e-04
3.030000e+00 -5.374711e-04
3.040000e+00 -5.260344e-04
3.050000e+00 -5.156139e-04
3.060000e+00 -5.062466e-04
3.070000e+00 -4.979558e-04
3.080000e+00 -4.907510e-04
3.090000e+00 -4.846269e-04
3.100000e+00 -4.795634e-04
3.110000e+00 -4.755251e-04
3.120000e+00 -4.724617e-04
3.130000e+00 -4.703078e-04
3.140000e+00 -4.689840e-04
3.150000e+00 -4.683967e-04
3.160000e+00 -4.684401e-04
3.170000e+00 -4.689965e-04
3.180000e+00 -4.699376e-04
3.190000e+00 -4.711264e-04
3.200000e+00 -4.724186e-04
3.210000e+00 -4.736641e-04
3.220000e+00 -4.747089e-04
3.230000e+00 -4.753972e-04
3.240000e+00 -4.755729e-04
3.250000e+00 -4.750820e-04
3.260000e+00 -4.737742e-04
3.270000e+00 -4.715050e-04
3.280000e+00 -4.681372e-04
3.290000e+00 -4.635431e-04
3.300000e+00 -4.576056e-04
3.310000e+00 -4.502201e-04
3.320000e+00 -4.412957e-04
3.330000e+00 -4.307561e-04
3.340000e+00 -4.185409e-04
3.350000e+00 -4.046063e-04
3.360000e+00 -3.889253e-04
3.370000e+00 -3.714884e-04
3.380000e+00 -3.523036e-04
3.390000e+00 -3.313962e-04
3.400000e+00 -3.088087e-04
3.410000e+00 -2.845999e-04
3.420000e+00 -2.588445e-04
3.430000e+00 -2.316321e-04
3.440000e+00 -2.030657e-04
3.450000e+00 -1.732614e-04
3.460000e+00 -1.423459e-04
3.470000e+00 -1.104557e-04
3.480000e+00 -7.773557e-05
3.490000e+00 -4.433628e-05
3.500000e+00 -1.041344e-05
3.510000e+00 2.387450e-05
3.520000e+00 5.836792e-05
3.530000e+00 9.290778e-05
3.540000e+00 1.273373e-04
3.550000e+00 1.615037e-04
3.560000e+00 1.952595e-04
3.570000e+00 2.284641e-04
3.580000e+00 2.609853e-04
3.590000e+00 2.927001e-04
3.600000e+00 3.234961e-04
3.610000e+00 3.532722e-04
3.620000e+00 3.819392e-04
3.630000e+00 4.094209e-04
3.640000e+00 4.356538e-04
3.650000e+00 4.605878e-04
3.660000e+00 4.841861e-04
3.670000e+00 5.064248e-04
3.680000e+00 5.272933e-04
3.690000e+00 5.467929e-04
3.700000e+00 5.649370e-04
3.710000e+00 5.817501e-04
3.720000e+00 5.972670e-04
3.730000e+00 6.115315e-04
3.740000e+00 6.245961e-04
3.750000e+00 6.365202e-04
3.760000e+00 6.473693e-04
3.770000e+00 6.572140e-04
3.780000e+00 6.661283e-04
3.790000e+00 6.741889e-04
3.800000e+00 6.814737e-04
3.810000e+00 6.880611e-04
3.820000e+00 6.940285e-04
3.830000e+00 6.994515e-04
3.840000e+00 7.044033e-04
3.850000e+00 7.089535e-04
3.860000e+00 7.131676e-04
3.870000e+00 7.171064e-04
3.880000e+00 7.208257e-04
3.890000e+00 7.243759e-04
3.900000e+00 7.278017e-04
3.910000e+00 7.311424e-04
3.920000e+00 7.344315e-04
3.930000e+00 7.376972e-04
3.940000e+00 7.409627e-04
3.950000e+00 7.442465e-04
3.960000e+00 7.475627e-04
3.970000e+00 7.509219e-04
3.980000e+00 7.543315e-04
3.990000e+00 7.577966e-04
4.000000e+00 7.613202e-04
4.010000e+00 7.649045e-04
4.020000e+00 7.685511e-04
4.030000e+00 7.722615e-04
4.040000e+00 7.760383e-04
4.050000e+00 7.798850e-04
4.060000e+00 7.838071e-04
4.070000e+00 7.878119e-04
4.080000e+00 7.919092e-04
4.090000e+00 7.961112e-04
4.100000e+00 8.004329e-04
4.110000e+00 8.048916e-04
4.120000e+00 8.095074e-04
4.130000e+00 8.143022e-04
4.140000e+00 8.193001e-04
4.150000e+00 8.245265e-04
4.160000e+00 8.300079e-04
4.170000e+00 8.357709e-04
4.180000e+00 8.418423e-04
4.190000e+00 8.482477e-04
4.200000e+00 8.550110e-04
4.210000e+00 8.621543e-04
4.220000e+00 8.696962e-04
4.230000e+00 8.776521e-04
4.240000e+00 8.860329e-04
4.250000e+00 8.948448e-04
4.260000e+00 9.040887e-04
4.270000e+00 9.137598e-04
4.280000e+00 9.238476e-04
4.290000e+00 9.343349e-04
4.300000e+00 9.451988e-04
4.310000e+00 9.564099e-04
4.320000e+00 9.679327e-04
4.330000e+00 9.797262e-04
4.340000e+00 9.917438e-04
4.350000e+00 1.003934e-03
4.360000e+00 1.016242e-03
4.370000e+00 1.028607e-03
4.380000e+00 1.040967e-03
4.390000e+00 1.053259e-03
4.400000e+00 1.065418e-03
4.410000e+00 1.077377e-03
4.420000e+00 1.089071e-03
4.430000e+00 1.100439e-03
4.440000e+00 1.111417e-03
4.450000e+00 1.121949e-03
4.460000e+00 1.131980e-03
4.470000e+00 1.141462e-03
4.480000e+00 1.150350e-03
4.490000e+00 1.158607e-03
4.500000e+00 1.166198e-03
4.510000e+00 1.173100e-03
4.520000e+00 1.179291e-03
4.530000e+00 1.184759e-03
4.540000e+00 1.189497e-03
4.550000e+00 1.193504e-03
4.560000e+00 1.196784e-03
4.570000e+00 1.199348e-03
4.580000e+00 1.201209e-03
4.590000e+00 1.202387e-03
4.600000e+00 1.202903e-03
4.610000e+00 1.202782e-03
4.620000e+00 1.202049e-03
4.630000e+00 1.200732e-03
4.640000e+00 1.198857e-03
4.650000e+00 1.196451e-03
4.660000e+00 1.193539e-03
4.670000e+00 1.190143e-03
4.680000e+00 1.186284e-03
4.690000e+00 1.181978e-03
4.700000e+00 1.177239e-03
4.710000e+00 1.172075e-03
4.720000e+00 1.166491e-03
4.730000e+00 1.160487e-03
4.740000e+00 1.154058e-03
4.750000e+00 1.147196e-03
4.760000e+00 1.139887e-03
4.770000e+00 1.132115e-03
4.780000e+00 1.123860e-03
4.790000e+00 1.115097e-03
4.800000e+00 1.105801e-03
4.810000e+00 1.095946e-03
4.820000e+00 1.085502e-03
4.830000e+00 1.074441e-03
4.840000e+00 1.062734e-03
4.850000e+00 1.050356e-03
4.860000e+00 1.037280e-03
4.870000e+00 1.023485e-03
4.880000e+00 1.008954e-03
4.890000e+00 9.936702e-04
4.900000e+00 9.776262e-04
4.910000e+00 9.608177e-04
4.920000e+00 9.432469e-04
4.930000e+00 9.249223e-04
4.940000e+00 9.058589e-04
4.950000e+00 8.860789e-04
4.960000e+00 8.656113e-04
4.970000e+00 8.444922e-04
4.980000e+00 8.227647e-04
4.990000e+00 8.004790e-04
5.000000e+00 7.776916e-04
5.010000e+00 7.544655e-04
5.020000e+00 7.308697e-04
5.030000e+00 7.069786e-04
5.040000e+00 6.828716e-04
5.050000e+00 6.586325e-04
5.060000e+00 6.343488e-04
5.070000e+00 6.101112e-04
5.080000e+00 5.860126e-04
5.090000e+00 5.621476e-04
5.100000e+00 5.386117e-04
5.110000e+00 5.155007e-04
5.120000e+00 4.929093e-04
5.130000e+00 4.709313e-04
5.140000e+00 4.496578e-04
5.150000e+00 4.291772e-04
5.160000e+00 4.095741e-04
5.170000e+00 3.909288e-04
5.180000e+00 3.733163e-04
5.190000e+00 3.568057e-04
5.200000e+00 3.414599e-04
5.210000e+00 3.273346e-04
5.220000e+00 3.144780e-04
5.230000e+00 3.029302e-04
5.240000e+00 2.927227e-04
5.250000e+00 2.838781e-04
5.260000e+00 2.764100e-04
5.270000e+00 2.703224e-04
5.280000e+00 2.656095e-04
5.290000e+00 2.622561e-04
5.300000e+00 2.602370e-04
5.310000e+00 2.595178e-04
5.320000e+00 2.600541e-04
5.330000e+00 2.617929e-04
5.340000e+00 2.646720e-04
5.350000e+00 2.686211e-04
5.360000e+00 2.735622e-04
5.370000e+00 2.794101e-04
5.380000e+00 2.860732e-04
5.390000e+00 2.934547e-04
5.400000e+00 3.014527e-04
5.410000e+00 3.099622e-04
5.420000e+00 3.188753e-04
5.430000e+00 3.280825e-04
5.440000e+00 3.374740e-04
5.450000e+00 3.469407e-04
5.460000e+00 3.563752e-04
5.470000e+00 3.656729e-04
5.480000e+00 3.747332e-04
5.490000e+00 3.834604e-04
5.500000e+00 3.917646e-04
5.510000e+00 3.995626e-04
5.520000e+00 4.067784e-04
5.530000e+00 4.133443e-04
5.540000e+00 4.192010e-04
5.550000e+00 4.242979e-04
5.560000e+00 4.285934e-04
5.570000e+00 4.320552e-04
5.580000e+00 4.346596e-04
5.590000e+00 4.363919e-04
5.600000e+00 4.372454e-04
5.610000e+00 4.372211e-04
5.620000e+00 4.363269e-04
5.630000e+00 4.345770e-04
5.640000e+00 4.319906e-04
5.650000e+00 4.285911e-04
5.660000e+00 4.244050e-04
5.670000e+00 4.194610e-04
5.680000e+00 4.137883e-04
5.690000e+00 4.074160e-04
5.700000e+00 4.003719e-04
5.710000e+00 3.926812e-04
5.720000e+00 3.843660e-04
5.730000e+00 3.754440e-04
5.740000e+00 3.659284e-04
5.750000e+00 3.558267e-04
5.760000e+00 3.451408e-04
5.770000e+00 3.338666e-04
5.780000e+00 3.219942e-04
5.790000e+00 3.095078e-04
5.800000e+00 2.963863e-04
5.810000e+00 2.826040e-04
5.820000e+00 2.681309e-04
5.830000e+00 2.529343e-04
5.840000e+00 2.369793e-04
5.850000e+00 2.202305e-04
5.860000e+00 2.026529e-04
5.870000e+00 1.842137e-04
5.880000e+00 1.648835e-04
5.890000e+00 1.446380e-04
5.900000e+00 1.234595e-04
5.910000e+00 1.013379e-04
5.920000e+00 7.827259e-05
5.930000e+00 5.427353e-05
5.940000e+00 2.936215e-05
5.950000e+00 3.572463e-06
5.960000e+00 -2.304824e-05
5.970000e+00 -5.043890e-05
5.980000e+00 -7.852442e-05
5.990000e+00 -1.072156e-04
6.000000e+00 -1.364094e-04
6.010000e+00 -1.659894e-04
6.020000e+00 -1.958265e-04
6.030000e+00 -2.257802e-04
6.040000e+00 -2.556993e-04
6.050000e+00 -2.854237e-04
6.060000e+00 -3.147862e-04
6.070000e+00 -3.436136e-04
6.080000e+00 -3.717295e-04
6.090000e+00 -3.989558e-04
6.100000e+00 -4.251148e-04
6.110000e+00 -4.500316e-04
6.120000e+00 -4.735358e-04
6.130000e+00 -4.954643e-04
6.140000e+00 -5.156623e-04
6.150000e+00 -5.339860e-04
6.160000e+00 -5.503039e-04
6.170000e+00 -5.644983e-04
6.180000e+00 -5.764669e-04
6.190000e+00 -5.861234e-04
6.200000e+00 -5.933990e-04
6.210000e+00 -5.982424e-04
6.220000e+00 -6.006202e-04
6.230000e+00 -6.005174e-04
6.240000e+00 -5.979364e-04
6.250000e+00 -5.928973e-04
6.260000e+00 -5.854367e-04
6.270000e+00 -5.756068e-04
6.280000e+00 -5.634746e-04
6.290000e+00 -5.491200e-04
6.300000e+00 -5.326351e-04
6.310000e+00 -5.141221e-04
6.320000e+00 -4.936918e-04
6.330000e+00 -4.714620e-04
6.340000e+00 -4.475559e-04
6.350000e+00 -4.221004e-04
6.360000e+00 -3.952243e-04
6.370000e+00 -3.670573e-04
6.380000e+00 -3.377280e-04
6.390000e+00 -3.073634e-04
6.400000e+00 -2.760870e-04
6.410000e+00 -2.440187e-04
6.420000e+00 -2.112734e-04
6.430000e+00 -1.779609e-04
6.440000e+00 -1.441855e-04
6.450000e+00 -1.100456e-04
6.460000e+00 -7.563401e-05
6.470000e+00 -4.103791e-05
6.480000e+00 -6.339349e-06
6.490000e+00 2.838438e-05
6.500000e+00 6.306016e-05
6.510000e+00 9.761839e-05
6.520000e+00 1.319923e-04
6.530000e+00 1.661171e-04
6.540000e+00 1.999296e-04
6.550000e+00 2.333669e-04
6.560000e+00 2.663662e-04
6.570000e+00 2.988641e-04
6.580000e+00 3.307960e-04
6.590000e+00 3.620957e-04
6.600000e+00 3.926953e-04
6.610000e+00 4.225247e-04
6.620000e+00 4.515120e-04
6.630000e+00 4.795833e-04
6.640000e+00 5.066634e-04
6.650000e+00 5.326757e-04
6.660000e+00 5.575430e-04
6.670000e+00 5.811884e-04
6.680000e+00 6.035356e-04
6.690000e+00 6.245099e-04
6.700000e+00 6.440393e-04
6.710000e+00 6.620554e-04
6.720000e+00 6.784939e-04
6.730000e+00 6.932962e-04
6.740000e+00 7.064099e-04
6.750000e+00 7.177898e-04
6.760000e+00 7.273986e-04
6.770000e+00 7.352077e-04
6.780000e+00 7.411978e-04
6.790000e+00 7.453591e-04
6.800000e+00 7.476919e-04
6.810000e+00 7.482067e-04
6.820000e+00 7.469240e-04
6.830000e+00 7.438744e-04
6.840000e+00 7.390981e-04
6.850000e+00 7.326447e-04
6.860000e+00 7.245723e-04
6.870000e+00 7.149469e-04
6.880000e+00 7.038417e-04
6.890000e+00 6.913361e-04
6.900000e+00 6.775145e-04
6.910000e+00 6.624654e-04
6.920000e+00 6.462802e-04
6.930000e+00 6.290524e-04
6.940000e+00 6.108759e-04
6.950000e+00 5.918444e-04
6.960000e+00 5.720500e-04
6.970000e+00 5.515826e-04
6.980000e+00 5.305285e-04
6.990000e+00 5.089702e-04
7.000000e+00 4.869851e-04
7.010000e+00 4.646454e-04
7.020000e+00 4.420171e-04
7.030000e+00 4.191603e-04
7.040000e+00 3.961287e-04
7.050000e+00 3.729695e-04
7.060000e+00 3.497234e-04
7.070000e+00 3.264251e-04
7.080000e+00 3.031031e-04
7.090000e+00 2.797807e-04
7.100000e+00 2.564760e-04
7.110000e+00 2.332025e-04
7.120000e+00 2.099699e-04
7.130000e+00 1.867847e-04
7.140000e+00 1.636510e-04
7.150000e+00 1.405707e-04
7.160000e+00 1.175448e-04
7.170000e+00 9.457380e-05
7.180000e+00 7.165839e-05
7.190000e+00 4.880005e-05
7.200000e+00 2.600162e-05
7.210000e+00 3.267838e-06
7.220000e+00 -1.939427e-05
7.230000e+00 -4.197498e-05
7.240000e+00 -6.446162e-05
7.250000e+00 -8.683834e-05
7.260000e+00 -1.090860e-04
7.270000e+00 -1.311820e-04
7.280000e+00 -1.531005e-04
7.290000e+00 -1.748124e-04
7.300000e+00 -1.962855e-04
7.310000e+00 -2.174849e-04
7.320000e+00 -2.383728e-04
7.330000e+00 -2.589095e-04
7.340000e+00 -2.790532e-04
7.350000e+00 -2.987609e-04
7.360000e+00 -3.179884e-04
7.370000e+00 -3.366912e-04
7.380000e+00 -3.548247e-04
7.390000e+00 -3.723446e-04
7.400000e+00 -3.892079e-04
7.410000e+00 -4.053730e-04
7.420000e+00 -4.208001e-04
7.430000e+00 -4.354522e-04
7.440000e+00 -4.492952e-04
7.450000e+00 -4.622984e-04
7.460000e+00 -4.744350e-04
7.470000e+00 -4.856823e-04
7.480000e+00 -4.960228e-04
7.490000e+00 -5.054434e-04
7.500000e+00 -5.139368e-04
7.510000e+00 -5.215011e-04
7.520000e+00 -5.281401e-04
7.530000e+00 -5.338639e-04
7.540000e+00 -5.386885e-04
7.550000e+00 -5.426361e-04
7.560000e+00 -5.457350e-04
7.570000e+00 -5.480197e-04
7.580000e+00 -5.495306e-04
7.590000e+00 -5.503141e-04
7.600000e+00 -5.504217e-04
7.610000e+00 -5.499105e-04
7.620000e+00 -5.488421e-04
7.630000e+00 -5.472825e-04
7.640000e+00 -5.453013e-04
7.650000e+00 -5.429714e-04
7.660000e+00 -5.403681e-04
7.670000e+00 -5.375684e-04
7.680000e+00 -5.346505e-04
7.690000e+00 -5.316926e-04
7.700000e+00 -5.287722e-04
7.710000e+00 -5.259655e-04
7.720000e+00 -5.233463e-04
7.730000e+00 -5.209854e-04
7.740000e+00 -5.189494e-04
7.750000e+00 -5.173004e-04
7.760000e+00 -5.160951e-04
7.770000e+00 -5.153838e-04
7.780000e+00 -5.152107e-04
7.790000e+00 -5.156123e-04
7.800000e+00 -5.166180e-04
7.810000e+00 -5.182493e-04
7.820000e+00 -5.205198e-04
7.830000e+00 -5.234352e-04
7.840000e+00 -5.269935e-04
7.850000e+00 -5.311848e-04
7.860000e+00 -5.359922e-04
7.870000e+00 -5.413923e-04
7.880000e+00 -5.473551e-04
7.890000e+00 -5.538456e-04
7.900000e+00 -5.608241e-04
7.910000e+00 -5.682469e-04
7.920000e+00 -5.760681e-04
7.930000e+00 -5.842394e-04
7.940000e+00 -5.927122e-04
7.950000e+00 -6.014381e-04
7.960000e+00 -6.103698e-04
7.970000e+00 -6.194625e-04
7.980000e+00 -6.286743e-04
7.990000e+00 -6.379677e-04
8.000000e+00 -6.473096e-04
8.010000e+00 -6.566725e-04
8.020000e+00 -6.660349e-04
8.030000e+00 -6.753813e-04
8.040000e+00 -6.847031e-04
8.050000e+00 -6.939979e-04
8.060000e+00 -7.032700e-04
8.070000e+00 -7.125300e-04
8.080000e+00 -7.217943e-04
8.090000e+00 -7.310848e-04
8.100000e+00 -7.404279e-04
8.110000e+00 -7.498542e-04
8.120000e+00 -7.593971e-04
8.130000e+00 -7.690924e-04
8.140000e+00 -7.789769e-04
8.150000e+00 -7.890876e-04
8.160000e+00 -7.994604e-04
8.170000e+00 -8.101293e-04
8.180000e+00 -8.211254e-04
8.190000e+00 -8.324759e-04
8.200000e+00 -8.442032e-04
8.210000e+00 -8.563240e-04
8.220000e+00 -8.688492e-04
8.230000e+00 -8.817827e-04
8.240000e+00 -8.951216e-04
8.250000e+00 -9.088557e-04
8.260000e+00 -9.229675e-04
8.270000e+00 -9.374325e-04
8.280000e+00 -9.522188e-04
8.290000e+00 -9.672885e-04
8.300000e+00 -9.825973e-04
8.310000e+00 -9.980957e-04
8.320000e+00 -1.013730e-03
8.330000e+00 -1.029441e-03
8.340000e+00 -1.045168e-03
8.350000e+00 -1.060849e-03
8.360000e+00 -1.076419e-03
8.370000e+00 -1.091814e-03
8.380000e+00 -1.106970e-03
8.390000e+00 -1.121826e-03
8.400000e+00 -1.136320e-03
8.410000e+00 -1.150397e-03
8.420000e+00 -1.164002e-03
8.430000e+00 -1.177084e-03
8.440000e+00 -1.189598e-03
8.450000e+00 -1.201502e-03
8.460000e+00 -1.212757e-03
8.470000e+00 -1.223329e-03
8.480000e+00 -1.233186e-03
8.490000e+00 -1.242300e-03
8.500000e+00 -1.250646e-03
8.510000e+00 -1.258198e-03
8.520000e+00 -1.264933e-03
8.530000e+00 -1.270827e-03
8.540000e+00 -1.275857e-03
8.550000e+00 -1.279995e-03
8.560000e+00 -1.283214e-03
8.570000e+00 -1.285481e-03
8.580000e+00 -1.286761e-03
8.590000e+00 -1.287014e-03
8.600000e+00 -1.286193e-03
8.610000e+00 -1.284248e-03
8.620000e+00 -1.281123e-03
8.630000e+00 -1.276757e-03
8.640000e+00 -1.271083e-03
8.650000e+00 -1.264028e-03
8.660000e+00 -1.255518e-03
8.670000e+00 -1.245474e-03
8.680000e+00 -1.233813e-03
8.690000e+00 -1.220452e-03
8.700000e+00 -1.205309e-03
8.710000e+00 -1.188301e-03
8.720000e+00 -1.169349e-03
8.730000e+00 -1.148378e-03
8.740000e+00 -1.125320e-03
8.750000e+00 -1.100111e-03
8.760000e+00 -1.072698e-03
8.770000e+00 -1.043040e-03
8.780000e+00 -1.011104e-03
8.790000e+00 -9.768720e-04
8.800000e+00 -9.403396e-04
8.810000e+00 -9.015171e-04
8.820000e+00 -8.604304e-04
8.830000e+00 -8.171212e-04
8.840000e+00 -7.716476e-04
8.850000e+00 -7.240841e-04
8.860000e+00 -6.745209e-04
8.870000e+00 -6.230641e-04
8.880000e+00 -5.698345e-04
8.890000e+00 -5.149669e-04
8.900000e+00 -4.586089e-04
8.910000e+00 -4.009199e-04
8.920000e+00 -3.420691e-04
8.930000e+00 -2.822345e-04
8.940000e+00 -2.216008e-04
8.950000e+00 -1.603578e-04
8.960000e+00 -9.869863e-05
8.970000e+00 -3.681800e-05
8.980000e+00 2.508970e-05
8.990000e+00 8.683201e-05
9.000000e+00 1.482201e-04
9.010000e+00 2.090701e-04
9.020000e+00 2.692049e-04
9.030000e+00 3.284547e-04
9.040000e+00 3.866590e-04
9.050000e+00 4.436663e-04
9.060000e+00 4.993361e-04
9.070000e+00 5.535384e-04
9.080000e+00 6.061545e-04
9.090000e+00 6.570771e-04
9.100000e+00 7.062101e-04
9.110000e+00 7.534689e-04
9.120000e+00 7.987795e-04
9.130000e+00 8.420785e-04
9.140000e+00 8.833126e-04
9.150000e+00 9.224379e-04
9.160000e+00 9.594193e-04
9.170000e+00 9.942299e-04
9.180000e+00 1.026850e-03
9.190000e+00 1.057268e-03
9.200000e+00 1.085478e-03
9.210000e+00 1.111479e-03
9.220000e+00 1.135277e-03
9.230000e+00 1.156882e-03
9.240000e+00 1.176310e-03
9.250000e+00 1.193581e-03
9.260000e+00 1.208718e-03
9.270000e+00 1.221751e-03
9.280000e+00 1.232714e-03
9.290000e+00 1.241645e-03
9.300000e+00 1.248587e-03
9.310000e+00 1.253589e-03
9.320000e+00 1.256703e-03
9.330000e+00 1.257990e-03
9.340000e+00 1.257514e-03
9.350000e+00 1.255347e-03
9.360000e+00 1.251565e-03
9.370000e+00 1.246252e-03
9.380000e+00 1.239495e-03
9.390000e+00 1.231389e-03
9.400000e+00 1.222035e-03
9.410000e+00 1.211536e-03
9.420000e+00 1.200000e-03
9.430000e+00 1.187540e-03
9.440000e+00 1.174271e-03
9.450000e+00 1.160307e-03
9.460000e+00 1.145765e-03
9.470000e+00 1.130760e-03
9.480000e+00 1.115404e-03
9.490000e+00 1.099807e-03
9.500000e+00 1.084073e-03
9.510000e+00 1.068300e-03
9.520000e+00 1.052576e-03
9.530000e+00 1.036984e-03
9.540000e+00 1.021594e-03
9.550000e+00 1.006465e-03
9.560000e+00 9.916439e-04
9.570000e+00 9.771648e-04
9.580000e+00 9.630484e-04
9.590000e+00 9.493013e-04
9.600000e+00 9.359165e-04
9.610000e+00 9.228731e-04
9.620000e+00 9.101368e-04
9.630000e+00 8.976609e-04
9.640000e+00 8.853866e-04
9.650000e+00 8.732449e-04
9.660000e+00 8.611572e-04
9.670000e+00 8.490375e-04
9.680000e+00 8.367935e-04
9.690000e+00 8.243291e-04
9.700000e+00 8.115459e-04
9.710000e+00 7.983454e-04
9.720000e+00 7.846311e-04
9.730000e+00 7.703105e-04
9.740000e+00 7.552972e-04
9.750000e+00 7.395130e-04
9.760000e+00 7.228891e-04
9.770000e+00 7.053685e-04
9.780000e+00 6.869071e-04
9.790000e+00 6.674751e-04
9.800000e+00 6.470576e-04
9.810000e+00 6.256559e-04
9.820000e+00 6.032877e-04
9.830000e+00 5.799871e-04
9.840000e+00 5.558047e-04
9.850000e+00 5.308073e-04
9.860000e+00 5.050766e-04
9.870000e+00 4.787089e-04
9.880000e+00 4.518136e-04
9.890000e+00 4.245117e-04
9.900000e+00 3.969339e-04
9.910000e+00 3.692193e-04
9.920000e+00 3.415131e-04
9.930000e+00 3.139643e-04
9.940000e+00 2.867242e-04
9.950000e+00 2.599435e-04
9.960000e+00 2.337707e-04
9.970000e+00 2.083497e-04
9.980000e+00 1.838180e-04
9.990000e+00 1.603045e-04
1.000000e+01 1.379284e-04
