# sigma2_v 8.272285049953686e+00
0.000000e+00 1.000000e+00
1.000000e-02 9.995865e-01
2.000000e-02 9.983471e-01
3.000000e-02 9.962851e-01
4.000000e-02 9.934062e-01
5.000000e-02 9.897183e-01
6.000000e-02 9.852313e-01
7.000000e-02 9.799574e-01
8.000000e-02 9.739106e-01
9.000000e-02 9.671072e-01
1.000000e-01 9.595652e-01
1.100000e-01 9.513045e-01
1.200000e-01 9.423465e-01
1.300000e-01 9.327146e-01
1.400000e-01 9.224334e-01
1.500000e-01 9.115288e-01
1.600000e-01 9.000282e-01
1.700000e-01 8.879601e-01
1.800000e-01 8.753538e-01
1.900000e-01 8.622397e-01
2.000000e-01 8.486488e-01
2.100000e-01 8.346127e-01
2.200000e-01 8.201636e-01
2.300000e-01 8.053340e-01
2.400000e-01 7.901565e-01
2.500000e-01 7.746640e-01
2.600000e-01 7.588893e-01
2.700000e-01 7.428650e-01
2.800000e-01 7.266236e-01
2.900000e-01 7.101971e-01
3.000000e-01 6.936171e-01
3.100000e-01 6.769148e-01
3.200000e-01 6.601205e-01
3.300000e-01 6.432641e-01
3.400000e-01 6.263743e-01
3.500000e-01 6.094794e-01
3.600000e-01 5.926065e-01
3.700000e-01 5.757818e-01
3.800000e-01 5.590304e-01
3.900000e-01 5.423764e-01
4.000000e-01 5.258429e-01
4.100000e-01 5.094516e-01
4.200000e-01 4.932232e-01
4.300000e-01 4.771772e-01
4.400000e-01 4.613320e-01
4.500000e-01 4.457046e-01
4.600000e-01 4.303109e-01
4.700000e-01 4.151656e-01
4.800000e-01 4.002822e-01
4.900000e-01 3.856729e-01
5.000000e-01 3.713490e-01
5.100000e-01 3.573203e-01
5.200000e-01 3.435957e-01
5.300000e-01 3.301830e-01
5.400000e-01 3.170887e-01
5.500000e-01 3.043186e-01
5.600000e-01 2.918771e-01
5.700000e-01 2.797680e-01
5.800000e-01 2.679938e-01
5.900000e-01 2.565565e-01
6.000000e-01 2.454569e-01
6.100000e-01 2.346951e-01
6.200000e-01 2.242705e-01
6.300000e-01 2.141817e-01
6.400000e-01 2.044267e-01
6.500000e-01 1.950027e-01
6.600000e-01 1.859064e-01
6.700000e-01 1.771341e-01
6.800000e-01 1.686812e-01
6.900000e-01 1.605431e-01
7.000000e-01 1.527144e-01
7.100000e-01 1.451896e-01
7.200000e-01 1.379626e-01
7.300000e-01 1.310272e-01
7.400000e-01 1.243768e-01
7.500000e-01 1.180046e-01
7.600000e-01 1.119037e-01
7.700000e-01 1.060669e-01
7.800000e-01 1.004868e-01
7.900000e-01 9.515619e-02
8.000000e-01 9.006748e-02
8.100000e-01 8.521317e-02
8.200000e-01 8.058568e-02
8.300000e-01 7.617745e-02
8.400000e-01 7.198092e-02
8.500000e-01 6.798858e-02
8.600000e-01 6.419295e-02
8.700000e-01 6.058663e-02
8.800000e-01 5.716232e-02
8.900000e-01 5.391281e-02
9.000000e-01 5.083098e-02
9.100000e-01 4.790988e-02
9.200000e-01 4.514267e-02
9.300000e-01 4.252265e-02
9.400000e-01 4.004330e-02
9.500000e-01 3.769824e-02
9.600000e-01 3.548127e-02
9.700000e-01 3.338636e-02
9.800000e-01 3.140768e-02
9.900000e-01 2.953954e-02
1.000000e+00 2.777649e-02
1.010000e+00 2.611322e-02
1.020000e+00 2.454465e-02
1.030000e+00 2.306585e-02
1.040000e+00 2.167210e-02
1.050000e+00 2.035888e-02
1.060000e+00 1.912183e-02
1.070000e+00 1.795679e-02
1.080000e+00 1.685976e-02
1.090000e+00 1.582694e-02
1.100000e+00 1.485468e-02
1.110000e+00 1.393951e-02
1.120000e+00 1.307811e-02
1.130000e+00 1.226733e-02
1.140000e+00 1.150415e-02
1.150000e+00 1.078573e-02
1.160000e+00 1.010933e-02
1.170000e+00 9.472359e-03
1.180000e+00 8.872370e-03
1.190000e+00 8.307022e-03
1.200000e+00 7.774095e-03
1.210000e+00 7.271488e-03
1.220000e+00 6.797205e-03
1.230000e+00 6.349356e-03
1.240000e+00 5.926154e-03
1.250000e+00 5.525909e-03
1.260000e+00 5.147024e-03
1.270000e+00 4.787997e-03
1.280000e+00 4.447413e-03
1.290000e+00 4.123947e-03
1.300000e+00 3.816356e-03
1.310000e+00 3.523483e-03
1.320000e+00 3.244252e-03
1.330000e+00 2.977665e-03
1.340000e+00 2.722805e-03
1.350000e+00 2.478829e-03
1.360000e+00 2.244971e-03
1.370000e+00 2.020537e-03
1.380000e+00 1.804904e-03
1.390000e+00 1.597516e-03
1.400000e+00 1.397884e-03
1.410000e+00 1.205582e-03
1.420000e+00 1.020243e-03
1.430000e+00 8.415565e-04
1.440000e+00 6.692653e-04
1.450000e+00 5.031600e-04
1.460000e+00 3.430757e-04
1.470000e+00 1.888876e-04
1.480000e+00 4.050585e-05
1.490000e+00 -1.021286e-04
1.500000e+00 -2.390491e-04
1.510000e+00 -3.702682e-04
1.520000e+00 -4.957822e-04
1.530000e+00 -6.155762e-04
1.540000e+00 -7.296282e-04
1.550000e+00 -8.379136e-04
1.560000e+00 -9.404096e-04
1.570000e+00 -1.037098e-03
1.580000e+00 -1.127970e-03
1.590000e+00 -1.213028e-03
1.600000e+00 -1.292289e-03
1.610000e+00 -1.365786e-03
1.620000e+00 -1.433569e-03
1.630000e+00 -1.495710e-03
1.640000e+00 -1.552298e-03
1.650000e+00 -1.603445e-03
1.660000e+00 -1.649282e-03
1.670000e+00 -1.689960e-03
1.680000e+00 -1.725650e-03
1.690000e+00 -1.756541e-03
1.700000e+00 -1.782837e-03
1.710000e+00 -1.804759e-03
1.720000e+00 -1.822539e-03
1.730000e+00 -1.836422e-03
1.740000e+00 -1.846661e-03
1.750000e+00 -1.853515e-03
1.760000e+00 -1.857250e-03
1.770000e+00 -1.858132e-03
1.780000e+00 -1.856427e-03
1.790000e+00 -1.852400e-03
1.800000e+00 -1.846312e-03
1.810000e+00 -1.838419e-03
1.820000e+00 -1.828967e-03
1.830000e+00 -1.818196e-03
1.840000e+00 -1.806332e-03
1.850000e+00 -1.793592e-03
1.860000e+00 -1.780180e-03
1.870000e+00 -1.766285e-03
1.880000e+00 -1.752081e-03
1.890000e+00 -1.737730e-03
1.900000e+00 -1.723376e-03
1.910000e+00 -1.709149e-03
1.920000e+00 -1.695161e-03
1.930000e+00 -1.681512e-03
1.940000e+00 -1.668283e-03
1.950000e+00 -1.655543e-03
1.960000e+00 -1.643344e-03
1.970000e+00 -1.631725e-03
1.980000e+00 -1.620710e-03
1.990000e+00 -1.610313e-03
2.000000e+00 -1.600532e-03
2.010000e+00 -1.591359e-03
2.020000e+00 -1.582770e-03
2.030000e+00 -1.574736e-03
2.040000e+00 -1.567218e-03
2.050000e+00 -1.560171e-03
2.060000e+00 -1.553543e-03
2.070000e+00 -1.547276e-03
2.080000e+00 -1.541311e-03
2.090000e+00 -1.535585e-03
2.100000e+00 -1.530033e-03
2.110000e+00 -1.524590e-03
2.120000e+00 -1.519191e-03
2.130000e+00 -1.513774e-03
2.140000e+00 -1.508277e-03
2.150000e+00 -1.502641e-03
2.160000e+00 -1.496814e-03
2.170000e+00 -1.490744e-03
2.180000e+00 -1.484386e-03
2.190000e+00 -1.477698e-03
2.200000e+00 -1.470644e-03
2.210000e+00 -1.463192e-03
2.220000e+00 -1.455315e-03
2.230000e+00 -1.446990e-03
2.240000e+00 -1.438197e-03
2.250000e+00 -1.428920e-03
2.260000e+00 -1.419145e-03
2.270000e+00 -1.408861e-03
2.280000e+00 -1.398056e-03
2.290000e+00 -1.386719e-03
2.300000e+00 -1.374839e-03
2.310000e+00 -1.362403e-03
2.320000e+00 -1.349397e-03
2.330000e+00 -1.335802e-03
2.340000e+00 -1.321597e-03
2.350000e+00 -1.306758e-03
2.360000e+00 -1.291255e-03
2.370000e+00 -1.275056e-03
2.380000e+00 -1.258122e-03
2.390000e+00 -1.240413e-03
2.400000e+00 -1.221884e-03
2.410000e+00 -1.202485e-03
2.420000e+00 -1.182167e-03
2.430000e+00 -1.160878e-03
2.440000e+00 -1.138564e-03
2.450000e+00 -1.115174e-03
2.460000e+00 -1.090656e-03
2.470000e+00 -1.064965e-03
2.480000e+00 -1.038056e-03
2.490000e+00 -1.009892e-03
2.500000e+00 -9.804436e-04
2.510000e+00 -9.496880e-04
2.520000e+00 -9.176128e-04
2.530000e+00 -8.842161e-04
2.540000e+00 -8.495072e-04
2.550000e+00 -8.135079e-04
2.560000e+00 -7.762529e-04
2.570000e+00 -7.377900e-04
2.580000e+00 -6.981808e-04
2.590000e+00 -6.575003e-04
2.600000e+00 -6.158371e-04
2.610000e+00 -5.732925e-04
2.620000e+00 -5.299806e-04
2.630000e+00 -4.860270e-04
2.640000e+00 -4.415680e-04
2.650000e+00 -3.967497e-04
2.660000e+00 -3.517267e-04
2.670000e+00 -3.066607e-04
2.680000e+00 -2.617192e-04
2.690000e+00 -2.170741e-04
2.700000e+00 -1.729002e-04
2.710000e+00 -1.293735e-04
2.720000e+00 -8.666999e-05
2.730000e+00 -4.496411e-05
2.740000e+00 -4.427293e-06
2.750000e+00 3.477337e-05
2.760000e+00 7.247635e-05
2.770000e+00 1.085269e-04
2.780000e+00 1.427783e-04
2.790000e+00 1.750925e-04
2.800000e+00 2.053416e-04
2.810000e+00 2.334079e-04
2.820000e+00 2.591857e-04
2.830000e+00 2.825809e-04
2.840000e+00 3.035123e-04
2.850000e+00 3.219117e-04
2.860000e+00 3.377247e-04
2.870000e+00 3.509107e-04
2.880000e+00 3.614436e-04
2.890000e+00 3.693116e-04
2.900000e+00 3.745178e-04
2.910000e+00 3.770802e-04
2.920000e+00 3.770316e-04
2.930000e+00 3.744198e-04
2.940000e+00 3.693075e-04
2.950000e+00 3.617720e-04
2.960000e+00 3.519050e-04
2.970000e+00 3.398122e-04
2.980000e+00 3.256128e-04
2.990000e+00 3.094389e-04
3.000000e+00 2.914348e-04
3.010000e+00 2.717559e-04
3.020000e+00 2.505678e-04
3.030000e+00 2.280453e-04
3.040000e+00 2.043704e-04
3.050000e+00 1.797317e-04
3.060000e+00 1.543221e-04
3.070000e+00 1.283374e-04
3.080000e+00 1.019745e-04
3.090000e+00 7.542923e-05
3.100000e+00 4.889475e-05
3.110000e+00 2.255931e-05
3.120000e+00 -3.395565e-06
3.130000e+00 -2.879706e-05
3.140000e+00 -5.348288e-05
3.150000e+00 -7.730299e-05
3.160000e+00 -1.001212e-04
3.170000e+00 -1.218166e-04
3.180000e+00 -1.422847e-04
3.190000e+00 -1.614383e-04
3.200000e+00 -1.792085e-04
3.210000e+00 -1.955447e-04
3.220000e+00 -2.104151e-04
3.230000e+00 -2.238062e-04
3.240000e+00 -2.357224e-04
3.250000e+00 -2.461853e-04
3.260000e+00 -2.552328e-04
3.270000e+00 -2.629172e-04
3.280000e+00 -2.693041e-04
3.290000e+00 -2.744707e-04
3.300000e+00 -2.785032e-04
3.310000e+00 -2.814953e-04
3.320000e+00 -2.835457e-04
3.330000e+00 -2.847561e-04
3.340000e+00 -2.852285e-04
3.350000e+00 -2.850633e-04
3.360000e+00 -2.843572e-04
3.370000e+00 -2.832009e-04
3.380000e+00 -2.816776e-04
3.390000e+00 -2.798609e-04
3.400000e+00 -2.778139e-04
3.410000e+00 -2.755878e-04
3.420000e+00 -2.732211e-04
3.430000e+00 -2.707390e-04
3.440000e+00 -2.681529e-04
3.450000e+00 -2.654611e-04
3.460000e+00 -2.626482e-04
3.470000e+00 -2.596864e-04
3.480000e+00 -2.565363e-04
3.490000e+00 -2.531475e-04
3.500000e+00 -2.494604e-04
3.510000e+00 -2.454075e-04
3.520000e+00 -2.409150e-04
3.530000e+00 -2.359044e-04
3.540000e+00 -2.302946e-04
3.550000e+00 -2.240033e-04
3.560000e+00 -2.169492e-04
3.570000e+00 -2.090534e-04
3.580000e+00 -2.002413e-04
3.590000e+00 -1.904440e-04
3.600000e+00 -1.796001e-04
3.610000e+00 -1.676564e-04
3.620000e+00 -1.545696e-04
3.630000e+00 -1.403071e-04
3.640000e+00 -1.248474e-04
3.650000e+00 -1.081812e-04
3.660000e+00 -9.031165e-05
3.670000e+00 -7.125434e-05
3.680000e+00 -5.103760e-05
3.690000e+00 -2.970231e-05
3.700000e+00 -7.301628e-06
3.710000e+00 1.609938e-05
3.720000e+00 4.042425e-05
3.730000e+00 6.558577e-05
3.740000e+00 9.148661e-05
3.750000e+00 1.180202e-04
3.760000e+00 1.450714e-04
3.770000e+00 1.725176e-04
3.780000e+00 2.002296e-04
3.790000e+00 2.280724e-04
3.800000e+00 2.559064e-04
3.810000e+00 2.835882e-04
3.820000e+00 3.109718e-04
3.830000e+00 3.379097e-04
3.840000e+00 3.642537e-04
3.850000e+00 3.898562e-04
3.860000e+00 4.145711e-04
3.870000e+00 4.382551e-04
3.880000e+00 4.607687e-04
3.890000e+00 4.819772e-04
3.900000e+00 5.017520e-04
3.910000e+00 5.199715e-04
3.920000e+00 5.365224e-04
3.930000e+00 5.513006e-04
3.940000e+00 5.642123e-04
3.950000e+00 5.751750e-04
3.960000e+00 5.841181e-04
3.970000e+00 5.909844e-04
3.980000e+00 5.957300e-04
3.990000e+00 5.983258e-04
4.000000e+00 5.987569e-04
4.010000e+00 5.970241e-04
4.020000e+00 5.931432e-04
4.030000e+00 5.871452e-04
4.040000e+00 5.790765e-04
4.050000e+00 5.689980e-04
4.060000e+00 5.569847e-04
4.070000e+00 5.431252e-04
4.080000e+00 5.275204e-04
4.090000e+00 5.102825e-04
4.100000e+00 4.915337e-04
4.110000e+00 4.714049e-04
4.120000e+00 4.500341e-04
4.130000e+00 4.275646e-04
4.140000e+00 4.041435e-04
4.150000e+00 3.799202e-04
4.160000e+00 3.550439e-04
4.170000e+00 3.296630e-04
4.180000e+00 3.039224e-04
4.190000e+00 2.779628e-04
4.200000e+00 2.519190e-04
4.210000e+00 2.259185e-04
4.220000e+00 2.000809e-04
4.230000e+00 1.745166e-04
4.240000e+00 1.493264e-04
4.250000e+00 1.246010e-04
4.260000e+00 1.004210e-04
4.270000e+00 7.685657e-05
4.280000e+00 5.396817e-05
4.290000e+00 3.180664e-05
4.300000e+00 1.041396e-05
4.310000e+00 -1.017592e-05
4.320000e+00 -2.993623e-05
4.330000e+00 -4.884632e-05
4.340000e+00 -6.689060e-05
4.350000e+00 -8.405744e-05
4.360000e+00 -1.003380e-04
4.370000e+00 -1.157254e-04
4.380000e+00 -1.302134e-04
4.390000e+00 -1.437957e-04
4.400000e+00 -1.564655e-04
4.410000e+00 -1.682145e-04
4.420000e+00 -1.790325e-04
4.430000e+00 -1.889076e-04
4.440000e+00 -1.978259e-04
4.450000e+00 -2.057718e-04
4.460000e+00 -2.127283e-04
4.470000e+00 -2.186775e-04
4.480000e+00 -2.236016e-04
4.490000e+00 -2.274835e-04
4.500000e+00 -2.303079e-04
4.510000e+00 -2.320622e-04
4.520000e+00 -2.327379e-04
4.530000e+00 -2.323312e-04
4.540000e+00 -2.308447e-04
4.550000e+00 -2.282878e-04
4.560000e+00 -2.246781e-04
4.570000e+00 -2.200419e-04
4.580000e+00 -2.144147e-04
4.590000e+00 -2.078420e-04
4.600000e+00 -2.003792e-04
4.610000e+00 -1.920917e-04
4.620000e+00 -1.830545e-04
4.630000e+00 -1.733520e-04
4.640000e+00 -1.630772e-04
4.650000e+00 -1.523304e-04
4.660000e+00 -1.412188e-04
4.670000e+00 -1.298545e-04
4.680000e+00 -1.183532e-04
4.690000e+00 -1.068330e-04
4.700000e+00 -9.541221e-05
4.710000e+00 -8.420800e-05
4.720000e+00 -7.333446e-05
4.730000e+00 -6.290102e-05
4.740000e+00 -5.301074e-05
4.750000e+00 -4.375889e-05
4.760000e+00 -3.523148e-05
4.770000e+00 -2.750413e-05
4.780000e+00 -2.064105e-05
4.790000e+00 -1.469425e-05
4.800000e+00 -9.703024e-06
4.810000e+00 -5.693650e-06
4.820000e+00 -2.679370e-06
4.830000e+00 -6.606026e-07
4.840000e+00 3.745950e-07
4.850000e+00 4.498327e-07
4.860000e+00 -4.005145e-07
4.870000e+00 -2.132394e-06
4.880000e+00 -4.693324e-06
4.890000e+00 -8.023761e-06
4.900000e+00 -1.205857e-05
4.910000e+00 -1.672853e-05
4.920000e+00 -2.196190e-05
4.930000e+00 -2.768591e-05
4.940000e+00 -3.382825e-05
4.950000e+00 -4.031845e-05
4.960000e+00 -4.708915e-05
4.970000e+00 -5.407723e-05
4.980000e+00 -6.122478e-05
4.990000e+00 -6.847987e-05
5.000000e+00 -7.579714e-05
5.010000e+00 -8.313818e-05
5.020000e+00 -9.047170e-05
5.030000e+00 -9.777353e-05
5.040000e+00 -1.050264e-04
5.050000e+00 -1.122193e-04
5.060000e+00 -1.193474e-04
5.070000e+00 -1.264109e-04
5.080000e+00 -1.334141e-04
5.090000e+00 -1.403650e-04
5.100000e+00 -1.472735e-04
5.110000e+00 -1.541511e-04
5.120000e+00 -1.610092e-04
5.130000e+00 -1.678585e-04
5.140000e+00 -1.747076e-04
5.150000e+00 -1.815623e-04
5.160000e+00 -1.884247e-04
5.170000e+00 -1.952923e-04
5.180000e+00 -2.021578e-04
5.190000e+00 -2.090082e-04
5.200000e+00 -2.158249e-04
5.210000e+00 -2.225834e-04
5.220000e+00 -2.292535e-04
5.230000e+00 -2.357997e-04
5.240000e+00 -2.421815e-04
5.250000e+00 -2.483539e-04
5.260000e+00 -2.542688e-04
5.270000e+00 -2.598753e-04
5.280000e+00 -2.651212e-04
5.290000e+00 -2.699542e-04
5.300000e+00 -2.743231e-04
5.310000e+00 -2.781793e-04
5.320000e+00 -2.814779e-04
5.330000e+00 -2.841798e-04
5.340000e+00 -2.862525e-04
5.350000e+00 -2.876718e-04
5.360000e+00 -2.884232e-04
5.370000e+00 -2.885028e-04
5.380000e+00 -2.879188e-04
5.390000e+00 -2.866921e-04
5.400000e+00 -2.848575e-04
5.410000e+00 -2.824640e-04
5.420000e+00 -2.795751e-04
5.430000e+00 -2.762693e-04
5.440000e+00 -2.726397e-04
5.450000e+00 -2.687941e-04
5.460000e+00 -2.648539e-04
5.470000e+00 -2.609536e-04
5.480000e+00 -2.572398e-04
5.490000e+00 -2.538696e-04
5.500000e+00 -2.510094e-04
5.510000e+00 -2.488328e-04
5.520000e+00 -2.475190e-04
5.530000e+00 -2.472505e-04
5.540000e+00 -2.482110e-04
5.550000e+00 -2.505829e-04
5.560000e+00 -2.545450e-04
5.570000e+00 -2.602698e-04
5.580000e+00 -2.679215e-04
5.590000e+00 -2.776531e-04
5.600000e+00 -2.896045e-04
5.610000e+00 -3.039000e-04
5.620000e+00 -3.206459e-04
5.630000e+00 -3.399296e-04
5.640000e+00 -3.618170e-04
5.650000e+00 -3.863513e-04
5.660000e+00 -4.135525e-04
5.670000e+00 -4.434157e-04
5.680000e+00 -4.759114e-04
5.690000e+00 -5.109846e-04
5.700000e+00 -5.485557e-04
5.710000e+00 -5.885207e-04
5.720000e+00 -6.307520e-04
5.730000e+00 -6.750998e-04
5.740000e+00 -7.213934e-04
5.750000e+00 -7.694432e-04
5.760000e+00 -8.190426e-04
5.770000e+00 -8.699705e-04
5.780000e+00 -9.219933e-04
5.790000e+00 -9.748680e-04
5.800000e+00 -1.028345e-03
5.810000e+00 -1.082169e-03
5.820000e+00 -1.136086e-03
5.830000e+00 -1.189841e-03
5.840000e+00 -1.243184e-03
5.850000e+00 -1.295871e-03
5.860000e+00 -1.347667e-03
5.870000e+00 -1.398349e-03
5.880000e+00 -1.447706e-03
5.890000e+00 -1.495541e-03
5.900000e+00 -1.541674e-03
5.910000e+00 -1.585942e-03
5.920000e+00 -1.628200e-03
5.930000e+00 -1.668319e-03
5.940000e+00 -1.706193e-03
5.950000e+00 -1.741731e-03
5.960000e+00 -1.774862e-03
5.970000e+00 -1.805531e-03
5.980000e+00 -1.833701e-03
5.990000e+00 -1.859351e-03
6.000000e+00 -1.882473e-03
6.010000e+00 -1.903074e-03
6.020000e+00 -1.921172e-03
6.030000e+00 -1.936796e-03
6.040000e+00 -1.949985e-03
6.050000e+00 -1.960783e-03
6.060000e+00 -1.969245e-03
6.070000e+00 -1.975426e-03
6.080000e+00 -1.979389e-03
6.090000e+00 -1.981197e-03
6.100000e+00 -1.980919e-03
6.110000e+00 -1.978621e-03
6.120000e+00 -1.974372e-03
6.130000e+00 -1.968241e-03
6.140000e+00 -1.960297e-03
6.150000e+00 -1.950608e-03
6.160000e+00 -1.939243e-03
6.170000e+00 -1.926269e-03
6.180000e+00 -1.911756e-03
6.190000e+00 -1.895770e-03
6.200000e+00 -1.878382e-03
6.210000e+00 -1.859658e-03
6.220000e+00 -1.839671e-03
6.230000e+00 -1.818490e-03
6.240000e+00 -1.796189e-03
6.250000e+00 -1.772841e-03
6.260000e+00 -1.748521e-03
6.270000e+00 -1.723307e-03
6.280000e+00 -1.697277e-03
6.290000e+00 -1.670509e-03
6.300000e+00 -1.643084e-03
6.310000e+00 -1.615083e-03
6.320000e+00 -1.586585e-03
6.330000e+00 -1.557671e-03
6.340000e+00 -1.528418e-03
6.350000e+00 -1.498903e-03
6.360000e+00 -1.469200e-03
6.370000e+00 -1.439380e-03
6.380000e+00 -1.409510e-03
6.390000e+00 -1.379652e-03
6.400000e+00 -1.349862e-03
6.410000e+00 -1.320194e-03
6.420000e+00 -1.290693e-03
6.430000e+00 -1.261398e-03
6.440000e+00 -1.232343e-03
6.450000e+00 -1.203556e-03
6.460000e+00 -1.175058e-03
6.470000e+00 -1.146862e-03
6.480000e+00 -1.118979e-03
6.490000e+00 -1.091412e-03
6.500000e+00 -1.064160e-03
6.510000e+00 -1.037218e-03
6.520000e+00 -1.010578e-03
6.530000e+00 -9.842271e-04
6.540000e+00 -9.581534e-04
6.550000e+00 -9.323419e-04
6.560000e+00 -9.067775e-04
6.570000e+00 -8.814457e-04
6.580000e+00 -8.563328e-04
6.590000e+00 -8.314270e-04
6.600000e+00 -8.067186e-04
6.610000e+00 -7.822010e-04
6.620000e+00 -7.578705e-04
6.630000e+00 -7.337272e-04
6.640000e+00 -7.097747e-04
6.650000e+00 -6.860209e-04
6.660000e+00 -6.624772e-04
6.670000e+00 -6.391590e-04
6.680000e+00 -6.160854e-04
6.690000e+00 -5.932789e-04
6.700000e+00 -5.707650e-04
6.710000e+00 -5.485722e-04
6.720000e+00 -5.267311e-04
6.730000e+00 -5.052745e-04
6.740000e+00 -4.842364e-04
6.750000e+00 -4.636520e-04
6.760000e+00 -4.435570e-04
6.770000e+00 -4.239872e-04
6.780000e+00 -4.049782e-04
6.790000e+00 -3.865649e-04
6.800000e+00 -3.687813e-04
6.810000e+00 -3.516599e-04
6.820000e+00 -3.352319e-04
6.830000e+00 -3.195267e-04
6.840000e+00 -3.045717e-04
6.850000e+00 -2.903923e-04
6.860000e+00 -2.770117e-04
6.870000e+00 -2.644509e-04
6.880000e+00 -2.527286e-04
6.890000e+00 -2.418612e-04
6.900000e+00 -2.318627e-04
6.910000e+00 -2.227447e-04
6.920000e+00 -2.145165e-04
6.930000e+00 -2.071847e-04
6.940000e+00 -2.007538e-04
6.950000e+00 -1.952254e-04
6.960000e+00 -1.905988e-04
6.970000e+00 -1.868705e-04
6.980000e+00 -1.840343e-04
6.990000e+00 -1.820811e-04
7.000000e+00 -1.809992e-04
7.010000e+00 -1.807736e-04
7.020000e+00 -1.813864e-04
7.030000e+00 -1.828166e-04
7.040000e+00 -1.850399e-04
7.050000e+00 -1.880290e-04
7.060000e+00 -1.917531e-04
7.070000e+00 -1.961784e-04
7.080000e+00 -2.012679e-04
7.090000e+00 -2.069814e-04
7.100000e+00 -2.132758e-04
7.110000e+00 -2.201050e-04
7.120000e+00 -2.274202e-04
7.130000e+00 -2.351699e-04
7.140000e+00 -2.433003e-04
7.150000e+00 -2.517552e-04
7.160000e+00 -2.604765e-04
7.170000e+00 -2.694041e-04
7.180000e+00 -2.784763e-04
7.190000e+00 -2.876299e-04
7.200000e+00 -2.968004e-04
7.210000e+00 -3.059219e-04
7.220000e+00 -3.149278e-04
7.230000e+00 -3.237504e-04
7.240000e+00 -3.323215e-04
7.250000e+00 -3.405718e-04
7.260000e+00 -3.484319e-04
7.270000e+00 -3.558318e-04
7.280000e+00 -3.627012e-04
7.290000e+00 -3.689698e-04
7.300000e+00 -3.745673e-04
7.310000e+00 -3.794235e-04
7.320000e+00 -3.834691e-04
7.330000e+00 -3.866355e-04
7.340000e+00 -3.888553e-04
7.350000e+00 -3.900630e-04
7.360000e+00 -3.901952e-04
7.370000e+00 -3.891915e-04
7.380000e+00 -3.869949e-04
7.390000e+00 -3.835527e-04
7.400000e+00 -3.788171e-04
7.410000e+00 -3.727464e-04
7.420000e+00 -3.653053e-04
7.430000e+00 -3.564662e-04
7.440000e+00 -3.462100e-04
7.450000e+00 -3.345265e-04
7.460000e+00 -3.214157e-04
7.470000e+00 -3.068880e-04
7.480000e+00 -2.909652e-04
7.490000e+00 -2.736806e-04
7.500000e+00 -2.550793e-04
7.510000e+00 -2.352184e-04
7.520000e+00 -2.141669e-04
7.530000e+00 -1.920051e-04
7.540000e+00 -1.688247e-04
7.550000e+00 -1.447273e-04
7.560000e+00 -1.198240e-04
7.570000e+00 -9.423361e-05
7.580000e+00 -6.808203e-05
7.590000e+00 -4.150003e-05
7.600000e+00 -1.462179e-05
7.610000e+00 1.241702e-05
7.620000e+00 3.948119e-05
7.630000e+00 6.643795e-05
7.640000e+00 9.315905e-05
7.650000e+00 1.195227e-04
7.660000e+00 1.454153e-04
7.670000e+00 1.707338e-04
7.680000e+00 1.953864e-04
7.690000e+00 2.192947e-04
7.700000e+00 2.423944e-04
7.710000e+00 2.646365e-04
7.720000e+00 2.859872e-04
7.730000e+00 3.064288e-04
7.740000e+00 3.259592e-04
7.750000e+00 3.445913e-04
7.760000e+00 3.623521e-04
7.770000e+00 3.792819e-04
7.780000e+00 3.954323e-04
7.790000e+00 4.108644e-04
7.800000e+00 4.256472e-04
7.810000e+00 4.398547e-04
7.820000e+00 4.535639e-04
7.830000e+00 4.668521e-04
7.840000e+00 4.797940e-04
7.850000e+00 4.924599e-04
7.860000e+00 5.049124e-04
7.870000e+00 5.172044e-04
7.880000e+00 5.293769e-04
7.890000e+00 5.414570e-04
7.900000e+00 5.534564e-04
7.910000e+00 5.653699e-04
7.920000e+00 5.771745e-04
7.930000e+00 5.888291e-04
7.940000e+00 6.002740e-04
7.950000e+00 6.114313e-04
7.960000e+00 6.222057e-04
7.970000e+00 6.324854e-04
7.980000e+00 6.421436e-04
7.990000e+00 6.510403e-04
8.000000e+00 6.590242e-04
8.010000e+00 6.659353e-04
8.020000e+00 6.716069e-04
8.030000e+00 6.758689e-04
8.040000e+00 6.785499e-04
8.050000e+00 6.794804e-04
8.060000e+00 6.784952e-04
8.070000e+00 6.754362e-04
8.080000e+00 6.701547e-04
8.090000e+00 6.625137e-04
8.100000e+00 6.523900e-04
8.110000e+00 6.396759e-04
8.120000e+00 6.242808e-04
8.130000e+00 6.061317e-04
8.140000e+00 5.851751e-04
8.150000e+00 5.613763e-04
8.160000e+00 5.347205e-04
8.170000e+00 5.052120e-04
8.180000e+00 4.728740e-04
8.190000e+00 4.377482e-04
8.200000e+00 3.998935e-04
8.210000e+00 3.593849e-04
8.220000e+00 3.163126e-04
8.230000e+00 2.707805e-04
8.240000e+00 2.229050e-04
8.250000e+00 1.728131e-04
8.260000e+00 1.206418e-04
8.270000e+00 6.653641e-05
8.280000e+00 1.064916e-05
8.290000e+00 -4.686152e-05
8.300000e+00 -1.058321e-04
8.310000e+00 -1.660950e-04
8.320000e+00 -2.274787e-04
8.330000e+00 -2.898090e-04
8.340000e+00 -3.529089e-04
8.350000e+00 -4.165992e-04
8.360000e+00 -4.806986e-04
8.370000e+00 -5.450238e-04
8.380000e+00 -6.093896e-04
8.390000e+00 -6.736092e-04
8.400000e+00 -7.374942e-04
8.410000e+00 -8.008545e-04
8.420000e+00 -8.634990e-04
8.430000e+00 -9.252357e-04
8.440000e+00 -9.858721e-04
8.450000e+00 -1.045216e-03
8.460000e+00 -1.103076e-03
8.470000e+00 -1.159264e-03
8.480000e+00 -1.213591e-03
8.490000e+00 -1.265878e-03
8.500000e+00 -1.315945e-03
8.510000e+00 -1.363625e-03
8.520000e+00 -1.408755e-03
8.530000e+00 -1.451184e-03
8.540000e+00 -1.490772e-03
8.550000e+00 -1.527391e-03
8.560000e+00 -1.560930e-03
8.570000e+00 -1.591291e-03
8.580000e+00 -1.618395e-03
8.590000e+00 -1.642180e-03
8.600000e+00 -1.662601e-03
8.610000e+00 -1.679635e-03
8.620000e+00 -1.693276e-03
8.630000e+00 -1.703538e-03
8.640000e+00 -1.710455e-03
8.650000e+00 -1.714077e-03
8.660000e+00 -1.714472e-03
8.670000e+00 -1.711724e-03
8.680000e+00 -1.705931e-03
8.690000e+00 -1.697204e-03
8.700000e+00 -1.685664e-03
8.710000e+00 -1.671442e-03
8.720000e+00 -1.654672e-03
8.730000e+00 -1.635497e-03
8.740000e+00 -1.614059e-03
8.750000e+00 -1.590499e-03
8.760000e+00 -1.564959e-03
8.770000e+00 -1.537574e-03
8.780000e+00 -1.508474e-03
8.790000e+00 -1.477782e-03
8.800000e+00 -1.445613e-03
8.810000e+00 -1.412072e-03
8.820000e+00 -1.377253e-03
8.830000e+00 -1.341242e-03
8.840000e+00 -1.304114e-03
8.850000e+00 -1.265932e-03
8.860000e+00 -1.226753e-03
8.870000e+00 -1.186623e-03
8.880000e+00 -1.145582e-03
8.890000e+00 -1.103664e-03
8.900000e+00 -1.060900e-03
8.910000e+00 -1.017314e-03
8.920000e+00 -9.729326e-04
8.930000e+00 -9.277819e-04
8.940000e+00 -8.818897e-04
8.950000e+00 -8.352876e-04
8.960000e+00 -7.880122e-04
8.970000e+00 -7.401064e-04
8.980000e+00 -6.916206e-04
8.990000e+00 -6.426133e-04
9.000000e+00 -5.931517e-04
9.010000e+00 -5.433125e-04
9.020000e+00 -4.931812e-04
9.030000e+00 -4.428525e-04
9.040000e+00 -3.924298e-04
9.050000e+00 -3.420243e-04
9.060000e+00 -2.917543e-04
9.070000e+00 -2.417442e-04
9.080000e+00 -1.921231e-04
9.090000e+00 -1.430236e-04
9.100000e+00 -9.458044e-05
9.110000e+00 -4.692894e-05
9.120000e+00 -2.036413e-07
9.130000e+00 4.546316e-05
9.140000e+00 8.994276e-05
9.150000e+00 1.331113e-04
9.160000e+00 1.748509e-04
9.170000e+00 2.150507e-04
9.180000e+00 2.536075e-04
9.190000e+00 2.904270e-04
9.200000e+00 3.254236e-04
9.210000e+00 3.585212e-04
9.220000e+00 3.896533e-04
9.230000e+00 4.187629e-04
9.240000e+00 4.458029e-04
9.250000e+00 4.707351e-04
9.260000e+00 4.935307e-04
9.270000e+00 5.141695e-04
9.280000e+00 5.326396e-04
9.290000e+00 5.489373e-04
9.300000e+00 5.630660e-04
9.310000e+00 5.750368e-04
9.320000e+00 5.848671e-04
9.330000e+00 5.925814e-04
9.340000e+00 5.982100e-04
9.350000e+00 6.017899e-04
9.360000e+00 6.033639e-04
9.370000e+00 6.029810e-04
9.380000e+00 6.006966e-04
9.390000e+00 5.965721e-04
9.400000e+00 5.906754e-04
9.410000e+00 5.830809e-04
9.420000e+00 5.738696e-04
9.430000e+00 5.631293e-04
9.440000e+00 5.509544e-04
9.450000e+00 5.374462e-04
9.460000e+00 5.227124e-04
9.470000e+00 5.068669e-04
9.480000e+00 4.900297e-04
9.490000e+00 4.723258e-04
9.500000e+00 4.538852e-04
9.510000e+00 4.348415e-04
9.520000e+00 4.153311e-04
9.530000e+00 3.954922e-04
9.540000e+00 3.754634e-04
9.550000e+00 3.553826e-04
9.560000e+00 3.353852e-04
9.570000e+00 3.156030e-04
9.580000e+00 2.961626e-04
9.590000e+00 2.771838e-04
9.600000e+00 2.587783e-04
9.610000e+00 2.410483e-04
9.620000e+00 2.240854e-04
9.630000e+00 2.079694e-04
9.640000e+00 1.927671e-04
9.650000e+00 1.785322e-04
9.660000e+00 1.653043e-04
9.670000e+00 1.531087e-04
9.680000e+00 1.419566e-04
9.690000e+00 1.318448e-04
9.700000e+00 1.227568e-04
9.710000e+00 1.146628e-04
9.720000e+00 1.075211e-04
9.730000e+00 1.012789e-04
9.740000e+00 9.587342e-05
9.750000e+00 9.123363e-05
9.760000e+00 8.728132e-05
9.770000e+00 8.393281e-05
9.780000e+00 8.110049e-05
9.790000e+00 7.869428e-05
9.800000e+00 7.662316e-05
9.810000e+00 7.479653e-05
9.820000e+00 7.312550e-05
9.830000e+00 7.152400e-05
9.840000e+00 6.990974e-05
9.850000e+00 6.820494e-05
9.860000e+00 6.633697e-05
9.870000e+00 6.423859e-05
9.880000e+00 6.184818e-05
9.890000e+00 5.910967e-05
9.900000e+00 5.597223e-05
9.910000e+00 5.238992e-05
9.920000e+00 4.832111e-05
9.930000e+00 4.372775e-05
9.940000e+00 3.857465e-05
9.950000e+00 3.282860e-05
9.960000e+00 2.645757e-05
9.970000e+00 1.942983e-05
9.980000e+00 1.171318e-05
9.990000e+00 3.274284e-06
1.000000e+01 -5.921978e-06
