# sigma2_v 9.878933671632817e+00
0.000000e+00 1.000000e+00
1.000000e-02 9.995062e-01
2.000000e-02 9.980264e-01
3.000000e-02 9.955653e-01
4.000000e-02 9.921311e-01
5.000000e-02 9.877347e-01
6.000000e-02 9.823904e-01
7.000000e-02 9.761152e-01
8.000000e-02 9.689294e-01
9.000000e-02 9.608555e-01
1.000000e-01 9.519189e-01
1.100000e-01 9.421477e-01
1.200000e-01 9.315718e-01
1.300000e-01 9.202238e-01
1.400000e-01 9.081377e-01
1.500000e-01 8.953498e-01
1.600000e-01 8.818975e-01
1.700000e-01 8.678200e-01
1.800000e-01 8.531575e-01
1.900000e-01 8.379510e-01
2.000000e-01 8.222425e-01
2.100000e-01 8.060745e-01
2.200000e-01 7.894898e-01
2.300000e-01 7.725314e-01
2.400000e-01 7.552424e-01
2.500000e-01 7.376654e-01
2.600000e-01 7.198428e-01
2.700000e-01 7.018165e-01
2.800000e-01 6.836275e-01
2.900000e-01 6.653161e-01
3.000000e-01 6.469214e-01
3.100000e-01 6.284817e-01
3.200000e-01 6.100337e-01
3.300000e-01 5.916129e-01
3.400000e-01 5.732533e-01
3.500000e-01 5.549876e-01
3.600000e-01 5.368466e-01
3.700000e-01 5.188595e-01
3.800000e-01 5.010541e-01
3.900000e-01 4.834562e-01
4.000000e-01 4.660898e-01
4.100000e-01 4.489774e-01
4.200000e-01 4.321395e-01
4.300000e-01 4.155950e-01
4.400000e-01 3.993609e-01
4.500000e-01 3.834527e-01
4.600000e-01 3.678840e-01
4.700000e-01 3.526669e-01
4.800000e-01 3.378118e-01
4.900000e-01 3.233276e-01
5.000000e-01 3.092217e-01
5.100000e-01 2.955001e-01
5.200000e-01 2.821673e-01
5.300000e-01 2.692265e-01
5.400000e-01 2.566799e-01
5.500000e-01 2.445281e-01
5.600000e-01 2.327711e-01
5.700000e-01 2.214075e-01
5.800000e-01 2.104351e-01
5.900000e-01 1.998507e-01
6.000000e-01 1.896505e-01
6.100000e-01 1.798296e-01
6.200000e-01 1.703828e-01
6.300000e-01 1.613041e-01
6.400000e-01 1.525869e-01
6.500000e-01 1.442243e-01
6.600000e-01 1.362088e-01
6.700000e-01 1.285327e-01
6.800000e-01 1.211877e-01
6.900000e-01 1.141656e-01
7.000000e-01 1.074578e-01
7.100000e-01 1.010555e-01
7.200000e-01 9.494976e-02
7.300000e-01 8.913173e-02
7.400000e-01 8.359235e-02
7.500000e-01 7.832260e-02
7.600000e-01 7.331344e-02
7.700000e-01 6.855593e-02
7.800000e-01 6.404114e-02
7.900000e-01 5.976026e-02
8.000000e-01 5.570459e-02
8.100000e-01 5.186554e-02
8.200000e-01 4.823469e-02
8.300000e-01 4.480375e-02
8.400000e-01 4.156462e-02
8.500000e-01 3.850935e-02
8.600000e-01 3.563020e-02
8.700000e-01 3.291960e-02
8.800000e-01 3.037019e-02
8.900000e-01 2.797480e-02
9.000000e-01 2.572646e-02
9.100000e-01 2.361839e-02
9.200000e-01 2.164403e-02
9.300000e-01 1.979701e-02
9.400000e-01 1.807115e-02
9.500000e-01 1.646046e-02
9.600000e-01 1.495917e-02
9.700000e-01 1.356167e-02
9.800000e-01 1.226255e-02
9.900000e-01 1.105659e-02
1.000000e+00 9.938720e-03
1.010000e+00 8.904079e-03
1.020000e+00 7.947962e-03
1.030000e+00 7.065839e-03
1.040000e+00 6.253344e-03
1.050000e+00 5.506279e-03
1.060000e+00 4.820604e-03
1.070000e+00 4.192442e-03
1.080000e+00 3.618073e-03
1.090000e+00 3.093931e-03
1.100000e+00 2.616605e-03
1.110000e+00 2.182839e-03
1.120000e+00 1.789523e-03
1.130000e+00 1.433700e-03
1.140000e+00 1.112560e-03
1.150000e+00 8.234371e-04
1.160000e+00 5.638116e-04
1.170000e+00 3.313046e-04
1.180000e+00 1.236774e-04
1.190000e+00 -6.117189e-05
1.200000e+00 -2.252106e-04
1.210000e+00 -3.702749e-04
1.220000e+00 -4.980733e-04
1.230000e+00 -6.101902e-04
1.240000e+00 -7.080902e-04
1.250000e+00 -7.931224e-04
1.260000e+00 -8.665248e-04
1.270000e+00 -9.294296e-04
1.280000e+00 -9.828680e-04
1.290000e+00 -1.027775e-03
1.300000e+00 -1.064997e-03
1.310000e+00 -1.095293e-03
1.320000e+00 -1.119344e-03
1.330000e+00 -1.137757e-03
1.340000e+00 -1.151071e-03
1.350000e+00 -1.159760e-03
1.360000e+00 -1.164244e-03
1.370000e+00 -1.164887e-03
1.380000e+00 -1.162005e-03
1.390000e+00 -1.155873e-03
1.400000e+00 -1.146727e-03
1.410000e+00 -1.134768e-03
1.420000e+00 -1.120169e-03
1.430000e+00 -1.103073e-03
1.440000e+00 -1.083606e-03
1.450000e+00 -1.061869e-03
1.460000e+00 -1.037953e-03
1.470000e+00 -1.011931e-03
1.480000e+00 -9.838700e-04
1.490000e+00 -9.538259e-04
1.500000e+00 -9.218512e-04
1.510000e+00 -8.879945e-04
1.520000e+00 -8.523029e-04
1.530000e+00 -8.148235e-04
1.540000e+00 -7.756049e-04
1.550000e+00 -7.346981e-04
1.560000e+00 -6.921577e-04
1.570000e+00 -6.480423e-04
1.580000e+00 -6.024153e-04
1.590000e+00 -5.553448e-04
1.600000e+00 -5.069039e-04
1.610000e+00 -4.571706e-04
1.620000e+00 -4.062273e-04
1.630000e+00 -3.541604e-04
1.640000e+00 -3.010599e-04
1.650000e+00 -2.470183e-04
1.660000e+00 -1.921304e-04
1.670000e+00 -1.364919e-04
1.680000e+00 -8.019922e-05
1.690000e+00 -2.334799e-05
1.700000e+00 3.396716e-05
1.710000e+00 9.165347e-05
1.720000e+00 1.496206e-04
1.730000e+00 2.077810e-04
1.740000e+00 2.660503e-04
1.750000e+00 3.243472e-04
1.760000e+00 3.825939e-04
1.770000e+00 4.407151e-04
1.780000e+00 4.986384e-04
1.790000e+00 5.562934e-04
1.800000e+00 6.136110e-04
1.810000e+00 6.705228e-04
1.820000e+00 7.269602e-04
1.830000e+00 7.828537e-04
1.840000e+00 8.381315e-04
1.850000e+00 8.927196e-04
1.860000e+00 9.465400e-04
1.870000e+00 9.995109e-04
1.880000e+00 1.051546e-03
1.890000e+00 1.102553e-03
1.900000e+00 1.152435e-03
1.910000e+00 1.201091e-03
1.920000e+00 1.248415e-03
1.930000e+00 1.294294e-03
1.940000e+00 1.338615e-03
1.950000e+00 1.381260e-03
1.960000e+00 1.422111e-03
1.970000e+00 1.461048e-03
1.980000e+00 1.497953e-03
1.990000e+00 1.532711e-03
2.000000e+00 1.565208e-03
2.010000e+00 1.595339e-03
2.020000e+00 1.623003e-03
2.030000e+00 1.648110e-03
2.040000e+00 1.670577e-03
2.050000e+00 1.690332e-03
2.060000e+00 1.707317e-03
2.070000e+00 1.721482e-03
2.080000e+00 1.732794e-03
2.090000e+00 1.741230e-03
2.100000e+00 1.746783e-03
2.110000e+00 1.749456e-03
2.120000e+00 1.749268e-03
2.130000e+00 1.746250e-03
2.140000e+00 1.740442e-03
2.150000e+00 1.731899e-03
2.160000e+00 1.720683e-03
2.170000e+00 1.706869e-03
2.180000e+00 1.690537e-03
2.190000e+00 1.671777e-03
2.200000e+00 1.650685e-03
2.210000e+00 1.627362e-03
2.220000e+00 1.601916e-03
2.230000e+00 1.574456e-03
2.240000e+00 1.545099e-03
2.250000e+00 1.513962e-03
2.260000e+00 1.481165e-03
2.270000e+00 1.446832e-03
2.280000e+00 1.411087e-03
2.290000e+00 1.374057e-03
2.300000e+00 1.335868e-03
2.310000e+00 1.296650e-03
2.320000e+00 1.256532e-03
2.330000e+00 1.215643e-03
2.340000e+00 1.174114e-03
2.350000e+00 1.132073e-03
2.360000e+00 1.089650e-03
2.370000e+00 1.046972e-03
2.380000e+00 1.004164e-03
2.390000e+00 9.613498e-04
2.400000e+00 9.186483e-04
2.410000e+00 8.761753e-04
2.420000e+00 8.340414e-04
2.430000e+00 7.923517e-04
2.440000e+00 7.512050e-04
2.450000e+00 7.106928e-04
2.460000e+00 6.708989e-04
2.470000e+00 6.318989e-04
2.480000e+00 5.937594e-04
2.490000e+00 5.565381e-04
2.500000e+00 5.202832e-04
2.510000e+00 4.850336e-04
2.520000e+00 4.508189e-04
2.530000e+00 4.176595e-04
2.540000e+00 3.855673e-04
2.550000e+00 3.545459e-04
2.560000e+00 3.245912e-04
2.570000e+00 2.956924e-04
2.580000e+00 2.678325e-04
2.590000e+00 2.409890e-04
2.600000e+00 2.151351e-04
2.610000e+00 1.902401e-04
2.620000e+00 1.662707e-04
2.630000e+00 1.431910e-04
2.640000e+00 1.209638e-04
2.650000e+00 9.955097e-05
2.660000e+00 7.891376e-05
2.670000e+00 5.901335e-05
2.680000e+00 3.981106e-05
2.690000e+00 2.126853e-05
2.700000e+00 3.347803e-06
2.710000e+00 -1.398869e-05
2.720000e+00 -3.077818e-05
2.730000e+00 -4.705763e-05
2.740000e+00 -6.286392e-05
2.750000e+00 -7.823393e-05
2.760000e+00 -9.320468e-05
2.770000e+00 -1.078134e-04
2.780000e+00 -1.220976e-04
2.790000e+00 -1.360950e-04
2.800000e+00 -1.498435e-04
2.810000e+00 -1.633809e-04
2.820000e+00 -1.767449e-04
2.830000e+00 -1.899726e-04
2.840000e+00 -2.031001e-04
2.850000e+00 -2.161623e-04
2.860000e+00 -2.291923e-04
2.870000e+00 -2.422210e-04
2.880000e+00 -2.552766e-04
2.890000e+00 -2.683840e-04
2.900000e+00 -2.815649e-04
2.910000e+00 -2.948367e-04
2.920000e+00 -3.082127e-04
2.930000e+00 -3.217019e-04
2.940000e+00 -3.353083e-04
2.950000e+00 -3.490314e-04
2.960000e+00 -3.628659e-04
2.970000e+00 -3.768019e-04
2.980000e+00 -3.908247e-04
2.990000e+00 -4.049156e-04
3.000000e+00 -4.190515e-04
3.010000e+00 -4.332055e-04
3.020000e+00 -4.473471e-04
3.030000e+00 -4.614424e-04
3.040000e+00 -4.754544e-04
3.050000e+00 -4.893432e-04
3.060000e+00 -5.030660e-04
3.070000e+00 -5.165777e-04
3.080000e+00 -5.298303e-04
3.090000e+00 -5.427736e-04
3.100000e+00 -5.553550e-04
3.110000e+00 -5.675194e-04
3.120000e+00 -5.792093e-04
3.130000e+00 -5.903648e-04
3.140000e+00 -6.009238e-04
3.150000e+00 -6.108223e-04
3.160000e+00 -6.199942e-04
3.170000e+00 -6.283719e-04
3.180000e+00 -6.358869e-04
3.190000e+00 -6.424704e-04
3.200000e+00 -6.480537e-04
3.210000e+00 -6.525696e-04
3.220000e+00 -6.559532e-04
3.230000e+00 -6.581431e-04
3.240000e+00 -6.590828e-04
3.250000e+00 -6.587219e-04
3.260000e+00 -6.570178e-04
3.270000e+00 -6.539368e-04
3.280000e+00 -6.494559e-04
3.290000e+00 -6.435636e-04
3.300000e+00 -6.362616e-04
3.310000e+00 -6.275655e-04
3.320000e+00 -6.175056e-04
3.330000e+00 -6.061276e-04
3.340000e+00 -5.934928e-04
3.350000e+00 -5.796777e-04
3.360000e+00 -5.647740e-04
3.370000e+00 -5.488874e-04
3.380000e+00 -5.321368e-04
3.390000e+00 -5.146527e-04
3.400000e+00 -4.965755e-04
3.410000e+00 -4.780533e-04
3.420000e+00 -4.592400e-04
3.430000e+00 -4.402926e-04
3.440000e+00 -4.213688e-04
3.450000e+00 -4.026247e-04
3.460000e+00 -3.842119e-04
3.470000e+00 -3.662754e-04
3.480000e+00 -3.489516e-04
3.490000e+00 -3.323657e-04
3.500000e+00 -3.166307e-04
3.510000e+00 -3.018456e-04
3.520000e+00 -2.880947e-04
3.530000e+00 -2.754468e-04
3.540000e+00 -2.639552e-04
3.550000e+00 -2.536577e-04
3.560000e+00 -2.445776e-04
3.570000e+00 -2.367239e-04
3.580000e+00 -2.300932e-04
3.590000e+00 -2.246708e-04
3.600000e+00 -2.204326e-04
3.610000e+00 -2.173464e-04
3.620000e+00 -2.153743e-04
3.630000e+00 -2.144742e-04
3.640000e+00 -2.146012e-04
3.650000e+00 -2.157098e-04
3.660000e+00 -2.177545e-04
3.670000e+00 -2.206915e-04
3.680000e+00 -2.244789e-04
3.690000e+00 -2.290775e-04
3.700000e+00 -2.344508e-04
3.710000e+00 -2.405645e-04
3.720000e+00 -2.473865e-04
3.730000e+00 -2.548854e-04
3.740000e+00 -2.630301e-04
3.750000e+00 -2.717879e-04
3.760000e+00 -2.811237e-04
3.770000e+00 -2.909981e-04
3.780000e+00 -3.013664e-04
3.790000e+00 -3.121768e-04
3.800000e+00 -3.233697e-04
3.810000e+00 -3.348763e-04
3.820000e+00 -3.466182e-04
3.830000e+00 -3.585071e-04
3.840000e+00 -3.704447e-04
3.850000e+00 -3.823227e-04
3.860000e+00 -3.940245e-04
3.870000e+00 -4.054254e-04
3.880000e+00 -4.163946e-04
3.890000e+00 -4.267972e-04
3.900000e+00 -4.364960e-04
3.910000e+00 -4.453540e-04
3.920000e+00 -4.532368e-04
3.930000e+00 -4.600156e-04
3.940000e+00 -4.655693e-04
3.950000e+00 -4.697875e-04
3.960000e+00 -4.725726e-04
3.970000e+00 -4.738422e-04
3.980000e+00 -4.735306e-04
3.990000e+00 -4.715911e-04
4.000000e+00 -4.679963e-04
4.010000e+00 -4.627394e-04
4.020000e+00 -4.558345e-04
4.030000e+00 -4.473159e-04
4.040000e+00 -4.372382e-04
4.050000e+00 -4.256747e-04
4.060000e+00 -4.127162e-04
4.070000e+00 -3.984690e-04
4.080000e+00 -3.830530e-04
4.090000e+00 -3.665994e-04
4.100000e+00 -3.492478e-04
4.110000e+00 -3.311437e-04
4.120000e+00 -3.124361e-04
4.130000e+00 -2.932745e-04
4.140000e+00 -2.738061e-04
4.150000e+00 -2.541742e-04
4.160000e+00 -2.345151e-04
4.170000e+00 -2.149566e-04
4.180000e+00 -1.956164e-04
4.190000e+00 -1.766002e-04
4.200000e+00 -1.580013e-04
4.210000e+00 -1.398995e-04
4.220000e+00 -1.223607e-04
4.230000e+00 -1.054372e-04
4.240000e+00 -8.916720e-05
4.250000e+00 -7.357602e-05
4.260000e+00 -5.867630e-05
4.270000e+00 -4.446905e-05
4.280000e+00 -3.094464e-05
4.290000e+00 -1.808390e-05
4.300000e+00 -5.859353e-06
4.310000e+00 5.763607e-06
4.320000e+00 1.682550e-05
4.330000e+00 2.737160e-05
4.340000e+00 3.745081e-05
4.350000e+00 4.711471e-05
4.360000e+00 5.641656e-05
4.370000e+00 6.541056e-05
4.380000e+00 7.415117e-05
4.390000e+00 8.269248e-05
4.400000e+00 9.108778e-05
4.410000e+00 9.938924e-05
4.420000e+00 1.076475e-04
4.430000e+00 1.159118e-04
4.440000e+00 1.242292e-04
4.450000e+00 1.326453e-04
4.460000e+00 1.412036e-04
4.470000e+00 1.499456e-04
4.480000e+00 1.589109e-04
4.490000e+00 1.681367e-04
4.500000e+00 1.776585e-04
4.510000e+00 1.875093e-04
4.520000e+00 1.977196e-04
4.530000e+00 2.083176e-04
4.540000e+00 2.193285e-04
4.550000e+00 2.307747e-04
4.560000e+00 2.426751e-04
4.570000e+00 2.550452e-04
4.580000e+00 2.678966e-04
4.590000e+00 2.812367e-04
4.600000e+00 2.950680e-04
4.610000e+00 3.093885e-04
4.620000e+00 3.241907e-04
4.630000e+00 3.394615e-04
4.640000e+00 3.551819e-04
4.650000e+00 3.713267e-04
4.660000e+00 3.878642e-04
4.670000e+00 4.047560e-04
4.680000e+00 4.219570e-04
4.690000e+00 4.394151e-04
4.700000e+00 4.570712e-04
4.710000e+00 4.748596e-04
4.720000e+00 4.927075e-04
4.730000e+00 5.105359e-04
4.740000e+00 5.282595e-04
4.750000e+00 5.457873e-04
4.760000e+00 5.630232e-04
4.770000e+00 5.798666e-04
4.780000e+00 5.962130e-04
4.790000e+00 6.119554e-04
4.800000e+00 6.269847e-04
4.810000e+00 6.411911e-04
4.820000e+00 6.544655e-04
4.830000e+00 6.667001e-04
4.840000e+00 6.777903e-04
4.850000e+00 6.876358e-04
4.860000e+00 6.961419e-04
4.870000e+00 7.032211e-04
4.880000e+00 7.087938e-04
4.890000e+00 7.127901e-04
4.900000e+00 7.151507e-04
4.910000e+00 7.158278e-04
4.920000e+00 7.147858e-04
4.930000e+00 7.120023e-04
4.940000e+00 7.074682e-04
4.950000e+00 7.011881e-04
4.960000e+00 6.931802e-04
4.970000e+00 6.834761e-04
4.980000e+00 6.721203e-04
4.990000e+00 6.591696e-04
5.000000e+00 6.446920e-04
5.010000e+00 6.287660e-04
5.020000e+00 6.114787e-04
5.030000e+00 5.929250e-04
5.040000e+00 5.732060e-04
5.050000e+00 5.524272e-04
5.060000e+00 5.306969e-04
5.070000e+00 5.081251e-04
5.080000e+00 4.848215e-04
5.090000e+00 4.608942e-04
5.100000e+00 4.364484e-04
5.110000e+00 4.115855e-04
5.120000e+00 3.864015e-04
5.130000e+00 3.609868e-04
5.140000e+00 3.354254e-04
5.150000e+00 3.097941e-04
5.160000e+00 2.841631e-04
5.170000e+00 2.585951e-04
5.180000e+00 2.331462e-04
5.190000e+00 2.078658e-04
5.200000e+00 1.827970e-04
5.210000e+00 1.579773e-04
5.220000e+00 1.334391e-04
5.230000e+00 1.092103e-04
5.240000e+00 8.531514e-05
5.250000e+00 6.177438e-05
5.260000e+00 3.860620e-05
5.270000e+00 1.582650e-05
5.280000e+00 -6.550677e-06
5.290000e+00 -2.851286e-05
5.300000e+00 -5.004900e-05
5.310000e+00 -7.114937e-05
5.320000e+00 -9.180557e-05
5.330000e+00 -1.120107e-04
5.340000e+00 -1.317592e-04
5.350000e+00 -1.510476e-04
5.360000e+00 -1.698742e-04
5.370000e+00 -1.882394e-04
5.380000e+00 -2.061458e-04
5.390000e+00 -2.235983e-04
5.400000e+00 -2.406041e-04
5.410000e+00 -2.571724e-04
5.420000e+00 -2.733142e-04
5.430000e+00 -2.890418e-04
5.440000e+00 -3.043683e-04
5.450000e+00 -3.193069e-04
5.460000e+00 -3.338701e-04
5.470000e+00 -3.480686e-04
5.480000e+00 -3.619108e-04
5.490000e+00 -3.754010e-04
5.500000e+00 -3.885392e-04
5.510000e+00 -4.013193e-04
5.520000e+00 -4.137289e-04
5.530000e+00 -4.257479e-04
5.540000e+00 -4.373481e-04
5.550000e+00 -4.484924e-04
5.560000e+00 -4.591350e-04
5.570000e+00 -4.692209e-04
5.580000e+00 -4.786861e-04
5.590000e+00 -4.874582e-04
5.600000e+00 -4.954569e-04
5.610000e+00 -5.025952e-04
5.620000e+00 -5.087802e-04
5.630000e+00 -5.139146e-04
5.640000e+00 -5.178983e-04
5.650000e+00 -5.206299e-04
5.660000e+00 -5.220086e-04
5.670000e+00 -5.219356e-04
5.680000e+00 -5.203164e-04
5.690000e+00 -5.170623e-04
5.700000e+00 -5.120919e-04
5.710000e+00 -5.053326e-04
5.720000e+00 -4.967221e-04
5.730000e+00 -4.862095e-04
5.740000e+00 -4.737560e-04
5.750000e+00 -4.593357e-04
5.760000e+00 -4.429357e-04
5.770000e+00 -4.245570e-04
5.780000e+00 -4.042134e-04
5.790000e+00 -3.819319e-04
5.800000e+00 -3.577519e-04
5.810000e+00 -3.317247e-04
5.820000e+00 -3.039124e-04
5.830000e+00 -2.743871e-04
5.840000e+00 -2.432300e-04
5.850000e+00 -2.105301e-04
5.860000e+00 -1.763834e-04
5.870000e+00 -1.408918e-04
5.880000e+00 -1.041620e-04
5.890000e+00 -6.630474e-05
5.900000e+00 -2.743416e-05
5.910000e+00 1.233323e-05
5.920000e+00 5.287893e-05
5.930000e+00 9.408300e-05
5.940000e+00 1.358245e-04
5.950000e+00 1.779816e-04
5.960000e+00 2.204322e-04
5.970000e+00 2.630540e-04
5.980000e+00 3.057244e-04
5.990000e+00 3.483212e-04
6.000000e+00 3.907225e-04
6.010000e+00 4.328070e-04
6.020000e+00 4.744544e-04
6.030000e+00 5.155458e-04
6.040000e+00 5.559641e-04
6.050000e+00 5.955946e-04
6.060000e+00 6.343256e-04
6.070000e+00 6.720491e-04
6.080000e+00 7.086615e-04
6.090000e+00 7.440644e-04
6.100000e+00 7.781656e-04
6.110000e+00 8.108795e-04
6.120000e+00 8.421284e-04
6.130000e+00 8.718427e-04
6.140000e+00 8.999620e-04
6.150000e+00 9.264352e-04
6.160000e+00 9.512215e-04
6.170000e+00 9.742902e-04
6.180000e+00 9.956213e-04
6.190000e+00 1.015205e-03
6.200000e+00 1.033042e-03
6.210000e+00 1.049145e-03
6.220000e+00 1.063532e-03
6.230000e+00 1.076236e-03
6.240000e+00 1.087294e-03
6.250000e+00 1.096754e-03
6.260000e+00 1.104671e-03
6.270000e+00 1.111105e-03
6.280000e+00 1.116124e-03
6.290000e+00 1.119800e-03
6.300000e+00 1.122210e-03
6.310000e+00 1.123433e-03
6.320000e+00 1.123554e-03
6.330000e+00 1.122659e-03
6.340000e+00 1.120835e-03
6.350000e+00 1.118173e-03
6.360000e+00 1.114762e-03
6.370000e+00 1.110695e-03
6.380000e+00 1.106062e-03
6.390000e+00 1.100955e-03
6.400000e+00 1.095466e-03
6.410000e+00 1.089685e-03
6.420000e+00 1.083699e-03
6.430000e+00 1.077597e-03
6.440000e+00 1.071462e-03
6.450000e+00 1.065375e-03
6.460000e+00 1.059413e-03
6.470000e+00 1.053648e-03
6.480000e+00 1.048146e-03
6.490000e+00 1.042968e-03
6.500000e+00 1.038163e-03
6.510000e+00 1.033777e-03
6.520000e+00 1.029842e-03
6.530000e+00 1.026382e-03
6.540000e+00 1.023408e-03
6.550000e+00 1.020922e-03
6.560000e+00 1.018910e-03
6.570000e+00 1.017350e-03
6.580000e+00 1.016204e-03
6.590000e+00 1.015425e-03
6.600000e+00 1.014950e-03
6.610000e+00 1.014710e-03
6.620000e+00 1.014624e-03
6.630000e+00 1.014602e-03
6.640000e+00 1.014548e-03
6.650000e+00 1.014360e-03
6.660000e+00 1.013932e-03
6.670000e+00 1.013157e-03
6.680000e+00 1.011930e-03
6.690000e+00 1.010145e-03
6.700000e+00 1.007703e-03
6.710000e+00 1.004509e-03
6.720000e+00 1.000479e-03
6.730000e+00 9.955347e-04
6.740000e+00 9.896108e-04
6.750000e+00 9.826529e-04
6.760000e+00 9.746191e-04
6.770000e+00 9.654803e-04
6.780000e+00 9.552203e-04
6.790000e+00 9.438355e-04
6.800000e+00 9.313347e-04
6.810000e+00 9.177382e-04
6.820000e+00 9.030767e-04
6.830000e+00 8.873908e-04
6.840000e+00 8.707287e-04
6.850000e+00 8.531458e-04
6.860000e+00 8.347029e-04
6.870000e+00 8.154647e-04
6.880000e+00 7.954987e-04
6.890000e+00 7.748737e-04
6.900000e+00 7.536591e-04
6.910000e+00 7.319237e-04
6.920000e+00 7.097351e-04
6.930000e+00 6.871589e-04
6.940000e+00 6.642588e-04
6.950000e+00 6.410962e-04
6.960000e+00 6.177305e-04
6.970000e+00 5.942190e-04
6.980000e+00 5.706177e-04
6.990000e+00 5.469814e-04
7.000000e+00 5.233644e-04
7.010000e+00 4.998211e-04
7.020000e+00 4.764065e-04
7.030000e+00 4.531768e-04
7.040000e+00 4.301893e-04
7.050000e+00 4.075035e-04
7.060000e+00 3.851804e-04
7.070000e+00 3.632827e-04
7.080000e+00 3.418750e-04
7.090000e+00 3.210227e-04
7.100000e+00 3.007919e-04
7.110000e+00 2.812482e-04
7.120000e+00 2.624566e-04
7.130000e+00 2.444796e-04
7.140000e+00 2.273767e-04
7.150000e+00 2.112036e-04
7.160000e+00 1.960102e-04
7.170000e+00 1.818408e-04
7.180000e+00 1.687321e-04
7.190000e+00 1.567133e-04
7.200000e+00 1.458049e-04
7.210000e+00 1.360186e-04
7.220000e+00 1.273569e-04
7.230000e+00 1.198132e-04
7.240000e+00 1.133720e-04
7.250000e+00 1.080092e-04
7.260000e+00 1.036927e-04
7.270000e+00 1.003835e-04
7.280000e+00 9.803598e-05
7.290000e+00 9.659950e-05
7.300000e+00 9.601915e-05
7.310000e+00 9.623696e-05
7.320000e+00 9.719294e-05
7.330000e+00 9.882619e-05
7.340000e+00 1.010757e-04
7.350000e+00 1.038815e-04
7.360000e+00 1.071848e-04
7.370000e+00 1.109292e-04
7.380000e+00 1.150602e-04
7.390000e+00 1.195264e-04
7.400000e+00 1.242784e-04
7.410000e+00 1.292696e-04
7.420000e+00 1.344551e-04
7.430000e+00 1.397919e-04
7.440000e+00 1.452381e-04
7.450000e+00 1.507523e-04
7.460000e+00 1.562931e-04
7.470000e+00 1.618189e-04
7.480000e+00 1.672868e-04
7.490000e+00 1.726528e-04
7.500000e+00 1.778712e-04
7.510000e+00 1.828948e-04
7.520000e+00 1.876749e-04
7.530000e+00 1.921613e-04
7.540000e+00 1.963031e-04
7.550000e+00 2.000493e-04
7.560000e+00 2.033494e-04
7.570000e+00 2.061545e-04
7.580000e+00 2.084183e-04
7.590000e+00 2.100983e-04
7.600000e+00 2.111570e-04
7.610000e+00 2.115629e-04
7.620000e+00 2.112921e-04
7.630000e+00 2.103287e-04
7.640000e+00 2.086666e-04
7.650000e+00 2.063095e-04
7.660000e+00 2.032724e-04
7.670000e+00 1.995810e-04
7.680000e+00 1.952727e-04
7.690000e+00 1.903961e-04
7.700000e+00 1.850110e-04
7.710000e+00 1.791873e-04
7.720000e+00 1.730045e-04
7.730000e+00 1.665507e-04
7.740000e+00 1.599211e-04
7.750000e+00 1.532166e-04
7.760000e+00 1.465421e-04
7.770000e+00 1.400049e-04
7.780000e+00 1.337129e-04
7.790000e+00 1.277725e-04
7.800000e+00 1.222869e-04
7.810000e+00 1.173543e-04
7.820000e+00 1.130658e-04
7.830000e+00 1.095044e-04
7.840000e+00 1.067427e-04
7.850000e+00 1.048422e-04
7.860000e+00 1.038515e-04
7.870000e+00 1.038057e-04
7.880000e+00 1.047255e-04
7.890000e+00 1.066168e-04
7.900000e+00 1.094698e-04
7.910000e+00 1.132595e-04
7.920000e+00 1.179454e-04
7.930000e+00 1.234720e-04
7.940000e+00 1.297692e-04
7.950000e+00 1.367529e-04
7.960000e+00 1.443263e-04
7.970000e+00 1.523807e-04
7.980000e+00 1.607967e-04
7.990000e+00 1.694459e-04
8.000000e+00 1.781923e-04
8.010000e+00 1.868938e-04
8.020000e+00 1.954046e-04
8.030000e+00 2.035766e-04
8.040000e+00 2.112615e-04
8.050000e+00 2.183131e-04
8.060000e+00 2.245891e-04
8.070000e+00 2.299533e-04
8.080000e+00 2.342780e-04
8.090000e+00 2.374457e-04
8.100000e+00 2.393510e-04
8.110000e+00 2.399031e-04
8.120000e+00 2.390267e-04
8.130000e+00 2.366643e-04
8.140000e+00 2.327772e-04
8.150000e+00 2.273464e-04
8.160000e+00 2.203743e-04
8.170000e+00 2.118840e-04
8.180000e+00 2.019209e-04
8.190000e+00 1.905513e-04
8.200000e+00 1.778631e-04
8.210000e+00 1.639640e-04
8.220000e+00 1.489811e-04
8.230000e+00 1.330590e-04
8.240000e+00 1.163582e-04
8.250000e+00 9.905254e-05
8.260000e+00 8.132744e-05
8.270000e+00 6.337682e-05
8.280000e+00 4.540048e-05
8.290000e+00 2.760116e-05
8.300000e+00 1.018153e-05
8.310000e+00 -6.658809e-06
8.320000e+00 -2.272629e-05
8.330000e+00 -3.783625e-05
8.340000e+00 -5.181563e-05
8.350000e+00 -6.450550e-05
8.360000e+00 -7.576325e-05
8.370000e+00 -8.546455e-05
8.380000e+00 -9.350496e-05
8.390000e+00 -9.980116e-05
8.400000e+00 -1.042918e-04
8.410000e+00 -1.069380e-04
8.420000e+00 -1.077233e-04
8.430000e+00 -1.066535e-04
8.440000e+00 -1.037562e-04
8.450000e+00 -9.907900e-05
8.460000e+00 -9.268917e-05
8.470000e+00 -8.467138e-05
8.480000e+00 -7.512611e-05
8.490000e+00 -6.416759e-05
8.500000e+00 -5.192167e-05
8.510000e+00 -3.852349e-05
8.520000e+00 -2.411526e-05
8.530000e+00 -8.843872e-06
8.540000e+00 7.141333e-06
8.550000e+00 2.369079e-05
8.560000e+00 4.065678e-05
8.570000e+00 5.789541e-05
8.580000e+00 7.526839e-05
8.590000e+00 9.264462e-05
8.600000e+00 1.099016e-04
8.610000e+00 1.269268e-04
8.620000e+00 1.436182e-04
8.630000e+00 1.598856e-04
8.640000e+00 1.756507e-04
8.650000e+00 1.908478e-04
8.660000e+00 2.054236e-04
8.670000e+00 2.193375e-04
8.680000e+00 2.325610e-04
8.690000e+00 2.450774e-04
8.700000e+00 2.568812e-04
8.710000e+00 2.679775e-04
8.720000e+00 2.783808e-04
8.730000e+00 2.881141e-04
8.740000e+00 2.972082e-04
8.750000e+00 3.056997e-04
8.760000e+00 3.136305e-04
8.770000e+00 3.210460e-04
8.780000e+00 3.279938e-04
8.790000e+00 3.345226e-04
8.800000e+00 3.406805e-04
8.810000e+00 3.465137e-04
8.820000e+00 3.520656e-04
8.830000e+00 3.573751e-04
8.840000e+00 3.624761e-04
8.850000e+00 3.673958e-04
8.860000e+00 3.721548e-04
8.870000e+00 3.767658e-04
8.880000e+00 3.812334e-04
8.890000e+00 3.855541e-04
8.900000e+00 3.897161e-04
8.910000e+00 3.936996e-04
8.920000e+00 3.974771e-04
8.930000e+00 4.010144e-04
8.940000e+00 4.042713e-04
8.950000e+00 4.072024e-04
8.960000e+00 4.097589e-04
8.970000e+00 4.118894e-04
8.980000e+00 4.135414e-04
8.990000e+00 4.146633e-04
9.000000e+00 4.152050e-04
9.010000e+00 4.151201e-04
9.020000e+00 4.143670e-04
9.030000e+00 4.129100e-04
9.040000e+00 4.107208e-04
9.050000e+00 4.077788e-04
9.060000e+00 4.040725e-04
9.070000e+00 3.995993e-04
9.080000e+00 3.943661e-04
9.090000e+00 3.883891e-04
9.100000e+00 3.816934e-04
9.110000e+00 3.743125e-04
9.120000e+00 3.662876e-04
9.130000e+00 3.576664e-04
9.140000e+00 3.485019e-04
9.150000e+00 3.388516e-04
9.160000e+00 3.287755e-04
9.170000e+00 3.183351e-04
9.180000e+00 3.075921e-04
9.190000e+00 2.966069e-04
9.200000e+00 2.854373e-04
9.210000e+00 2.741382e-04
9.220000e+00 2.627598e-04
9.230000e+00 2.513476e-04
9.240000e+00 2.399419e-04
9.250000e+00 2.285776e-04
9.260000e+00 2.172842e-04
9.270000e+00 2.060864e-04
9.280000e+00 1.950042e-04
9.290000e+00 1.840539e-04
9.300000e+00 1.732490e-04
9.310000e+00 1.626007e-04
9.320000e+00 1.521192e-04
9.330000e+00 1.418145e-04
9.340000e+00 1.316975e-04
9.350000e+00 1.217805e-04
9.360000e+00 1.120780e-04
9.370000e+00 1.026073e-04
9.380000e+00 9.338823e-05
9.390000e+00 8.444376e-05
9.400000e+00 7.579931e-05
9.410000e+00 6.748237e-05
9.420000e+00 5.952170e-05
9.430000e+00 5.194634e-05
9.440000e+00 4.478439e-05
9.450000e+00 3.806170e-05
9.460000e+00 3.180033e-05
9.470000e+00 2.601709e-05
9.480000e+00 2.072202e-05
9.490000e+00 1.591690e-05
9.500000e+00 1.159395e-05
9.510000e+00 7.734688e-06
9.520000e+00 4.308995e-06
9.530000e+00 1.274518e-06
9.540000e+00 -1.423649e-06
9.550000e+00 -3.852926e-06
9.560000e+00 -6.092827e-06
9.570000e+00 -8.234189e-06
9.580000e+00 -1.037802e-05
9.590000e+00 -1.263402e-05
9.600000e+00 -1.511876e-05
9.610000e+00 -1.795361e-05
9.620000e+00 -2.126247e-05
9.630000e+00 -2.516926e-05
9.640000e+00 -2.979537e-05
9.650000e+00 -3.525707e-05
9.660000e+00 -4.166290e-05
9.670000e+00 -4.911125e-05
9.680000e+00 -5.768799e-05
9.690000e+00 -6.746439e-05
9.700000e+00 -7.849530e-05
9.710000e+00 -9.081764e-05
9.720000e+00 -1.044492e-04
9.730000e+00 -1.193878e-04
9.740000e+00 -1.356109e-04
9.750000e+00 -1.530757e-04
9.760000e+00 -1.717191e-04
9.770000e+00 -1.914586e-04
9.780000e+00 -2.121935e-04
9.790000e+00 -2.338057e-04
9.800000e+00 -2.561616e-04
9.810000e+00 -2.791137e-04
9.820000e+00 -3.025028e-04
9.830000e+00 -3.261595e-04
9.840000e+00 -3.499069e-04
9.850000e+00 -3.735624e-04
9.860000e+00 -3.969399e-04
9.870000e+00 -4.198521e-04
9.880000e+00 -4.421123e-04
9.890000e+00 -4.635365e-04
9.900000e+00 -4.839453e-04
9.910000e+00 -5.031656e-04
9.920000e+00 -5.210321e-04
9.930000e+00 -5.373890e-04
9.940000e+00 -5.520913e-04
9.950000e+00 -5.650060e-04
9.960000e+00 -5.760133e-04
9.970000e+00 -5.850073e-04
9.980000e+00 -5.918976e-04
9.990000e+00 -5.966094e-04
1.000000e+01 -5.990844e-04
