# sigma2_v 9.197615465377886e+00
0.000000e+00 1.000000e+00
1.000000e-02 9.995402e-01
2.000000e-02 9.981622e-01
3.000000e-02 9.958699e-01
4.000000e-02 9.926697e-01
5.000000e-02 9.885707e-01
6.000000e-02 9.835844e-01
7.000000e-02 9.777249e-01
8.000000e-02 9.710084e-01
9.000000e-02 9.634538e-01
1.000000e-01 9.550818e-01
1.100000e-01 9.459155e-01
1.200000e-01 9.359798e-01
1.300000e-01 9.253018e-01
1.400000e-01 9.139099e-01
1.500000e-01 9.018345e-01
1.600000e-01 8.891073e-01
1.700000e-01 8.757614e-01
1.800000e-01 8.618312e-01
1.900000e-01 8.473518e-01
2.000000e-01 8.323595e-01
2.100000e-01 8.168912e-01
2.200000e-01 8.009844e-01
2.300000e-01 7.846770e-01
2.400000e-01 7.680070e-01
2.500000e-01 7.510128e-01
2.600000e-01 7.337325e-01
2.700000e-01 7.162041e-01
2.800000e-01 6.984651e-01
2.900000e-01 6.805528e-01
3.000000e-01 6.625036e-01
3.100000e-01 6.443534e-01
3.200000e-01 6.261371e-01
3.300000e-01 6.078887e-01
3.400000e-01 5.896409e-01
3.500000e-01 5.714257e-01
3.600000e-01 5.532734e-01
3.700000e-01 5.352133e-01
3.800000e-01 5.172731e-01
3.900000e-01 4.994792e-01
4.000000e-01 4.818565e-01
4.100000e-01 4.644282e-01
4.200000e-01 4.472162e-01
4.300000e-01 4.302408e-01
4.400000e-01 4.135205e-01
4.500000e-01 3.970723e-01
4.600000e-01 3.809119e-01
4.700000e-01 3.650532e-01
4.800000e-01 3.495084e-01
4.900000e-01 3.342887e-01
5.000000e-01 3.194032e-01
5.100000e-01 3.048602e-01
5.200000e-01 2.906663e-01
5.300000e-01 2.768267e-01
5.400000e-01 2.633455e-01
5.500000e-01 2.502257e-01
5.600000e-01 2.374689e-01
5.700000e-01 2.250758e-01
5.800000e-01 2.130461e-01
5.900000e-01 2.013786e-01
6.000000e-01 1.900711e-01
6.100000e-01 1.791209e-01
6.200000e-01 1.685243e-01
6.300000e-01 1.582771e-01
6.400000e-01 1.483746e-01
6.500000e-01 1.388115e-01
6.600000e-01 1.295821e-01
6.700000e-01 1.206805e-01
6.800000e-01 1.121002e-01
6.900000e-01 1.038347e-01
7.000000e-01 9.587722e-02
7.100000e-01 8.822087e-02
7.200000e-01 8.085868e-02
7.300000e-01 7.378359e-02
7.400000e-01 6.698859e-02
7.500000e-01 6.046668e-02
7.600000e-01 5.421091e-02
7.700000e-01 4.821444e-02
7.800000e-01 4.247052e-02
7.900000e-01 3.697254e-02
8.000000e-01 3.171405e-02
8.100000e-01 2.668872e-02
8.200000e-01 2.189042e-02
8.300000e-01 1.731316e-02
8.400000e-01 1.295112e-02
8.500000e-01 8.798661e-03
8.600000e-01 4.850290e-03
8.700000e-01 1.100675e-03
8.800000e-01 -2.455374e-03
8.900000e-01 -5.822912e-03
9.000000e-01 -9.006868e-03
9.100000e-01 -1.201207e-02
9.200000e-01 -1.484323e-02
9.300000e-01 -1.750500e-02
9.400000e-01 -2.000196e-02
9.500000e-01 -2.233862e-02
9.600000e-01 -2.451947e-02
9.700000e-01 -2.654896e-02
9.800000e-01 -2.843153e-02
9.900000e-01 -3.017161e-02
1.000000e+00 -3.177366e-02
1.010000e+00 -3.324211e-02
1.020000e+00 -3.458146e-02
1.030000e+00 -3.579620e-02
1.040000e+00 -3.689087e-02
1.050000e+00 -3.787003e-02
1.060000e+00 -3.873829e-02
1.070000e+00 -3.950026e-02
1.080000e+00 -4.016059e-02
1.090000e+00 -4.072396e-02
1.100000e+00 -4.119505e-02
1.110000e+00 -4.157854e-02
1.120000e+00 -4.187909e-02
1.130000e+00 -4.210138e-02
1.140000e+00 -4.225001e-02
1.150000e+00 -4.232956e-02
1.160000e+00 -4.234454e-02
1.170000e+00 -4.229937e-02
1.180000e+00 -4.219840e-02
1.190000e+00 -4.204583e-02
1.200000e+00 -4.184577e-02
1.210000e+00 -4.160215e-02
1.220000e+00 -4.131877e-02
1.230000e+00 -4.099923e-02
1.240000e+00 -4.064695e-02
1.250000e+00 -4.026512e-02
1.260000e+00 -3.985675e-02
1.270000e+00 -3.942459e-02
1.280000e+00 -3.897117e-02
1.290000e+00 -3.849876e-02
1.300000e+00 -3.800937e-02
1.310000e+00 -3.750477e-02
1.320000e+00 -3.698646e-02
1.330000e+00 -3.645569e-02
1.340000e+00 -3.591344e-02
1.350000e+00 -3.536043e-02
1.360000e+00 -3.479716e-02
1.370000e+00 -3.422387e-02
1.380000e+00 -3.364057e-02
1.390000e+00 -3.304707e-02
1.400000e+00 -3.244296e-02
1.410000e+00 -3.182767e-02
1.420000e+00 -3.120045e-02
1.430000e+00 -3.056040e-02
1.440000e+00 -2.990652e-02
1.450000e+00 -2.923768e-02
1.460000e+00 -2.855269e-02
1.470000e+00 -2.785031e-02
1.480000e+00 -2.712926e-02
1.490000e+00 -2.638827e-02
1.500000e+00 -2.562609e-02
1.510000e+00 -2.484152e-02
1.520000e+00 -2.403344e-02
1.530000e+00 -2.320084e-02
1.540000e+00 -2.234281e-02
1.550000e+00 -2.145861e-02
1.560000e+00 -2.054767e-02
1.570000e+00 -1.960960e-02
1.580000e+00 -1.864423e-02
1.590000e+00 -1.765162e-02
1.600000e+00 -1.663206e-02
1.610000e+00 -1.558611e-02
1.620000e+00 -1.451459e-02
1.630000e+00 -1.341858e-02
1.640000e+00 -1.229947e-02
1.650000e+00 -1.115892e-02
1.660000e+00 -9.998844e-03
1.670000e+00 -8.821478e-03
1.680000e+00 -7.629310e-03
1.690000e+00 -6.425100e-03
1.700000e+00 -5.211862e-03
1.710000e+00 -3.992852e-03
1.720000e+00 -2.771554e-03
1.730000e+00 -1.551660e-03
1.740000e+00 -3.370459e-04
1.750000e+00 8.682444e-04
1.760000e+00 2.060029e-03
1.770000e+00 3.234014e-03
1.780000e+00 4.385821e-03
1.790000e+00 5.511014e-03
1.800000e+00 6.605136e-03
1.810000e+00 7.663735e-03
1.820000e+00 8.682402e-03
1.830000e+00 9.656795e-03
1.840000e+00 1.058268e-02
1.850000e+00 1.145596e-02
1.860000e+00 1.227272e-02
1.870000e+00 1.302921e-02
1.880000e+00 1.372194e-02
1.890000e+00 1.434769e-02
1.900000e+00 1.490349e-02
1.910000e+00 1.538672e-02
1.920000e+00 1.579507e-02
1.930000e+00 1.612660e-02
1.940000e+00 1.637976e-02
1.950000e+00 1.655336e-02
1.960000e+00 1.664666e-02
1.970000e+00 1.665930e-02
1.980000e+00 1.659137e-02
1.990000e+00 1.644339e-02
2.000000e+00 1.621630e-02
2.010000e+00 1.591149e-02
2.020000e+00 1.553076e-02
2.030000e+00 1.507634e-02
2.040000e+00 1.455086e-02
2.050000e+00 1.395735e-02
2.060000e+00 1.329920e-02
2.070000e+00 1.258018e-02
2.080000e+00 1.180438e-02
2.090000e+00 1.097618e-02
2.100000e+00 1.010027e-02
2.110000e+00 9.181565e-03
2.120000e+00 8.225207e-03
2.130000e+00 7.236515e-03
2.140000e+00 6.220957e-03
2.150000e+00 5.184108e-03
2.160000e+00 4.131617e-03
2.170000e+00 3.069168e-03
2.180000e+00 2.002436e-03
2.190000e+00 9.370592e-04
2.200000e+00 -1.214103e-04
2.210000e+00 -1.167537e-03
2.220000e+00 -2.196040e-03
2.230000e+00 -3.201831e-03
2.240000e+00 -4.180043e-03
2.250000e+00 -5.126069e-03
2.260000e+00 -6.035584e-03
2.270000e+00 -6.904579e-03
2.280000e+00 -7.729385e-03
2.290000e+00 -8.506692e-03
2.300000e+00 -9.233572e-03
2.310000e+00 -9.907493e-03
2.320000e+00 -1.052633e-02
2.330000e+00 -1.108839e-02
2.340000e+00 -1.159240e-02
2.350000e+00 -1.203751e-02
2.360000e+00 -1.242330e-02
2.370000e+00 -1.274979e-02
2.380000e+00 -1.301741e-02
2.390000e+00 -1.322700e-02
2.400000e+00 -1.337981e-02
2.410000e+00 -1.347743e-02
2.420000e+00 -1.352186e-02
2.430000e+00 -1.351541e-02
2.440000e+00 -1.346072e-02
2.450000e+00 -1.336070e-02
2.460000e+00 -1.321853e-02
2.470000e+00 -1.303764e-02
2.480000e+00 -1.282163e-02
2.490000e+00 -1.257428e-02
2.500000e+00 -1.229951e-02
2.510000e+00 -1.200132e-02
2.520000e+00 -1.168380e-02
2.530000e+00 -1.135104e-02
2.540000e+00 -1.100716e-02
2.550000e+00 -1.065622e-02
2.560000e+00 -1.030223e-02
2.570000e+00 -9.949064e-03
2.580000e+00 -9.600506e-03
2.590000e+00 -9.260156e-03
2.600000e+00 -8.931437e-03
2.610000e+00 -8.617558e-03
2.620000e+00 -8.321495e-03
2.630000e+00 -8.045969e-03
2.640000e+00 -7.793432e-03
2.650000e+00 -7.566047e-03
2.660000e+00 -7.365679e-03
2.670000e+00 -7.193883e-03
2.680000e+00 -7.051899e-03
2.690000e+00 -6.940644e-03
2.700000e+00 -6.860716e-03
2.710000e+00 -6.812390e-03
2.720000e+00 -6.795624e-03
2.730000e+00 -6.810066e-03
2.740000e+00 -6.855063e-03
2.750000e+00 -6.929671e-03
2.760000e+00 -7.032670e-03
2.770000e+00 -7.162577e-03
2.780000e+00 -7.317670e-03
2.790000e+00 -7.496000e-03
2.800000e+00 -7.695416e-03
2.810000e+00 -7.913588e-03
2.820000e+00 -8.148029e-03
2.830000e+00 -8.396121e-03
2.840000e+00 -8.655138e-03
2.850000e+00 -8.922275e-03
2.860000e+00 -9.194672e-03
2.870000e+00 -9.469441e-03
2.880000e+00 -9.743693e-03
2.890000e+00 -1.001456e-02
2.900000e+00 -1.027923e-02
2.910000e+00 -1.053496e-02
2.920000e+00 -1.077910e-02
2.930000e+00 -1.100913e-02
2.940000e+00 -1.122267e-02
2.950000e+00 -1.141748e-02
2.960000e+00 -1.159154e-02
2.970000e+00 -1.174297e-02
2.980000e+00 -1.187015e-02
2.990000e+00 -1.197165e-02
3.000000e+00 -1.204628e-02
3.010000e+00 -1.209310e-02
3.020000e+00 -1.211140e-02
3.030000e+00 -1.210072e-02
3.040000e+00 -1.206088e-02
3.050000e+00 -1.199190e-02
3.060000e+00 -1.189410e-02
3.070000e+00 -1.176800e-02
3.080000e+00 -1.161438e-02
3.090000e+00 -1.143425e-02
3.100000e+00 -1.122882e-02
3.110000e+00 -1.099951e-02
3.120000e+00 -1.074794e-02
3.130000e+00 -1.047588e-02
3.140000e+00 -1.018528e-02
3.150000e+00 -9.878216e-03
3.160000e+00 -9.556885e-03
3.170000e+00 -9.223585e-03
3.180000e+00 -8.880692e-03
3.190000e+00 -8.530638e-03
3.200000e+00 -8.175893e-03
3.210000e+00 -7.818942e-03
3.220000e+00 -7.462260e-03
3.230000e+00 -7.108300e-03
3.240000e+00 -6.759463e-03
3.250000e+00 -6.418086e-03
3.260000e+00 -6.086416e-03
3.270000e+00 -5.766600e-03
3.280000e+00 -5.460663e-03
3.290000e+00 -5.170494e-03
3.300000e+00 -4.897831e-03
3.310000e+00 -4.644253e-03
3.320000e+00 -4.411162e-03
3.330000e+00 -4.199781e-03
3.340000e+00 -4.011143e-03
3.350000e+00 -3.846085e-03
3.360000e+00 -3.705244e-03
3.370000e+00 -3.589059e-03
3.380000e+00 -3.497764e-03
3.390000e+00 -3.431397e-03
3.400000e+00 -3.389796e-03
3.410000e+00 -3.372609e-03
3.420000e+00 -3.379298e-03
3.430000e+00 -3.409145e-03
3.440000e+00 -3.461267e-03
3.450000e+00 -3.534621e-03
3.460000e+00 -3.628016e-03
3.470000e+00 -3.740128e-03
3.480000e+00 -3.869513e-03
3.490000e+00 -4.014619e-03
3.500000e+00 -4.173801e-03
3.510000e+00 -4.345338e-03
3.520000e+00 -4.527447e-03
3.530000e+00 -4.718297e-03
3.540000e+00 -4.916026e-03
3.550000e+00 -5.118757e-03
3.560000e+00 -5.324610e-03
3.570000e+00 -5.531718e-03
3.580000e+00 -5.738240e-03
3.590000e+00 -5.942374e-03
3.600000e+00 -6.142369e-03
3.610000e+00 -6.336537e-03
3.620000e+00 -6.523263e-03
3.630000e+00 -6.701013e-03
3.640000e+00 -6.868340e-03
3.650000e+00 -7.023897e-03
3.660000e+00 -7.166436e-03
3.670000e+00 -7.294816e-03
3.680000e+00 -7.408003e-03
3.690000e+00 -7.505074e-03
3.700000e+00 -7.585217e-03
3.710000e+00 -7.647728e-03
3.720000e+00 -7.692014e-03
3.730000e+00 -7.717583e-03
3.740000e+00 -7.724045e-03
3.750000e+00 -7.711106e-03
3.760000e+00 -7.678559e-03
3.770000e+00 -7.626283e-03
3.780000e+00 -7.554228e-03
3.790000e+00 -7.462414e-03
3.800000e+00 -7.350917e-03
3.810000e+00 -7.219864e-03
3.820000e+00 -7.069422e-03
3.830000e+00 -6.899789e-03
3.840000e+00 -6.711186e-03
3.850000e+00 -6.503846e-03
3.860000e+00 -6.278006e-03
3.870000e+00 -6.033900e-03
3.880000e+00 -5.771749e-03
3.890000e+00 -5.491756e-03
3.900000e+00 -5.194097e-03
3.910000e+00 -4.878917e-03
3.920000e+00 -4.546325e-03
3.930000e+00 -4.196389e-03
3.940000e+00 -3.829132e-03
3.950000e+00 -3.444535e-03
3.960000e+00 -3.042529e-03
3.970000e+00 -2.623001e-03
3.980000e+00 -2.185793e-03
3.990000e+00 -1.730703e-03
4.000000e+00 -1.257491e-03
4.010000e+00 -7.658840e-04
4.020000e+00 -2.555776e-04
4.030000e+00 2.737534e-04
4.040000e+00 8.224493e-04
4.050000e+00 1.390857e-03
4.060000e+00 1.979322e-03
4.070000e+00 2.588175e-03
4.080000e+00 3.217728e-03
4.090000e+00 3.868258e-03
4.100000e+00 4.539998e-03
4.110000e+00 5.233129e-03
4.120000e+00 5.947761e-03
4.130000e+00 6.683932e-03
4.140000e+00 7.441590e-03
4.150000e+00 8.220582e-03
4.160000e+00 9.020649e-03
4.170000e+00 9.841413e-03
4.180000e+00 1.068237e-02
4.190000e+00 1.154288e-02
4.200000e+00 1.242215e-02
4.210000e+00 1.331927e-02
4.220000e+00 1.423314e-02
4.230000e+00 1.516252e-02
4.240000e+00 1.610601e-02
4.250000e+00 1.706205e-02
4.260000e+00 1.802892e-02
4.270000e+00 1.900474e-02
4.280000e+00 1.998748e-02
4.290000e+00 2.097495e-02
4.300000e+00 2.196482e-02
4.310000e+00 2.295463e-02
4.320000e+00 2.394180e-02
4.330000e+00 2.492361e-02
4.340000e+00 2.589726e-02
4.350000e+00 2.685984e-02
4.360000e+00 2.780838e-02
4.370000e+00 2.873984e-02
4.380000e+00 2.965115e-02
4.390000e+00 3.053919e-02
4.400000e+00 3.140086e-02
4.410000e+00 3.223306e-02
4.420000e+00 3.303271e-02
4.430000e+00 3.379680e-02
4.440000e+00 3.452238e-02
4.450000e+00 3.520660e-02
4.460000e+00 3.584672e-02
4.470000e+00 3.644011e-02
4.480000e+00 3.698433e-02
4.490000e+00 3.747707e-02
4.500000e+00 3.791623e-02
4.510000e+00 3.829991e-02
4.520000e+00 3.862643e-02
4.530000e+00 3.889432e-02
4.540000e+00 3.910240e-02
4.550000e+00 3.924971e-02
4.560000e+00 3.933557e-02
4.570000e+00 3.935958e-02
4.580000e+00 3.932161e-02
4.590000e+00 3.922182e-02
4.600000e+00 3.906066e-02
4.610000e+00 3.883886e-02
4.620000e+00 3.855744e-02
4.630000e+00 3.821769e-02
4.640000e+00 3.782119e-02
4.650000e+00 3.736977e-02
4.660000e+00 3.686551e-02
4.670000e+00 3.631075e-02
4.680000e+00 3.570804e-02
4.690000e+00 3.506015e-02
4.700000e+00 3.437003e-02
4.710000e+00 3.364083e-02
4.720000e+00 3.287581e-02
4.730000e+00 3.207840e-02
4.740000e+00 3.125212e-02
4.750000e+00 3.040058e-02
4.760000e+00 2.952742e-02
4.770000e+00 2.863636e-02
4.780000e+00 2.773110e-02
4.790000e+00 2.681533e-02
4.800000e+00 2.589269e-02
4.810000e+00 2.496677e-02
4.820000e+00 2.404107e-02
4.830000e+00 2.311896e-02
4.840000e+00 2.220368e-02
4.850000e+00 2.129834e-02
4.860000e+00 2.040586e-02
4.870000e+00 1.952894e-02
4.880000e+00 1.867013e-02
4.890000e+00 1.783171e-02
4.900000e+00 1.701576e-02
4.910000e+00 1.622409e-02
4.920000e+00 1.545829e-02
4.930000e+00 1.471966e-02
4.940000e+00 1.400927e-02
4.950000e+00 1.332792e-02
4.960000e+00 1.267615e-02
4.970000e+00 1.205425e-02
4.980000e+00 1.146226e-02
4.990000e+00 1.089997e-02
5.000000e+00 1.036696e-02
5.010000e+00 9.862587e-03
5.020000e+00 9.385985e-03
5.030000e+00 8.936117e-03
5.040000e+00 8.511767e-03
5.050000e+00 8.111567e-03
5.060000e+00 7.734013e-03
5.070000e+00 7.377487e-03
5.080000e+00 7.040277e-03
5.090000e+00 6.720599e-03
5.100000e+00 6.416619e-03
5.110000e+00 6.126475e-03
5.120000e+00 5.848296e-03
5.130000e+00 5.580230e-03
5.140000e+00 5.320457e-03
5.150000e+00 5.067218e-03
5.160000e+00 4.818825e-03
5.170000e+00 4.573689e-03
5.180000e+00 4.330330e-03
5.190000e+00 4.087396e-03
5.200000e+00 3.843678e-03
5.210000e+00 3.598119e-03
5.220000e+00 3.349831e-03
5.230000e+00 3.098100e-03
5.240000e+00 2.842391e-03
5.250000e+00 2.582361e-03
5.260000e+00 2.317854e-03
5.270000e+00 2.048908e-03
5.280000e+00 1.775752e-03
5.290000e+00 1.498803e-03
5.300000e+00 1.218663e-03
5.310000e+00 9.361101e-04
5.320000e+00 6.520922e-04
5.330000e+00 3.677157e-04
5.340000e+00 8.423377e-05
5.350000e+00 -1.969667e-04
5.360000e+00 -4.743800e-04
5.370000e+00 -7.463979e-04
5.380000e+00 -1.011327e-03
5.390000e+00 -1.267405e-03
5.400000e+00 -1.512822e-03
5.410000e+00 -1.745740e-03
5.420000e+00 -1.964311e-03
5.430000e+00 -2.166698e-03
5.440000e+00 -2.351096e-03
5.450000e+00 -2.515750e-03
5.460000e+00 -2.658977e-03
5.470000e+00 -2.779186e-03
5.480000e+00 -2.874891e-03
5.490000e+00 -2.944737e-03
5.500000e+00 -2.987510e-03
5.510000e+00 -3.002155e-03
5.520000e+00 -2.987790e-03
5.530000e+00 -2.943718e-03
5.540000e+00 -2.869439e-03
5.550000e+00 -2.764659e-03
5.560000e+00 -2.629296e-03
5.570000e+00 -2.463490e-03
5.580000e+00 -2.267600e-03
5.590000e+00 -2.042212e-03
5.600000e+00 -1.788134e-03
5.610000e+00 -1.506399e-03
5.620000e+00 -1.198253e-03
5.630000e+00 -8.651578e-04
5.640000e+00 -5.087749e-04
5.650000e+00 -1.309603e-04
5.660000e+00 2.662492e-04
5.670000e+00 6.806491e-04
5.680000e+00 1.109882e-03
5.690000e+00 1.551456e-03
5.700000e+00 2.002757e-03
5.710000e+00 2.461076e-03
5.720000e+00 2.923620e-03
5.730000e+00 3.387540e-03
5.740000e+00 3.849948e-03
5.750000e+00 4.307938e-03
5.760000e+00 4.758613e-03
5.770000e+00 5.199100e-03
5.780000e+00 5.626577e-03
5.790000e+00 6.038291e-03
5.800000e+00 6.431582e-03
5.810000e+00 6.803898e-03
5.820000e+00 7.152820e-03
5.830000e+00 7.476077e-03
5.840000e+00 7.771562e-03
5.850000e+00 8.037348e-03
5.860000e+00 8.271704e-03
5.870000e+00 8.473105e-03
5.880000e+00 8.640242e-03
5.890000e+00 8.772033e-03
5.900000e+00 8.867628e-03
5.910000e+00 8.926413e-03
5.920000e+00 8.948017e-03
5.930000e+00 8.932306e-03
5.940000e+00 8.879388e-03
5.950000e+00 8.789607e-03
5.960000e+00 8.663535e-03
5.970000e+00 8.501972e-03
5.980000e+00 8.305930e-03
5.990000e+00 8.076625e-03
6.000000e+00 7.815465e-03
6.010000e+00 7.524035e-03
6.020000e+00 7.204082e-03
6.030000e+00 6.857499e-03
6.040000e+00 6.486305e-03
6.050000e+00 6.092629e-03
6.060000e+00 5.678689e-03
6.070000e+00 5.246769e-03
6.080000e+00 4.799205e-03
6.090000e+00 4.338357e-03
6.100000e+00 3.866595e-03
6.110000e+00 3.386270e-03
6.120000e+00 2.899701e-03
6.130000e+00 2.409150e-03
6.140000e+00 1.916806e-03
6.150000e+00 1.424765e-03
6.160000e+00 9.350097e-04
6.170000e+00 4.493997e-04
6.180000e+00 -3.034967e-05
6.190000e+00 -5.026777e-04
6.200000e+00 -9.661914e-04
6.210000e+00 -1.419675e-03
6.220000e+00 -1.862100e-03
6.230000e+00 -2.292629e-03
6.240000e+00 -2.710624e-03
6.250000e+00 -3.115647e-03
6.260000e+00 -3.507460e-03
6.270000e+00 -3.886028e-03
6.280000e+00 -4.251508e-03
6.290000e+00 -4.604254e-03
6.300000e+00 -4.944801e-03
6.310000e+00 -5.273860e-03
6.320000e+00 -5.592310e-03
6.330000e+00 -5.901178e-03
6.340000e+00 -6.201633e-03
6.350000e+00 -6.494965e-03
6.360000e+00 -6.782572e-03
6.370000e+00 -7.065939e-03
6.380000e+00 -7.346621e-03
6.390000e+00 -7.626223e-03
6.400000e+00 -7.906378e-03
6.410000e+00 -8.188729e-03
6.420000e+00 -8.474903e-03
6.430000e+00 -8.766497e-03
6.440000e+00 -9.065048e-03
6.450000e+00 -9.372021e-03
6.460000e+00 -9.688779e-03
6.470000e+00 -1.001657e-02
6.480000e+00 -1.035652e-02
6.490000e+00 -1.070957e-02
6.500000e+00 -1.107652e-02
6.510000e+00 -1.145797e-02
6.520000e+00 -1.185433e-02
6.530000e+00 -1.226579e-02
6.540000e+00 -1.269233e-02
6.550000e+00 -1.313368e-02
6.560000e+00 -1.358936e-02
6.570000e+00 -1.405862e-02
6.580000e+00 -1.454048e-02
6.590000e+00 -1.503373e-02
6.600000e+00 -1.553690e-02
6.610000e+00 -1.604828e-02
6.620000e+00 -1.656594e-02
6.630000e+00 -1.708772e-02
6.640000e+00 -1.761126e-02
6.650000e+00 -1.813399e-02
6.660000e+00 -1.865315e-02
6.670000e+00 -1.916581e-02
6.680000e+00 -1.966892e-02
6.690000e+00 -2.015925e-02
6.700000e+00 -2.063350e-02
6.710000e+00 -2.108826e-02
6.720000e+00 -2.152007e-02
6.730000e+00 -2.192542e-02
6.740000e+00 -2.230078e-02
6.750000e+00 -2.264266e-02
6.760000e+00 -2.294756e-02
6.770000e+00 -2.321209e-02
6.780000e+00 -2.343292e-02
6.790000e+00 -2.360685e-02
6.800000e+00 -2.373082e-02
6.810000e+00 -2.380192e-02
6.820000e+00 -2.381745e-02
6.830000e+00 -2.377491e-02
6.840000e+00 -2.367204e-02
6.850000e+00 -2.350682e-02
6.860000e+00 -2.327753e-02
6.870000e+00 -2.298270e-02
6.880000e+00 -2.262120e-02
6.890000e+00 -2.219219e-02
6.900000e+00 -2.169517e-02
6.910000e+00 -2.112996e-02
6.920000e+00 -2.049674e-02
6.930000e+00 -1.979601e-02
6.940000e+00 -1.902862e-02
6.950000e+00 -1.819578e-02
6.960000e+00 -1.729900e-02
6.970000e+00 -1.634016e-02
6.980000e+00 -1.532144e-02
6.990000e+00 -1.424534e-02
7.000000e+00 -1.311463e-02
7.010000e+00 -1.193240e-02
7.020000e+00 -1.070196e-02
7.030000e+00 -9.426902e-03
7.040000e+00 -8.111006e-03
7.050000e+00 -6.758266e-03
7.060000e+00 -5.372842e-03
7.070000e+00 -3.959039e-03
7.080000e+00 -2.521286e-03
7.090000e+00 -1.064098e-03
7.100000e+00 4.079436e-04
7.110000e+00 1.890223e-03
7.120000e+00 3.378119e-03
7.130000e+00 4.867032e-03
7.140000e+00 6.352411e-03
7.150000e+00 7.829784e-03
7.160000e+00 9.294781e-03
7.170000e+00 1.074316e-02
7.180000e+00 1.217084e-02
7.190000e+00 1.357389e-02
7.200000e+00 1.494861e-02
7.210000e+00 1.629149e-02
7.220000e+00 1.759927e-02
7.230000e+00 1.886890e-02
7.240000e+00 2.009764e-02
7.250000e+00 2.128297e-02
7.260000e+00 2.242269e-02
7.270000e+00 2.351486e-02
7.280000e+00 2.455783e-02
7.290000e+00 2.555024e-02
7.300000e+00 2.649100e-02
7.310000e+00 2.737933e-02
7.320000e+00 2.821471e-02
7.330000e+00 2.899689e-02
7.340000e+00 2.972587e-02
7.350000e+00 3.040190e-02
7.360000e+00 3.102548e-02
7.370000e+00 3.159731e-02
7.380000e+00 3.211827e-02
7.390000e+00 3.258947e-02
7.400000e+00 3.301215e-02
7.410000e+00 3.338769e-02
7.420000e+00 3.371762e-02
7.430000e+00 3.400356e-02
7.440000e+00 3.424719e-02
7.450000e+00 3.445030e-02
7.460000e+00 3.461467e-02
7.470000e+00 3.474213e-02
7.480000e+00 3.483452e-02
7.490000e+00 3.489363e-02
7.500000e+00 3.492125e-02
7.510000e+00 3.491909e-02
7.520000e+00 3.488881e-02
7.530000e+00 3.483199e-02
7.540000e+00 3.475011e-02
7.550000e+00 3.464456e-02
7.560000e+00 3.451659e-02
7.570000e+00 3.436735e-02
7.580000e+00 3.419787e-02
7.590000e+00 3.400904e-02
7.600000e+00 3.380161e-02
7.610000e+00 3.357622e-02
7.620000e+00 3.333337e-02
7.630000e+00 3.307342e-02
7.640000e+00 3.279662e-02
7.650000e+00 3.250311e-02
7.660000e+00 3.219292e-02
7.670000e+00 3.186596e-02
7.680000e+00 3.152209e-02
7.690000e+00 3.116107e-02
7.700000e+00 3.078259e-02
7.710000e+00 3.038630e-02
7.720000e+00 2.997183e-02
7.730000e+00 2.953877e-02
7.740000e+00 2.908670e-02
7.750000e+00 2.861523e-02
7.760000e+00 2.812397e-02
7.770000e+00 2.761260e-02
7.780000e+00 2.708083e-02
7.790000e+00 2.652845e-02
7.800000e+00 2.595534e-02
7.810000e+00 2.536146e-02
7.820000e+00 2.474688e-02
7.830000e+00 2.411182e-02
7.840000e+00 2.345659e-02
7.850000e+00 2.278165e-02
7.860000e+00 2.208762e-02
7.870000e+00 2.137527e-02
7.880000e+00 2.064549e-02
7.890000e+00 1.989937e-02
7.900000e+00 1.913814e-02
7.910000e+00 1.836318e-02
7.920000e+00 1.757603e-02
7.930000e+00 1.677838e-02
7.940000e+00 1.597208e-02
7.950000e+00 1.515908e-02
7.960000e+00 1.434148e-02
7.970000e+00 1.352150e-02
7.980000e+00 1.270143e-02
7.990000e+00 1.188369e-02
8.000000e+00 1.107074e-02
8.010000e+00 1.026511e-02
8.020000e+00 9.469379e-03
8.030000e+00 8.686124e-03
8.040000e+00 7.917938e-03
8.050000e+00 7.167395e-03
8.060000e+00 6.437031e-03
8.070000e+00 5.729324e-03
8.080000e+00 5.046675e-03
8.090000e+00 4.391388e-03
8.100000e+00 3.765652e-03
8.110000e+00 3.171518e-03
8.120000e+00 2.610886e-03
8.130000e+00 2.085486e-03
8.140000e+00 1.596860e-03
8.150000e+00 1.146350e-03
8.160000e+00 7.350830e-04
8.170000e+00 3.639597e-04
8.180000e+00 3.364379e-05
8.190000e+00 -2.554461e-04
8.200000e+00 -5.031432e-04
8.210000e+00 -7.095378e-04
8.220000e+00 -8.749792e-04
8.230000e+00 -1.000077e-03
8.240000e+00 -1.085700e-03
8.250000e+00 -1.132973e-03
8.260000e+00 -1.143270e-03
8.270000e+00 -1.118209e-03
8.280000e+00 -1.059641e-03
8.290000e+00 -9.696398e-04
8.300000e+00 -8.504888e-04
8.310000e+00 -7.046661e-04
8.320000e+00 -5.348286e-04
8.330000e+00 -3.437940e-04
8.340000e+00 -1.345217e-04
8.350000e+00 8.990704e-05
8.360000e+00 3.263108e-04
8.370000e+00 5.714297e-04
8.380000e+00 8.219486e-04
8.390000e+00 1.074520e-03
8.400000e+00 1.325787e-03
8.410000e+00 1.572410e-03
8.420000e+00 1.811085e-03
8.430000e+00 2.038573e-03
8.440000e+00 2.251718e-03
8.450000e+00 2.447472e-03
8.460000e+00 2.622917e-03
8.470000e+00 2.775285e-03
8.480000e+00 2.901976e-03
8.490000e+00 3.000579e-03
8.500000e+00 3.068888e-03
8.510000e+00 3.104917e-03
8.520000e+00 3.106914e-03
8.530000e+00 3.073375e-03
8.540000e+00 3.003052e-03
8.550000e+00 2.894963e-03
8.560000e+00 2.748396e-03
8.570000e+00 2.562920e-03
8.580000e+00 2.338379e-03
8.590000e+00 2.074901e-03
8.600000e+00 1.772891e-03
8.610000e+00 1.433030e-03
8.620000e+00 1.056268e-03
8.630000e+00 6.438212e-04
8.640000e+00 1.971568e-04
8.650000e+00 -2.820129e-04
8.660000e+00 -7.917451e-04
8.670000e+00 -1.329880e-03
8.680000e+00 -1.894057e-03
8.690000e+00 -2.481731e-03
8.700000e+00 -3.090188e-03
8.710000e+00 -3.716571e-03
8.720000e+00 -4.357893e-03
8.730000e+00 -5.011062e-03
8.740000e+00 -5.672902e-03
8.750000e+00 -6.340172e-03
8.760000e+00 -7.009593e-03
8.770000e+00 -7.677869e-03
8.780000e+00 -8.341708e-03
8.790000e+00 -8.997844e-03
8.800000e+00 -9.643063e-03
8.810000e+00 -1.027422e-02
8.820000e+00 -1.088826e-02
8.830000e+00 -1.148226e-02
8.840000e+00 -1.205338e-02
8.850000e+00 -1.259899e-02
8.860000e+00 -1.311658e-02
8.870000e+00 -1.360384e-02
8.880000e+00 -1.405866e-02
8.890000e+00 -1.447914e-02
8.900000e+00 -1.486358e-02
8.910000e+00 -1.521054e-02
8.920000e+00 -1.551880e-02
8.930000e+00 -1.578738e-02
8.940000e+00 -1.601556e-02
8.950000e+00 -1.620287e-02
8.960000e+00 -1.634907e-02
8.970000e+00 -1.645421e-02
8.980000e+00 -1.651855e-02
8.990000e+00 -1.654261e-02
9.000000e+00 -1.652714e-02
9.010000e+00 -1.647313e-02
9.020000e+00 -1.638176e-02
9.030000e+00 -1.625445e-02
9.040000e+00 -1.609279e-02
9.050000e+00 -1.589857e-02
9.060000e+00 -1.567372e-02
9.070000e+00 -1.542034e-02
9.080000e+00 -1.514065e-02
9.090000e+00 -1.483699e-02
9.100000e+00 -1.451179e-02
9.110000e+00 -1.416755e-02
9.120000e+00 -1.380684e-02
9.130000e+00 -1.343225e-02
9.140000e+00 -1.304641e-02
9.150000e+00 -1.265191e-02
9.160000e+00 -1.225135e-02
9.170000e+00 -1.184727e-02
9.180000e+00 -1.144215e-02
9.190000e+00 -1.103841e-02
9.200000e+00 -1.063834e-02
9.210000e+00 -1.024416e-02
9.220000e+00 -9.857924e-03
9.230000e+00 -9.481579e-03
9.240000e+00 -9.116905e-03
9.250000e+00 -8.765523e-03
9.260000e+00 -8.428884e-03
9.270000e+00 -8.108260e-03
9.280000e+00 -7.804738e-03
9.290000e+00 -7.519221e-03
9.300000e+00 -7.252416e-03
9.310000e+00 -7.004843e-03
9.320000e+00 -6.776833e-03
9.330000e+00 -6.568528e-03
9.340000e+00 -6.379889e-03
9.350000e+00 -6.210703e-03
9.360000e+00 -6.060588e-03
9.370000e+00 -5.929003e-03
9.380000e+00 -5.815261e-03
9.390000e+00 -5.718539e-03
9.400000e+00 -5.637893e-03
9.410000e+00 -5.572270e-03
9.420000e+00 -5.520524e-03
9.430000e+00 -5.481434e-03
9.440000e+00 -5.453717e-03
9.450000e+00 -5.436047e-03
9.460000e+00 -5.427072e-03
9.470000e+00 -5.425430e-03
9.480000e+00 -5.429768e-03
9.490000e+00 -5.438757e-03
9.500000e+00 -5.451109e-03
9.510000e+00 -5.465594e-03
9.520000e+00 -5.481051e-03
9.530000e+00 -5.496410e-03
9.540000e+00 -5.510695e-03
9.550000e+00 -5.523044e-03
9.560000e+00 -5.532717e-03
9.570000e+00 -5.539105e-03
9.580000e+00 -5.541737e-03
9.590000e+00 -5.540289e-03
9.600000e+00 -5.534587e-03
9.610000e+00 -5.524610e-03
9.620000e+00 -5.510494e-03
9.630000e+00 -5.492528e-03
9.640000e+00 -5.471156e-03
9.650000e+00 -5.446972e-03
9.660000e+00 -5.420717e-03
9.670000e+00 -5.393268e-03
9.680000e+00 -5.365638e-03
9.690000e+00 -5.338959e-03
9.700000e+00 -5.314476e-03
9.710000e+00 -5.293538e-03
9.720000e+00 -5.277578e-03
9.730000e+00 -5.268107e-03
9.740000e+00 -5.266696e-03
9.750000e+00 -5.274962e-03
9.760000e+00 -5.294554e-03
9.770000e+00 -5.327135e-03
9.780000e+00 -5.374368e-03
9.790000e+00 -5.437899e-03
9.800000e+00 -5.519342e-03
9.810000e+00 -5.620263e-03
9.820000e+00 -5.742164e-03
9.830000e+00 -5.886467e-03
9.840000e+00 -6.054503e-03
9.850000e+00 -6.247495e-03
9.860000e+00 -6.466548e-03
9.870000e+00 -6.712634e-03
9.880000e+00 -6.986581e-03
9.890000e+00 -7.289067e-03
9.900000e+00 -7.620607e-03
9.910000e+00 -7.981546e-03
9.920000e+00 -8.372055e-03
9.930000e+00 -8.792123e-03
9.940000e+00 -9.241553e-03
9.950000e+00 -9.719965e-03
9.960000e+00 -1.022679e-02
9.970000e+00 -1.076126e-02
9.980000e+00 -1.132243e-02
9.990000e+00 -1.190919e-02
1.000000e+01 -1.252021e-02
