# sigma2_v 4.956927303290042e+00
0.000000e+00 1.000000e+00
1.000000e-02 9.997522e-01
2.000000e-02 9.990091e-01
3.000000e-02 9.977720e-01
4.000000e-02 9.960426e-01
5.000000e-02 9.938237e-01
6.000000e-02 9.911186e-01
7.000000e-02 9.879316e-01
8.000000e-02 9.842674e-01
9.000000e-02 9.801317e-01
1.000000e-01 9.755308e-01
1.100000e-01 9.704715e-01
1.200000e-01 9.649616e-01
1.300000e-01 9.590093e-01
1.400000e-01 9.526235e-01
1.500000e-01 9.458138e-01
1.600000e-01 9.385902e-01
1.700000e-01 9.309632e-01
1.800000e-01 9.229442e-01
1.900000e-01 9.145447e-01
2.000000e-01 9.057769e-01
2.100000e-01 8.966532e-01
2.200000e-01 8.871867e-01
2.300000e-01 8.773908e-01
2.400000e-01 8.672790e-01
2.500000e-01 8.568653e-01
2.600000e-01 8.461641e-01
2.700000e-01 8.351898e-01
2.800000e-01 8.239571e-01
2.900000e-01 8.124810e-01
3.000000e-01 8.007765e-01
3.100000e-01 7.888588e-01
3.200000e-01 7.767430e-01
3.300000e-01 7.644445e-01
3.400000e-01 7.519785e-01
3.500000e-01 7.393603e-01
3.600000e-01 7.266052e-01
3.700000e-01 7.137283e-01
3.800000e-01 7.007445e-01
3.900000e-01 6.876690e-01
4.000000e-01 6.745163e-01
4.100000e-01 6.613010e-01
4.200000e-01 6.480374e-01
4.300000e-01 6.347398e-01
4.400000e-01 6.214218e-01
4.500000e-01 6.080970e-01
4.600000e-01 5.947787e-01
4.700000e-01 5.814798e-01
4.800000e-01 5.682129e-01
4.900000e-01 5.549902e-01
5.000000e-01 5.418235e-01
5.100000e-01 5.287243e-01
5.200000e-01 5.157037e-01
5.300000e-01 5.027723e-01
5.400000e-01 4.899404e-01
5.500000e-01 4.772177e-01
5.600000e-01 4.646135e-01
5.700000e-01 4.521369e-01
5.800000e-01 4.397963e-01
5.900000e-01 4.275996e-01
6.000000e-01 4.155546e-01
6.100000e-01 4.036682e-01
6.200000e-01 3.919472e-01
6.300000e-01 3.803977e-01
6.400000e-01 3.690255e-01
6.500000e-01 3.578359e-01
6.600000e-01 3.468339e-01
6.700000e-01 3.360237e-01
6.800000e-01 3.254095e-01
6.900000e-01 3.149949e-01
7.000000e-01 3.047829e-01
7.100000e-01 2.947763e-01
7.200000e-01 2.849775e-01
7.300000e-01 2.753886e-01
7.400000e-01 2.660110e-01
7.500000e-01 2.568460e-01
7.600000e-01 2.478946e-01
7.700000e-01 2.391572e-01
7.800000e-01 2.306340e-01
7.900000e-01 2.223250e-01
8.000000e-01 2.142297e-01
8.100000e-01 2.063474e-01
8.200000e-01 1.986772e-01
8.300000e-01 1.912178e-01
8.400000e-01 1.839677e-01
8.500000e-01 1.769252e-01
8.600000e-01 1.700883e-01
8.700000e-01 1.634548e-01
8.800000e-01 1.570224e-01
8.900000e-01 1.507885e-01
9.000000e-01 1.447505e-01
9.100000e-01 1.389054e-01
9.200000e-01 1.332501e-01
9.300000e-01 1.277817e-01
9.400000e-01 1.224967e-01
9.500000e-01 1.173918e-01
9.600000e-01 1.124635e-01
9.700000e-01 1.077082e-01
9.800000e-01 1.031223e-01
9.900000e-01 9.870209e-02
1.000000e+00 9.444381e-02
1.010000e+00 9.034365e-02
1.020000e+00 8.639776e-02
1.030000e+00 8.260228e-02
1.040000e+00 7.895333e-02
1.050000e+00 7.544701e-02
1.060000e+00 7.207943e-02
1.070000e+00 6.884671e-02
1.080000e+00 6.574498e-02
1.090000e+00 6.277037e-02
1.100000e+00 5.991907e-02
1.110000e+00 5.718728e-02
1.120000e+00 5.457124e-02
1.130000e+00 5.206724e-02
1.140000e+00 4.967160e-02
1.150000e+00 4.738071e-02
1.160000e+00 4.519102e-02
1.170000e+00 4.309900e-02
1.180000e+00 4.110123e-02
1.190000e+00 3.919431e-02
1.200000e+00 3.737494e-02
1.210000e+00 3.563988e-02
1.220000e+00 3.398594e-02
1.230000e+00 3.241004e-02
1.240000e+00 3.090914e-02
1.250000e+00 2.948028e-02
1.260000e+00 2.812060e-02
1.270000e+00 2.682729e-02
1.280000e+00 2.559763e-02
1.290000e+00 2.442896e-02
1.300000e+00 2.331872e-02
1.310000e+00 2.226440e-02
1.320000e+00 2.126360e-02
1.330000e+00 2.031396e-02
1.340000e+00 1.941322e-02
1.350000e+00 1.855918e-02
1.360000e+00 1.774972e-02
1.370000e+00 1.698279e-02
1.380000e+00 1.625641e-02
1.390000e+00 1.556867e-02
1.400000e+00 1.491774e-02
1.410000e+00 1.430185e-02
1.420000e+00 1.371928e-02
1.430000e+00 1.316839e-02
1.440000e+00 1.264762e-02
1.450000e+00 1.215545e-02
1.460000e+00 1.169041e-02
1.470000e+00 1.125112e-02
1.480000e+00 1.083624e-02
1.490000e+00 1.044449e-02
1.500000e+00 1.007463e-02
1.510000e+00 9.725506e-03
1.520000e+00 9.395983e-03
1.530000e+00 9.084990e-03
1.540000e+00 8.791505e-03
1.550000e+00 8.514549e-03
1.560000e+00 8.253192e-03
1.570000e+00 8.006545e-03
1.580000e+00 7.773764e-03
1.590000e+00 7.554045e-03
1.600000e+00 7.346624e-03
1.610000e+00 7.150774e-03
1.620000e+00 6.965808e-03
1.630000e+00 6.791071e-03
1.640000e+00 6.625945e-03
1.650000e+00 6.469844e-03
1.660000e+00 6.322214e-03
1.670000e+00 6.182530e-03
1.680000e+00 6.050300e-03
1.690000e+00 5.925056e-03
1.700000e+00 5.806360e-03
1.710000e+00 5.693797e-03
1.720000e+00 5.586979e-03
1.730000e+00 5.485540e-03
1.740000e+00 5.389138e-03
1.750000e+00 5.297452e-03
1.760000e+00 5.210180e-03
1.770000e+00 5.127042e-03
1.780000e+00 5.047774e-03
1.790000e+00 4.972132e-03
1.800000e+00 4.899887e-03
1.810000e+00 4.830826e-03
1.820000e+00 4.764752e-03
1.830000e+00 4.701482e-03
1.840000e+00 4.640844e-03
1.850000e+00 4.582682e-03
1.860000e+00 4.526850e-03
1.870000e+00 4.473213e-03
1.880000e+00 4.421648e-03
1.890000e+00 4.372038e-03
1.900000e+00 4.324280e-03
1.910000e+00 4.278276e-03
1.920000e+00 4.233938e-03
1.930000e+00 4.191183e-03
1.940000e+00 4.149937e-03
1.950000e+00 4.110132e-03
1.960000e+00 4.071704e-03
1.970000e+00 4.034596e-03
1.980000e+00 3.998756e-03
1.990000e+00 3.964135e-03
2.000000e+00 3.930690e-03
2.010000e+00 3.898381e-03
2.020000e+00 3.867171e-03
2.030000e+00 3.837025e-03
2.040000e+00 3.807914e-03
2.050000e+00 3.779808e-03
2.060000e+00 3.752682e-03
2.070000e+00 3.726511e-03
2.080000e+00 3.701272e-03
2.090000e+00 3.676946e-03
2.100000e+00 3.653512e-03
2.110000e+00 3.630953e-03
2.120000e+00 3.609252e-03
2.130000e+00 3.588392e-03
2.140000e+00 3.568359e-03
2.150000e+00 3.549139e-03
2.160000e+00 3.530717e-03
2.170000e+00 3.513081e-03
2.180000e+00 3.496219e-03
2.190000e+00 3.480118e-03
2.200000e+00 3.464768e-03
2.210000e+00 3.450157e-03
2.220000e+00 3.436275e-03
2.230000e+00 3.423113e-03
2.240000e+00 3.410659e-03
2.250000e+00 3.398906e-03
2.260000e+00 3.387843e-03
2.270000e+00 3.377462e-03
2.280000e+00 3.367755e-03
2.290000e+00 3.358714e-03
2.300000e+00 3.350331e-03
2.310000e+00 3.342598e-03
2.320000e+00 3.335508e-03
2.330000e+00 3.329053e-03
2.340000e+00 3.323228e-03
2.350000e+00 3.318025e-03
2.360000e+00 3.313438e-03
2.370000e+00 3.309460e-03
2.380000e+00 3.306085e-03
2.390000e+00 3.303306e-03
2.400000e+00 3.301116e-03
2.410000e+00 3.299509e-03
2.420000e+00 3.298478e-03
2.430000e+00 3.298015e-03
2.440000e+00 3.298113e-03
2.450000e+00 3.298764e-03
2.460000e+00 3.299958e-03
2.470000e+00 3.301687e-03
2.480000e+00 3.303940e-03
2.490000e+00 3.306707e-03
2.500000e+00 3.309975e-03
2.510000e+00 3.313732e-03
2.520000e+00 3.317963e-03
2.530000e+00 3.322653e-03
2.540000e+00 3.327786e-03
2.550000e+00 3.333344e-03
2.560000e+00 3.339307e-03
2.570000e+00 3.345655e-03
2.580000e+00 3.352364e-03
2.590000e+00 3.359412e-03
2.600000e+00 3.366771e-03
2.610000e+00 3.374415e-03
2.620000e+00 3.382315e-03
2.630000e+00 3.390439e-03
2.640000e+00 3.398755e-03
2.650000e+00 3.407228e-03
2.660000e+00 3.415824e-03
2.670000e+00 3.424505e-03
2.680000e+00 3.433231e-03
2.690000e+00 3.441962e-03
2.700000e+00 3.450658e-03
2.710000e+00 3.459274e-03
2.720000e+00 3.467768e-03
2.730000e+00 3.476094e-03
2.740000e+00 3.484207e-03
2.750000e+00 3.492061e-03
2.760000e+00 3.499609e-03
2.770000e+00 3.506805e-03
2.780000e+00 3.513601e-03
2.790000e+00 3.519952e-03
2.800000e+00 3.525811e-03
2.810000e+00 3.531133e-03
2.820000e+00 3.535872e-03
2.830000e+00 3.539986e-03
2.840000e+00 3.543432e-03
2.850000e+00 3.546168e-03
2.860000e+00 3.548156e-03
2.870000e+00 3.549358e-03
2.880000e+00 3.549739e-03
2.890000e+00 3.549265e-03
2.900000e+00 3.547908e-03
2.910000e+00 3.545637e-03
2.920000e+00 3.542429e-03
2.930000e+00 3.538261e-03
2.940000e+00 3.533113e-03
2.950000e+00 3.526970e-03
2.960000e+00 3.519819e-03
2.970000e+00 3.511649e-03
2.980000e+00 3.502455e-03
2.990000e+00 3.492233e-03
3.000000e+00 3.480984e-03
3.010000e+00 3.468711e-03
3.020000e+00 3.455421e-03
3.030000e+00 3.441125e-03
3.040000e+00 3.425834e-03
3.050000e+00 3.409566e-03
3.060000e+00 3.392339e-03
3.070000e+00 3.374175e-03
3.080000e+00 3.355099e-03
3.090000e+00 3.335137e-03
3.100000e+00 3.314319e-03
3.110000e+00 3.292676e-03
3.120000e+00 3.270241e-03
3.130000e+00 3.247049e-03
3.140000e+00 3.223135e-03
3.150000e+00 3.198538e-03
3.160000e+00 3.173296e-03
3.170000e+00 3.147447e-03
3.180000e+00 3.121031e-03
3.190000e+00 3.094088e-03
3.200000e+00 3.066659e-03
3.210000e+00 3.038782e-03
3.220000e+00 3.010496e-03
3.230000e+00 2.981842e-03
3.240000e+00 2.952856e-03
3.250000e+00 2.923575e-03
3.260000e+00 2.894036e-03
3.270000e+00 2.864272e-03
3.280000e+00 2.834316e-03
3.290000e+00 2.804201e-03
3.300000e+00 2.773954e-03
3.310000e+00 2.743605e-03
3.320000e+00 2.713179e-03
3.330000e+00 2.682700e-03
3.340000e+00 2.652191e-03
3.350000e+00 2.621671e-03
3.360000e+00 2.591158e-03
3.370000e+00 2.560669e-03
3.380000e+00 2.530218e-03
3.390000e+00 2.499817e-03
3.400000e+00 2.469477e-03
3.410000e+00 2.439206e-03
3.420000e+00 2.409013e-03
3.430000e+00 2.378903e-03
3.440000e+00 2.348881e-03
3.450000e+00 2.318949e-03
3.460000e+00 2.289110e-03
3.470000e+00 2.259366e-03
3.480000e+00 2.229717e-03
3.490000e+00 2.200164e-03
3.500000e+00 2.170707e-03
3.510000e+00 2.141344e-03
3.520000e+00 2.112076e-03
3.530000e+00 2.082904e-03
3.540000e+00 2.053826e-03
3.550000e+00 2.024845e-03
3.560000e+00 1.995962e-03
3.570000e+00 1.967179e-03
3.580000e+00 1.938500e-03
3.590000e+00 1.909931e-03
3.600000e+00 1.881477e-03
3.610000e+00 1.853146e-03
3.620000e+00 1.824947e-03
3.630000e+00 1.796892e-03
3.640000e+00 1.768992e-03
3.650000e+00 1.741263e-03
3.660000e+00 1.713721e-03
3.670000e+00 1.686384e-03
3.680000e+00 1.659273e-03
3.690000e+00 1.632408e-03
3.700000e+00 1.605814e-03
3.710000e+00 1.579517e-03
3.720000e+00 1.553543e-03
3.730000e+00 1.527922e-03
3.740000e+00 1.502683e-03
3.750000e+00 1.477859e-03
3.760000e+00 1.453481e-03
3.770000e+00 1.429585e-03
3.780000e+00 1.406204e-03
3.790000e+00 1.383375e-03
3.800000e+00 1.361133e-03
3.810000e+00 1.339513e-03
3.820000e+00 1.318553e-03
3.830000e+00 1.298288e-03
3.840000e+00 1.278753e-03
3.850000e+00 1.259984e-03
3.860000e+00 1.242013e-03
3.870000e+00 1.224874e-03
3.880000e+00 1.208597e-03
3.890000e+00 1.193212e-03
3.900000e+00 1.178746e-03
3.910000e+00 1.165224e-03
3.920000e+00 1.152669e-03
3.930000e+00 1.141100e-03
3.940000e+00 1.130536e-03
3.950000e+00 1.120989e-03
3.960000e+00 1.112472e-03
3.970000e+00 1.104991e-03
3.980000e+00 1.098551e-03
3.990000e+00 1.093151e-03
4.000000e+00 1.088789e-03
4.010000e+00 1.085458e-03
4.020000e+00 1.083147e-03
4.030000e+00 1.081840e-03
4.040000e+00 1.081520e-03
4.050000e+00 1.082164e-03
4.060000e+00 1.083745e-03
4.070000e+00 1.086235e-03
4.080000e+00 1.089600e-03
4.090000e+00 1.093802e-03
4.100000e+00 1.098803e-03
4.110000e+00 1.104558e-03
4.120000e+00 1.111023e-03
4.130000e+00 1.118149e-03
4.140000e+00 1.125884e-03
4.150000e+00 1.134176e-03
4.160000e+00 1.142970e-03
4.170000e+00 1.152209e-03
4.180000e+00 1.161837e-03
4.190000e+00 1.171793e-03
4.200000e+00 1.182020e-03
4.210000e+00 1.192457e-03
4.220000e+00 1.203045e-03
4.230000e+00 1.213725e-03
4.240000e+00 1.224438e-03
4.250000e+00 1.235128e-03
4.260000e+00 1.245737e-03
4.270000e+00 1.256211e-03
4.280000e+00 1.266497e-03
4.290000e+00 1.276546e-03
4.300000e+00 1.286307e-03
4.310000e+00 1.295736e-03
4.320000e+00 1.304789e-03
4.330000e+00 1.313427e-03
4.340000e+00 1.321612e-03
4.350000e+00 1.329311e-03
4.360000e+00 1.336493e-03
4.370000e+00 1.343132e-03
4.380000e+00 1.349203e-03
4.390000e+00 1.354687e-03
4.400000e+00 1.359567e-03
4.410000e+00 1.363829e-03
4.420000e+00 1.367465e-03
4.430000e+00 1.370466e-03
4.440000e+00 1.372830e-03
4.450000e+00 1.374557e-03
4.460000e+00 1.375648e-03
4.470000e+00 1.376108e-03
4.480000e+00 1.375946e-03
4.490000e+00 1.375170e-03
4.500000e+00 1.373793e-03
4.510000e+00 1.371828e-03
4.520000e+00 1.369291e-03
4.530000e+00 1.366197e-03
4.540000e+00 1.362565e-03
4.550000e+00 1.358413e-03
4.560000e+00 1.353760e-03
4.570000e+00 1.348625e-03
4.580000e+00 1.343028e-03
4.590000e+00 1.336987e-03
4.600000e+00 1.330522e-03
4.610000e+00 1.323651e-03
4.620000e+00 1.316391e-03
4.630000e+00 1.308759e-03
4.640000e+00 1.300770e-03
4.650000e+00 1.292440e-03
4.660000e+00 1.283780e-03
4.670000e+00 1.274803e-03
4.680000e+00 1.265518e-03
4.690000e+00 1.255934e-03
4.700000e+00 1.246058e-03
4.710000e+00 1.235896e-03
4.720000e+00 1.225450e-03
4.730000e+00 1.214724e-03
4.740000e+00 1.203719e-03
4.750000e+00 1.192434e-03
4.760000e+00 1.180867e-03
4.770000e+00 1.169015e-03
4.780000e+00 1.156875e-03
4.790000e+00 1.144442e-03
4.800000e+00 1.131709e-03
4.810000e+00 1.118672e-03
4.820000e+00 1.105323e-03
4.830000e+00 1.091656e-03
4.840000e+00 1.077663e-03
4.850000e+00 1.063339e-03
4.860000e+00 1.048677e-03
4.870000e+00 1.033670e-03
4.880000e+00 1.018314e-03
4.890000e+00 1.002604e-03
4.900000e+00 9.865369e-04
4.910000e+00 9.701098e-04
4.920000e+00 9.533216e-04
4.930000e+00 9.361726e-04
4.940000e+00 9.186644e-04
4.950000e+00 9.008002e-04
4.960000e+00 8.825847e-04
4.970000e+00 8.640244e-04
4.980000e+00 8.451275e-04
4.990000e+00 8.259040e-04
5.000000e+00 8.063654e-04
5.010000e+00 7.865254e-04
5.020000e+00 7.663989e-04
5.030000e+00 7.460027e-04
5.040000e+00 7.253554e-04
5.050000e+00 7.044768e-04
5.060000e+00 6.833884e-04
5.070000e+00 6.621129e-04
5.080000e+00 6.406745e-04
5.090000e+00 6.190981e-04
5.100000e+00 5.974101e-04
5.110000e+00 5.756374e-04
5.120000e+00 5.538077e-04
5.130000e+00 5.319496e-04
5.140000e+00 5.100917e-04
5.150000e+00 4.882631e-04
5.160000e+00 4.664930e-04
5.170000e+00 4.448107e-04
5.180000e+00 4.232452e-04
5.190000e+00 4.018253e-04
5.200000e+00 3.805793e-04
5.210000e+00 3.595350e-04
5.220000e+00 3.387194e-04
5.230000e+00 3.181590e-04
5.240000e+00 2.978790e-04
5.250000e+00 2.779038e-04
5.260000e+00 2.582567e-04
5.270000e+00 2.389598e-04
5.280000e+00 2.200340e-04
5.290000e+00 2.014988e-04
5.300000e+00 1.833724e-04
5.310000e+00 1.656715e-04
5.320000e+00 1.484116e-04
5.330000e+00 1.316066e-04
5.340000e+00 1.152690e-04
5.350000e+00 9.940985e-05
5.360000e+00 8.403864e-05
5.370000e+00 6.916357e-05
5.380000e+00 5.479138e-05
5.390000e+00 4.092742e-05
5.400000e+00 2.757573e-05
5.410000e+00 1.473902e-05
5.420000e+00 2.418733e-06
5.430000e+00 -9.384864e-06
5.440000e+00 -2.067268e-05
5.450000e+00 -3.144671e-05
5.460000e+00 -4.171001e-05
5.470000e+00 -5.146658e-05
5.480000e+00 -6.072139e-05
5.490000e+00 -6.948021e-05
5.500000e+00 -7.774966e-05
5.510000e+00 -8.553706e-05
5.520000e+00 -9.285041e-05
5.530000e+00 -9.969834e-05
5.540000e+00 -1.060900e-04
5.550000e+00 -1.120351e-04
5.560000e+00 -1.175438e-04
5.570000e+00 -1.226264e-04
5.580000e+00 -1.272940e-04
5.590000e+00 -1.315577e-04
5.600000e+00 -1.354287e-04
5.610000e+00 -1.389188e-04
5.620000e+00 -1.420397e-04
5.630000e+00 -1.448031e-04
5.640000e+00 -1.472211e-04
5.650000e+00 -1.493056e-04
5.660000e+00 -1.510687e-04
5.670000e+00 -1.525223e-04
5.680000e+00 -1.536784e-04
5.690000e+00 -1.545487e-04
5.700000e+00 -1.551451e-04
5.710000e+00 -1.554792e-04
5.720000e+00 -1.555625e-04
5.730000e+00 -1.554063e-04
5.740000e+00 -1.550218e-04
5.750000e+00 -1.544199e-04
5.760000e+00 -1.536114e-04
5.770000e+00 -1.526068e-04
5.780000e+00 -1.514164e-04
5.790000e+00 -1.500502e-04
5.800000e+00 -1.485181e-04
5.810000e+00 -1.468297e-04
5.820000e+00 -1.449942e-04
5.830000e+00 -1.430207e-04
5.840000e+00 -1.409181e-04
5.850000e+00 -1.386948e-04
5.860000e+00 -1.363592e-04
5.870000e+00 -1.339193e-04
5.880000e+00 -1.313829e-04
5.890000e+00 -1.287575e-04
5.900000e+00 -1.260504e-04
5.910000e+00 -1.232689e-04
5.920000e+00 -1.204196e-04
5.930000e+00 -1.175093e-04
5.940000e+00 -1.145443e-04
5.950000e+00 -1.115309e-04
5.960000e+00 -1.084751e-04
5.970000e+00 -1.053827e-04
5.980000e+00 -1.022593e-04
5.990000e+00 -9.911041e-05
6.000000e+00 -9.594116e-05
6.010000e+00 -9.275662e-05
6.020000e+00 -8.956161e-05
6.030000e+00 -8.636077e-05
6.040000e+00 -8.315851e-05
6.050000e+00 -7.995901e-05
6.060000e+00 -7.676624e-05
6.070000e+00 -7.358391e-05
6.080000e+00 -7.041545e-05
6.090000e+00 -6.726403e-05
6.100000e+00 -6.413249e-05
6.110000e+00 -6.102336e-05
6.120000e+00 -5.793881e-05
6.130000e+00 -5.488062e-05
6.140000e+00 -5.185018e-05
6.150000e+00 -4.884843e-05
6.160000e+00 -4.587584e-05
6.170000e+00 -4.293241e-05
6.180000e+00 -4.001759e-05
6.190000e+00 -3.713029e-05
6.200000e+00 -3.426884e-05
6.210000e+00 -3.143096e-05
6.220000e+00 -2.861375e-05
6.230000e+00 -2.581367e-05
6.240000e+00 -2.302649e-05
6.250000e+00 -2.024732e-05
6.260000e+00 -1.747059e-05
6.270000e+00 -1.469002e-05
6.280000e+00 -1.189866e-05
6.290000e+00 -9.088863e-06
6.300000e+00 -6.252307e-06
6.310000e+00 -3.380020e-06
6.320000e+00 -4.624007e-07
6.330000e+00 2.510756e-06
6.340000e+00 5.550220e-06
6.350000e+00 8.667282e-06
6.360000e+00 1.187371e-05
6.370000e+00 1.518167e-05
6.380000e+00 1.860373e-05
6.390000e+00 2.215269e-05
6.400000e+00 2.584163e-05
6.410000e+00 2.968372e-05
6.420000e+00 3.369225e-05
6.430000e+00 3.788043e-05
6.440000e+00 4.226143e-05
6.450000e+00 4.684819e-05
6.460000e+00 5.165337e-05
6.470000e+00 5.668928e-05
6.480000e+00 6.196777e-05
6.490000e+00 6.750012e-05
6.500000e+00 7.329702e-05
6.510000e+00 7.936841e-05
6.520000e+00 8.572345e-05
6.530000e+00 9.237045e-05
6.540000e+00 9.931677e-05
6.550000e+00 1.065688e-04
6.560000e+00 1.141318e-04
6.570000e+00 1.220100e-04
6.580000e+00 1.302064e-04
6.590000e+00 1.387230e-04
6.600000e+00 1.475605e-04
6.610000e+00 1.567183e-04
6.620000e+00 1.661946e-04
6.630000e+00 1.759865e-04
6.640000e+00 1.860898e-04
6.650000e+00 1.964991e-04
6.660000e+00 2.072078e-04
6.670000e+00 2.182084e-04
6.680000e+00 2.294921e-04
6.690000e+00 2.410492e-04
6.700000e+00 2.528688e-04
6.710000e+00 2.649394e-04
6.720000e+00 2.772486e-04
6.730000e+00 2.897830e-04
6.740000e+00 3.025290e-04
6.750000e+00 3.154719e-04
6.760000e+00 3.285969e-04
6.770000e+00 3.418886e-04
6.780000e+00 3.553313e-04
6.790000e+00 3.689089e-04
6.800000e+00 3.826055e-04
6.810000e+00 3.964048e-04
6.820000e+00 4.102908e-04
6.830000e+00 4.242472e-04
6.840000e+00 4.382581e-04
6.850000e+00 4.523079e-04
6.860000e+00 4.663810e-04
6.870000e+00 4.804624e-04
6.880000e+00 4.945374e-04
6.890000e+00 5.085915e-04
6.900000e+00 5.226109e-04
6.910000e+00 5.365822e-04
6.920000e+00 5.504926e-04
6.930000e+00 5.643294e-04
6.940000e+00 5.780809e-04
6.950000e+00 5.917356e-04
6.960000e+00 6.052825e-04
6.970000e+00 6.187111e-04
6.980000e+00 6.320114e-04
6.990000e+00 6.451737e-04
7.000000e+00 6.581888e-04
7.010000e+00 6.710476e-04
7.020000e+00 6.837416e-04
7.030000e+00 6.962623e-04
7.040000e+00 7.086014e-04
7.050000e+00 7.207510e-04
7.060000e+00 7.327029e-04
7.070000e+00 7.444494e-04
7.080000e+00 7.559823e-04
7.090000e+00 7.672938e-04
7.100000e+00 7.783758e-04
7.110000e+00 7.892200e-04
7.120000e+00 7.998181e-04
7.130000e+00 8.101614e-04
7.140000e+00 8.202412e-04
7.150000e+00 8.300483e-04
7.160000e+00 8.395735e-04
7.170000e+00 8.488069e-04
7.180000e+00 8.577388e-04
7.190000e+00 8.663589e-04
7.200000e+00 8.746567e-04
7.210000e+00 8.826214e-04
7.220000e+00 8.902420e-04
7.230000e+00 8.975071e-04
7.240000e+00 9.044054e-04
7.250000e+00 9.109253e-04
7.260000e+00 9.170549e-04
7.270000e+00 9.227826e-04
7.280000e+00 9.280965e-04
7.290000e+00 9.329849e-04
7.300000e+00 9.374361e-04
7.310000e+00 9.414386e-04
7.320000e+00 9.449812e-04
7.330000e+00 9.480529e-04
7.340000e+00 9.506433e-04
7.350000e+00 9.527421e-04
7.360000e+00 9.543398e-04
7.370000e+00 9.554274e-04
7.380000e+00 9.559966e-04
7.390000e+00 9.560398e-04
7.400000e+00 9.555502e-04
7.410000e+00 9.545219e-04
7.420000e+00 9.529500e-04
7.430000e+00 9.508305e-04
7.440000e+00 9.481605e-04
7.450000e+00 9.449383e-04
7.460000e+00 9.411632e-04
7.470000e+00 9.368359e-04
7.480000e+00 9.319583e-04
7.490000e+00 9.265335e-04
7.500000e+00 9.205660e-04
7.510000e+00 9.140617e-04
7.520000e+00 9.070278e-04
7.530000e+00 8.994729e-04
7.540000e+00 8.914070e-04
7.550000e+00 8.828416e-04
7.560000e+00 8.737894e-04
7.570000e+00 8.642646e-04
7.580000e+00 8.542828e-04
7.590000e+00 8.438610e-04
7.600000e+00 8.330172e-04
7.610000e+00 8.217711e-04
7.620000e+00 8.101433e-04
7.630000e+00 7.981559e-04
7.640000e+00 7.858320e-04
7.650000e+00 7.731956e-04
7.660000e+00 7.602719e-04
7.670000e+00 7.470872e-04
7.680000e+00 7.336684e-04
7.690000e+00 7.200432e-04
7.700000e+00 7.062402e-04
7.710000e+00 6.922885e-04
7.720000e+00 6.782176e-04
7.730000e+00 6.640576e-04
7.740000e+00 6.498388e-04
7.750000e+00 6.355917e-04
7.760000e+00 6.213469e-04
7.770000e+00 6.071350e-04
7.780000e+00 5.929865e-04
7.790000e+00 5.789314e-04
7.800000e+00 5.649997e-04
7.810000e+00 5.512207e-04
7.820000e+00 5.376230e-04
7.830000e+00 5.242347e-04
7.840000e+00 5.110829e-04
7.850000e+00 4.981939e-04
7.860000e+00 4.855927e-04
7.870000e+00 4.733034e-04
7.880000e+00 4.613486e-04
7.890000e+00 4.497497e-04
7.900000e+00 4.385267e-04
7.910000e+00 4.276978e-04
7.920000e+00 4.172798e-04
7.930000e+00 4.072878e-04
7.940000e+00 3.977352e-04
7.950000e+00 3.886333e-04
7.960000e+00 3.799919e-04
7.970000e+00 3.718188e-04
7.980000e+00 3.641199e-04
7.990000e+00 3.568992e-04
8.000000e+00 3.501587e-04
8.010000e+00 3.438985e-04
8.020000e+00 3.381170e-04
8.030000e+00 3.328104e-04
8.040000e+00 3.279733e-04
8.050000e+00 3.235984e-04
8.060000e+00 3.196768e-04
8.070000e+00 3.161977e-04
8.080000e+00 3.131488e-04
8.090000e+00 3.105165e-04
8.100000e+00 3.082853e-04
8.110000e+00 3.064389e-04
8.120000e+00 3.049594e-04
8.130000e+00 3.038279e-04
8.140000e+00 3.030245e-04
8.150000e+00 3.025285e-04
8.160000e+00 3.023183e-04
8.170000e+00 3.023718e-04
8.180000e+00 3.026661e-04
8.190000e+00 3.031783e-04
8.200000e+00 3.038851e-04
8.210000e+00 3.047629e-04
8.220000e+00 3.057882e-04
8.230000e+00 3.069378e-04
8.240000e+00 3.081884e-04
8.250000e+00 3.095172e-04
8.260000e+00 3.109021e-04
8.270000e+00 3.123210e-04
8.280000e+00 3.137531e-04
8.290000e+00 3.151779e-04
8.300000e+00 3.165758e-04
8.310000e+00 3.179284e-04
8.320000e+00 3.192180e-04
8.330000e+00 3.204282e-04
8.340000e+00 3.215435e-04
8.350000e+00 3.225497e-04
8.360000e+00 3.234339e-04
8.370000e+00 3.241844e-04
8.380000e+00 3.247909e-04
8.390000e+00 3.252441e-04
8.400000e+00 3.255365e-04
8.410000e+00 3.256617e-04
8.420000e+00 3.256147e-04
8.430000e+00 3.253920e-04
8.440000e+00 3.249913e-04
8.450000e+00 3.244118e-04
8.460000e+00 3.236540e-04
8.470000e+00 3.227199e-04
8.480000e+00 3.216125e-04
8.490000e+00 3.203364e-04
8.500000e+00 3.188974e-04
8.510000e+00 3.173024e-04
8.520000e+00 3.155596e-04
8.530000e+00 3.136785e-04
8.540000e+00 3.116695e-04
8.550000e+00 3.095443e-04
8.560000e+00 3.073154e-04
8.570000e+00 3.049964e-04
8.580000e+00 3.026020e-04
8.590000e+00 3.001474e-04
8.600000e+00 2.976489e-04
8.610000e+00 2.951235e-04
8.620000e+00 2.925887e-04
8.630000e+00 2.900628e-04
8.640000e+00 2.875646e-04
8.650000e+00 2.851132e-04
8.660000e+00 2.827281e-04
8.670000e+00 2.804291e-04
8.680000e+00 2.782362e-04
8.690000e+00 2.761694e-04
8.700000e+00 2.742485e-04
8.710000e+00 2.724935e-04
8.720000e+00 2.709238e-04
8.730000e+00 2.695584e-04
8.740000e+00 2.684162e-04
8.750000e+00 2.675149e-04
8.760000e+00 2.668718e-04
8.770000e+00 2.665033e-04
8.780000e+00 2.664245e-04
8.790000e+00 2.666495e-04
8.800000e+00 2.671913e-04
8.810000e+00 2.680612e-04
8.820000e+00 2.692690e-04
8.830000e+00 2.708230e-04
8.840000e+00 2.727295e-04
8.850000e+00 2.749931e-04
8.860000e+00 2.776161e-04
8.870000e+00 2.805991e-04
8.880000e+00 2.839402e-04
8.890000e+00 2.876353e-04
8.900000e+00 2.916780e-04
8.910000e+00 2.960596e-04
8.920000e+00 3.007688e-04
8.930000e+00 3.057919e-04
8.940000e+00 3.111128e-04
8.950000e+00 3.167130e-04
8.960000e+00 3.225713e-04
8.970000e+00 3.286644e-04
8.980000e+00 3.349665e-04
8.990000e+00 3.414496e-04
9.000000e+00 3.480836e-04
9.010000e+00 3.548362e-04
9.020000e+00 3.616732e-04
9.030000e+00 3.685587e-04
9.040000e+00 3.754552e-04
9.050000e+00 3.823236e-04
9.060000e+00 3.891237e-04
9.070000e+00 3.958141e-04
9.080000e+00 4.023527e-04
9.090000e+00 4.086968e-04
9.100000e+00 4.148031e-04
9.110000e+00 4.206283e-04
9.120000e+00 4.261293e-04
9.130000e+00 4.312632e-04
9.140000e+00 4.359877e-04
9.150000e+00 4.402615e-04
9.160000e+00 4.440443e-04
9.170000e+00 4.472971e-04
9.180000e+00 4.499827e-04
9.190000e+00 4.520654e-04
9.200000e+00 4.535118e-04
9.210000e+00 4.542907e-04
9.220000e+00 4.543732e-04
9.230000e+00 4.537333e-04
9.240000e+00 4.523475e-04
9.250000e+00 4.501956e-04
9.260000e+00 4.472601e-04
9.270000e+00 4.435271e-04
9.280000e+00 4.389857e-04
9.290000e+00 4.336286e-04
9.300000e+00 4.274517e-04
9.310000e+00 4.204547e-04
9.320000e+00 4.126406e-04
9.330000e+00 4.040158e-04
9.340000e+00 3.945904e-04
9.350000e+00 3.843779e-04
9.360000e+00 3.733952e-04
9.370000e+00 3.616623e-04
9.380000e+00 3.492028e-04
9.390000e+00 3.360431e-04
9.400000e+00 3.222128e-04
9.410000e+00 3.077443e-04
9.420000e+00 2.926729e-04
9.430000e+00 2.770363e-04
9.440000e+00 2.608748e-04
9.450000e+00 2.442309e-04
9.460000e+00 2.271494e-04
9.470000e+00 2.096768e-04
9.480000e+00 1.918616e-04
9.490000e+00 1.737538e-04
9.500000e+00 1.554048e-04
9.510000e+00 1.368676e-04
9.520000e+00 1.181958e-04
9.530000e+00 9.944439e-05
9.540000e+00 8.066881e-05
9.550000e+00 6.192527e-05
9.560000e+00 4.327040e-05
9.570000e+00 2.476116e-05
9.580000e+00 6.454630e-06
9.590000e+00 -1.159207e-05
9.600000e+00 -2.932195e-05
9.610000e+00 -4.667827e-05
9.620000e+00 -6.360470e-05
9.630000e+00 -8.004539e-05
9.640000e+00 -9.594517e-05
9.650000e+00 -1.112496e-04
9.660000e+00 -1.259052e-04
9.670000e+00 -1.398594e-04
9.680000e+00 -1.530607e-04
9.690000e+00 -1.654591e-04
9.700000e+00 -1.770058e-04
9.710000e+00 -1.876535e-04
9.720000e+00 -1.973565e-04
9.730000e+00 -2.060710e-04
9.740000e+00 -2.137549e-04
9.750000e+00 -2.203682e-04
9.760000e+00 -2.258732e-04
9.770000e+00 -2.302341e-04
9.780000e+00 -2.334180e-04
9.790000e+00 -2.353944e-04
9.800000e+00 -2.361354e-04
9.810000e+00 -2.356161e-04
9.820000e+00 -2.338147e-04
9.830000e+00 -2.307124e-04
9.840000e+00 -2.262939e-04
9.850000e+00 -2.205472e-04
9.860000e+00 -2.134641e-04
9.870000e+00 -2.050399e-04
9.880000e+00 -1.952738e-04
9.890000e+00 -1.841692e-04
9.900000e+00 -1.717333e-04
9.910000e+00 -1.579775e-04
9.920000e+00 -1.429176e-04
9.930000e+00 -1.265736e-04
9.940000e+00 -1.089699e-04
9.950000e+00 -9.013514e-05
9.960000e+00 -7.010253e-05
9.970000e+00 -4.890956e-05
9.980000e+00 -2.659810e-05
9.990000e+00 -3.214272e-06
1.000000e+01 2.119156e-05
