# sigma2_v 5.094374397651759e+00
0.000000e+00 1.000000e+00
1.000000e-02 9.997453e-01
2.000000e-02 9.989817e-01
3.000000e-02 9.977102e-01
4.000000e-02 9.959330e-01
5.000000e-02 9.936527e-01
6.000000e-02 9.908729e-01
7.000000e-02 9.875980e-01
8.000000e-02 9.838330e-01
9.000000e-02 9.795837e-01
1.000000e-01 9.748567e-01
1.100000e-01 9.696591e-01
1.200000e-01 9.639991e-01
1.300000e-01 9.578851e-01
1.400000e-01 9.513265e-01
1.500000e-01 9.443331e-01
1.600000e-01 9.369154e-01
1.700000e-01 9.290845e-01
1.800000e-01 9.208520e-01
1.900000e-01 9.122299e-01
2.000000e-01 9.032310e-01
2.100000e-01 8.938682e-01
2.200000e-01 8.841550e-01
2.300000e-01 8.741052e-01
2.400000e-01 8.637331e-01
2.500000e-01 8.530532e-01
2.600000e-01 8.420804e-01
2.700000e-01 8.308295e-01
2.800000e-01 8.193160e-01
2.900000e-01 8.075553e-01
3.000000e-01 7.955630e-01
3.100000e-01 7.833547e-01
3.200000e-01 7.709464e-01
3.300000e-01 7.583537e-01
3.400000e-01 7.455926e-01
3.500000e-01 7.326788e-01
3.600000e-01 7.196281e-01
3.700000e-01 7.064562e-01
3.800000e-01 6.931787e-01
3.900000e-01 6.798108e-01
4.000000e-01 6.663680e-01
4.100000e-01 6.528651e-01
4.200000e-01 6.393169e-01
4.300000e-01 6.257382e-01
4.400000e-01 6.121430e-01
4.500000e-01 5.985454e-01
4.600000e-01 5.849589e-01
4.700000e-01 5.713971e-01
4.800000e-01 5.578726e-01
4.900000e-01 5.443982e-01
5.000000e-01 5.309860e-01
5.100000e-01 5.176478e-01
5.200000e-01 5.043950e-01
5.300000e-01 4.912384e-01
5.400000e-01 4.781885e-01
5.500000e-01 4.652554e-01
5.600000e-01 4.524487e-01
5.700000e-01 4.397775e-01
5.800000e-01 4.272505e-01
5.900000e-01 4.148758e-01
6.000000e-01 4.026611e-01
6.100000e-01 3.906137e-01
6.200000e-01 3.787404e-01
6.300000e-01 3.670475e-01
6.400000e-01 3.555408e-01
6.500000e-01 3.442257e-01
6.600000e-01 3.331072e-01
6.700000e-01 3.221896e-01
6.800000e-01 3.114771e-01
6.900000e-01 3.009732e-01
7.000000e-01 2.906811e-01
7.100000e-01 2.806035e-01
7.200000e-01 2.707428e-01
7.300000e-01 2.611009e-01
7.400000e-01 2.516793e-01
7.500000e-01 2.424793e-01
7.600000e-01 2.335017e-01
7.700000e-01 2.247468e-01
7.800000e-01 2.162148e-01
7.900000e-01 2.079056e-01
8.000000e-01 1.998185e-01
8.100000e-01 1.919529e-01
8.200000e-01 1.843075e-01
8.300000e-01 1.768810e-01
8.400000e-01 1.696717e-01
8.500000e-01 1.626778e-01
8.600000e-01 1.558973e-01
8.700000e-01 1.493276e-01
8.800000e-01 1.429664e-01
8.900000e-01 1.368108e-01
9.000000e-01 1.308581e-01
9.100000e-01 1.251051e-01
9.200000e-01 1.195487e-01
9.300000e-01 1.141854e-01
9.400000e-01 1.090118e-01
9.500000e-01 1.040244e-01
9.600000e-01 9.921934e-02
9.700000e-01 9.459298e-02
9.800000e-01 9.014142e-02
9.900000e-01 8.586072e-02
1.000000e+00 8.174691e-02
1.010000e+00 7.779595e-02
1.020000e+00 7.400377e-02
1.030000e+00 7.036628e-02
1.040000e+00 6.687935e-02
1.050000e+00 6.353885e-02
1.060000e+00 6.034065e-02
1.070000e+00 5.728063e-02
1.080000e+00 5.435465e-02
1.090000e+00 5.155863e-02
1.100000e+00 4.888849e-02
1.110000e+00 4.634019e-02
1.120000e+00 4.390973e-02
1.130000e+00 4.159314e-02
1.140000e+00 3.938652e-02
1.150000e+00 3.728600e-02
1.160000e+00 3.528777e-02
1.170000e+00 3.338811e-02
1.180000e+00 3.158333e-02
1.190000e+00 2.986983e-02
1.200000e+00 2.824406e-02
1.210000e+00 2.670256e-02
1.220000e+00 2.524194e-02
1.230000e+00 2.385890e-02
1.240000e+00 2.255021e-02
1.250000e+00 2.131271e-02
1.260000e+00 2.014335e-02
1.270000e+00 1.903914e-02
1.280000e+00 1.799718e-02
1.290000e+00 1.701467e-02
1.300000e+00 1.608887e-02
1.310000e+00 1.521715e-02
1.320000e+00 1.439695e-02
1.330000e+00 1.362579e-02
1.340000e+00 1.290129e-02
1.350000e+00 1.222114e-02
1.360000e+00 1.158313e-02
1.370000e+00 1.098510e-02
1.380000e+00 1.042501e-02
1.390000e+00 9.900876e-03
1.400000e+00 9.410786e-03
1.410000e+00 8.952918e-03
1.420000e+00 8.525520e-03
1.430000e+00 8.126913e-03
1.440000e+00 7.755490e-03
1.450000e+00 7.409712e-03
1.460000e+00 7.088112e-03
1.470000e+00 6.789283e-03
1.480000e+00 6.511888e-03
1.490000e+00 6.254649e-03
1.500000e+00 6.016349e-03
1.510000e+00 5.795829e-03
1.520000e+00 5.591989e-03
1.530000e+00 5.403781e-03
1.540000e+00 5.230211e-03
1.550000e+00 5.070337e-03
1.560000e+00 4.923264e-03
1.570000e+00 4.788147e-03
1.580000e+00 4.664184e-03
1.590000e+00 4.550620e-03
1.600000e+00 4.446738e-03
1.610000e+00 4.351865e-03
1.620000e+00 4.265366e-03
1.630000e+00 4.186642e-03
1.640000e+00 4.115130e-03
1.650000e+00 4.050303e-03
1.660000e+00 3.991664e-03
1.670000e+00 3.938749e-03
1.680000e+00 3.891122e-03
1.690000e+00 3.848376e-03
1.700000e+00 3.810132e-03
1.710000e+00 3.776035e-03
1.720000e+00 3.745755e-03
1.730000e+00 3.718984e-03
1.740000e+00 3.695437e-03
1.750000e+00 3.674849e-03
1.760000e+00 3.656975e-03
1.770000e+00 3.641586e-03
1.780000e+00 3.628473e-03
1.790000e+00 3.617440e-03
1.800000e+00 3.608310e-03
1.810000e+00 3.600915e-03
1.820000e+00 3.595103e-03
1.830000e+00 3.590733e-03
1.840000e+00 3.587676e-03
1.850000e+00 3.585813e-03
1.860000e+00 3.585032e-03
1.870000e+00 3.585233e-03
1.880000e+00 3.586320e-03
1.890000e+00 3.588208e-03
1.900000e+00 3.590816e-03
1.910000e+00 3.594069e-03
1.920000e+00 3.597897e-03
1.930000e+00 3.602234e-03
1.940000e+00 3.607021e-03
1.950000e+00 3.612198e-03
1.960000e+00 3.617712e-03
1.970000e+00 3.623512e-03
1.980000e+00 3.629547e-03
1.990000e+00 3.635772e-03
2.000000e+00 3.642140e-03
2.010000e+00 3.648610e-03
2.020000e+00 3.655138e-03
2.030000e+00 3.661686e-03
2.040000e+00 3.668213e-03
2.050000e+00 3.674682e-03
2.060000e+00 3.681057e-03
2.070000e+00 3.687301e-03
2.080000e+00 3.693381e-03
2.090000e+00 3.699263e-03
2.100000e+00 3.704916e-03
2.110000e+00 3.710309e-03
2.120000e+00 3.715411e-03
2.130000e+00 3.720197e-03
2.140000e+00 3.724638e-03
2.150000e+00 3.728709e-03
2.160000e+00 3.732387e-03
2.170000e+00 3.735649e-03
2.180000e+00 3.738476e-03
2.190000e+00 3.740848e-03
2.200000e+00 3.742748e-03
2.210000e+00 3.744161e-03
2.220000e+00 3.745073e-03
2.230000e+00 3.745471e-03
2.240000e+00 3.745347e-03
2.250000e+00 3.744690e-03
2.260000e+00 3.743494e-03
2.270000e+00 3.741753e-03
2.280000e+00 3.739464e-03
2.290000e+00 3.736622e-03
2.300000e+00 3.733228e-03
2.310000e+00 3.729279e-03
2.320000e+00 3.724778e-03
2.330000e+00 3.719726e-03
2.340000e+00 3.714124e-03
2.350000e+00 3.707977e-03
2.360000e+00 3.701288e-03
2.370000e+00 3.694061e-03
2.380000e+00 3.686300e-03
2.390000e+00 3.678009e-03
2.400000e+00 3.669194e-03
2.410000e+00 3.659858e-03
2.420000e+00 3.650006e-03
2.430000e+00 3.639641e-03
2.440000e+00 3.628767e-03
2.450000e+00 3.617387e-03
2.460000e+00 3.605502e-03
2.470000e+00 3.593115e-03
2.480000e+00 3.580226e-03
2.490000e+00 3.566836e-03
2.500000e+00 3.552944e-03
2.510000e+00 3.538547e-03
2.520000e+00 3.523644e-03
2.530000e+00 3.508230e-03
2.540000e+00 3.492302e-03
2.550000e+00 3.475853e-03
2.560000e+00 3.458878e-03
2.570000e+00 3.441369e-03
2.580000e+00 3.423317e-03
2.590000e+00 3.404713e-03
2.600000e+00 3.385548e-03
2.610000e+00 3.365809e-03
2.620000e+00 3.345485e-03
2.630000e+00 3.324563e-03
2.640000e+00 3.303029e-03
2.650000e+00 3.280868e-03
2.660000e+00 3.258066e-03
2.670000e+00 3.234606e-03
2.680000e+00 3.210472e-03
2.690000e+00 3.185646e-03
2.700000e+00 3.160110e-03
2.710000e+00 3.133847e-03
2.720000e+00 3.106838e-03
2.730000e+00 3.079063e-03
2.740000e+00 3.050503e-03
2.750000e+00 3.021138e-03
2.760000e+00 2.990950e-03
2.770000e+00 2.959918e-03
2.780000e+00 2.928022e-03
2.790000e+00 2.895245e-03
2.800000e+00 2.861566e-03
2.810000e+00 2.826967e-03
2.820000e+00 2.791432e-03
2.830000e+00 2.754943e-03
2.840000e+00 2.717484e-03
2.850000e+00 2.679040e-03
2.860000e+00 2.639599e-03
2.870000e+00 2.599149e-03
2.880000e+00 2.557679e-03
2.890000e+00 2.515181e-03
2.900000e+00 2.471650e-03
2.910000e+00 2.427082e-03
2.920000e+00 2.381475e-03
2.930000e+00 2.334831e-03
2.940000e+00 2.287154e-03
2.950000e+00 2.238451e-03
2.960000e+00 2.188733e-03
2.970000e+00 2.138015e-03
2.980000e+00 2.086313e-03
2.990000e+00 2.033648e-03
3.000000e+00 1.980046e-03
3.010000e+00 1.925535e-03
3.020000e+00 1.870148e-03
3.030000e+00 1.813922e-03
3.040000e+00 1.756898e-03
3.050000e+00 1.699121e-03
3.060000e+00 1.640641e-03
3.070000e+00 1.581511e-03
3.080000e+00 1.521788e-03
3.090000e+00 1.461535e-03
3.100000e+00 1.400816e-03
3.110000e+00 1.339703e-03
3.120000e+00 1.278267e-03
3.130000e+00 1.216588e-03
3.140000e+00 1.154744e-03
3.150000e+00 1.092821e-03
3.160000e+00 1.030906e-03
3.170000e+00 9.690887e-04
3.180000e+00 9.074625e-04
3.190000e+00 8.461229e-04
3.200000e+00 7.851679e-04
3.210000e+00 7.246971e-04
3.220000e+00 6.648122e-04
3.230000e+00 6.056161e-04
3.240000e+00 5.472130e-04
3.250000e+00 4.897077e-04
3.260000e+00 4.332056e-04
3.270000e+00 3.778124e-04
3.280000e+00 3.236333e-04
3.290000e+00 2.707734e-04
3.300000e+00 2.193366e-04
3.310000e+00 1.694256e-04
3.320000e+00 1.211417e-04
3.330000e+00 7.458417e-05
3.340000e+00 2.984987e-05
3.350000e+00 -1.296692e-05
3.360000e+00 -5.377501e-05
3.370000e+00 -9.248662e-05
3.380000e+00 -1.290178e-04
3.390000e+00 -1.632887e-04
3.400000e+00 -1.952241e-04
3.410000e+00 -2.247535e-04
3.420000e+00 -2.518118e-04
3.430000e+00 -2.763395e-04
3.440000e+00 -2.982830e-04
3.450000e+00 -3.175948e-04
3.460000e+00 -3.342343e-04
3.470000e+00 -3.481674e-04
3.480000e+00 -3.593674e-04
3.490000e+00 -3.678150e-04
3.500000e+00 -3.734985e-04
3.510000e+00 -3.764141e-04
3.520000e+00 -3.765659e-04
3.530000e+00 -3.739664e-04
3.540000e+00 -3.686364e-04
3.550000e+00 -3.606051e-04
3.560000e+00 -3.499101e-04
3.570000e+00 -3.365976e-04
3.580000e+00 -3.207222e-04
3.590000e+00 -3.023470e-04
3.600000e+00 -2.815432e-04
3.610000e+00 -2.583902e-04
3.620000e+00 -2.329754e-04
3.630000e+00 -2.053937e-04
3.640000e+00 -1.757476e-04
3.650000e+00 -1.441463e-04
3.660000e+00 -1.107060e-04
3.670000e+00 -7.554890e-05
3.680000e+00 -3.880299e-05
3.690000e+00 -6.015218e-07
3.700000e+00 3.891758e-05
3.710000e+00 7.961226e-05
3.720000e+00 1.213370e-04
3.730000e+00 1.639432e-04
3.740000e+00 2.072804e-04
3.750000e+00 2.511964e-04
3.760000e+00 2.955380e-04
3.770000e+00 3.401520e-04
3.780000e+00 3.848856e-04
3.790000e+00 4.295875e-04
3.800000e+00 4.741078e-04
3.810000e+00 5.182996e-04
3.820000e+00 5.620191e-04
3.830000e+00 6.051261e-04
3.840000e+00 6.474851e-04
3.850000e+00 6.889655e-04
3.860000e+00 7.294422e-04
3.870000e+00 7.687963e-04
3.880000e+00 8.069151e-04
3.890000e+00 8.436928e-04
3.900000e+00 8.790311e-04
3.910000e+00 9.128387e-04
3.920000e+00 9.450325e-04
3.930000e+00 9.755371e-04
3.940000e+00 1.004285e-03
3.950000e+00 1.031217e-03
3.960000e+00 1.056283e-03
3.970000e+00 1.079439e-03
3.980000e+00 1.100650e-03
3.990000e+00 1.119891e-03
4.000000e+00 1.137141e-03
4.010000e+00 1.152388e-03
4.020000e+00 1.165630e-03
4.030000e+00 1.176868e-03
4.040000e+00 1.186112e-03
4.050000e+00 1.193377e-03
4.060000e+00 1.198686e-03
4.070000e+00 1.202065e-03
4.080000e+00 1.203548e-03
4.090000e+00 1.203171e-03
4.100000e+00 1.200976e-03
4.110000e+00 1.197009e-03
4.120000e+00 1.191318e-03
4.130000e+00 1.183956e-03
4.140000e+00 1.174978e-03
4.150000e+00 1.164440e-03
4.160000e+00 1.152402e-03
4.170000e+00 1.138924e-03
4.180000e+00 1.124069e-03
4.190000e+00 1.107898e-03
4.200000e+00 1.090476e-03
4.210000e+00 1.071866e-03
4.220000e+00 1.052132e-03
4.230000e+00 1.031337e-03
4.240000e+00 1.009544e-03
4.250000e+00 9.868180e-04
4.260000e+00 9.632192e-04
4.270000e+00 9.388097e-04
4.280000e+00 9.136498e-04
4.290000e+00 8.877991e-04
4.300000e+00 8.613161e-04
4.310000e+00 8.342580e-04
4.320000e+00 8.066811e-04
4.330000e+00 7.786404e-04
4.340000e+00 7.501897e-04
4.350000e+00 7.213817e-04
4.360000e+00 6.922679e-04
4.370000e+00 6.628986e-04
4.380000e+00 6.333228e-04
4.390000e+00 6.035886e-04
4.400000e+00 5.737428e-04
4.410000e+00 5.438312e-04
4.420000e+00 5.138984e-04
4.430000e+00 4.839881e-04
4.440000e+00 4.541429e-04
4.450000e+00 4.244043e-04
4.460000e+00 3.948128e-04
4.470000e+00 3.654081e-04
4.480000e+00 3.362286e-04
4.490000e+00 3.073120e-04
4.500000e+00 2.786948e-04
4.510000e+00 2.504128e-04
4.520000e+00 2.225004e-04
4.530000e+00 1.949915e-04
4.540000e+00 1.679187e-04
4.550000e+00 1.413136e-04
4.560000e+00 1.152069e-04
4.570000e+00 8.962831e-05
4.580000e+00 6.460634e-05
4.590000e+00 4.016859e-05
4.600000e+00 1.634157e-05
4.610000e+00 -6.849282e-06
4.620000e+00 -2.937960e-05
4.630000e+00 -5.122613e-05
4.640000e+00 -7.236669e-05
4.650000e+00 -9.278024e-05
4.660000e+00 -1.124468e-04
4.670000e+00 -1.313477e-04
4.680000e+00 -1.494652e-04
4.690000e+00 -1.667828e-04
4.700000e+00 -1.832851e-04
4.710000e+00 -1.989580e-04
4.720000e+00 -2.137884e-04
4.730000e+00 -2.277646e-04
4.740000e+00 -2.408758e-04
4.750000e+00 -2.531126e-04
4.760000e+00 -2.644668e-04
4.770000e+00 -2.749311e-04
4.780000e+00 -2.844997e-04
4.790000e+00 -2.931679e-04
4.800000e+00 -3.009322e-04
4.810000e+00 -3.077903e-04
4.820000e+00 -3.137408e-04
4.830000e+00 -3.187840e-04
4.840000e+00 -3.229209e-04
4.850000e+00 -3.261538e-04
4.860000e+00 -3.284861e-04
4.870000e+00 -3.299223e-04
4.880000e+00 -3.304680e-04
4.890000e+00 -3.301299e-04
4.900000e+00 -3.289154e-04
4.910000e+00 -3.268331e-04
4.920000e+00 -3.238925e-04
4.930000e+00 -3.201039e-04
4.940000e+00 -3.154784e-04
4.950000e+00 -3.100278e-04
4.960000e+00 -3.037647e-04
4.970000e+00 -2.967022e-04
4.980000e+00 -2.888540e-04
4.990000e+00 -2.802342e-04
5.000000e+00 -2.708576e-04
5.010000e+00 -2.607389e-04
5.020000e+00 -2.498935e-04
5.030000e+00 -2.383370e-04
5.040000e+00 -2.260848e-04
5.050000e+00 -2.131529e-04
5.060000e+00 -1.995572e-04
5.070000e+00 -1.853135e-04
5.080000e+00 -1.704381e-04
5.090000e+00 -1.549469e-04
5.100000e+00 -1.388561e-04
5.110000e+00 -1.221818e-04
5.120000e+00 -1.049403e-04
5.130000e+00 -8.714797e-05
5.140000e+00 -6.882145e-05
5.150000e+00 -4.997758e-05
5.160000e+00 -3.063354e-05
5.170000e+00 -1.080698e-05
5.180000e+00 9.483890e-06
5.190000e+00 3.022020e-05
5.200000e+00 5.138227e-05
5.210000e+00 7.294945e-05
5.220000e+00 9.490000e-05
5.230000e+00 1.172109e-04
5.240000e+00 1.398578e-04
5.250000e+00 1.628147e-04
5.260000e+00 1.860540e-04
5.270000e+00 2.095460e-04
5.280000e+00 2.332592e-04
5.290000e+00 2.571600e-04
5.300000e+00 2.812124e-04
5.310000e+00 3.053781e-04
5.320000e+00 3.296163e-04
5.330000e+00 3.538839e-04
5.340000e+00 3.781351e-04
5.350000e+00 4.023215e-04
5.360000e+00 4.263924e-04
5.370000e+00 4.502944e-04
5.380000e+00 4.739717e-04
5.390000e+00 4.973663e-04
5.400000e+00 5.204179e-04
5.410000e+00 5.430643e-04
5.420000e+00 5.652414e-04
5.430000e+00 5.868835e-04
5.440000e+00 6.079237e-04
5.450000e+00 6.282939e-04
5.460000e+00 6.479253e-04
5.470000e+00 6.667487e-04
5.480000e+00 6.846948e-04
5.490000e+00 7.016948e-04
5.500000e+00 7.176804e-04
5.510000e+00 7.325843e-04
5.520000e+00 7.463411e-04
5.530000e+00 7.588868e-04
5.540000e+00 7.701600e-04
5.550000e+00 7.801021e-04
5.560000e+00 7.886572e-04
5.570000e+00 7.957734e-04
5.580000e+00 8.014022e-04
5.590000e+00 8.054994e-04
5.600000e+00 8.080256e-04
5.610000e+00 8.089457e-04
5.620000e+00 8.082302e-04
5.630000e+00 8.058545e-04
5.640000e+00 8.017998e-04
5.650000e+00 7.960527e-04
5.660000e+00 7.886058e-04
5.670000e+00 7.794577e-04
5.680000e+00 7.686127e-04
5.690000e+00 7.560813e-04
5.700000e+00 7.418797e-04
5.710000e+00 7.260302e-04
5.720000e+00 7.085609e-04
5.730000e+00 6.895055e-04
5.740000e+00 6.689032e-04
5.750000e+00 6.467984e-04
5.760000e+00 6.232408e-04
5.770000e+00 5.982848e-04
5.780000e+00 5.719893e-04
5.790000e+00 5.444176e-04
5.800000e+00 5.156367e-04
5.810000e+00 4.857175e-04
5.820000e+00 4.547340e-04
5.830000e+00 4.227629e-04
5.840000e+00 3.898839e-04
5.850000e+00 3.561785e-04
5.860000e+00 3.217302e-04
5.870000e+00 2.866237e-04
5.880000e+00 2.509452e-04
5.890000e+00 2.147812e-04
5.900000e+00 1.782187e-04
5.910000e+00 1.413449e-04
5.920000e+00 1.042466e-04
5.930000e+00 6.700989e-05
5.940000e+00 2.971999e-05
5.950000e+00 -7.539047e-06
5.960000e+00 -4.468471e-05
5.970000e+00 -8.163622e-05
5.980000e+00 -1.183148e-04
5.990000e+00 -1.546440e-04
6.000000e+00 -1.905497e-04
6.010000e+00 -2.259605e-04
6.020000e+00 -2.608078e-04
6.030000e+00 -2.950261e-04
6.040000e+00 -3.285531e-04
6.050000e+00 -3.613298e-04
6.060000e+00 -3.933006e-04
6.070000e+00 -4.244135e-04
6.080000e+00 -4.546202e-04
6.090000e+00 -4.838764e-04
6.100000e+00 -5.121412e-04
6.110000e+00 -5.393781e-04
6.120000e+00 -5.655543e-04
6.130000e+00 -5.906411e-04
6.140000e+00 -6.146138e-04
6.150000e+00 -6.374519e-04
6.160000e+00 -6.591389e-04
6.170000e+00 -6.796624e-04
6.180000e+00 -6.990139e-04
6.190000e+00 -7.171889e-04
6.200000e+00 -7.341871e-04
6.210000e+00 -7.500117e-04
6.220000e+00 -7.646699e-04
6.230000e+00 -7.781725e-04
6.240000e+00 -7.905339e-04
6.250000e+00 -8.017718e-04
6.260000e+00 -8.119073e-04
6.270000e+00 -8.209645e-04
6.280000e+00 -8.289705e-04
6.290000e+00 -8.359550e-04
6.300000e+00 -8.419503e-04
6.310000e+00 -8.469911e-04
6.320000e+00 -8.511141e-04
6.330000e+00 -8.543576e-04
6.340000e+00 -8.567618e-04
6.350000e+00 -8.583680e-04
6.360000e+00 -8.592187e-04
6.370000e+00 -8.593572e-04
6.380000e+00 -8.588270e-04
6.390000e+00 -8.576723e-04
6.400000e+00 -8.559370e-04
6.410000e+00 -8.536648e-04
6.420000e+00 -8.508988e-04
6.430000e+00 -8.476814e-04
6.440000e+00 -8.440539e-04
6.450000e+00 -8.400566e-04
6.460000e+00 -8.357279e-04
6.470000e+00 -8.311050e-04
6.480000e+00 -8.262229e-04
6.490000e+00 -8.211148e-04
6.500000e+00 -8.158117e-04
6.510000e+00 -8.103423e-04
6.520000e+00 -8.047331e-04
6.530000e+00 -7.990077e-04
6.540000e+00 -7.931877e-04
6.550000e+00 -7.872919e-04
6.560000e+00 -7.813363e-04
6.570000e+00 -7.753346e-04
6.580000e+00 -7.692978e-04
6.590000e+00 -7.632343e-04
6.600000e+00 -7.571502e-04
6.610000e+00 -7.510489e-04
6.620000e+00 -7.449315e-04
6.630000e+00 -7.387971e-04
6.640000e+00 -7.326423e-04
6.650000e+00 -7.264618e-04
6.660000e+00 -7.202486e-04
6.670000e+00 -7.139936e-04
6.680000e+00 -7.076862e-04
6.690000e+00 -7.013144e-04
6.700000e+00 -6.948647e-04
6.710000e+00 -6.883226e-04
6.720000e+00 -6.816724e-04
6.730000e+00 -6.748977e-04
6.740000e+00 -6.679811e-04
6.750000e+00 -6.609050e-04
6.760000e+00 -6.536511e-04
6.770000e+00 -6.462009e-04
6.780000e+00 -6.385357e-04
6.790000e+00 -6.306371e-04
6.800000e+00 -6.224864e-04
6.810000e+00 -6.140656e-04
6.820000e+00 -6.053569e-04
6.830000e+00 -5.963430e-04
6.840000e+00 -5.870075e-04
6.850000e+00 -5.773345e-04
6.860000e+00 -5.673093e-04
6.870000e+00 -5.569181e-04
6.880000e+00 -5.461481e-04
6.890000e+00 -5.349880e-04
6.900000e+00 -5.234277e-04
6.910000e+00 -5.114587e-04
6.920000e+00 -4.990739e-04
6.930000e+00 -4.862679e-04
6.940000e+00 -4.730371e-04
6.950000e+00 -4.593798e-04
6.960000e+00 -4.452962e-04
6.970000e+00 -4.307882e-04
6.980000e+00 -4.158602e-04
6.990000e+00 -4.005185e-04
7.000000e+00 -3.847715e-04
7.010000e+00 -3.686300e-04
7.020000e+00 -3.521068e-04
7.030000e+00 -3.352173e-04
7.040000e+00 -3.179788e-04
7.050000e+00 -3.004110e-04
7.060000e+00 -2.825359e-04
7.070000e+00 -2.643776e-04
7.080000e+00 -2.459622e-04
7.090000e+00 -2.273179e-04
7.100000e+00 -2.084751e-04
7.110000e+00 -1.894657e-04
7.120000e+00 -1.703234e-04
7.130000e+00 -1.510836e-04
7.140000e+00 -1.317830e-04
7.150000e+00 -1.124594e-04
7.160000e+00 -9.315178e-05
7.170000e+00 -7.389997e-05
7.180000e+00 -5.474433e-05
7.190000e+00 -3.572561e-05
7.200000e+00 -1.688472e-05
7.210000e+00 1.737543e-06
7.220000e+00 2.010071e-05
7.230000e+00 3.816491e-05
7.240000e+00 5.589113e-05
7.250000e+00 7.324142e-05
7.260000e+00 9.017916e-05
7.270000e+00 1.066693e-04
7.280000e+00 1.226786e-04
7.290000e+00 1.381756e-04
7.300000e+00 1.531314e-04
7.310000e+00 1.675191e-04
7.320000e+00 1.813146e-04
7.330000e+00 1.944961e-04
7.340000e+00 2.070449e-04
7.350000e+00 2.189451e-04
7.360000e+00 2.301835e-04
7.370000e+00 2.407503e-04
7.380000e+00 2.506382e-04
7.390000e+00 2.598434e-04
7.400000e+00 2.683648e-04
7.410000e+00 2.762041e-04
7.420000e+00 2.833663e-04
7.430000e+00 2.898587e-04
7.440000e+00 2.956915e-04
7.450000e+00 3.008776e-04
7.460000e+00 3.054318e-04
7.470000e+00 3.093717e-04
7.480000e+00 3.127166e-04
7.490000e+00 3.154878e-04
7.500000e+00 3.177084e-04
7.510000e+00 3.194029e-04
7.520000e+00 3.205972e-04
7.530000e+00 3.213185e-04
7.540000e+00 3.215947e-04
7.550000e+00 3.214548e-04
7.560000e+00 3.209282e-04
7.570000e+00 3.200449e-04
7.580000e+00 3.188352e-04
7.590000e+00 3.173296e-04
7.600000e+00 3.155585e-04
7.610000e+00 3.135525e-04
7.620000e+00 3.113418e-04
7.630000e+00 3.089565e-04
7.640000e+00 3.064262e-04
7.650000e+00 3.037803e-04
7.660000e+00 3.010477e-04
7.670000e+00 2.982567e-04
7.680000e+00 2.954352e-04
7.690000e+00 2.926106e-04
7.700000e+00 2.898098e-04
7.710000e+00 2.870590e-04
7.720000e+00 2.843840e-04
7.730000e+00 2.818101e-04
7.740000e+00 2.793619e-04
7.750000e+00 2.770636e-04
7.760000e+00 2.749391e-04
7.770000e+00 2.730114e-04
7.780000e+00 2.713032e-04
7.790000e+00 2.698369e-04
7.800000e+00 2.686342e-04
7.810000e+00 2.677161e-04
7.820000e+00 2.671033e-04
7.830000e+00 2.668160e-04
7.840000e+00 2.668735e-04
7.850000e+00 2.672947e-04
7.860000e+00 2.680977e-04
7.870000e+00 2.692999e-04
7.880000e+00 2.709177e-04
7.890000e+00 2.729667e-04
7.900000e+00 2.754616e-04
7.910000e+00 2.784160e-04
7.920000e+00 2.818424e-04
7.930000e+00 2.857521e-04
7.940000e+00 2.901550e-04
7.950000e+00 2.950599e-04
7.960000e+00 3.004738e-04
7.970000e+00 3.064027e-04
7.980000e+00 3.128506e-04
7.990000e+00 3.198202e-04
8.000000e+00 3.273125e-04
8.010000e+00 3.353267e-04
8.020000e+00 3.438605e-04
8.030000e+00 3.529099e-04
8.040000e+00 3.624689e-04
8.050000e+00 3.725302e-04
8.060000e+00 3.830848e-04
8.070000e+00 3.941218e-04
8.080000e+00 4.056292e-04
8.090000e+00 4.175930e-04
8.100000e+00 4.299982e-04
8.110000e+00 4.428282e-04
8.120000e+00 4.560653e-04
8.130000e+00 4.696907e-04
8.140000e+00 4.836842e-04
8.150000e+00 4.980252e-04
8.160000e+00 5.126918e-04
8.170000e+00 5.276617e-04
8.180000e+00 5.429119e-04
8.190000e+00 5.584188e-04
8.200000e+00 5.741586e-04
8.210000e+00 5.901072e-04
8.220000e+00 6.062403e-04
8.230000e+00 6.225335e-04
8.240000e+00 6.389624e-04
8.250000e+00 6.555028e-04
8.260000e+00 6.721308e-04
8.270000e+00 6.888223e-04
8.280000e+00 7.055540e-04
8.290000e+00 7.223027e-04
8.300000e+00 7.390454e-04
8.310000e+00 7.557600e-04
8.320000e+00 7.724244e-04
8.330000e+00 7.890171e-04
8.340000e+00 8.055171e-04
8.350000e+00 8.219039e-04
8.360000e+00 8.381573e-04
8.370000e+00 8.542576e-04
8.380000e+00 8.701857e-04
8.390000e+00 8.859227e-04
8.400000e+00 9.014502e-04
8.410000e+00 9.167503e-04
8.420000e+00 9.318054e-04
8.430000e+00 9.465981e-04
8.440000e+00 9.611118e-04
8.450000e+00 9.753297e-04
8.460000e+00 9.892358e-04
8.470000e+00 1.002814e-03
8.480000e+00 1.016050e-03
8.490000e+00 1.028927e-03
8.500000e+00 1.041431e-03
8.510000e+00 1.053548e-03
8.520000e+00 1.065263e-03
8.530000e+00 1.076564e-03
8.540000e+00 1.087438e-03
8.550000e+00 1.097871e-03
8.560000e+00 1.107852e-03
8.570000e+00 1.117370e-03
8.580000e+00 1.126413e-03
8.590000e+00 1.134972e-03
8.600000e+00 1.143038e-03
8.610000e+00 1.150601e-03
8.620000e+00 1.157654e-03
8.630000e+00 1.164190e-03
8.640000e+00 1.170202e-03
8.650000e+00 1.175685e-03
8.660000e+00 1.180635e-03
8.670000e+00 1.185048e-03
8.680000e+00 1.188921e-03
8.690000e+00 1.192253e-03
8.700000e+00 1.195044e-03
8.710000e+00 1.197293e-03
8.720000e+00 1.199001e-03
8.730000e+00 1.200173e-03
8.740000e+00 1.200809e-03
8.750000e+00 1.200916e-03
8.760000e+00 1.200497e-03
8.770000e+00 1.199561e-03
8.780000e+00 1.198113e-03
8.790000e+00 1.196163e-03
8.800000e+00 1.193719e-03
8.810000e+00 1.190792e-03
8.820000e+00 1.187394e-03
8.830000e+00 1.183536e-03
8.840000e+00 1.179233e-03
8.850000e+00 1.174497e-03
8.860000e+00 1.169346e-03
8.870000e+00 1.163794e-03
8.880000e+00 1.157859e-03
8.890000e+00 1.151560e-03
8.900000e+00 1.144916e-03
8.910000e+00 1.137946e-03
8.920000e+00 1.130673e-03
8.930000e+00 1.123118e-03
8.940000e+00 1.115305e-03
8.950000e+00 1.107258e-03
8.960000e+00 1.099002e-03
8.970000e+00 1.090563e-03
8.980000e+00 1.081966e-03
8.990000e+00 1.073241e-03
9.000000e+00 1.064415e-03
9.010000e+00 1.055516e-03
9.020000e+00 1.046575e-03
9.030000e+00 1.037620e-03
9.040000e+00 1.028681e-03
9.050000e+00 1.019788e-03
9.060000e+00 1.010972e-03
9.070000e+00 1.002262e-03
9.080000e+00 9.936867e-04
9.090000e+00 9.852753e-04
9.100000e+00 9.770558e-04
9.110000e+00 9.690548e-04
9.120000e+00 9.612982e-04
9.130000e+00 9.538099e-04
9.140000e+00 9.466125e-04
9.150000e+00 9.397265e-04
9.160000e+00 9.331702e-04
9.170000e+00 9.269596e-04
9.180000e+00 9.211080e-04
9.190000e+00 9.156259e-04
9.200000e+00 9.105209e-04
9.210000e+00 9.057971e-04
9.220000e+00 9.014556e-04
9.230000e+00 8.974936e-04
9.240000e+00 8.939050e-04
9.250000e+00 8.906799e-04
9.260000e+00 8.878044e-04
9.270000e+00 8.852612e-04
9.280000e+00 8.830289e-04
9.290000e+00 8.810824e-04
9.300000e+00 8.793929e-04
9.310000e+00 8.779280e-04
9.320000e+00 8.766520e-04
9.330000e+00 8.755257e-04
9.340000e+00 8.745069e-04
9.350000e+00 8.735507e-04
9.360000e+00 8.726095e-04
9.370000e+00 8.716336e-04
9.380000e+00 8.705711e-04
9.390000e+00 8.693688e-04
9.400000e+00 8.679721e-04
9.410000e+00 8.663258e-04
9.420000e+00 8.643742e-04
9.430000e+00 8.620615e-04
9.440000e+00 8.593324e-04
9.450000e+00 8.561324e-04
9.460000e+00 8.524085e-04
9.470000e+00 8.481091e-04
9.480000e+00 8.431847e-04
9.490000e+00 8.375886e-04
9.500000e+00 8.312765e-04
9.510000e+00 8.242076e-04
9.520000e+00 8.163446e-04
9.530000e+00 8.076539e-04
9.540000e+00 7.981062e-04
9.550000e+00 7.876764e-04
9.560000e+00 7.763439e-04
9.570000e+00 7.640929e-04
9.580000e+00 7.509125e-04
9.590000e+00 7.367966e-04
9.600000e+00 7.217441e-04
9.610000e+00 7.057590e-04
9.620000e+00 6.888503e-04
9.630000e+00 6.710317e-04
9.640000e+00 6.523220e-04
9.650000e+00 6.327444e-04
9.660000e+00 6.123268e-04
9.670000e+00 5.911015e-04
9.680000e+00 5.691048e-04
9.690000e+00 5.463767e-04
9.700000e+00 5.229611e-04
9.710000e+00 4.989050e-04
9.720000e+00 4.742582e-04
9.730000e+00 4.490735e-04
9.740000e+00 4.234057e-04
9.750000e+00 3.973116e-04
9.760000e+00 3.708497e-04
9.770000e+00 3.440796e-04
9.780000e+00 3.170618e-04
9.790000e+00 2.898572e-04
9.800000e+00 2.625268e-04
9.810000e+00 2.351316e-04
9.820000e+00 2.077318e-04
9.830000e+00 1.803867e-04
9.840000e+00 1.531545e-04
9.850000e+00 1.260916e-04
9.860000e+00 9.925275e-05
9.870000e+00 7.269044e-05
9.880000e+00 4.645478e-05
9.890000e+00 2.059323e-05
9.900000e+00 -4.849685e-06
9.910000e+00 -2.983252e-05
9.920000e+00 -5.431715e-05
9.930000e+00 -7.826893e-05
9.940000e+00 -1.016568e-04
9.950000e+00 -1.244536e-04
9.960000e+00 -1.466359e-04
9.970000e+00 -1.681842e-04
9.980000e+00 -1.890832e-04
9.990000e+00 -2.093217e-04
1.000000e+01 -2.288924e-04
