# sigma2_v 5.589254277829110e+00
0.000000e+00 1.000000e+00
1.000000e-02 9.997206e-01
2.000000e-02 9.988828e-01
3.000000e-02 9.974881e-01
4.000000e-02 9.955390e-01
5.000000e-02 9.930387e-01
6.000000e-02 9.899917e-01
7.000000e-02 9.864032e-01
8.000000e-02 9.822793e-01
9.000000e-02 9.776273e-01
1.000000e-01 9.724550e-01
1.100000e-01 9.667713e-01
1.200000e-01 9.605858e-01
1.300000e-01 9.539089e-01
1.400000e-01 9.467520e-01
1.500000e-01 9.391270e-01
1.600000e-01 9.310465e-01
1.700000e-01 9.225238e-01
1.800000e-01 9.135730e-01
1.900000e-01 9.042085e-01
2.000000e-01 8.944456e-01
2.100000e-01 8.842997e-01
2.200000e-01 8.737869e-01
2.300000e-01 8.629237e-01
2.400000e-01 8.517271e-01
2.500000e-01 8.402141e-01
2.600000e-01 8.284022e-01
2.700000e-01 8.163092e-01
2.800000e-01 8.039529e-01
2.900000e-01 7.913515e-01
3.000000e-01 7.785230e-01
3.100000e-01 7.654856e-01
3.200000e-01 7.522577e-01
3.300000e-01 7.388574e-01
3.400000e-01 7.253029e-01
3.500000e-01 7.116122e-01
3.600000e-01 6.978031e-01
3.700000e-01 6.838935e-01
3.800000e-01 6.699008e-01
3.900000e-01 6.558422e-01
4.000000e-01 6.417346e-01
4.100000e-01 6.275948e-01
4.200000e-01 6.134389e-01
4.300000e-01 5.992829e-01
4.400000e-01 5.851423e-01
4.500000e-01 5.710321e-01
4.600000e-01 5.569669e-01
4.700000e-01 5.429610e-01
4.800000e-01 5.290280e-01
4.900000e-01 5.151810e-01
5.000000e-01 5.014327e-01
5.100000e-01 4.877952e-01
5.200000e-01 4.742800e-01
5.300000e-01 4.608983e-01
5.400000e-01 4.476604e-01
5.500000e-01 4.345762e-01
5.600000e-01 4.216552e-01
5.700000e-01 4.089061e-01
5.800000e-01 3.963370e-01
5.900000e-01 3.839557e-01
6.000000e-01 3.717692e-01
6.100000e-01 3.597840e-01
6.200000e-01 3.480061e-01
6.300000e-01 3.364410e-01
6.400000e-01 3.250936e-01
6.500000e-01 3.139681e-01
6.600000e-01 3.030686e-01
6.700000e-01 2.923983e-01
6.800000e-01 2.819601e-01
6.900000e-01 2.717564e-01
7.000000e-01 2.617892e-01
7.100000e-01 2.520598e-01
7.200000e-01 2.425694e-01
7.300000e-01 2.333186e-01
7.400000e-01 2.243077e-01
7.500000e-01 2.155364e-01
7.600000e-01 2.070042e-01
7.700000e-01 1.987103e-01
7.800000e-01 1.906535e-01
7.900000e-01 1.828322e-01
8.000000e-01 1.752446e-01
8.100000e-01 1.678887e-01
8.200000e-01 1.607619e-01
8.300000e-01 1.538619e-01
8.400000e-01 1.471856e-01
8.500000e-01 1.407300e-01
8.600000e-01 1.344918e-01
8.700000e-01 1.284677e-01
8.800000e-01 1.226540e-01
8.900000e-01 1.170469e-01
9.000000e-01 1.116425e-01
9.100000e-01 1.064368e-01
9.200000e-01 1.014257e-01
9.300000e-01 9.660495e-02
9.400000e-01 9.197023e-02
9.500000e-01 8.751716e-02
9.600000e-01 8.324131e-02
9.700000e-01 7.913820e-02
9.800000e-01 7.520330e-02
9.900000e-01 7.143207e-02
1.000000e+00 6.781996e-02
1.010000e+00 6.436241e-02
1.020000e+00 6.105487e-02
1.030000e+00 5.789278e-02
1.040000e+00 5.487162e-02
1.050000e+00 5.198691e-02
1.060000e+00 4.923418e-02
1.070000e+00 4.660902e-02
1.080000e+00 4.410706e-02
1.090000e+00 4.172399e-02
1.100000e+00 3.945556e-02
1.110000e+00 3.729757e-02
1.120000e+00 3.524591e-02
1.130000e+00 3.329654e-02
1.140000e+00 3.144547e-02
1.150000e+00 2.968882e-02
1.160000e+00 2.802279e-02
1.170000e+00 2.644364e-02
1.180000e+00 2.494775e-02
1.190000e+00 2.353157e-02
1.200000e+00 2.219165e-02
1.210000e+00 2.092462e-02
1.220000e+00 1.972721e-02
1.230000e+00 1.859626e-02
1.240000e+00 1.752868e-02
1.250000e+00 1.652150e-02
1.260000e+00 1.557182e-02
1.270000e+00 1.467685e-02
1.280000e+00 1.383390e-02
1.290000e+00 1.304036e-02
1.300000e+00 1.229372e-02
1.310000e+00 1.159156e-02
1.320000e+00 1.093157e-02
1.330000e+00 1.031152e-02
1.340000e+00 9.729244e-03
1.350000e+00 9.182704e-03
1.360000e+00 8.669928e-03
1.370000e+00 8.189033e-03
1.380000e+00 7.738218e-03
1.390000e+00 7.315766e-03
1.400000e+00 6.920038e-03
1.410000e+00 6.549474e-03
1.420000e+00 6.202589e-03
1.430000e+00 5.877970e-03
1.440000e+00 5.574279e-03
1.450000e+00 5.290246e-03
1.460000e+00 5.024666e-03
1.470000e+00 4.776402e-03
1.480000e+00 4.544378e-03
1.490000e+00 4.327578e-03
1.500000e+00 4.125046e-03
1.510000e+00 3.935881e-03
1.520000e+00 3.759234e-03
1.530000e+00 3.594310e-03
1.540000e+00 3.440360e-03
1.550000e+00 3.296686e-03
1.560000e+00 3.162629e-03
1.570000e+00 3.037579e-03
1.580000e+00 2.920960e-03
1.590000e+00 2.812240e-03
1.600000e+00 2.710918e-03
1.610000e+00 2.616530e-03
1.620000e+00 2.528645e-03
1.630000e+00 2.446860e-03
1.640000e+00 2.370802e-03
1.650000e+00 2.300124e-03
1.660000e+00 2.234504e-03
1.670000e+00 2.173645e-03
1.680000e+00 2.117269e-03
1.690000e+00 2.065120e-03
1.700000e+00 2.016960e-03
1.710000e+00 1.972569e-03
1.720000e+00 1.931744e-03
1.730000e+00 1.894294e-03
1.740000e+00 1.860044e-03
1.750000e+00 1.828832e-03
1.760000e+00 1.800504e-03
1.770000e+00 1.774920e-03
1.780000e+00 1.751949e-03
1.790000e+00 1.731468e-03
1.800000e+00 1.713361e-03
1.810000e+00 1.697522e-03
1.820000e+00 1.683848e-03
1.830000e+00 1.672245e-03
1.840000e+00 1.662622e-03
1.850000e+00 1.654895e-03
1.860000e+00 1.648981e-03
1.870000e+00 1.644804e-03
1.880000e+00 1.642290e-03
1.890000e+00 1.641368e-03
1.900000e+00 1.641970e-03
1.910000e+00 1.644030e-03
1.920000e+00 1.647484e-03
1.930000e+00 1.652270e-03
1.940000e+00 1.658329e-03
1.950000e+00 1.665601e-03
1.960000e+00 1.674028e-03
1.970000e+00 1.683555e-03
1.980000e+00 1.694125e-03
1.990000e+00 1.705683e-03
2.000000e+00 1.718176e-03
2.010000e+00 1.731549e-03
2.020000e+00 1.745749e-03
2.030000e+00 1.760723e-03
2.040000e+00 1.776420e-03
2.050000e+00 1.792785e-03
2.060000e+00 1.809768e-03
2.070000e+00 1.827316e-03
2.080000e+00 1.845377e-03
2.090000e+00 1.863900e-03
2.100000e+00 1.882832e-03
2.110000e+00 1.902122e-03
2.120000e+00 1.921718e-03
2.130000e+00 1.941569e-03
2.140000e+00 1.961622e-03
2.150000e+00 1.981826e-03
2.160000e+00 2.002130e-03
2.170000e+00 2.022481e-03
2.180000e+00 2.042830e-03
2.190000e+00 2.063124e-03
2.200000e+00 2.083312e-03
2.210000e+00 2.103345e-03
2.220000e+00 2.123172e-03
2.230000e+00 2.142742e-03
2.240000e+00 2.162008e-03
2.250000e+00 2.180920e-03
2.260000e+00 2.199429e-03
2.270000e+00 2.217489e-03
2.280000e+00 2.235054e-03
2.290000e+00 2.252077e-03
2.300000e+00 2.268514e-03
2.310000e+00 2.284322e-03
2.320000e+00 2.299458e-03
2.330000e+00 2.313881e-03
2.340000e+00 2.327553e-03
2.350000e+00 2.340435e-03
2.360000e+00 2.352491e-03
2.370000e+00 2.363685e-03
2.380000e+00 2.373986e-03
2.390000e+00 2.383363e-03
2.400000e+00 2.391785e-03
2.410000e+00 2.399227e-03
2.420000e+00 2.405663e-03
2.430000e+00 2.411071e-03
2.440000e+00 2.415430e-03
2.450000e+00 2.418722e-03
2.460000e+00 2.420931e-03
2.470000e+00 2.422044e-03
2.480000e+00 2.422051e-03
2.490000e+00 2.420942e-03
2.500000e+00 2.418713e-03
2.510000e+00 2.415359e-03
2.520000e+00 2.410881e-03
2.530000e+00 2.405280e-03
2.540000e+00 2.398561e-03
2.550000e+00 2.390731e-03
2.560000e+00 2.381801e-03
2.570000e+00 2.371784e-03
2.580000e+00 2.360694e-03
2.590000e+00 2.348550e-03
2.600000e+00 2.335373e-03
2.610000e+00 2.321186e-03
2.620000e+00 2.306016e-03
2.630000e+00 2.289891e-03
2.640000e+00 2.272843e-03
2.650000e+00 2.254906e-03
2.660000e+00 2.236116e-03
2.670000e+00 2.216513e-03
2.680000e+00 2.196139e-03
2.690000e+00 2.175036e-03
2.700000e+00 2.153253e-03
2.710000e+00 2.130837e-03
2.720000e+00 2.107840e-03
2.730000e+00 2.084314e-03
2.740000e+00 2.060315e-03
2.750000e+00 2.035901e-03
2.760000e+00 2.011129e-03
2.770000e+00 1.986062e-03
2.780000e+00 1.960761e-03
2.790000e+00 1.935291e-03
2.800000e+00 1.909717e-03
2.810000e+00 1.884105e-03
2.820000e+00 1.858523e-03
2.830000e+00 1.833040e-03
2.840000e+00 1.807723e-03
2.850000e+00 1.782644e-03
2.860000e+00 1.757872e-03
2.870000e+00 1.733477e-03
2.880000e+00 1.709528e-03
2.890000e+00 1.686094e-03
2.900000e+00 1.663246e-03
2.910000e+00 1.641049e-03
2.920000e+00 1.619572e-03
2.930000e+00 1.598879e-03
2.940000e+00 1.579035e-03
2.950000e+00 1.560101e-03
2.960000e+00 1.542136e-03
2.970000e+00 1.525199e-03
2.980000e+00 1.509345e-03
2.990000e+00 1.494624e-03
3.000000e+00 1.481087e-03
3.010000e+00 1.468779e-03
3.020000e+00 1.457743e-03
3.030000e+00 1.448016e-03
3.040000e+00 1.439633e-03
3.050000e+00 1.432626e-03
3.060000e+00 1.427021e-03
3.070000e+00 1.422839e-03
3.080000e+00 1.420099e-03
3.090000e+00 1.418814e-03
3.100000e+00 1.418993e-03
3.110000e+00 1.420638e-03
3.120000e+00 1.423750e-03
3.130000e+00 1.428324e-03
3.140000e+00 1.434348e-03
3.150000e+00 1.441808e-03
3.160000e+00 1.450684e-03
3.170000e+00 1.460953e-03
3.180000e+00 1.472586e-03
3.190000e+00 1.485550e-03
3.200000e+00 1.499807e-03
3.210000e+00 1.515318e-03
3.220000e+00 1.532036e-03
3.230000e+00 1.549913e-03
3.240000e+00 1.568897e-03
3.250000e+00 1.588932e-03
3.260000e+00 1.609960e-03
3.270000e+00 1.631920e-03
3.280000e+00 1.654747e-03
3.290000e+00 1.678375e-03
3.300000e+00 1.702735e-03
3.310000e+00 1.727759e-03
3.320000e+00 1.753374e-03
3.330000e+00 1.779508e-03
3.340000e+00 1.806086e-03
3.350000e+00 1.833036e-03
3.360000e+00 1.860280e-03
3.370000e+00 1.887746e-03
3.380000e+00 1.915357e-03
3.390000e+00 1.943040e-03
3.400000e+00 1.970721e-03
3.410000e+00 1.998325e-03
3.420000e+00 2.025783e-03
3.430000e+00 2.053022e-03
3.440000e+00 2.079973e-03
3.450000e+00 2.106569e-03
3.460000e+00 2.132744e-03
3.470000e+00 2.158433e-03
3.480000e+00 2.183576e-03
3.490000e+00 2.208111e-03
3.500000e+00 2.231982e-03
3.510000e+00 2.255134e-03
3.520000e+00 2.277514e-03
3.530000e+00 2.299073e-03
3.540000e+00 2.319762e-03
3.550000e+00 2.339537e-03
3.560000e+00 2.358356e-03
3.570000e+00 2.376179e-03
3.580000e+00 2.392971e-03
3.590000e+00 2.408695e-03
3.600000e+00 2.423321e-03
3.610000e+00 2.436821e-03
3.620000e+00 2.449166e-03
3.630000e+00 2.460334e-03
3.640000e+00 2.470302e-03
3.650000e+00 2.479052e-03
3.660000e+00 2.486567e-03
3.670000e+00 2.492831e-03
3.680000e+00 2.497833e-03
3.690000e+00 2.501561e-03
3.700000e+00 2.504007e-03
3.710000e+00 2.505166e-03
3.720000e+00 2.505031e-03
3.730000e+00 2.503599e-03
3.740000e+00 2.500870e-03
3.750000e+00 2.496844e-03
3.760000e+00 2.491522e-03
3.770000e+00 2.484909e-03
3.780000e+00 2.477007e-03
3.790000e+00 2.467824e-03
3.800000e+00 2.457368e-03
3.810000e+00 2.445646e-03
3.820000e+00 2.432670e-03
3.830000e+00 2.418449e-03
3.840000e+00 2.402998e-03
3.850000e+00 2.386329e-03
3.860000e+00 2.368458e-03
3.870000e+00 2.349400e-03
3.880000e+00 2.329175e-03
3.890000e+00 2.307800e-03
3.900000e+00 2.285296e-03
3.910000e+00 2.261684e-03
3.920000e+00 2.236987e-03
3.930000e+00 2.211230e-03
3.940000e+00 2.184439e-03
3.950000e+00 2.156640e-03
3.960000e+00 2.127864e-03
3.970000e+00 2.098141e-03
3.980000e+00 2.067503e-03
3.990000e+00 2.035984e-03
4.000000e+00 2.003621e-03
4.010000e+00 1.970451e-03
4.020000e+00 1.936515e-03
4.030000e+00 1.901853e-03
4.040000e+00 1.866511e-03
4.050000e+00 1.830533e-03
4.060000e+00 1.793967e-03
4.070000e+00 1.756865e-03
4.080000e+00 1.719276e-03
4.090000e+00 1.681257e-03
4.100000e+00 1.642861e-03
4.110000e+00 1.604149e-03
4.120000e+00 1.565179e-03
4.130000e+00 1.526013e-03
4.140000e+00 1.486716e-03
4.150000e+00 1.447352e-03
4.160000e+00 1.407989e-03
4.170000e+00 1.368694e-03
4.180000e+00 1.329539e-03
4.190000e+00 1.290593e-03
4.200000e+00 1.251929e-03
4.210000e+00 1.213620e-03
4.220000e+00 1.175739e-03
4.230000e+00 1.138360e-03
4.240000e+00 1.101559e-03
4.250000e+00 1.065408e-03
4.260000e+00 1.029983e-03
4.270000e+00 9.953565e-04
4.280000e+00 9.616021e-04
4.290000e+00 9.287918e-04
4.300000e+00 8.969964e-04
4.310000e+00 8.662853e-04
4.320000e+00 8.367263e-04
4.330000e+00 8.083850e-04
4.340000e+00 7.813251e-04
4.350000e+00 7.556073e-04
4.360000e+00 7.312901e-04
4.370000e+00 7.084285e-04
4.380000e+00 6.870747e-04
4.390000e+00 6.672773e-04
4.400000e+00 6.490810e-04
4.410000e+00 6.325270e-04
4.420000e+00 6.176523e-04
4.430000e+00 6.044895e-04
4.440000e+00 5.930670e-04
4.450000e+00 5.834087e-04
4.460000e+00 5.755338e-04
4.470000e+00 5.694565e-04
4.480000e+00 5.651866e-04
4.490000e+00 5.627287e-04
4.500000e+00 5.620825e-04
4.510000e+00 5.632426e-04
4.520000e+00 5.661990e-04
4.530000e+00 5.709364e-04
4.540000e+00 5.774346e-04
4.550000e+00 5.856686e-04
4.560000e+00 5.956088e-04
4.570000e+00 6.072207e-04
4.580000e+00 6.204652e-04
4.590000e+00 6.352989e-04
4.600000e+00 6.516742e-04
4.610000e+00 6.695393e-04
4.620000e+00 6.888384e-04
4.630000e+00 7.095124e-04
4.640000e+00 7.314983e-04
4.650000e+00 7.547301e-04
4.660000e+00 7.791388e-04
4.670000e+00 8.046527e-04
4.680000e+00 8.311976e-04
4.690000e+00 8.586972e-04
4.700000e+00 8.870733e-04
4.710000e+00 9.162462e-04
4.720000e+00 9.461347e-04
4.730000e+00 9.766569e-04
4.740000e+00 1.007730e-03
4.750000e+00 1.039271e-03
4.760000e+00 1.071197e-03
4.770000e+00 1.103424e-03
4.780000e+00 1.135871e-03
4.790000e+00 1.168456e-03
4.800000e+00 1.201099e-03
4.810000e+00 1.233720e-03
4.820000e+00 1.266241e-03
4.830000e+00 1.298589e-03
4.840000e+00 1.330688e-03
4.850000e+00 1.362469e-03
4.860000e+00 1.393862e-03
4.870000e+00 1.424803e-03
4.880000e+00 1.455228e-03
4.890000e+00 1.485078e-03
4.900000e+00 1.514296e-03
4.910000e+00 1.542830e-03
4.920000e+00 1.570630e-03
4.930000e+00 1.597650e-03
4.940000e+00 1.623848e-03
4.950000e+00 1.649186e-03
4.960000e+00 1.673627e-03
4.970000e+00 1.697142e-03
4.980000e+00 1.719701e-03
4.990000e+00 1.741281e-03
5.000000e+00 1.761861e-03
5.010000e+00 1.781423e-03
5.020000e+00 1.799953e-03
5.030000e+00 1.817441e-03
5.040000e+00 1.833877e-03
5.050000e+00 1.849257e-03
5.060000e+00 1.863577e-03
5.070000e+00 1.876838e-03
5.080000e+00 1.889040e-03
5.090000e+00 1.900188e-03
5.100000e+00 1.910288e-03
5.110000e+00 1.919345e-03
5.120000e+00 1.927368e-03
5.130000e+00 1.934367e-03
5.140000e+00 1.940351e-03
5.150000e+00 1.945331e-03
5.160000e+00 1.949317e-03
5.170000e+00 1.952321e-03
5.180000e+00 1.954354e-03
5.190000e+00 1.955425e-03
5.200000e+00 1.955546e-03
5.210000e+00 1.954725e-03
5.220000e+00 1.952972e-03
5.230000e+00 1.950294e-03
5.240000e+00 1.946698e-03
5.250000e+00 1.942191e-03
5.260000e+00 1.936775e-03
5.270000e+00 1.930456e-03
5.280000e+00 1.923236e-03
5.290000e+00 1.915116e-03
5.300000e+00 1.906096e-03
5.310000e+00 1.896175e-03
5.320000e+00 1.885353e-03
5.330000e+00 1.873625e-03
5.340000e+00 1.860991e-03
5.350000e+00 1.847445e-03
5.360000e+00 1.832983e-03
5.370000e+00 1.817603e-03
5.380000e+00 1.801300e-03
5.390000e+00 1.784070e-03
5.400000e+00 1.765911e-03
5.410000e+00 1.746819e-03
5.420000e+00 1.726794e-03
5.430000e+00 1.705835e-03
5.440000e+00 1.683944e-03
5.450000e+00 1.661123e-03
5.460000e+00 1.637378e-03
5.470000e+00 1.612715e-03
5.480000e+00 1.587144e-03
5.490000e+00 1.560675e-03
5.500000e+00 1.533324e-03
5.510000e+00 1.505106e-03
5.520000e+00 1.476042e-03
5.530000e+00 1.446155e-03
5.540000e+00 1.415469e-03
5.550000e+00 1.384013e-03
5.560000e+00 1.351819e-03
5.570000e+00 1.318921e-03
5.580000e+00 1.285355e-03
5.590000e+00 1.251163e-03
5.600000e+00 1.216386e-03
5.610000e+00 1.181070e-03
5.620000e+00 1.145262e-03
5.630000e+00 1.109010e-03
5.640000e+00 1.072368e-03
5.650000e+00 1.035386e-03
5.660000e+00 9.981205e-04
5.670000e+00 9.606258e-04
5.680000e+00 9.229580e-04
5.690000e+00 8.851739e-04
5.700000e+00 8.473299e-04
5.710000e+00 8.094828e-04
5.720000e+00 7.716884e-04
5.730000e+00 7.340022e-04
5.740000e+00 6.964781e-04
5.750000e+00 6.591689e-04
5.760000e+00 6.221256e-04
5.770000e+00 5.853973e-04
5.780000e+00 5.490308e-04
5.790000e+00 5.130705e-04
5.800000e+00 4.775580e-04
5.810000e+00 4.425322e-04
5.820000e+00 4.080289e-04
5.830000e+00 3.740808e-04
5.840000e+00 3.407172e-04
5.850000e+00 3.079641e-04
5.860000e+00 2.758444e-04
5.870000e+00 2.443771e-04
5.880000e+00 2.135783e-04
5.890000e+00 1.834604e-04
5.900000e+00 1.540327e-04
5.910000e+00 1.253013e-04
5.920000e+00 9.726925e-05
5.930000e+00 6.993671e-05
5.940000e+00 4.330107e-05
5.950000e+00 1.735719e-05
5.960000e+00 -7.902418e-06
5.970000e+00 -3.248736e-05
5.980000e+00 -5.640913e-05
5.990000e+00 -7.968090e-05
6.000000e+00 -1.023172e-04
6.010000e+00 -1.243338e-04
6.020000e+00 -1.457474e-04
6.030000e+00 -1.665751e-04
6.040000e+00 -1.868348e-04
6.050000e+00 -2.065444e-04
6.060000e+00 -2.257216e-04
6.070000e+00 -2.443842e-04
6.080000e+00 -2.625492e-04
6.090000e+00 -2.802332e-04
6.100000e+00 -2.974519e-04
6.110000e+00 -3.142199e-04
6.120000e+00 -3.305509e-04
6.130000e+00 -3.464572e-04
6.140000e+00 -3.619501e-04
6.150000e+00 -3.770392e-04
6.160000e+00 -3.917327e-04
6.170000e+00 -4.060375e-04
6.180000e+00 -4.199588e-04
6.190000e+00 -4.335005e-04
6.200000e+00 -4.466650e-04
6.210000e+00 -4.594530e-04
6.220000e+00 -4.718642e-04
6.230000e+00 -4.838967e-04
6.240000e+00 -4.955475e-04
6.250000e+00 -5.068123e-04
6.260000e+00 -5.176860e-04
6.270000e+00 -5.281621e-04
6.280000e+00 -5.382337e-04
6.290000e+00 -5.478929e-04
6.300000e+00 -5.571312e-04
6.310000e+00 -5.659396e-04
6.320000e+00 -5.743087e-04
6.330000e+00 -5.822288e-04
6.340000e+00 -5.896900e-04
6.350000e+00 -5.966825e-04
6.360000e+00 -6.031963e-04
6.370000e+00 -6.092218e-04
6.380000e+00 -6.147492e-04
6.390000e+00 -6.197696e-04
6.400000e+00 -6.242740e-04
6.410000e+00 -6.282541e-04
6.420000e+00 -6.317022e-04
6.430000e+00 -6.346111e-04
6.440000e+00 -6.369742e-04
6.450000e+00 -6.387857e-04
6.460000e+00 -6.400407e-04
6.470000e+00 -6.407349e-04
6.480000e+00 -6.408648e-04
6.490000e+00 -6.404281e-04
6.500000e+00 -6.394231e-04
6.510000e+00 -6.378493e-04
6.520000e+00 -6.357068e-04
6.530000e+00 -6.329971e-04
6.540000e+00 -6.297225e-04
6.550000e+00 -6.258865e-04
6.560000e+00 -6.214935e-04
6.570000e+00 -6.165491e-04
6.580000e+00 -6.110601e-04
6.590000e+00 -6.050345e-04
6.600000e+00 -5.984812e-04
6.610000e+00 -5.914106e-04
6.620000e+00 -5.838343e-04
6.630000e+00 -5.757652e-04
6.640000e+00 -5.672173e-04
6.650000e+00 -5.582061e-04
6.660000e+00 -5.487485e-04
6.670000e+00 -5.388627e-04
6.680000e+00 -5.285682e-04
6.690000e+00 -5.178860e-04
6.700000e+00 -5.068385e-04
6.710000e+00 -4.954495e-04
6.720000e+00 -4.837441e-04
6.730000e+00 -4.717490e-04
6.740000e+00 -4.594921e-04
6.750000e+00 -4.470027e-04
6.760000e+00 -4.343114e-04
6.770000e+00 -4.214500e-04
6.780000e+00 -4.084516e-04
6.790000e+00 -3.953504e-04
6.800000e+00 -3.821815e-04
6.810000e+00 -3.689812e-04
6.820000e+00 -3.557864e-04
6.830000e+00 -3.426351e-04
6.840000e+00 -3.295656e-04
6.850000e+00 -3.166168e-04
6.860000e+00 -3.038281e-04
6.870000e+00 -2.912390e-04
6.880000e+00 -2.788891e-04
6.890000e+00 -2.668179e-04
6.900000e+00 -2.550646e-04
6.910000e+00 -2.436682e-04
6.920000e+00 -2.326669e-04
6.930000e+00 -2.220982e-04
6.940000e+00 -2.119987e-04
6.950000e+00 -2.024038e-04
6.960000e+00 -1.933478e-04
6.970000e+00 -1.848635e-04
6.980000e+00 -1.769819e-04
6.990000e+00 -1.697325e-04
7.000000e+00 -1.631428e-04
7.010000e+00 -1.572381e-04
7.020000e+00 -1.520419e-04
7.030000e+00 -1.475749e-04
7.040000e+00 -1.438556e-04
7.050000e+00 -1.409001e-04
7.060000e+00 -1.387216e-04
7.070000e+00 -1.373306e-04
7.080000e+00 -1.367351e-04
7.090000e+00 -1.369398e-04
7.100000e+00 -1.379469e-04
7.110000e+00 -1.397555e-04
7.120000e+00 -1.423616e-04
7.130000e+00 -1.457585e-04
7.140000e+00 -1.499362e-04
7.150000e+00 -1.548820e-04
7.160000e+00 -1.605802e-04
7.170000e+00 -1.670120e-04
7.180000e+00 -1.741560e-04
7.190000e+00 -1.819878e-04
7.200000e+00 -1.904802e-04
7.210000e+00 -1.996036e-04
7.220000e+00 -2.093253e-04
7.230000e+00 -2.196106e-04
7.240000e+00 -2.304221e-04
7.250000e+00 -2.417200e-04
7.260000e+00 -2.534625e-04
7.270000e+00 -2.656055e-04
7.280000e+00 -2.781032e-04
7.290000e+00 -2.909078e-04
7.300000e+00 -3.039697e-04
7.310000e+00 -3.172379e-04
7.320000e+00 -3.306601e-04
7.330000e+00 -3.441824e-04
7.340000e+00 -3.577503e-04
7.350000e+00 -3.713080e-04
7.360000e+00 -3.847992e-04
7.370000e+00 -3.981670e-04
7.380000e+00 -4.113542e-04
7.390000e+00 -4.243034e-04
7.400000e+00 -4.369574e-04
7.410000e+00 -4.492591e-04
7.420000e+00 -4.611519e-04
7.430000e+00 -4.725800e-04
7.440000e+00 -4.834886e-04
7.450000e+00 -4.938238e-04
7.460000e+00 -5.035335e-04
7.470000e+00 -5.125668e-04
7.480000e+00 -5.208750e-04
7.490000e+00 -5.284114e-04
7.500000e+00 -5.351315e-04
7.510000e+00 -5.409936e-04
7.520000e+00 -5.459587e-04
7.530000e+00 -5.499908e-04
7.540000e+00 -5.530572e-04
7.550000e+00 -5.551285e-04
7.560000e+00 -5.561793e-04
7.570000e+00 -5.561876e-04
7.580000e+00 -5.551357e-04
7.590000e+00 -5.530100e-04
7.600000e+00 -5.498012e-04
7.610000e+00 -5.455043e-04
7.620000e+00 -5.401191e-04
7.630000e+00 -5.336497e-04
7.640000e+00 -5.261050e-04
7.650000e+00 -5.174986e-04
7.660000e+00 -5.078488e-04
7.670000e+00 -4.971786e-04
7.680000e+00 -4.855154e-04
7.690000e+00 -4.728915e-04
7.700000e+00 -4.593434e-04
7.710000e+00 -4.449119e-04
7.720000e+00 -4.296422e-04
7.730000e+00 -4.135831e-04
7.740000e+00 -3.967876e-04
7.750000e+00 -3.793118e-04
7.760000e+00 -3.612153e-04
7.770000e+00 -3.425606e-04
7.780000e+00 -3.234129e-04
7.790000e+00 -3.038398e-04
7.800000e+00 -2.839107e-04
7.810000e+00 -2.636969e-04
7.820000e+00 -2.432709e-04
7.830000e+00 -2.227059e-04
7.840000e+00 -2.020760e-04
7.850000e+00 -1.814552e-04
7.860000e+00 -1.609173e-04
7.870000e+00 -1.405354e-04
7.880000e+00 -1.203816e-04
7.890000e+00 -1.005267e-04
7.900000e+00 -8.103960e-05
7.910000e+00 -6.198720e-05
7.920000e+00 -4.343386e-05
7.930000e+00 -2.544120e-05
7.940000e+00 -8.067750e-06
7.950000e+00 8.631325e-06
7.960000e+00 2.460446e-05
7.970000e+00 3.980394e-05
7.980000e+00 5.418609e-05
7.990000e+00 6.771148e-05
8.000000e+00 8.034503e-05
8.010000e+00 9.205616e-05
8.020000e+00 1.028189e-04
8.030000e+00 1.126118e-04
8.040000e+00 1.214183e-04
8.050000e+00 1.292263e-04
8.060000e+00 1.360285e-04
8.070000e+00 1.418221e-04
8.080000e+00 1.466087e-04
8.090000e+00 1.503946e-04
8.100000e+00 1.531902e-04
8.110000e+00 1.550099e-04
8.120000e+00 1.558722e-04
8.130000e+00 1.557993e-04
8.140000e+00 1.548171e-04
8.150000e+00 1.529546e-04
8.160000e+00 1.502440e-04
8.170000e+00 1.467202e-04
8.180000e+00 1.424208e-04
8.190000e+00 1.373858e-04
8.200000e+00 1.316570e-04
8.210000e+00 1.252782e-04
8.220000e+00 1.182946e-04
8.230000e+00 1.107525e-04
8.240000e+00 1.026994e-04
8.250000e+00 9.418327e-05
8.260000e+00 8.525258e-05
8.270000e+00 7.595593e-05
8.280000e+00 6.634186e-05
8.290000e+00 5.645854e-05
8.300000e+00 4.635358e-05
8.310000e+00 3.607378e-05
8.320000e+00 2.566495e-05
8.330000e+00 1.517166e-05
8.340000e+00 4.637107e-06
8.350000e+00 -5.897111e-06
8.360000e+00 -1.639114e-05
8.370000e+00 -2.680702e-05
8.380000e+00 -3.710883e-05
8.390000e+00 -4.726282e-05
8.400000e+00 -5.723751e-05
8.410000e+00 -6.700382e-05
8.420000e+00 -7.653510e-05
8.430000e+00 -8.580727e-05
8.440000e+00 -9.479882e-05
8.450000e+00 -1.034909e-04
8.460000e+00 -1.118674e-04
8.470000e+00 -1.199148e-04
8.480000e+00 -1.276223e-04
8.490000e+00 -1.349818e-04
8.500000e+00 -1.419880e-04
8.510000e+00 -1.486382e-04
8.520000e+00 -1.549322e-04
8.530000e+00 -1.608723e-04
8.540000e+00 -1.664636e-04
8.550000e+00 -1.717132e-04
8.560000e+00 -1.766307e-04
8.570000e+00 -1.812280e-04
8.580000e+00 -1.855189e-04
8.590000e+00 -1.895191e-04
8.600000e+00 -1.932463e-04
8.610000e+00 -1.967199e-04
8.620000e+00 -1.999605e-04
8.630000e+00 -2.029904e-04
8.640000e+00 -2.058329e-04
8.650000e+00 -2.085123e-04
8.660000e+00 -2.110538e-04
8.670000e+00 -2.134830e-04
8.680000e+00 -2.158264e-04
8.690000e+00 -2.181102e-04
8.700000e+00 -2.203610e-04
8.710000e+00 -2.226053e-04
8.720000e+00 -2.248690e-04
8.730000e+00 -2.271776e-04
8.740000e+00 -2.295561e-04
8.750000e+00 -2.320283e-04
8.760000e+00 -2.346172e-04
8.770000e+00 -2.373446e-04
8.780000e+00 -2.402306e-04
8.790000e+00 -2.432943e-04
8.800000e+00 -2.465529e-04
8.810000e+00 -2.500219e-04
8.820000e+00 -2.537150e-04
8.830000e+00 -2.576440e-04
8.840000e+00 -2.618187e-04
8.850000e+00 -2.662470e-04
8.860000e+00 -2.709345e-04
8.870000e+00 -2.758850e-04
8.880000e+00 -2.810999e-04
8.890000e+00 -2.865788e-04
8.900000e+00 -2.923191e-04
8.910000e+00 -2.983164e-04
8.920000e+00 -3.045641e-04
8.930000e+00 -3.110540e-04
8.940000e+00 -3.177760e-04
8.950000e+00 -3.247183e-04
8.960000e+00 -3.318675e-04
8.970000e+00 -3.392090e-04
8.980000e+00 -3.467265e-04
8.990000e+00 -3.544027e-04
9.000000e+00 -3.622192e-04
9.010000e+00 -3.701566e-04
9.020000e+00 -3.781948e-04
9.030000e+00 -3.863130e-04
9.040000e+00 -3.944897e-04
9.050000e+00 -4.027030e-04
9.060000e+00 -4.109308e-04
9.070000e+00 -4.191507e-04
9.080000e+00 -4.273402e-04
9.090000e+00 -4.354769e-04
9.100000e+00 -4.435384e-04
9.110000e+00 -4.515022e-04
9.120000e+00 -4.593465e-04
9.130000e+00 -4.670492e-04
9.140000e+00 -4.745889e-04
9.150000e+00 -4.819443e-04
9.160000e+00 -4.890945e-04
9.170000e+00 -4.960188e-04
9.180000e+00 -5.026971e-04
9.190000e+00 -5.091093e-04
9.200000e+00 -5.152357e-04
9.210000e+00 -5.210570e-04
9.220000e+00 -5.265539e-04
9.230000e+00 -5.317073e-04
9.240000e+00 -5.364984e-04
9.250000e+00 -5.409085e-04
9.260000e+00 -5.449189e-04
9.270000e+00 -5.485108e-04
9.280000e+00 -5.516657e-04
9.290000e+00 -5.543649e-04
9.300000e+00 -5.565896e-04
9.310000e+00 -5.583211e-04
9.320000e+00 -5.595407e-04
9.330000e+00 -5.602294e-04
9.340000e+00 -5.603686e-04
9.350000e+00 -5.599395e-04
9.360000e+00 -5.589233e-04
9.370000e+00 -5.573015e-04
9.380000e+00 -5.550558e-04
9.390000e+00 -5.521683e-04
9.400000e+00 -5.486215e-04
9.410000e+00 -5.443982e-04
9.420000e+00 -5.394823e-04
9.430000e+00 -5.338581e-04
9.440000e+00 -5.275112e-04
9.450000e+00 -5.204281e-04
9.460000e+00 -5.125967e-04
9.470000e+00 -5.040061e-04
9.480000e+00 -4.946473e-04
9.490000e+00 -4.845129e-04
9.500000e+00 -4.735974e-04
9.510000e+00 -4.618975e-04
9.520000e+00 -4.494119e-04
9.530000e+00 -4.361419e-04
9.540000e+00 -4.220912e-04
9.550000e+00 -4.072662e-04
9.560000e+00 -3.916758e-04
9.570000e+00 -3.753319e-04
9.580000e+00 -3.582492e-04
9.590000e+00 -3.404452e-04
9.600000e+00 -3.219404e-04
9.610000e+00 -3.027583e-04
9.620000e+00 -2.829253e-04
9.630000e+00 -2.624705e-04
9.640000e+00 -2.414258e-04
9.650000e+00 -2.198260e-04
9.660000e+00 -1.977083e-04
9.670000e+00 -1.751125e-04
9.680000e+00 -1.520803e-04
9.690000e+00 -1.286559e-04
9.700000e+00 -1.048853e-04
9.710000e+00 -8.081596e-05
9.720000e+00 -5.649697e-05
9.730000e+00 -3.197854e-05
9.740000e+00 -7.311785e-06
9.750000e+00 1.745153e-05
9.760000e+00 4.225927e-05
9.770000e+00 6.705924e-05
9.780000e+00 9.179945e-05
9.790000e+00 1.164284e-04
9.800000e+00 1.408954e-04
9.810000e+00 1.651508e-04
9.820000e+00 1.891463e-04
9.830000e+00 2.128352e-04
9.840000e+00 2.361728e-04
9.850000e+00 2.591162e-04
9.860000e+00 2.816251e-04
9.870000e+00 3.036616e-04
9.880000e+00 3.251906e-04
9.890000e+00 3.461798e-04
9.900000e+00 3.665999e-04
9.910000e+00 3.864249e-04
9.920000e+00 4.056320e-04
9.930000e+00 4.242017e-04
9.940000e+00 4.421179e-04
9.950000e+00 4.593679e-04
9.960000e+00 4.759425e-04
9.970000e+00 4.918359e-04
9.980000e+00 5.070457e-04
9.990000e+00 5.215727e-04
1.000000e+01 5.354212e-04
