# sigma2_v 5.008175078588577e+00
0.000000e+00 1.000000e+00
1.000000e-02 9.997496e-01
2.000000e-02 9.989989e-01
3.000000e-02 9.977490e-01
4.000000e-02 9.960018e-01
5.000000e-02 9.937602e-01
6.000000e-02 9.910276e-01
7.000000e-02 9.878083e-01
8.000000e-02 9.841073e-01
9.000000e-02 9.799304e-01
1.000000e-01 9.752839e-01
1.100000e-01 9.701752e-01
1.200000e-01 9.646119e-01
1.300000e-01 9.586028e-01
1.400000e-01 9.521568e-01
1.500000e-01 9.452838e-01
1.600000e-01 9.379940e-01
1.700000e-01 9.302985e-01
1.800000e-01 9.222087e-01
1.900000e-01 9.137365e-01
2.000000e-01 9.048943e-01
2.100000e-01 8.956950e-01
2.200000e-01 8.861518e-01
2.300000e-01 8.762785e-01
2.400000e-01 8.660890e-01
2.500000e-01 8.555975e-01
2.600000e-01 8.448188e-01
2.700000e-01 8.337675e-01
2.800000e-01 8.224588e-01
2.900000e-01 8.109077e-01
3.000000e-01 7.991296e-01
3.100000e-01 7.871400e-01
3.200000e-01 7.749543e-01
3.300000e-01 7.625881e-01
3.400000e-01 7.500568e-01
3.500000e-01 7.373761e-01
3.600000e-01 7.245612e-01
3.700000e-01 7.116276e-01
3.800000e-01 6.985905e-01
3.900000e-01 6.854650e-01
4.000000e-01 6.722658e-01
4.100000e-01 6.590078e-01
4.200000e-01 6.457054e-01
4.300000e-01 6.323727e-01
4.400000e-01 6.190237e-01
4.500000e-01 6.056720e-01
4.600000e-01 5.923308e-01
4.700000e-01 5.790133e-01
4.800000e-01 5.657318e-01
4.900000e-01 5.524987e-01
5.000000e-01 5.393258e-01
5.100000e-01 5.262246e-01
5.200000e-01 5.132060e-01
5.300000e-01 5.002807e-01
5.400000e-01 4.874588e-01
5.500000e-01 4.747500e-01
5.600000e-01 4.621636e-01
5.700000e-01 4.497085e-01
5.800000e-01 4.373930e-01
5.900000e-01 4.252249e-01
6.000000e-01 4.132118e-01
6.100000e-01 4.013607e-01
6.200000e-01 3.896780e-01
6.300000e-01 3.781698e-01
6.400000e-01 3.668418e-01
6.500000e-01 3.556990e-01
6.600000e-01 3.447463e-01
6.700000e-01 3.339879e-01
6.800000e-01 3.234275e-01
6.900000e-01 3.130688e-01
7.000000e-01 3.029146e-01
7.100000e-01 2.929675e-01
7.200000e-01 2.832297e-01
7.300000e-01 2.737032e-01
7.400000e-01 2.643892e-01
7.500000e-01 2.552889e-01
7.600000e-01 2.464029e-01
7.700000e-01 2.377317e-01
7.800000e-01 2.292754e-01
7.900000e-01 2.210335e-01
8.000000e-01 2.130056e-01
8.100000e-01 2.051909e-01
8.200000e-01 1.975881e-01
8.300000e-01 1.901959e-01
8.400000e-01 1.830127e-01
8.500000e-01 1.760366e-01
8.600000e-01 1.692654e-01
8.700000e-01 1.626969e-01
8.800000e-01 1.563285e-01
8.900000e-01 1.501577e-01
9.000000e-01 1.441815e-01
9.100000e-01 1.383970e-01
9.200000e-01 1.328010e-01
9.300000e-01 1.273902e-01
9.400000e-01 1.221613e-01
9.500000e-01 1.171108e-01
9.600000e-01 1.122350e-01
9.700000e-01 1.075304e-01
9.800000e-01 1.029932e-01
9.900000e-01 9.861951e-02
1.000000e+00 9.440560e-02
1.010000e+00 9.034756e-02
1.020000e+00 8.644148e-02
1.030000e+00 8.268342e-02
1.040000e+00 7.906944e-02
1.050000e+00 7.559559e-02
1.060000e+00 7.225792e-02
1.070000e+00 6.905251e-02
1.080000e+00 6.597545e-02
1.090000e+00 6.302284e-02
1.100000e+00 6.019084e-02
1.110000e+00 5.747563e-02
1.120000e+00 5.487344e-02
1.130000e+00 5.238054e-02
1.140000e+00 4.999327e-02
1.150000e+00 4.770801e-02
1.160000e+00 4.552122e-02
1.170000e+00 4.342941e-02
1.180000e+00 4.142916e-02
1.190000e+00 3.951714e-02
1.200000e+00 3.769006e-02
1.210000e+00 3.594473e-02
1.220000e+00 3.427804e-02
1.230000e+00 3.268694e-02
1.240000e+00 3.116849e-02
1.250000e+00 2.971979e-02
1.260000e+00 2.833807e-02
1.270000e+00 2.702060e-02
1.280000e+00 2.576477e-02
1.290000e+00 2.456801e-02
1.300000e+00 2.342788e-02
1.310000e+00 2.234198e-02
1.320000e+00 2.130803e-02
1.330000e+00 2.032379e-02
1.340000e+00 1.938714e-02
1.350000e+00 1.849602e-02
1.360000e+00 1.764842e-02
1.370000e+00 1.684247e-02
1.380000e+00 1.607630e-02
1.390000e+00 1.534818e-02
1.400000e+00 1.465641e-02
1.410000e+00 1.399936e-02
1.420000e+00 1.337549e-02
1.430000e+00 1.278330e-02
1.440000e+00 1.222138e-02
1.450000e+00 1.168837e-02
1.460000e+00 1.118295e-02
1.470000e+00 1.070388e-02
1.480000e+00 1.024997e-02
1.490000e+00 9.820088e-03
1.500000e+00 9.413141e-03
1.510000e+00 9.028093e-03
1.520000e+00 8.663952e-03
1.530000e+00 8.319772e-03
1.540000e+00 7.994649e-03
1.550000e+00 7.687719e-03
1.560000e+00 7.398158e-03
1.570000e+00 7.125180e-03
1.580000e+00 6.868030e-03
1.590000e+00 6.625989e-03
1.600000e+00 6.398370e-03
1.610000e+00 6.184513e-03
1.620000e+00 5.983788e-03
1.630000e+00 5.795592e-03
1.640000e+00 5.619346e-03
1.650000e+00 5.454493e-03
1.660000e+00 5.300501e-03
1.670000e+00 5.156857e-03
1.680000e+00 5.023070e-03
1.690000e+00 4.898664e-03
1.700000e+00 4.783185e-03
1.710000e+00 4.676190e-03
1.720000e+00 4.577258e-03
1.730000e+00 4.485977e-03
1.740000e+00 4.401953e-03
1.750000e+00 4.324804e-03
1.760000e+00 4.254160e-03
1.770000e+00 4.189664e-03
1.780000e+00 4.130971e-03
1.790000e+00 4.077746e-03
1.800000e+00 4.029665e-03
1.810000e+00 3.986416e-03
1.820000e+00 3.947696e-03
1.830000e+00 3.913213e-03
1.840000e+00 3.882682e-03
1.850000e+00 3.855831e-03
1.860000e+00 3.832397e-03
1.870000e+00 3.812124e-03
1.880000e+00 3.794768e-03
1.890000e+00 3.780093e-03
1.900000e+00 3.767873e-03
1.910000e+00 3.757891e-03
1.920000e+00 3.749939e-03
1.930000e+00 3.743820e-03
1.940000e+00 3.739343e-03
1.950000e+00 3.736331e-03
1.960000e+00 3.734611e-03
1.970000e+00 3.734024e-03
1.980000e+00 3.734419e-03
1.990000e+00 3.735651e-03
2.000000e+00 3.737590e-03
2.010000e+00 3.740110e-03
2.020000e+00 3.743098e-03
2.030000e+00 3.746447e-03
2.040000e+00 3.750060e-03
2.050000e+00 3.753850e-03
2.060000e+00 3.757736e-03
2.070000e+00 3.761648e-03
2.080000e+00 3.765521e-03
2.090000e+00 3.769301e-03
2.100000e+00 3.772940e-03
2.110000e+00 3.776396e-03
2.120000e+00 3.779635e-03
2.130000e+00 3.782632e-03
2.140000e+00 3.785363e-03
2.150000e+00 3.787815e-03
2.160000e+00 3.789977e-03
2.170000e+00 3.791844e-03
2.180000e+00 3.793416e-03
2.190000e+00 3.794697e-03
2.200000e+00 3.795694e-03
2.210000e+00 3.796418e-03
2.220000e+00 3.796884e-03
2.230000e+00 3.797106e-03
2.240000e+00 3.797104e-03
2.250000e+00 3.796898e-03
2.260000e+00 3.796507e-03
2.270000e+00 3.795954e-03
2.280000e+00 3.795262e-03
2.290000e+00 3.794452e-03
2.300000e+00 3.793547e-03
2.310000e+00 3.792568e-03
2.320000e+00 3.791535e-03
2.330000e+00 3.790467e-03
2.340000e+00 3.789384e-03
2.350000e+00 3.788300e-03
2.360000e+00 3.787231e-03
2.370000e+00 3.786187e-03
2.380000e+00 3.785181e-03
2.390000e+00 3.784219e-03
2.400000e+00 3.783306e-03
2.410000e+00 3.782446e-03
2.420000e+00 3.781639e-03
2.430000e+00 3.780883e-03
2.440000e+00 3.780172e-03
2.450000e+00 3.779500e-03
2.460000e+00 3.778857e-03
2.470000e+00 3.778230e-03
2.480000e+00 3.777605e-03
2.490000e+00 3.776965e-03
2.500000e+00 3.776291e-03
2.510000e+00 3.775562e-03
2.520000e+00 3.774756e-03
2.530000e+00 3.773848e-03
2.540000e+00 3.772812e-03
2.550000e+00 3.771621e-03
2.560000e+00 3.770246e-03
2.570000e+00 3.768659e-03
2.580000e+00 3.766830e-03
2.590000e+00 3.764727e-03
2.600000e+00 3.762321e-03
2.610000e+00 3.759580e-03
2.620000e+00 3.756473e-03
2.630000e+00 3.752970e-03
2.640000e+00 3.749041e-03
2.650000e+00 3.744656e-03
2.660000e+00 3.739787e-03
2.670000e+00 3.734406e-03
2.680000e+00 3.728487e-03
2.690000e+00 3.722005e-03
2.700000e+00 3.714938e-03
2.710000e+00 3.707262e-03
2.720000e+00 3.698958e-03
2.730000e+00 3.690009e-03
2.740000e+00 3.680399e-03
2.750000e+00 3.670113e-03
2.760000e+00 3.659140e-03
2.770000e+00 3.647472e-03
2.780000e+00 3.635101e-03
2.790000e+00 3.622023e-03
2.800000e+00 3.608236e-03
2.810000e+00 3.593741e-03
2.820000e+00 3.578541e-03
2.830000e+00 3.562641e-03
2.840000e+00 3.546049e-03
2.850000e+00 3.528776e-03
2.860000e+00 3.510835e-03
2.870000e+00 3.492240e-03
2.880000e+00 3.473009e-03
2.890000e+00 3.453161e-03
2.900000e+00 3.432717e-03
2.910000e+00 3.411701e-03
2.920000e+00 3.390137e-03
2.930000e+00 3.368052e-03
2.940000e+00 3.345475e-03
2.950000e+00 3.322434e-03
2.960000e+00 3.298959e-03
2.970000e+00 3.275083e-03
2.980000e+00 3.250838e-03
2.990000e+00 3.226255e-03
3.000000e+00 3.201368e-03
3.010000e+00 3.176210e-03
3.020000e+00 3.150814e-03
3.030000e+00 3.125213e-03
3.040000e+00 3.099439e-03
3.050000e+00 3.073525e-03
3.060000e+00 3.047501e-03
3.070000e+00 3.021396e-03
3.080000e+00 2.995240e-03
3.090000e+00 2.969060e-03
3.100000e+00 2.942881e-03
3.110000e+00 2.916728e-03
3.120000e+00 2.890623e-03
3.130000e+00 2.864586e-03
3.140000e+00 2.838635e-03
3.150000e+00 2.812787e-03
3.160000e+00 2.787055e-03
3.170000e+00 2.761451e-03
3.180000e+00 2.735985e-03
3.190000e+00 2.710664e-03
3.200000e+00 2.685491e-03
3.210000e+00 2.660471e-03
3.220000e+00 2.635603e-03
3.230000e+00 2.610885e-03
3.240000e+00 2.586314e-03
3.250000e+00 2.561884e-03
3.260000e+00 2.537587e-03
3.270000e+00 2.513414e-03
3.280000e+00 2.489355e-03
3.290000e+00 2.465396e-03
3.300000e+00 2.441526e-03
3.310000e+00 2.417730e-03
3.320000e+00 2.393993e-03
3.330000e+00 2.370299e-03
3.340000e+00 2.346634e-03
3.350000e+00 2.322981e-03
3.360000e+00 2.299325e-03
3.370000e+00 2.275650e-03
3.380000e+00 2.251943e-03
3.390000e+00 2.228190e-03
3.400000e+00 2.204378e-03
3.410000e+00 2.180495e-03
3.420000e+00 2.156533e-03
3.430000e+00 2.132484e-03
3.440000e+00 2.108340e-03
3.450000e+00 2.084098e-03
3.460000e+00 2.059756e-03
3.470000e+00 2.035313e-03
3.480000e+00 2.010773e-03
3.490000e+00 1.986140e-03
3.500000e+00 1.961421e-03
3.510000e+00 1.936626e-03
3.520000e+00 1.911767e-03
3.530000e+00 1.886860e-03
3.540000e+00 1.861921e-03
3.550000e+00 1.836969e-03
3.560000e+00 1.812027e-03
3.570000e+00 1.787117e-03
3.580000e+00 1.762266e-03
3.590000e+00 1.737501e-03
3.600000e+00 1.712852e-03
3.610000e+00 1.688348e-03
3.620000e+00 1.664022e-03
3.630000e+00 1.639907e-03
3.640000e+00 1.616036e-03
3.650000e+00 1.592443e-03
3.660000e+00 1.569163e-03
3.670000e+00 1.546230e-03
3.680000e+00 1.523678e-03
3.690000e+00 1.501541e-03
3.700000e+00 1.479851e-03
3.710000e+00 1.458641e-03
3.720000e+00 1.437941e-03
3.730000e+00 1.417779e-03
3.740000e+00 1.398184e-03
3.750000e+00 1.379180e-03
3.760000e+00 1.360791e-03
3.770000e+00 1.343036e-03
3.780000e+00 1.325935e-03
3.790000e+00 1.309503e-03
3.800000e+00 1.293752e-03
3.810000e+00 1.278692e-03
3.820000e+00 1.264330e-03
3.830000e+00 1.250670e-03
3.840000e+00 1.237712e-03
3.850000e+00 1.225454e-03
3.860000e+00 1.213889e-03
3.870000e+00 1.203010e-03
3.880000e+00 1.192804e-03
3.890000e+00 1.183257e-03
3.900000e+00 1.174350e-03
3.910000e+00 1.166065e-03
3.920000e+00 1.158377e-03
3.930000e+00 1.151261e-03
3.940000e+00 1.144690e-03
3.950000e+00 1.138633e-03
3.960000e+00 1.133060e-03
3.970000e+00 1.127936e-03
3.980000e+00 1.123227e-03
3.990000e+00 1.118897e-03
4.000000e+00 1.114909e-03
4.010000e+00 1.111225e-03
4.020000e+00 1.107807e-03
4.030000e+00 1.104616e-03
4.040000e+00 1.101613e-03
4.050000e+00 1.098761e-03
4.060000e+00 1.096021e-03
4.070000e+00 1.093357e-03
4.080000e+00 1.090732e-03
4.090000e+00 1.088112e-03
4.100000e+00 1.085461e-03
4.110000e+00 1.082749e-03
4.120000e+00 1.079945e-03
4.130000e+00 1.077020e-03
4.140000e+00 1.073947e-03
4.150000e+00 1.070703e-03
4.160000e+00 1.067266e-03
4.170000e+00 1.063614e-03
4.180000e+00 1.059733e-03
4.190000e+00 1.055606e-03
4.200000e+00 1.051222e-03
4.210000e+00 1.046572e-03
4.220000e+00 1.041648e-03
4.230000e+00 1.036447e-03
4.240000e+00 1.030968e-03
4.250000e+00 1.025211e-03
4.260000e+00 1.019180e-03
4.270000e+00 1.012881e-03
4.280000e+00 1.006323e-03
4.290000e+00 9.995177e-04
4.300000e+00 9.924770e-04
4.310000e+00 9.852166e-04
4.320000e+00 9.777536e-04
4.330000e+00 9.701069e-04
4.340000e+00 9.622972e-04
4.350000e+00 9.543468e-04
4.360000e+00 9.462789e-04
4.370000e+00 9.381184e-04
4.380000e+00 9.298908e-04
4.390000e+00 9.216226e-04
4.400000e+00 9.133410e-04
4.410000e+00 9.050735e-04
4.420000e+00 8.968480e-04
4.430000e+00 8.886924e-04
4.440000e+00 8.806346e-04
4.450000e+00 8.727021e-04
4.460000e+00 8.649223e-04
4.470000e+00 8.573217e-04
4.480000e+00 8.499262e-04
4.490000e+00 8.427607e-04
4.500000e+00 8.358493e-04
4.510000e+00 8.292146e-04
4.520000e+00 8.228782e-04
4.530000e+00 8.168602e-04
4.540000e+00 8.111792e-04
4.550000e+00 8.058523e-04
4.560000e+00 8.008946e-04
4.570000e+00 7.963200e-04
4.580000e+00 7.921401e-04
4.590000e+00 7.883651e-04
4.600000e+00 7.850031e-04
4.610000e+00 7.820604e-04
4.620000e+00 7.795415e-04
4.630000e+00 7.774490e-04
4.640000e+00 7.757837e-04
4.650000e+00 7.745445e-04
4.660000e+00 7.737289e-04
4.670000e+00 7.733323e-04
4.680000e+00 7.733488e-04
4.690000e+00 7.737709e-04
4.700000e+00 7.745896e-04
4.710000e+00 7.757946e-04
4.720000e+00 7.773745e-04
4.730000e+00 7.793165e-04
4.740000e+00 7.816071e-04
4.750000e+00 7.842318e-04
4.760000e+00 7.871752e-04
4.770000e+00 7.904215e-04
4.780000e+00 7.939542e-04
4.790000e+00 7.977567e-04
4.800000e+00 8.018118e-04
4.810000e+00 8.061024e-04
4.820000e+00 8.106113e-04
4.830000e+00 8.153216e-04
4.840000e+00 8.202162e-04
4.850000e+00 8.252788e-04
4.860000e+00 8.304932e-04
4.870000e+00 8.358437e-04
4.880000e+00 8.413155e-04
4.890000e+00 8.468940e-04
4.900000e+00 8.525657e-04
4.910000e+00 8.583176e-04
4.920000e+00 8.641376e-04
4.930000e+00 8.700145e-04
4.940000e+00 8.759376e-04
4.950000e+00 8.818975e-04
4.960000e+00 8.878854e-04
4.970000e+00 8.938933e-04
4.980000e+00 8.999139e-04
4.990000e+00 9.059410e-04
5.000000e+00 9.119688e-04
5.010000e+00 9.179921e-04
5.020000e+00 9.240066e-04
5.030000e+00 9.300082e-04
5.040000e+00 9.359935e-04
5.050000e+00 9.419593e-04
5.060000e+00 9.479027e-04
5.070000e+00 9.538211e-04
5.080000e+00 9.597118e-04
5.090000e+00 9.655723e-04
5.100000e+00 9.713999e-04
5.110000e+00 9.771919e-04
5.120000e+00 9.829451e-04
5.130000e+00 9.886563e-04
5.140000e+00 9.943217e-04
5.150000e+00 9.999371e-04
5.160000e+00 1.005498e-03
5.170000e+00 1.010998e-03
5.180000e+00 1.016433e-03
5.190000e+00 1.021795e-03
5.200000e+00 1.027078e-03
5.210000e+00 1.032273e-03
5.220000e+00 1.037372e-03
5.230000e+00 1.042365e-03
5.240000e+00 1.047244e-03
5.250000e+00 1.051998e-03
5.260000e+00 1.056615e-03
5.270000e+00 1.061085e-03
5.280000e+00 1.065395e-03
5.290000e+00 1.069534e-03
5.300000e+00 1.073489e-03
5.310000e+00 1.077248e-03
5.320000e+00 1.080798e-03
5.330000e+00 1.084127e-03
5.340000e+00 1.087222e-03
5.350000e+00 1.090073e-03
5.360000e+00 1.092666e-03
5.370000e+00 1.094993e-03
5.380000e+00 1.097042e-03
5.390000e+00 1.098805e-03
5.400000e+00 1.100273e-03
5.410000e+00 1.101440e-03
5.420000e+00 1.102299e-03
5.430000e+00 1.102846e-03
5.440000e+00 1.103077e-03
5.450000e+00 1.102992e-03
5.460000e+00 1.102591e-03
5.470000e+00 1.101874e-03
5.480000e+00 1.100847e-03
5.490000e+00 1.099514e-03
5.500000e+00 1.097882e-03
5.510000e+00 1.095961e-03
5.520000e+00 1.093761e-03
5.530000e+00 1.091296e-03
5.540000e+00 1.088580e-03
5.550000e+00 1.085629e-03
5.560000e+00 1.082461e-03
5.570000e+00 1.079097e-03
5.580000e+00 1.075557e-03
5.590000e+00 1.071864e-03
5.600000e+00 1.068042e-03
5.610000e+00 1.064116e-03
5.620000e+00 1.060113e-03
5.630000e+00 1.056059e-03
5.640000e+00 1.051981e-03
5.650000e+00 1.047908e-03
5.660000e+00 1.043869e-03
5.670000e+00 1.039890e-03
5.680000e+00 1.036002e-03
5.690000e+00 1.032230e-03
5.700000e+00 1.028603e-03
5.710000e+00 1.025146e-03
5.720000e+00 1.021886e-03
5.730000e+00 1.018845e-03
5.740000e+00 1.016047e-03
5.750000e+00 1.013512e-03
5.760000e+00 1.011260e-03
5.770000e+00 1.009306e-03
5.780000e+00 1.007666e-03
5.790000e+00 1.006352e-03
5.800000e+00 1.005374e-03
5.810000e+00 1.004737e-03
5.820000e+00 1.004447e-03
5.830000e+00 1.004503e-03
5.840000e+00 1.004905e-03
5.850000e+00 1.005646e-03
5.860000e+00 1.006719e-03
5.870000e+00 1.008111e-03
5.880000e+00 1.009808e-03
5.890000e+00 1.011791e-03
5.900000e+00 1.014040e-03
5.910000e+00 1.016530e-03
5.920000e+00 1.019233e-03
5.930000e+00 1.022120e-03
5.940000e+00 1.025156e-03
5.950000e+00 1.028306e-03
5.960000e+00 1.031532e-03
5.970000e+00 1.034792e-03
5.980000e+00 1.038043e-03
5.990000e+00 1.041240e-03
6.000000e+00 1.044336e-03
6.010000e+00 1.047284e-03
6.020000e+00 1.050032e-03
6.030000e+00 1.052531e-03
6.040000e+00 1.054729e-03
6.050000e+00 1.056574e-03
6.060000e+00 1.058014e-03
6.070000e+00 1.058997e-03
6.080000e+00 1.059471e-03
6.090000e+00 1.059385e-03
6.100000e+00 1.058689e-03
6.110000e+00 1.057333e-03
6.120000e+00 1.055272e-03
6.130000e+00 1.052458e-03
6.140000e+00 1.048849e-03
6.150000e+00 1.044403e-03
6.160000e+00 1.039082e-03
6.170000e+00 1.032849e-03
6.180000e+00 1.025671e-03
6.190000e+00 1.017520e-03
6.200000e+00 1.008368e-03
6.210000e+00 9.981922e-04
6.220000e+00 9.869747e-04
6.230000e+00 9.746997e-04
6.240000e+00 9.613562e-04
6.250000e+00 9.469372e-04
6.260000e+00 9.314397e-04
6.270000e+00 9.148650e-04
6.280000e+00 8.972190e-04
6.290000e+00 8.785114e-04
6.300000e+00 8.587565e-04
6.310000e+00 8.379729e-04
6.320000e+00 8.161832e-04
6.330000e+00 7.934144e-04
6.340000e+00 7.696976e-04
6.350000e+00 7.450677e-04
6.360000e+00 7.195637e-04
6.370000e+00 6.932282e-04
6.380000e+00 6.661074e-04
6.390000e+00 6.382512e-04
6.400000e+00 6.097123e-04
6.410000e+00 5.805469e-04
6.420000e+00 5.508138e-04
6.430000e+00 5.205745e-04
6.440000e+00 4.898930e-04
6.450000e+00 4.588354e-04
6.460000e+00 4.274695e-04
6.470000e+00 3.958653e-04
6.480000e+00 3.640938e-04
6.490000e+00 3.322272e-04
6.500000e+00 3.003387e-04
6.510000e+00 2.685021e-04
6.520000e+00 2.367915e-04
6.530000e+00 2.052812e-04
6.540000e+00 1.740450e-04
6.550000e+00 1.431565e-04
6.560000e+00 1.126887e-04
6.570000e+00 8.271315e-05
6.580000e+00 5.330060e-05
6.590000e+00 2.452009e-05
6.600000e+00 -3.561031e-06
6.610000e+00 -3.087737e-05
6.620000e+00 -5.736574e-05
6.630000e+00 -8.296536e-05
6.640000e+00 -1.076181e-04
6.650000e+00 -1.312685e-04
6.660000e+00 -1.538644e-04
6.670000e+00 -1.753565e-04
6.680000e+00 -1.956989e-04
6.690000e+00 -2.148493e-04
6.700000e+00 -2.327688e-04
6.710000e+00 -2.494224e-04
6.720000e+00 -2.647789e-04
6.730000e+00 -2.788108e-04
6.740000e+00 -2.914947e-04
6.750000e+00 -3.028114e-04
6.760000e+00 -3.127455e-04
6.770000e+00 -3.212858e-04
6.780000e+00 -3.284252e-04
6.790000e+00 -3.341606e-04
6.800000e+00 -3.384932e-04
6.810000e+00 -3.414279e-04
6.820000e+00 -3.429738e-04
6.830000e+00 -3.431438e-04
6.840000e+00 -3.419546e-04
6.850000e+00 -3.394266e-04
6.860000e+00 -3.355837e-04
6.870000e+00 -3.304533e-04
6.880000e+00 -3.240663e-04
6.890000e+00 -3.164565e-04
6.900000e+00 -3.076607e-04
6.910000e+00 -2.977186e-04
6.920000e+00 -2.866724e-04
6.930000e+00 -2.745668e-04
6.940000e+00 -2.614486e-04
6.950000e+00 -2.473667e-04
6.960000e+00 -2.323717e-04
6.970000e+00 -2.165156e-04
6.980000e+00 -1.998520e-04
6.990000e+00 -1.824353e-04
7.000000e+00 -1.643209e-04
7.010000e+00 -1.455648e-04
7.020000e+00 -1.262231e-04
7.030000e+00 -1.063525e-04
7.040000e+00 -8.600926e-05
7.050000e+00 -6.524945e-05
7.060000e+00 -4.412860e-05
7.070000e+00 -2.270151e-05
7.080000e+00 -1.022042e-06
7.090000e+00 2.085707e-05
7.100000e+00 4.288441e-05
7.110000e+00 6.501002e-05
7.120000e+00 8.718561e-05
7.130000e+00 1.093646e-04
7.140000e+00 1.315025e-04
7.150000e+00 1.535566e-04
7.160000e+00 1.754865e-04
7.170000e+00 1.972539e-04
7.180000e+00 2.188230e-04
7.190000e+00 2.401601e-04
7.200000e+00 2.612340e-04
7.210000e+00 2.820161e-04
7.220000e+00 3.024799e-04
7.230000e+00 3.226015e-04
7.240000e+00 3.423595e-04
7.250000e+00 3.617348e-04
7.260000e+00 3.807106e-04
7.270000e+00 3.992725e-04
7.280000e+00 4.174084e-04
7.290000e+00 4.351080e-04
7.300000e+00 4.523635e-04
7.310000e+00 4.691687e-04
7.320000e+00 4.855197e-04
7.330000e+00 5.014140e-04
7.340000e+00 5.168508e-04
7.350000e+00 5.318311e-04
7.360000e+00 5.463571e-04
7.370000e+00 5.604324e-04
7.380000e+00 5.740615e-04
7.390000e+00 5.872505e-04
7.400000e+00 6.000058e-04
7.410000e+00 6.123351e-04
7.420000e+00 6.242465e-04
7.430000e+00 6.357489e-04
7.440000e+00 6.468513e-04
7.450000e+00 6.575635e-04
7.460000e+00 6.678952e-04
7.470000e+00 6.778564e-04
7.480000e+00 6.874571e-04
7.490000e+00 6.967073e-04
7.500000e+00 7.056169e-04
7.510000e+00 7.141954e-04
7.520000e+00 7.224523e-04
7.530000e+00 7.303967e-04
7.540000e+00 7.380372e-04
7.550000e+00 7.453820e-04
7.560000e+00 7.524387e-04
7.570000e+00 7.592145e-04
7.580000e+00 7.657159e-04
7.590000e+00 7.719488e-04
7.600000e+00 7.779183e-04
7.610000e+00 7.836290e-04
7.620000e+00 7.890845e-04
7.630000e+00 7.942877e-04
7.640000e+00 7.992409e-04
7.650000e+00 8.039451e-04
7.660000e+00 8.084010e-04
7.670000e+00 8.126078e-04
7.680000e+00 8.165643e-04
7.690000e+00 8.202681e-04
7.700000e+00 8.237158e-04
7.710000e+00 8.269030e-04
7.720000e+00 8.298246e-04
7.730000e+00 8.324739e-04
7.740000e+00 8.348437e-04
7.750000e+00 8.369255e-04
7.760000e+00 8.387095e-04
7.770000e+00 8.401853e-04
7.780000e+00 8.413409e-04
7.790000e+00 8.421635e-04
7.800000e+00 8.426392e-04
7.810000e+00 8.427529e-04
7.820000e+00 8.424884e-04
7.830000e+00 8.418286e-04
7.840000e+00 8.407552e-04
7.850000e+00 8.392492e-04
7.860000e+00 8.372903e-04
7.870000e+00 8.348575e-04
7.880000e+00 8.319291e-04
7.890000e+00 8.284825e-04
7.900000e+00 8.244944e-04
7.910000e+00 8.199411e-04
7.920000e+00 8.147982e-04
7.930000e+00 8.090413e-04
7.940000e+00 8.026454e-04
7.950000e+00 7.955857e-04
7.960000e+00 7.878372e-04
7.970000e+00 7.793752e-04
7.980000e+00 7.701755e-04
7.990000e+00 7.602142e-04
8.000000e+00 7.494681e-04
8.010000e+00 7.379149e-04
8.020000e+00 7.255332e-04
8.030000e+00 7.123029e-04
8.040000e+00 6.982053e-04
8.050000e+00 6.832230e-04
8.060000e+00 6.673405e-04
8.070000e+00 6.505440e-04
8.080000e+00 6.328219e-04
8.090000e+00 6.141644e-04
8.100000e+00 5.945644e-04
8.110000e+00 5.740168e-04
8.120000e+00 5.525194e-04
8.130000e+00 5.300723e-04
8.140000e+00 5.066785e-04
8.150000e+00 4.823436e-04
8.160000e+00 4.570762e-04
8.170000e+00 4.308875e-04
8.180000e+00 4.037919e-04
8.190000e+00 3.758064e-04
8.200000e+00 3.469508e-04
8.210000e+00 3.172479e-04
8.220000e+00 2.867231e-04
8.230000e+00 2.554043e-04
8.240000e+00 2.233222e-04
8.250000e+00 1.905099e-04
8.260000e+00 1.570026e-04
8.270000e+00 1.228377e-04
8.280000e+00 8.805486e-05
8.290000e+00 5.269521e-05
8.300000e+00 1.680172e-05
8.310000e+00 -1.958129e-05
8.320000e+00 -5.640819e-05
8.330000e+00 -9.363236e-05
8.340000e+00 -1.312063e-04
8.350000e+00 -1.690820e-04
8.360000e+00 -2.072109e-04
8.370000e+00 -2.455443e-04
8.380000e+00 -2.840334e-04
8.390000e+00 -3.226298e-04
8.400000e+00 -3.612853e-04
8.410000e+00 -3.999523e-04
8.420000e+00 -4.385838e-04
8.430000e+00 -4.771340e-04
8.440000e+00 -5.155576e-04
8.450000e+00 -5.538110e-04
8.460000e+00 -5.918514e-04
8.470000e+00 -6.296376e-04
8.480000e+00 -6.671297e-04
8.490000e+00 -7.042892e-04
8.500000e+00 -7.410792e-04
8.510000e+00 -7.774645e-04
8.520000e+00 -8.134112e-04
8.530000e+00 -8.488870e-04
8.540000e+00 -8.838612e-04
8.550000e+00 -9.183046e-04
8.560000e+00 -9.521893e-04
8.570000e+00 -9.854890e-04
8.580000e+00 -1.018179e-03
8.590000e+00 -1.050234e-03
8.600000e+00 -1.081633e-03
8.610000e+00 -1.112354e-03
8.620000e+00 -1.142377e-03
8.630000e+00 -1.171681e-03
8.640000e+00 -1.200248e-03
8.650000e+00 -1.228060e-03
8.660000e+00 -1.255100e-03
8.670000e+00 -1.281351e-03
8.680000e+00 -1.306796e-03
8.690000e+00 -1.331420e-03
8.700000e+00 -1.355208e-03
8.710000e+00 -1.378144e-03
8.720000e+00 -1.400214e-03
8.730000e+00 -1.421404e-03
8.740000e+00 -1.441700e-03
8.750000e+00 -1.461088e-03
8.760000e+00 -1.479556e-03
8.770000e+00 -1.497089e-03
8.780000e+00 -1.513676e-03
8.790000e+00 -1.529305e-03
8.800000e+00 -1.543965e-03
8.810000e+00 -1.557644e-03
8.820000e+00 -1.570333e-03
8.830000e+00 -1.582023e-03
8.840000e+00 -1.592704e-03
8.850000e+00 -1.602369e-03
8.860000e+00 -1.611013e-03
8.870000e+00 -1.618628e-03
8.880000e+00 -1.625212e-03
8.890000e+00 -1.630761e-03
8.900000e+00 -1.635274e-03
8.910000e+00 -1.638751e-03
8.920000e+00 -1.641192e-03
8.930000e+00 -1.642602e-03
8.940000e+00 -1.642984e-03
8.950000e+00 -1.642344e-03
8.960000e+00 -1.640690e-03
8.970000e+00 -1.638033e-03
8.980000e+00 -1.634381e-03
8.990000e+00 -1.629749e-03
9.000000e+00 -1.624150e-03
9.010000e+00 -1.617600e-03
9.020000e+00 -1.610116e-03
9.030000e+00 -1.601715e-03
9.040000e+00 -1.592418e-03
9.050000e+00 -1.582245e-03
9.060000e+00 -1.571218e-03
9.070000e+00 -1.559359e-03
9.080000e+00 -1.546692e-03
9.090000e+00 -1.533239e-03
9.100000e+00 -1.519026e-03
9.110000e+00 -1.504076e-03
9.120000e+00 -1.488415e-03
9.130000e+00 -1.472067e-03
9.140000e+00 -1.455057e-03
9.150000e+00 -1.437408e-03
9.160000e+00 -1.419144e-03
9.170000e+00 -1.400289e-03
9.180000e+00 -1.380865e-03
9.190000e+00 -1.360894e-03
9.200000e+00 -1.340397e-03
9.210000e+00 -1.319394e-03
9.220000e+00 -1.297904e-03
9.230000e+00 -1.275946e-03
9.240000e+00 -1.253536e-03
9.250000e+00 -1.230691e-03
9.260000e+00 -1.207427e-03
9.270000e+00 -1.183758e-03
9.280000e+00 -1.159698e-03
9.290000e+00 -1.135260e-03
9.300000e+00 -1.110456e-03
9.310000e+00 -1.085299e-03
9.320000e+00 -1.059800e-03
9.330000e+00 -1.033970e-03
9.340000e+00 -1.007822e-03
9.350000e+00 -9.813657e-04
9.360000e+00 -9.546143e-04
9.370000e+00 -9.275799e-04
9.380000e+00 -9.002756e-04
9.390000e+00 -8.727156e-04
9.400000e+00 -8.449148e-04
9.410000e+00 -8.168899e-04
9.420000e+00 -7.886585e-04
9.430000e+00 -7.602402e-04
9.440000e+00 -7.316562e-04
9.450000e+00 -7.029298e-04
9.460000e+00 -6.740861e-04
9.470000e+00 -6.451525e-04
9.480000e+00 -6.161588e-04
9.490000e+00 -5.871369e-04
9.500000e+00 -5.581213e-04
9.510000e+00 -5.291487e-04
9.520000e+00 -5.002585e-04
9.530000e+00 -4.714922e-04
9.540000e+00 -4.428939e-04
9.550000e+00 -4.145101e-04
9.560000e+00 -3.863891e-04
9.570000e+00 -3.585817e-04
9.580000e+00 -3.311406e-04
9.590000e+00 -3.041200e-04
9.600000e+00 -2.775762e-04
9.610000e+00 -2.515665e-04
9.620000e+00 -2.261496e-04
9.630000e+00 -2.013853e-04
9.640000e+00 -1.773338e-04
9.650000e+00 -1.540560e-04
9.660000e+00 -1.316129e-04
9.670000e+00 -1.100655e-04
9.680000e+00 -8.947419e-05
9.690000e+00 -6.989895e-05
9.700000e+00 -5.139863e-05
9.710000e+00 -3.403087e-05
9.720000e+00 -1.785174e-05
9.730000e+00 -2.915460e-06
9.740000e+00 1.072588e-05
9.750000e+00 2.302258e-05
9.760000e+00 3.392762e-05
9.770000e+00 4.339690e-05
9.780000e+00 5.138949e-05
9.790000e+00 5.786786e-05
9.800000e+00 6.279808e-05
9.810000e+00 6.615003e-05
9.820000e+00 6.789760e-05
9.830000e+00 6.801882e-05
9.840000e+00 6.649602e-05
9.850000e+00 6.331600e-05
9.860000e+00 5.847007e-05
9.870000e+00 5.195423e-05
9.880000e+00 4.376916e-05
9.890000e+00 3.392037e-05
9.900000e+00 2.241816e-05
9.910000e+00 9.277708e-06
9.920000e+00 -5.480962e-06
9.930000e+00 -2.183296e-05
9.940000e+00 -3.974858e-05
9.950000e+00 -5.919329e-05
9.960000e+00 -8.012787e-05
9.970000e+00 -1.025084e-04
9.980000e+00 -1.262863e-04
9.990000e+00 -1.514087e-04
1.000000e+01 -1.778182e-04
