# sigma2_v 5.382073092381294e+00
0.000000e+00 1.000000e+00
1.000000e-02 9.997309e-01
2.000000e-02 9.989242e-01
3.000000e-02 9.975810e-01
4.000000e-02 9.957037e-01
5.000000e-02 9.932951e-01
6.000000e-02 9.903593e-01
7.000000e-02 9.869010e-01
8.000000e-02 9.829257e-01
9.000000e-02 9.784399e-01
1.000000e-01 9.734506e-01
1.100000e-01 9.679660e-01
1.200000e-01 9.619947e-01
1.300000e-01 9.555461e-01
1.400000e-01 9.486305e-01
1.500000e-01 9.412586e-01
1.600000e-01 9.334420e-01
1.700000e-01 9.251929e-01
1.800000e-01 9.165238e-01
1.900000e-01 9.074482e-01
2.000000e-01 8.979797e-01
2.100000e-01 8.881327e-01
2.200000e-01 8.779219e-01
2.300000e-01 8.673624e-01
2.400000e-01 8.564699e-01
2.500000e-01 8.452600e-01
2.600000e-01 8.337491e-01
2.700000e-01 8.219535e-01
2.800000e-01 8.098899e-01
2.900000e-01 7.975751e-01
3.000000e-01 7.850262e-01
3.100000e-01 7.722600e-01
3.200000e-01 7.592939e-01
3.300000e-01 7.461450e-01
3.400000e-01 7.328305e-01
3.500000e-01 7.193674e-01
3.600000e-01 7.057729e-01
3.700000e-01 6.920638e-01
3.800000e-01 6.782570e-01
3.900000e-01 6.643690e-01
4.000000e-01 6.504162e-01
4.100000e-01 6.364147e-01
4.200000e-01 6.223805e-01
4.300000e-01 6.083291e-01
4.400000e-01 5.942756e-01
4.500000e-01 5.802351e-01
4.600000e-01 5.662221e-01
4.700000e-01 5.522505e-01
4.800000e-01 5.383342e-01
4.900000e-01 5.244865e-01
5.000000e-01 5.107201e-01
5.100000e-01 4.970474e-01
5.200000e-01 4.834802e-01
5.300000e-01 4.700301e-01
5.400000e-01 4.567078e-01
5.500000e-01 4.435237e-01
5.600000e-01 4.304878e-01
5.700000e-01 4.176093e-01
5.800000e-01 4.048970e-01
5.900000e-01 3.923594e-01
6.000000e-01 3.800040e-01
6.100000e-01 3.678383e-01
6.200000e-01 3.558688e-01
6.300000e-01 3.441018e-01
6.400000e-01 3.325430e-01
6.500000e-01 3.211975e-01
6.600000e-01 3.100700e-01
6.700000e-01 2.991647e-01
6.800000e-01 2.884852e-01
6.900000e-01 2.780347e-01
7.000000e-01 2.678160e-01
7.100000e-01 2.578314e-01
7.200000e-01 2.480827e-01
7.300000e-01 2.385713e-01
7.400000e-01 2.292982e-01
7.500000e-01 2.202639e-01
7.600000e-01 2.114688e-01
7.700000e-01 2.029125e-01
7.800000e-01 1.945947e-01
7.900000e-01 1.865143e-01
8.000000e-01 1.786702e-01
8.100000e-01 1.710610e-01
8.200000e-01 1.636847e-01
8.300000e-01 1.565393e-01
8.400000e-01 1.496225e-01
8.500000e-01 1.429316e-01
8.600000e-01 1.364639e-01
8.700000e-01 1.302163e-01
8.800000e-01 1.241855e-01
8.900000e-01 1.183682e-01
9.000000e-01 1.127607e-01
9.100000e-01 1.073594e-01
9.200000e-01 1.021603e-01
9.300000e-01 9.715940e-02
9.400000e-01 9.235261e-02
9.500000e-01 8.773570e-02
9.600000e-01 8.330437e-02
9.700000e-01 7.905425e-02
9.800000e-01 7.498089e-02
9.900000e-01 7.107980e-02
1.000000e+00 6.734648e-02
1.010000e+00 6.377636e-02
1.020000e+00 6.036488e-02
1.030000e+00 5.710746e-02
1.040000e+00 5.399953e-02
1.050000e+00 5.103652e-02
1.060000e+00 4.821390e-02
1.070000e+00 4.552713e-02
1.080000e+00 4.297174e-02
1.090000e+00 4.054328e-02
1.100000e+00 3.823735e-02
1.110000e+00 3.604961e-02
1.120000e+00 3.397576e-02
1.130000e+00 3.201159e-02
1.140000e+00 3.015293e-02
1.150000e+00 2.839571e-02
1.160000e+00 2.673590e-02
1.170000e+00 2.516957e-02
1.180000e+00 2.369288e-02
1.190000e+00 2.230206e-02
1.200000e+00 2.099343e-02
1.210000e+00 1.976339e-02
1.220000e+00 1.860845e-02
1.230000e+00 1.752519e-02
1.240000e+00 1.651031e-02
1.250000e+00 1.556056e-02
1.260000e+00 1.467284e-02
1.270000e+00 1.384409e-02
1.280000e+00 1.307138e-02
1.290000e+00 1.235187e-02
1.300000e+00 1.168279e-02
1.310000e+00 1.106150e-02
1.320000e+00 1.048542e-02
1.330000e+00 9.952088e-03
1.340000e+00 9.459114e-03
1.350000e+00 9.004209e-03
1.360000e+00 8.585167e-03
1.370000e+00 8.199872e-03
1.380000e+00 7.846295e-03
1.390000e+00 7.522490e-03
1.400000e+00 7.226593e-03
1.410000e+00 6.956823e-03
1.420000e+00 6.711476e-03
1.430000e+00 6.488928e-03
1.440000e+00 6.287628e-03
1.450000e+00 6.106101e-03
1.460000e+00 5.942941e-03
1.470000e+00 5.796813e-03
1.480000e+00 5.666450e-03
1.490000e+00 5.550649e-03
1.500000e+00 5.448271e-03
1.510000e+00 5.358238e-03
1.520000e+00 5.279532e-03
1.530000e+00 5.211190e-03
1.540000e+00 5.152306e-03
1.550000e+00 5.102026e-03
1.560000e+00 5.059547e-03
1.570000e+00 5.024114e-03
1.580000e+00 4.995019e-03
1.590000e+00 4.971600e-03
1.600000e+00 4.953235e-03
1.610000e+00 4.939347e-03
1.620000e+00 4.929393e-03
1.630000e+00 4.922872e-03
1.640000e+00 4.919314e-03
1.650000e+00 4.918287e-03
1.660000e+00 4.919386e-03
1.670000e+00 4.922241e-03
1.680000e+00 4.926507e-03
1.690000e+00 4.931868e-03
1.700000e+00 4.938034e-03
1.710000e+00 4.944737e-03
1.720000e+00 4.951733e-03
1.730000e+00 4.958801e-03
1.740000e+00 4.965739e-03
1.750000e+00 4.972362e-03
1.760000e+00 4.978505e-03
1.770000e+00 4.984021e-03
1.780000e+00 4.988775e-03
1.790000e+00 4.992650e-03
1.800000e+00 4.995541e-03
1.810000e+00 4.997357e-03
1.820000e+00 4.998016e-03
1.830000e+00 4.997452e-03
1.840000e+00 4.995606e-03
1.850000e+00 4.992429e-03
1.860000e+00 4.987883e-03
1.870000e+00 4.981936e-03
1.880000e+00 4.974565e-03
1.890000e+00 4.965755e-03
1.900000e+00 4.955498e-03
1.910000e+00 4.943790e-03
1.920000e+00 4.930634e-03
1.930000e+00 4.916041e-03
1.940000e+00 4.900022e-03
1.950000e+00 4.882597e-03
1.960000e+00 4.863789e-03
1.970000e+00 4.843624e-03
1.980000e+00 4.822133e-03
1.990000e+00 4.799349e-03
2.000000e+00 4.775309e-03
2.010000e+00 4.750054e-03
2.020000e+00 4.723624e-03
2.030000e+00 4.696064e-03
2.040000e+00 4.667422e-03
2.050000e+00 4.637745e-03
2.060000e+00 4.607084e-03
2.070000e+00 4.575491e-03
2.080000e+00 4.543018e-03
2.090000e+00 4.509720e-03
2.100000e+00 4.475650e-03
2.110000e+00 4.440866e-03
2.120000e+00 4.405423e-03
2.130000e+00 4.369378e-03
2.140000e+00 4.332788e-03
2.150000e+00 4.295710e-03
2.160000e+00 4.258201e-03
2.170000e+00 4.220318e-03
2.180000e+00 4.182117e-03
2.190000e+00 4.143656e-03
2.200000e+00 4.104989e-03
2.210000e+00 4.066171e-03
2.220000e+00 4.027258e-03
2.230000e+00 3.988302e-03
2.240000e+00 3.949355e-03
2.250000e+00 3.910470e-03
2.260000e+00 3.871696e-03
2.270000e+00 3.833082e-03
2.280000e+00 3.794677e-03
2.290000e+00 3.756525e-03
2.300000e+00 3.718673e-03
2.310000e+00 3.681162e-03
2.320000e+00 3.644035e-03
2.330000e+00 3.607332e-03
2.340000e+00 3.571090e-03
2.350000e+00 3.535345e-03
2.360000e+00 3.500132e-03
2.370000e+00 3.465484e-03
2.380000e+00 3.431430e-03
2.390000e+00 3.397999e-03
2.400000e+00 3.365217e-03
2.410000e+00 3.333108e-03
2.420000e+00 3.301695e-03
2.430000e+00 3.270996e-03
2.440000e+00 3.241030e-03
2.450000e+00 3.211812e-03
2.460000e+00 3.183353e-03
2.470000e+00 3.155666e-03
2.480000e+00 3.128759e-03
2.490000e+00 3.102637e-03
2.500000e+00 3.077303e-03
2.510000e+00 3.052761e-03
2.520000e+00 3.029007e-03
2.530000e+00 3.006039e-03
2.540000e+00 2.983851e-03
2.550000e+00 2.962435e-03
2.560000e+00 2.941781e-03
2.570000e+00 2.921876e-03
2.580000e+00 2.902705e-03
2.590000e+00 2.884253e-03
2.600000e+00 2.866499e-03
2.610000e+00 2.849423e-03
2.620000e+00 2.833002e-03
2.630000e+00 2.817212e-03
2.640000e+00 2.802025e-03
2.650000e+00 2.787414e-03
2.660000e+00 2.773348e-03
2.670000e+00 2.759797e-03
2.680000e+00 2.746728e-03
2.690000e+00 2.734107e-03
2.700000e+00 2.721899e-03
2.710000e+00 2.710067e-03
2.720000e+00 2.698575e-03
2.730000e+00 2.687386e-03
2.740000e+00 2.676459e-03
2.750000e+00 2.665758e-03
2.760000e+00 2.655242e-03
2.770000e+00 2.644871e-03
2.780000e+00 2.634607e-03
2.790000e+00 2.624409e-03
2.800000e+00 2.614239e-03
2.810000e+00 2.604056e-03
2.820000e+00 2.593822e-03
2.830000e+00 2.583499e-03
2.840000e+00 2.573049e-03
2.850000e+00 2.562435e-03
2.860000e+00 2.551620e-03
2.870000e+00 2.540570e-03
2.880000e+00 2.529249e-03
2.890000e+00 2.517625e-03
2.900000e+00 2.505666e-03
2.910000e+00 2.493339e-03
2.920000e+00 2.480617e-03
2.930000e+00 2.467469e-03
2.940000e+00 2.453869e-03
2.950000e+00 2.439791e-03
2.960000e+00 2.425210e-03
2.970000e+00 2.410104e-03
2.980000e+00 2.394450e-03
2.990000e+00 2.378229e-03
3.000000e+00 2.361421e-03
3.010000e+00 2.344009e-03
3.020000e+00 2.325978e-03
3.030000e+00 2.307312e-03
3.040000e+00 2.287999e-03
3.050000e+00 2.268027e-03
3.060000e+00 2.247386e-03
3.070000e+00 2.226066e-03
3.080000e+00 2.204061e-03
3.090000e+00 2.181364e-03
3.100000e+00 2.157970e-03
3.110000e+00 2.133878e-03
3.120000e+00 2.109083e-03
3.130000e+00 2.083588e-03
3.140000e+00 2.057391e-03
3.150000e+00 2.030496e-03
3.160000e+00 2.002906e-03
3.170000e+00 1.974627e-03
3.180000e+00 1.945666e-03
3.190000e+00 1.916031e-03
3.200000e+00 1.885730e-03
3.210000e+00 1.854777e-03
3.220000e+00 1.823183e-03
3.230000e+00 1.790962e-03
3.240000e+00 1.758131e-03
3.250000e+00 1.724707e-03
3.260000e+00 1.690709e-03
3.270000e+00 1.656158e-03
3.280000e+00 1.621074e-03
3.290000e+00 1.585484e-03
3.300000e+00 1.549411e-03
3.310000e+00 1.512882e-03
3.320000e+00 1.475927e-03
3.330000e+00 1.438574e-03
3.340000e+00 1.400856e-03
3.350000e+00 1.362806e-03
3.360000e+00 1.324457e-03
3.370000e+00 1.285845e-03
3.380000e+00 1.247008e-03
3.390000e+00 1.207982e-03
3.400000e+00 1.168808e-03
3.410000e+00 1.129526e-03
3.420000e+00 1.090177e-03
3.430000e+00 1.050802e-03
3.440000e+00 1.011444e-03
3.450000e+00 9.721467e-04
3.460000e+00 9.329532e-04
3.470000e+00 8.939075e-04
3.480000e+00 8.550536e-04
3.490000e+00 8.164356e-04
3.500000e+00 7.780973e-04
3.510000e+00 7.400825e-04
3.520000e+00 7.024344e-04
3.530000e+00 6.651956e-04
3.540000e+00 6.284081e-04
3.550000e+00 5.921131e-04
3.560000e+00 5.563508e-04
3.570000e+00 5.211602e-04
3.580000e+00 4.865791e-04
3.590000e+00 4.526439e-04
3.600000e+00 4.193898e-04
3.610000e+00 3.868502e-04
3.620000e+00 3.550568e-04
3.630000e+00 3.240396e-04
3.640000e+00 2.938270e-04
3.650000e+00 2.644452e-04
3.660000e+00 2.359186e-04
3.670000e+00 2.082695e-04
3.680000e+00 1.815185e-04
3.690000e+00 1.556838e-04
3.700000e+00 1.307816e-04
3.710000e+00 1.068262e-04
3.720000e+00 8.382968e-05
3.730000e+00 6.180218e-05
3.740000e+00 4.075177e-05
3.750000e+00 2.068453e-05
3.760000e+00 1.604589e-06
3.770000e+00 -1.648581e-05
3.780000e+00 -3.358628e-05
3.790000e+00 -4.969823e-05
3.800000e+00 -6.482481e-05
3.810000e+00 -7.897079e-05
3.820000e+00 -9.214259e-05
3.830000e+00 -1.043481e-04
3.840000e+00 -1.155966e-04
3.850000e+00 -1.258990e-04
3.860000e+00 -1.352671e-04
3.870000e+00 -1.437141e-04
3.880000e+00 -1.512545e-04
3.890000e+00 -1.579035e-04
3.900000e+00 -1.636776e-04
3.910000e+00 -1.685939e-04
3.920000e+00 -1.726706e-04
3.930000e+00 -1.759265e-04
3.940000e+00 -1.783810e-04
3.950000e+00 -1.800543e-04
3.960000e+00 -1.809670e-04
3.970000e+00 -1.811402e-04
3.980000e+00 -1.805955e-04
3.990000e+00 -1.793545e-04
4.000000e+00 -1.774396e-04
4.010000e+00 -1.748730e-04
4.020000e+00 -1.716772e-04
4.030000e+00 -1.678747e-04
4.040000e+00 -1.634883e-04
4.050000e+00 -1.585403e-04
4.060000e+00 -1.530534e-04
4.070000e+00 -1.470499e-04
4.080000e+00 -1.405518e-04
4.090000e+00 -1.335811e-04
4.100000e+00 -1.261591e-04
4.110000e+00 -1.183070e-04
4.120000e+00 -1.100454e-04
4.130000e+00 -1.013945e-04
4.140000e+00 -9.237377e-05
4.150000e+00 -8.300208e-05
4.160000e+00 -7.329761e-05
4.170000e+00 -6.327778e-05
4.180000e+00 -5.295914e-05
4.190000e+00 -4.235741e-05
4.200000e+00 -3.148733e-05
4.210000e+00 -2.036266e-05
4.220000e+00 -8.996135e-06
4.230000e+00 2.600603e-06
4.240000e+00 1.441703e-05
4.250000e+00 2.644379e-05
4.260000e+00 3.867270e-05
4.270000e+00 5.109680e-05
4.280000e+00 6.371034e-05
4.290000e+00 7.650882e-05
4.300000e+00 8.948898e-05
4.310000e+00 1.026488e-04
4.320000e+00 1.159874e-04
4.330000e+00 1.295053e-04
4.340000e+00 1.432039e-04
4.350000e+00 1.570859e-04
4.360000e+00 1.711551e-04
4.370000e+00 1.854163e-04
4.380000e+00 1.998752e-04
4.390000e+00 2.145384e-04
4.400000e+00 2.294134e-04
4.410000e+00 2.445081e-04
4.420000e+00 2.598314e-04
4.430000e+00 2.753925e-04
4.440000e+00 2.912011e-04
4.450000e+00 3.072671e-04
4.460000e+00 3.236005e-04
4.470000e+00 3.402115e-04
4.480000e+00 3.571103e-04
4.490000e+00 3.743065e-04
4.500000e+00 3.918097e-04
4.510000e+00 4.096289e-04
4.520000e+00 4.277726e-04
4.530000e+00 4.462484e-04
4.540000e+00 4.650632e-04
4.550000e+00 4.842227e-04
4.560000e+00 5.037318e-04
4.570000e+00 5.235940e-04
4.580000e+00 5.438114e-04
4.590000e+00 5.643848e-04
4.600000e+00 5.853135e-04
4.610000e+00 6.065949e-04
4.620000e+00 6.282252e-04
4.630000e+00 6.501982e-04
4.640000e+00 6.725065e-04
4.650000e+00 6.951402e-04
4.660000e+00 7.180880e-04
4.670000e+00 7.413361e-04
4.680000e+00 7.648692e-04
4.690000e+00 7.886695e-04
4.700000e+00 8.127176e-04
4.710000e+00 8.369917e-04
4.720000e+00 8.614681e-04
4.730000e+00 8.861213e-04
4.740000e+00 9.109235e-04
4.750000e+00 9.358452e-04
4.760000e+00 9.608550e-04
4.770000e+00 9.859194e-04
4.780000e+00 1.011004e-03
4.790000e+00 1.036071e-03
4.800000e+00 1.061082e-03
4.810000e+00 1.085999e-03
4.820000e+00 1.110778e-03
4.830000e+00 1.135379e-03
4.840000e+00 1.159756e-03
4.850000e+00 1.183865e-03
4.860000e+00 1.207661e-03
4.870000e+00 1.231095e-03
4.880000e+00 1.254121e-03
4.890000e+00 1.276691e-03
4.900000e+00 1.298756e-03
4.910000e+00 1.320266e-03
4.920000e+00 1.341173e-03
4.930000e+00 1.361428e-03
4.940000e+00 1.380981e-03
4.950000e+00 1.399784e-03
4.960000e+00 1.417788e-03
4.970000e+00 1.434946e-03
4.980000e+00 1.451210e-03
4.990000e+00 1.466535e-03
5.000000e+00 1.480874e-03
5.010000e+00 1.494185e-03
5.020000e+00 1.506423e-03
5.030000e+00 1.517550e-03
5.040000e+00 1.527523e-03
5.050000e+00 1.536307e-03
5.060000e+00 1.543865e-03
5.070000e+00 1.550164e-03
5.080000e+00 1.555171e-03
5.090000e+00 1.558859e-03
5.100000e+00 1.561200e-03
5.110000e+00 1.562171e-03
5.120000e+00 1.561750e-03
5.130000e+00 1.559918e-03
5.140000e+00 1.556660e-03
5.150000e+00 1.551964e-03
5.160000e+00 1.545820e-03
5.170000e+00 1.538222e-03
5.180000e+00 1.529167e-03
5.190000e+00 1.518654e-03
5.200000e+00 1.506689e-03
5.210000e+00 1.493276e-03
5.220000e+00 1.478428e-03
5.230000e+00 1.462157e-03
5.240000e+00 1.444480e-03
5.250000e+00 1.425418e-03
5.260000e+00 1.404994e-03
5.270000e+00 1.383235e-03
5.280000e+00 1.360171e-03
5.290000e+00 1.335836e-03
5.300000e+00 1.310265e-03
5.310000e+00 1.283498e-03
5.320000e+00 1.255577e-03
5.330000e+00 1.226546e-03
5.340000e+00 1.196453e-03
5.350000e+00 1.165347e-03
5.360000e+00 1.133282e-03
5.370000e+00 1.100310e-03
5.380000e+00 1.066489e-03
5.390000e+00 1.031877e-03
5.400000e+00 9.965327e-04
5.410000e+00 9.605182e-04
5.420000e+00 9.238960e-04
5.430000e+00 8.867299e-04
5.440000e+00 8.490845e-04
5.450000e+00 8.110253e-04
5.460000e+00 7.726183e-04
5.470000e+00 7.339298e-04
5.480000e+00 6.950263e-04
5.490000e+00 6.559743e-04
5.500000e+00 6.168403e-04
5.510000e+00 5.776901e-04
5.520000e+00 5.385891e-04
5.530000e+00 4.996020e-04
5.540000e+00 4.607925e-04
5.550000e+00 4.222232e-04
5.560000e+00 3.839557e-04
5.570000e+00 3.460499e-04
5.580000e+00 3.085644e-04
5.590000e+00 2.715560e-04
5.600000e+00 2.350798e-04
5.610000e+00 1.991888e-04
5.620000e+00 1.639340e-04
5.630000e+00 1.293643e-04
5.640000e+00 9.552624e-05
5.650000e+00 6.246398e-05
5.660000e+00 3.021923e-05
5.670000e+00 -1.168880e-06
5.680000e+00 -3.166384e-05
5.690000e+00 -6.123185e-05
5.700000e+00 -8.984188e-05
5.710000e+00 -1.174657e-04
5.720000e+00 -1.440779e-04
5.730000e+00 -1.696562e-04
5.740000e+00 -1.941808e-04
5.750000e+00 -2.176353e-04
5.760000e+00 -2.400060e-04
5.770000e+00 -2.612821e-04
5.780000e+00 -2.814561e-04
5.790000e+00 -3.005229e-04
5.800000e+00 -3.184808e-04
5.810000e+00 -3.353307e-04
5.820000e+00 -3.510765e-04
5.830000e+00 -3.657246e-04
5.840000e+00 -3.792843e-04
5.850000e+00 -3.917676e-04
5.860000e+00 -4.031889e-04
5.870000e+00 -4.135652e-04
5.880000e+00 -4.229157e-04
5.890000e+00 -4.312620e-04
5.900000e+00 -4.386277e-04
5.910000e+00 -4.450385e-04
5.920000e+00 -4.505220e-04
5.930000e+00 -4.551073e-04
5.940000e+00 -4.588253e-04
5.950000e+00 -4.617082e-04
5.960000e+00 -4.637893e-04
5.970000e+00 -4.651033e-04
5.980000e+00 -4.656854e-04
5.990000e+00 -4.655719e-04
6.000000e+00 -4.647992e-04
6.010000e+00 -4.634044e-04
6.020000e+00 -4.614246e-04
6.030000e+00 -4.588967e-04
6.040000e+00 -4.558578e-04
6.050000e+00 -4.523442e-04
6.060000e+00 -4.483918e-04
6.070000e+00 -4.440358e-04
6.080000e+00 -4.393103e-04
6.090000e+00 -4.342486e-04
6.100000e+00 -4.288825e-04
6.110000e+00 -4.232427e-04
6.120000e+00 -4.173583e-04
6.130000e+00 -4.112568e-04
6.140000e+00 -4.049640e-04
6.150000e+00 -3.985039e-04
6.160000e+00 -3.918988e-04
6.170000e+00 -3.851687e-04
6.180000e+00 -3.783321e-04
6.190000e+00 -3.714053e-04
6.200000e+00 -3.644024e-04
6.210000e+00 -3.573358e-04
6.220000e+00 -3.502158e-04
6.230000e+00 -3.430507e-04
6.240000e+00 -3.358470e-04
6.250000e+00 -3.286092e-04
6.260000e+00 -3.213402e-04
6.270000e+00 -3.140411e-04
6.280000e+00 -3.067115e-04
6.290000e+00 -2.993496e-04
6.300000e+00 -2.919520e-04
6.310000e+00 -2.845144e-04
6.320000e+00 -2.770311e-04
6.330000e+00 -2.694956e-04
6.340000e+00 -2.619008e-04
6.350000e+00 -2.542385e-04
6.360000e+00 -2.465005e-04
6.370000e+00 -2.386777e-04
6.380000e+00 -2.307613e-04
6.390000e+00 -2.227421e-04
6.400000e+00 -2.146110e-04
6.410000e+00 -2.063593e-04
6.420000e+00 -1.979784e-04
6.430000e+00 -1.894602e-04
6.440000e+00 -1.807972e-04
6.450000e+00 -1.719826e-04
6.460000e+00 -1.630102e-04
6.470000e+00 -1.538748e-04
6.480000e+00 -1.445720e-04
6.490000e+00 -1.350983e-04
6.500000e+00 -1.254514e-04
6.510000e+00 -1.156298e-04
6.520000e+00 -1.056334e-04
6.530000e+00 -9.546282e-05
6.540000e+00 -8.512006e-05
6.550000e+00 -7.460812e-05
6.560000e+00 -6.393111e-05
6.570000e+00 -5.309422e-05
6.580000e+00 -4.210369e-05
6.590000e+00 -3.096680e-05
6.600000e+00 -1.969180e-05
6.610000e+00 -8.287927e-06
6.620000e+00 3.234695e-06
6.630000e+00 1.486505e-05
6.640000e+00 2.659130e-05
6.650000e+00 3.840081e-05
6.660000e+00 5.028022e-05
6.670000e+00 6.221546e-05
6.680000e+00 7.419180e-05
6.690000e+00 8.619387e-05
6.700000e+00 9.820575e-05
6.710000e+00 1.102109e-04
6.720000e+00 1.221924e-04
6.730000e+00 1.341325e-04
6.740000e+00 1.460134e-04
6.750000e+00 1.578165e-04
6.760000e+00 1.695229e-04
6.770000e+00 1.811132e-04
6.780000e+00 1.925675e-04
6.790000e+00 2.038656e-04
6.800000e+00 2.149868e-04
6.810000e+00 2.259099e-04
6.820000e+00 2.366136e-04
6.830000e+00 2.470757e-04
6.840000e+00 2.572740e-04
6.850000e+00 2.671857e-04
6.860000e+00 2.767876e-04
6.870000e+00 2.860563e-04
6.880000e+00 2.949679e-04
6.890000e+00 3.034982e-04
6.900000e+00 3.116226e-04
6.910000e+00 3.193166e-04
6.920000e+00 3.265551e-04
6.930000e+00 3.333131e-04
6.940000e+00 3.395655e-04
6.950000e+00 3.452870e-04
6.960000e+00 3.504525e-04
6.970000e+00 3.550371e-04
6.980000e+00 3.590161e-04
6.990000e+00 3.623651e-04
7.000000e+00 3.650601e-04
7.010000e+00 3.670780e-04
7.020000e+00 3.683960e-04
7.030000e+00 3.689923e-04
7.040000e+00 3.688461e-04
7.050000e+00 3.679375e-04
7.060000e+00 3.662479e-04
7.070000e+00 3.637602e-04
7.080000e+00 3.604585e-04
7.090000e+00 3.563287e-04
7.100000e+00 3.513584e-04
7.110000e+00 3.455369e-04
7.120000e+00 3.388556e-04
7.130000e+00 3.313080e-04
7.140000e+00 3.228897e-04
7.150000e+00 3.135986e-04
7.160000e+00 3.034350e-04
7.170000e+00 2.924014e-04
7.180000e+00 2.805030e-04
7.190000e+00 2.677474e-04
7.200000e+00 2.541449e-04
7.210000e+00 2.397080e-04
7.220000e+00 2.244522e-04
7.230000e+00 2.083953e-04
7.240000e+00 1.915577e-04
7.250000e+00 1.739623e-04
7.260000e+00 1.556346e-04
7.270000e+00 1.366023e-04
7.280000e+00 1.168956e-04
7.290000e+00 9.654664e-05
7.300000e+00 7.559009e-05
7.310000e+00 5.406247e-05
7.320000e+00 3.200226e-05
7.330000e+00 9.449783e-06
7.340000e+00 -1.355295e-05
7.350000e+00 -3.696235e-05
7.360000e+00 -6.073342e-05
7.370000e+00 -8.481983e-05
7.380000e+00 -1.091741e-04
7.390000e+00 -1.337478e-04
7.400000e+00 -1.584915e-04
7.410000e+00 -1.833552e-04
7.420000e+00 -2.082880e-04
7.430000e+00 -2.332390e-04
7.440000e+00 -2.581565e-04
7.450000e+00 -2.829890e-04
7.460000e+00 -3.076846e-04
7.470000e+00 -3.321917e-04
7.480000e+00 -3.564588e-04
7.490000e+00 -3.804347e-04
7.500000e+00 -4.040686e-04
7.510000e+00 -4.273103e-04
7.520000e+00 -4.501100e-04
7.530000e+00 -4.724190e-04
7.540000e+00 -4.941891e-04
7.550000e+00 -5.153732e-04
7.560000e+00 -5.359252e-04
7.570000e+00 -5.558002e-04
7.580000e+00 -5.749544e-04
7.590000e+00 -5.933455e-04
7.600000e+00 -6.109324e-04
7.610000e+00 -6.276758e-04
7.620000e+00 -6.435377e-04
7.630000e+00 -6.584820e-04
7.640000e+00 -6.724745e-04
7.650000e+00 -6.854827e-04
7.660000e+00 -6.974762e-04
7.670000e+00 -7.084269e-04
7.680000e+00 -7.183088e-04
7.690000e+00 -7.270981e-04
7.700000e+00 -7.347736e-04
7.710000e+00 -7.413168e-04
7.720000e+00 -7.467114e-04
7.730000e+00 -7.509444e-04
7.740000e+00 -7.540053e-04
7.750000e+00 -7.558865e-04
7.760000e+00 -7.565838e-04
7.770000e+00 -7.560958e-04
7.780000e+00 -7.544244e-04
7.790000e+00 -7.515746e-04
7.800000e+00 -7.475551e-04
7.810000e+00 -7.423775e-04
7.820000e+00 -7.360571e-04
7.830000e+00 -7.286124e-04
7.840000e+00 -7.200654e-04
7.850000e+00 -7.104415e-04
7.860000e+00 -6.997692e-04
7.870000e+00 -6.880807e-04
7.880000e+00 -6.754111e-04
7.890000e+00 -6.617987e-04
7.900000e+00 -6.472848e-04
7.910000e+00 -6.319138e-04
7.920000e+00 -6.157325e-04
7.930000e+00 -5.987905e-04
7.940000e+00 -5.811398e-04
7.950000e+00 -5.628344e-04
7.960000e+00 -5.439306e-04
7.970000e+00 -5.244862e-04
7.980000e+00 -5.045604e-04
7.990000e+00 -4.842140e-04
8.000000e+00 -4.635083e-04
8.010000e+00 -4.425058e-04
8.020000e+00 -4.212690e-04
8.030000e+00 -3.998607e-04
8.040000e+00 -3.783436e-04
8.050000e+00 -3.567798e-04
8.060000e+00 -3.352307e-04
8.070000e+00 -3.137569e-04
8.080000e+00 -2.924173e-04
8.090000e+00 -2.712696e-04
8.100000e+00 -2.503697e-04
8.110000e+00 -2.297712e-04
8.120000e+00 -2.095258e-04
8.130000e+00 -1.896825e-04
8.140000e+00 -1.702877e-04
8.150000e+00 -1.513853e-04
8.160000e+00 -1.330159e-04
8.170000e+00 -1.152172e-04
8.180000e+00 -9.802391e-05
8.190000e+00 -8.146738e-05
8.200000e+00 -6.557579e-05
8.210000e+00 -5.037406e-05
8.220000e+00 -3.588387e-05
8.230000e+00 -2.212365e-05
8.240000e+00 -9.108679e-06
8.250000e+00 3.148860e-06
8.260000e+00 1.463981e-05
8.270000e+00 2.535791e-05
8.280000e+00 3.529970e-05
8.290000e+00 4.446434e-05
8.300000e+00 5.285350e-05
8.310000e+00 6.047119e-05
8.320000e+00 6.732361e-05
8.330000e+00 7.341895e-05
8.340000e+00 7.876723e-05
8.350000e+00 8.338015e-05
8.360000e+00 8.727090e-05
8.370000e+00 9.045399e-05
8.380000e+00 9.294511e-05
8.390000e+00 9.476097e-05
8.400000e+00 9.591916e-05
8.410000e+00 9.643802e-05
8.420000e+00 9.633656e-05
8.430000e+00 9.563428e-05
8.440000e+00 9.435118e-05
8.450000e+00 9.250764e-05
8.460000e+00 9.012438e-05
8.470000e+00 8.722240e-05
8.480000e+00 8.382302e-05
8.490000e+00 7.994783e-05
8.500000e+00 7.561871e-05
8.510000e+00 7.085786e-05
8.520000e+00 6.568787e-05
8.530000e+00 6.013171e-05
8.540000e+00 5.421284e-05
8.550000e+00 4.795529e-05
8.560000e+00 4.138368e-05
8.570000e+00 3.452335e-05
8.580000e+00 2.740043e-05
8.590000e+00 2.004191e-05
8.600000e+00 1.247574e-05
8.610000e+00 4.730894e-06
8.620000e+00 -3.162574e-06
8.630000e+00 -1.117345e-05
8.640000e+00 -1.926931e-05
8.650000e+00 -2.741652e-05
8.660000e+00 -3.558016e-05
8.670000e+00 -4.372408e-05
8.680000e+00 -5.181088e-05
8.690000e+00 -5.980193e-05
8.700000e+00 -6.765748e-05
8.710000e+00 -7.533665e-05
8.720000e+00 -8.279763e-05
8.730000e+00 -8.999770e-05
8.740000e+00 -9.689340e-05
8.750000e+00 -1.034407e-04
8.760000e+00 -1.095953e-04
8.770000e+00 -1.153124e-04
8.780000e+00 -1.205474e-04
8.790000e+00 -1.252561e-04
8.800000e+00 -1.293944e-04
8.810000e+00 -1.329193e-04
8.820000e+00 -1.357885e-04
8.830000e+00 -1.379612e-04
8.840000e+00 -1.393979e-04
8.850000e+00 -1.400612e-04
8.860000e+00 -1.399157e-04
8.870000e+00 -1.389282e-04
8.880000e+00 -1.370684e-04
8.890000e+00 -1.343088e-04
8.900000e+00 -1.306250e-04
8.910000e+00 -1.259961e-04
8.920000e+00 -1.204047e-04
8.930000e+00 -1.138373e-04
8.940000e+00 -1.062842e-04
8.950000e+00 -9.774021e-05
8.960000e+00 -8.820404e-05
8.970000e+00 -7.767896e-05
8.980000e+00 -6.617267e-05
8.990000e+00 -5.369735e-05
9.000000e+00 -4.026971e-05
9.010000e+00 -2.591099e-05
9.020000e+00 -1.064685e-05
9.030000e+00 5.492608e-06
9.040000e+00 2.247303e-05
9.050000e+00 4.025588e-05
9.060000e+00 5.879863e-05
9.070000e+00 7.805497e-05
9.080000e+00 9.797496e-05
9.090000e+00 1.185053e-04
9.100000e+00 1.395897e-04
9.110000e+00 1.611690e-04
9.120000e+00 1.831814e-04
9.130000e+00 2.055632e-04
9.140000e+00 2.282486e-04
9.150000e+00 2.511705e-04
9.160000e+00 2.742605e-04
9.170000e+00 2.974495e-04
9.180000e+00 3.206679e-04
9.190000e+00 3.438462e-04
9.200000e+00 3.669152e-04
9.210000e+00 3.898063e-04
9.220000e+00 4.124518e-04
9.230000e+00 4.347858e-04
9.240000e+00 4.567437e-04
9.250000e+00 4.782634e-04
9.260000e+00 4.992847e-04
9.270000e+00 5.197504e-04
9.280000e+00 5.396061e-04
9.290000e+00 5.588006e-04
9.300000e+00 5.772864e-04
9.310000e+00 5.950191e-04
9.320000e+00 6.119587e-04
9.330000e+00 6.280689e-04
9.340000e+00 6.433175e-04
9.350000e+00 6.576769e-04
9.360000e+00 6.711234e-04
9.370000e+00 6.836381e-04
9.380000e+00 6.952063e-04
9.390000e+00 7.058178e-04
9.400000e+00 7.154671e-04
9.410000e+00 7.241528e-04
9.420000e+00 7.318780e-04
9.430000e+00 7.386501e-04
9.440000e+00 7.444807e-04
9.450000e+00 7.493853e-04
9.460000e+00 7.533835e-04
9.470000e+00 7.564984e-04
9.480000e+00 7.587568e-04
9.490000e+00 7.601890e-04
9.500000e+00 7.608281e-04
9.510000e+00 7.607104e-04
9.520000e+00 7.598748e-04
9.530000e+00 7.583627e-04
9.540000e+00 7.562174e-04
9.550000e+00 7.534845e-04
9.560000e+00 7.502111e-04
9.570000e+00 7.464454e-04
9.580000e+00 7.422372e-04
9.590000e+00 7.376368e-04
9.600000e+00 7.326951e-04
9.610000e+00 7.274632e-04
9.620000e+00 7.219924e-04
9.630000e+00 7.163336e-04
9.640000e+00 7.105372e-04
9.650000e+00 7.046528e-04
9.660000e+00 6.987292e-04
9.670000e+00 6.928137e-04
9.680000e+00 6.869522e-04
9.690000e+00 6.811890e-04
9.700000e+00 6.755666e-04
9.710000e+00 6.701252e-04
9.720000e+00 6.649032e-04
9.730000e+00 6.599361e-04
9.740000e+00 6.552576e-04
9.750000e+00 6.508981e-04
9.760000e+00 6.468859e-04
9.770000e+00 6.432461e-04
9.780000e+00 6.400013e-04
9.790000e+00 6.371710e-04
9.800000e+00 6.347720e-04
9.810000e+00 6.328179e-04
9.820000e+00 6.313197e-04
9.830000e+00 6.302856e-04
9.840000e+00 6.297206e-04
9.850000e+00 6.296275e-04
9.860000e+00 6.300059e-04
9.870000e+00 6.308533e-04
9.880000e+00 6.321645e-04
9.890000e+00 6.339321e-04
9.900000e+00 6.361463e-04
9.910000e+00 6.387955e-04
9.920000e+00 6.418661e-04
9.930000e+00 6.453429e-04
9.940000e+00 6.492089e-04
9.950000e+00 6.534460e-04
9.960000e+00 6.580346e-04
9.970000e+00 6.629545e-04
9.980000e+00 6.681843e-04
9.990000e+00 6.737022e-04
1.000000e+01 6.794857e-04
