# sigma2_v 5.160423264926516e+00
0.000000e+00 1.000000e+00
1.000000e-02 9.997420e-01
2.000000e-02 9.989685e-01
3.000000e-02 9.976806e-01
4.000000e-02 9.958804e-01
5.000000e-02 9.935708e-01
6.000000e-02 9.907555e-01
7.000000e-02 9.874389e-01
8.000000e-02 9.836263e-01
9.000000e-02 9.793236e-01
1.000000e-01 9.745376e-01
1.100000e-01 9.692759e-01
1.200000e-01 9.635466e-01
1.300000e-01 9.573586e-01
1.400000e-01 9.507215e-01
1.500000e-01 9.436456e-01
1.600000e-01 9.361415e-01
1.700000e-01 9.282208e-01
1.800000e-01 9.198954e-01
1.900000e-01 9.111778e-01
2.000000e-01 9.020810e-01
2.100000e-01 8.926183e-01
2.200000e-01 8.828038e-01
2.300000e-01 8.726516e-01
2.400000e-01 8.621763e-01
2.500000e-01 8.513930e-01
2.600000e-01 8.403167e-01
2.700000e-01 8.289630e-01
2.800000e-01 8.173476e-01
2.900000e-01 8.054863e-01
3.000000e-01 7.933952e-01
3.100000e-01 7.810902e-01
3.200000e-01 7.685876e-01
3.300000e-01 7.559035e-01
3.400000e-01 7.430543e-01
3.500000e-01 7.300559e-01
3.600000e-01 7.169245e-01
3.700000e-01 7.036761e-01
3.800000e-01 6.903266e-01
3.900000e-01 6.768916e-01
4.000000e-01 6.633866e-01
4.100000e-01 6.498269e-01
4.200000e-01 6.362275e-01
4.300000e-01 6.226031e-01
4.400000e-01 6.089683e-01
4.500000e-01 5.953372e-01
4.600000e-01 5.817235e-01
4.700000e-01 5.681406e-01
4.800000e-01 5.546017e-01
4.900000e-01 5.411193e-01
5.000000e-01 5.277058e-01
5.100000e-01 5.143728e-01
5.200000e-01 5.011319e-01
5.300000e-01 4.879938e-01
5.400000e-01 4.749691e-01
5.500000e-01 4.620677e-01
5.600000e-01 4.492991e-01
5.700000e-01 4.366725e-01
5.800000e-01 4.241962e-01
5.900000e-01 4.118785e-01
6.000000e-01 3.997267e-01
6.100000e-01 3.877481e-01
6.200000e-01 3.759493e-01
6.300000e-01 3.643362e-01
6.400000e-01 3.529146e-01
6.500000e-01 3.416896e-01
6.600000e-01 3.306659e-01
6.700000e-01 3.198477e-01
6.800000e-01 3.092388e-01
6.900000e-01 2.988425e-01
7.000000e-01 2.886616e-01
7.100000e-01 2.786986e-01
7.200000e-01 2.689555e-01
7.300000e-01 2.594341e-01
7.400000e-01 2.501354e-01
7.500000e-01 2.410604e-01
7.600000e-01 2.322096e-01
7.700000e-01 2.235830e-01
7.800000e-01 2.151805e-01
7.900000e-01 2.070016e-01
8.000000e-01 1.990454e-01
8.100000e-01 1.913107e-01
8.200000e-01 1.837962e-01
8.300000e-01 1.765002e-01
8.400000e-01 1.694207e-01
8.500000e-01 1.625556e-01
8.600000e-01 1.559025e-01
8.700000e-01 1.494586e-01
8.800000e-01 1.432214e-01
8.900000e-01 1.371877e-01
9.000000e-01 1.313544e-01
9.100000e-01 1.257183e-01
9.200000e-01 1.202758e-01
9.300000e-01 1.150235e-01
9.400000e-01 1.099576e-01
9.500000e-01 1.050745e-01
9.600000e-01 1.003701e-01
9.700000e-01 9.584069e-02
9.800000e-01 9.148213e-02
9.900000e-01 8.729042e-02
1.000000e+00 8.326146e-02
1.010000e+00 7.939112e-02
1.020000e+00 7.567524e-02
1.030000e+00 7.210967e-02
1.040000e+00 6.869023e-02
1.050000e+00 6.541276e-02
1.060000e+00 6.227309e-02
1.070000e+00 5.926710e-02
1.080000e+00 5.639066e-02
1.090000e+00 5.363970e-02
1.100000e+00 5.101017e-02
1.110000e+00 4.849808e-02
1.120000e+00 4.609946e-02
1.130000e+00 4.381042e-02
1.140000e+00 4.162712e-02
1.150000e+00 3.954577e-02
1.160000e+00 3.756267e-02
1.170000e+00 3.567416e-02
1.180000e+00 3.387667e-02
1.190000e+00 3.216670e-02
1.200000e+00 3.054082e-02
1.210000e+00 2.899568e-02
1.220000e+00 2.752802e-02
1.230000e+00 2.613464e-02
1.240000e+00 2.481245e-02
1.250000e+00 2.355842e-02
1.260000e+00 2.236961e-02
1.270000e+00 2.124316e-02
1.280000e+00 2.017631e-02
1.290000e+00 1.916636e-02
1.300000e+00 1.821071e-02
1.310000e+00 1.730684e-02
1.320000e+00 1.645232e-02
1.330000e+00 1.564477e-02
1.340000e+00 1.488194e-02
1.350000e+00 1.416162e-02
1.360000e+00 1.348169e-02
1.370000e+00 1.284012e-02
1.380000e+00 1.223494e-02
1.390000e+00 1.166426e-02
1.400000e+00 1.112627e-02
1.410000e+00 1.061924e-02
1.420000e+00 1.014147e-02
1.430000e+00 9.691379e-03
1.440000e+00 9.267423e-03
1.450000e+00 8.868133e-03
1.460000e+00 8.492103e-03
1.470000e+00 8.137988e-03
1.480000e+00 7.804506e-03
1.490000e+00 7.490431e-03
1.500000e+00 7.194596e-03
1.510000e+00 6.915890e-03
1.520000e+00 6.653253e-03
1.530000e+00 6.405680e-03
1.540000e+00 6.172214e-03
1.550000e+00 5.951950e-03
1.560000e+00 5.744027e-03
1.570000e+00 5.547630e-03
1.580000e+00 5.361990e-03
1.590000e+00 5.186379e-03
1.600000e+00 5.020110e-03
1.610000e+00 4.862535e-03
1.620000e+00 4.713045e-03
1.630000e+00 4.571068e-03
1.640000e+00 4.436066e-03
1.650000e+00 4.307534e-03
1.660000e+00 4.185003e-03
1.670000e+00 4.068031e-03
1.680000e+00 3.956208e-03
1.690000e+00 3.849153e-03
1.700000e+00 3.746512e-03
1.710000e+00 3.647956e-03
1.720000e+00 3.553184e-03
1.730000e+00 3.461915e-03
1.740000e+00 3.373894e-03
1.750000e+00 3.288887e-03
1.760000e+00 3.206679e-03
1.770000e+00 3.127077e-03
1.780000e+00 3.049904e-03
1.790000e+00 2.975005e-03
1.800000e+00 2.902236e-03
1.810000e+00 2.831474e-03
1.820000e+00 2.762607e-03
1.830000e+00 2.695539e-03
1.840000e+00 2.630187e-03
1.850000e+00 2.566480e-03
1.860000e+00 2.504359e-03
1.870000e+00 2.443775e-03
1.880000e+00 2.384690e-03
1.890000e+00 2.327074e-03
1.900000e+00 2.270906e-03
1.910000e+00 2.216176e-03
1.920000e+00 2.162876e-03
1.930000e+00 2.111010e-03
1.940000e+00 2.060583e-03
1.950000e+00 2.011610e-03
1.960000e+00 1.964110e-03
1.970000e+00 1.918104e-03
1.980000e+00 1.873619e-03
1.990000e+00 1.830686e-03
2.000000e+00 1.789338e-03
2.010000e+00 1.749610e-03
2.020000e+00 1.711542e-03
2.030000e+00 1.675171e-03
2.040000e+00 1.640540e-03
2.050000e+00 1.607689e-03
2.060000e+00 1.576661e-03
2.070000e+00 1.547499e-03
2.080000e+00 1.520244e-03
2.090000e+00 1.494937e-03
2.100000e+00 1.471618e-03
2.110000e+00 1.450327e-03
2.120000e+00 1.431099e-03
2.130000e+00 1.413970e-03
2.140000e+00 1.398971e-03
2.150000e+00 1.386133e-03
2.160000e+00 1.375479e-03
2.170000e+00 1.367034e-03
2.180000e+00 1.360816e-03
2.190000e+00 1.356839e-03
2.200000e+00 1.355112e-03
2.210000e+00 1.355642e-03
2.220000e+00 1.358427e-03
2.230000e+00 1.363463e-03
2.240000e+00 1.370738e-03
2.250000e+00 1.380237e-03
2.260000e+00 1.391935e-03
2.270000e+00 1.405805e-03
2.280000e+00 1.421811e-03
2.290000e+00 1.439912e-03
2.300000e+00 1.460061e-03
2.310000e+00 1.482202e-03
2.320000e+00 1.506275e-03
2.330000e+00 1.532213e-03
2.340000e+00 1.559943e-03
2.350000e+00 1.589385e-03
2.360000e+00 1.620452e-03
2.370000e+00 1.653054e-03
2.380000e+00 1.687093e-03
2.390000e+00 1.722467e-03
2.400000e+00 1.759068e-03
2.410000e+00 1.796784e-03
2.420000e+00 1.835499e-03
2.430000e+00 1.875091e-03
2.440000e+00 1.915439e-03
2.450000e+00 1.956414e-03
2.460000e+00 1.997889e-03
2.470000e+00 2.039732e-03
2.480000e+00 2.081811e-03
2.490000e+00 2.123994e-03
2.500000e+00 2.166147e-03
2.510000e+00 2.208138e-03
2.520000e+00 2.249834e-03
2.530000e+00 2.291105e-03
2.540000e+00 2.331824e-03
2.550000e+00 2.371864e-03
2.560000e+00 2.411102e-03
2.570000e+00 2.449420e-03
2.580000e+00 2.486702e-03
2.590000e+00 2.522838e-03
2.600000e+00 2.557723e-03
2.610000e+00 2.591255e-03
2.620000e+00 2.623341e-03
2.630000e+00 2.653891e-03
2.640000e+00 2.682824e-03
2.650000e+00 2.710062e-03
2.660000e+00 2.735538e-03
2.670000e+00 2.759187e-03
2.680000e+00 2.780955e-03
2.690000e+00 2.800792e-03
2.700000e+00 2.818657e-03
2.710000e+00 2.834514e-03
2.720000e+00 2.848337e-03
2.730000e+00 2.860103e-03
2.740000e+00 2.869799e-03
2.750000e+00 2.877416e-03
2.760000e+00 2.882952e-03
2.770000e+00 2.886413e-03
2.780000e+00 2.887808e-03
2.790000e+00 2.887154e-03
2.800000e+00 2.884473e-03
2.810000e+00 2.879790e-03
2.820000e+00 2.873138e-03
2.830000e+00 2.864551e-03
2.840000e+00 2.854071e-03
2.850000e+00 2.841740e-03
2.860000e+00 2.827606e-03
2.870000e+00 2.811719e-03
2.880000e+00 2.794134e-03
2.890000e+00 2.774904e-03
2.900000e+00 2.754089e-03
2.910000e+00 2.731748e-03
2.920000e+00 2.707942e-03
2.930000e+00 2.682734e-03
2.940000e+00 2.656187e-03
2.950000e+00 2.628364e-03
2.960000e+00 2.599330e-03
2.970000e+00 2.569149e-03
2.980000e+00 2.537885e-03
2.990000e+00 2.505601e-03
3.000000e+00 2.472360e-03
3.010000e+00 2.438224e-03
3.020000e+00 2.403253e-03
3.030000e+00 2.367505e-03
3.040000e+00 2.331037e-03
3.050000e+00 2.293906e-03
3.060000e+00 2.256165e-03
3.070000e+00 2.217863e-03
3.080000e+00 2.179051e-03
3.090000e+00 2.139774e-03
3.100000e+00 2.100076e-03
3.110000e+00 2.059997e-03
3.120000e+00 2.019577e-03
3.130000e+00 1.978849e-03
3.140000e+00 1.937847e-03
3.150000e+00 1.896599e-03
3.160000e+00 1.855133e-03
3.170000e+00 1.813472e-03
3.180000e+00 1.771637e-03
3.190000e+00 1.729646e-03
3.200000e+00 1.687515e-03
3.210000e+00 1.645257e-03
3.220000e+00 1.602883e-03
3.230000e+00 1.560400e-03
3.240000e+00 1.517817e-03
3.250000e+00 1.475138e-03
3.260000e+00 1.432366e-03
3.270000e+00 1.389503e-03
3.280000e+00 1.346552e-03
3.290000e+00 1.303513e-03
3.300000e+00 1.260386e-03
3.310000e+00 1.217172e-03
3.320000e+00 1.173873e-03
3.330000e+00 1.130488e-03
3.340000e+00 1.087022e-03
3.350000e+00 1.043479e-03
3.360000e+00 9.998635e-04
3.370000e+00 9.561845e-04
3.380000e+00 9.124518e-04
3.390000e+00 8.686785e-04
3.400000e+00 8.248803e-04
3.410000e+00 7.810763e-04
3.420000e+00 7.372887e-04
3.430000e+00 6.935436e-04
3.440000e+00 6.498705e-04
3.450000e+00 6.063029e-04
3.460000e+00 5.628781e-04
3.470000e+00 5.196374e-04
3.480000e+00 4.766261e-04
3.490000e+00 4.338932e-04
3.500000e+00 3.914914e-04
3.510000e+00 3.494773e-04
3.520000e+00 3.079108e-04
3.530000e+00 2.668549e-04
3.540000e+00 2.263759e-04
3.550000e+00 1.865424e-04
3.560000e+00 1.474255e-04
3.570000e+00 1.090982e-04
3.580000e+00 7.163518e-05
3.590000e+00 3.511203e-05
3.600000e+00 -3.948156e-07
3.610000e+00 -3.480875e-05
3.620000e+00 -6.805340e-05
3.630000e+00 -1.000531e-04
3.640000e+00 -1.307335e-04
3.650000e+00 -1.600219e-04
3.660000e+00 -1.878477e-04
3.670000e+00 -2.141430e-04
3.680000e+00 -2.388430e-04
3.690000e+00 -2.618865e-04
3.700000e+00 -2.832160e-04
3.710000e+00 -3.027785e-04
3.720000e+00 -3.205256e-04
3.730000e+00 -3.364138e-04
3.740000e+00 -3.504051e-04
3.750000e+00 -3.624666e-04
3.760000e+00 -3.725713e-04
3.770000e+00 -3.806980e-04
3.780000e+00 -3.868315e-04
3.790000e+00 -3.909626e-04
3.800000e+00 -3.930881e-04
3.810000e+00 -3.932110e-04
3.820000e+00 -3.913401e-04
3.830000e+00 -3.874902e-04
3.840000e+00 -3.816820e-04
3.850000e+00 -3.739417e-04
3.860000e+00 -3.643011e-04
3.870000e+00 -3.527970e-04
3.880000e+00 -3.394715e-04
3.890000e+00 -3.243711e-04
3.900000e+00 -3.075471e-04
3.910000e+00 -2.890546e-04
3.920000e+00 -2.689528e-04
3.930000e+00 -2.473044e-04
3.940000e+00 -2.241753e-04
3.950000e+00 -1.996341e-04
3.960000e+00 -1.737521e-04
3.970000e+00 -1.466030e-04
3.980000e+00 -1.182622e-04
3.990000e+00 -8.880677e-05
4.000000e+00 -5.831516e-05
4.010000e+00 -2.686682e-05
4.020000e+00 5.457982e-06
4.030000e+00 3.857849e-05
4.040000e+00 7.241366e-05
4.050000e+00 1.068824e-04
4.060000e+00 1.419036e-04
4.070000e+00 1.773968e-04
4.080000e+00 2.132818e-04
4.090000e+00 2.494790e-04
4.100000e+00 2.859099e-04
4.110000e+00 3.224968e-04
4.120000e+00 3.591629e-04
4.130000e+00 3.958327e-04
4.140000e+00 4.324320e-04
4.150000e+00 4.688878e-04
4.160000e+00 5.051286e-04
4.170000e+00 5.410845e-04
4.180000e+00 5.766869e-04
4.190000e+00 6.118690e-04
4.200000e+00 6.465655e-04
4.210000e+00 6.807132e-04
4.220000e+00 7.142503e-04
4.230000e+00 7.471170e-04
4.240000e+00 7.792555e-04
4.250000e+00 8.106099e-04
4.260000e+00 8.411264e-04
4.270000e+00 8.707533e-04
4.280000e+00 8.994409e-04
4.290000e+00 9.271421e-04
4.300000e+00 9.538120e-04
4.310000e+00 9.794079e-04
4.320000e+00 1.003890e-03
4.330000e+00 1.027221e-03
4.340000e+00 1.049366e-03
4.350000e+00 1.070292e-03
4.360000e+00 1.089972e-03
4.370000e+00 1.108379e-03
4.380000e+00 1.125489e-03
4.390000e+00 1.141283e-03
4.400000e+00 1.155744e-03
4.410000e+00 1.168858e-03
4.420000e+00 1.180616e-03
4.430000e+00 1.191010e-03
4.440000e+00 1.200037e-03
4.450000e+00 1.207697e-03
4.460000e+00 1.213994e-03
4.470000e+00 1.218936e-03
4.480000e+00 1.222534e-03
4.490000e+00 1.224801e-03
4.500000e+00 1.225758e-03
4.510000e+00 1.225425e-03
4.520000e+00 1.223828e-03
4.530000e+00 1.220998e-03
4.540000e+00 1.216965e-03
4.550000e+00 1.211768e-03
4.560000e+00 1.205445e-03
4.570000e+00 1.198041e-03
4.580000e+00 1.189601e-03
4.590000e+00 1.180175e-03
4.600000e+00 1.169816e-03
4.610000e+00 1.158580e-03
4.620000e+00 1.146525e-03
4.630000e+00 1.133712e-03
4.640000e+00 1.120205e-03
4.650000e+00 1.106071e-03
4.660000e+00 1.091376e-03
4.670000e+00 1.076190e-03
4.680000e+00 1.060586e-03
4.690000e+00 1.044636e-03
4.700000e+00 1.028414e-03
4.710000e+00 1.011994e-03
4.720000e+00 9.954534e-04
4.730000e+00 9.788669e-04
4.740000e+00 9.623108e-04
4.750000e+00 9.458609e-04
4.760000e+00 9.295925e-04
4.770000e+00 9.135799e-04
4.780000e+00 8.978966e-04
4.790000e+00 8.826145e-04
4.800000e+00 8.678037e-04
4.810000e+00 8.535325e-04
4.820000e+00 8.398666e-04
4.830000e+00 8.268694e-04
4.840000e+00 8.146010e-04
4.850000e+00 8.031186e-04
4.860000e+00 7.924759e-04
4.870000e+00 7.827229e-04
4.880000e+00 7.739055e-04
4.890000e+00 7.660657e-04
4.900000e+00 7.592409e-04
4.910000e+00 7.534640e-04
4.920000e+00 7.487632e-04
4.930000e+00 7.451619e-04
4.940000e+00 7.426784e-04
4.950000e+00 7.413260e-04
4.960000e+00 7.411128e-04
4.970000e+00 7.420418e-04
4.980000e+00 7.441106e-04
4.990000e+00 7.473119e-04
5.000000e+00 7.516329e-04
5.010000e+00 7.570558e-04
5.020000e+00 7.635579e-04
5.030000e+00 7.711115e-04
5.040000e+00 7.796840e-04
5.050000e+00 7.892383e-04
5.060000e+00 7.997327e-04
5.070000e+00 8.111214e-04
5.080000e+00 8.233543e-04
5.090000e+00 8.363778e-04
5.100000e+00 8.501342e-04
5.110000e+00 8.645630e-04
5.120000e+00 8.796002e-04
5.130000e+00 8.951792e-04
5.140000e+00 9.112307e-04
5.150000e+00 9.276832e-04
5.160000e+00 9.444633e-04
5.170000e+00 9.614958e-04
5.180000e+00 9.787042e-04
5.190000e+00 9.960106e-04
5.200000e+00 1.013337e-03
5.210000e+00 1.030603e-03
5.220000e+00 1.047731e-03
5.230000e+00 1.064640e-03
5.240000e+00 1.081251e-03
5.250000e+00 1.097486e-03
5.260000e+00 1.113266e-03
5.270000e+00 1.128515e-03
5.280000e+00 1.143156e-03
5.290000e+00 1.157116e-03
5.300000e+00 1.170320e-03
5.310000e+00 1.182699e-03
5.320000e+00 1.194184e-03
5.330000e+00 1.204708e-03
5.340000e+00 1.214206e-03
5.350000e+00 1.222618e-03
5.360000e+00 1.229885e-03
5.370000e+00 1.235951e-03
5.380000e+00 1.240764e-03
5.390000e+00 1.244276e-03
5.400000e+00 1.246441e-03
5.410000e+00 1.247218e-03
5.420000e+00 1.246570e-03
5.430000e+00 1.244464e-03
5.440000e+00 1.240870e-03
5.450000e+00 1.235765e-03
5.460000e+00 1.229129e-03
5.470000e+00 1.220948e-03
5.480000e+00 1.211210e-03
5.490000e+00 1.199912e-03
5.500000e+00 1.187055e-03
5.510000e+00 1.172643e-03
5.520000e+00 1.156689e-03
5.530000e+00 1.139209e-03
5.540000e+00 1.120225e-03
5.550000e+00 1.099765e-03
5.560000e+00 1.077863e-03
5.570000e+00 1.054557e-03
5.580000e+00 1.029892e-03
5.590000e+00 1.003918e-03
5.600000e+00 9.766897e-04
5.610000e+00 9.482675e-04
5.620000e+00 9.187167e-04
5.630000e+00 8.881074e-04
5.640000e+00 8.565143e-04
5.650000e+00 8.240163e-04
5.660000e+00 7.906962e-04
5.670000e+00 7.566406e-04
5.680000e+00 7.219394e-04
5.690000e+00 6.866852e-04
5.700000e+00 6.509734e-04
5.710000e+00 6.149012e-04
5.720000e+00 5.785676e-04
5.730000e+00 5.420728e-04
5.740000e+00 5.055174e-04
5.750000e+00 4.690024e-04
5.760000e+00 4.326285e-04
5.770000e+00 3.964955e-04
5.780000e+00 3.607019e-04
5.790000e+00 3.253447e-04
5.800000e+00 2.905182e-04
5.810000e+00 2.563143e-04
5.820000e+00 2.228217e-04
5.830000e+00 1.901254e-04
5.840000e+00 1.583066e-04
5.850000e+00 1.274421e-04
5.860000e+00 9.760391e-05
5.870000e+00 6.885929e-05
5.880000e+00 4.127015e-05
5.890000e+00 1.489295e-05
5.900000e+00 -1.022146e-05
5.910000e+00 -3.402804e-05
5.920000e+00 -5.648764e-05
5.930000e+00 -7.756706e-05
5.940000e+00 -9.723910e-05
5.950000e+00 -1.154825e-04
5.960000e+00 -1.322820e-04
5.970000e+00 -1.476280e-04
5.980000e+00 -1.615169e-04
5.990000e+00 -1.739503e-04
6.000000e+00 -1.849354e-04
6.010000e+00 -1.944846e-04
6.020000e+00 -2.026151e-04
6.030000e+00 -2.093488e-04
6.040000e+00 -2.147120e-04
6.050000e+00 -2.187353e-04
6.060000e+00 -2.214529e-04
6.070000e+00 -2.229025e-04
6.080000e+00 -2.231254e-04
6.090000e+00 -2.221654e-04
6.100000e+00 -2.200691e-04
6.110000e+00 -2.168854e-04
6.120000e+00 -2.126653e-04
6.130000e+00 -2.074615e-04
6.140000e+00 -2.013281e-04
6.150000e+00 -1.943204e-04
6.160000e+00 -1.864949e-04
6.170000e+00 -1.779087e-04
6.180000e+00 -1.686193e-04
6.190000e+00 -1.586849e-04
6.200000e+00 -1.481634e-04
6.210000e+00 -1.371131e-04
6.220000e+00 -1.255918e-04
6.230000e+00 -1.136573e-04
6.240000e+00 -1.013668e-04
6.250000e+00 -8.877705e-05
6.260000e+00 -7.594402e-05
6.270000e+00 -6.292308e-05
6.280000e+00 -4.976877e-05
6.290000e+00 -3.653471e-05
6.300000e+00 -2.327357e-05
6.310000e+00 -1.003697e-05
6.320000e+00 3.124546e-06
6.330000e+00 1.616163e-05
6.340000e+00 2.902617e-05
6.350000e+00 4.167134e-05
6.360000e+00 5.405169e-05
6.370000e+00 6.612325e-05
6.380000e+00 7.784354e-05
6.390000e+00 8.917169e-05
6.400000e+00 1.000685e-04
6.410000e+00 1.104966e-04
6.420000e+00 1.204205e-04
6.430000e+00 1.298064e-04
6.440000e+00 1.386229e-04
6.450000e+00 1.468405e-04
6.460000e+00 1.544319e-04
6.470000e+00 1.613723e-04
6.480000e+00 1.676391e-04
6.490000e+00 1.732122e-04
6.500000e+00 1.780742e-04
6.510000e+00 1.822100e-04
6.520000e+00 1.856074e-04
6.530000e+00 1.882568e-04
6.540000e+00 1.901515e-04
6.550000e+00 1.912873e-04
6.560000e+00 1.916630e-04
6.570000e+00 1.912801e-04
6.580000e+00 1.901429e-04
6.590000e+00 1.882583e-04
6.600000e+00 1.856360e-04
6.610000e+00 1.822882e-04
6.620000e+00 1.782296e-04
6.630000e+00 1.734775e-04
6.640000e+00 1.680515e-04
6.650000e+00 1.619731e-04
6.660000e+00 1.552663e-04
6.670000e+00 1.479566e-04
6.680000e+00 1.400714e-04
6.690000e+00 1.316398e-04
6.700000e+00 1.226921e-04
6.710000e+00 1.132599e-04
6.720000e+00 1.033757e-04
6.730000e+00 9.307291e-05
6.740000e+00 8.238544e-05
6.750000e+00 7.134766e-05
6.760000e+00 5.999409e-05
6.770000e+00 4.835925e-05
6.780000e+00 3.647740e-05
6.790000e+00 2.438239e-05
6.800000e+00 1.210747e-05
6.810000e+00 -3.149407e-07
6.820000e+00 -1.285341e-05
6.830000e+00 -2.547765e-05
6.840000e+00 -3.815873e-05
6.850000e+00 -5.086916e-05
6.860000e+00 -6.358308e-05
6.870000e+00 -7.627642e-05
6.880000e+00 -8.892692e-05
6.890000e+00 -1.015144e-04
6.900000e+00 -1.140206e-04
6.910000e+00 -1.264295e-04
6.920000e+00 -1.387274e-04
6.930000e+00 -1.509027e-04
6.940000e+00 -1.629463e-04
6.950000e+00 -1.748513e-04
6.960000e+00 -1.866132e-04
6.970000e+00 -1.982300e-04
6.980000e+00 -2.097019e-04
6.990000e+00 -2.210313e-04
7.000000e+00 -2.322232e-04
7.010000e+00 -2.432846e-04
7.020000e+00 -2.542247e-04
7.030000e+00 -2.650548e-04
7.040000e+00 -2.757880e-04
7.050000e+00 -2.864394e-04
7.060000e+00 -2.970258e-04
7.070000e+00 -3.075657e-04
7.080000e+00 -3.180786e-04
7.090000e+00 -3.285858e-04
7.100000e+00 -3.391094e-04
7.110000e+00 -3.496722e-04
7.120000e+00 -3.602981e-04
7.130000e+00 -3.710112e-04
7.140000e+00 -3.818358e-04
7.150000e+00 -3.927965e-04
7.160000e+00 -4.039175e-04
7.170000e+00 -4.152225e-04
7.180000e+00 -4.267346e-04
7.190000e+00 -4.384759e-04
7.200000e+00 -4.504673e-04
7.210000e+00 -4.627284e-04
7.220000e+00 -4.752770e-04
7.230000e+00 -4.881291e-04
7.240000e+00 -5.012983e-04
7.250000e+00 -5.147962e-04
7.260000e+00 -5.286316e-04
7.270000e+00 -5.428107e-04
7.280000e+00 -5.573368e-04
7.290000e+00 -5.722101e-04
7.300000e+00 -5.874275e-04
7.310000e+00 -6.029829e-04
7.320000e+00 -6.188666e-04
7.330000e+00 -6.350656e-04
7.340000e+00 -6.515633e-04
7.350000e+00 -6.683398e-04
7.360000e+00 -6.853717e-04
7.370000e+00 -7.026323e-04
7.380000e+00 -7.200916e-04
7.390000e+00 -7.377165e-04
7.400000e+00 -7.554709e-04
7.410000e+00 -7.733157e-04
7.420000e+00 -7.912094e-04
7.430000e+00 -8.091080e-04
7.440000e+00 -8.269654e-04
7.450000e+00 -8.447336e-04
7.460000e+00 -8.623630e-04
7.470000e+00 -8.798027e-04
7.480000e+00 -8.970010e-04
7.490000e+00 -9.139054e-04
7.500000e+00 -9.304630e-04
7.510000e+00 -9.466213e-04
7.520000e+00 -9.623279e-04
7.530000e+00 -9.775310e-04
7.540000e+00 -9.921802e-04
7.550000e+00 -1.006226e-03
7.560000e+00 -1.019621e-03
7.570000e+00 -1.032319e-03
7.580000e+00 -1.044278e-03
7.590000e+00 -1.055454e-03
7.600000e+00 -1.065812e-03
7.610000e+00 -1.075314e-03
7.620000e+00 -1.083928e-03
7.630000e+00 -1.091624e-03
7.640000e+00 -1.098378e-03
7.650000e+00 -1.104164e-03
7.660000e+00 -1.108964e-03
7.670000e+00 -1.112762e-03
7.680000e+00 -1.115545e-03
7.690000e+00 -1.117303e-03
7.700000e+00 -1.118029e-03
7.710000e+00 -1.117722e-03
7.720000e+00 -1.116379e-03
7.730000e+00 -1.114005e-03
7.740000e+00 -1.110603e-03
7.750000e+00 -1.106183e-03
7.760000e+00 -1.100754e-03
7.770000e+00 -1.094329e-03
7.780000e+00 -1.086922e-03
7.790000e+00 -1.078549e-03
7.800000e+00 -1.069227e-03
7.810000e+00 -1.058976e-03
7.820000e+00 -1.047815e-03
7.830000e+00 -1.035766e-03
7.840000e+00 -1.022850e-03
7.850000e+00 -1.009090e-03
7.860000e+00 -9.945075e-04
7.870000e+00 -9.791269e-04
7.880000e+00 -9.629711e-04
7.890000e+00 -9.460636e-04
7.900000e+00 -9.284279e-04
7.910000e+00 -9.100876e-04
7.920000e+00 -8.910662e-04
7.930000e+00 -8.713871e-04
7.940000e+00 -8.510736e-04
7.950000e+00 -8.301493e-04
7.960000e+00 -8.086374e-04
7.970000e+00 -7.865615e-04
7.980000e+00 -7.639453e-04
7.990000e+00 -7.408127e-04
8.000000e+00 -7.171880e-04
8.010000e+00 -6.930958e-04
8.020000e+00 -6.685614e-04
8.030000e+00 -6.436109e-04
8.040000e+00 -6.182708e-04
8.050000e+00 -5.925689e-04
8.060000e+00 -5.665339e-04
8.070000e+00 -5.401954e-04
8.080000e+00 -5.135845e-04
8.090000e+00 -4.867335e-04
8.100000e+00 -4.596761e-04
8.110000e+00 -4.324474e-04
8.120000e+00 -4.050842e-04
8.130000e+00 -3.776245e-04
8.140000e+00 -3.501083e-04
8.150000e+00 -3.225769e-04
8.160000e+00 -2.950732e-04
8.170000e+00 -2.676417e-04
8.180000e+00 -2.403284e-04
8.190000e+00 -2.131808e-04
8.200000e+00 -1.862475e-04
8.210000e+00 -1.595786e-04
8.220000e+00 -1.332254e-04
8.230000e+00 -1.072401e-04
8.240000e+00 -8.167590e-05
8.250000e+00 -5.658665e-05
8.260000e+00 -3.202685e-05
8.270000e+00 -8.051430e-06
8.280000e+00 1.528448e-05
8.290000e+00 3.792569e-05
8.300000e+00 5.981716e-05
8.310000e+00 8.090422e-05
8.320000e+00 1.011328e-04
8.330000e+00 1.204495e-04
8.340000e+00 1.388021e-04
8.350000e+00 1.561394e-04
8.360000e+00 1.724120e-04
8.370000e+00 1.875716e-04
8.380000e+00 2.015724e-04
8.390000e+00 2.143704e-04
8.400000e+00 2.259239e-04
8.410000e+00 2.361939e-04
8.420000e+00 2.451442e-04
8.430000e+00 2.527415e-04
8.440000e+00 2.589557e-04
8.450000e+00 2.637602e-04
8.460000e+00 2.671319e-04
8.470000e+00 2.690515e-04
8.480000e+00 2.695037e-04
8.490000e+00 2.684775e-04
8.500000e+00 2.659660e-04
8.510000e+00 2.619668e-04
8.520000e+00 2.564822e-04
8.530000e+00 2.495192e-04
8.540000e+00 2.410897e-04
8.550000e+00 2.312103e-04
8.560000e+00 2.199031e-04
8.570000e+00 2.071948e-04
8.580000e+00 1.931175e-04
8.590000e+00 1.777084e-04
8.600000e+00 1.610098e-04
8.610000e+00 1.430691e-04
8.620000e+00 1.239389e-04
8.630000e+00 1.036767e-04
8.640000e+00 8.234485e-05
8.650000e+00 6.001045e-05
8.660000e+00 3.674525e-05
8.670000e+00 1.262536e-05
8.680000e+00 -1.226891e-05
8.690000e+00 -3.785332e-05
8.700000e+00 -6.403995e-05
8.710000e+00 -9.073752e-05
8.720000e+00 -1.178517e-04
8.730000e+00 -1.452855e-04
8.740000e+00 -1.729395e-04
8.750000e+00 -2.007124e-04
8.760000e+00 -2.285014e-04
8.770000e+00 -2.562026e-04
8.780000e+00 -2.837114e-04
8.790000e+00 -3.109231e-04
8.800000e+00 -3.377330e-04
8.810000e+00 -3.640374e-04
8.820000e+00 -3.897336e-04
8.830000e+00 -4.147206e-04
8.840000e+00 -4.388995e-04
8.850000e+00 -4.621739e-04
8.860000e+00 -4.844505e-04
8.870000e+00 -5.056393e-04
8.880000e+00 -5.256540e-04
8.890000e+00 -5.444128e-04
8.900000e+00 -5.618382e-04
8.910000e+00 -5.778577e-04
8.920000e+00 -5.924039e-04
8.930000e+00 -6.054148e-04
8.940000e+00 -6.168344e-04
8.950000e+00 -6.266121e-04
8.960000e+00 -6.347039e-04
8.970000e+00 -6.410716e-04
8.980000e+00 -6.456835e-04
8.990000e+00 -6.485142e-04
9.000000e+00 -6.495446e-04
9.010000e+00 -6.487622e-04
9.020000e+00 -6.461606e-04
9.030000e+00 -6.417397e-04
9.040000e+00 -6.355057e-04
9.050000e+00 -6.274706e-04
9.060000e+00 -6.176524e-04
9.070000e+00 -6.060747e-04
9.080000e+00 -5.927664e-04
9.090000e+00 -5.777619e-04
9.100000e+00 -5.611003e-04
9.110000e+00 -5.428255e-04
9.120000e+00 -5.229857e-04
9.130000e+00 -5.016335e-04
9.140000e+00 -4.788250e-04
9.150000e+00 -4.546200e-04
9.160000e+00 -4.290816e-04
9.170000e+00 -4.022756e-04
9.180000e+00 -3.742707e-04
9.190000e+00 -3.451376e-04
9.200000e+00 -3.149495e-04
9.210000e+00 -2.837809e-04
9.220000e+00 -2.517081e-04
9.230000e+00 -2.188085e-04
9.240000e+00 -1.851604e-04
9.250000e+00 -1.508430e-04
9.260000e+00 -1.159358e-04
9.270000e+00 -8.051862e-05
9.280000e+00 -4.467140e-05
9.290000e+00 -8.473864e-06
9.300000e+00 2.799459e-05
9.310000e+00 6.465510e-05
9.320000e+00 1.014295e-04
9.330000e+00 1.382404e-04
9.340000e+00 1.750116e-04
9.350000e+00 2.116680e-04
9.360000e+00 2.481355e-04
9.370000e+00 2.843420e-04
9.380000e+00 3.202164e-04
9.390000e+00 3.556896e-04
9.400000e+00 3.906942e-04
9.410000e+00 4.251649e-04
9.420000e+00 4.590381e-04
9.430000e+00 4.922525e-04
9.440000e+00 5.247492e-04
9.450000e+00 5.564713e-04
9.460000e+00 5.873646e-04
9.470000e+00 6.173774e-04
9.480000e+00 6.464604e-04
9.490000e+00 6.745674e-04
9.500000e+00 7.016546e-04
9.510000e+00 7.276812e-04
9.520000e+00 7.526095e-04
9.530000e+00 7.764047e-04
9.540000e+00 7.990348e-04
9.550000e+00 8.204714e-04
9.560000e+00 8.406889e-04
9.570000e+00 8.596651e-04
9.580000e+00 8.773808e-04
9.590000e+00 8.938203e-04
9.600000e+00 9.089711e-04
9.610000e+00 9.228239e-04
9.620000e+00 9.353727e-04
9.630000e+00 9.466147e-04
9.640000e+00 9.565504e-04
9.650000e+00 9.651834e-04
9.660000e+00 9.725206e-04
9.670000e+00 9.785718e-04
9.680000e+00 9.833499e-04
9.690000e+00 9.868708e-04
9.700000e+00 9.891533e-04
9.710000e+00 9.902190e-04
9.720000e+00 9.900920e-04
9.730000e+00 9.887994e-04
9.740000e+00 9.863704e-04
9.750000e+00 9.828370e-04
9.760000e+00 9.782332e-04
9.770000e+00 9.725953e-04
9.780000e+00 9.659616e-04
9.790000e+00 9.583723e-04
9.800000e+00 9.498697e-04
9.810000e+00 9.404973e-04
9.820000e+00 9.303004e-04
9.830000e+00 9.193257e-04
9.840000e+00 9.076212e-04
9.850000e+00 8.952359e-04
9.860000e+00 8.822198e-04
9.870000e+00 8.686239e-04
9.880000e+00 8.544996e-04
9.890000e+00 8.398990e-04
9.900000e+00 8.248746e-04
9.910000e+00 8.094791e-04
9.920000e+00 7.937653e-04
9.930000e+00 7.777857e-04
9.940000e+00 7.615928e-04
9.950000e+00 7.452385e-04
9.960000e+00 7.287741e-04
9.970000e+00 7.122502e-04
9.980000e+00 6.957165e-04
9.990000e+00 6.792213e-04
1.000000e+01 6.628120e-04
