# text fof file
# logMmin 1.200000e+01 -> nfof_min 133
# boxsize 600.000000
# density total 3.960110e+05 3.960110e+05; rel difference 3.651841e-11
# nbar 1.833384e-03
1.483274e-02 13 3.298060e+04 3.352200e+04 -8.912208e+03 1.697150e+03
2.513187e-02 33 3.156961e+04 3.210395e+04 2.760832e+03 1.416370e+03
3.574650e-02 79 2.530653e+04 2.583357e+04 1.540663e+03 1.296343e+04
4.583347e-02 105 1.781932e+04 1.834302e+04 -6.559953e+03 1.270464e+03
5.486964e-02 145 1.600285e+04 1.652003e+04 -3.764338e+03 1.083241e+04
6.471857e-02 243 1.506605e+04 1.557421e+04 4.947495e+02 -2.490781e+03
7.503996e-02 313 1.161751e+04 1.212396e+04 2.030621e+03 1.384243e+03
8.485495e-02 369 9.607339e+03 1.011118e+04 1.325008e+02 3.041321e+03
9.528688e-02 571 7.934739e+03 8.436526e+03 8.470618e+02 2.428728e+01
1.059290e-01 601 6.818271e+03 7.316547e+03 -8.099403e+01 8.366516e+02
1.156806e-01 705 6.466923e+03 6.958976e+03 -1.090389e+02 5.692889e+02
1.255756e-01 883 6.327882e+03 6.811757e+03 -4.024986e+02 6.468935e+02
1.352378e-01 909 5.146723e+03 5.633038e+03 8.103602e+02 5.450974e+02
1.449493e-01 1177 4.658979e+03 5.142278e+03 -3.708751e+02 -3.637601e+01
1.550659e-01 1323 4.122844e+03 4.604636e+03 -2.918803e+02 -8.575179e+02
1.649601e-01 1453 3.758143e+03 4.237225e+03 -6.263779e+02 2.808227e+01
1.749597e-01 1701 3.424516e+03 3.901121e+03 -2.326507e+02 -4.606835e+00
1.852437e-01 1963 3.313541e+03 3.783980e+03 -8.633543e+01 2.637821e+01
1.951071e-01 1933 3.024356e+03 3.492917e+03 -1.362197e+02 -7.084178e+01
2.049888e-01 2397 2.857981e+03 3.322560e+03 -2.922202e+02 -1.113100e+02
2.151844e-01 2539 2.496531e+03 2.962431e+03 -1.462721e+01 -5.280345e+02
2.250745e-01 2694 2.370415e+03 2.832606e+03 3.777334e+01 2.080692e+02
2.350927e-01 3121 2.208281e+03 2.668015e+03 2.278964e+01 -1.576155e+02
2.451974e-01 3255 2.117909e+03 2.573332e+03 -1.156926e+02 1.078395e+02
2.550872e-01 3517 2.037363e+03 2.488455e+03 9.757220e+01 2.476311e-01
2.649947e-01 3813 1.841731e+03 2.293174e+03 1.164857e+01 1.601170e+02
2.750606e-01 4231 1.732837e+03 2.181785e+03 -1.340336e+02 1.755434e+02
2.851157e-01 4389 1.613676e+03 2.061003e+03 3.578393e+01 1.610534e+02
2.950080e-01 4717 1.580425e+03 2.022599e+03 -1.374344e+01 -5.744230e+01
3.050474e-01 5191 1.471369e+03 1.912225e+03 -6.409294e-02 8.537463e+01
3.151078e-01 5373 1.408593e+03 1.846155e+03 -2.527854e+01 9.891209e+01
3.251295e-01 5893 1.313454e+03 1.749767e+03 -3.741709e+01 -5.954998e+01
3.352591e-01 6183 1.302120e+03 1.732474e+03 -6.592495e+01 -1.108533e+01
3.451640e-01 6349 1.206428e+03 1.636404e+03 6.752188e+01 6.229741e+01
3.550965e-01 6993 1.184376e+03 1.609357e+03 -1.464097e+01 -1.342694e+01
3.649687e-01 7003 1.166194e+03 1.585988e+03 4.558863e+01 1.551897e+02
3.749450e-01 7941 1.068881e+03 1.489504e+03 -2.529516e+00 7.977057e+00
3.851630e-01 8221 1.046619e+03 1.462471e+03 2.970961e+01 -5.644407e+01
3.951752e-01 8449 1.002262e+03 1.415360e+03 5.051897e+00 1.838975e+01
4.050872e-01 8931 9.322217e+02 1.345160e+03 -1.393550e+01 4.346749e+00
4.149904e-01 9289 8.835232e+02 1.294786e+03 -5.904425e+01 -2.302461e+01
4.250484e-01 10113 8.709483e+02 1.277236e+03 2.505608e+00 5.206688e+00
4.350196e-01 10087 8.578500e+02 1.259215e+03 -1.281733e+01 -2.509299e+01
4.449689e-01 10998 8.323810e+02 1.230172e+03 -4.283838e+00 -1.659763e+01
4.550136e-01 11233 7.842083e+02 1.180999e+03 -5.234519e+00 -6.866936e+01
4.650240e-01 11991 7.597898e+02 1.153212e+03 1.555742e+00 2.156777e+00
4.750600e-01 12241 7.359124e+02 1.126018e+03 1.356366e+01 -4.003768e+00
4.850824e-01 13033 7.220088e+02 1.107634e+03 -4.952882e+00 -7.364741e+00
4.950626e-01 13227 6.881843e+02 1.072092e+03 -2.415942e+01 -1.383015e+01
5.050218e-01 13993 6.608928e+02 1.042406e+03 2.259246e+00 5.553163e+01
5.149626e-01 14301 6.503755e+02 1.027304e+03 -1.528378e+01 9.820345e+00
5.249789e-01 15355 6.023208e+02 9.801858e+02 1.788963e+00 -3.390878e+00
5.350486e-01 15585 5.957512e+02 9.686202e+02 -2.033311e+01 -7.393198e+01
5.451135e-01 16549 5.980300e+02 9.645032e+02 -1.127710e+01 -3.698920e+01
5.551181e-01 16587 5.420904e+02 9.115811e+02 -1.584709e+01 1.190343e+01
5.650424e-01 17461 5.562458e+02 9.175955e+02 -2.845752e+01 -1.157271e+01
5.750589e-01 18177 5.276873e+02 8.879950e+02 -3.023877e+01 1.131512e+01
5.850828e-01 18739 5.223868e+02 8.777258e+02 2.382881e+01 6.227671e+00
5.950416e-01 19165 5.110941e+02 8.625829e+02 1.267896e+01 2.370888e+01
6.049746e-01 20013 4.959162e+02 8.444327e+02 9.276080e+00 1.118141e+01
6.149470e-01 20587 4.784711e+02 8.245308e+02 9.031444e+00 -4.062160e+01
6.249968e-01 21657 4.618813e+02 8.054130e+02 -1.311012e+01 -1.743860e+01
6.350666e-01 22129 4.518522e+02 7.916197e+02 4.959252e+00 -3.271489e+01
6.450498e-01 22611 4.422036e+02 7.782570e+02 -5.308443e+00 -2.439153e+01
6.549912e-01 23317 4.318022e+02 7.643918e+02 -1.141219e+01 -2.824905e+00
6.649535e-01 24222 4.191516e+02 7.488341e+02 6.229578e+00 1.188886e+01
6.749660e-01 24943 4.031165e+02 7.307821e+02 -2.204156e-01 -1.666858e+01
6.850252e-01 25921 3.923188e+02 7.168155e+02 1.923741e+01 -6.297445e+01
6.950284e-01 26253 3.907505e+02 7.099969e+02 -6.497258e-01 6.202981e+00
7.049900e-01 27139 3.757704e+02 6.930916e+02 6.181588e+00 1.860889e+01
7.150256e-01 28185 3.639024e+02 6.786302e+02 -3.826799e+00 6.894063e+00
7.250860e-01 28969 3.595110e+02 6.697921e+02 -1.603274e+01 -4.301313e-03
7.350183e-01 28887 3.508178e+02 6.579000e+02 -2.754859e+00 -1.646008e+00
7.450018e-01 30937 3.343605e+02 6.404095e+02 -1.984048e+00 2.054041e+01
7.551045e-01 31341 3.218263e+02 6.258640e+02 3.450238e+00 -2.859724e+00
7.650666e-01 31555 3.290208e+02 6.256033e+02 1.584286e+01 1.836475e+01
7.750154e-01 33025 3.100347e+02 6.067372e+02 -9.101756e+00 7.290383e-01
7.850634e-01 33921 3.137354e+02 6.039214e+02 -1.226097e+01 1.511842e+01
7.950596e-01 34285 2.989660e+02 5.882758e+02 1.972943e+01 -1.552565e+01
8.050450e-01 35703 2.950885e+02 5.802558e+02 -2.771215e+00 1.603558e+01
8.150563e-01 36205 2.768822e+02 5.625290e+02 -2.967975e-01 -2.282722e+01
8.250795e-01 37485 2.809171e+02 5.600078e+02 -9.688566e-01 3.806854e+00
8.350885e-01 38047 2.775029e+02 5.524592e+02 2.333766e+00 -1.856979e+01
8.450499e-01 38913 2.707506e+02 5.427529e+02 1.715851e+01 4.510387e+00
8.550252e-01 39853 2.668479e+02 5.349970e+02 4.620122e+00 3.389328e+01
8.650455e-01 41367 2.597723e+02 5.252078e+02 -6.737045e+00 2.530999e+01
8.750680e-01 41617 2.545253e+02 5.166604e+02 6.945715e-01 9.722964e+00
8.849916e-01 42430 2.497518e+02 5.085472e+02 7.311835e+00 -9.104406e+00
8.949944e-01 44367 2.392007e+02 4.967985e+02 5.848465e+00 3.285458e+00
9.050336e-01 44569 2.367349e+02 4.902308e+02 -1.314196e+00 8.177587e+00
9.150411e-01 46089 2.346070e+02 4.839246e+02 4.661617e+00 -7.147272e+00
9.250625e-01 46819 2.264605e+02 4.739234e+02 -8.482294e+00 1.031955e+01
9.350607e-01 47793 2.311775e+02 4.718231e+02 -7.300140e+00 2.540879e+00
9.450463e-01 48697 2.153000e+02 4.573828e+02 -1.138590e+01 1.839993e+01
9.549734e-01 49443 2.090999e+02 4.489151e+02 2.421985e-01 6.436036e+00
9.649510e-01 51097 2.093922e+02 4.442829e+02 -7.986622e+00 -5.062989e+00
9.750082e-01 52453 2.039221e+02 4.362995e+02 9.618066e+00 -4.195624e+00
9.850290e-01 52947 2.018283e+02 4.303411e+02 9.511091e+00 2.731881e+00
9.950258e-01 54193 1.925905e+02 4.203976e+02 -9.629979e+00 -1.032847e+01
