# text fof file
# logMmin 1.200000e+01 -> nfof_min 133
# boxsize 600.000000
# density total 3.958170e+05 3.958170e+05; rel difference 8.414013e-12
# nbar 1.832486e-03
1.483274e-02 13 4.539056e+04 4.593105e+04 9.932851e+03 1.023457e+05
2.513187e-02 33 4.857805e+04 4.910706e+04 -7.427039e+03 1.962216e+04
3.574650e-02 79 2.538061e+04 2.590799e+04 9.165275e+03 -1.234011e+04
4.583347e-02 105 2.283046e+04 2.334803e+04 4.717661e+03 6.400207e+03
5.486964e-02 145 1.773988e+04 1.825402e+04 -1.166932e+03 1.517115e+03
6.471857e-02 243 1.594111e+04 1.644746e+04 2.911402e+03 2.875608e+03
7.503996e-02 313 1.416261e+04 1.466148e+04 -3.116394e+03 3.948808e+02
8.485495e-02 369 1.009085e+04 1.059303e+04 5.691848e+02 -1.831250e+03
9.528688e-02 571 8.870237e+03 9.367355e+03 6.990977e+01 -2.344472e+03
1.059290e-01 601 7.420735e+03 7.915505e+03 4.232936e+02 -7.189464e+02
1.156806e-01 705 6.510203e+03 7.002235e+03 -5.500625e+01 -2.105130e+02
1.255756e-01 883 5.844857e+03 6.333335e+03 -4.214343e+02 3.881945e+02
1.352378e-01 909 5.406327e+03 5.890262e+03 1.529821e+01 -4.776751e+02
1.449493e-01 1177 4.860577e+03 5.341805e+03 3.645047e+02 -1.367967e+02
1.550659e-01 1323 4.262561e+03 4.742701e+03 -7.692753e+01 3.221419e+01
1.649601e-01 1453 3.856565e+03 4.334203e+03 5.730624e+01 1.691350e+02
1.749597e-01 1701 3.394692e+03 3.872036e+03 -2.888287e+02 -1.472147e+02
1.852437e-01 1963 3.334141e+03 3.804421e+03 -2.301918e+02 -2.777433e+02
1.951071e-01 1933 3.067272e+03 3.535211e+03 1.142106e+02 1.514900e+02
2.049888e-01 2397 2.845851e+03 3.311074e+03 1.830771e+01 3.889605e+02
2.151844e-01 2539 2.496059e+03 2.962322e+03 1.171618e+02 -2.638399e+02
2.250745e-01 2694 2.384512e+03 2.846548e+03 5.724205e+00 -7.057426e+01
2.350927e-01 3121 2.333255e+03 2.789385e+03 8.669382e+01 -2.294351e+02
2.451974e-01 3255 2.115131e+03 2.570886e+03 5.733085e+01 1.238244e+02
2.550872e-01 3517 2.005804e+03 2.458322e+03 -1.524286e+02 2.017806e+02
2.649947e-01 3813 1.902545e+03 2.351854e+03 1.700935e+01 -1.313510e+02
2.750606e-01 4231 1.752887e+03 2.201202e+03 -3.908886e+01 4.023264e+01
2.851157e-01 4389 1.650823e+03 2.096733e+03 1.242691e+02 1.045322e+02
2.950080e-01 4717 1.540499e+03 1.984862e+03 2.392412e+01 8.287617e+01
3.050474e-01 5191 1.489561e+03 1.929762e+03 -6.604979e+00 8.851143e+01
3.151078e-01 5373 1.418026e+03 1.855284e+03 7.120961e+00 1.188373e+02
3.251295e-01 5893 1.323394e+03 1.759355e+03 -1.225612e+01 -8.094626e+01
3.352591e-01 6183 1.312805e+03 1.742764e+03 -3.432242e+01 2.161074e+01
3.451640e-01 6349 1.230913e+03 1.659502e+03 4.908419e+01 -1.811742e+01
3.550965e-01 6993 1.161409e+03 1.588244e+03 -2.225955e+01 2.880069e+01
3.649687e-01 7003 1.126312e+03 1.549315e+03 -8.740275e+01 -2.020205e+01
3.749450e-01 7941 1.055396e+03 1.477299e+03 -2.021302e+01 -8.270572e+01
3.851630e-01 8221 1.033214e+03 1.450386e+03 -2.351454e+01 -1.103561e+02
3.951752e-01 8449 1.005805e+03 1.418833e+03 -2.056255e+01 1.200593e+01
4.050872e-01 8931 9.488099e+02 1.360547e+03 -1.661576e+01 -7.009113e+01
4.149904e-01 9289 8.817640e+02 1.293461e+03 -8.956558e+00 -9.412899e+01
4.250484e-01 10113 8.367700e+02 1.246612e+03 3.591643e+01 -1.516581e+01
4.350196e-01 10087 8.469751e+02 1.249694e+03 -1.596129e+01 -8.846869e-01
4.449689e-01 10998 8.031575e+02 1.204313e+03 -3.385812e+01 -1.227560e+01
4.550136e-01 11233 7.981697e+02 1.193625e+03 -1.968024e+01 5.025585e+01
4.650240e-01 11991 7.645447e+02 1.157618e+03 -2.025297e+01 -1.991262e+01
4.750600e-01 12241 7.530317e+02 1.141307e+03 -2.172764e+01 -1.317108e+01
4.850824e-01 13033 7.149777e+02 1.101760e+03 1.665514e+00 5.836689e+01
4.950626e-01 13227 6.945809e+02 1.077873e+03 -1.479785e+01 -8.572353e+01
5.050218e-01 13993 6.631827e+02 1.044615e+03 -8.877421e+00 9.159423e+00
5.149626e-01 14301 6.448909e+02 1.022851e+03 3.322955e+01 3.188466e+01
5.249789e-01 15355 6.391371e+02 1.011828e+03 -3.663532e+01 -9.023014e+00
5.350486e-01 15585 6.055332e+02 9.771507e+02 -4.334414e+00 2.908167e-01
5.451135e-01 16549 5.857558e+02 9.544075e+02 4.391438e-01 -3.987151e+00
5.551181e-01 16587 5.663680e+02 9.321337e+02 -3.658474e+01 3.255923e+01
5.650424e-01 17461 5.409039e+02 9.050268e+02 -7.429026e+00 -2.864297e+00
5.750589e-01 18177 5.271824e+02 8.877552e+02 4.882119e+00 4.578352e+01
5.850828e-01 18739 5.318548e+02 8.856976e+02 2.819483e+00 3.349094e+01
5.950416e-01 19165 5.238553e+02 8.732632e+02 6.827195e+00 -1.997482e+01
6.049746e-01 20013 4.830145e+02 8.341870e+02 -8.045475e+00 9.845502e+00
6.149470e-01 20587 4.878601e+02 8.323146e+02 1.046947e+00 -1.824166e+01
6.249968e-01 21657 4.702106e+02 8.122825e+02 1.123483e+01 3.363099e+01
6.350666e-01 22129 4.562117e+02 7.952794e+02 -5.288620e-01 -2.279725e+01
6.450498e-01 22611 4.412605e+02 7.777395e+02 -6.278075e+00 3.191825e+01
6.549912e-01 23317 4.160780e+02 7.523084e+02 -5.430697e+00 9.878183e+00
6.649535e-01 24222 4.166512e+02 7.471126e+02 1.428535e+01 2.231154e+01
6.749660e-01 24943 4.017090e+02 7.298763e+02 -5.477022e+00 -3.563052e+01
6.850252e-01 25921 4.029993e+02 7.251777e+02 -3.480464e+00 2.334918e+01
6.950284e-01 26253 3.774278e+02 7.001196e+02 -1.021472e+01 -1.233517e+01
7.049900e-01 27139 3.798373e+02 6.963565e+02 9.841000e+00 -1.542349e+01
7.150256e-01 28185 3.655985e+02 6.801119e+02 -1.672565e+01 -1.307532e+01
7.250860e-01 28969 3.585956e+02 6.692951e+02 1.828908e+00 6.488065e+00
7.350183e-01 28887 3.339217e+02 6.457037e+02 -1.107438e+01 1.802709e+01
7.450018e-01 30937 3.369862e+02 6.425403e+02 1.607429e+01 3.861481e-01
7.551045e-01 31341 3.226953e+02 6.266896e+02 2.620944e+00 6.188106e+00
7.650666e-01 31555 3.183757e+02 6.182137e+02 -4.745332e+00 -1.371383e+01
7.750154e-01 33025 3.159869e+02 6.111295e+02 7.341893e+00 -3.438062e+00
7.850634e-01 33921 3.101170e+02 6.016055e+02 -1.917975e+00 3.170696e+00
7.950596e-01 34285 3.025143e+02 5.909225e+02 1.524571e+01 7.842040e+00
8.050450e-01 35703 2.976118e+02 5.821885e+02 -6.762175e+00 8.992799e+00
8.150563e-01 36205 2.928151e+02 5.735430e+02 -1.058812e+01 3.320410e+01
8.250795e-01 37485 2.819796e+02 5.609212e+02 -2.889447e+00 -2.299056e+01
8.350885e-01 38047 2.727975e+02 5.494890e+02 -4.858367e+00 -2.200699e-01
8.450499e-01 38913 2.684937e+02 5.414623e+02 1.901156e+00 1.956937e+01
8.550252e-01 39853 2.693282e+02 5.368147e+02 5.561835e+00 3.609072e+01
8.650455e-01 41367 2.534157e+02 5.212475e+02 1.566247e+01 2.050542e+01
8.750680e-01 41617 2.543637e+02 5.167355e+02 9.464855e+00 8.725753e-01
8.849916e-01 42430 2.488030e+02 5.081039e+02 -3.594523e-01 8.282261e+00
8.949944e-01 44367 2.369234e+02 4.955533e+02 3.201796e+00 2.178065e+00
9.050336e-01 44569 2.271864e+02 4.844557e+02 2.087840e+01 1.508742e+01
9.150411e-01 46089 2.340662e+02 4.837395e+02 1.860431e+01 -2.301086e+01
9.250625e-01 46819 2.293435e+02 4.758444e+02 -7.642658e+00 -1.710853e+01
9.350607e-01 47793 2.248475e+02 4.681904e+02 4.859327e+00 1.702249e+01
9.450463e-01 48697 2.191043e+02 4.598288e+02 -1.494044e+01 -1.268923e+00
9.549734e-01 49443 2.086875e+02 4.488323e+02 -4.617682e+00 1.585256e+01
9.649510e-01 51097 2.121095e+02 4.460351e+02 -4.057694e+00 1.373871e+00
9.750082e-01 52453 2.028006e+02 4.358184e+02 -1.265467e+00 9.115975e+00
9.850290e-01 52947 1.995727e+02 4.291999e+02 -1.231964e+00 -3.031922e+00
9.950258e-01 54193 1.996170e+02 4.245145e+02 -7.180481e+00 -6.532932e-01
