# text fof file
# logMmin 1.200000e+01 -> nfof_min 133
# boxsize 600.000000
# density total 3.964140e+05 3.964140e+05; rel difference 4.982320e-11
# nbar 1.835250e-03
1.483274e-02 13 3.032779e+04 3.086863e+04 -1.719100e+04 1.202611e+04
2.513187e-02 33 2.706389e+04 2.759888e+04 9.764899e+02 -1.107342e+04
3.574650e-02 79 2.461188e+04 2.513841e+04 -4.439622e+03 -1.057725e+03
4.583347e-02 105 1.852790e+04 1.905045e+04 3.491219e+03 4.273310e+03
5.486964e-02 145 1.714182e+04 1.765641e+04 -4.825426e+02 1.161914e+03
6.471857e-02 243 1.564208e+04 1.614805e+04 1.239035e+03 -1.849799e+03
7.503996e-02 313 1.171769e+04 1.222304e+04 -1.126688e+03 -2.024728e+03
8.485495e-02 369 1.028358e+04 1.078423e+04 2.615486e+02 1.333125e+03
9.528688e-02 571 7.688841e+03 8.191284e+03 -2.505181e+02 1.290725e+03
1.059290e-01 601 7.524122e+03 8.017434e+03 9.776177e+02 8.816494e+02
1.156806e-01 705 6.302731e+03 6.795312e+03 4.288098e+00 -3.385337e+02
1.255756e-01 883 6.122057e+03 6.607230e+03 -3.296848e+02 -2.304254e+02
1.352378e-01 909 5.283539e+03 5.767802e+03 -1.511034e+02 -1.183874e+02
1.449493e-01 1177 4.484304e+03 4.969250e+03 4.231075e+02 3.989434e+01
1.550659e-01 1323 4.176258e+03 4.656568e+03 1.870697e+02 -1.897503e+01
1.649601e-01 1453 3.692057e+03 4.171502e+03 -8.499113e+01 -1.588794e+02
1.749597e-01 1701 3.446632e+03 3.922312e+03 8.051231e+01 1.375346e+02
1.852437e-01 1963 3.268538e+03 3.739335e+03 -2.824446e+02 1.465052e+02
1.951071e-01 1933 2.918968e+03 3.389231e+03 2.745136e+02 -5.725896e+01
2.049888e-01 2397 2.859720e+03 3.323800e+03 -1.320746e+02 -2.736613e+02
2.151844e-01 2539 2.470433e+03 2.936575e+03 1.547312e+02 -2.884179e+02
2.250745e-01 2694 2.448737e+03 2.908123e+03 -1.430954e+02 4.326655e+01
2.350927e-01 3121 2.330279e+03 2.785738e+03 9.799666e+01 -1.829651e+02
2.451974e-01 3255 2.102791e+03 2.558243e+03 2.934705e+01 1.611605e+02
2.550872e-01 3517 1.969983e+03 2.422971e+03 9.200407e+01 5.918416e+01
2.649947e-01 3813 1.853986e+03 2.304385e+03 4.236526e+01 -6.954244e+01
2.750606e-01 4231 1.739786e+03 2.187851e+03 -1.217414e+02 -1.806581e+01
2.851157e-01 4389 1.758090e+03 2.198306e+03 -6.800578e+01 1.932125e+02
2.950080e-01 4717 1.575071e+03 2.017036e+03 -2.206519e+01 -1.473978e+02
3.050474e-01 5191 1.512942e+03 1.951151e+03 8.588342e+01 9.450544e+01
3.151078e-01 5373 1.407079e+03 1.844132e+03 1.077695e+02 1.060212e+02
3.251295e-01 5893 1.346764e+03 1.780606e+03 5.917458e+01 4.511802e+01
3.352591e-01 6183 1.285825e+03 1.716645e+03 2.795468e+00 9.373816e+00
3.451640e-01 6349 1.263934e+03 1.689627e+03 1.285879e+01 6.085913e+01
3.550965e-01 6993 1.151992e+03 1.578731e+03 6.785907e+00 -1.699345e+01
3.649687e-01 7003 1.125056e+03 1.547335e+03 -4.100242e+01 1.262118e+02
3.749450e-01 7941 1.082286e+03 1.501353e+03 -1.973978e+00 4.251914e+00
3.851630e-01 8221 1.040785e+03 1.456579e+03 3.906066e+01 -1.995609e+01
3.951752e-01 8449 9.800701e+02 1.394526e+03 -2.803956e+01 -2.433947e+01
4.050872e-01 8931 9.214910e+02 1.334901e+03 -2.808755e+01 -6.728068e+01
4.149904e-01 9289 9.058069e+02 1.314514e+03 -3.193846e+00 2.439894e+01
4.250484e-01 10113 8.991787e+02 1.302171e+03 -4.176499e+01 -5.856127e+01
4.350196e-01 10087 8.551816e+02 1.256285e+03 1.114259e+01 4.257360e+01
4.449689e-01 10998 8.067158e+02 1.206724e+03 4.454949e+01 -3.957012e+00
4.550136e-01 11233 7.881489e+02 1.183984e+03 1.252470e+01 4.214787e+01
4.650240e-01 11991 7.613226e+02 1.154073e+03 7.345238e+00 -3.279975e+01
4.750600e-01 12241 7.298909e+02 1.120230e+03 -5.287424e+00 2.812650e+01
4.850824e-01 13033 6.932585e+02 1.082049e+03 2.760907e+01 4.113816e+01
4.950626e-01 13227 6.786981e+02 1.063385e+03 5.627308e+00 -2.069919e+01
5.050218e-01 13993 6.626818e+02 1.043443e+03 -3.178546e+01 4.510971e+01
5.149626e-01 14301 6.359897e+02 1.014486e+03 -1.023905e+01 3.142287e+01
5.249789e-01 15355 6.148688e+02 9.904021e+02 -5.181228e+00 -5.148790e+01
5.350486e-01 15585 5.949319e+02 9.674440e+02 -1.217787e+01 5.167406e+01
5.451135e-01 16549 5.971597e+02 9.632968e+02 3.092921e+01 -5.819961e+01
5.551181e-01 16587 5.716068e+02 9.358598e+02 -1.314158e+00 -5.883531e+00
5.650424e-01 17461 5.422691e+02 9.054735e+02 -2.709019e+00 -5.529970e+01
5.750589e-01 18177 5.400787e+02 8.977649e+02 3.923594e+00 1.385025e+00
5.850828e-01 18739 5.159796e+02 8.719935e+02 4.149258e+00 -1.421242e+01
5.950416e-01 19165 4.976233e+02 8.511594e+02 -3.542570e+00 3.656650e+01
6.049746e-01 20013 4.923985e+02 8.411450e+02 -1.671020e+01 -2.820125e+01
6.149470e-01 20587 4.696145e+02 8.169669e+02 1.059056e+01 -4.475324e+00
6.249968e-01 21657 4.573180e+02 8.013296e+02 -1.410930e+01 6.068126e+01
6.350666e-01 22129 4.497208e+02 7.894764e+02 -2.318155e+01 2.770461e+01
6.450498e-01 22611 4.461006e+02 7.808790e+02 9.855083e+00 -1.074772e+01
6.549912e-01 23317 4.324622e+02 7.644677e+02 1.459020e+01 -2.076756e+01
6.649535e-01 24222 4.063091e+02 7.384562e+02 -2.684369e+00 -2.141355e+01
6.749660e-01 24943 4.086433e+02 7.346049e+02 4.697480e+00 1.579359e+01
6.850252e-01 25921 3.866147e+02 7.120267e+02 1.016810e+01 5.099463e+00
6.950284e-01 26253 3.814796e+02 7.025662e+02 2.962284e+01 -1.932864e+01
7.049900e-01 27139 3.797841e+02 6.957061e+02 -1.240322e+00 -1.441024e+01
7.150256e-01 28185 3.722437e+02 6.844427e+02 -2.227738e+01 4.117446e+00
7.250860e-01 28969 3.676483e+02 6.753805e+02 -1.443432e+01 2.498198e+01
7.350183e-01 28887 3.562735e+02 6.614771e+02 1.095414e+01 2.573101e+01
7.450018e-01 30937 3.349535e+02 6.404321e+02 -3.504721e+00 -1.248402e+01
7.551045e-01 31341 3.310622e+02 6.321301e+02 -4.769502e+00 3.142713e+01
7.650666e-01 31555 3.271726e+02 6.238882e+02 -3.943028e+00 1.502739e+01
7.750154e-01 33025 3.140582e+02 6.091703e+02 -1.040838e+01 2.009702e+01
7.850634e-01 33921 3.073745e+02 5.990927e+02 2.111735e+00 1.999571e+01
7.950596e-01 34285 3.013257e+02 5.895201e+02 1.519057e+01 1.434147e+01
8.050450e-01 35703 2.928394e+02 5.783143e+02 7.317995e-01 3.802048e+01
8.150563e-01 36205 2.893429e+02 5.706315e+02 -7.651563e-01 1.135209e+01
8.250795e-01 37485 2.867331e+02 5.635659e+02 3.126385e+00 1.926507e+00
8.350885e-01 38047 2.771702e+02 5.518784e+02 -7.495362e+00 9.997110e+00
8.450499e-01 38913 2.661911e+02 5.393744e+02 9.173346e+00 4.425162e+00
8.550252e-01 39853 2.686288e+02 5.358083e+02 4.397869e+00 9.746525e+00
8.650455e-01 41367 2.613773e+02 5.258893e+02 -6.309530e+00 -6.102840e+00
8.750680e-01 41617 2.544747e+02 5.162783e+02 -1.702252e+00 5.017118e+00
8.849916e-01 42430 2.460187e+02 5.058196e+02 1.430364e+01 1.660680e+01
8.949944e-01 44367 2.471397e+02 5.014557e+02 2.549519e+00 -5.458948e+00
9.050336e-01 44569 2.392311e+02 4.914228e+02 5.492147e+00 1.413265e+01
9.150411e-01 46089 2.260875e+02 4.782921e+02 2.321860e+00 3.879398e+01
9.250625e-01 46819 2.271692e+02 4.740137e+02 1.403166e+00 1.959152e+00
9.350607e-01 47793 2.228105e+02 4.664472e+02 1.618955e+00 -8.560551e-01
9.450463e-01 48697 2.152337e+02 4.570254e+02 6.978395e+00 1.550126e+00
9.549734e-01 49443 2.125644e+02 4.506436e+02 -2.054930e-01 -2.255622e+01
9.649510e-01 51097 2.134033e+02 4.463105e+02 1.870537e+01 7.264881e+00
9.750082e-01 52453 2.028156e+02 4.353457e+02 -5.877730e+00 -3.630503e+00
9.850290e-01 52947 2.043004e+02 4.314270e+02 -1.001173e+01 -1.167454e+01
9.950258e-01 54193 1.995817e+02 4.240294e+02 2.156616e-01 8.884077e+00
