# text fof file
# logMmin 1.200000e+01 -> nfof_min 133
# boxsize 600.000000
# density total 3.967250e+05 3.967250e+05; rel difference 1.424362e-11
# nbar 1.836690e-03
1.483274e-02 13 2.392517e+04 2.446658e+04 -4.745772e+03 -1.471655e+04
2.513187e-02 33 2.929511e+04 2.982873e+04 -2.787531e+03 -3.397870e+03
3.574650e-02 79 2.051148e+04 2.104101e+04 5.932467e+03 -4.653671e+01
4.583347e-02 105 1.876312e+04 1.928406e+04 -3.169896e+03 -5.419694e+03
5.486964e-02 145 1.672432e+04 1.723922e+04 -2.493863e+03 1.229776e+03
6.471857e-02 243 1.515027e+04 1.565697e+04 -1.320536e+03 -8.842289e+03
7.503996e-02 313 1.321458e+04 1.371480e+04 7.800767e+02 1.217110e+03
8.485495e-02 369 9.935804e+03 1.043741e+04 -1.058843e+02 3.389343e+02
9.528688e-02 571 8.358359e+03 8.856749e+03 -9.632720e+02 -1.198898e+03
1.059290e-01 601 7.138163e+03 7.633468e+03 1.034630e+03 -1.044081e+03
1.156806e-01 705 6.686853e+03 7.176237e+03 1.706980e+02 3.998553e+02
1.255756e-01 883 5.587474e+03 6.077026e+03 -2.624609e+02 -1.487206e+03
1.352378e-01 909 5.339573e+03 5.823029e+03 -4.174090e+02 4.028559e+02
1.449493e-01 1177 4.967975e+03 5.446645e+03 7.411555e+02 1.407092e+02
1.550659e-01 1323 4.024907e+03 4.507119e+03 -6.087780e+00 -4.300792e+02
1.649601e-01 1453 3.814661e+03 4.291869e+03 -1.450365e+02 2.887917e+02
1.749597e-01 1701 3.586047e+03 4.058985e+03 -1.207444e+02 2.649828e+01
1.852437e-01 1963 3.246671e+03 3.717478e+03 1.302967e+02 -9.611918e+01
1.951071e-01 1933 2.954885e+03 3.424011e+03 2.953085e+01 1.306231e+02
2.049888e-01 2397 2.816457e+03 3.281202e+03 3.859703e+01 -4.171505e+02
2.151844e-01 2539 2.575884e+03 3.038775e+03 -7.624328e+01 -1.411352e+02
2.250745e-01 2694 2.356347e+03 2.817999e+03 -4.846579e+01 9.611479e+01
2.350927e-01 3121 2.233928e+03 2.691945e+03 2.317859e+00 -3.631853e+02
2.451974e-01 3255 2.091964e+03 2.547306e+03 -7.895369e+01 -1.541637e+02
2.550872e-01 3517 2.006980e+03 2.458196e+03 4.169860e+01 -5.568889e+01
2.649947e-01 3813 1.774399e+03 2.227522e+03 -3.393953e+01 -9.283878e+01
2.750606e-01 4231 1.685187e+03 2.135191e+03 1.949185e+01 1.162789e+02
2.851157e-01 4389 1.623878e+03 2.069827e+03 -7.645193e+01 4.142596e+01
2.950080e-01 4717 1.586001e+03 2.027006e+03 -2.598008e+00 -1.242651e+02
3.050474e-01 5191 1.437434e+03 1.879131e+03 3.026339e+01 7.696738e+01
3.151078e-01 5373 1.448910e+03 1.883289e+03 -4.290890e+01 9.246013e+01
3.251295e-01 5893 1.374688e+03 1.806500e+03 -8.106754e+01 2.950928e+01
3.352591e-01 6183 1.263762e+03 1.695572e+03 5.518482e+01 -9.475688e+00
3.451640e-01 6349 1.224433e+03 1.652339e+03 5.099868e+01 1.127893e+02
3.550965e-01 6993 1.167095e+03 1.592434e+03 1.685051e+01 -9.235291e+01
3.649687e-01 7003 1.077246e+03 1.502678e+03 3.304404e+01 -4.237743e+00
3.749450e-01 7941 1.080720e+03 1.499526e+03 -1.374062e+01 -2.516409e+01
3.851630e-01 8221 1.048814e+03 1.463541e+03 1.766717e+01 1.973735e+01
3.951752e-01 8449 9.675986e+02 1.382748e+03 -7.599940e+01 9.387287e+01
4.050872e-01 8931 9.640734e+02 1.373285e+03 -9.784898e+01 6.871761e+00
4.149904e-01 9289 8.845494e+02 1.294860e+03 1.832220e+00 2.787218e+01
4.250484e-01 10113 8.652763e+02 1.271222e+03 1.170945e+01 6.720570e+01
4.350196e-01 10087 8.360731e+02 1.238768e+03 9.563858e+00 -6.258317e+01
4.449689e-01 10998 7.932487e+02 1.194355e+03 6.216043e+01 -1.507983e+01
4.550136e-01 11233 7.740627e+02 1.171121e+03 2.270564e+01 -2.518591e+01
4.650240e-01 11991 7.791161e+02 1.169431e+03 -1.434906e+01 5.483068e+01
4.750600e-01 12241 7.270778e+02 1.117375e+03 -2.222799e+01 1.083732e+01
4.850824e-01 13033 6.968287e+02 1.084794e+03 -6.237813e+00 3.714160e+00
4.950626e-01 13227 6.766068e+02 1.061167e+03 6.398444e+00 -4.275943e+01
5.050218e-01 13993 6.612203e+02 1.041833e+03 1.433925e+01 1.060381e+01
5.149626e-01 14301 6.459616e+02 1.022679e+03 4.709739e+01 -4.642960e+01
5.249789e-01 15355 6.158419e+02 9.909086e+02 -4.009846e+01 -1.619528e+00
5.350486e-01 15585 5.962498e+02 9.682154e+02 -4.779544e+01 -2.083526e+01
5.451135e-01 16549 5.711143e+02 9.410051e+02 -1.597500e+01 -3.090433e+01
5.551181e-01 16587 5.676993e+02 9.322123e+02 -5.866376e+00 2.227348e+01
5.650424e-01 17461 5.493083e+02 9.109794e+02 -2.584976e+01 -1.088649e+01
5.750589e-01 18177 5.370568e+02 8.949193e+02 1.951320e+01 1.142390e+01
5.850828e-01 18739 5.185507e+02 8.737677e+02 -6.475860e+00 2.286543e+01
5.950416e-01 19165 4.980533e+02 8.511748e+02 2.336035e+01 -1.465779e+01
6.049746e-01 20013 4.954751e+02 8.432830e+02 5.286740e+00 -8.508377e+00
6.149470e-01 20587 4.766912e+02 8.222974e+02 1.033504e+01 -1.171161e+01
6.249968e-01 21657 4.590705e+02 8.023760e+02 -7.833256e+00 1.071989e+01
6.350666e-01 22129 4.456196e+02 7.858984e+02 8.110312e+00 4.891556e+00
6.450498e-01 22611 4.423919e+02 7.776372e+02 -1.109544e+01 2.831114e+01
6.549912e-01 23317 4.264118e+02 7.593972e+02 -1.021867e+01 -3.262690e+00
6.649535e-01 24222 4.160600e+02 7.456819e+02 -3.391411e+00 -2.516356e+00
6.749660e-01 24943 4.007099e+02 7.281629e+02 8.529917e+00 7.760921e+00
6.850252e-01 25921 3.994482e+02 7.215181e+02 9.833101e+00 1.009597e+01
6.950284e-01 26253 3.862318e+02 7.058332e+02 -2.300907e+01 2.385865e+01
7.049900e-01 27139 3.681489e+02 6.866432e+02 -3.583042e+00 8.732752e+00
7.150256e-01 28185 3.595773e+02 6.746875e+02 -1.007604e+01 1.382036e+01
7.250860e-01 28969 3.529403e+02 6.641985e+02 6.704896e+00 2.244939e+01
7.350183e-01 28887 3.555231e+02 6.606078e+02 -7.149161e+00 3.290077e+01
7.450018e-01 30937 3.335522e+02 6.390909e+02 -2.133846e+01 1.945109e+00
7.551045e-01 31341 3.394773e+02 6.378535e+02 6.413744e+00 6.289704e+00
7.650666e-01 31555 3.297256e+02 6.254114e+02 1.289343e+01 2.826385e+01
7.750154e-01 33025 3.070071e+02 6.039039e+02 -1.237460e+01 6.133309e-01
7.850634e-01 33921 3.094352e+02 6.002247e+02 -8.787106e+00 2.365945e+01
7.950596e-01 34285 2.951962e+02 5.849684e+02 -7.471970e-01 -1.122538e+01
8.050450e-01 35703 2.991872e+02 5.823906e+02 -5.641705e+00 1.332349e+01
8.150563e-01 36205 2.924062e+02 5.724295e+02 -1.768057e+00 -8.567202e+00
8.250795e-01 37485 2.830749e+02 5.608131e+02 5.639919e+00 -1.767773e+01
8.350885e-01 38047 2.750984e+02 5.501912e+02 1.013676e+01 1.066546e+01
8.450499e-01 38913 2.643811e+02 5.378875e+02 -7.840223e-02 9.703468e+00
8.550252e-01 39853 2.613700e+02 5.307626e+02 9.509627e+00 9.676483e+00
8.650455e-01 41367 2.604448e+02 5.249913e+02 2.857582e+00 1.386732e+01
8.750680e-01 41617 2.504413e+02 5.133937e+02 -5.470887e-01 -1.167819e+00
8.849916e-01 42430 2.436939e+02 5.040594e+02 -8.921280e+00 4.071739e+00
8.949944e-01 44367 2.396798e+02 4.964690e+02 2.131312e+01 9.725813e+00
9.050336e-01 44569 2.361523e+02 4.892350e+02 -1.262281e+01 2.361638e+00
9.150411e-01 46089 2.236078e+02 4.765064e+02 -5.278847e-01 1.618485e+01
9.250625e-01 46819 2.259973e+02 4.730435e+02 2.360539e+00 3.490497e+00
9.350607e-01 47793 2.168780e+02 4.626100e+02 -2.002803e+01 2.778707e+01
9.450463e-01 48697 2.202077e+02 4.597482e+02 7.026639e+00 -1.583320e+00
9.549734e-01 49443 2.049593e+02 4.458885e+02 4.253843e+00 -1.603126e+01
9.649510e-01 51097 2.057087e+02 4.415692e+02 -4.316976e+00 8.962193e+00
9.750082e-01 52453 2.010291e+02 4.340552e+02 7.184101e+00 6.160511e+00
9.850290e-01 52947 2.001394e+02 4.288156e+02 -1.084409e+01 -2.837861e-01
9.950258e-01 54193 1.938968e+02 4.205727e+02 -1.543827e+01 2.363992e+00
