# sigma2_v 6.267651402370739e+00
0.000000e+00 1.000000e+00
1.000000e-02 9.996867e-01
2.000000e-02 9.987473e-01
3.000000e-02 9.971837e-01
4.000000e-02 9.949991e-01
5.000000e-02 9.921977e-01
6.000000e-02 9.887850e-01
7.000000e-02 9.847679e-01
8.000000e-02 9.801540e-01
9.000000e-02 9.749525e-01
1.000000e-01 9.691734e-01
1.100000e-01 9.628279e-01
1.200000e-01 9.559283e-01
1.300000e-01 9.484878e-01
1.400000e-01 9.405203e-01
1.500000e-01 9.320411e-01
1.600000e-01 9.230659e-01
1.700000e-01 9.136115e-01
1.800000e-01 9.036952e-01
1.900000e-01 8.933351e-01
2.000000e-01 8.825499e-01
2.100000e-01 8.713589e-01
2.200000e-01 8.597818e-01
2.300000e-01 8.478389e-01
2.400000e-01 8.355507e-01
2.500000e-01 8.229381e-01
2.600000e-01 8.100224e-01
2.700000e-01 7.968250e-01
2.800000e-01 7.833672e-01
2.900000e-01 7.696708e-01
3.000000e-01 7.557574e-01
3.100000e-01 7.416485e-01
3.200000e-01 7.273657e-01
3.300000e-01 7.129303e-01
3.400000e-01 6.983636e-01
3.500000e-01 6.836865e-01
3.600000e-01 6.689197e-01
3.700000e-01 6.540835e-01
3.800000e-01 6.391978e-01
3.900000e-01 6.242823e-01
4.000000e-01 6.093561e-01
4.100000e-01 5.944378e-01
4.200000e-01 5.795455e-01
4.300000e-01 5.646968e-01
4.400000e-01 5.499088e-01
4.500000e-01 5.351977e-01
4.600000e-01 5.205796e-01
4.700000e-01 5.060694e-01
4.800000e-01 4.916818e-01
4.900000e-01 4.774306e-01
5.000000e-01 4.633290e-01
5.100000e-01 4.493896e-01
5.200000e-01 4.356241e-01
5.300000e-01 4.220438e-01
5.400000e-01 4.086590e-01
5.500000e-01 3.954796e-01
5.600000e-01 3.825147e-01
5.700000e-01 3.697726e-01
5.800000e-01 3.572612e-01
5.900000e-01 3.449875e-01
6.000000e-01 3.329579e-01
6.100000e-01 3.211782e-01
6.200000e-01 3.096537e-01
6.300000e-01 2.983889e-01
6.400000e-01 2.873877e-01
6.500000e-01 2.766536e-01
6.600000e-01 2.661894e-01
6.700000e-01 2.559974e-01
6.800000e-01 2.460794e-01
6.900000e-01 2.364366e-01
7.000000e-01 2.270699e-01
7.100000e-01 2.179795e-01
7.200000e-01 2.091654e-01
7.300000e-01 2.006270e-01
7.400000e-01 1.923634e-01
7.500000e-01 1.843734e-01
7.600000e-01 1.766552e-01
7.700000e-01 1.692068e-01
7.800000e-01 1.620259e-01
7.900000e-01 1.551098e-01
8.000000e-01 1.484558e-01
8.100000e-01 1.420605e-01
8.200000e-01 1.359206e-01
8.300000e-01 1.300325e-01
8.400000e-01 1.243922e-01
8.500000e-01 1.189958e-01
8.600000e-01 1.138390e-01
8.700000e-01 1.089175e-01
8.800000e-01 1.042267e-01
8.900000e-01 9.976192e-02
9.000000e-01 9.551845e-02
9.100000e-01 9.149138e-02
9.200000e-01 8.767574e-02
9.300000e-01 8.406647e-02
9.400000e-01 8.065845e-02
9.500000e-01 7.744650e-02
9.600000e-01 7.442539e-02
9.700000e-01 7.158986e-02
9.800000e-01 6.893461e-02
9.900000e-01 6.645434e-02
1.000000e+00 6.414370e-02
1.010000e+00 6.199739e-02
1.020000e+00 6.001008e-02
1.030000e+00 5.817646e-02
1.040000e+00 5.649123e-02
1.050000e+00 5.494913e-02
1.060000e+00 5.354491e-02
1.070000e+00 5.227338e-02
1.080000e+00 5.112936e-02
1.090000e+00 5.010774e-02
1.100000e+00 4.920344e-02
1.110000e+00 4.841145e-02
1.120000e+00 4.772680e-02
1.130000e+00 4.714459e-02
1.140000e+00 4.665997e-02
1.150000e+00 4.626816e-02
1.160000e+00 4.596447e-02
1.170000e+00 4.574425e-02
1.180000e+00 4.560293e-02
1.190000e+00 4.553603e-02
1.200000e+00 4.553913e-02
1.210000e+00 4.560790e-02
1.220000e+00 4.573807e-02
1.230000e+00 4.592548e-02
1.240000e+00 4.616603e-02
1.250000e+00 4.645571e-02
1.260000e+00 4.679060e-02
1.270000e+00 4.716685e-02
1.280000e+00 4.758071e-02
1.290000e+00 4.802851e-02
1.300000e+00 4.850666e-02
1.310000e+00 4.901168e-02
1.320000e+00 4.954014e-02
1.330000e+00 5.008873e-02
1.340000e+00 5.065420e-02
1.350000e+00 5.123340e-02
1.360000e+00 5.182326e-02
1.370000e+00 5.242080e-02
1.380000e+00 5.302311e-02
1.390000e+00 5.362738e-02
1.400000e+00 5.423087e-02
1.410000e+00 5.483092e-02
1.420000e+00 5.542497e-02
1.430000e+00 5.601050e-02
1.440000e+00 5.658511e-02
1.450000e+00 5.714645e-02
1.460000e+00 5.769226e-02
1.470000e+00 5.822035e-02
1.480000e+00 5.872860e-02
1.490000e+00 5.921498e-02
1.500000e+00 5.967751e-02
1.510000e+00 6.011432e-02
1.520000e+00 6.052357e-02
1.530000e+00 6.090352e-02
1.540000e+00 6.125251e-02
1.550000e+00 6.156894e-02
1.560000e+00 6.185128e-02
1.570000e+00 6.209809e-02
1.580000e+00 6.230801e-02
1.590000e+00 6.247974e-02
1.600000e+00 6.261207e-02
1.610000e+00 6.270387e-02
1.620000e+00 6.275410e-02
1.630000e+00 6.276180e-02
1.640000e+00 6.272609e-02
1.650000e+00 6.264617e-02
1.660000e+00 6.252137e-02
1.670000e+00 6.235106e-02
1.680000e+00 6.213475e-02
1.690000e+00 6.187201e-02
1.700000e+00 6.156254e-02
1.710000e+00 6.120612e-02
1.720000e+00 6.080264e-02
1.730000e+00 6.035208e-02
1.740000e+00 5.985455e-02
1.750000e+00 5.931024e-02
1.760000e+00 5.871947e-02
1.770000e+00 5.808266e-02
1.780000e+00 5.740031e-02
1.790000e+00 5.667308e-02
1.800000e+00 5.590170e-02
1.810000e+00 5.508702e-02
1.820000e+00 5.423000e-02
1.830000e+00 5.333170e-02
1.840000e+00 5.239328e-02
1.850000e+00 5.141602e-02
1.860000e+00 5.040127e-02
1.870000e+00 4.935052e-02
1.880000e+00 4.826533e-02
1.890000e+00 4.714733e-02
1.900000e+00 4.599829e-02
1.910000e+00 4.482003e-02
1.920000e+00 4.361446e-02
1.930000e+00 4.238355e-02
1.940000e+00 4.112937e-02
1.950000e+00 3.985404e-02
1.960000e+00 3.855973e-02
1.970000e+00 3.724869e-02
1.980000e+00 3.592321e-02
1.990000e+00 3.458561e-02
2.000000e+00 3.323826e-02
2.010000e+00 3.188356e-02
2.020000e+00 3.052393e-02
2.030000e+00 2.916181e-02
2.040000e+00 2.779964e-02
2.050000e+00 2.643989e-02
2.060000e+00 2.508499e-02
2.070000e+00 2.373739e-02
2.080000e+00 2.239951e-02
2.090000e+00 2.107375e-02
2.100000e+00 1.976246e-02
2.110000e+00 1.846797e-02
2.120000e+00 1.719257e-02
2.130000e+00 1.593850e-02
2.140000e+00 1.470791e-02
2.150000e+00 1.350292e-02
2.160000e+00 1.232558e-02
2.170000e+00 1.117784e-02
2.180000e+00 1.006160e-02
2.190000e+00 8.978667e-03
2.200000e+00 7.930746e-03
2.210000e+00 6.919463e-03
2.220000e+00 5.946344e-03
2.230000e+00 5.012815e-03
2.240000e+00 4.120202e-03
2.250000e+00 3.269723e-03
2.260000e+00 2.462493e-03
2.270000e+00 1.699517e-03
2.280000e+00 9.816900e-04
2.290000e+00 3.097994e-04
2.300000e+00 -3.154794e-04
2.310000e+00 -8.935812e-04
2.320000e+00 -1.424050e-03
2.330000e+00 -1.906540e-03
2.340000e+00 -2.340813e-03
2.350000e+00 -2.726736e-03
2.360000e+00 -3.064284e-03
2.370000e+00 -3.353532e-03
2.380000e+00 -3.594658e-03
2.390000e+00 -3.787937e-03
2.400000e+00 -3.933740e-03
2.410000e+00 -4.032530e-03
2.420000e+00 -4.084861e-03
2.430000e+00 -4.091373e-03
2.440000e+00 -4.052789e-03
2.450000e+00 -3.969910e-03
2.460000e+00 -3.843616e-03
2.470000e+00 -3.674858e-03
2.480000e+00 -3.464654e-03
2.490000e+00 -3.214090e-03
2.500000e+00 -2.924310e-03
2.510000e+00 -2.596518e-03
2.520000e+00 -2.231969e-03
2.530000e+00 -1.831969e-03
2.540000e+00 -1.397869e-03
2.550000e+00 -9.310623e-04
2.560000e+00 -4.329809e-04
2.570000e+00 9.490947e-05
2.580000e+00 6.511118e-04
2.590000e+00 1.234102e-03
2.600000e+00 1.842331e-03
2.610000e+00 2.474229e-03
2.620000e+00 3.128211e-03
2.630000e+00 3.802675e-03
2.640000e+00 4.496007e-03
2.650000e+00 5.206588e-03
2.660000e+00 5.932789e-03
2.670000e+00 6.672979e-03
2.680000e+00 7.425528e-03
2.690000e+00 8.188803e-03
2.700000e+00 8.961178e-03
2.710000e+00 9.741030e-03
2.720000e+00 1.052674e-02
2.730000e+00 1.131672e-02
2.740000e+00 1.210935e-02
2.750000e+00 1.290306e-02
2.760000e+00 1.369628e-02
2.770000e+00 1.448744e-02
2.780000e+00 1.527503e-02
2.790000e+00 1.605750e-02
2.800000e+00 1.683335e-02
2.810000e+00 1.760111e-02
2.820000e+00 1.835931e-02
2.830000e+00 1.910650e-02
2.840000e+00 1.984127e-02
2.850000e+00 2.056222e-02
2.860000e+00 2.126797e-02
2.870000e+00 2.195719e-02
2.880000e+00 2.262855e-02
2.890000e+00 2.328077e-02
2.900000e+00 2.391257e-02
2.910000e+00 2.452273e-02
2.920000e+00 2.511006e-02
2.930000e+00 2.567338e-02
2.940000e+00 2.621155e-02
2.950000e+00 2.672349e-02
2.960000e+00 2.720813e-02
2.970000e+00 2.766445e-02
2.980000e+00 2.809146e-02
2.990000e+00 2.848821e-02
3.000000e+00 2.885381e-02
3.010000e+00 2.918740e-02
3.020000e+00 2.948814e-02
3.030000e+00 2.975528e-02
3.040000e+00 2.998808e-02
3.050000e+00 3.018587e-02
3.060000e+00 3.034801e-02
3.070000e+00 3.047391e-02
3.080000e+00 3.056305e-02
3.090000e+00 3.061493e-02
3.100000e+00 3.062912e-02
3.110000e+00 3.060525e-02
3.120000e+00 3.054297e-02
3.130000e+00 3.044201e-02
3.140000e+00 3.030215e-02
3.150000e+00 3.012322e-02
3.160000e+00 2.990510e-02
3.170000e+00 2.964774e-02
3.180000e+00 2.935112e-02
3.190000e+00 2.901530e-02
3.200000e+00 2.864038e-02
3.210000e+00 2.822654e-02
3.220000e+00 2.777400e-02
3.230000e+00 2.728302e-02
3.240000e+00 2.675396e-02
3.250000e+00 2.618720e-02
3.260000e+00 2.558321e-02
3.270000e+00 2.494248e-02
3.280000e+00 2.426560e-02
3.290000e+00 2.355319e-02
3.300000e+00 2.280593e-02
3.310000e+00 2.202458e-02
3.320000e+00 2.120993e-02
3.330000e+00 2.036284e-02
3.340000e+00 1.948423e-02
3.350000e+00 1.857506e-02
3.360000e+00 1.763636e-02
3.370000e+00 1.666919e-02
3.380000e+00 1.567470e-02
3.390000e+00 1.465404e-02
3.400000e+00 1.360846e-02
3.410000e+00 1.253921e-02
3.420000e+00 1.144761e-02
3.430000e+00 1.033502e-02
3.440000e+00 9.202823e-03
3.450000e+00 8.052460e-03
3.460000e+00 6.885395e-03
3.470000e+00 5.703125e-03
3.480000e+00 4.507177e-03
3.490000e+00 3.299103e-03
3.500000e+00 2.080480e-03
3.510000e+00 8.529059e-04
3.520000e+00 -3.820048e-04
3.530000e+00 -1.622622e-03
3.540000e+00 -2.867303e-03
3.550000e+00 -4.114395e-03
3.560000e+00 -5.362241e-03
3.570000e+00 -6.609176e-03
3.580000e+00 -7.853538e-03
3.590000e+00 -9.093661e-03
3.600000e+00 -1.032789e-02
3.610000e+00 -1.155456e-02
3.620000e+00 -1.277204e-02
3.630000e+00 -1.397869e-02
3.640000e+00 -1.517289e-02
3.650000e+00 -1.635303e-02
3.660000e+00 -1.751753e-02
3.670000e+00 -1.866481e-02
3.680000e+00 -1.979334e-02
3.690000e+00 -2.090160e-02
3.700000e+00 -2.198809e-02
3.710000e+00 -2.305134e-02
3.720000e+00 -2.408994e-02
3.730000e+00 -2.510247e-02
3.740000e+00 -2.608759e-02
3.750000e+00 -2.704395e-02
3.760000e+00 -2.797030e-02
3.770000e+00 -2.886538e-02
3.780000e+00 -2.972800e-02
3.790000e+00 -3.055702e-02
3.800000e+00 -3.135134e-02
3.810000e+00 -3.210992e-02
3.820000e+00 -3.283177e-02
3.830000e+00 -3.351595e-02
3.840000e+00 -3.416158e-02
3.850000e+00 -3.476786e-02
3.860000e+00 -3.533401e-02
3.870000e+00 -3.585935e-02
3.880000e+00 -3.634324e-02
3.890000e+00 -3.678512e-02
3.900000e+00 -3.718447e-02
3.910000e+00 -3.754085e-02
3.920000e+00 -3.785389e-02
3.930000e+00 -3.812329e-02
3.940000e+00 -3.834879e-02
3.950000e+00 -3.853021e-02
3.960000e+00 -3.866744e-02
3.970000e+00 -3.876043e-02
3.980000e+00 -3.880918e-02
3.990000e+00 -3.881377e-02
4.000000e+00 -3.877433e-02
4.010000e+00 -3.869105e-02
4.020000e+00 -3.856418e-02
4.030000e+00 -3.839403e-02
4.040000e+00 -3.818096e-02
4.050000e+00 -3.792539e-02
4.060000e+00 -3.762778e-02
4.070000e+00 -3.728867e-02
4.080000e+00 -3.690863e-02
4.090000e+00 -3.648827e-02
4.100000e+00 -3.602826e-02
4.110000e+00 -3.552932e-02
4.120000e+00 -3.499222e-02
4.130000e+00 -3.441775e-02
4.140000e+00 -3.380677e-02
4.150000e+00 -3.316016e-02
4.160000e+00 -3.247887e-02
4.170000e+00 -3.176387e-02
4.180000e+00 -3.101618e-02
4.190000e+00 -3.023684e-02
4.200000e+00 -2.942696e-02
4.210000e+00 -2.858766e-02
4.220000e+00 -2.772012e-02
4.230000e+00 -2.682554e-02
4.240000e+00 -2.590516e-02
4.250000e+00 -2.496025e-02
4.260000e+00 -2.399214e-02
4.270000e+00 -2.300216e-02
4.280000e+00 -2.199168e-02
4.290000e+00 -2.096211e-02
4.300000e+00 -1.991489e-02
4.310000e+00 -1.885148e-02
4.320000e+00 -1.777336e-02
4.330000e+00 -1.668206e-02
4.340000e+00 -1.557911e-02
4.350000e+00 -1.446606e-02
4.360000e+00 -1.334450e-02
4.370000e+00 -1.221603e-02
4.380000e+00 -1.108225e-02
4.390000e+00 -9.944799e-03
4.400000e+00 -8.805310e-03
4.410000e+00 -7.665431e-03
4.420000e+00 -6.526819e-03
4.430000e+00 -5.391134e-03
4.440000e+00 -4.260038e-03
4.450000e+00 -3.135195e-03
4.460000e+00 -2.018265e-03
4.470000e+00 -9.109026e-04
4.480000e+00 1.852442e-04
4.490000e+00 1.268539e-03
4.500000e+00 2.337357e-03
4.510000e+00 3.390093e-03
4.520000e+00 4.425159e-03
4.530000e+00 5.440989e-03
4.540000e+00 6.436044e-03
4.550000e+00 7.408813e-03
4.560000e+00 8.357818e-03
4.570000e+00 9.281615e-03
4.580000e+00 1.017880e-02
4.590000e+00 1.104802e-02
4.600000e+00 1.188794e-02
4.610000e+00 1.269732e-02
4.620000e+00 1.347493e-02
4.630000e+00 1.421962e-02
4.640000e+00 1.493029e-02
4.650000e+00 1.560593e-02
4.660000e+00 1.624555e-02
4.670000e+00 1.684827e-02
4.680000e+00 1.741328e-02
4.690000e+00 1.793983e-02
4.700000e+00 1.842726e-02
4.710000e+00 1.887499e-02
4.720000e+00 1.928252e-02
4.730000e+00 1.964946e-02
4.740000e+00 1.997549e-02
4.750000e+00 2.026036e-02
4.760000e+00 2.050396e-02
4.770000e+00 2.070623e-02
4.780000e+00 2.086722e-02
4.790000e+00 2.098708e-02
4.800000e+00 2.106603e-02
4.810000e+00 2.110439e-02
4.820000e+00 2.110259e-02
4.830000e+00 2.106111e-02
4.840000e+00 2.098055e-02
4.850000e+00 2.086157e-02
4.860000e+00 2.070492e-02
4.870000e+00 2.051143e-02
4.880000e+00 2.028200e-02
4.890000e+00 2.001760e-02
4.900000e+00 1.971926e-02
4.910000e+00 1.938808e-02
4.920000e+00 1.902520e-02
4.930000e+00 1.863183e-02
4.940000e+00 1.820922e-02
4.950000e+00 1.775866e-02
4.960000e+00 1.728147e-02
4.970000e+00 1.677900e-02
4.980000e+00 1.625263e-02
4.990000e+00 1.570376e-02
5.000000e+00 1.513379e-02
5.010000e+00 1.454414e-02
5.020000e+00 1.393623e-02
5.030000e+00 1.331148e-02
5.040000e+00 1.267128e-02
5.050000e+00 1.201704e-02
5.060000e+00 1.135012e-02
5.070000e+00 1.067187e-02
5.080000e+00 9.983617e-03
5.090000e+00 9.286648e-03
5.100000e+00 8.582215e-03
5.110000e+00 7.871531e-03
5.120000e+00 7.155766e-03
5.130000e+00 6.436041e-03
5.140000e+00 5.713431e-03
5.150000e+00 4.988957e-03
5.160000e+00 4.263587e-03
5.170000e+00 3.538234e-03
5.180000e+00 2.813754e-03
5.190000e+00 2.090948e-03
5.200000e+00 1.370556e-03
5.210000e+00 6.532615e-04
5.220000e+00 -6.030763e-05
5.230000e+00 -7.695817e-04
5.240000e+00 -1.474046e-03
5.250000e+00 -2.173239e-03
5.260000e+00 -2.866750e-03
5.270000e+00 -3.554221e-03
5.280000e+00 -4.235337e-03
5.290000e+00 -4.909829e-03
5.300000e+00 -5.577467e-03
5.310000e+00 -6.238060e-03
5.320000e+00 -6.891448e-03
5.330000e+00 -7.537503e-03
5.340000e+00 -8.176121e-03
5.350000e+00 -8.807219e-03
5.360000e+00 -9.430731e-03
5.370000e+00 -1.004661e-02
5.380000e+00 -1.065480e-02
5.390000e+00 -1.125527e-02
5.400000e+00 -1.184798e-02
5.410000e+00 -1.243288e-02
5.420000e+00 -1.300993e-02
5.430000e+00 -1.357906e-02
5.440000e+00 -1.414019e-02
5.450000e+00 -1.469324e-02
5.460000e+00 -1.523808e-02
5.470000e+00 -1.577458e-02
5.480000e+00 -1.630257e-02
5.490000e+00 -1.682186e-02
5.500000e+00 -1.733223e-02
5.510000e+00 -1.783342e-02
5.520000e+00 -1.832516e-02
5.530000e+00 -1.880713e-02
5.540000e+00 -1.927898e-02
5.550000e+00 -1.974033e-02
5.560000e+00 -2.019077e-02
5.570000e+00 -2.062986e-02
5.580000e+00 -2.105712e-02
5.590000e+00 -2.147206e-02
5.600000e+00 -2.187414e-02
5.610000e+00 -2.226282e-02
5.620000e+00 -2.263752e-02
5.630000e+00 -2.299765e-02
5.640000e+00 -2.334258e-02
5.650000e+00 -2.367170e-02
5.660000e+00 -2.398436e-02
5.670000e+00 -2.427992e-02
5.680000e+00 -2.455771e-02
5.690000e+00 -2.481709e-02
5.700000e+00 -2.505739e-02
5.710000e+00 -2.527796e-02
5.720000e+00 -2.547816e-02
5.730000e+00 -2.565735e-02
5.740000e+00 -2.581492e-02
5.750000e+00 -2.595026e-02
5.760000e+00 -2.606279e-02
5.770000e+00 -2.615196e-02
5.780000e+00 -2.621723e-02
5.790000e+00 -2.625813e-02
5.800000e+00 -2.627417e-02
5.810000e+00 -2.626493e-02
5.820000e+00 -2.623003e-02
5.830000e+00 -2.616912e-02
5.840000e+00 -2.608190e-02
5.850000e+00 -2.596812e-02
5.860000e+00 -2.582756e-02
5.870000e+00 -2.566007e-02
5.880000e+00 -2.546554e-02
5.890000e+00 -2.524391e-02
5.900000e+00 -2.499519e-02
5.910000e+00 -2.471943e-02
5.920000e+00 -2.441673e-02
5.930000e+00 -2.408726e-02
5.940000e+00 -2.373122e-02
5.950000e+00 -2.334890e-02
5.960000e+00 -2.294060e-02
5.970000e+00 -2.250672e-02
5.980000e+00 -2.204766e-02
5.990000e+00 -2.156393e-02
6.000000e+00 -2.105603e-02
6.010000e+00 -2.052456e-02
6.020000e+00 -1.997014e-02
6.030000e+00 -1.939343e-02
6.040000e+00 -1.879515e-02
6.050000e+00 -1.817606e-02
6.060000e+00 -1.753696e-02
6.070000e+00 -1.687869e-02
6.080000e+00 -1.620210e-02
6.090000e+00 -1.550813e-02
6.100000e+00 -1.479771e-02
6.110000e+00 -1.407181e-02
6.120000e+00 -1.333144e-02
6.130000e+00 -1.257764e-02
6.140000e+00 -1.181147e-02
6.150000e+00 -1.103402e-02
6.160000e+00 -1.024639e-02
6.170000e+00 -9.449731e-03
6.180000e+00 -8.645195e-03
6.190000e+00 -7.833961e-03
6.200000e+00 -7.017225e-03
6.210000e+00 -6.196202e-03
6.220000e+00 -5.372123e-03
6.230000e+00 -4.546235e-03
6.240000e+00 -3.719796e-03
6.250000e+00 -2.894079e-03
6.260000e+00 -2.070364e-03
6.270000e+00 -1.249944e-03
6.280000e+00 -4.341160e-04
6.290000e+00 3.758175e-04
6.300000e+00 1.178550e-03
6.310000e+00 1.972775e-03
6.320000e+00 2.757187e-03
6.330000e+00 3.530484e-03
6.340000e+00 4.291370e-03
6.350000e+00 5.038559e-03
6.360000e+00 5.770777e-03
6.370000e+00 6.486763e-03
6.380000e+00 7.185276e-03
6.390000e+00 7.865097e-03
6.400000e+00 8.525029e-03
6.410000e+00 9.163905e-03
6.420000e+00 9.780588e-03
6.430000e+00 1.037398e-02
6.440000e+00 1.094301e-02
6.450000e+00 1.148667e-02
6.460000e+00 1.200398e-02
6.470000e+00 1.249402e-02
6.480000e+00 1.295591e-02
6.490000e+00 1.338883e-02
6.500000e+00 1.379204e-02
6.510000e+00 1.416484e-02
6.520000e+00 1.450660e-02
6.530000e+00 1.481676e-02
6.540000e+00 1.509483e-02
6.550000e+00 1.534041e-02
6.560000e+00 1.555315e-02
6.570000e+00 1.573280e-02
6.580000e+00 1.587917e-02
6.590000e+00 1.599216e-02
6.600000e+00 1.607176e-02
6.610000e+00 1.611804e-02
6.620000e+00 1.613114e-02
6.630000e+00 1.611129e-02
6.640000e+00 1.605881e-02
6.650000e+00 1.597410e-02
6.660000e+00 1.585764e-02
6.670000e+00 1.570999e-02
6.680000e+00 1.553178e-02
6.690000e+00 1.532373e-02
6.700000e+00 1.508663e-02
6.710000e+00 1.482132e-02
6.720000e+00 1.452875e-02
6.730000e+00 1.420989e-02
6.740000e+00 1.386580e-02
6.750000e+00 1.349759e-02
6.760000e+00 1.310640e-02
6.770000e+00 1.269345e-02
6.780000e+00 1.225998e-02
6.790000e+00 1.180727e-02
6.800000e+00 1.133663e-02
6.810000e+00 1.084942e-02
6.820000e+00 1.034698e-02
6.830000e+00 9.830699e-03
6.840000e+00 9.301956e-03
6.850000e+00 8.762144e-03
6.860000e+00 8.212649e-03
6.870000e+00 7.654853e-03
6.880000e+00 7.090125e-03
6.890000e+00 6.519817e-03
6.900000e+00 5.945256e-03
6.910000e+00 5.367745e-03
6.920000e+00 4.788553e-03
6.930000e+00 4.208914e-03
6.940000e+00 3.630023e-03
6.950000e+00 3.053030e-03
6.960000e+00 2.479039e-03
6.970000e+00 1.909104e-03
6.980000e+00 1.344226e-03
6.990000e+00 7.853543e-04
7.000000e+00 2.333787e-04
7.010000e+00 -3.108671e-04
7.020000e+00 -8.466086e-04
7.030000e+00 -1.373131e-03
7.040000e+00 -1.889779e-03
7.050000e+00 -2.395958e-03
7.060000e+00 -2.891132e-03
7.070000e+00 -3.374825e-03
7.080000e+00 -3.846617e-03
7.090000e+00 -4.306147e-03
7.100000e+00 -4.753107e-03
7.110000e+00 -5.187243e-03
7.120000e+00 -5.608351e-03
7.130000e+00 -6.016277e-03
7.140000e+00 -6.410912e-03
7.150000e+00 -6.792190e-03
7.160000e+00 -7.160085e-03
7.170000e+00 -7.514607e-03
7.180000e+00 -7.855800e-03
7.190000e+00 -8.183740e-03
7.200000e+00 -8.498526e-03
7.210000e+00 -8.800281e-03
7.220000e+00 -9.089148e-03
7.230000e+00 -9.365282e-03
7.240000e+00 -9.628854e-03
7.250000e+00 -9.880038e-03
7.260000e+00 -1.011901e-02
7.270000e+00 -1.034596e-02
7.280000e+00 -1.056105e-02
7.290000e+00 -1.076446e-02
7.300000e+00 -1.095635e-02
7.310000e+00 -1.113685e-02
7.320000e+00 -1.130610e-02
7.330000e+00 -1.146421e-02
7.340000e+00 -1.161127e-02
7.350000e+00 -1.174733e-02
7.360000e+00 -1.187245e-02
7.370000e+00 -1.198663e-02
7.380000e+00 -1.208986e-02
7.390000e+00 -1.218210e-02
7.400000e+00 -1.226328e-02
7.410000e+00 -1.233330e-02
7.420000e+00 -1.239204e-02
7.430000e+00 -1.243935e-02
7.440000e+00 -1.247504e-02
7.450000e+00 -1.249894e-02
7.460000e+00 -1.251081e-02
7.470000e+00 -1.251043e-02
7.480000e+00 -1.249754e-02
7.490000e+00 -1.247189e-02
7.500000e+00 -1.243321e-02
7.510000e+00 -1.238124e-02
7.520000e+00 -1.231570e-02
7.530000e+00 -1.223634e-02
7.540000e+00 -1.214290e-02
7.550000e+00 -1.203514e-02
7.560000e+00 -1.191285e-02
7.570000e+00 -1.177583e-02
7.580000e+00 -1.162392e-02
7.590000e+00 -1.145698e-02
7.600000e+00 -1.127491e-02
7.610000e+00 -1.107766e-02
7.620000e+00 -1.086521e-02
7.630000e+00 -1.063760e-02
7.640000e+00 -1.039491e-02
7.650000e+00 -1.013728e-02
7.660000e+00 -9.864916e-03
7.670000e+00 -9.578057e-03
7.680000e+00 -9.277021e-03
7.690000e+00 -8.962182e-03
7.700000e+00 -8.633976e-03
7.710000e+00 -8.292901e-03
7.720000e+00 -7.939520e-03
7.730000e+00 -7.574456e-03
7.740000e+00 -7.198397e-03
7.750000e+00 -6.812090e-03
7.760000e+00 -6.416343e-03
7.770000e+00 -6.012024e-03
7.780000e+00 -5.600057e-03
7.790000e+00 -5.181419e-03
7.800000e+00 -4.757144e-03
7.810000e+00 -4.328313e-03
7.820000e+00 -3.896055e-03
7.830000e+00 -3.461546e-03
7.840000e+00 -3.026000e-03
7.850000e+00 -2.590672e-03
7.860000e+00 -2.156851e-03
7.870000e+00 -1.725859e-03
7.880000e+00 -1.299043e-03
7.890000e+00 -8.777769e-04
7.900000e+00 -4.634534e-04
7.910000e+00 -5.748161e-05
7.920000e+00 3.387175e-04
7.930000e+00 7.237150e-04
7.940000e+00 1.096079e-03
7.950000e+00 1.454377e-03
7.960000e+00 1.797184e-03
7.970000e+00 2.123085e-03
7.980000e+00 2.430677e-03
7.990000e+00 2.718581e-03
8.000000e+00 2.985438e-03
8.010000e+00 3.229920e-03
8.020000e+00 3.450734e-03
8.030000e+00 3.646624e-03
8.040000e+00 3.816377e-03
8.050000e+00 3.958830e-03
8.060000e+00 4.072872e-03
8.070000e+00 4.157451e-03
8.080000e+00 4.211576e-03
8.090000e+00 4.234322e-03
8.100000e+00 4.224836e-03
8.110000e+00 4.182339e-03
8.120000e+00 4.106131e-03
8.130000e+00 3.995596e-03
8.140000e+00 3.850201e-03
8.150000e+00 3.669505e-03
8.160000e+00 3.453157e-03
8.170000e+00 3.200901e-03
8.180000e+00 2.912579e-03
8.190000e+00 2.588131e-03
8.200000e+00 2.227597e-03
8.210000e+00 1.831122e-03
8.220000e+00 1.398953e-03
8.230000e+00 9.314391e-04
8.240000e+00 4.290372e-04
8.250000e+00 -1.076925e-04
8.260000e+00 -6.780847e-04
8.270000e+00 -1.281370e-03
8.280000e+00 -1.916674e-03
8.290000e+00 -2.583023e-03
8.300000e+00 -3.279338e-03
8.310000e+00 -4.004443e-03
8.320000e+00 -4.757063e-03
8.330000e+00 -5.535827e-03
8.340000e+00 -6.339273e-03
8.350000e+00 -7.165845e-03
8.360000e+00 -8.013903e-03
8.370000e+00 -8.881720e-03
8.380000e+00 -9.767490e-03
8.390000e+00 -1.066933e-02
8.400000e+00 -1.158528e-02
8.410000e+00 -1.251332e-02
8.420000e+00 -1.345135e-02
8.430000e+00 -1.439724e-02
8.440000e+00 -1.534877e-02
8.450000e+00 -1.630371e-02
8.460000e+00 -1.725975e-02
8.470000e+00 -1.821457e-02
8.480000e+00 -1.916580e-02
8.490000e+00 -2.011108e-02
8.500000e+00 -2.104798e-02
8.510000e+00 -2.197412e-02
8.520000e+00 -2.288706e-02
8.530000e+00 -2.378441e-02
8.540000e+00 -2.466377e-02
8.550000e+00 -2.552276e-02
8.560000e+00 -2.635902e-02
8.570000e+00 -2.717026e-02
8.580000e+00 -2.795419e-02
8.590000e+00 -2.870859e-02
8.600000e+00 -2.943131e-02
8.610000e+00 -3.012024e-02
8.620000e+00 -3.077336e-02
8.630000e+00 -3.138874e-02
8.640000e+00 -3.196452e-02
8.650000e+00 -3.249894e-02
8.660000e+00 -3.299036e-02
8.670000e+00 -3.343723e-02
8.680000e+00 -3.383811e-02
8.690000e+00 -3.419171e-02
8.700000e+00 -3.449684e-02
8.710000e+00 -3.475245e-02
8.720000e+00 -3.495764e-02
8.730000e+00 -3.511163e-02
8.740000e+00 -3.521380e-02
8.750000e+00 -3.526366e-02
8.760000e+00 -3.526090e-02
8.770000e+00 -3.520534e-02
8.780000e+00 -3.509695e-02
8.790000e+00 -3.493588e-02
8.800000e+00 -3.472241e-02
8.810000e+00 -3.445699e-02
8.820000e+00 -3.414022e-02
8.830000e+00 -3.377287e-02
8.840000e+00 -3.335584e-02
8.850000e+00 -3.289018e-02
8.860000e+00 -3.237710e-02
8.870000e+00 -3.181795e-02
8.880000e+00 -3.121422e-02
8.890000e+00 -3.056753e-02
8.900000e+00 -2.987962e-02
8.910000e+00 -2.915236e-02
8.920000e+00 -2.838776e-02
8.930000e+00 -2.758789e-02
8.940000e+00 -2.675496e-02
8.950000e+00 -2.589127e-02
8.960000e+00 -2.499918e-02
8.970000e+00 -2.408116e-02
8.980000e+00 -2.313972e-02
8.990000e+00 -2.217745e-02
9.000000e+00 -2.119695e-02
9.010000e+00 -2.020091e-02
9.020000e+00 -1.919201e-02
9.030000e+00 -1.817295e-02
9.040000e+00 -1.714645e-02
9.050000e+00 -1.611522e-02
9.060000e+00 -1.508193e-02
9.070000e+00 -1.404927e-02
9.080000e+00 -1.301986e-02
9.090000e+00 -1.199627e-02
9.100000e+00 -1.098104e-02
9.110000e+00 -9.976612e-03
9.120000e+00 -8.985374e-03
9.130000e+00 -8.009619e-03
9.140000e+00 -7.051545e-03
9.150000e+00 -6.113251e-03
9.160000e+00 -5.196725e-03
9.170000e+00 -4.303838e-03
9.180000e+00 -3.436337e-03
9.190000e+00 -2.595844e-03
9.200000e+00 -1.783842e-03
9.210000e+00 -1.001680e-03
9.220000e+00 -2.505648e-04
9.230000e+00 4.684429e-04
9.240000e+00 1.154428e-03
9.250000e+00 1.806622e-03
9.260000e+00 2.424408e-03
9.270000e+00 3.007315e-03
9.280000e+00 3.555020e-03
9.290000e+00 4.067350e-03
9.300000e+00 4.544271e-03
9.310000e+00 4.985895e-03
9.320000e+00 5.392470e-03
9.330000e+00 5.764379e-03
9.340000e+00 6.102137e-03
9.350000e+00 6.406380e-03
9.360000e+00 6.677867e-03
9.370000e+00 6.917469e-03
9.380000e+00 7.126165e-03
9.390000e+00 7.305034e-03
9.400000e+00 7.455248e-03
9.410000e+00 7.578066e-03
9.420000e+00 7.674825e-03
9.430000e+00 7.746932e-03
9.440000e+00 7.795858e-03
9.450000e+00 7.823124e-03
9.460000e+00 7.830300e-03
9.470000e+00 7.818992e-03
9.480000e+00 7.790833e-03
9.490000e+00 7.747477e-03
9.500000e+00 7.690589e-03
9.510000e+00 7.621833e-03
9.520000e+00 7.542872e-03
9.530000e+00 7.455349e-03
9.540000e+00 7.360889e-03
9.550000e+00 7.261082e-03
9.560000e+00 7.157480e-03
9.570000e+00 7.051592e-03
9.580000e+00 6.944868e-03
9.590000e+00 6.838702e-03
9.600000e+00 6.734420e-03
9.610000e+00 6.633272e-03
9.620000e+00 6.536434e-03
9.630000e+00 6.444995e-03
9.640000e+00 6.359956e-03
9.650000e+00 6.282227e-03
9.660000e+00 6.212619e-03
9.670000e+00 6.151848e-03
9.680000e+00 6.100524e-03
9.690000e+00 6.059157e-03
9.700000e+00 6.028150e-03
9.710000e+00 6.007801e-03
9.720000e+00 5.998305e-03
9.730000e+00 5.999750e-03
9.740000e+00 6.012120e-03
9.750000e+00 6.035297e-03
9.760000e+00 6.069065e-03
9.770000e+00 6.113109e-03
9.780000e+00 6.167021e-03
9.790000e+00 6.230302e-03
9.800000e+00 6.302366e-03
9.810000e+00 6.382549e-03
9.820000e+00 6.470106e-03
9.830000e+00 6.564224e-03
9.840000e+00 6.664022e-03
9.850000e+00 6.768560e-03
9.860000e+00 6.876843e-03
9.870000e+00 6.987831e-03
9.880000e+00 7.100440e-03
9.890000e+00 7.213552e-03
9.900000e+00 7.326022e-03
9.910000e+00 7.436683e-03
9.920000e+00 7.544353e-03
9.930000e+00 7.647842e-03
9.940000e+00 7.745959e-03
9.950000e+00 7.837520e-03
9.960000e+00 7.921351e-03
9.970000e+00 7.996296e-03
9.980000e+00 8.061224e-03
9.990000e+00 8.115036e-03
1.000000e+01 8.156667e-03
