# sigma2_v 9.058945309911936e+00
0.000000e+00 1.000000e+00
1.000000e-02 9.995472e-01
2.000000e-02 9.981900e-01
3.000000e-02 9.959325e-01
4.000000e-02 9.927813e-01
5.000000e-02 9.887456e-01
6.000000e-02 9.838374e-01
7.000000e-02 9.780707e-01
8.000000e-02 9.714624e-01
9.000000e-02 9.640314e-01
1.000000e-01 9.557989e-01
1.100000e-01 9.467883e-01
1.200000e-01 9.370248e-01
1.300000e-01 9.265355e-01
1.400000e-01 9.153493e-01
1.500000e-01 9.034964e-01
1.600000e-01 8.910087e-01
1.700000e-01 8.779190e-01
1.800000e-01 8.642614e-01
1.900000e-01 8.500710e-01
2.000000e-01 8.353833e-01
2.100000e-01 8.202348e-01
2.200000e-01 8.046621e-01
2.300000e-01 7.887023e-01
2.400000e-01 7.723925e-01
2.500000e-01 7.557699e-01
2.600000e-01 7.388714e-01
2.700000e-01 7.217338e-01
2.800000e-01 7.043932e-01
2.900000e-01 6.868855e-01
3.000000e-01 6.692455e-01
3.100000e-01 6.515077e-01
3.200000e-01 6.337055e-01
3.300000e-01 6.158714e-01
3.400000e-01 5.980368e-01
3.500000e-01 5.802321e-01
3.600000e-01 5.624865e-01
3.700000e-01 5.448281e-01
3.800000e-01 5.272836e-01
3.900000e-01 5.098785e-01
4.000000e-01 4.926368e-01
4.100000e-01 4.755814e-01
4.200000e-01 4.587337e-01
4.300000e-01 4.421138e-01
4.400000e-01 4.257402e-01
4.500000e-01 4.096304e-01
4.600000e-01 3.938003e-01
4.700000e-01 3.782645e-01
4.800000e-01 3.630362e-01
4.900000e-01 3.481274e-01
5.000000e-01 3.335487e-01
5.100000e-01 3.193097e-01
5.200000e-01 3.054186e-01
5.300000e-01 2.918822e-01
5.400000e-01 2.787067e-01
5.500000e-01 2.658966e-01
5.600000e-01 2.534558e-01
5.700000e-01 2.413870e-01
5.800000e-01 2.296919e-01
5.900000e-01 2.183713e-01
6.000000e-01 2.074251e-01
6.100000e-01 1.968524e-01
6.200000e-01 1.866516e-01
6.300000e-01 1.768201e-01
6.400000e-01 1.673549e-01
6.500000e-01 1.582521e-01
6.600000e-01 1.495074e-01
6.700000e-01 1.411157e-01
6.800000e-01 1.330717e-01
6.900000e-01 1.253693e-01
7.000000e-01 1.180022e-01
7.100000e-01 1.109636e-01
7.200000e-01 1.042463e-01
7.300000e-01 9.784299e-02
7.400000e-01 9.174586e-02
7.500000e-01 8.594697e-02
7.600000e-01 8.043816e-02
7.700000e-01 7.521108e-02
7.800000e-01 7.025727e-02
7.900000e-01 6.556813e-02
8.000000e-01 6.113501e-02
8.100000e-01 5.694918e-02
8.200000e-01 5.300192e-02
8.300000e-01 4.928449e-02
8.400000e-01 4.578817e-02
8.500000e-01 4.250429e-02
8.600000e-01 3.942428e-02
8.700000e-01 3.653960e-02
8.800000e-01 3.384187e-02
8.900000e-01 3.132280e-02
9.000000e-01 2.897424e-02
9.100000e-01 2.678820e-02
9.200000e-01 2.475686e-02
9.300000e-01 2.287255e-02
9.400000e-01 2.112779e-02
9.500000e-01 1.951532e-02
9.600000e-01 1.802804e-02
9.700000e-01 1.665907e-02
9.800000e-01 1.540175e-02
9.900000e-01 1.424961e-02
1.000000e+00 1.319642e-02
1.010000e+00 1.223615e-02
1.020000e+00 1.136299e-02
1.030000e+00 1.057135e-02
1.040000e+00 9.855865e-03
1.050000e+00 9.211378e-03
1.060000e+00 8.632949e-03
1.070000e+00 8.115851e-03
1.080000e+00 7.655566e-03
1.090000e+00 7.247782e-03
1.100000e+00 6.888393e-03
1.110000e+00 6.573489e-03
1.120000e+00 6.299356e-03
1.130000e+00 6.062473e-03
1.140000e+00 5.859504e-03
1.150000e+00 5.687297e-03
1.160000e+00 5.542875e-03
1.170000e+00 5.423437e-03
1.180000e+00 5.326345e-03
1.190000e+00 5.249129e-03
1.200000e+00 5.189474e-03
1.210000e+00 5.145216e-03
1.220000e+00 5.114341e-03
1.230000e+00 5.094973e-03
1.240000e+00 5.085376e-03
1.250000e+00 5.083941e-03
1.260000e+00 5.089187e-03
1.270000e+00 5.099751e-03
1.280000e+00 5.114383e-03
1.290000e+00 5.131945e-03
1.300000e+00 5.151397e-03
1.310000e+00 5.171800e-03
1.320000e+00 5.192306e-03
1.330000e+00 5.212154e-03
1.340000e+00 5.230662e-03
1.350000e+00 5.247229e-03
1.360000e+00 5.261323e-03
1.370000e+00 5.272480e-03
1.380000e+00 5.280298e-03
1.390000e+00 5.284435e-03
1.400000e+00 5.284602e-03
1.410000e+00 5.280562e-03
1.420000e+00 5.272124e-03
1.430000e+00 5.259143e-03
1.440000e+00 5.241514e-03
1.450000e+00 5.219168e-03
1.460000e+00 5.192074e-03
1.470000e+00 5.160233e-03
1.480000e+00 5.123677e-03
1.490000e+00 5.082464e-03
1.500000e+00 5.036680e-03
1.510000e+00 4.986434e-03
1.520000e+00 4.931858e-03
1.530000e+00 4.873103e-03
1.540000e+00 4.810338e-03
1.550000e+00 4.743749e-03
1.560000e+00 4.673536e-03
1.570000e+00 4.599910e-03
1.580000e+00 4.523094e-03
1.590000e+00 4.443320e-03
1.600000e+00 4.360825e-03
1.610000e+00 4.275852e-03
1.620000e+00 4.188647e-03
1.630000e+00 4.099456e-03
1.640000e+00 4.008526e-03
1.650000e+00 3.916100e-03
1.660000e+00 3.822419e-03
1.670000e+00 3.727718e-03
1.680000e+00 3.632222e-03
1.690000e+00 3.536153e-03
1.700000e+00 3.439721e-03
1.710000e+00 3.343125e-03
1.720000e+00 3.246555e-03
1.730000e+00 3.150187e-03
1.740000e+00 3.054186e-03
1.750000e+00 2.958704e-03
1.760000e+00 2.863882e-03
1.770000e+00 2.769844e-03
1.780000e+00 2.676705e-03
1.790000e+00 2.584566e-03
1.800000e+00 2.493515e-03
1.810000e+00 2.403629e-03
1.820000e+00 2.314974e-03
1.830000e+00 2.227604e-03
1.840000e+00 2.141564e-03
1.850000e+00 2.056890e-03
1.860000e+00 1.973608e-03
1.870000e+00 1.891737e-03
1.880000e+00 1.811287e-03
1.890000e+00 1.732265e-03
1.900000e+00 1.654670e-03
1.910000e+00 1.578497e-03
1.920000e+00 1.503735e-03
1.930000e+00 1.430372e-03
1.940000e+00 1.358392e-03
1.950000e+00 1.287777e-03
1.960000e+00 1.218509e-03
1.970000e+00 1.150565e-03
1.980000e+00 1.083927e-03
1.990000e+00 1.018573e-03
2.000000e+00 9.544831e-04
2.010000e+00 8.916391e-04
2.020000e+00 8.300236e-04
2.030000e+00 7.696207e-04
2.040000e+00 7.104170e-04
2.050000e+00 6.524009e-04
2.060000e+00 5.955635e-04
2.070000e+00 5.398980e-04
2.080000e+00 4.854003e-04
2.090000e+00 4.320683e-04
2.100000e+00 3.799024e-04
2.110000e+00 3.289048e-04
2.120000e+00 2.790796e-04
2.130000e+00 2.304324e-04
2.140000e+00 1.829697e-04
2.150000e+00 1.366990e-04
2.160000e+00 9.162807e-05
2.170000e+00 4.776468e-05
2.180000e+00 5.116286e-06
2.190000e+00 -3.631037e-05
2.200000e+00 -7.650954e-05
2.210000e+00 -1.154767e-04
2.220000e+00 -1.532086e-04
2.230000e+00 -1.897037e-04
2.240000e+00 -2.249617e-04
2.250000e+00 -2.589837e-04
2.260000e+00 -2.917721e-04
2.270000e+00 -3.233300e-04
2.280000e+00 -3.536614e-04
2.290000e+00 -3.827699e-04
2.300000e+00 -4.106592e-04
2.310000e+00 -4.373316e-04
2.320000e+00 -4.627884e-04
2.330000e+00 -4.870283e-04
2.340000e+00 -5.100478e-04
2.350000e+00 -5.318401e-04
2.360000e+00 -5.523950e-04
2.370000e+00 -5.716984e-04
2.380000e+00 -5.897321e-04
2.390000e+00 -6.064740e-04
2.400000e+00 -6.218978e-04
2.410000e+00 -6.359736e-04
2.420000e+00 -6.486682e-04
2.430000e+00 -6.599457e-04
2.440000e+00 -6.697683e-04
2.450000e+00 -6.780972e-04
2.460000e+00 -6.848938e-04
2.470000e+00 -6.901208e-04
2.480000e+00 -6.937437e-04
2.490000e+00 -6.957317e-04
2.500000e+00 -6.960596e-04
2.510000e+00 -6.947090e-04
2.520000e+00 -6.916696e-04
2.530000e+00 -6.869403e-04
2.540000e+00 -6.805308e-04
2.550000e+00 -6.724621e-04
2.560000e+00 -6.627675e-04
2.570000e+00 -6.514932e-04
2.580000e+00 -6.386985e-04
2.590000e+00 -6.244559e-04
2.600000e+00 -6.088511e-04
2.610000e+00 -5.919821e-04
2.620000e+00 -5.739591e-04
2.630000e+00 -5.549029e-04
2.640000e+00 -5.349441e-04
2.650000e+00 -5.142215e-04
2.660000e+00 -4.928805e-04
2.670000e+00 -4.710713e-04
2.680000e+00 -4.489474e-04
2.690000e+00 -4.266632e-04
2.700000e+00 -4.043724e-04
2.710000e+00 -3.822257e-04
2.720000e+00 -3.603697e-04
2.730000e+00 -3.389443e-04
2.740000e+00 -3.180814e-04
2.750000e+00 -2.979039e-04
2.760000e+00 -2.785237e-04
2.770000e+00 -2.600412e-04
2.780000e+00 -2.425443e-04
2.790000e+00 -2.261079e-04
2.800000e+00 -2.107938e-04
2.810000e+00 -1.966500e-04
2.820000e+00 -1.837117e-04
2.830000e+00 -1.720011e-04
2.840000e+00 -1.615283e-04
2.850000e+00 -1.522917e-04
2.860000e+00 -1.442793e-04
2.870000e+00 -1.374695e-04
2.880000e+00 -1.318325e-04
2.890000e+00 -1.273309e-04
2.900000e+00 -1.239215e-04
2.910000e+00 -1.215563e-04
2.920000e+00 -1.201839e-04
2.930000e+00 -1.197500e-04
2.940000e+00 -1.201996e-04
2.950000e+00 -1.214769e-04
2.960000e+00 -1.235271e-04
2.970000e+00 -1.262970e-04
2.980000e+00 -1.297352e-04
2.990000e+00 -1.337936e-04
3.000000e+00 -1.384274e-04
3.010000e+00 -1.435956e-04
3.020000e+00 -1.492613e-04
3.030000e+00 -1.553919e-04
3.040000e+00 -1.619594e-04
3.050000e+00 -1.689403e-04
3.060000e+00 -1.763155e-04
3.070000e+00 -1.840704e-04
3.080000e+00 -1.921943e-04
3.090000e+00 -2.006809e-04
3.100000e+00 -2.095273e-04
3.110000e+00 -2.187341e-04
3.120000e+00 -2.283048e-04
3.130000e+00 -2.382458e-04
3.140000e+00 -2.485655e-04
3.150000e+00 -2.592741e-04
3.160000e+00 -2.703831e-04
3.170000e+00 -2.819047e-04
3.180000e+00 -2.938516e-04
3.190000e+00 -3.062360e-04
3.200000e+00 -3.190695e-04
3.210000e+00 -3.323624e-04
3.220000e+00 -3.461234e-04
3.230000e+00 -3.603589e-04
3.240000e+00 -3.750727e-04
3.250000e+00 -3.902655e-04
3.260000e+00 -4.059349e-04
3.270000e+00 -4.220748e-04
3.280000e+00 -4.386754e-04
3.290000e+00 -4.557228e-04
3.300000e+00 -4.731995e-04
3.310000e+00 -4.910840e-04
3.320000e+00 -5.093512e-04
3.330000e+00 -5.279725e-04
3.340000e+00 -5.469161e-04
3.350000e+00 -5.661476e-04
3.360000e+00 -5.856301e-04
3.370000e+00 -6.053250e-04
3.380000e+00 -6.251923e-04
3.390000e+00 -6.451915e-04
3.400000e+00 -6.652816e-04
3.410000e+00 -6.854220e-04
3.420000e+00 -7.055727e-04
3.430000e+00 -7.256951e-04
3.440000e+00 -7.457519e-04
3.450000e+00 -7.657073e-04
3.460000e+00 -7.855278e-04
3.470000e+00 -8.051811e-04
3.480000e+00 -8.246369e-04
3.490000e+00 -8.438663e-04
3.500000e+00 -8.628413e-04
3.510000e+00 -8.815346e-04
3.520000e+00 -8.999186e-04
3.530000e+00 -9.179653e-04
3.540000e+00 -9.356451e-04
3.550000e+00 -9.529261e-04
3.560000e+00 -9.697736e-04
3.570000e+00 -9.861489e-04
3.580000e+00 -1.002009e-03
3.590000e+00 -1.017305e-03
3.600000e+00 -1.031984e-03
3.610000e+00 -1.045985e-03
3.620000e+00 -1.059242e-03
3.630000e+00 -1.071681e-03
3.640000e+00 -1.083223e-03
3.650000e+00 -1.093782e-03
3.660000e+00 -1.103266e-03
3.670000e+00 -1.111579e-03
3.680000e+00 -1.118620e-03
3.690000e+00 -1.124284e-03
3.700000e+00 -1.128466e-03
3.710000e+00 -1.131057e-03
3.720000e+00 -1.131951e-03
3.730000e+00 -1.131045e-03
3.740000e+00 -1.128238e-03
3.750000e+00 -1.123434e-03
3.760000e+00 -1.116546e-03
3.770000e+00 -1.107493e-03
3.780000e+00 -1.096205e-03
3.790000e+00 -1.082623e-03
3.800000e+00 -1.066702e-03
3.810000e+00 -1.048407e-03
3.820000e+00 -1.027721e-03
3.830000e+00 -1.004638e-03
3.840000e+00 -9.791720e-04
3.850000e+00 -9.513490e-04
3.860000e+00 -9.212126e-04
3.870000e+00 -8.888216e-04
3.880000e+00 -8.542503e-04
3.890000e+00 -8.175880e-04
3.900000e+00 -7.789380e-04
3.910000e+00 -7.384173e-04
3.920000e+00 -6.961552e-04
3.930000e+00 -6.522925e-04
3.940000e+00 -6.069804e-04
3.950000e+00 -5.603791e-04
3.960000e+00 -5.126566e-04
3.970000e+00 -4.639876e-04
3.980000e+00 -4.145518e-04
3.990000e+00 -3.645326e-04
4.000000e+00 -3.141161e-04
4.010000e+00 -2.634894e-04
4.020000e+00 -2.128393e-04
4.030000e+00 -1.623512e-04
4.040000e+00 -1.122077e-04
4.050000e+00 -6.258736e-05
4.060000e+00 -1.366349e-05
4.070000e+00 3.439681e-05
4.080000e+00 8.143386e-05
4.090000e+00 1.272964e-04
4.100000e+00 1.718423e-04
4.110000e+00 2.149399e-04
4.120000e+00 2.564681e-04
4.130000e+00 2.963176e-04
4.140000e+00 3.343911e-04
4.150000e+00 3.706038e-04
4.160000e+00 4.048837e-04
4.170000e+00 4.371718e-04
4.180000e+00 4.674222e-04
4.190000e+00 4.956019e-04
4.200000e+00 5.216902e-04
4.210000e+00 5.456790e-04
4.220000e+00 5.675717e-04
4.230000e+00 5.873826e-04
4.240000e+00 6.051364e-04
4.250000e+00 6.208669e-04
4.260000e+00 6.346164e-04
4.270000e+00 6.464345e-04
4.280000e+00 6.563770e-04
4.290000e+00 6.645049e-04
4.300000e+00 6.708832e-04
4.310000e+00 6.755802e-04
4.320000e+00 6.786664e-04
4.330000e+00 6.802137e-04
4.340000e+00 6.802944e-04
4.350000e+00 6.789811e-04
4.360000e+00 6.763463e-04
4.370000e+00 6.724615e-04
4.380000e+00 6.673979e-04
4.390000e+00 6.612261e-04
4.400000e+00 6.540160e-04
4.410000e+00 6.458380e-04
4.420000e+00 6.367627e-04
4.430000e+00 6.268617e-04
4.440000e+00 6.162084e-04
4.450000e+00 6.048783e-04
4.460000e+00 5.929498e-04
4.470000e+00 5.805047e-04
4.480000e+00 5.676285e-04
4.490000e+00 5.544109e-04
4.500000e+00 5.409459e-04
4.510000e+00 5.273315e-04
4.520000e+00 5.136696e-04
4.530000e+00 5.000657e-04
4.540000e+00 4.866276e-04
4.550000e+00 4.734652e-04
4.560000e+00 4.606883e-04
4.570000e+00 4.484062e-04
4.580000e+00 4.367255e-04
4.590000e+00 4.257484e-04
4.600000e+00 4.155714e-04
4.610000e+00 4.062828e-04
4.620000e+00 3.979615e-04
4.630000e+00 3.906747e-04
4.640000e+00 3.844768e-04
4.650000e+00 3.794076e-04
4.660000e+00 3.754912e-04
4.670000e+00 3.727351e-04
4.680000e+00 3.711297e-04
4.690000e+00 3.706481e-04
4.700000e+00 3.712459e-04
4.710000e+00 3.728623e-04
4.720000e+00 3.754204e-04
4.730000e+00 3.788291e-04
4.740000e+00 3.829844e-04
4.750000e+00 3.877715e-04
4.760000e+00 3.930668e-04
4.770000e+00 3.987408e-04
4.780000e+00 4.046603e-04
4.790000e+00 4.106914e-04
4.800000e+00 4.167020e-04
4.810000e+00 4.225647e-04
4.820000e+00 4.281589e-04
4.830000e+00 4.333738e-04
4.840000e+00 4.381100e-04
4.850000e+00 4.422814e-04
4.860000e+00 4.458168e-04
4.870000e+00 4.486608e-04
4.880000e+00 4.507747e-04
4.890000e+00 4.521363e-04
4.900000e+00 4.527404e-04
4.910000e+00 4.525974e-04
4.920000e+00 4.517333e-04
4.930000e+00 4.501876e-04
4.940000e+00 4.480122e-04
4.950000e+00 4.452697e-04
4.960000e+00 4.420311e-04
4.970000e+00 4.383739e-04
4.980000e+00 4.343801e-04
4.990000e+00 4.301340e-04
5.000000e+00 4.257201e-04
5.010000e+00 4.212215e-04
5.020000e+00 4.167178e-04
5.030000e+00 4.122840e-04
5.040000e+00 4.079892e-04
5.050000e+00 4.038956e-04
5.060000e+00 4.000576e-04
5.070000e+00 3.965218e-04
5.080000e+00 3.933267e-04
5.090000e+00 3.905028e-04
5.100000e+00 3.880728e-04
5.110000e+00 3.860524e-04
5.120000e+00 3.844504e-04
5.130000e+00 3.832699e-04
5.140000e+00 3.825085e-04
5.150000e+00 3.821594e-04
5.160000e+00 3.822115e-04
5.170000e+00 3.826504e-04
5.180000e+00 3.834583e-04
5.190000e+00 3.846142e-04
5.200000e+00 3.860941e-04
5.210000e+00 3.878705e-04
5.220000e+00 3.899118e-04
5.230000e+00 3.921820e-04
5.240000e+00 3.946397e-04
5.250000e+00 3.972370e-04
5.260000e+00 3.999188e-04
5.270000e+00 4.026212e-04
5.280000e+00 4.052711e-04
5.290000e+00 4.077847e-04
5.300000e+00 4.100667e-04
5.310000e+00 4.120096e-04
5.320000e+00 4.134937e-04
5.330000e+00 4.143861e-04
5.340000e+00 4.145416e-04
5.350000e+00 4.138028e-04
5.360000e+00 4.120010e-04
5.370000e+00 4.089580e-04
5.380000e+00 4.044870e-04
5.390000e+00 3.983951e-04
5.400000e+00 3.904857e-04
5.410000e+00 3.805612e-04
5.420000e+00 3.684258e-04
5.430000e+00 3.538889e-04
5.440000e+00 3.367681e-04
5.450000e+00 3.168932e-04
5.460000e+00 2.941089e-04
5.470000e+00 2.682785e-04
5.480000e+00 2.392870e-04
5.490000e+00 2.070440e-04
5.500000e+00 1.714864e-04
5.510000e+00 1.325804e-04
5.520000e+00 9.032362e-05
5.530000e+00 4.474624e-05
5.540000e+00 -4.087933e-06
5.550000e+00 -5.608124e-05
5.560000e+00 -1.111023e-04
5.570000e+00 -1.689868e-04
5.580000e+00 -2.295387e-04
5.590000e+00 -2.925320e-04
5.600000e+00 -3.577127e-04
5.610000e+00 -4.248019e-04
5.620000e+00 -4.934983e-04
5.630000e+00 -5.634818e-04
5.640000e+00 -6.344170e-04
5.650000e+00 -7.059566e-04
5.660000e+00 -7.777457e-04
5.670000e+00 -8.494253e-04
5.680000e+00 -9.206364e-04
5.690000e+00 -9.910235e-04
5.700000e+00 -1.060238e-03
5.710000e+00 -1.127944e-03
5.720000e+00 -1.193816e-03
5.730000e+00 -1.257547e-03
5.740000e+00 -1.318851e-03
5.750000e+00 -1.377460e-03
5.760000e+00 -1.433133e-03
5.770000e+00 -1.485652e-03
5.780000e+00 -1.534825e-03
5.790000e+00 -1.580488e-03
5.800000e+00 -1.622503e-03
5.810000e+00 -1.660760e-03
5.820000e+00 -1.695178e-03
5.830000e+00 -1.725699e-03
5.840000e+00 -1.752295e-03
5.850000e+00 -1.774959e-03
5.860000e+00 -1.793710e-03
5.870000e+00 -1.808590e-03
5.880000e+00 -1.819659e-03
5.890000e+00 -1.826997e-03
5.900000e+00 -1.830702e-03
5.910000e+00 -1.830886e-03
5.920000e+00 -1.827674e-03
5.930000e+00 -1.821204e-03
5.940000e+00 -1.811622e-03
5.950000e+00 -1.799082e-03
5.960000e+00 -1.783744e-03
5.970000e+00 -1.765773e-03
5.980000e+00 -1.745334e-03
5.990000e+00 -1.722595e-03
6.000000e+00 -1.697722e-03
6.010000e+00 -1.670882e-03
6.020000e+00 -1.642236e-03
6.030000e+00 -1.611943e-03
6.040000e+00 -1.580159e-03
6.050000e+00 -1.547032e-03
6.060000e+00 -1.512706e-03
6.070000e+00 -1.477319e-03
6.080000e+00 -1.441004e-03
6.090000e+00 -1.403888e-03
6.100000e+00 -1.366090e-03
6.110000e+00 -1.327727e-03
6.120000e+00 -1.288908e-03
6.130000e+00 -1.249739e-03
6.140000e+00 -1.210321e-03
6.150000e+00 -1.170750e-03
6.160000e+00 -1.131122e-03
6.170000e+00 -1.091528e-03
6.180000e+00 -1.052055e-03
6.190000e+00 -1.012791e-03
6.200000e+00 -9.738220e-04
6.210000e+00 -9.352306e-04
6.220000e+00 -8.970993e-04
6.230000e+00 -8.595092e-04
6.240000e+00 -8.225399e-04
6.250000e+00 -7.862691e-04
6.260000e+00 -7.507727e-04
6.270000e+00 -7.161241e-04
6.280000e+00 -6.823936e-04
6.290000e+00 -6.496482e-04
6.300000e+00 -6.179503e-04
6.310000e+00 -5.873580e-04
6.320000e+00 -5.579232e-04
6.330000e+00 -5.296921e-04
6.340000e+00 -5.027037e-04
6.350000e+00 -4.769899e-04
6.360000e+00 -4.525746e-04
6.370000e+00 -4.294735e-04
6.380000e+00 -4.076938e-04
6.390000e+00 -3.872343e-04
6.400000e+00 -3.680852e-04
6.410000e+00 -3.502286e-04
6.420000e+00 -3.336385e-04
6.430000e+00 -3.182815e-04
6.440000e+00 -3.041175e-04
6.450000e+00 -2.911002e-04
6.460000e+00 -2.791782e-04
6.470000e+00 -2.682958e-04
6.480000e+00 -2.583937e-04
6.490000e+00 -2.494107e-04
6.500000e+00 -2.412840e-04
6.510000e+00 -2.339504e-04
6.520000e+00 -2.273473e-04
6.530000e+00 -2.214133e-04
6.540000e+00 -2.160892e-04
6.550000e+00 -2.113183e-04
6.560000e+00 -2.070472e-04
6.570000e+00 -2.032259e-04
6.580000e+00 -1.998078e-04
6.590000e+00 -1.967502e-04
6.600000e+00 -1.940136e-04
6.610000e+00 -1.915622e-04
6.620000e+00 -1.893627e-04
6.630000e+00 -1.873844e-04
6.640000e+00 -1.855985e-04
6.650000e+00 -1.839775e-04
6.660000e+00 -1.824944e-04
6.670000e+00 -1.811226e-04
6.680000e+00 -1.798346e-04
6.690000e+00 -1.786020e-04
6.700000e+00 -1.773947e-04
6.710000e+00 -1.761806e-04
6.720000e+00 -1.749254e-04
6.730000e+00 -1.735922e-04
6.740000e+00 -1.721417e-04
6.750000e+00 -1.705321e-04
6.760000e+00 -1.687195e-04
6.770000e+00 -1.666579e-04
6.780000e+00 -1.643000e-04
6.790000e+00 -1.615975e-04
6.800000e+00 -1.585018e-04
6.810000e+00 -1.549649e-04
6.820000e+00 -1.509396e-04
6.830000e+00 -1.463808e-04
6.840000e+00 -1.412460e-04
6.850000e+00 -1.354960e-04
6.860000e+00 -1.290957e-04
6.870000e+00 -1.220146e-04
6.880000e+00 -1.142275e-04
6.890000e+00 -1.057147e-04
6.900000e+00 -9.646271e-05
6.910000e+00 -8.646408e-05
6.920000e+00 -7.571777e-05
6.930000e+00 -6.422902e-05
6.940000e+00 -5.200928e-05
6.950000e+00 -3.907594e-05
6.960000e+00 -2.545198e-05
6.970000e+00 -1.116555e-05
6.980000e+00 3.750557e-06
6.990000e+00 1.925953e-05
7.000000e+00 3.532115e-05
7.010000e+00 5.189249e-05
7.020000e+00 6.892863e-05
7.030000e+00 8.638337e-05
7.040000e+00 1.042099e-04
7.050000e+00 1.223618e-04
7.060000e+00 1.407930e-04
7.070000e+00 1.594593e-04
7.080000e+00 1.783182e-04
7.090000e+00 1.973299e-04
7.100000e+00 2.164576e-04
7.110000e+00 2.356677e-04
7.120000e+00 2.549304e-04
7.130000e+00 2.742196e-04
7.140000e+00 2.935134e-04
7.150000e+00 3.127939e-04
7.160000e+00 3.320471e-04
7.170000e+00 3.512633e-04
7.180000e+00 3.704362e-04
7.190000e+00 3.895631e-04
7.200000e+00 4.086443e-04
7.210000e+00 4.276831e-04
7.220000e+00 4.466846e-04
7.230000e+00 4.656556e-04
7.240000e+00 4.846041e-04
7.250000e+00 5.035380e-04
7.260000e+00 5.224651e-04
7.270000e+00 5.413916e-04
7.280000e+00 5.603220e-04
7.290000e+00 5.792577e-04
7.300000e+00 5.981965e-04
7.310000e+00 6.171318e-04
7.320000e+00 6.360516e-04
7.330000e+00 6.549381e-04
7.340000e+00 6.737669e-04
7.350000e+00 6.925064e-04
7.360000e+00 7.111174e-04
7.370000e+00 7.295526e-04
7.380000e+00 7.477568e-04
7.390000e+00 7.656662e-04
7.400000e+00 7.832093e-04
7.410000e+00 8.003062e-04
7.420000e+00 8.168699e-04
7.430000e+00 8.328062e-04
7.440000e+00 8.480149e-04
7.450000e+00 8.623905e-04
7.460000e+00 8.758233e-04
7.470000e+00 8.882005e-04
7.480000e+00 8.994076e-04
7.490000e+00 9.093298e-04
7.500000e+00 9.178532e-04
7.510000e+00 9.248667e-04
7.520000e+00 9.302631e-04
7.530000e+00 9.339411e-04
7.540000e+00 9.358062e-04
7.550000e+00 9.357725e-04
7.560000e+00 9.337637e-04
7.570000e+00 9.297149e-04
7.580000e+00 9.235727e-04
7.590000e+00 9.152971e-04
7.600000e+00 9.048614e-04
7.610000e+00 8.922534e-04
7.620000e+00 8.774753e-04
7.630000e+00 8.605443e-04
7.640000e+00 8.414923e-04
7.650000e+00 8.203656e-04
7.660000e+00 7.972252e-04
7.670000e+00 7.721455e-04
7.680000e+00 7.452141e-04
7.690000e+00 7.165309e-04
7.700000e+00 6.862070e-04
7.710000e+00 6.543640e-04
7.720000e+00 6.211327e-04
7.730000e+00 5.866520e-04
7.740000e+00 5.510676e-04
7.750000e+00 5.145308e-04
7.760000e+00 4.771971e-04
7.770000e+00 4.392251e-04
7.780000e+00 4.007752e-04
7.790000e+00 3.620080e-04
7.800000e+00 3.230833e-04
7.810000e+00 2.841588e-04
7.820000e+00 2.453886e-04
7.830000e+00 2.069226e-04
7.840000e+00 1.689044e-04
7.850000e+00 1.314711e-04
7.860000e+00 9.475167e-05
7.870000e+00 5.886586e-05
7.880000e+00 2.392353e-05
7.890000e+00 -9.976450e-06
7.900000e+00 -4.274699e-05
7.910000e+00 -7.431349e-05
7.920000e+00 -1.046145e-04
7.930000e+00 -1.336022e-04
7.940000e+00 -1.612426e-04
7.950000e+00 -1.875161e-04
7.960000e+00 -2.124172e-04
7.970000e+00 -2.359544e-04
7.980000e+00 -2.581499e-04
7.990000e+00 -2.790392e-04
8.000000e+00 -2.986699e-04
8.010000e+00 -3.171014e-04
8.020000e+00 -3.344033e-04
8.030000e+00 -3.506541e-04
8.040000e+00 -3.659400e-04
8.050000e+00 -3.803530e-04
8.060000e+00 -3.939893e-04
8.070000e+00 -4.069473e-04
8.080000e+00 -4.193261e-04
8.090000e+00 -4.312232e-04
8.100000e+00 -4.427329e-04
8.110000e+00 -4.539444e-04
8.120000e+00 -4.649403e-04
8.130000e+00 -4.757952e-04
8.140000e+00 -4.865740e-04
8.150000e+00 -4.973314e-04
8.160000e+00 -5.081107e-04
8.170000e+00 -5.189439e-04
8.180000e+00 -5.298508e-04
8.190000e+00 -5.408397e-04
8.200000e+00 -5.519077e-04
8.210000e+00 -5.630415e-04
8.220000e+00 -5.742185e-04
8.230000e+00 -5.854079e-04
8.240000e+00 -5.965726e-04
8.250000e+00 -6.076707e-04
8.260000e+00 -6.186574e-04
8.270000e+00 -6.294870e-04
8.280000e+00 -6.401148e-04
8.290000e+00 -6.504988e-04
8.300000e+00 -6.606019e-04
8.310000e+00 -6.703933e-04
8.320000e+00 -6.798500e-04
8.330000e+00 -6.889578e-04
8.340000e+00 -6.977126e-04
8.350000e+00 -7.061206e-04
8.360000e+00 -7.141987e-04
8.370000e+00 -7.219742e-04
8.380000e+00 -7.294844e-04
8.390000e+00 -7.367757e-04
8.400000e+00 -7.439026e-04
8.410000e+00 -7.509258e-04
8.420000e+00 -7.579109e-04
8.430000e+00 -7.649262e-04
8.440000e+00 -7.720408e-04
8.450000e+00 -7.793220e-04
8.460000e+00 -7.868337e-04
8.470000e+00 -7.946337e-04
8.480000e+00 -8.027718e-04
8.490000e+00 -8.112880e-04
8.500000e+00 -8.202107e-04
8.510000e+00 -8.295551e-04
8.520000e+00 -8.393226e-04
8.530000e+00 -8.494993e-04
8.540000e+00 -8.600563e-04
8.550000e+00 -8.709491e-04
8.560000e+00 -8.821184e-04
8.570000e+00 -8.934905e-04
8.580000e+00 -9.049789e-04
8.590000e+00 -9.164848e-04
8.600000e+00 -9.279000e-04
8.610000e+00 -9.391077e-04
8.620000e+00 -9.499854e-04
8.630000e+00 -9.604071e-04
8.640000e+00 -9.702453e-04
8.650000e+00 -9.793737e-04
8.660000e+00 -9.876694e-04
8.670000e+00 -9.950152e-04
8.680000e+00 -1.001302e-03
8.690000e+00 -1.006430e-03
8.700000e+00 -1.010311e-03
8.710000e+00 -1.012870e-03
8.720000e+00 -1.014046e-03
8.730000e+00 -1.013792e-03
8.740000e+00 -1.012078e-03
8.750000e+00 -1.008887e-03
8.760000e+00 -1.004221e-03
8.770000e+00 -9.980938e-04
8.780000e+00 -9.905359e-04
8.790000e+00 -9.815906e-04
8.800000e+00 -9.713141e-04
8.810000e+00 -9.597735e-04
8.820000e+00 -9.470464e-04
8.830000e+00 -9.332185e-04
8.840000e+00 -9.183826e-04
8.850000e+00 -9.026370e-04
8.860000e+00 -8.860838e-04
8.870000e+00 -8.688273e-04
8.880000e+00 -8.509731e-04
8.890000e+00 -8.326263e-04
8.900000e+00 -8.138902e-04
8.910000e+00 -7.948656e-04
8.920000e+00 -7.756498e-04
8.930000e+00 -7.563353e-04
8.940000e+00 -7.370096e-04
8.950000e+00 -7.177546e-04
8.960000e+00 -6.986460e-04
8.970000e+00 -6.797533e-04
8.980000e+00 -6.611394e-04
8.990000e+00 -6.428608e-04
9.000000e+00 -6.249675e-04
9.010000e+00 -6.075033e-04
9.020000e+00 -5.905059e-04
9.030000e+00 -5.740075e-04
9.040000e+00 -5.580348e-04
9.050000e+00 -5.426096e-04
9.060000e+00 -5.277493e-04
9.070000e+00 -5.134675e-04
9.080000e+00 -4.997740e-04
9.090000e+00 -4.866760e-04
9.100000e+00 -4.741779e-04
9.110000e+00 -4.622824e-04
9.120000e+00 -4.509905e-04
9.130000e+00 -4.403026e-04
9.140000e+00 -4.302180e-04
9.150000e+00 -4.207362e-04
9.160000e+00 -4.118566e-04
9.170000e+00 -4.035791e-04
9.180000e+00 -3.959044e-04
9.190000e+00 -3.888339e-04
9.200000e+00 -3.823699e-04
9.210000e+00 -3.765157e-04
9.220000e+00 -3.712754e-04
9.230000e+00 -3.666540e-04
9.240000e+00 -3.626569e-04
9.250000e+00 -3.592901e-04
9.260000e+00 -3.565593e-04
9.270000e+00 -3.544703e-04
9.280000e+00 -3.530277e-04
9.290000e+00 -3.522354e-04
9.300000e+00 -3.520957e-04
9.310000e+00 -3.526088e-04
9.320000e+00 -3.537730e-04
9.330000e+00 -3.555839e-04
9.340000e+00 -3.580342e-04
9.350000e+00 -3.611138e-04
9.360000e+00 -3.648095e-04
9.370000e+00 -3.691052e-04
9.380000e+00 -3.739815e-04
9.390000e+00 -3.794169e-04
9.400000e+00 -3.853873e-04
9.410000e+00 -3.918664e-04
9.420000e+00 -3.988270e-04
9.430000e+00 -4.062408e-04
9.440000e+00 -4.140793e-04
9.450000e+00 -4.223144e-04
9.460000e+00 -4.309192e-04
9.470000e+00 -4.398684e-04
9.480000e+00 -4.491389e-04
9.490000e+00 -4.587103e-04
9.500000e+00 -4.685654e-04
9.510000e+00 -4.786902e-04
9.520000e+00 -4.890739e-04
9.530000e+00 -4.997091e-04
9.540000e+00 -5.105912e-04
9.550000e+00 -5.217180e-04
9.560000e+00 -5.330892e-04
9.570000e+00 -5.447053e-04
9.580000e+00 -5.565667e-04
9.590000e+00 -5.686728e-04
9.600000e+00 -5.810204e-04
9.610000e+00 -5.936027e-04
9.620000e+00 -6.064079e-04
9.630000e+00 -6.194181e-04
9.640000e+00 -6.326079e-04
9.650000e+00 -6.459436e-04
9.660000e+00 -6.593822e-04
9.670000e+00 -6.728708e-04
9.680000e+00 -6.863461e-04
9.690000e+00 -6.997347e-04
9.700000e+00 -7.129529e-04
9.710000e+00 -7.259077e-04
9.720000e+00 -7.384973e-04
9.730000e+00 -7.506126e-04
9.740000e+00 -7.621391e-04
9.750000e+00 -7.729581e-04
9.760000e+00 -7.829495e-04
9.770000e+00 -7.919939e-04
9.780000e+00 -7.999751e-04
9.790000e+00 -8.067827e-04
9.800000e+00 -8.123151e-04
9.810000e+00 -8.164815e-04
9.820000e+00 -8.192051e-04
9.830000e+00 -8.204249e-04
9.840000e+00 -8.200977e-04
9.850000e+00 -8.182004e-04
9.860000e+00 -8.147306e-04
9.870000e+00 -8.097081e-04
9.880000e+00 -8.031750e-04
9.890000e+00 -7.951958e-04
9.900000e+00 -7.858569e-04
9.910000e+00 -7.752656e-04
9.920000e+00 -7.635484e-04
9.930000e+00 -7.508494e-04
9.940000e+00 -7.373275e-04
9.950000e+00 -7.231544e-04
9.960000e+00 -7.085110e-04
9.970000e+00 -6.935844e-04
9.980000e+00 -6.785650e-04
9.990000e+00 -6.636426e-04
1.000000e+01 -6.490036e-04
