# sigma2_v 7.214781745555463e+00
0.000000e+00 1.000000e+00
1.000000e-02 9.996393e-01
2.000000e-02 9.985582e-01
3.000000e-02 9.967592e-01
4.000000e-02 9.942466e-01
5.000000e-02 9.910263e-01
6.000000e-02 9.871062e-01
7.000000e-02 9.824953e-01
8.000000e-02 9.772046e-01
9.000000e-02 9.712466e-01
1.000000e-01 9.646350e-01
1.100000e-01 9.573852e-01
1.200000e-01 9.495139e-01
1.300000e-01 9.410390e-01
1.400000e-01 9.319798e-01
1.500000e-01 9.223564e-01
1.600000e-01 9.121903e-01
1.700000e-01 9.015037e-01
1.800000e-01 8.903198e-01
1.900000e-01 8.786626e-01
2.000000e-01 8.665567e-01
2.100000e-01 8.540273e-01
2.200000e-01 8.411002e-01
2.300000e-01 8.278014e-01
2.400000e-01 8.141575e-01
2.500000e-01 8.001951e-01
2.600000e-01 7.859409e-01
2.700000e-01 7.714218e-01
2.800000e-01 7.566647e-01
2.900000e-01 7.416962e-01
3.000000e-01 7.265428e-01
3.100000e-01 7.112306e-01
3.200000e-01 6.957856e-01
3.300000e-01 6.802332e-01
3.400000e-01 6.645983e-01
3.500000e-01 6.489053e-01
3.600000e-01 6.331782e-01
3.700000e-01 6.174400e-01
3.800000e-01 6.017132e-01
3.900000e-01 5.860197e-01
4.000000e-01 5.703804e-01
4.100000e-01 5.548155e-01
4.200000e-01 5.393443e-01
4.300000e-01 5.239854e-01
4.400000e-01 5.087563e-01
4.500000e-01 4.936737e-01
4.600000e-01 4.787535e-01
4.700000e-01 4.640105e-01
4.800000e-01 4.494587e-01
4.900000e-01 4.351111e-01
5.000000e-01 4.209799e-01
5.100000e-01 4.070761e-01
5.200000e-01 3.934101e-01
5.300000e-01 3.799912e-01
5.400000e-01 3.668278e-01
5.500000e-01 3.539276e-01
5.600000e-01 3.412973e-01
5.700000e-01 3.289426e-01
5.800000e-01 3.168687e-01
5.900000e-01 3.050798e-01
6.000000e-01 2.935794e-01
6.100000e-01 2.823702e-01
6.200000e-01 2.714541e-01
6.300000e-01 2.608324e-01
6.400000e-01 2.505059e-01
6.500000e-01 2.404744e-01
6.600000e-01 2.307373e-01
6.700000e-01 2.212935e-01
6.800000e-01 2.121413e-01
6.900000e-01 2.032783e-01
7.000000e-01 1.947019e-01
7.100000e-01 1.864089e-01
7.200000e-01 1.783958e-01
7.300000e-01 1.706585e-01
7.400000e-01 1.631929e-01
7.500000e-01 1.559943e-01
7.600000e-01 1.490578e-01
7.700000e-01 1.423782e-01
7.800000e-01 1.359502e-01
7.900000e-01 1.297682e-01
8.000000e-01 1.238265e-01
8.100000e-01 1.181192e-01
8.200000e-01 1.126402e-01
8.300000e-01 1.073836e-01
8.400000e-01 1.023431e-01
8.500000e-01 9.751245e-02
8.600000e-01 9.288553e-02
8.700000e-01 8.845603e-02
8.800000e-01 8.421772e-02
8.900000e-01 8.016438e-02
9.000000e-01 7.628983e-02
9.100000e-01 7.258795e-02
9.200000e-01 6.905268e-02
9.300000e-01 6.567804e-02
9.400000e-01 6.245814e-02
9.500000e-01 5.938718e-02
9.600000e-01 5.645949e-02
9.700000e-01 5.366948e-02
9.800000e-01 5.101169e-02
9.900000e-01 4.848080e-02
1.000000e+00 4.607160e-02
1.010000e+00 4.377901e-02
1.020000e+00 4.159811e-02
1.030000e+00 3.952408e-02
1.040000e+00 3.755226e-02
1.050000e+00 3.567814e-02
1.060000e+00 3.389734e-02
1.070000e+00 3.220560e-02
1.080000e+00 3.059883e-02
1.090000e+00 2.907307e-02
1.100000e+00 2.762449e-02
1.110000e+00 2.624941e-02
1.120000e+00 2.494428e-02
1.130000e+00 2.370568e-02
1.140000e+00 2.253033e-02
1.150000e+00 2.141508e-02
1.160000e+00 2.035689e-02
1.170000e+00 1.935287e-02
1.180000e+00 1.840023e-02
1.190000e+00 1.749632e-02
1.200000e+00 1.663859e-02
1.210000e+00 1.582460e-02
1.220000e+00 1.505203e-02
1.230000e+00 1.431868e-02
1.240000e+00 1.362242e-02
1.250000e+00 1.296125e-02
1.260000e+00 1.233325e-02
1.270000e+00 1.173660e-02
1.280000e+00 1.116956e-02
1.290000e+00 1.063049e-02
1.300000e+00 1.011781e-02
1.310000e+00 9.630056e-03
1.320000e+00 9.165802e-03
1.330000e+00 8.723711e-03
1.340000e+00 8.302514e-03
1.350000e+00 7.901006e-03
1.360000e+00 7.518042e-03
1.370000e+00 7.152540e-03
1.380000e+00 6.803471e-03
1.390000e+00 6.469861e-03
1.400000e+00 6.150787e-03
1.410000e+00 5.845374e-03
1.420000e+00 5.552792e-03
1.430000e+00 5.272258e-03
1.440000e+00 5.003028e-03
1.450000e+00 4.744400e-03
1.460000e+00 4.495709e-03
1.470000e+00 4.256329e-03
1.480000e+00 4.025669e-03
1.490000e+00 3.803172e-03
1.500000e+00 3.588315e-03
1.510000e+00 3.380609e-03
1.520000e+00 3.179594e-03
1.530000e+00 2.984843e-03
1.540000e+00 2.795958e-03
1.550000e+00 2.612572e-03
1.560000e+00 2.434346e-03
1.570000e+00 2.260970e-03
1.580000e+00 2.092160e-03
1.590000e+00 1.927660e-03
1.600000e+00 1.767241e-03
1.610000e+00 1.610699e-03
1.620000e+00 1.457855e-03
1.630000e+00 1.308551e-03
1.640000e+00 1.162657e-03
1.650000e+00 1.020060e-03
1.660000e+00 8.806697e-04
1.670000e+00 7.444157e-04
1.680000e+00 6.112445e-04
1.690000e+00 4.811195e-04
1.700000e+00 3.540192e-04
1.710000e+00 2.299357e-04
1.720000e+00 1.088730e-04
1.730000e+00 -9.154630e-06
1.740000e+00 -1.241246e-04
1.750000e+00 -2.360072e-04
1.760000e+00 -3.447679e-04
1.770000e+00 -4.503686e-04
1.780000e+00 -5.527696e-04
1.790000e+00 -6.519309e-04
1.800000e+00 -7.478141e-04
1.810000e+00 -8.403836e-04
1.820000e+00 -9.296081e-04
1.830000e+00 -1.015462e-03
1.840000e+00 -1.097925e-03
1.850000e+00 -1.176987e-03
1.860000e+00 -1.252643e-03
1.870000e+00 -1.324900e-03
1.880000e+00 -1.393772e-03
1.890000e+00 -1.459283e-03
1.900000e+00 -1.521470e-03
1.910000e+00 -1.580376e-03
1.920000e+00 -1.636055e-03
1.930000e+00 -1.688571e-03
1.940000e+00 -1.737995e-03
1.950000e+00 -1.784409e-03
1.960000e+00 -1.827899e-03
1.970000e+00 -1.868558e-03
1.980000e+00 -1.906487e-03
1.990000e+00 -1.941787e-03
2.000000e+00 -1.974565e-03
2.010000e+00 -2.004929e-03
2.020000e+00 -2.032987e-03
2.030000e+00 -2.058846e-03
2.040000e+00 -2.082613e-03
2.050000e+00 -2.104388e-03
2.060000e+00 -2.124271e-03
2.070000e+00 -2.142353e-03
2.080000e+00 -2.158721e-03
2.090000e+00 -2.173452e-03
2.100000e+00 -2.186617e-03
2.110000e+00 -2.198277e-03
2.120000e+00 -2.208484e-03
2.130000e+00 -2.217281e-03
2.140000e+00 -2.224700e-03
2.150000e+00 -2.230763e-03
2.160000e+00 -2.235482e-03
2.170000e+00 -2.238861e-03
2.180000e+00 -2.240892e-03
2.190000e+00 -2.241562e-03
2.200000e+00 -2.240846e-03
2.210000e+00 -2.238715e-03
2.220000e+00 -2.235133e-03
2.230000e+00 -2.230059e-03
2.240000e+00 -2.223447e-03
2.250000e+00 -2.215251e-03
2.260000e+00 -2.205421e-03
2.270000e+00 -2.193909e-03
2.280000e+00 -2.180666e-03
2.290000e+00 -2.165649e-03
2.300000e+00 -2.148817e-03
2.310000e+00 -2.130136e-03
2.320000e+00 -2.109576e-03
2.330000e+00 -2.087117e-03
2.340000e+00 -2.062749e-03
2.350000e+00 -2.036470e-03
2.360000e+00 -2.008291e-03
2.370000e+00 -1.978232e-03
2.380000e+00 -1.946329e-03
2.390000e+00 -1.912628e-03
2.400000e+00 -1.877191e-03
2.410000e+00 -1.840091e-03
2.420000e+00 -1.801417e-03
2.430000e+00 -1.761272e-03
2.440000e+00 -1.719769e-03
2.450000e+00 -1.677038e-03
2.460000e+00 -1.633219e-03
2.470000e+00 -1.588467e-03
2.480000e+00 -1.542944e-03
2.490000e+00 -1.496827e-03
2.500000e+00 -1.450298e-03
2.510000e+00 -1.403552e-03
2.520000e+00 -1.356786e-03
2.530000e+00 -1.310207e-03
2.540000e+00 -1.264024e-03
2.550000e+00 -1.218453e-03
2.560000e+00 -1.173707e-03
2.570000e+00 -1.130002e-03
2.580000e+00 -1.087556e-03
2.590000e+00 -1.046579e-03
2.600000e+00 -1.007282e-03
2.610000e+00 -9.698688e-04
2.620000e+00 -9.345383e-04
2.630000e+00 -9.014809e-04
2.640000e+00 -8.708789e-04
2.650000e+00 -8.429047e-04
2.660000e+00 -8.177195e-04
2.670000e+00 -7.954731e-04
2.680000e+00 -7.763024e-04
2.690000e+00 -7.603306e-04
2.700000e+00 -7.476668e-04
2.710000e+00 -7.384052e-04
2.720000e+00 -7.326244e-04
2.730000e+00 -7.303874e-04
2.740000e+00 -7.317409e-04
2.750000e+00 -7.367154e-04
2.760000e+00 -7.453246e-04
2.770000e+00 -7.575658e-04
2.780000e+00 -7.734200e-04
2.790000e+00 -7.928515e-04
2.800000e+00 -8.158090e-04
2.810000e+00 -8.422249e-04
2.820000e+00 -8.720168e-04
2.830000e+00 -9.050871e-04
2.840000e+00 -9.413239e-04
2.850000e+00 -9.806019e-04
2.860000e+00 -1.022782e-03
2.870000e+00 -1.067715e-03
2.880000e+00 -1.115237e-03
2.890000e+00 -1.165176e-03
2.900000e+00 -1.217348e-03
2.910000e+00 -1.271563e-03
2.920000e+00 -1.327619e-03
2.930000e+00 -1.385311e-03
2.940000e+00 -1.444424e-03
2.950000e+00 -1.504741e-03
2.960000e+00 -1.566037e-03
2.970000e+00 -1.628086e-03
2.980000e+00 -1.690659e-03
2.990000e+00 -1.753524e-03
3.000000e+00 -1.816448e-03
3.010000e+00 -1.879200e-03
3.020000e+00 -1.941547e-03
3.030000e+00 -2.003259e-03
3.040000e+00 -2.064106e-03
3.050000e+00 -2.123863e-03
3.060000e+00 -2.182308e-03
3.070000e+00 -2.239223e-03
3.080000e+00 -2.294392e-03
3.090000e+00 -2.347609e-03
3.100000e+00 -2.398671e-03
3.110000e+00 -2.447381e-03
3.120000e+00 -2.493552e-03
3.130000e+00 -2.537001e-03
3.140000e+00 -2.577556e-03
3.150000e+00 -2.615053e-03
3.160000e+00 -2.649337e-03
3.170000e+00 -2.680263e-03
3.180000e+00 -2.707697e-03
3.190000e+00 -2.731516e-03
3.200000e+00 -2.751610e-03
3.210000e+00 -2.767878e-03
3.220000e+00 -2.780236e-03
3.230000e+00 -2.788611e-03
3.240000e+00 -2.792947e-03
3.250000e+00 -2.793200e-03
3.260000e+00 -2.789344e-03
3.270000e+00 -2.781367e-03
3.280000e+00 -2.769274e-03
3.290000e+00 -2.753090e-03
3.300000e+00 -2.732853e-03
3.310000e+00 -2.708621e-03
3.320000e+00 -2.680471e-03
3.330000e+00 -2.648497e-03
3.340000e+00 -2.612810e-03
3.350000e+00 -2.573541e-03
3.360000e+00 -2.530838e-03
3.370000e+00 -2.484867e-03
3.380000e+00 -2.435811e-03
3.390000e+00 -2.383867e-03
3.400000e+00 -2.329252e-03
3.410000e+00 -2.272192e-03
3.420000e+00 -2.212932e-03
3.430000e+00 -2.151724e-03
3.440000e+00 -2.088834e-03
3.450000e+00 -2.024535e-03
3.460000e+00 -1.959110e-03
3.470000e+00 -1.892846e-03
3.480000e+00 -1.826032e-03
3.490000e+00 -1.758962e-03
3.500000e+00 -1.691928e-03
3.510000e+00 -1.625219e-03
3.520000e+00 -1.559122e-03
3.530000e+00 -1.493916e-03
3.540000e+00 -1.429871e-03
3.550000e+00 -1.367247e-03
3.560000e+00 -1.306294e-03
3.570000e+00 -1.247244e-03
3.580000e+00 -1.190317e-03
3.590000e+00 -1.135714e-03
3.600000e+00 -1.083618e-03
3.610000e+00 -1.034191e-03
3.620000e+00 -9.875763e-04
3.630000e+00 -9.438952e-04
3.640000e+00 -9.032468e-04
3.650000e+00 -8.657081e-04
3.660000e+00 -8.313338e-04
3.670000e+00 -8.001562e-04
3.680000e+00 -7.721854e-04
3.690000e+00 -7.474104e-04
3.700000e+00 -7.257990e-04
3.710000e+00 -7.072992e-04
3.720000e+00 -6.918398e-04
3.730000e+00 -6.793320e-04
3.740000e+00 -6.696702e-04
3.750000e+00 -6.627338e-04
3.760000e+00 -6.583883e-04
3.770000e+00 -6.564871e-04
3.780000e+00 -6.568727e-04
3.790000e+00 -6.593786e-04
3.800000e+00 -6.638309e-04
3.810000e+00 -6.700496e-04
3.820000e+00 -6.778501e-04
3.830000e+00 -6.870449e-04
3.840000e+00 -6.974450e-04
3.850000e+00 -7.088610e-04
3.860000e+00 -7.211047e-04
3.870000e+00 -7.339897e-04
3.880000e+00 -7.473332e-04
3.890000e+00 -7.609564e-04
3.900000e+00 -7.746857e-04
3.910000e+00 -7.883533e-04
3.920000e+00 -8.017983e-04
3.930000e+00 -8.148668e-04
3.940000e+00 -8.274128e-04
3.950000e+00 -8.392987e-04
3.960000e+00 -8.503958e-04
3.970000e+00 -8.605843e-04
3.980000e+00 -8.697542e-04
3.990000e+00 -8.778054e-04
4.000000e+00 -8.846478e-04
4.010000e+00 -8.902018e-04
4.020000e+00 -8.943987e-04
4.030000e+00 -8.971806e-04
4.040000e+00 -8.985009e-04
4.050000e+00 -8.983245e-04
4.060000e+00 -8.966279e-04
4.070000e+00 -8.933995e-04
4.080000e+00 -8.886397e-04
4.090000e+00 -8.823610e-04
4.100000e+00 -8.745886e-04
4.110000e+00 -8.653596e-04
4.120000e+00 -8.547237e-04
4.130000e+00 -8.427429e-04
4.140000e+00 -8.294915e-04
4.150000e+00 -8.150556e-04
4.160000e+00 -7.995333e-04
4.170000e+00 -7.830336e-04
4.180000e+00 -7.656767e-04
4.190000e+00 -7.475927e-04
4.200000e+00 -7.289214e-04
4.210000e+00 -7.098111e-04
4.220000e+00 -6.904178e-04
4.230000e+00 -6.709041e-04
4.240000e+00 -6.514381e-04
4.250000e+00 -6.321921e-04
4.260000e+00 -6.133411e-04
4.270000e+00 -5.950618e-04
4.280000e+00 -5.775307e-04
4.290000e+00 -5.609227e-04
4.300000e+00 -5.454098e-04
4.310000e+00 -5.311593e-04
4.320000e+00 -5.183322e-04
4.330000e+00 -5.070822e-04
4.340000e+00 -4.975536e-04
4.350000e+00 -4.898806e-04
4.360000e+00 -4.841855e-04
4.370000e+00 -4.805780e-04
4.380000e+00 -4.791537e-04
4.390000e+00 -4.799939e-04
4.400000e+00 -4.831642e-04
4.410000e+00 -4.887144e-04
4.420000e+00 -4.966779e-04
4.430000e+00 -5.070716e-04
4.440000e+00 -5.198961e-04
4.450000e+00 -5.351351e-04
4.460000e+00 -5.527568e-04
4.470000e+00 -5.727134e-04
4.480000e+00 -5.949422e-04
4.490000e+00 -6.193665e-04
4.500000e+00 -6.458962e-04
4.510000e+00 -6.744289e-04
4.520000e+00 -7.048508e-04
4.530000e+00 -7.370383e-04
4.540000e+00 -7.708587e-04
4.550000e+00 -8.061719e-04
4.560000e+00 -8.428310e-04
4.570000e+00 -8.806841e-04
4.580000e+00 -9.195753e-04
4.590000e+00 -9.593456e-04
4.600000e+00 -9.998343e-04
4.610000e+00 -1.040880e-03
4.620000e+00 -1.082320e-03
4.630000e+00 -1.123996e-03
4.640000e+00 -1.165746e-03
4.650000e+00 -1.207414e-03
4.660000e+00 -1.248846e-03
4.670000e+00 -1.289890e-03
4.680000e+00 -1.330397e-03
4.690000e+00 -1.370224e-03
4.700000e+00 -1.409227e-03
4.710000e+00 -1.447270e-03
4.720000e+00 -1.484218e-03
4.730000e+00 -1.519941e-03
4.740000e+00 -1.554310e-03
4.750000e+00 -1.587201e-03
4.760000e+00 -1.618493e-03
4.770000e+00 -1.648068e-03
4.780000e+00 -1.675809e-03
4.790000e+00 -1.701605e-03
4.800000e+00 -1.725344e-03
4.810000e+00 -1.746922e-03
4.820000e+00 -1.766232e-03
4.830000e+00 -1.783176e-03
4.840000e+00 -1.797656e-03
4.850000e+00 -1.809581e-03
4.860000e+00 -1.818861e-03
4.870000e+00 -1.825414e-03
4.880000e+00 -1.829164e-03
4.890000e+00 -1.830041e-03
4.900000e+00 -1.827982e-03
4.910000e+00 -1.822933e-03
4.920000e+00 -1.814850e-03
4.930000e+00 -1.803698e-03
4.940000e+00 -1.789455e-03
4.950000e+00 -1.772109e-03
4.960000e+00 -1.751663e-03
4.970000e+00 -1.728134e-03
4.980000e+00 -1.701552e-03
4.990000e+00 -1.671965e-03
5.000000e+00 -1.639434e-03
5.010000e+00 -1.604040e-03
5.020000e+00 -1.565880e-03
5.030000e+00 -1.525067e-03
5.040000e+00 -1.481733e-03
5.050000e+00 -1.436027e-03
5.060000e+00 -1.388114e-03
5.070000e+00 -1.338178e-03
5.080000e+00 -1.286417e-03
5.090000e+00 -1.233046e-03
5.100000e+00 -1.178293e-03
5.110000e+00 -1.122400e-03
5.120000e+00 -1.065623e-03
5.130000e+00 -1.008225e-03
5.140000e+00 -9.504809e-04
5.150000e+00 -8.926730e-04
5.160000e+00 -8.350886e-04
5.170000e+00 -7.780193e-04
5.180000e+00 -7.217589e-04
5.190000e+00 -6.666010e-04
5.200000e+00 -6.128374e-04
5.210000e+00 -5.607559e-04
5.220000e+00 -5.106384e-04
5.230000e+00 -4.627589e-04
5.240000e+00 -4.173815e-04
5.250000e+00 -3.747586e-04
5.260000e+00 -3.351291e-04
5.270000e+00 -2.987171e-04
5.280000e+00 -2.657297e-04
5.290000e+00 -2.363563e-04
5.300000e+00 -2.107672e-04
5.310000e+00 -1.891121e-04
5.320000e+00 -1.715201e-04
5.330000e+00 -1.580983e-04
5.340000e+00 -1.489315e-04
5.350000e+00 -1.440824e-04
5.360000e+00 -1.435909e-04
5.370000e+00 -1.474744e-04
5.380000e+00 -1.557286e-04
5.390000e+00 -1.683273e-04
5.400000e+00 -1.852238e-04
5.410000e+00 -2.063514e-04
5.420000e+00 -2.316243e-04
5.430000e+00 -2.609395e-04
5.440000e+00 -2.941774e-04
5.450000e+00 -3.312037e-04
5.460000e+00 -3.718708e-04
5.470000e+00 -4.160196e-04
5.480000e+00 -4.634811e-04
5.490000e+00 -5.140779e-04
5.500000e+00 -5.676266e-04
5.510000e+00 -6.239388e-04
5.520000e+00 -6.828235e-04
5.530000e+00 -7.440882e-04
5.540000e+00 -8.075408e-04
5.550000e+00 -8.729913e-04
5.560000e+00 -9.402526e-04
5.570000e+00 -1.009142e-03
5.580000e+00 -1.079484e-03
5.590000e+00 -1.151107e-03
5.600000e+00 -1.223849e-03
5.610000e+00 -1.297556e-03
5.620000e+00 -1.372081e-03
5.630000e+00 -1.447287e-03
5.640000e+00 -1.523046e-03
5.650000e+00 -1.599238e-03
5.660000e+00 -1.675753e-03
5.670000e+00 -1.752488e-03
5.680000e+00 -1.829348e-03
5.690000e+00 -1.906244e-03
5.700000e+00 -1.983095e-03
5.710000e+00 -2.059823e-03
5.720000e+00 -2.136356e-03
5.730000e+00 -2.212624e-03
5.740000e+00 -2.288559e-03
5.750000e+00 -2.364094e-03
5.760000e+00 -2.439162e-03
5.770000e+00 -2.513695e-03
5.780000e+00 -2.587621e-03
5.790000e+00 -2.660866e-03
5.800000e+00 -2.733351e-03
5.810000e+00 -2.804994e-03
5.820000e+00 -2.875705e-03
5.830000e+00 -2.945388e-03
5.840000e+00 -3.013943e-03
5.850000e+00 -3.081260e-03
5.860000e+00 -3.147226e-03
5.870000e+00 -3.211719e-03
5.880000e+00 -3.274613e-03
5.890000e+00 -3.335775e-03
5.900000e+00 -3.395067e-03
5.910000e+00 -3.452349e-03
5.920000e+00 -3.507477e-03
5.930000e+00 -3.560304e-03
5.940000e+00 -3.610684e-03
5.950000e+00 -3.658471e-03
5.960000e+00 -3.703522e-03
5.970000e+00 -3.745695e-03
5.980000e+00 -3.784856e-03
5.990000e+00 -3.820874e-03
6.000000e+00 -3.853629e-03
6.010000e+00 -3.883007e-03
6.020000e+00 -3.908905e-03
6.030000e+00 -3.931234e-03
6.040000e+00 -3.949913e-03
6.050000e+00 -3.964878e-03
6.060000e+00 -3.976077e-03
6.070000e+00 -3.983474e-03
6.080000e+00 -3.987046e-03
6.090000e+00 -3.986789e-03
6.100000e+00 -3.982711e-03
6.110000e+00 -3.974837e-03
6.120000e+00 -3.963206e-03
6.130000e+00 -3.947874e-03
6.140000e+00 -3.928907e-03
6.150000e+00 -3.906389e-03
6.160000e+00 -3.880413e-03
6.170000e+00 -3.851084e-03
6.180000e+00 -3.818517e-03
6.190000e+00 -3.782838e-03
6.200000e+00 -3.744178e-03
6.210000e+00 -3.702677e-03
6.220000e+00 -3.658477e-03
6.230000e+00 -3.611727e-03
6.240000e+00 -3.562578e-03
6.250000e+00 -3.511181e-03
6.260000e+00 -3.457687e-03
6.270000e+00 -3.402248e-03
6.280000e+00 -3.345013e-03
6.290000e+00 -3.286127e-03
6.300000e+00 -3.225735e-03
6.310000e+00 -3.163973e-03
6.320000e+00 -3.100977e-03
6.330000e+00 -3.036875e-03
6.340000e+00 -2.971790e-03
6.350000e+00 -2.905841e-03
6.360000e+00 -2.839141e-03
6.370000e+00 -2.771797e-03
6.380000e+00 -2.703912e-03
6.390000e+00 -2.635585e-03
6.400000e+00 -2.566910e-03
6.410000e+00 -2.497977e-03
6.420000e+00 -2.428874e-03
6.430000e+00 -2.359686e-03
6.440000e+00 -2.290497e-03
6.450000e+00 -2.221389e-03
6.460000e+00 -2.152445e-03
6.470000e+00 -2.083745e-03
6.480000e+00 -2.015372e-03
6.490000e+00 -1.947411e-03
6.500000e+00 -1.879946e-03
6.510000e+00 -1.813064e-03
6.520000e+00 -1.746854e-03
6.530000e+00 -1.681408e-03
6.540000e+00 -1.616819e-03
6.550000e+00 -1.553183e-03
6.560000e+00 -1.490597e-03
6.570000e+00 -1.429163e-03
6.580000e+00 -1.368980e-03
6.590000e+00 -1.310151e-03
6.600000e+00 -1.252780e-03
6.610000e+00 -1.196968e-03
6.620000e+00 -1.142819e-03
6.630000e+00 -1.090433e-03
6.640000e+00 -1.039909e-03
6.650000e+00 -9.913436e-04
6.660000e+00 -9.448284e-04
6.670000e+00 -9.004523e-04
6.680000e+00 -8.582986e-04
6.690000e+00 -8.184450e-04
6.700000e+00 -7.809631e-04
6.710000e+00 -7.459176e-04
6.720000e+00 -7.133659e-04
6.730000e+00 -6.833578e-04
6.740000e+00 -6.559350e-04
6.750000e+00 -6.311308e-04
6.760000e+00 -6.089703e-04
6.770000e+00 -5.894700e-04
6.780000e+00 -5.726378e-04
6.790000e+00 -5.584735e-04
6.800000e+00 -5.469687e-04
6.810000e+00 -5.381072e-04
6.820000e+00 -5.318651e-04
6.830000e+00 -5.282117e-04
6.840000e+00 -5.271097e-04
6.850000e+00 -5.285156e-04
6.860000e+00 -5.323805e-04
6.870000e+00 -5.386505e-04
6.880000e+00 -5.472672e-04
6.890000e+00 -5.581684e-04
6.900000e+00 -5.712888e-04
6.910000e+00 -5.865599e-04
6.920000e+00 -6.039110e-04
6.930000e+00 -6.232696e-04
6.940000e+00 -6.445613e-04
6.950000e+00 -6.677104e-04
6.960000e+00 -6.926402e-04
6.970000e+00 -7.192727e-04
6.980000e+00 -7.475290e-04
6.990000e+00 -7.773290e-04
7.000000e+00 -8.085917e-04
7.010000e+00 -8.412342e-04
7.020000e+00 -8.751723e-04
7.030000e+00 -9.103197e-04
7.040000e+00 -9.465875e-04
7.050000e+00 -9.838841e-04
7.060000e+00 -1.022115e-03
7.070000e+00 -1.061180e-03
7.080000e+00 -1.100978e-03
7.090000e+00 -1.141400e-03
7.100000e+00 -1.182334e-03
7.110000e+00 -1.223660e-03
7.120000e+00 -1.265255e-03
7.130000e+00 -1.306987e-03
7.140000e+00 -1.348719e-03
7.150000e+00 -1.390307e-03
7.160000e+00 -1.431600e-03
7.170000e+00 -1.472443e-03
7.180000e+00 -1.512670e-03
7.190000e+00 -1.552114e-03
7.200000e+00 -1.590599e-03
7.210000e+00 -1.627946e-03
7.220000e+00 -1.663971e-03
7.230000e+00 -1.698488e-03
7.240000e+00 -1.731306e-03
7.250000e+00 -1.762236e-03
7.260000e+00 -1.791088e-03
7.270000e+00 -1.817671e-03
7.280000e+00 -1.841801e-03
7.290000e+00 -1.863293e-03
7.300000e+00 -1.881972e-03
7.310000e+00 -1.897667e-03
7.320000e+00 -1.910217e-03
7.330000e+00 -1.919470e-03
7.340000e+00 -1.925286e-03
7.350000e+00 -1.927537e-03
7.360000e+00 -1.926112e-03
7.370000e+00 -1.920910e-03
7.380000e+00 -1.911852e-03
7.390000e+00 -1.898872e-03
7.400000e+00 -1.881924e-03
7.410000e+00 -1.860983e-03
7.420000e+00 -1.836039e-03
7.430000e+00 -1.807106e-03
7.440000e+00 -1.774216e-03
7.450000e+00 -1.737421e-03
7.460000e+00 -1.696793e-03
7.470000e+00 -1.652424e-03
7.480000e+00 -1.604425e-03
7.490000e+00 -1.552923e-03
7.500000e+00 -1.498065e-03
7.510000e+00 -1.440013e-03
7.520000e+00 -1.378944e-03
7.530000e+00 -1.315049e-03
7.540000e+00 -1.248531e-03
7.550000e+00 -1.179604e-03
7.560000e+00 -1.108491e-03
7.570000e+00 -1.035422e-03
7.580000e+00 -9.606331e-04
7.590000e+00 -8.843651e-04
7.600000e+00 -8.068606e-04
7.610000e+00 -7.283627e-04
7.620000e+00 -6.491139e-04
7.630000e+00 -5.693539e-04
7.640000e+00 -4.893183e-04
7.650000e+00 -4.092374e-04
7.660000e+00 -3.293345e-04
7.670000e+00 -2.498250e-04
7.680000e+00 -1.709151e-04
7.690000e+00 -9.280104e-05
7.700000e+00 -1.566831e-05
7.710000e+00 6.030911e-05
7.720000e+00 1.349692e-04
7.730000e+00 2.081621e-04
7.740000e+00 2.797507e-04
7.750000e+00 3.496102e-04
7.760000e+00 4.176285e-04
7.770000e+00 4.837058e-04
7.780000e+00 5.477540e-04
7.790000e+00 6.096970e-04
7.800000e+00 6.694694e-04
7.810000e+00 7.270166e-04
7.820000e+00 7.822936e-04
7.830000e+00 8.352647e-04
7.840000e+00 8.859025e-04
7.850000e+00 9.341872e-04
7.860000e+00 9.801059e-04
7.870000e+00 1.023652e-03
7.880000e+00 1.064824e-03
7.890000e+00 1.103625e-03
7.900000e+00 1.140063e-03
7.910000e+00 1.174148e-03
7.920000e+00 1.205894e-03
7.930000e+00 1.235318e-03
7.940000e+00 1.262437e-03
7.950000e+00 1.287273e-03
7.960000e+00 1.309847e-03
7.970000e+00 1.330182e-03
7.980000e+00 1.348304e-03
7.990000e+00 1.364240e-03
8.000000e+00 1.378018e-03
8.010000e+00 1.389670e-03
8.020000e+00 1.399228e-03
8.030000e+00 1.406730e-03
8.040000e+00 1.412214e-03
8.050000e+00 1.415725e-03
8.060000e+00 1.417310e-03
8.070000e+00 1.417022e-03
8.080000e+00 1.414920e-03
8.090000e+00 1.411067e-03
8.100000e+00 1.405534e-03
8.110000e+00 1.398399e-03
8.120000e+00 1.389747e-03
8.130000e+00 1.379669e-03
8.140000e+00 1.368267e-03
8.150000e+00 1.355649e-03
8.160000e+00 1.341931e-03
8.170000e+00 1.327236e-03
8.180000e+00 1.311697e-03
8.190000e+00 1.295453e-03
8.200000e+00 1.278649e-03
8.210000e+00 1.261437e-03
8.220000e+00 1.243974e-03
8.230000e+00 1.226423e-03
8.240000e+00 1.208948e-03
8.250000e+00 1.191716e-03
8.260000e+00 1.174895e-03
8.270000e+00 1.158654e-03
8.280000e+00 1.143158e-03
8.290000e+00 1.128570e-03
8.300000e+00 1.115047e-03
8.310000e+00 1.102741e-03
8.320000e+00 1.091795e-03
8.330000e+00 1.082341e-03
8.340000e+00 1.074503e-03
8.350000e+00 1.068389e-03
8.360000e+00 1.064096e-03
8.370000e+00 1.061703e-03
8.380000e+00 1.061275e-03
8.390000e+00 1.062859e-03
8.400000e+00 1.066482e-03
8.410000e+00 1.072155e-03
8.420000e+00 1.079869e-03
8.430000e+00 1.089595e-03
8.440000e+00 1.101285e-03
8.450000e+00 1.114872e-03
8.460000e+00 1.130272e-03
8.470000e+00 1.147379e-03
8.480000e+00 1.166075e-03
8.490000e+00 1.186223e-03
8.500000e+00 1.207673e-03
8.510000e+00 1.230260e-03
8.520000e+00 1.253811e-03
8.530000e+00 1.278141e-03
8.540000e+00 1.303057e-03
8.550000e+00 1.328362e-03
8.560000e+00 1.353856e-03
8.570000e+00 1.379335e-03
8.580000e+00 1.404599e-03
8.590000e+00 1.429447e-03
8.600000e+00 1.453687e-03
8.610000e+00 1.477132e-03
8.620000e+00 1.499603e-03
8.630000e+00 1.520932e-03
8.640000e+00 1.540966e-03
8.650000e+00 1.559561e-03
8.660000e+00 1.576592e-03
8.670000e+00 1.591948e-03
8.680000e+00 1.605534e-03
8.690000e+00 1.617275e-03
8.700000e+00 1.627112e-03
8.710000e+00 1.635006e-03
8.720000e+00 1.640933e-03
8.730000e+00 1.644890e-03
8.740000e+00 1.646890e-03
8.750000e+00 1.646965e-03
8.760000e+00 1.645159e-03
8.770000e+00 1.641535e-03
8.780000e+00 1.636170e-03
8.790000e+00 1.629151e-03
8.800000e+00 1.620581e-03
8.810000e+00 1.610569e-03
8.820000e+00 1.599237e-03
8.830000e+00 1.586712e-03
8.840000e+00 1.573129e-03
8.850000e+00 1.558626e-03
8.860000e+00 1.543347e-03
8.870000e+00 1.527436e-03
8.880000e+00 1.511039e-03
8.890000e+00 1.494301e-03
8.900000e+00 1.477365e-03
8.910000e+00 1.460375e-03
8.920000e+00 1.443467e-03
8.930000e+00 1.426775e-03
8.940000e+00 1.410429e-03
8.950000e+00 1.394552e-03
8.960000e+00 1.379261e-03
8.970000e+00 1.364666e-03
8.980000e+00 1.350871e-03
8.990000e+00 1.337971e-03
9.000000e+00 1.326054e-03
9.010000e+00 1.315201e-03
9.020000e+00 1.305483e-03
9.030000e+00 1.296963e-03
9.040000e+00 1.289697e-03
9.050000e+00 1.283730e-03
9.060000e+00 1.279101e-03
9.070000e+00 1.275837e-03
9.080000e+00 1.273958e-03
9.090000e+00 1.273476e-03
9.100000e+00 1.274391e-03
9.110000e+00 1.276698e-03
9.120000e+00 1.280378e-03
9.130000e+00 1.285408e-03
9.140000e+00 1.291754e-03
9.150000e+00 1.299371e-03
9.160000e+00 1.308208e-03
9.170000e+00 1.318206e-03
9.180000e+00 1.329296e-03
9.190000e+00 1.341401e-03
9.200000e+00 1.354439e-03
9.210000e+00 1.368318e-03
9.220000e+00 1.382943e-03
9.230000e+00 1.398212e-03
9.240000e+00 1.414016e-03
9.250000e+00 1.430246e-03
9.260000e+00 1.446788e-03
9.270000e+00 1.463526e-03
9.280000e+00 1.480344e-03
9.290000e+00 1.497126e-03
9.300000e+00 1.513757e-03
9.310000e+00 1.530127e-03
9.320000e+00 1.546127e-03
9.330000e+00 1.561656e-03
9.340000e+00 1.576617e-03
9.350000e+00 1.590923e-03
9.360000e+00 1.604493e-03
9.370000e+00 1.617259e-03
9.380000e+00 1.629159e-03
9.390000e+00 1.640146e-03
9.400000e+00 1.650183e-03
9.410000e+00 1.659246e-03
9.420000e+00 1.667322e-03
9.430000e+00 1.674412e-03
9.440000e+00 1.680527e-03
9.450000e+00 1.685694e-03
9.460000e+00 1.689947e-03
9.470000e+00 1.693334e-03
9.480000e+00 1.695910e-03
9.490000e+00 1.697743e-03
9.500000e+00 1.698904e-03
9.510000e+00 1.699474e-03
9.520000e+00 1.699538e-03
9.530000e+00 1.699184e-03
9.540000e+00 1.698502e-03
9.550000e+00 1.697584e-03
9.560000e+00 1.696520e-03
9.570000e+00 1.695397e-03
9.580000e+00 1.694298e-03
9.590000e+00 1.693302e-03
9.600000e+00 1.692481e-03
9.610000e+00 1.691897e-03
9.620000e+00 1.691606e-03
9.630000e+00 1.691652e-03
9.640000e+00 1.692072e-03
9.650000e+00 1.692889e-03
9.660000e+00 1.694117e-03
9.670000e+00 1.695758e-03
9.680000e+00 1.697804e-03
9.690000e+00 1.700235e-03
9.700000e+00 1.703022e-03
9.710000e+00 1.706127e-03
9.720000e+00 1.709503e-03
9.730000e+00 1.713095e-03
9.740000e+00 1.716842e-03
9.750000e+00 1.720677e-03
9.760000e+00 1.724530e-03
9.770000e+00 1.728327e-03
9.780000e+00 1.731991e-03
9.790000e+00 1.735448e-03
9.800000e+00 1.738622e-03
9.810000e+00 1.741439e-03
9.820000e+00 1.743827e-03
9.830000e+00 1.745721e-03
9.840000e+00 1.747055e-03
9.850000e+00 1.747773e-03
9.860000e+00 1.747821e-03
9.870000e+00 1.747152e-03
9.880000e+00 1.745725e-03
9.890000e+00 1.743505e-03
9.900000e+00 1.740461e-03
9.910000e+00 1.736570e-03
9.920000e+00 1.731811e-03
9.930000e+00 1.726169e-03
9.940000e+00 1.719633e-03
9.950000e+00 1.712193e-03
9.960000e+00 1.703844e-03
9.970000e+00 1.694580e-03
9.980000e+00 1.684397e-03
9.990000e+00 1.673288e-03
1.000000e+01 1.661248e-03
