# sigma2_v 6.635823756269178e+00
0.000000e+00 1.000000e+00
1.000000e-02 9.996683e-01
2.000000e-02 9.986738e-01
3.000000e-02 9.970190e-01
4.000000e-02 9.947074e-01
5.000000e-02 9.917444e-01
6.000000e-02 9.881366e-01
7.000000e-02 9.838921e-01
8.000000e-02 9.790204e-01
9.000000e-02 9.735325e-01
1.000000e-01 9.674404e-01
1.100000e-01 9.607575e-01
1.200000e-01 9.534984e-01
1.300000e-01 9.456789e-01
1.400000e-01 9.373158e-01
1.500000e-01 9.284268e-01
1.600000e-01 9.190307e-01
1.700000e-01 9.091471e-01
1.800000e-01 8.987963e-01
1.900000e-01 8.879994e-01
2.000000e-01 8.767781e-01
2.100000e-01 8.651545e-01
2.200000e-01 8.531515e-01
2.300000e-01 8.407920e-01
2.400000e-01 8.280995e-01
2.500000e-01 8.150976e-01
2.600000e-01 8.018100e-01
2.700000e-01 7.882605e-01
2.800000e-01 7.744731e-01
2.900000e-01 7.604714e-01
3.000000e-01 7.462792e-01
3.100000e-01 7.319198e-01
3.200000e-01 7.174164e-01
3.300000e-01 7.027920e-01
3.400000e-01 6.880689e-01
3.500000e-01 6.732692e-01
3.600000e-01 6.584145e-01
3.700000e-01 6.435257e-01
3.800000e-01 6.286235e-01
3.900000e-01 6.137275e-01
4.000000e-01 5.988571e-01
4.100000e-01 5.840307e-01
4.200000e-01 5.692662e-01
4.300000e-01 5.545806e-01
4.400000e-01 5.399904e-01
4.500000e-01 5.255111e-01
4.600000e-01 5.111575e-01
4.700000e-01 4.969436e-01
4.800000e-01 4.828826e-01
4.900000e-01 4.689869e-01
5.000000e-01 4.552680e-01
5.100000e-01 4.417368e-01
5.200000e-01 4.284031e-01
5.300000e-01 4.152762e-01
5.400000e-01 4.023644e-01
5.500000e-01 3.896753e-01
5.600000e-01 3.772158e-01
5.700000e-01 3.649918e-01
5.800000e-01 3.530088e-01
5.900000e-01 3.412714e-01
6.000000e-01 3.297835e-01
6.100000e-01 3.185484e-01
6.200000e-01 3.075686e-01
6.300000e-01 2.968463e-01
6.400000e-01 2.863827e-01
6.500000e-01 2.761788e-01
6.600000e-01 2.662348e-01
6.700000e-01 2.565505e-01
6.800000e-01 2.471252e-01
6.900000e-01 2.379577e-01
7.000000e-01 2.290466e-01
7.100000e-01 2.203897e-01
7.200000e-01 2.119848e-01
7.300000e-01 2.038292e-01
7.400000e-01 1.959200e-01
7.500000e-01 1.882537e-01
7.600000e-01 1.808270e-01
7.700000e-01 1.736359e-01
7.800000e-01 1.666767e-01
7.900000e-01 1.599451e-01
8.000000e-01 1.534368e-01
8.100000e-01 1.471473e-01
8.200000e-01 1.410721e-01
8.300000e-01 1.352065e-01
8.400000e-01 1.295458e-01
8.500000e-01 1.240852e-01
8.600000e-01 1.188198e-01
8.700000e-01 1.137446e-01
8.800000e-01 1.088549e-01
8.900000e-01 1.041457e-01
9.000000e-01 9.961216e-02
9.100000e-01 9.524932e-02
9.200000e-01 9.105237e-02
9.300000e-01 8.701651e-02
9.400000e-01 8.313697e-02
9.500000e-01 7.940905e-02
9.600000e-01 7.582812e-02
9.700000e-01 7.238960e-02
9.800000e-01 6.908899e-02
9.900000e-01 6.592188e-02
1.000000e+00 6.288394e-02
1.010000e+00 5.997090e-02
1.020000e+00 5.717863e-02
1.030000e+00 5.450304e-02
1.040000e+00 5.194018e-02
1.050000e+00 4.948616e-02
1.060000e+00 4.713721e-02
1.070000e+00 4.488965e-02
1.080000e+00 4.273989e-02
1.090000e+00 4.068445e-02
1.100000e+00 3.871994e-02
1.110000e+00 3.684306e-02
1.120000e+00 3.505063e-02
1.130000e+00 3.333953e-02
1.140000e+00 3.170676e-02
1.150000e+00 3.014939e-02
1.160000e+00 2.866459e-02
1.170000e+00 2.724961e-02
1.180000e+00 2.590180e-02
1.190000e+00 2.461856e-02
1.200000e+00 2.339740e-02
1.210000e+00 2.223588e-02
1.220000e+00 2.113166e-02
1.230000e+00 2.008245e-02
1.240000e+00 1.908605e-02
1.250000e+00 1.814031e-02
1.260000e+00 1.724315e-02
1.270000e+00 1.639255e-02
1.280000e+00 1.558656e-02
1.290000e+00 1.482328e-02
1.300000e+00 1.410087e-02
1.310000e+00 1.341756e-02
1.320000e+00 1.277161e-02
1.330000e+00 1.216135e-02
1.340000e+00 1.158516e-02
1.350000e+00 1.104146e-02
1.360000e+00 1.052874e-02
1.370000e+00 1.004553e-02
1.380000e+00 9.590391e-03
1.390000e+00 9.161960e-03
1.400000e+00 8.758905e-03
1.410000e+00 8.379944e-03
1.420000e+00 8.023840e-03
1.430000e+00 7.689399e-03
1.440000e+00 7.375474e-03
1.450000e+00 7.080959e-03
1.460000e+00 6.804788e-03
1.470000e+00 6.545939e-03
1.480000e+00 6.303430e-03
1.490000e+00 6.076316e-03
1.500000e+00 5.863691e-03
1.510000e+00 5.664686e-03
1.520000e+00 5.478468e-03
1.530000e+00 5.304238e-03
1.540000e+00 5.141231e-03
1.550000e+00 4.988714e-03
1.560000e+00 4.845987e-03
1.570000e+00 4.712378e-03
1.580000e+00 4.587247e-03
1.590000e+00 4.469982e-03
1.600000e+00 4.359999e-03
1.610000e+00 4.256741e-03
1.620000e+00 4.159679e-03
1.630000e+00 4.068311e-03
1.640000e+00 3.982159e-03
1.650000e+00 3.900774e-03
1.660000e+00 3.823731e-03
1.670000e+00 3.750633e-03
1.680000e+00 3.681105e-03
1.690000e+00 3.614803e-03
1.700000e+00 3.551405e-03
1.710000e+00 3.490619e-03
1.720000e+00 3.432175e-03
1.730000e+00 3.375834e-03
1.740000e+00 3.321379e-03
1.750000e+00 3.268621e-03
1.760000e+00 3.217398e-03
1.770000e+00 3.167571e-03
1.780000e+00 3.119028e-03
1.790000e+00 3.071679e-03
1.800000e+00 3.025460e-03
1.810000e+00 2.980327e-03
1.820000e+00 2.936257e-03
1.830000e+00 2.893250e-03
1.840000e+00 2.851319e-03
1.850000e+00 2.810497e-03
1.860000e+00 2.770831e-03
1.870000e+00 2.732380e-03
1.880000e+00 2.695214e-03
1.890000e+00 2.659411e-03
1.900000e+00 2.625056e-03
1.910000e+00 2.592239e-03
1.920000e+00 2.561050e-03
1.930000e+00 2.531582e-03
1.940000e+00 2.503926e-03
1.950000e+00 2.478166e-03
1.960000e+00 2.454385e-03
1.970000e+00 2.432657e-03
1.980000e+00 2.413048e-03
1.990000e+00 2.395617e-03
2.000000e+00 2.380410e-03
2.010000e+00 2.367464e-03
2.020000e+00 2.356802e-03
2.030000e+00 2.348439e-03
2.040000e+00 2.342374e-03
2.050000e+00 2.338598e-03
2.060000e+00 2.337086e-03
2.070000e+00 2.337805e-03
2.080000e+00 2.340710e-03
2.090000e+00 2.345744e-03
2.100000e+00 2.352843e-03
2.110000e+00 2.361931e-03
2.120000e+00 2.372926e-03
2.130000e+00 2.385736e-03
2.140000e+00 2.400264e-03
2.150000e+00 2.416407e-03
2.160000e+00 2.434053e-03
2.170000e+00 2.453089e-03
2.180000e+00 2.473396e-03
2.190000e+00 2.494850e-03
2.200000e+00 2.517325e-03
2.210000e+00 2.540689e-03
2.220000e+00 2.564811e-03
2.230000e+00 2.589553e-03
2.240000e+00 2.614778e-03
2.250000e+00 2.640343e-03
2.260000e+00 2.666106e-03
2.270000e+00 2.691920e-03
2.280000e+00 2.717638e-03
2.290000e+00 2.743111e-03
2.300000e+00 2.768188e-03
2.310000e+00 2.792717e-03
2.320000e+00 2.816547e-03
2.330000e+00 2.839525e-03
2.340000e+00 2.861500e-03
2.350000e+00 2.882322e-03
2.360000e+00 2.901845e-03
2.370000e+00 2.919923e-03
2.380000e+00 2.936416e-03
2.390000e+00 2.951192e-03
2.400000e+00 2.964121e-03
2.410000e+00 2.975084e-03
2.420000e+00 2.983969e-03
2.430000e+00 2.990675e-03
2.440000e+00 2.995113e-03
2.450000e+00 2.997204e-03
2.460000e+00 2.996883e-03
2.470000e+00 2.994100e-03
2.480000e+00 2.988816e-03
2.490000e+00 2.981009e-03
2.500000e+00 2.970674e-03
2.510000e+00 2.957816e-03
2.520000e+00 2.942460e-03
2.530000e+00 2.924643e-03
2.540000e+00 2.904414e-03
2.550000e+00 2.881840e-03
2.560000e+00 2.856994e-03
2.570000e+00 2.829966e-03
2.580000e+00 2.800850e-03
2.590000e+00 2.769751e-03
2.600000e+00 2.736780e-03
2.610000e+00 2.702052e-03
2.620000e+00 2.665686e-03
2.630000e+00 2.627800e-03
2.640000e+00 2.588516e-03
2.650000e+00 2.547949e-03
2.660000e+00 2.506213e-03
2.670000e+00 2.463419e-03
2.680000e+00 2.419668e-03
2.690000e+00 2.375057e-03
2.700000e+00 2.329675e-03
2.710000e+00 2.283601e-03
2.720000e+00 2.236907e-03
2.730000e+00 2.189654e-03
2.740000e+00 2.141898e-03
2.750000e+00 2.093682e-03
2.760000e+00 2.045045e-03
2.770000e+00 1.996017e-03
2.780000e+00 1.946623e-03
2.790000e+00 1.896882e-03
2.800000e+00 1.846809e-03
2.810000e+00 1.796416e-03
2.820000e+00 1.745716e-03
2.830000e+00 1.694720e-03
2.840000e+00 1.643438e-03
2.850000e+00 1.591886e-03
2.860000e+00 1.540082e-03
2.870000e+00 1.488048e-03
2.880000e+00 1.435810e-03
2.890000e+00 1.383402e-03
2.900000e+00 1.330861e-03
2.910000e+00 1.278235e-03
2.920000e+00 1.225574e-03
2.930000e+00 1.172936e-03
2.940000e+00 1.120384e-03
2.950000e+00 1.067989e-03
2.960000e+00 1.015822e-03
2.970000e+00 9.639599e-04
2.980000e+00 9.124830e-04
2.990000e+00 8.614714e-04
3.000000e+00 8.110056e-04
3.010000e+00 7.611649e-04
3.020000e+00 7.120262e-04
3.030000e+00 6.636624e-04
3.040000e+00 6.161414e-04
3.050000e+00 5.695250e-04
3.060000e+00 5.238676e-04
3.070000e+00 4.792152e-04
3.080000e+00 4.356052e-04
3.090000e+00 3.930649e-04
3.100000e+00 3.516120e-04
3.110000e+00 3.112535e-04
3.120000e+00 2.719861e-04
3.130000e+00 2.337960e-04
3.140000e+00 1.966597e-04
3.150000e+00 1.605437e-04
3.160000e+00 1.254057e-04
3.170000e+00 9.119507e-05
3.180000e+00 5.785372e-05
3.190000e+00 2.531706e-05
3.200000e+00 -6.484941e-06
3.210000e+00 -3.762675e-05
3.220000e+00 -6.818614e-05
3.230000e+00 -9.824312e-05
3.240000e+00 -1.278788e-04
3.250000e+00 -1.571744e-04
3.260000e+00 -1.862103e-04
3.270000e+00 -2.150649e-04
3.280000e+00 -2.438140e-04
3.290000e+00 -2.725301e-04
3.300000e+00 -3.012814e-04
3.310000e+00 -3.301314e-04
3.320000e+00 -3.591387e-04
3.330000e+00 -3.883560e-04
3.340000e+00 -4.178303e-04
3.350000e+00 -4.476026e-04
3.360000e+00 -4.777075e-04
3.370000e+00 -5.081734e-04
3.380000e+00 -5.390220e-04
3.390000e+00 -5.702688e-04
3.400000e+00 -6.019229e-04
3.410000e+00 -6.339867e-04
3.420000e+00 -6.664566e-04
3.430000e+00 -6.993224e-04
3.440000e+00 -7.325675e-04
3.450000e+00 -7.661692e-04
3.460000e+00 -8.000984e-04
3.470000e+00 -8.343199e-04
3.480000e+00 -8.687919e-04
3.490000e+00 -9.034666e-04
3.500000e+00 -9.382901e-04
3.510000e+00 -9.732020e-04
3.520000e+00 -1.008136e-03
3.530000e+00 -1.043020e-03
3.540000e+00 -1.077776e-03
3.550000e+00 -1.112321e-03
3.560000e+00 -1.146565e-03
3.570000e+00 -1.180415e-03
3.580000e+00 -1.213773e-03
3.590000e+00 -1.246538e-03
3.600000e+00 -1.278603e-03
3.610000e+00 -1.309863e-03
3.620000e+00 -1.340207e-03
3.630000e+00 -1.369526e-03
3.640000e+00 -1.397711e-03
3.650000e+00 -1.424651e-03
3.660000e+00 -1.450242e-03
3.670000e+00 -1.474380e-03
3.680000e+00 -1.496966e-03
3.690000e+00 -1.517907e-03
3.700000e+00 -1.537114e-03
3.710000e+00 -1.554509e-03
3.720000e+00 -1.570017e-03
3.730000e+00 -1.583577e-03
3.740000e+00 -1.595133e-03
3.750000e+00 -1.604641e-03
3.760000e+00 -1.612066e-03
3.770000e+00 -1.617385e-03
3.780000e+00 -1.620582e-03
3.790000e+00 -1.621654e-03
3.800000e+00 -1.620607e-03
3.810000e+00 -1.617454e-03
3.820000e+00 -1.612220e-03
3.830000e+00 -1.604935e-03
3.840000e+00 -1.595636e-03
3.850000e+00 -1.584368e-03
3.860000e+00 -1.571178e-03
3.870000e+00 -1.556119e-03
3.880000e+00 -1.539245e-03
3.890000e+00 -1.520610e-03
3.900000e+00 -1.500272e-03
3.910000e+00 -1.478286e-03
3.920000e+00 -1.454704e-03
3.930000e+00 -1.429577e-03
3.940000e+00 -1.402953e-03
3.950000e+00 -1.374876e-03
3.960000e+00 -1.345384e-03
3.970000e+00 -1.314513e-03
3.980000e+00 -1.282292e-03
3.990000e+00 -1.248748e-03
4.000000e+00 -1.213901e-03
4.010000e+00 -1.177770e-03
4.020000e+00 -1.140370e-03
4.030000e+00 -1.101714e-03
4.040000e+00 -1.061812e-03
4.050000e+00 -1.020676e-03
4.060000e+00 -9.783176e-04
4.070000e+00 -9.347495e-04
4.080000e+00 -8.899880e-04
4.090000e+00 -8.440532e-04
4.100000e+00 -7.969703e-04
4.110000e+00 -7.487702e-04
4.120000e+00 -6.994907e-04
4.130000e+00 -6.491775e-04
4.140000e+00 -5.978841e-04
4.150000e+00 -5.456730e-04
4.160000e+00 -4.926155e-04
4.170000e+00 -4.387923e-04
4.180000e+00 -3.842929e-04
4.190000e+00 -3.292158e-04
4.200000e+00 -2.736677e-04
4.210000e+00 -2.177633e-04
4.220000e+00 -1.616244e-04
4.230000e+00 -1.053789e-04
4.240000e+00 -4.915998e-05
4.250000e+00 6.895149e-06
4.260000e+00 6.264629e-05
4.270000e+00 1.179516e-04
4.280000e+00 1.726686e-04
4.290000e+00 2.266559e-04
4.300000e+00 2.797739e-04
4.310000e+00 3.318863e-04
4.320000e+00 3.828612e-04
4.330000e+00 4.325718e-04
4.340000e+00 4.808977e-04
4.350000e+00 5.277257e-04
4.360000e+00 5.729500e-04
4.370000e+00 6.164733e-04
4.380000e+00 6.582067e-04
4.390000e+00 6.980704e-04
4.400000e+00 7.359937e-04
4.410000e+00 7.719145e-04
4.420000e+00 8.057799e-04
4.430000e+00 8.375455e-04
4.440000e+00 8.671753e-04
4.450000e+00 8.946410e-04
4.460000e+00 9.199217e-04
4.470000e+00 9.430036e-04
4.480000e+00 9.638788e-04
4.490000e+00 9.825455e-04
4.500000e+00 9.990068e-04
4.510000e+00 1.013270e-03
4.520000e+00 1.025348e-03
4.530000e+00 1.035255e-03
4.540000e+00 1.043009e-03
4.550000e+00 1.048632e-03
4.560000e+00 1.052146e-03
4.570000e+00 1.053577e-03
4.580000e+00 1.052951e-03
4.590000e+00 1.050296e-03
4.600000e+00 1.045642e-03
4.610000e+00 1.039019e-03
4.620000e+00 1.030458e-03
4.630000e+00 1.019992e-03
4.640000e+00 1.007654e-03
4.650000e+00 9.934768e-04
4.660000e+00 9.774962e-04
4.670000e+00 9.597470e-04
4.680000e+00 9.402651e-04
4.690000e+00 9.190866e-04
4.700000e+00 8.962483e-04
4.710000e+00 8.717869e-04
4.720000e+00 8.457392e-04
4.730000e+00 8.181421e-04
4.740000e+00 7.890320e-04
4.750000e+00 7.584448e-04
4.760000e+00 7.264158e-04
4.770000e+00 6.929792e-04
4.780000e+00 6.581681e-04
4.790000e+00 6.220145e-04
4.800000e+00 5.845487e-04
4.810000e+00 5.457993e-04
4.820000e+00 5.057936e-04
4.830000e+00 4.645569e-04
4.840000e+00 4.221129e-04
4.850000e+00 3.784835e-04
4.860000e+00 3.336894e-04
4.870000e+00 2.877497e-04
4.880000e+00 2.406828e-04
4.890000e+00 1.925061e-04
4.900000e+00 1.432367e-04
4.910000e+00 9.289207e-05
4.920000e+00 4.148985e-05
4.930000e+00 -1.095107e-05
4.940000e+00 -6.441029e-05
4.950000e+00 -1.188653e-04
4.960000e+00 -1.742910e-04
4.970000e+00 -2.306590e-04
4.980000e+00 -2.879374e-04
4.990000e+00 -3.460902e-04
5.000000e+00 -4.050767e-04
5.010000e+00 -4.648516e-04
5.020000e+00 -5.253641e-04
5.030000e+00 -5.865582e-04
5.040000e+00 -6.483722e-04
5.050000e+00 -7.107387e-04
5.060000e+00 -7.735848e-04
5.070000e+00 -8.368319e-04
5.080000e+00 -9.003961e-04
5.090000e+00 -9.641882e-04
5.100000e+00 -1.028114e-03
5.110000e+00 -1.092075e-03
5.120000e+00 -1.155969e-03
5.130000e+00 -1.219689e-03
5.140000e+00 -1.283125e-03
5.150000e+00 -1.346166e-03
5.160000e+00 -1.408696e-03
5.170000e+00 -1.470600e-03
5.180000e+00 -1.531760e-03
5.190000e+00 -1.592059e-03
5.200000e+00 -1.651378e-03
5.210000e+00 -1.709600e-03
5.220000e+00 -1.766608e-03
5.230000e+00 -1.822285e-03
5.240000e+00 -1.876518e-03
5.250000e+00 -1.929195e-03
5.260000e+00 -1.980205e-03
5.270000e+00 -2.029441e-03
5.280000e+00 -2.076799e-03
5.290000e+00 -2.122176e-03
5.300000e+00 -2.165474e-03
5.310000e+00 -2.206600e-03
5.320000e+00 -2.245462e-03
5.330000e+00 -2.281975e-03
5.340000e+00 -2.316056e-03
5.350000e+00 -2.347630e-03
5.360000e+00 -2.376623e-03
5.370000e+00 -2.402971e-03
5.380000e+00 -2.426613e-03
5.390000e+00 -2.447496e-03
5.400000e+00 -2.465574e-03
5.410000e+00 -2.480806e-03
5.420000e+00 -2.493162e-03
5.430000e+00 -2.502618e-03
5.440000e+00 -2.509160e-03
5.450000e+00 -2.512781e-03
5.460000e+00 -2.513485e-03
5.470000e+00 -2.511285e-03
5.480000e+00 -2.506204e-03
5.490000e+00 -2.498276e-03
5.500000e+00 -2.487543e-03
5.510000e+00 -2.474058e-03
5.520000e+00 -2.457884e-03
5.530000e+00 -2.439093e-03
5.540000e+00 -2.417767e-03
5.550000e+00 -2.393995e-03
5.560000e+00 -2.367875e-03
5.570000e+00 -2.339512e-03
5.580000e+00 -2.309017e-03
5.590000e+00 -2.276508e-03
5.600000e+00 -2.242104e-03
5.610000e+00 -2.205930e-03
5.620000e+00 -2.168111e-03
5.630000e+00 -2.128774e-03
5.640000e+00 -2.088046e-03
5.650000e+00 -2.046049e-03
5.660000e+00 -2.002905e-03
5.670000e+00 -1.958731e-03
5.680000e+00 -1.913638e-03
5.690000e+00 -1.867732e-03
5.700000e+00 -1.821111e-03
5.710000e+00 -1.773864e-03
5.720000e+00 -1.726074e-03
5.730000e+00 -1.677812e-03
5.740000e+00 -1.629141e-03
5.750000e+00 -1.580114e-03
5.760000e+00 -1.530775e-03
5.770000e+00 -1.481158e-03
5.780000e+00 -1.431288e-03
5.790000e+00 -1.381181e-03
5.800000e+00 -1.330845e-03
5.810000e+00 -1.280282e-03
5.820000e+00 -1.229486e-03
5.830000e+00 -1.178446e-03
5.840000e+00 -1.127147e-03
5.850000e+00 -1.075569e-03
5.860000e+00 -1.023692e-03
5.870000e+00 -9.714939e-04
5.880000e+00 -9.189516e-04
5.890000e+00 -8.660440e-04
5.900000e+00 -8.127518e-04
5.910000e+00 -7.590583e-04
5.920000e+00 -7.049509e-04
5.930000e+00 -6.504215e-04
5.940000e+00 -5.954671e-04
5.950000e+00 -5.400905e-04
5.960000e+00 -4.843008e-04
5.970000e+00 -4.281134e-04
5.980000e+00 -3.715507e-04
5.990000e+00 -3.146417e-04
6.000000e+00 -2.574223e-04
6.010000e+00 -1.999348e-04
6.020000e+00 -1.422284e-04
6.030000e+00 -8.435820e-05
6.040000e+00 -2.638518e-05
6.050000e+00 3.162417e-05
6.060000e+00 8.959840e-05
6.070000e+00 1.474615e-04
6.080000e+00 2.051335e-04
6.090000e+00 2.625307e-04
6.100000e+00 3.195666e-04
6.110000e+00 3.761521e-04
6.120000e+00 4.321960e-04
6.130000e+00 4.876054e-04
6.140000e+00 5.422865e-04
6.150000e+00 5.961447e-04
6.160000e+00 6.490850e-04
6.170000e+00 7.010127e-04
6.180000e+00 7.518336e-04
6.190000e+00 8.014540e-04
6.200000e+00 8.497820e-04
6.210000e+00 8.967269e-04
6.220000e+00 9.422001e-04
6.230000e+00 9.861156e-04
6.240000e+00 1.028390e-03
6.250000e+00 1.068943e-03
6.260000e+00 1.107698e-03
6.270000e+00 1.144583e-03
6.280000e+00 1.179529e-03
6.290000e+00 1.212474e-03
6.300000e+00 1.243361e-03
6.310000e+00 1.272138e-03
6.320000e+00 1.298760e-03
6.330000e+00 1.323190e-03
6.340000e+00 1.345396e-03
6.350000e+00 1.365357e-03
6.360000e+00 1.383056e-03
6.370000e+00 1.398488e-03
6.380000e+00 1.411656e-03
6.390000e+00 1.422569e-03
6.400000e+00 1.431249e-03
6.410000e+00 1.437723e-03
6.420000e+00 1.442029e-03
6.430000e+00 1.444213e-03
6.440000e+00 1.444328e-03
6.450000e+00 1.442436e-03
6.460000e+00 1.438604e-03
6.470000e+00 1.432907e-03
6.480000e+00 1.425426e-03
6.490000e+00 1.416246e-03
6.500000e+00 1.405455e-03
6.510000e+00 1.393146e-03
6.520000e+00 1.379414e-03
6.530000e+00 1.364354e-03
6.540000e+00 1.348062e-03
6.550000e+00 1.330633e-03
6.560000e+00 1.312162e-03
6.570000e+00 1.292739e-03
6.580000e+00 1.272455e-03
6.590000e+00 1.251395e-03
6.600000e+00 1.229639e-03
6.610000e+00 1.207266e-03
6.620000e+00 1.184347e-03
6.630000e+00 1.160952e-03
6.640000e+00 1.137143e-03
6.650000e+00 1.112980e-03
6.660000e+00 1.088516e-03
6.670000e+00 1.063804e-03
6.680000e+00 1.038890e-03
6.690000e+00 1.013820e-03
6.700000e+00 9.886362e-04
6.710000e+00 9.633805e-04
6.720000e+00 9.380936e-04
6.730000e+00 9.128164e-04
6.740000e+00 8.875906e-04
6.750000e+00 8.624596e-04
6.760000e+00 8.374688e-04
6.770000e+00 8.126665e-04
6.780000e+00 7.881040e-04
6.790000e+00 7.638364e-04
6.800000e+00 7.399226e-04
6.810000e+00 7.164255e-04
6.820000e+00 6.934118e-04
6.830000e+00 6.709522e-04
6.840000e+00 6.491211e-04
6.850000e+00 6.279958e-04
6.860000e+00 6.076563e-04
6.870000e+00 5.881846e-04
6.880000e+00 5.696638e-04
6.890000e+00 5.521777e-04
6.900000e+00 5.358091e-04
6.910000e+00 5.206397e-04
6.920000e+00 5.067486e-04
6.930000e+00 4.942115e-04
6.940000e+00 4.830996e-04
6.950000e+00 4.734787e-04
6.960000e+00 4.654084e-04
6.970000e+00 4.589412e-04
6.980000e+00 4.541217e-04
6.990000e+00 4.509862e-04
7.000000e+00 4.495617e-04
7.010000e+00 4.498661e-04
7.020000e+00 4.519074e-04
7.030000e+00 4.556838e-04
7.040000e+00 4.611836e-04
7.050000e+00 4.683853e-04
7.060000e+00 4.772579e-04
7.070000e+00 4.877610e-04
7.080000e+00 4.998454e-04
7.090000e+00 5.134536e-04
7.100000e+00 5.285201e-04
7.110000e+00 5.449727e-04
7.120000e+00 5.627324e-04
7.130000e+00 5.817145e-04
7.140000e+00 6.018295e-04
7.150000e+00 6.229835e-04
7.160000e+00 6.450791e-04
7.170000e+00 6.680161e-04
7.180000e+00 6.916921e-04
7.190000e+00 7.160032e-04
7.200000e+00 7.408448e-04
7.210000e+00 7.661116e-04
7.220000e+00 7.916986e-04
7.230000e+00 8.175014e-04
7.240000e+00 8.434166e-04
7.250000e+00 8.693419e-04
7.260000e+00 8.951769e-04
7.270000e+00 9.208228e-04
7.280000e+00 9.461830e-04
7.290000e+00 9.711630e-04
7.300000e+00 9.956710e-04
7.310000e+00 1.019617e-03
7.320000e+00 1.042915e-03
7.330000e+00 1.065481e-03
7.340000e+00 1.087232e-03
7.350000e+00 1.108092e-03
7.360000e+00 1.127984e-03
7.370000e+00 1.146835e-03
7.380000e+00 1.164577e-03
7.390000e+00 1.181143e-03
7.400000e+00 1.196469e-03
7.410000e+00 1.210495e-03
7.420000e+00 1.223164e-03
7.430000e+00 1.234420e-03
7.440000e+00 1.244211e-03
7.450000e+00 1.252489e-03
7.460000e+00 1.259205e-03
7.470000e+00 1.264315e-03
7.480000e+00 1.267775e-03
7.490000e+00 1.269544e-03
7.500000e+00 1.269581e-03
7.510000e+00 1.267846e-03
7.520000e+00 1.264298e-03
7.530000e+00 1.258899e-03
7.540000e+00 1.251608e-03
7.550000e+00 1.242382e-03
7.560000e+00 1.231180e-03
7.570000e+00 1.217957e-03
7.580000e+00 1.202664e-03
7.590000e+00 1.185255e-03
7.600000e+00 1.165676e-03
7.610000e+00 1.143873e-03
7.620000e+00 1.119791e-03
7.630000e+00 1.093369e-03
7.640000e+00 1.064547e-03
7.650000e+00 1.033262e-03
7.660000e+00 9.994513e-04
7.670000e+00 9.630504e-04
7.680000e+00 9.239967e-04
7.690000e+00 8.822290e-04
7.700000e+00 8.376892e-04
7.710000e+00 7.903234e-04
7.720000e+00 7.400832e-04
7.730000e+00 6.869273e-04
7.740000e+00 6.308230e-04
7.750000e+00 5.717477e-04
7.760000e+00 5.096904e-04
7.770000e+00 4.446533e-04
7.780000e+00 3.766531e-04
7.790000e+00 3.057225e-04
7.800000e+00 2.319112e-04
7.810000e+00 1.552872e-04
7.820000e+00 7.593726e-05
7.830000e+00 -6.031775e-06
7.840000e+00 -9.049312e-05
7.850000e+00 -1.772996e-04
7.860000e+00 -2.662838e-04
7.870000e+00 -3.572582e-04
7.880000e+00 -4.500163e-04
7.890000e+00 -5.443328e-04
7.900000e+00 -6.399653e-04
7.910000e+00 -7.366555e-04
7.920000e+00 -8.341306e-04
7.930000e+00 -9.321058e-04
7.940000e+00 -1.030286e-03
7.950000e+00 -1.128366e-03
7.960000e+00 -1.226039e-03
7.970000e+00 -1.322990e-03
7.980000e+00 -1.418906e-03
7.990000e+00 -1.513476e-03
8.000000e+00 -1.606390e-03
8.010000e+00 -1.697347e-03
8.020000e+00 -1.786056e-03
8.030000e+00 -1.872233e-03
8.040000e+00 -1.955612e-03
8.050000e+00 -2.035938e-03
8.060000e+00 -2.112975e-03
8.070000e+00 -2.186505e-03
8.080000e+00 -2.256330e-03
8.090000e+00 -2.322271e-03
8.100000e+00 -2.384173e-03
8.110000e+00 -2.441900e-03
8.120000e+00 -2.495341e-03
8.130000e+00 -2.544404e-03
8.140000e+00 -2.589022e-03
8.150000e+00 -2.629148e-03
8.160000e+00 -2.664758e-03
8.170000e+00 -2.695846e-03
8.180000e+00 -2.722427e-03
8.190000e+00 -2.744534e-03
8.200000e+00 -2.762217e-03
8.210000e+00 -2.775544e-03
8.220000e+00 -2.784596e-03
8.230000e+00 -2.789469e-03
8.240000e+00 -2.790270e-03
8.250000e+00 -2.787119e-03
8.260000e+00 -2.780144e-03
8.270000e+00 -2.769482e-03
8.280000e+00 -2.755279e-03
8.290000e+00 -2.737686e-03
8.300000e+00 -2.716857e-03
8.310000e+00 -2.692954e-03
8.320000e+00 -2.666139e-03
8.330000e+00 -2.636577e-03
8.340000e+00 -2.604434e-03
8.350000e+00 -2.569876e-03
8.360000e+00 -2.533069e-03
8.370000e+00 -2.494176e-03
8.380000e+00 -2.453360e-03
8.390000e+00 -2.410778e-03
8.400000e+00 -2.366586e-03
8.410000e+00 -2.320934e-03
8.420000e+00 -2.273967e-03
8.430000e+00 -2.225824e-03
8.440000e+00 -2.176638e-03
8.450000e+00 -2.126535e-03
8.460000e+00 -2.075632e-03
8.470000e+00 -2.024040e-03
8.480000e+00 -1.971859e-03
8.490000e+00 -1.919183e-03
8.500000e+00 -1.866093e-03
8.510000e+00 -1.812663e-03
8.520000e+00 -1.758957e-03
8.530000e+00 -1.705029e-03
8.540000e+00 -1.650925e-03
8.550000e+00 -1.596678e-03
8.560000e+00 -1.542318e-03
8.570000e+00 -1.487860e-03
8.580000e+00 -1.433318e-03
8.590000e+00 -1.378693e-03
8.600000e+00 -1.323985e-03
8.610000e+00 -1.269186e-03
8.620000e+00 -1.214285e-03
8.630000e+00 -1.159268e-03
8.640000e+00 -1.104119e-03
8.650000e+00 -1.048823e-03
8.660000e+00 -9.933633e-04
8.670000e+00 -9.377280e-04
8.680000e+00 -8.819067e-04
8.690000e+00 -8.258936e-04
8.700000e+00 -7.696883e-04
8.710000e+00 -7.132961e-04
8.720000e+00 -6.567295e-04
8.730000e+00 -6.000081e-04
8.740000e+00 -5.431590e-04
8.750000e+00 -4.862173e-04
8.760000e+00 -4.292259e-04
8.770000e+00 -3.722351e-04
8.780000e+00 -3.153022e-04
8.790000e+00 -2.584910e-04
8.800000e+00 -2.018707e-04
8.810000e+00 -1.455150e-04
8.820000e+00 -8.950091e-05
8.830000e+00 -3.390746e-05
8.840000e+00 2.118576e-05
8.850000e+00 7.570007e-05
8.860000e+00 1.295592e-04
8.870000e+00 1.826908e-04
8.880000e+00 2.350280e-04
8.890000e+00 2.865107e-04
8.900000e+00 3.370870e-04
8.910000e+00 3.867143e-04
8.920000e+00 4.353604e-04
8.930000e+00 4.830042e-04
8.940000e+00 5.296364e-04
8.950000e+00 5.752598e-04
8.960000e+00 6.198898e-04
8.970000e+00 6.635535e-04
8.980000e+00 7.062903e-04
8.990000e+00 7.481507e-04
9.000000e+00 7.891955e-04
9.010000e+00 8.294950e-04
9.020000e+00 8.691277e-04
9.030000e+00 9.081786e-04
9.040000e+00 9.467382e-04
9.050000e+00 9.849002e-04
9.060000e+00 1.022760e-03
9.070000e+00 1.060414e-03
9.080000e+00 1.097955e-03
9.090000e+00 1.135474e-03
9.100000e+00 1.173057e-03
9.110000e+00 1.210781e-03
9.120000e+00 1.248716e-03
9.130000e+00 1.286924e-03
9.140000e+00 1.325454e-03
9.150000e+00 1.364346e-03
9.160000e+00 1.403626e-03
9.170000e+00 1.443307e-03
9.180000e+00 1.483391e-03
9.190000e+00 1.523866e-03
9.200000e+00 1.564707e-03
9.210000e+00 1.605876e-03
9.220000e+00 1.647326e-03
9.230000e+00 1.688995e-03
9.240000e+00 1.730814e-03
9.250000e+00 1.772703e-03
9.260000e+00 1.814574e-03
9.270000e+00 1.856331e-03
9.280000e+00 1.897874e-03
9.290000e+00 1.939096e-03
9.300000e+00 1.979886e-03
9.310000e+00 2.020133e-03
9.320000e+00 2.059720e-03
9.330000e+00 2.098533e-03
9.340000e+00 2.136455e-03
9.350000e+00 2.173370e-03
9.360000e+00 2.209166e-03
9.370000e+00 2.243728e-03
9.380000e+00 2.276946e-03
9.390000e+00 2.308712e-03
9.400000e+00 2.338919e-03
9.410000e+00 2.367465e-03
9.420000e+00 2.394249e-03
9.430000e+00 2.419173e-03
9.440000e+00 2.442141e-03
9.450000e+00 2.463063e-03
9.460000e+00 2.481849e-03
9.470000e+00 2.498413e-03
9.480000e+00 2.512673e-03
9.490000e+00 2.524551e-03
9.500000e+00 2.533972e-03
9.510000e+00 2.540866e-03
9.520000e+00 2.545170e-03
9.530000e+00 2.546825e-03
9.540000e+00 2.545781e-03
9.550000e+00 2.541994e-03
9.560000e+00 2.535431e-03
9.570000e+00 2.526066e-03
9.580000e+00 2.513889e-03
9.590000e+00 2.498897e-03
9.600000e+00 2.481105e-03
9.610000e+00 2.460541e-03
9.620000e+00 2.437247e-03
9.630000e+00 2.411285e-03
9.640000e+00 2.382732e-03
9.650000e+00 2.351684e-03
9.660000e+00 2.318255e-03
9.670000e+00 2.282577e-03
9.680000e+00 2.244803e-03
9.690000e+00 2.205103e-03
9.700000e+00 2.163664e-03
9.710000e+00 2.120691e-03
9.720000e+00 2.076404e-03
9.730000e+00 2.031039e-03
9.740000e+00 1.984843e-03
9.750000e+00 1.938075e-03
9.760000e+00 1.891002e-03
9.770000e+00 1.843898e-03
9.780000e+00 1.797040e-03
9.790000e+00 1.750706e-03
9.800000e+00 1.705173e-03
9.810000e+00 1.660714e-03
9.820000e+00 1.617592e-03
9.830000e+00 1.576063e-03
9.840000e+00 1.536366e-03
9.850000e+00 1.498728e-03
9.860000e+00 1.463356e-03
9.870000e+00 1.430437e-03
9.880000e+00 1.400133e-03
9.890000e+00 1.372584e-03
9.900000e+00 1.347902e-03
9.910000e+00 1.326174e-03
9.920000e+00 1.307455e-03
9.930000e+00 1.291773e-03
9.940000e+00 1.279127e-03
9.950000e+00 1.269484e-03
9.960000e+00 1.262786e-03
9.970000e+00 1.258943e-03
9.980000e+00 1.257839e-03
9.990000e+00 1.259333e-03
1.000000e+01 1.263258e-03
