# sigma2_v 8.143983170078503e+00
0.000000e+00 1.000000e+00
1.000000e-02 9.995929e-01
2.000000e-02 9.983727e-01
3.000000e-02 9.963429e-01
4.000000e-02 9.935090e-01
5.000000e-02 9.898789e-01
6.000000e-02 9.854627e-01
7.000000e-02 9.802725e-01
8.000000e-02 9.743225e-01
9.000000e-02 9.676287e-01
1.000000e-01 9.602092e-01
1.100000e-01 9.520838e-01
1.200000e-01 9.432740e-01
1.300000e-01 9.338026e-01
1.400000e-01 9.236941e-01
1.500000e-01 9.129742e-01
1.600000e-01 9.016699e-01
1.700000e-01 8.898090e-01
1.800000e-01 8.774205e-01
1.900000e-01 8.645339e-01
2.000000e-01 8.511794e-01
2.100000e-01 8.373880e-01
2.200000e-01 8.231906e-01
2.300000e-01 8.086188e-01
2.400000e-01 7.937040e-01
2.500000e-01 7.784777e-01
2.600000e-01 7.629715e-01
2.700000e-01 7.472165e-01
2.800000e-01 7.312437e-01
2.900000e-01 7.150834e-01
3.000000e-01 6.987658e-01
3.100000e-01 6.823203e-01
3.200000e-01 6.657756e-01
3.300000e-01 6.491597e-01
3.400000e-01 6.324999e-01
3.500000e-01 6.158227e-01
3.600000e-01 5.991535e-01
3.700000e-01 5.825168e-01
3.800000e-01 5.659364e-01
3.900000e-01 5.494349e-01
4.000000e-01 5.330337e-01
4.100000e-01 5.167536e-01
4.200000e-01 5.006138e-01
4.300000e-01 4.846329e-01
4.400000e-01 4.688283e-01
4.500000e-01 4.532161e-01
4.600000e-01 4.378116e-01
4.700000e-01 4.226288e-01
4.800000e-01 4.076810e-01
4.900000e-01 3.929801e-01
5.000000e-01 3.785371e-01
5.100000e-01 3.643621e-01
5.200000e-01 3.504642e-01
5.300000e-01 3.368513e-01
5.400000e-01 3.235306e-01
5.500000e-01 3.105084e-01
5.600000e-01 2.977901e-01
5.700000e-01 2.853801e-01
5.800000e-01 2.732822e-01
5.900000e-01 2.614993e-01
6.000000e-01 2.500336e-01
6.100000e-01 2.388866e-01
6.200000e-01 2.280590e-01
6.300000e-01 2.175510e-01
6.400000e-01 2.073621e-01
6.500000e-01 1.974913e-01
6.600000e-01 1.879369e-01
6.700000e-01 1.786969e-01
6.800000e-01 1.697686e-01
6.900000e-01 1.611490e-01
7.000000e-01 1.528346e-01
7.100000e-01 1.448216e-01
7.200000e-01 1.371057e-01
7.300000e-01 1.296824e-01
7.400000e-01 1.225468e-01
7.500000e-01 1.156938e-01
7.600000e-01 1.091179e-01
7.700000e-01 1.028137e-01
7.800000e-01 9.677515e-02
7.900000e-01 9.099631e-02
8.000000e-01 8.547100e-02
8.100000e-01 8.019289e-02
8.200000e-01 7.515554e-02
8.300000e-01 7.035240e-02
8.400000e-01 6.577684e-02
8.500000e-01 6.142217e-02
8.600000e-01 5.728164e-02
8.700000e-01 5.334850e-02
8.800000e-01 4.961595e-02
8.900000e-01 4.607722e-02
9.000000e-01 4.272554e-02
9.100000e-01 3.955419e-02
9.200000e-01 3.655649e-02
9.300000e-01 3.372581e-02
9.400000e-01 3.105561e-02
9.500000e-01 2.853943e-02
9.600000e-01 2.617092e-02
9.700000e-01 2.394380e-02
9.800000e-01 2.185196e-02
9.900000e-01 1.988938e-02
1.000000e+00 1.805018e-02
1.010000e+00 1.632865e-02
1.020000e+00 1.471919e-02
1.030000e+00 1.321638e-02
1.040000e+00 1.181496e-02
1.050000e+00 1.050982e-02
1.060000e+00 9.296012e-03
1.070000e+00 8.168775e-03
1.080000e+00 7.123500e-03
1.090000e+00 6.155751e-03
1.100000e+00 5.261259e-03
1.110000e+00 4.435921e-03
1.120000e+00 3.675798e-03
1.130000e+00 2.977115e-03
1.140000e+00 2.336252e-03
1.150000e+00 1.749748e-03
1.160000e+00 1.214291e-03
1.170000e+00 7.267184e-04
1.180000e+00 2.840101e-04
1.190000e+00 -1.167146e-04
1.200000e+00 -4.782015e-04
1.210000e+00 -8.030663e-04
1.220000e+00 -1.093799e-03
1.230000e+00 -1.352767e-03
1.240000e+00 -1.582222e-03
1.250000e+00 -1.784300e-03
1.260000e+00 -1.961030e-03
1.270000e+00 -2.114334e-03
1.280000e+00 -2.246031e-03
1.290000e+00 -2.357845e-03
1.300000e+00 -2.451399e-03
1.310000e+00 -2.528228e-03
1.320000e+00 -2.589777e-03
1.330000e+00 -2.637402e-03
1.340000e+00 -2.672378e-03
1.350000e+00 -2.695898e-03
1.360000e+00 -2.709076e-03
1.370000e+00 -2.712951e-03
1.380000e+00 -2.708490e-03
1.390000e+00 -2.696586e-03
1.400000e+00 -2.678069e-03
1.410000e+00 -2.653701e-03
1.420000e+00 -2.624181e-03
1.430000e+00 -2.590152e-03
1.440000e+00 -2.552197e-03
1.450000e+00 -2.510848e-03
1.460000e+00 -2.466585e-03
1.470000e+00 -2.419841e-03
1.480000e+00 -2.371006e-03
1.490000e+00 -2.320426e-03
1.500000e+00 -2.268410e-03
1.510000e+00 -2.215232e-03
1.520000e+00 -2.161133e-03
1.530000e+00 -2.106326e-03
1.540000e+00 -2.050996e-03
1.550000e+00 -1.995304e-03
1.560000e+00 -1.939390e-03
1.570000e+00 -1.883375e-03
1.580000e+00 -1.827363e-03
1.590000e+00 -1.771444e-03
1.600000e+00 -1.715694e-03
1.610000e+00 -1.660178e-03
1.620000e+00 -1.604951e-03
1.630000e+00 -1.550060e-03
1.640000e+00 -1.495545e-03
1.650000e+00 -1.441438e-03
1.660000e+00 -1.387766e-03
1.670000e+00 -1.334553e-03
1.680000e+00 -1.281815e-03
1.690000e+00 -1.229565e-03
1.700000e+00 -1.177814e-03
1.710000e+00 -1.126567e-03
1.720000e+00 -1.075826e-03
1.730000e+00 -1.025592e-03
1.740000e+00 -9.758607e-04
1.750000e+00 -9.266257e-04
1.760000e+00 -8.778786e-04
1.770000e+00 -8.296086e-04
1.780000e+00 -7.818032e-04
1.790000e+00 -7.344486e-04
1.800000e+00 -6.875303e-04
1.810000e+00 -6.410336e-04
1.820000e+00 -5.949442e-04
1.830000e+00 -5.492492e-04
1.840000e+00 -5.039374e-04
1.850000e+00 -4.590006e-04
1.860000e+00 -4.144337e-04
1.870000e+00 -3.702365e-04
1.880000e+00 -3.264135e-04
1.890000e+00 -2.829751e-04
1.900000e+00 -2.399382e-04
1.910000e+00 -1.973265e-04
1.920000e+00 -1.551714e-04
1.930000e+00 -1.135119e-04
1.940000e+00 -7.239493e-05
1.950000e+00 -3.187545e-05
1.960000e+00 7.983852e-06
1.970000e+00 4.711278e-05
1.980000e+00 8.543410e-05
1.990000e+00 1.228642e-04
2.000000e+00 1.593138e-04
2.010000e+00 1.946890e-04
2.020000e+00 2.288922e-04
2.030000e+00 2.618232e-04
2.040000e+00 2.933805e-04
2.050000e+00 3.234626e-04
2.060000e+00 3.519692e-04
2.070000e+00 3.788026e-04
2.080000e+00 4.038688e-04
2.090000e+00 4.270788e-04
2.100000e+00 4.483499e-04
2.110000e+00 4.676063e-04
2.120000e+00 4.847806e-04
2.130000e+00 4.998143e-04
2.140000e+00 5.126583e-04
2.150000e+00 5.232739e-04
2.160000e+00 5.316326e-04
2.170000e+00 5.377168e-04
2.180000e+00 5.415196e-04
2.190000e+00 5.430449e-04
2.200000e+00 5.423069e-04
2.210000e+00 5.393305e-04
2.220000e+00 5.341503e-04
2.230000e+00 5.268103e-04
2.240000e+00 5.173638e-04
2.250000e+00 5.058722e-04
2.260000e+00 4.924053e-04
2.270000e+00 4.770400e-04
2.280000e+00 4.598601e-04
2.290000e+00 4.409561e-04
2.300000e+00 4.204242e-04
2.310000e+00 3.983662e-04
2.320000e+00 3.748891e-04
2.330000e+00 3.501045e-04
2.340000e+00 3.241287e-04
2.350000e+00 2.970821e-04
2.360000e+00 2.690889e-04
2.370000e+00 2.402769e-04
2.380000e+00 2.107771e-04
2.390000e+00 1.807237e-04
2.400000e+00 1.502530e-04
2.410000e+00 1.195038e-04
2.420000e+00 8.861624e-05
2.430000e+00 5.773135e-05
2.440000e+00 2.699055e-05
2.450000e+00 -3.465310e-06
2.460000e+00 -3.349676e-05
2.470000e+00 -6.296667e-05
2.480000e+00 -9.174129e-05
2.490000e+00 -1.196913e-04
2.500000e+00 -1.466931e-04
2.510000e+00 -1.726296e-04
2.520000e+00 -1.973917e-04
2.530000e+00 -2.208793e-04
2.540000e+00 -2.430025e-04
2.550000e+00 -2.636824e-04
2.560000e+00 -2.828517e-04
2.570000e+00 -3.004563e-04
2.580000e+00 -3.164550e-04
2.590000e+00 -3.308203e-04
2.600000e+00 -3.435386e-04
2.610000e+00 -3.546100e-04
2.620000e+00 -3.640483e-04
2.630000e+00 -3.718802e-04
2.640000e+00 -3.781451e-04
2.650000e+00 -3.828938e-04
2.660000e+00 -3.861875e-04
2.670000e+00 -3.880968e-04
2.680000e+00 -3.887000e-04
2.690000e+00 -3.880814e-04
2.700000e+00 -3.863305e-04
2.710000e+00 -3.835391e-04
2.720000e+00 -3.798007e-04
2.730000e+00 -3.752083e-04
2.740000e+00 -3.698525e-04
2.750000e+00 -3.638207e-04
2.760000e+00 -3.571951e-04
2.770000e+00 -3.500515e-04
2.780000e+00 -3.424583e-04
2.790000e+00 -3.344757e-04
2.800000e+00 -3.261549e-04
2.810000e+00 -3.175377e-04
2.820000e+00 -3.086561e-04
2.830000e+00 -2.995327e-04
2.840000e+00 -2.901806e-04
2.850000e+00 -2.806041e-04
2.860000e+00 -2.707994e-04
2.870000e+00 -2.607552e-04
2.880000e+00 -2.504541e-04
2.890000e+00 -2.398738e-04
2.900000e+00 -2.289879e-04
2.910000e+00 -2.177681e-04
2.920000e+00 -2.061850e-04
2.930000e+00 -1.942098e-04
2.940000e+00 -1.818160e-04
2.950000e+00 -1.689807e-04
2.960000e+00 -1.556858e-04
2.970000e+00 -1.419198e-04
2.980000e+00 -1.276786e-04
2.990000e+00 -1.129667e-04
3.000000e+00 -9.779831e-05
3.010000e+00 -8.219787e-05
3.020000e+00 -6.620092e-05
3.030000e+00 -4.985435e-05
3.040000e+00 -3.321671e-05
3.050000e+00 -1.635823e-05
3.060000e+00 6.393490e-07
3.070000e+00 1.768310e-05
3.080000e+00 3.466951e-05
3.090000e+00 5.148516e-05
3.100000e+00 6.800772e-05
3.110000e+00 8.410698e-05
3.120000e+00 9.964616e-05
3.130000e+00 1.144833e-04
3.140000e+00 1.284727e-04
3.150000e+00 1.414669e-04
3.160000e+00 1.533179e-04
3.170000e+00 1.638795e-04
3.180000e+00 1.730088e-04
3.190000e+00 1.805683e-04
3.200000e+00 1.864276e-04
3.210000e+00 1.904654e-04
3.220000e+00 1.925714e-04
3.230000e+00 1.926475e-04
3.240000e+00 1.906101e-04
3.250000e+00 1.863908e-04
3.260000e+00 1.799382e-04
3.270000e+00 1.712188e-04
3.280000e+00 1.602174e-04
3.290000e+00 1.469384e-04
3.300000e+00 1.314057e-04
3.310000e+00 1.136626e-04
3.320000e+00 9.377181e-05
3.330000e+00 7.181490e-05
3.340000e+00 4.789138e-05
3.350000e+00 2.211767e-05
3.360000e+00 -5.374222e-06
3.370000e+00 -3.443831e-05
3.380000e+00 -6.491640e-05
3.390000e+00 -9.664004e-05
3.400000e+00 -1.294326e-04
3.410000e+00 -1.631116e-04
3.420000e+00 -1.974908e-04
3.430000e+00 -2.323825e-04
3.440000e+00 -2.676001e-04
3.450000e+00 -3.029599e-04
3.460000e+00 -3.382832e-04
3.470000e+00 -3.733986e-04
3.480000e+00 -4.081434e-04
3.490000e+00 -4.423652e-04
3.500000e+00 -4.759233e-04
3.510000e+00 -5.086894e-04
3.520000e+00 -5.405488e-04
3.530000e+00 -5.714006e-04
3.540000e+00 -6.011579e-04
3.550000e+00 -6.297477e-04
3.560000e+00 -6.571109e-04
3.570000e+00 -6.832012e-04
3.580000e+00 -7.079850e-04
3.590000e+00 -7.314399e-04
3.600000e+00 -7.535537e-04
3.610000e+00 -7.743239e-04
3.620000e+00 -7.937554e-04
3.630000e+00 -8.118600e-04
3.640000e+00 -8.286550e-04
3.650000e+00 -8.441616e-04
3.660000e+00 -8.584041e-04
3.670000e+00 -8.714087e-04
3.680000e+00 -8.832024e-04
3.690000e+00 -8.938120e-04
3.700000e+00 -9.032639e-04
3.710000e+00 -9.115829e-04
3.720000e+00 -9.187918e-04
3.730000e+00 -9.249112e-04
3.740000e+00 -9.299592e-04
3.750000e+00 -9.339511e-04
3.760000e+00 -9.368994e-04
3.770000e+00 -9.388136e-04
3.780000e+00 -9.397004e-04
3.790000e+00 -9.395637e-04
3.800000e+00 -9.384047e-04
3.810000e+00 -9.362217e-04
3.820000e+00 -9.330103e-04
3.830000e+00 -9.287638e-04
3.840000e+00 -9.234726e-04
3.850000e+00 -9.171247e-04
3.860000e+00 -9.097058e-04
3.870000e+00 -9.011988e-04
3.880000e+00 -8.915847e-04
3.890000e+00 -8.808424e-04
3.900000e+00 -8.689486e-04
3.910000e+00 -8.558789e-04
3.920000e+00 -8.416077e-04
3.930000e+00 -8.261089e-04
3.940000e+00 -8.093569e-04
3.950000e+00 -7.913274e-04
3.960000e+00 -7.719980e-04
3.970000e+00 -7.513502e-04
3.980000e+00 -7.293703e-04
3.990000e+00 -7.060508e-04
4.000000e+00 -6.813923e-04
4.010000e+00 -6.554048e-04
4.020000e+00 -6.281095e-04
4.030000e+00 -5.995405e-04
4.040000e+00 -5.697462e-04
4.050000e+00 -5.387907e-04
4.060000e+00 -5.067553e-04
4.070000e+00 -4.737388e-04
4.080000e+00 -4.398588e-04
4.090000e+00 -4.052518e-04
4.100000e+00 -3.700728e-04
4.110000e+00 -3.344951e-04
4.120000e+00 -2.987094e-04
4.130000e+00 -2.629219e-04
4.140000e+00 -2.273529e-04
4.150000e+00 -1.922342e-04
4.160000e+00 -1.578061e-04
4.170000e+00 -1.243147e-04
4.180000e+00 -9.200825e-05
4.190000e+00 -6.113324e-05
4.200000e+00 -3.193077e-05
4.210000e+00 -4.632451e-06
4.220000e+00 2.054352e-05
4.230000e+00 4.339624e-05
4.240000e+00 6.374570e-05
4.250000e+00 8.143619e-05
4.260000e+00 9.633912e-05
4.270000e+00 1.083556e-04
4.280000e+00 1.174182e-04
4.290000e+00 1.234924e-04
4.300000e+00 1.265768e-04
4.310000e+00 1.267037e-04
4.320000e+00 1.239374e-04
4.330000e+00 1.183736e-04
4.340000e+00 1.101365e-04
4.350000e+00 9.937658e-05
4.360000e+00 8.626669e-05
4.370000e+00 7.099863e-05
4.380000e+00 5.377877e-05
4.390000e+00 3.482356e-05
4.400000e+00 1.435487e-05
4.410000e+00 -7.404692e-06
4.420000e+00 -3.023638e-05
4.430000e+00 -5.392975e-05
4.440000e+00 -7.828673e-05
4.450000e+00 -1.031253e-04
4.460000e+00 -1.282824e-04
4.470000e+00 -1.536170e-04
4.480000e+00 -1.790113e-04
4.490000e+00 -2.043723e-04
4.500000e+00 -2.296320e-04
4.510000e+00 -2.547470e-04
4.520000e+00 -2.796978e-04
4.530000e+00 -3.044864e-04
4.540000e+00 -3.291346e-04
4.550000e+00 -3.536804e-04
4.560000e+00 -3.781750e-04
4.570000e+00 -4.026789e-04
4.580000e+00 -4.272579e-04
4.590000e+00 -4.519788e-04
4.600000e+00 -4.769055e-04
4.610000e+00 -5.020948e-04
4.620000e+00 -5.275926e-04
4.630000e+00 -5.534304e-04
4.640000e+00 -5.796224e-04
4.650000e+00 -6.061629e-04
4.660000e+00 -6.330246e-04
4.670000e+00 -6.601569e-04
4.680000e+00 -6.874858e-04
4.690000e+00 -7.149138e-04
4.700000e+00 -7.423205e-04
4.710000e+00 -7.695642e-04
4.720000e+00 -7.964840e-04
4.730000e+00 -8.229022e-04
4.740000e+00 -8.486273e-04
4.750000e+00 -8.734577e-04
4.760000e+00 -8.971849e-04
4.770000e+00 -9.195977e-04
4.780000e+00 -9.404862e-04
4.790000e+00 -9.596455e-04
4.800000e+00 -9.768794e-04
4.810000e+00 -9.920045e-04
4.820000e+00 -1.004853e-03
4.830000e+00 -1.015275e-03
4.840000e+00 -1.023142e-03
4.850000e+00 -1.028350e-03
4.860000e+00 -1.030817e-03
4.870000e+00 -1.030489e-03
4.880000e+00 -1.027335e-03
4.890000e+00 -1.021352e-03
4.900000e+00 -1.012562e-03
4.910000e+00 -1.001010e-03
4.920000e+00 -9.867652e-04
4.930000e+00 -9.699172e-04
4.940000e+00 -9.505751e-04
4.950000e+00 -9.288651e-04
4.960000e+00 -9.049279e-04
4.970000e+00 -8.789167e-04
4.980000e+00 -8.509949e-04
4.990000e+00 -8.213335e-04
5.000000e+00 -7.901092e-04
5.010000e+00 -7.575020e-04
5.020000e+00 -7.236938e-04
5.030000e+00 -6.888666e-04
5.040000e+00 -6.532007e-04
5.050000e+00 -6.168742e-04
5.060000e+00 -5.800613e-04
5.070000e+00 -5.429321e-04
5.080000e+00 -5.056513e-04
5.090000e+00 -4.683786e-04
5.100000e+00 -4.312676e-04
5.110000e+00 -3.944658e-04
5.120000e+00 -3.581147e-04
5.130000e+00 -3.223490e-04
5.140000e+00 -2.872970e-04
5.150000e+00 -2.530799e-04
5.160000e+00 -2.198120e-04
5.170000e+00 -1.875997e-04
5.180000e+00 -1.565418e-04
5.190000e+00 -1.267283e-04
5.200000e+00 -9.824021e-05
5.210000e+00 -7.114879e-05
5.220000e+00 -4.551485e-05
5.230000e+00 -2.138803e-05
5.240000e+00 1.193896e-06
5.250000e+00 2.220566e-05
5.260000e+00 4.163510e-05
5.270000e+00 5.948357e-05
5.280000e+00 7.576629e-05
5.290000e+00 9.051243e-05
5.300000e+00 1.037651e-04
5.310000e+00 1.155808e-04
5.320000e+00 1.260293e-04
5.330000e+00 1.351924e-04
5.340000e+00 1.431630e-04
5.350000e+00 1.500438e-04
5.360000e+00 1.559458e-04
5.370000e+00 1.609864e-04
5.380000e+00 1.652875e-04
5.390000e+00 1.689735e-04
5.400000e+00 1.721689e-04
5.410000e+00 1.749963e-04
5.420000e+00 1.775738e-04
5.430000e+00 1.800133e-04
5.440000e+00 1.824179e-04
5.450000e+00 1.848801e-04
5.460000e+00 1.874802e-04
5.470000e+00 1.902845e-04
5.480000e+00 1.933443e-04
5.490000e+00 1.966947e-04
5.500000e+00 2.003544e-04
5.510000e+00 2.043248e-04
5.520000e+00 2.085908e-04
5.530000e+00 2.131208e-04
5.540000e+00 2.178677e-04
5.550000e+00 2.227699e-04
5.560000e+00 2.277528e-04
5.570000e+00 2.327306e-04
5.580000e+00 2.376079e-04
5.590000e+00 2.422823e-04
5.600000e+00 2.466462e-04
5.610000e+00 2.505894e-04
5.620000e+00 2.540013e-04
5.630000e+00 2.567733e-04
5.640000e+00 2.588012e-04
5.650000e+00 2.599871e-04
5.660000e+00 2.602418e-04
5.670000e+00 2.594860e-04
5.680000e+00 2.576524e-04
5.690000e+00 2.546866e-04
5.700000e+00 2.505485e-04
5.710000e+00 2.452126e-04
5.720000e+00 2.386687e-04
5.730000e+00 2.309217e-04
5.740000e+00 2.219918e-04
5.750000e+00 2.119137e-04
5.760000e+00 2.007358e-04
5.770000e+00 1.885197e-04
5.780000e+00 1.753383e-04
5.790000e+00 1.612752e-04
5.800000e+00 1.464227e-04
5.810000e+00 1.308802e-04
5.820000e+00 1.147532e-04
5.830000e+00 9.815059e-05
5.840000e+00 8.118403e-05
5.850000e+00 6.396575e-05
5.860000e+00 4.660724e-05
5.870000e+00 2.921786e-05
5.880000e+00 1.190359e-05
5.890000e+00 -5.234106e-06
5.900000e+00 -2.209914e-05
5.910000e+00 -3.860160e-05
5.920000e+00 -5.465828e-05
5.930000e+00 -7.019306e-05
5.940000e+00 -8.513714e-05
5.950000e+00 -9.942908e-05
5.960000e+00 -1.130147e-04
5.970000e+00 -1.258467e-04
5.980000e+00 -1.378848e-04
5.990000e+00 -1.490946e-04
6.000000e+00 -1.594477e-04
6.010000e+00 -1.689211e-04
6.020000e+00 -1.774965e-04
6.030000e+00 -1.851598e-04
6.040000e+00 -1.919009e-04
6.050000e+00 -1.977131e-04
6.060000e+00 -2.025931e-04
6.070000e+00 -2.065404e-04
6.080000e+00 -2.095572e-04
6.090000e+00 -2.116490e-04
6.100000e+00 -2.128239e-04
6.110000e+00 -2.130934e-04
6.120000e+00 -2.124724e-04
6.130000e+00 -2.109795e-04
6.140000e+00 -2.086379e-04
6.150000e+00 -2.054752e-04
6.160000e+00 -2.015245e-04
6.170000e+00 -1.968246e-04
6.180000e+00 -1.914203e-04
6.190000e+00 -1.853632e-04
6.200000e+00 -1.787115e-04
6.210000e+00 -1.715308e-04
6.220000e+00 -1.638935e-04
6.230000e+00 -1.558791e-04
6.240000e+00 -1.475739e-04
6.250000e+00 -1.390705e-04
6.260000e+00 -1.304672e-04
6.270000e+00 -1.218671e-04
6.280000e+00 -1.133774e-04
6.290000e+00 -1.051078e-04
6.300000e+00 -9.716978e-05
6.310000e+00 -8.967468e-05
6.320000e+00 -8.273247e-05
6.330000e+00 -7.645008e-05
6.340000e+00 -7.092978e-05
6.350000e+00 -6.626754e-05
6.360000e+00 -6.255149e-05
6.370000e+00 -5.986037e-05
6.380000e+00 -5.826213e-05
6.390000e+00 -5.781265e-05
6.400000e+00 -5.855469e-05
6.410000e+00 -6.051694e-05
6.420000e+00 -6.371339e-05
6.430000e+00 -6.814288e-05
6.440000e+00 -7.378892e-05
6.450000e+00 -8.061977e-05
6.460000e+00 -8.858874e-05
6.470000e+00 -9.763479e-05
6.480000e+00 -1.076833e-04
6.490000e+00 -1.186471e-04
6.500000e+00 -1.304276e-04
6.510000e+00 -1.429162e-04
6.520000e+00 -1.559960e-04
6.530000e+00 -1.695426e-04
6.540000e+00 -1.834268e-04
6.550000e+00 -1.975153e-04
6.560000e+00 -2.116728e-04
6.570000e+00 -2.257636e-04
6.580000e+00 -2.396527e-04
6.590000e+00 -2.532076e-04
6.600000e+00 -2.662994e-04
6.610000e+00 -2.788040e-04
6.620000e+00 -2.906030e-04
6.630000e+00 -3.015845e-04
6.640000e+00 -3.116440e-04
6.650000e+00 -3.206846e-04
6.660000e+00 -3.286178e-04
6.670000e+00 -3.353634e-04
6.680000e+00 -3.408502e-04
6.690000e+00 -3.450156e-04
6.700000e+00 -3.478060e-04
6.710000e+00 -3.491769e-04
6.720000e+00 -3.490926e-04
6.730000e+00 -3.475268e-04
6.740000e+00 -3.444622e-04
6.750000e+00 -3.398910e-04
6.760000e+00 -3.338148e-04
6.770000e+00 -3.262450e-04
6.780000e+00 -3.172034e-04
6.790000e+00 -3.067219e-04
6.800000e+00 -2.948433e-04
6.810000e+00 -2.816218e-04
6.820000e+00 -2.671229e-04
6.830000e+00 -2.514243e-04
6.840000e+00 -2.346157e-04
6.850000e+00 -2.167991e-04
6.860000e+00 -1.980891e-04
6.870000e+00 -1.786123e-04
6.880000e+00 -1.585073e-04
6.890000e+00 -1.379239e-04
6.900000e+00 -1.170226e-04
6.910000e+00 -9.597345e-05
6.920000e+00 -7.495453e-05
6.930000e+00 -5.415072e-05
6.940000e+00 -3.375174e-05
6.950000e+00 -1.395012e-05
6.960000e+00 5.060994e-06
6.970000e+00 2.309029e-05
6.980000e+00 3.995081e-05
6.990000e+00 5.546258e-05
7.000000e+00 6.945527e-05
7.010000e+00 8.177084e-05
7.020000e+00 9.226607e-05
7.030000e+00 1.008150e-04
7.040000e+00 1.073113e-04
7.050000e+00 1.116698e-04
7.060000e+00 1.138288e-04
7.070000e+00 1.137508e-04
7.080000e+00 1.114237e-04
7.090000e+00 1.068616e-04
7.100000e+00 1.001042e-04
7.110000e+00 9.121737e-05
7.120000e+00 8.029140e-05
7.130000e+00 6.744049e-05
7.140000e+00 5.280083e-05
7.150000e+00 3.652860e-05
7.160000e+00 1.879769e-05
7.170000e+00 -2.029890e-07
7.180000e+00 -2.027235e-05
7.190000e+00 -4.120021e-05
7.200000e+00 -6.277043e-05
7.210000e+00 -8.476412e-05
7.220000e+00 -1.069629e-04
7.230000e+00 -1.291519e-04
7.240000e+00 -1.511229e-04
7.250000e+00 -1.726769e-04
7.260000e+00 -1.936269e-04
7.270000e+00 -2.138000e-04
7.280000e+00 -2.330394e-04
7.290000e+00 -2.512058e-04
7.300000e+00 -2.681789e-04
7.310000e+00 -2.838580e-04
7.320000e+00 -2.981629e-04
7.330000e+00 -3.110333e-04
7.340000e+00 -3.224291e-04
7.350000e+00 -3.323299e-04
7.360000e+00 -3.407339e-04
7.370000e+00 -3.476569e-04
7.380000e+00 -3.531309e-04
7.390000e+00 -3.572030e-04
7.400000e+00 -3.599333e-04
7.410000e+00 -3.613935e-04
7.420000e+00 -3.616652e-04
7.430000e+00 -3.608379e-04
7.440000e+00 -3.590073e-04
7.450000e+00 -3.562741e-04
7.460000e+00 -3.527416e-04
7.470000e+00 -3.485150e-04
7.480000e+00 -3.436994e-04
7.490000e+00 -3.383989e-04
7.500000e+00 -3.327156e-04
7.510000e+00 -3.267483e-04
7.520000e+00 -3.205919e-04
7.530000e+00 -3.143367e-04
7.540000e+00 -3.080679e-04
7.550000e+00 -3.018650e-04
7.560000e+00 -2.958017e-04
7.570000e+00 -2.899454e-04
7.580000e+00 -2.843573e-04
7.590000e+00 -2.790923e-04
7.600000e+00 -2.741990e-04
7.610000e+00 -2.697192e-04
7.620000e+00 -2.656890e-04
7.630000e+00 -2.621379e-04
7.640000e+00 -2.590895e-04
7.650000e+00 -2.565615e-04
7.660000e+00 -2.545658e-04
7.670000e+00 -2.531085e-04
7.680000e+00 -2.521906e-04
7.690000e+00 -2.518075e-04
7.700000e+00 -2.519497e-04
7.710000e+00 -2.526028e-04
7.720000e+00 -2.537475e-04
7.730000e+00 -2.553603e-04
7.740000e+00 -2.574131e-04
7.750000e+00 -2.598738e-04
7.760000e+00 -2.627064e-04
7.770000e+00 -2.658711e-04
7.780000e+00 -2.693247e-04
7.790000e+00 -2.730205e-04
7.800000e+00 -2.769088e-04
7.810000e+00 -2.809366e-04
7.820000e+00 -2.850483e-04
7.830000e+00 -2.891855e-04
7.840000e+00 -2.932871e-04
7.850000e+00 -2.972895e-04
7.860000e+00 -3.011268e-04
7.870000e+00 -3.047308e-04
7.880000e+00 -3.080311e-04
7.890000e+00 -3.109553e-04
7.900000e+00 -3.134290e-04
7.910000e+00 -3.153763e-04
7.920000e+00 -3.167197e-04
7.930000e+00 -3.173804e-04
7.940000e+00 -3.172790e-04
7.950000e+00 -3.163354e-04
7.960000e+00 -3.144698e-04
7.970000e+00 -3.116027e-04
7.980000e+00 -3.076560e-04
7.990000e+00 -3.025537e-04
8.000000e+00 -2.962223e-04
8.010000e+00 -2.885920e-04
8.020000e+00 -2.795976e-04
8.030000e+00 -2.691794e-04
8.040000e+00 -2.572841e-04
8.050000e+00 -2.438659e-04
8.060000e+00 -2.288875e-04
8.070000e+00 -2.123208e-04
8.080000e+00 -1.941480e-04
8.090000e+00 -1.743624e-04
8.100000e+00 -1.529687e-04
8.110000e+00 -1.299836e-04
8.120000e+00 -1.054366e-04
8.130000e+00 -7.936930e-05
8.140000e+00 -5.183617e-05
8.150000e+00 -2.290379e-05
8.160000e+00 7.349438e-06
8.170000e+00 3.883398e-05
8.180000e+00 7.145003e-05
8.190000e+00 1.050886e-04
8.200000e+00 1.396326e-04
8.210000e+00 1.749586e-04
8.220000e+00 2.109376e-04
8.230000e+00 2.474376e-04
8.240000e+00 2.843241e-04
8.250000e+00 3.214628e-04
8.260000e+00 3.587205e-04
8.270000e+00 3.959669e-04
8.280000e+00 4.330761e-04
8.290000e+00 4.699280e-04
8.300000e+00 5.064093e-04
8.310000e+00 5.424146e-04
8.320000e+00 5.778474e-04
8.330000e+00 6.126203e-04
8.340000e+00 6.466557e-04
8.350000e+00 6.798857e-04
8.360000e+00 7.122521e-04
8.370000e+00 7.437064e-04
8.380000e+00 7.742087e-04
8.390000e+00 8.037275e-04
8.400000e+00 8.322390e-04
8.410000e+00 8.597256e-04
8.420000e+00 8.861754e-04
8.430000e+00 9.115810e-04
8.440000e+00 9.359383e-04
8.450000e+00 9.592456e-04
8.460000e+00 9.815025e-04
8.470000e+00 1.002709e-03
8.480000e+00 1.022864e-03
8.490000e+00 1.041967e-03
8.500000e+00 1.060014e-03
8.510000e+00 1.076999e-03
8.520000e+00 1.092914e-03
8.530000e+00 1.107749e-03
8.540000e+00 1.121489e-03
8.550000e+00 1.134120e-03
8.560000e+00 1.145623e-03
8.570000e+00 1.155979e-03
8.580000e+00 1.165166e-03
8.590000e+00 1.173163e-03
8.600000e+00 1.179949e-03
8.610000e+00 1.185503e-03
8.620000e+00 1.189804e-03
8.630000e+00 1.192835e-03
8.640000e+00 1.194579e-03
8.650000e+00 1.195025e-03
8.660000e+00 1.194163e-03
8.670000e+00 1.191988e-03
8.680000e+00 1.188500e-03
8.690000e+00 1.183703e-03
8.700000e+00 1.177604e-03
8.710000e+00 1.170220e-03
8.720000e+00 1.161568e-03
8.730000e+00 1.151675e-03
8.740000e+00 1.140569e-03
8.750000e+00 1.128287e-03
8.760000e+00 1.114871e-03
8.770000e+00 1.100367e-03
8.780000e+00 1.084827e-03
8.790000e+00 1.068311e-03
8.800000e+00 1.050881e-03
8.810000e+00 1.032606e-03
8.820000e+00 1.013561e-03
8.830000e+00 9.938264e-04
8.840000e+00 9.734861e-04
8.850000e+00 9.526306e-04
8.860000e+00 9.313546e-04
8.870000e+00 9.097573e-04
8.880000e+00 8.879419e-04
8.890000e+00 8.660150e-04
8.900000e+00 8.440861e-04
8.910000e+00 8.222665e-04
8.920000e+00 8.006689e-04
8.930000e+00 7.794058e-04
8.940000e+00 7.585887e-04
8.950000e+00 7.383267e-04
8.960000e+00 7.187252e-04
8.970000e+00 6.998847e-04
8.980000e+00 6.818988e-04
8.990000e+00 6.648532e-04
9.000000e+00 6.488241e-04
9.010000e+00 6.338769e-04
9.020000e+00 6.200649e-04
9.030000e+00 6.074280e-04
9.040000e+00 5.959921e-04
9.050000e+00 5.857682e-04
9.060000e+00 5.767517e-04
9.070000e+00 5.689226e-04
9.080000e+00 5.622453e-04
9.090000e+00 5.566694e-04
9.100000e+00 5.521297e-04
9.110000e+00 5.485479e-04
9.120000e+00 5.458337e-04
9.130000e+00 5.438863e-04
9.140000e+00 5.425965e-04
9.150000e+00 5.418484e-04
9.160000e+00 5.415221e-04
9.170000e+00 5.414955e-04
9.180000e+00 5.416472e-04
9.190000e+00 5.418587e-04
9.200000e+00 5.420168e-04
9.210000e+00 5.420156e-04
9.220000e+00 5.417590e-04
9.230000e+00 5.411623e-04
9.240000e+00 5.401536e-04
9.250000e+00 5.386755e-04
9.260000e+00 5.366857e-04
9.270000e+00 5.341572e-04
9.280000e+00 5.310795e-04
9.290000e+00 5.274571e-04
9.300000e+00 5.233098e-04
9.310000e+00 5.186713e-04
9.320000e+00 5.135882e-04
9.330000e+00 5.081180e-04
9.340000e+00 5.023276e-04
9.350000e+00 4.962910e-04
9.360000e+00 4.900874e-04
9.370000e+00 4.837987e-04
9.380000e+00 4.775073e-04
9.390000e+00 4.712940e-04
9.400000e+00 4.652358e-04
9.410000e+00 4.594035e-04
9.420000e+00 4.538610e-04
9.430000e+00 4.486626e-04
9.440000e+00 4.438526e-04
9.450000e+00 4.394644e-04
9.460000e+00 4.355192e-04
9.470000e+00 4.320269e-04
9.480000e+00 4.289853e-04
9.490000e+00 4.263811e-04
9.500000e+00 4.241903e-04
9.510000e+00 4.223796e-04
9.520000e+00 4.209075e-04
9.530000e+00 4.197256e-04
9.540000e+00 4.187805e-04
9.550000e+00 4.180153e-04
9.560000e+00 4.173716e-04
9.570000e+00 4.167907e-04
9.580000e+00 4.162160e-04
9.590000e+00 4.155941e-04
9.600000e+00 4.148764e-04
9.610000e+00 4.140203e-04
9.620000e+00 4.129904e-04
9.630000e+00 4.117589e-04
9.640000e+00 4.103068e-04
9.650000e+00 4.086237e-04
9.660000e+00 4.067082e-04
9.670000e+00 4.045675e-04
9.680000e+00 4.022171e-04
9.690000e+00 3.996803e-04
9.700000e+00 3.969871e-04
9.710000e+00 3.941736e-04
9.720000e+00 3.912806e-04
9.730000e+00 3.883529e-04
9.740000e+00 3.854376e-04
9.750000e+00 3.825833e-04
9.760000e+00 3.798385e-04
9.770000e+00 3.772508e-04
9.780000e+00 3.748655e-04
9.790000e+00 3.727249e-04
9.800000e+00 3.708672e-04
9.810000e+00 3.693259e-04
9.820000e+00 3.681289e-04
9.830000e+00 3.672983e-04
9.840000e+00 3.668502e-04
9.850000e+00 3.667940e-04
9.860000e+00 3.671326e-04
9.870000e+00 3.678628e-04
9.880000e+00 3.689748e-04
9.890000e+00 3.704529e-04
9.900000e+00 3.722759e-04
9.910000e+00 3.744171e-04
9.920000e+00 3.768450e-04
9.930000e+00 3.795240e-04
9.940000e+00 3.824145e-04
9.950000e+00 3.854736e-04
9.960000e+00 3.886556e-04
9.970000e+00 3.919126e-04
9.980000e+00 3.951945e-04
9.990000e+00 3.984504e-04
1.000000e+01 4.016278e-04
