# text fof file
# logMmin 1.200000e+01 -> nfof_min 133
# boxsize 600.000000
# density total 4.040400e+04 4.040400e+04; rel difference 1.474782e-10
# nbar 1.870556e-04
1.483274e-02 13 8.362211e+04 8.895526e+04 1.783451e+04 -1.963150e+05
2.513187e-02 33 7.079728e+04 7.611513e+04 1.133986e+04 -5.352944e+02
3.574650e-02 79 6.479816e+04 7.009209e+04 -3.486188e+04 1.457752e+04
4.583347e-02 105 4.775044e+04 5.303288e+04 -9.526138e+03 -8.767837e+03
5.486964e-02 145 4.684246e+04 5.209881e+04 -6.052320e+03 2.738436e+04
6.471857e-02 243 3.755607e+04 4.279877e+04 4.748378e+03 1.285474e+03
7.503996e-02 313 2.830801e+04 3.354649e+04 -2.362816e+03 -2.025074e+03
8.485495e-02 369 2.609371e+04 3.131058e+04 -4.787145e+03 3.982473e+03
9.528688e-02 571 2.030092e+04 2.551433e+04 2.965147e+03 -2.660698e+03
1.059290e-01 601 1.833657e+04 2.353143e+04 2.692704e+03 4.105540e+03
1.156806e-01 705 1.859827e+04 2.376194e+04 5.191254e+02 5.532278e+03
1.255756e-01 883 1.752179e+04 2.266254e+04 2.714950e+02 -6.632874e+02
1.352378e-01 909 1.430979e+04 1.945100e+04 -8.282258e+02 -5.710366e+02
1.449493e-01 1177 1.402923e+04 1.914466e+04 -1.331425e+00 -2.648907e+03
1.550659e-01 1323 1.190914e+04 1.701984e+04 5.518000e+02 8.462586e+02
1.649601e-01 1453 1.178764e+04 1.686944e+04 4.338862e+02 6.466695e+02
1.749597e-01 1701 1.041940e+04 1.549226e+04 2.185366e+01 -1.601242e+03
1.852437e-01 1963 1.019930e+04 1.524287e+04 -8.980402e+02 5.655565e+01
1.951071e-01 1933 8.989442e+03 1.402665e+04 -1.120187e+03 -3.411760e+02
2.049888e-01 2397 7.987336e+03 1.301679e+04 -1.229733e+02 -7.150236e+02
2.151844e-01 2539 7.957077e+03 1.295553e+04 -2.241948e+02 -7.858278e+02
2.250745e-01 2694 7.574906e+03 1.255212e+04 -3.459527e+02 -9.100141e+02
2.350927e-01 3121 7.418576e+03 1.236740e+04 -6.992399e+02 -2.632480e+02
2.451974e-01 3255 6.838669e+03 1.177282e+04 -1.156789e+02 4.406762e+02
2.550872e-01 3517 6.624480e+03 1.153311e+04 -2.064446e+02 9.791965e+02
2.649947e-01 3813 6.213010e+03 1.110397e+04 5.053404e+02 4.798328e+02
2.750606e-01 4231 6.406384e+03 1.125453e+04 -9.265715e+02 -6.680353e+02
2.851157e-01 4389 5.865649e+03 1.070222e+04 -3.451631e+02 -8.282736e+01
2.950080e-01 4717 5.472203e+03 1.029307e+04 3.196789e+01 -2.264296e+02
3.050474e-01 5191 5.267849e+03 1.006373e+04 -2.247883e+02 -8.604521e+02
3.151078e-01 5373 5.286916e+03 1.004565e+04 -3.100743e+02 1.669162e+02
3.251295e-01 5893 4.976390e+03 9.716842e+03 -1.712572e+02 2.612296e+02
3.352591e-01 6183 4.861145e+03 9.571439e+03 -4.988298e+02 -2.269694e+02
3.451640e-01 6349 4.614339e+03 9.304001e+03 -2.402351e+02 1.125572e+03
3.550965e-01 6993 4.524038e+03 9.183174e+03 -1.696891e+02 3.082199e+02
3.649687e-01 7003 4.312406e+03 8.949816e+03 -1.030176e+02 -3.269542e+02
3.749450e-01 7941 4.157736e+03 8.769224e+03 6.295032e+01 3.682620e+02
3.851630e-01 8221 4.258364e+03 8.822924e+03 -5.739921e+02 -3.113848e+02
3.951752e-01 8449 3.776832e+03 8.343054e+03 2.138800e+01 3.404223e+02
4.050872e-01 8931 3.863057e+03 8.383637e+03 -2.350149e+02 5.748384e+00
4.149904e-01 9289 3.711588e+03 8.207706e+03 -2.291636e+02 3.551224e+01
4.250484e-01 10113 3.566034e+03 8.036768e+03 1.553314e+02 -2.297643e+02
4.350196e-01 10087 3.428050e+03 7.873774e+03 2.535592e+02 1.710625e+02
4.449689e-01 10998 3.359009e+03 7.772878e+03 3.868977e+02 -1.196601e+02
4.550136e-01 11233 3.282032e+03 7.664326e+03 1.267748e+02 1.166896e+02
4.650240e-01 11991 3.325203e+03 7.661859e+03 -3.480071e+01 3.048903e+02
4.750600e-01 12241 3.118554e+03 7.439443e+03 -6.603213e+01 -1.316114e+02
4.850824e-01 13033 2.967094e+03 7.265807e+03 -4.170255e+02 -7.371615e+00
4.950626e-01 13227 2.977703e+03 7.234673e+03 1.038938e+02 1.750207e+02
5.050218e-01 13993 2.960290e+03 7.178472e+03 1.252380e+02 3.037455e+02
5.149626e-01 14301 2.873742e+03 7.062461e+03 -2.285217e+02 1.790126e+02
5.249789e-01 15355 2.759877e+03 6.923235e+03 -1.292974e+01 -2.468011e+02
5.350486e-01 15585 2.695196e+03 6.826324e+03 -1.362490e+02 -5.128863e+01
5.451135e-01 16549 2.698793e+03 6.787123e+03 3.105089e+02 3.786613e+02
5.551181e-01 16587 2.677848e+03 6.726905e+03 -2.217566e+02 -2.282327e+02
5.650424e-01 17461 2.728167e+03 6.726035e+03 -1.085311e+01 5.384642e+02
5.750589e-01 18177 2.421424e+03 6.428549e+03 -1.247335e+02 2.917894e+02
5.850828e-01 18739 2.486648e+03 6.439506e+03 -1.741834e+01 -9.235447e+00
5.950416e-01 19165 2.335236e+03 6.272857e+03 3.785324e-01 2.419927e+02
6.049746e-01 20013 2.317396e+03 6.215617e+03 -1.774533e+02 -3.242347e+01
6.149470e-01 20587 2.247394e+03 6.116395e+03 5.300970e+01 1.235464e+02
6.249968e-01 21657 2.259075e+03 6.082273e+03 -1.584158e+02 9.170906e+01
6.350666e-01 22129 2.259152e+03 6.038352e+03 -4.715900e+01 -1.033206e+00
6.450498e-01 22611 2.136028e+03 5.897472e+03 -1.525939e+02 1.841640e+02
6.549912e-01 23317 2.098742e+03 5.824873e+03 2.064132e+01 1.321046e+02
6.649535e-01 24222 1.998648e+03 5.703866e+03 1.157330e+02 2.944000e+01
6.749660e-01 24943 1.953578e+03 5.625743e+03 -2.176427e+02 8.722955e+01
6.850252e-01 25921 1.987435e+03 5.607752e+03 -6.258362e+01 9.396608e+01
6.950284e-01 26253 1.984656e+03 5.561640e+03 -1.354846e+02 1.120622e+02
7.049900e-01 27139 1.972708e+03 5.508511e+03 -3.581195e+01 1.545035e+01
7.150256e-01 28185 1.903730e+03 5.412796e+03 -2.038088e+02 1.595891e+02
7.250860e-01 28969 1.840646e+03 5.321609e+03 -7.151966e+00 -9.238883e+01
7.350183e-01 28887 1.877162e+03 5.304513e+03 6.918347e+01 -1.567495e+02
7.450018e-01 30937 1.707283e+03 5.136790e+03 -1.340464e+02 4.532781e+01
7.551045e-01 31341 1.706478e+03 5.091935e+03 -1.947080e+01 -4.070094e+01
7.650666e-01 31555 1.704958e+03 5.047269e+03 -1.897538e+02 -5.208591e+01
7.750154e-01 33025 1.700681e+03 5.000464e+03 -3.372490e+02 -2.333253e+02
7.850634e-01 33921 1.590818e+03 4.879149e+03 -2.021597e+02 1.463605e+02
7.950596e-01 34285 1.596852e+03 4.839735e+03 -2.844488e+02 2.285127e+02
8.050450e-01 35703 1.630873e+03 4.819291e+03 8.440573e+01 2.531129e+02
8.150563e-01 36205 1.596168e+03 4.751575e+03 -7.709312e+01 -7.971075e+01
8.250795e-01 37485 1.546536e+03 4.674137e+03 4.598314e+01 3.334595e+01
8.350885e-01 38047 1.578894e+03 4.651947e+03 -1.978991e+02 -1.065845e+02
8.450499e-01 38913 1.484095e+03 4.545252e+03 -2.052945e+02 1.314670e+02
8.550252e-01 39853 1.453053e+03 4.481549e+03 -9.990005e+01 5.418216e+00
8.650455e-01 41367 1.419459e+03 4.416391e+03 -1.185146e+02 -1.416843e+02
8.750680e-01 41617 1.371243e+03 4.342082e+03 -5.550093e+01 -1.018141e+02
8.849916e-01 42430 1.372629e+03 4.300436e+03 -5.267146e+01 3.929749e+01
8.949944e-01 44367 1.315371e+03 4.221538e+03 3.010360e+01 -1.714227e+02
9.050336e-01 44569 1.290574e+03 4.163375e+03 7.085106e+00 -1.013030e+02
9.150411e-01 46089 1.289536e+03 4.120320e+03 -8.280080e+01 4.552216e+01
9.250625e-01 46819 1.271796e+03 4.067120e+03 -1.498756e+02 1.334895e+01
9.350607e-01 47793 1.283255e+03 4.031800e+03 -1.399975e+02 2.312044e+01
9.450463e-01 48697 1.247841e+03 3.968490e+03 -8.767480e+01 -1.281015e+02
9.549734e-01 49443 1.238612e+03 3.921361e+03 1.018813e+01 6.763081e+01
9.649510e-01 51097 1.209393e+03 3.862605e+03 -5.272263e+01 -1.551021e+02
9.750082e-01 52453 1.141529e+03 3.781627e+03 1.893206e+01 -4.700042e+01
9.850290e-01 52947 1.135448e+03 3.736940e+03 -3.648206e+01 9.062611e+01
9.950258e-01 54193 1.131395e+03 3.693924e+03 -1.420295e+01 -1.401232e+02
