# text fof file
# logMmin 1.200000e+01 -> nfof_min 133
# boxsize 600.000000
# density total 4.051100e+04 4.051100e+04; rel difference 1.229572e-11
# nbar 1.875509e-04
1.483274e-02 13 1.065030e+05 1.118232e+05 -1.169434e+05 1.735857e+05
2.513187e-02 33 7.389411e+04 7.919886e+04 -1.912738e+04 7.790927e+04
3.574650e-02 79 6.099569e+04 6.628017e+04 -3.546299e+03 -9.019229e+03
4.583347e-02 105 4.449584e+04 4.976901e+04 -1.342594e+04 3.190283e+04
5.486964e-02 145 3.526690e+04 4.052953e+04 -2.233870e+02 7.005522e+02
6.471857e-02 243 3.567968e+04 4.091321e+04 -4.360960e+03 -2.579086e+02
7.503996e-02 313 2.906776e+04 3.428929e+04 -1.526281e+03 3.819541e+03
8.485495e-02 369 2.380093e+04 2.901309e+04 -1.228209e+03 9.453007e+03
9.528688e-02 571 2.015844e+04 2.535787e+04 -2.559968e+03 4.427783e+03
1.059290e-01 601 2.010082e+04 2.527013e+04 -6.695886e+02 2.266132e+03
1.156806e-01 705 1.700002e+04 2.216120e+04 -4.533983e+02 -1.673695e+03
1.255756e-01 883 1.638692e+04 2.152355e+04 2.495037e+03 -1.482524e+03
1.352378e-01 909 1.587701e+04 2.098840e+04 -1.666477e+03 -2.098035e+03
1.449493e-01 1177 1.291341e+04 1.802761e+04 -5.363023e+02 -3.509297e+03
1.550659e-01 1323 1.182670e+04 1.692466e+04 1.326571e+03 -1.584657e+03
1.649601e-01 1453 1.171219e+04 1.678096e+04 -4.282799e+02 1.393300e+03
1.749597e-01 1701 1.097783e+04 1.602711e+04 -5.858276e+02 -1.062259e+03
1.852437e-01 1963 9.971621e+03 1.500630e+04 9.467905e+02 2.572228e+02
1.951071e-01 1933 9.643344e+03 1.465283e+04 -7.374646e+02 1.468693e+02
2.049888e-01 2397 8.481266e+03 1.348554e+04 -1.394821e+02 -2.111111e+03
2.151844e-01 2539 8.441805e+03 1.341367e+04 9.223147e+01 -7.107544e+02
2.250745e-01 2694 8.370434e+03 1.331108e+04 -2.254626e+02 4.501955e+02
2.350927e-01 3121 7.266925e+03 1.220658e+04 -2.702081e+02 -1.885585e+02
2.451974e-01 3255 6.952838e+03 1.186957e+04 3.196718e+02 -1.807878e+02
2.550872e-01 3517 6.478387e+03 1.137908e+04 7.372782e+01 3.833310e+02
2.649947e-01 3813 6.438714e+03 1.130745e+04 2.668123e+01 8.557774e+02
2.750606e-01 4231 6.200731e+03 1.104455e+04 3.312440e+01 3.602265e+02
2.851157e-01 4389 5.579634e+03 1.041580e+04 3.239235e+01 1.773975e+02
2.950080e-01 4717 5.746521e+03 1.054053e+04 -8.337493e+02 -1.165055e+02
3.050474e-01 5191 5.333919e+03 1.011282e+04 -4.969472e+02 1.067784e+02
3.151078e-01 5373 5.060003e+03 9.818449e+03 -4.632577e+02 4.970944e+02
3.251295e-01 5893 5.279250e+03 9.988686e+03 1.386673e+02 -4.073199e+02
3.352591e-01 6183 4.934966e+03 9.627485e+03 -3.116225e+02 2.004112e+02
3.451640e-01 6349 4.721368e+03 9.390890e+03 2.137590e+02 -1.635667e+02
3.550965e-01 6993 4.572486e+03 9.215068e+03 5.217661e+01 4.544625e+02
3.649687e-01 7003 4.396280e+03 9.014479e+03 -1.463429e+02 2.179975e+02
3.749450e-01 7941 4.325052e+03 8.910855e+03 -2.745899e+02 -4.891603e+01
3.851630e-01 8221 4.223421e+03 8.777860e+03 -1.996975e+02 -7.384377e+01
3.951752e-01 8449 4.133861e+03 8.656895e+03 7.064073e+01 4.099375e+02
4.050872e-01 8931 3.873930e+03 8.380983e+03 -1.006219e+02 1.421793e+02
4.149904e-01 9289 3.732091e+03 8.213673e+03 -4.229003e+02 1.813783e+01
4.250484e-01 10113 3.495225e+03 7.960259e+03 1.750054e+02 2.237717e+02
4.350196e-01 10087 3.444574e+03 7.875742e+03 2.537147e+02 2.073593e+02
4.449689e-01 10998 3.380043e+03 7.778747e+03 1.817476e+02 -2.772859e+02
4.550136e-01 11233 3.288089e+03 7.657133e+03 1.265884e+02 -3.973431e+00
4.650240e-01 11991 3.123070e+03 7.471133e+03 -5.692406e+01 2.226268e+01
4.750600e-01 12241 3.225296e+03 7.520859e+03 -1.603637e+02 1.184561e+02
4.850824e-01 13033 2.993948e+03 7.277099e+03 -1.496084e+02 4.069315e+01
4.950626e-01 13227 2.904457e+03 7.158759e+03 5.531142e+01 -1.550476e+02
5.050218e-01 13993 2.862216e+03 7.081475e+03 -5.953798e+01 -1.852402e+02
5.149626e-01 14301 2.806212e+03 6.992520e+03 1.717606e+02 2.410546e+02
5.249789e-01 15355 2.757351e+03 6.909159e+03 1.684209e+01 1.078138e+02
5.350486e-01 15585 2.762988e+03 6.871787e+03 3.540570e+01 9.426707e+01
5.451135e-01 16549 2.621136e+03 6.709635e+03 -1.151601e+02 5.242148e+01
5.551181e-01 16587 2.529151e+03 6.590313e+03 2.048641e+02 4.347478e+02
5.650424e-01 17461 2.545696e+03 6.562644e+03 -2.183301e+01 5.766695e+01
5.750589e-01 18177 2.452675e+03 6.442736e+03 -8.772353e+01 -1.465564e+02
5.850828e-01 18739 2.410917e+03 6.365645e+03 -3.835246e+00 3.325214e+02
5.950416e-01 19165 2.398684e+03 6.313162e+03 -9.229055e+01 -1.115874e+02
6.049746e-01 20013 2.303301e+03 6.192955e+03 -7.231930e+01 1.589320e+02
6.149470e-01 20587 2.188365e+03 6.057522e+03 9.412560e+01 6.863580e+01
6.249968e-01 21657 2.169451e+03 5.999490e+03 -1.608074e+02 2.852563e+02
6.350666e-01 22129 2.107022e+03 5.906644e+03 -1.642933e+01 1.135964e+02
6.450498e-01 22611 2.067015e+03 5.831963e+03 5.250547e+01 -9.638876e+01
6.549912e-01 23317 2.075466e+03 5.795844e+03 4.041790e+01 2.440788e+02
6.649535e-01 24222 2.026239e+03 5.714236e+03 1.963493e+02 1.882605e+02
6.749660e-01 24943 1.962034e+03 5.621216e+03 1.324971e+02 3.089510e+02
6.850252e-01 25921 1.989728e+03 5.598717e+03 -1.711560e+02 -2.814140e+02
6.950284e-01 26253 1.884184e+03 5.474982e+03 1.198580e+02 -1.140074e+02
7.049900e-01 27139 1.814679e+03 5.379376e+03 -1.013759e+02 5.505159e+01
7.150256e-01 28185 1.930054e+03 5.421753e+03 -3.099803e+01 1.903580e+02
7.250860e-01 28969 1.867289e+03 5.330822e+03 7.354787e+01 -5.913889e+01
7.350183e-01 28887 1.771072e+03 5.216433e+03 1.378384e+02 1.833715e+02
7.450018e-01 30937 1.722778e+03 5.137709e+03 -1.017046e+02 -2.079262e+01
7.551045e-01 31341 1.736332e+03 5.103354e+03 -1.367617e+02 8.288078e+01
7.650666e-01 31555 1.715142e+03 5.044297e+03 -5.030194e+01 3.174113e+02
7.750154e-01 33025 1.629430e+03 4.940091e+03 1.441413e+02 -4.510610e+00
7.850634e-01 33921 1.713869e+03 4.955324e+03 1.839113e+02 1.776895e+02
7.950596e-01 34285 1.653774e+03 4.869375e+03 -6.288022e+01 4.349693e+02
8.050450e-01 35703 1.592315e+03 4.783113e+03 2.105209e+01 5.906884e+01
8.150563e-01 36205 1.561952e+03 4.718567e+03 1.208901e+02 5.776526e+01
8.250795e-01 37485 1.567349e+03 4.678746e+03 -5.959877e+01 1.047563e+02
8.350885e-01 38047 1.512567e+03 4.598015e+03 2.969368e+00 6.444080e+01
8.450499e-01 38913 1.507685e+03 4.551431e+03 -1.520926e+02 9.510021e+00
8.550252e-01 39853 1.440003e+03 4.463772e+03 9.371124e+01 8.657619e+01
8.650455e-01 41367 1.459411e+03 4.433009e+03 -6.979329e+01 6.735153e+01
8.750680e-01 41617 1.428475e+03 4.369699e+03 -1.971231e+02 9.393906e+01
8.849916e-01 42430 1.393956e+03 4.304958e+03 -1.094327e+02 -7.530426e+01
8.949944e-01 44367 1.386573e+03 4.257365e+03 -1.245345e+01 1.543390e+02
9.050336e-01 44569 1.386522e+03 4.214186e+03 2.650142e+00 8.568271e+01
9.150411e-01 46089 1.358428e+03 4.153920e+03 1.009078e+02 7.043752e+01
9.250625e-01 46819 1.284427e+03 4.065988e+03 -9.498586e+01 -7.172144e+01
9.350607e-01 47793 1.271213e+03 4.015731e+03 -7.322820e+01 6.945929e+01
9.450463e-01 48697 1.246411e+03 3.959053e+03 -2.813861e+01 4.611673e+01
9.549734e-01 49443 1.256079e+03 3.923319e+03 4.089900e+00 1.763821e+02
9.649510e-01 51097 1.204191e+03 3.851239e+03 -1.204191e+02 6.377341e+01
9.750082e-01 52453 1.225363e+03 3.821811e+03 -3.559335e+01 -2.878947e+01
9.850290e-01 52947 1.169221e+03 3.748114e+03 -5.607510e+01 2.945021e+01
9.950258e-01 54193 1.174689e+03 3.710235e+03 -3.066684e+01 3.123726e+01
