8.018239e-03 9 8.988215e+03
1.659868e-02 64 1.292242e+04
2.586446e-02 157 1.215634e+04
3.529679e-02 292 8.546008e+03
4.513097e-02 529 6.227581e+03
5.555287e-02 820 5.425357e+03
6.539610e-02 1000 5.081216e+03
7.523297e-02 1483 4.163170e+03
8.527687e-02 1792 3.564651e+03
9.513029e-02 2293 2.863681e+03
1.052419e-01 2848 2.388615e+03
1.151206e-01 3232 2.243569e+03
1.250948e-01 4077 2.030468e+03
1.351559e-01 4552 1.847409e+03
1.451184e-01 5377 1.684659e+03
1.550677e-01 5974 1.442506e+03
1.650359e-01 6976 1.307321e+03
1.750550e-01 7717 1.194668e+03
1.850940e-01 8776 1.139891e+03
1.950993e-01 9553 1.073873e+03
2.050639e-01 10660 9.631982e+02
2.150232e-01 11608 8.839460e+02
2.250206e-01 12937 8.212961e+02
2.351002e-01 14062 7.719276e+02
2.450739e-01 15105 7.377001e+02
2.550522e-01 16492 6.929106e+02
2.650604e-01 17821 6.422587e+02
2.750125e-01 18940 6.121196e+02
2.850269e-01 20836 5.791218e+02
2.950518e-01 21949 5.497296e+02
3.050599e-01 23656 5.285175e+02
3.149891e-01 24727 5.034723e+02
3.250379e-01 27400 4.728391e+02
3.350922e-01 28096 4.635652e+02
3.450584e-01 30337 4.405432e+02
3.550604e-01 31696 4.223104e+02
3.650295e-01 33849 4.009218e+02
3.750722e-01 35800 3.911981e+02
3.850647e-01 37348 3.781237e+02
3.950397e-01 39535 3.648009e+02
4.050307e-01 41452 3.477053e+02
4.150177e-01 43669 3.385370e+02
4.250356e-01 45832 3.274942e+02
4.350008e-01 47524 3.168853e+02
4.450186e-01 50761 3.067583e+02
4.550579e-01 52264 2.970988e+02
4.650571e-01 54973 2.904590e+02
4.750553e-01 56890 2.828001e+02
4.849982e-01 59233 2.715917e+02
4.949997e-01 62460 2.660562e+02
5.050400e-01 64660 2.593468e+02
5.150365e-01 67105 2.517939e+02
5.250511e-01 70108 2.448192e+02
5.350611e-01 72421 2.390707e+02
5.450809e-01 75628 2.335795e+02
5.550666e-01 77374 2.292773e+02
5.650248e-01 80965 2.236468e+02
5.750209e-01 83536 2.184591e+02
5.849943e-01 86509 2.140371e+02
5.950118e-01 90088 2.098095e+02
6.050243e-01 92524 2.041041e+02
6.150021e-01 95685 2.001139e+02
6.250268e-01 99460 1.956030e+02
6.350319e-01 101791 1.922723e+02
6.450443e-01 105940 1.878402e+02
6.550363e-01 108040 1.850385e+02
6.650248e-01 112417 1.813573e+02
6.749918e-01 114172 1.785283e+02
6.849838e-01 119989 1.756862e+02
6.950359e-01 122428 1.710553e+02
7.050021e-01 125049 1.691546e+02
7.150185e-01 130682 1.650752e+02
7.250500e-01 132820 1.630067e+02
7.350461e-01 137169 1.598459e+02
7.450354e-01 139912 1.579336e+02
7.550326e-01 145021 1.550736e+02
7.650453e-01 148000 1.521618e+02
7.750260e-01 151840 1.510570e+02
7.849916e-01 155365 1.484610e+02
7.950130e-01 161410 1.462526e+02
8.050563e-01 164341 1.442452e+02
8.150452e-01 167704 1.422235e+02
8.250456e-01 172960 1.398978e+02
8.350307e-01 175597 1.379562e+02
8.450225e-01 181552 1.361650e+02
8.550387e-01 185185 1.341035e+02
8.650410e-01 189576 1.322035e+02
8.750145e-01 192850 1.307201e+02
8.849866e-01 198481 1.295435e+02
8.950163e-01 203908 1.274340e+02
9.050183e-01 206677 1.259114e+02
9.150119e-01 212440 1.242452e+02
9.250146e-01 216544 1.227295e+02
9.350152e-01 221725 1.213917e+02
9.450189e-01 226024 1.191121e+02
9.550021e-01 230515 1.183406e+02
9.650081e-01 236548 1.167979e+02
9.750165e-01 240697 1.155612e+02
9.850258e-01 246264 1.145020e+02
9.950310e-01 250480 1.126064e+02
