8.018239e-03 9 7.542717e+03
1.659868e-02 64 1.048884e+04
2.586446e-02 157 9.628665e+03
3.529679e-02 292 7.959224e+03
4.513097e-02 529 6.296751e+03
5.555287e-02 820 5.111799e+03
6.539610e-02 1000 4.835282e+03
7.523297e-02 1483 4.063791e+03
8.527687e-02 1792 3.403426e+03
9.513029e-02 2293 2.881653e+03
1.052419e-01 2848 2.395700e+03
1.151206e-01 3232 2.167466e+03
1.250948e-01 4077 2.055197e+03
1.351559e-01 4552 1.859146e+03
1.451184e-01 5377 1.646523e+03
1.550677e-01 5974 1.427968e+03
1.650359e-01 6976 1.307954e+03
1.750550e-01 7717 1.217858e+03
1.850940e-01 8776 1.120135e+03
1.950993e-01 9553 1.032826e+03
2.050639e-01 10660 9.659710e+02
2.150232e-01 11608 8.803747e+02
2.250206e-01 12937 8.312104e+02
2.351002e-01 14062 7.695801e+02
2.450739e-01 15105 7.207170e+02
2.550522e-01 16492 6.919850e+02
2.650604e-01 17821 6.515261e+02
2.750125e-01 18940 6.163019e+02
2.850269e-01 20836 5.799001e+02
2.950518e-01 21949 5.453763e+02
3.050599e-01 23656 5.224706e+02
3.149891e-01 24727 5.008257e+02
3.250379e-01 27400 4.827078e+02
3.350922e-01 28096 4.567186e+02
3.450584e-01 30337 4.371887e+02
3.550604e-01 31696 4.221693e+02
3.650295e-01 33849 4.040627e+02
3.750722e-01 35800 3.876214e+02
3.850647e-01 37348 3.744966e+02
3.950397e-01 39535 3.619186e+02
4.050307e-01 41452 3.490719e+02
4.150177e-01 43669 3.367776e+02
4.250356e-01 45832 3.260669e+02
4.350008e-01 47524 3.183122e+02
4.450186e-01 50761 3.058054e+02
4.550579e-01 52264 2.973031e+02
4.650571e-01 54973 2.882664e+02
4.750553e-01 56890 2.810662e+02
4.849982e-01 59233 2.713511e+02
4.949997e-01 62460 2.649996e+02
5.050400e-01 64660 2.554002e+02
5.150365e-01 67105 2.511795e+02
5.250511e-01 70108 2.443254e+02
5.350611e-01 72421 2.376001e+02
5.450809e-01 75628 2.315250e+02
5.550666e-01 77374 2.262735e+02
5.650248e-01 80965 2.208597e+02
5.750209e-01 83536 2.174587e+02
5.849943e-01 86509 2.127586e+02
5.950118e-01 90088 2.070945e+02
6.050243e-01 92524 2.042655e+02
6.150021e-01 95685 1.994663e+02
6.250268e-01 99460 1.967523e+02
6.350319e-01 101791 1.922309e+02
6.450443e-01 105940 1.870988e+02
6.550363e-01 108040 1.841244e+02
6.650248e-01 112417 1.811802e+02
6.749918e-01 114172 1.783714e+02
6.849838e-01 119989 1.751996e+02
6.950359e-01 122428 1.720368e+02
7.050021e-01 125049 1.688199e+02
7.150185e-01 130682 1.655396e+02
7.250500e-01 132820 1.618135e+02
7.350461e-01 137169 1.608547e+02
7.450354e-01 139912 1.573837e+02
7.550326e-01 145021 1.551576e+02
7.650453e-01 148000 1.526663e+02
7.750260e-01 151840 1.499644e+02
7.849916e-01 155365 1.479069e+02
7.950130e-01 161410 1.461674e+02
8.050563e-01 164341 1.436397e+02
8.150452e-01 167704 1.413563e+02
8.250456e-01 172960 1.393845e+02
8.350307e-01 175597 1.374000e+02
8.450225e-01 181552 1.355043e+02
8.550387e-01 185185 1.335582e+02
8.650410e-01 189576 1.317488e+02
8.750145e-01 192850 1.299501e+02
8.849866e-01 198481 1.288038e+02
8.950163e-01 203908 1.274699e+02
9.050183e-01 206677 1.252350e+02
9.150119e-01 212440 1.239156e+02
9.250146e-01 216544 1.219464e+02
9.350152e-01 221725 1.209204e+02
9.450189e-01 226024 1.196695e+02
9.550021e-01 230515 1.178635e+02
9.650081e-01 236548 1.164065e+02
9.750165e-01 240697 1.149859e+02
9.850258e-01 246264 1.142766e+02
9.950310e-01 250480 1.126784e+02
