8.018239e-03 9 1.825596e+04
1.659868e-02 64 2.725285e+04
2.586446e-02 157 2.556541e+04
3.529679e-02 292 1.796790e+04
4.513097e-02 529 1.312754e+04
5.555287e-02 820 1.127893e+04
6.539610e-02 1000 1.057959e+04
7.523297e-02 1483 8.749361e+03
8.527687e-02 1792 7.529325e+03
9.513029e-02 2293 6.057709e+03
1.052419e-01 2848 5.070730e+03
1.151206e-01 3232 4.824541e+03
1.250948e-01 4077 4.352102e+03
1.351559e-01 4552 3.944344e+03
1.451184e-01 5377 3.613943e+03
1.550677e-01 5974 3.203363e+03
1.650359e-01 6976 2.936427e+03
1.750550e-01 7717 2.709882e+03
1.850940e-01 8776 2.557929e+03
1.950993e-01 9553 2.409257e+03
2.050639e-01 10660 2.204139e+03
2.150232e-01 11608 2.057576e+03
2.250206e-01 12937 1.942568e+03
2.351002e-01 14062 1.847658e+03
2.450739e-01 15105 1.765764e+03
2.550522e-01 16492 1.659816e+03
2.650604e-01 17821 1.559412e+03
2.750125e-01 18940 1.492596e+03
2.850269e-01 20836 1.435914e+03
2.950518e-01 21949 1.379264e+03
3.050599e-01 23656 1.331144e+03
3.149891e-01 24727 1.272871e+03
3.250379e-01 27400 1.213483e+03
3.350922e-01 28096 1.189588e+03
3.450584e-01 30337 1.140781e+03
3.550604e-01 31696 1.104908e+03
3.650295e-01 33849 1.063830e+03
3.750722e-01 35800 1.037743e+03
3.850647e-01 37348 1.012637e+03
3.950397e-01 39535 9.889092e+02
4.050307e-01 41452 9.499820e+02
4.150177e-01 43669 9.292354e+02
4.250356e-01 45832 9.069052e+02
4.350008e-01 47524 8.792554e+02
4.450186e-01 50761 8.619881e+02
4.550579e-01 52264 8.487797e+02
4.650571e-01 54973 8.243784e+02
4.750553e-01 56890 8.101240e+02
4.849982e-01 59233 7.898491e+02
4.949997e-01 62460 7.743164e+02
5.050400e-01 64660 7.569767e+02
5.150365e-01 67105 7.410874e+02
5.250511e-01 70108 7.290507e+02
5.350611e-01 72421 7.142701e+02
5.450809e-01 75628 7.020023e+02
5.550666e-01 77374 6.873300e+02
5.650248e-01 80965 6.715295e+02
5.750209e-01 83536 6.652322e+02
5.849943e-01 86509 6.559886e+02
5.950118e-01 90088 6.434110e+02
6.050243e-01 92524 6.318085e+02
6.150021e-01 95685 6.209578e+02
6.250268e-01 99460 6.136862e+02
6.350319e-01 101791 6.034585e+02
6.450443e-01 105940 5.921349e+02
6.550363e-01 108040 5.851589e+02
6.650248e-01 112417 5.758914e+02
6.749918e-01 114172 5.687648e+02
6.849838e-01 119989 5.588583e+02
6.950359e-01 122428 5.513720e+02
7.050021e-01 125049 5.436218e+02
7.150185e-01 130682 5.373427e+02
7.250500e-01 132820 5.314312e+02
7.350461e-01 137169 5.231179e+02
7.450354e-01 139912 5.143450e+02
7.550326e-01 145021 5.079764e+02
7.650453e-01 148000 5.038362e+02
7.750260e-01 151840 4.984385e+02
7.849916e-01 155365 4.892913e+02
7.950130e-01 161410 4.868000e+02
8.050563e-01 164341 4.785592e+02
8.150452e-01 167704 4.734525e+02
8.250456e-01 172960 4.672541e+02
8.350307e-01 175597 4.635764e+02
8.450225e-01 181552 4.557310e+02
8.550387e-01 185185 4.511967e+02
8.650410e-01 189576 4.466423e+02
8.750145e-01 192850 4.439600e+02
8.849866e-01 198481 4.373768e+02
8.950163e-01 203908 4.329587e+02
9.050183e-01 206677 4.283766e+02
9.150119e-01 212440 4.220011e+02
9.250146e-01 216544 4.199188e+02
9.350152e-01 221725 4.157048e+02
9.450189e-01 226024 4.105547e+02
9.550021e-01 230515 4.063536e+02
9.650081e-01 236548 4.018218e+02
9.750165e-01 240697 3.966868e+02
9.850258e-01 246264 3.937163e+02
9.950310e-01 250480 3.887664e+02
