8.018239e-03 9 2.295579e+04
1.659868e-02 64 2.642052e+04
2.586446e-02 157 2.129609e+04
3.529679e-02 292 1.896707e+04
4.513097e-02 529 1.419001e+04
5.555287e-02 820 1.222383e+04
6.539610e-02 1000 1.021093e+04
7.523297e-02 1483 8.121950e+03
8.527687e-02 1792 7.513671e+03
9.513029e-02 2293 6.115200e+03
1.052419e-01 2848 5.236323e+03
1.151206e-01 3232 4.640390e+03
1.250948e-01 4077 4.269616e+03
1.351559e-01 4552 3.954392e+03
1.451184e-01 5377 3.540365e+03
1.550677e-01 5974 3.153911e+03
1.650359e-01 6976 2.841861e+03
1.750550e-01 7717 2.677603e+03
1.850940e-01 8776 2.564647e+03
1.950993e-01 9553 2.402127e+03
2.050639e-01 10660 2.212785e+03
2.150232e-01 11608 2.052742e+03
2.250206e-01 12937 1.952620e+03
2.351002e-01 14062 1.835854e+03
2.450739e-01 15105 1.736307e+03
2.550522e-01 16492 1.661952e+03
2.650604e-01 17821 1.557821e+03
2.750125e-01 18940 1.476862e+03
2.850269e-01 20836 1.425620e+03
2.950518e-01 21949 1.366064e+03
3.050599e-01 23656 1.308942e+03
3.149891e-01 24727 1.277556e+03
3.250379e-01 27400 1.217971e+03
3.350922e-01 28096 1.180309e+03
3.450584e-01 30337 1.139420e+03
3.550604e-01 31696 1.101232e+03
3.650295e-01 33849 1.055183e+03
3.750722e-01 35800 1.032657e+03
3.850647e-01 37348 1.001934e+03
3.950397e-01 39535 9.840367e+02
4.050307e-01 41452 9.423908e+02
4.150177e-01 43669 9.249759e+02
4.250356e-01 45832 8.946962e+02
4.350008e-01 47524 8.814069e+02
4.450186e-01 50761 8.584344e+02
4.550579e-01 52264 8.426312e+02
4.650571e-01 54973 8.242424e+02
4.750553e-01 56890 7.999129e+02
4.849982e-01 59233 7.796110e+02
4.949997e-01 62460 7.690729e+02
5.050400e-01 64660 7.508170e+02
5.150365e-01 67105 7.346813e+02
5.250511e-01 70108 7.208079e+02
5.350611e-01 72421 7.104639e+02
5.450809e-01 75628 6.918578e+02
5.550666e-01 77374 6.824014e+02
5.650248e-01 80965 6.710330e+02
5.750209e-01 83536 6.627249e+02
5.849943e-01 86509 6.485865e+02
5.950118e-01 90088 6.406360e+02
6.050243e-01 92524 6.259667e+02
6.150021e-01 95685 6.162646e+02
6.250268e-01 99460 6.054075e+02
6.350319e-01 101791 5.995614e+02
6.450443e-01 105940 5.887310e+02
6.550363e-01 108040 5.823885e+02
6.650248e-01 112417 5.726744e+02
6.749918e-01 114172 5.637017e+02
6.849838e-01 119989 5.541629e+02
6.950359e-01 122428 5.483588e+02
7.050021e-01 125049 5.417216e+02
7.150185e-01 130682 5.334273e+02
7.250500e-01 132820 5.274501e+02
7.350461e-01 137169 5.177979e+02
7.450354e-01 139912 5.134409e+02
7.550326e-01 145021 5.032343e+02
7.650453e-01 148000 4.993766e+02
7.750260e-01 151840 4.932098e+02
7.849916e-01 155365 4.877052e+02
7.950130e-01 161410 4.835882e+02
8.050563e-01 164341 4.756240e+02
8.150452e-01 167704 4.711084e+02
8.250456e-01 172960 4.644472e+02
8.350307e-01 175597 4.569087e+02
8.450225e-01 181552 4.555241e+02
8.550387e-01 185185 4.480268e+02
8.650410e-01 189576 4.454185e+02
8.750145e-01 192850 4.408366e+02
8.849866e-01 198481 4.336882e+02
8.950163e-01 203908 4.301063e+02
9.050183e-01 206677 4.247440e+02
9.150119e-01 212440 4.194675e+02
9.250146e-01 216544 4.150947e+02
9.350152e-01 221725 4.110470e+02
9.450189e-01 226024 4.062046e+02
9.550021e-01 230515 4.028413e+02
9.650081e-01 236548 3.968890e+02
9.750165e-01 240697 3.951526e+02
9.850258e-01 246264 3.896060e+02
9.950310e-01 250480 3.857457e+02
