# nc 512
# boxsize 1.000000e+03
8.018239e-03 9 4.243267e+03 6.076944e+05 8.703133e+07
1.659868e-02 64 6.280526e+03 9.001826e+05 1.290328e+08
2.586446e-02 157 5.932203e+03 8.488021e+05 1.214767e+08
3.529679e-02 292 4.156220e+03 5.921099e+05 8.440386e+07
4.513097e-02 529 3.016544e+03 4.284594e+05 6.092352e+07
5.555287e-02 820 2.642720e+03 3.751879e+05 5.334952e+07
6.539610e-02 1000 2.468300e+03 3.494594e+05 4.957074e+07
7.523297e-02 1483 2.013972e+03 2.839284e+05 4.014365e+07
8.527687e-02 1792 1.723887e+03 2.418476e+05 3.405835e+07
9.513029e-02 2293 1.380095e+03 1.929798e+05 2.712143e+07
1.052419e-01 2848 1.146249e+03 1.595734e+05 2.235034e+07
1.151206e-01 3232 1.058966e+03 1.467246e+05 2.047008e+07
1.250948e-01 4077 9.606313e+02 1.328354e+05 1.851066e+07
1.351559e-01 4552 8.705173e+02 1.198898e+05 1.665690e+07
1.451184e-01 5377 7.915462e+02 1.083907e+05 1.499162e+07
1.550677e-01 5974 6.642439e+02 9.037271e+04 1.244510e+07
1.650359e-01 6976 5.928852e+02 8.014951e+04 1.098261e+07
1.750550e-01 7717 5.365564e+02 7.211172e+04 9.843215e+06
1.850940e-01 8776 5.135140e+02 6.891456e+04 9.398315e+06
1.950993e-01 9553 4.821945e+02 6.435071e+04 8.736285e+06
2.050639e-01 10660 4.283344e+02 5.688285e+04 7.701915e+06
2.150232e-01 11608 3.884405e+02 5.121278e+04 6.898926e+06
2.250206e-01 12937 3.540728e+02 4.639795e+04 6.223371e+06
2.351002e-01 14062 3.278902e+02 4.274300e+04 5.718330e+06
2.450739e-01 15105 3.133419e+02 4.063361e+04 5.410566e+06
2.550522e-01 16492 2.929383e+02 3.781369e+04 5.022568e+06
2.650604e-01 17821 2.679372e+02 3.438666e+04 4.552483e+06
2.750125e-01 18940 2.524300e+02 3.222068e+04 4.249748e+06
2.850269e-01 20836 2.351060e+02 2.976733e+04 3.902665e+06
2.950518e-01 21949 2.190757e+02 2.753142e+04 3.592295e+06
3.050599e-01 23656 2.071090e+02 2.587949e+04 3.365590e+06
3.149891e-01 24727 1.970504e+02 2.447733e+04 3.168978e+06
3.250379e-01 27400 1.841548e+02 2.277297e+04 2.944010e+06
3.350922e-01 28096 1.770106e+02 2.169462e+04 2.785710e+06
3.450584e-01 30337 1.667734e+02 2.036727e+04 2.612475e+06
3.550604e-01 31696 1.571170e+02 1.906204e+04 2.434720e+06
3.650295e-01 33849 1.465794e+02 1.763533e+04 2.242860e+06
3.750722e-01 35800 1.415805e+02 1.694415e+04 2.145528e+06
3.850647e-01 37348 1.348214e+02 1.601929e+04 2.020044e+06
3.950397e-01 39535 1.282979e+02 1.512848e+04 1.898595e+06
4.050307e-01 41452 1.210267e+02 1.420098e+04 1.778708e+06
4.150177e-01 43669 1.165844e+02 1.357432e+04 1.691996e+06
4.250356e-01 45832 1.107889e+02 1.280242e+04 1.589314e+06
4.350008e-01 47524 1.062554e+02 1.218839e+04 1.505771e+06
4.450186e-01 50761 1.011776e+02 1.155297e+04 1.425586e+06
4.550579e-01 52264 9.620287e+01 1.088479e+04 1.336192e+06
4.650571e-01 54973 9.297292e+01 1.044023e+04 1.275767e+06
4.750553e-01 56890 8.938882e+01 9.973173e+03 1.214361e+06
4.849982e-01 59233 8.477251e+01 9.390901e+03 1.140480e+06
4.949997e-01 62460 8.170177e+01 8.976059e+03 1.084273e+06
5.050400e-01 64660 7.894366e+01 8.616441e+03 1.037350e+06
5.150365e-01 67105 7.545762e+01 8.159536e+03 9.768927e+05
5.250511e-01 70108 7.201003e+01 7.736598e+03 9.241026e+05
5.350611e-01 72421 6.982352e+01 7.430257e+03 8.813326e+05
5.450809e-01 75628 6.715411e+01 7.095754e+03 8.391656e+05
5.550666e-01 77374 6.500030e+01 6.812742e+03 8.024979e+05
5.650248e-01 80965 6.249501e+01 6.509677e+03 7.648364e+05
5.750209e-01 83536 6.023845e+01 6.209315e+03 7.257084e+05
5.849943e-01 86509 5.774057e+01 5.914001e+03 6.894012e+05
5.950118e-01 90088 5.622940e+01 5.710207e+03 6.628508e+05
6.050243e-01 92524 5.382484e+01 5.415456e+03 6.259529e+05
6.150021e-01 95685 5.205453e+01 5.195148e+03 5.972487e+05
6.250268e-01 99460 5.020581e+01 4.966578e+03 5.696014e+05
6.350319e-01 101791 4.865113e+01 4.772711e+03 5.450506e+05
6.450443e-01 105940 4.693631e+01 4.562533e+03 5.189028e+05
6.550363e-01 108040 4.548734e+01 4.381986e+03 4.967735e+05
6.650248e-01 112417 4.401162e+01 4.196734e+03 4.731836e+05
6.749918e-01 114172 4.265529e+01 4.032092e+03 4.527525e+05
6.849838e-01 119989 4.126041e+01 3.864091e+03 4.320375e+05
6.950359e-01 122428 3.989543e+01 3.701583e+03 4.125318e+05
7.050021e-01 125049 3.882351e+01 3.570161e+03 3.962874e+05
7.150185e-01 130682 3.747898e+01 3.411107e+03 3.772538e+05
7.250500e-01 132820 3.656416e+01 3.298192e+03 3.632580e+05
7.350461e-01 137169 3.545310e+01 3.171554e+03 3.481775e+05
7.450354e-01 139912 3.432225e+01 3.039258e+03 3.323751e+05
7.550326e-01 145021 3.338161e+01 2.924297e+03 3.182832e+05
7.650453e-01 148000 3.231836e+01 2.800376e+03 3.035398e+05
7.750260e-01 151840 3.135720e+01 2.689726e+03 2.899545e+05
7.849916e-01 155365 3.051036e+01 2.589793e+03 2.785332e+05
7.950130e-01 161410 2.956627e+01 2.487181e+03 2.667768e+05
8.050563e-01 164341 2.871301e+01 2.385763e+03 2.545245e+05
8.150452e-01 167704 2.797397e+01 2.302578e+03 2.450572e+05
8.250456e-01 172960 2.721175e+01 2.213496e+03 2.345991e+05
8.350307e-01 175597 2.662658e+01 2.147476e+03 2.266773e+05
8.450225e-01 181552 2.572675e+01 2.052697e+03 2.161155e+05
8.550387e-01 185185 2.503547e+01 1.975543e+03 2.073078e+05
8.650410e-01 189576 2.438071e+01 1.898831e+03 1.983245e+05
8.750145e-01 192850 2.370956e+01 1.824042e+03 1.896110e+05
8.849866e-01 198481 2.319577e+01 1.767722e+03 1.831717e+05
8.950163e-01 203908 2.252024e+01 1.693533e+03 1.749553e+05
9.050183e-01 206677 2.193218e+01 1.630192e+03 1.678009e+05
9.150119e-01 212440 2.139503e+01 1.573168e+03 1.614729e+05
9.250146e-01 216544 2.082146e+01 1.508918e+03 1.540836e+05
9.350152e-01 221725 2.031708e+01 1.459478e+03 1.487204e+05
9.450189e-01 226024 1.977851e+01 1.397977e+03 1.417847e+05
9.550021e-01 230515 1.935982e+01 1.352215e+03 1.366315e+05
9.650081e-01 236548 1.888101e+01 1.303189e+03 1.315269e+05
9.750165e-01 240697 1.842415e+01 1.255488e+03 1.260939e+05
9.850258e-01 246264 1.805038e+01 1.215265e+03 1.216687e+05
9.950310e-01 250480 1.752392e+01 1.164673e+03 1.163513e+05
