# nc 512
# boxsize 1.000000e+03
8.018239e-03 9 3.159409e+03 4.529188e+05 6.492982e+07
1.659868e-02 64 5.237569e+03 7.513698e+05 1.077981e+08
2.586446e-02 157 4.663407e+03 6.682302e+05 9.577270e+07
3.529679e-02 292 3.895514e+03 5.577088e+05 7.988564e+07
4.513097e-02 529 3.303562e+03 4.711394e+05 6.725562e+07
5.555287e-02 820 2.667845e+03 3.794441e+05 5.404174e+07
6.539610e-02 1000 2.363553e+03 3.349783e+05 4.756645e+07
7.523297e-02 1483 1.973575e+03 2.791814e+05 3.959480e+07
8.527687e-02 1792 1.707785e+03 2.401874e+05 3.389201e+07
9.513029e-02 2293 1.332747e+03 1.864814e+05 2.621495e+07
1.052419e-01 2848 1.175472e+03 1.638919e+05 2.297774e+07
1.151206e-01 3232 1.017080e+03 1.412589e+05 1.975225e+07
1.250948e-01 4077 9.692953e+02 1.340364e+05 1.866801e+07
1.351559e-01 4552 8.779614e+02 1.208224e+05 1.676483e+07
1.451184e-01 5377 7.589444e+02 1.039962e+05 1.439347e+07
1.550677e-01 5974 6.634619e+02 9.036317e+04 1.244968e+07
1.650359e-01 6976 5.889710e+02 7.998550e+04 1.100694e+07
1.750550e-01 7717 5.429117e+02 7.315040e+04 1.000035e+07
1.850940e-01 8776 5.030220e+02 6.760548e+04 9.232619e+06
1.950993e-01 9553 4.754733e+02 6.356434e+04 8.642342e+06
2.050639e-01 10660 4.278468e+02 5.679848e+04 7.685798e+06
2.150232e-01 11608 3.844641e+02 5.078562e+04 6.852306e+06
2.250206e-01 12937 3.562003e+02 4.670169e+04 6.265498e+06
2.351002e-01 14062 3.321965e+02 4.332247e+04 5.790660e+06
2.450739e-01 15105 3.099533e+02 4.024186e+04 5.366131e+06
2.550522e-01 16492 2.879051e+02 3.723164e+04 4.953871e+06
2.650604e-01 17821 2.698095e+02 3.464616e+04 4.585902e+06
2.750125e-01 18940 2.525820e+02 3.222505e+04 4.248352e+06
2.850269e-01 20836 2.357810e+02 2.989447e+04 3.923404e+06
2.950518e-01 21949 2.182888e+02 2.747738e+04 3.590587e+06
3.050599e-01 23656 2.080985e+02 2.608055e+04 3.399254e+06
3.149891e-01 24727 1.945058e+02 2.423249e+04 3.148062e+06
3.250379e-01 27400 1.848194e+02 2.287163e+04 2.957343e+06
3.350922e-01 28096 1.758829e+02 2.162781e+04 2.783990e+06
3.450584e-01 30337 1.660221e+02 2.030095e+04 2.604863e+06
3.550604e-01 31696 1.550040e+02 1.883987e+04 2.410920e+06
3.650295e-01 33849 1.497794e+02 1.807031e+04 2.298395e+06
3.750722e-01 35800 1.402228e+02 1.679416e+04 2.129032e+06
3.850647e-01 37348 1.340941e+02 1.597697e+04 2.018063e+06
3.950397e-01 39535 1.272130e+02 1.504063e+04 1.891806e+06
4.050307e-01 41452 1.211360e+02 1.422256e+04 1.780788e+06
4.150177e-01 43669 1.152651e+02 1.343724e+04 1.676632e+06
4.250356e-01 45832 1.097850e+02 1.270493e+04 1.578593e+06
4.350008e-01 47524 1.062748e+02 1.221046e+04 1.509257e+06
4.450186e-01 50761 1.006282e+02 1.150302e+04 1.419474e+06
4.550579e-01 52264 9.645029e+01 1.092308e+04 1.340425e+06
4.650571e-01 54973 9.213079e+01 1.037058e+04 1.269168e+06
4.750553e-01 56890 8.837734e+01 9.888420e+03 1.207025e+06
4.849982e-01 59233 8.502500e+01 9.417978e+03 1.141480e+06
4.949997e-01 62460 8.128120e+01 8.962021e+03 1.085198e+06
5.050400e-01 64660 7.839002e+01 8.562552e+03 1.029755e+06
5.150365e-01 67105 7.538415e+01 8.175283e+03 9.803499e+05
5.250511e-01 70108 7.183463e+01 7.730592e+03 9.236464e+05
5.350611e-01 72421 6.902237e+01 7.369624e+03 8.769406e+05
5.450809e-01 75628 6.680180e+01 7.087013e+03 8.411411e+05
5.550666e-01 77374 6.451095e+01 6.776955e+03 7.992264e+05
5.650248e-01 80965 6.213916e+01 6.483635e+03 7.624170e+05
5.750209e-01 83536 5.968606e+01 6.164953e+03 7.210066e+05
5.849943e-01 86509 5.781580e+01 5.927650e+03 6.905004e+05
5.950118e-01 90088 5.543762e+01 5.639043e+03 6.554845e+05
6.050243e-01 92524 5.381832e+01 5.428848e+03 6.280957e+05
6.150021e-01 95685 5.228229e+01 5.230046e+03 6.023267e+05
6.250268e-01 99460 5.017411e+01 4.975386e+03 5.704732e+05
6.350319e-01 101791 4.867144e+01 4.779547e+03 5.453439e+05
6.450443e-01 105940 4.684783e+01 4.561322e+03 5.192343e+05
6.550363e-01 108040 4.513374e+01 4.355705e+03 4.936912e+05
6.650248e-01 112417 4.402121e+01 4.209382e+03 4.751580e+05
6.749918e-01 114172 4.244216e+01 4.029586e+03 4.538811e+05
6.849838e-01 119989 4.107618e+01 3.863663e+03 4.333947e+05
6.950359e-01 122428 3.990260e+01 3.718267e+03 4.149549e+05
7.050021e-01 125049 3.864969e+01 3.566647e+03 3.963863e+05
7.150185e-01 130682 3.735431e+01 3.413399e+03 3.780154e+05
7.250500e-01 132820 3.639304e+01 3.291260e+03 3.625039e+05
7.350461e-01 137169 3.512952e+01 3.150696e+03 3.461501e+05
7.450354e-01 139912 3.416744e+01 3.034386e+03 3.322550e+05
7.550326e-01 145021 3.314227e+01 2.912210e+03 3.175652e+05
7.650453e-01 148000 3.227369e+01 2.812628e+03 3.053099e+05
7.750260e-01 151840 3.121777e+01 2.686560e+03 2.905807e+05
7.849916e-01 155365 3.022704e+01 2.577794e+03 2.779013e+05
7.950130e-01 161410 2.942218e+01 2.480769e+03 2.661106e+05
8.050563e-01 164341 2.860772e+01 2.387257e+03 2.550142e+05
8.150452e-01 167704 2.780518e+01 2.299308e+03 2.453039e+05
8.250456e-01 172960 2.705718e+01 2.211909e+03 2.347271e+05
8.350307e-01 175597 2.622457e+01 2.123073e+03 2.248674e+05
8.450225e-01 181552 2.555217e+01 2.042865e+03 2.149848e+05
8.550387e-01 185185 2.490515e+01 1.969519e+03 2.066375e+05
8.650410e-01 189576 2.434391e+01 1.900777e+03 1.983419e+05
8.750145e-01 192850 2.359695e+01 1.824166e+03 1.900003e+05
8.849866e-01 198481 2.295466e+01 1.750031e+03 1.815616e+05
8.950163e-01 203908 2.243048e+01 1.691764e+03 1.747730e+05
9.050183e-01 206677 2.183831e+01 1.630793e+03 1.680582e+05
9.150119e-01 212440 2.126943e+01 1.567839e+03 1.607838e+05
9.250146e-01 216544 2.074153e+01 1.510277e+03 1.544824e+05
9.350152e-01 221725 2.022977e+01 1.457031e+03 1.486122e+05
9.450189e-01 226024 1.976088e+01 1.404205e+03 1.424139e+05
9.550021e-01 230515 1.920943e+01 1.349666e+03 1.366957e+05
9.650081e-01 236548 1.871063e+01 1.297401e+03 1.311298e+05
9.750165e-01 240697 1.829390e+01 1.254412e+03 1.262812e+05
9.850258e-01 246264 1.783695e+01 1.207493e+03 1.211998e+05
9.950310e-01 250480 1.743574e+01 1.164201e+03 1.164677e+05
