# nc 512
# boxsize 1.000000e+03
8.018239e-03 9 3.988943e+03 5.726165e+05 8.220052e+07
1.659868e-02 64 5.531562e+03 7.935440e+05 1.138502e+08
2.586446e-02 157 5.038602e+03 7.212745e+05 1.032722e+08
3.529679e-02 292 4.015153e+03 5.741656e+05 8.214862e+07
4.513097e-02 529 2.980491e+03 4.256632e+05 6.084789e+07
5.555287e-02 820 2.514678e+03 3.579575e+05 5.102436e+07
6.539610e-02 1000 2.244085e+03 3.182000e+05 4.520504e+07
7.523297e-02 1483 2.061394e+03 2.905651e+05 4.105986e+07
8.527687e-02 1792 1.608999e+03 2.266089e+05 3.203010e+07
9.513029e-02 2293 1.382307e+03 1.936312e+05 2.724621e+07
1.052419e-01 2848 1.118369e+03 1.558431e+05 2.184180e+07
1.151206e-01 3232 1.034226e+03 1.436278e+05 2.007524e+07
1.250948e-01 4077 9.716057e+02 1.343002e+05 1.870011e+07
1.351559e-01 4552 8.601758e+02 1.182994e+05 1.640786e+07
1.451184e-01 5377 7.638116e+02 1.045485e+05 1.445053e+07
1.550677e-01 5974 6.782248e+02 9.247457e+04 1.275261e+07
1.650359e-01 6976 5.888536e+02 7.978593e+04 1.095625e+07
1.750550e-01 7717 5.377341e+02 7.247608e+04 9.912070e+06
1.850940e-01 8776 4.985157e+02 6.691364e+04 9.126027e+06
1.950993e-01 9553 4.618173e+02 6.161585e+04 8.367144e+06
2.050639e-01 10660 4.342386e+02 5.772061e+04 7.821136e+06
2.150232e-01 11608 3.909457e+02 5.156398e+04 6.945032e+06
2.250206e-01 12937 3.568467e+02 4.675461e+04 6.269970e+06
2.351002e-01 14062 3.299676e+02 4.303256e+04 5.752355e+06
2.450739e-01 15105 3.050842e+02 3.961154e+04 5.282205e+06
2.550522e-01 16492 2.896173e+02 3.737767e+04 4.963131e+06
2.650604e-01 17821 2.717963e+02 3.492239e+04 4.624774e+06
2.750125e-01 18940 2.536340e+02 3.234898e+04 4.261386e+06
2.850269e-01 20836 2.361308e+02 2.994239e+04 3.931744e+06
2.950518e-01 21949 2.198080e+02 2.769726e+04 3.621428e+06
3.050599e-01 23656 2.074876e+02 2.597293e+04 3.381200e+06
3.149891e-01 24727 1.957615e+02 2.435712e+04 3.158445e+06
3.250379e-01 27400 1.858086e+02 2.300069e+04 2.974550e+06
3.350922e-01 28096 1.728356e+02 2.125094e+04 2.738294e+06
3.450584e-01 30337 1.642076e+02 2.006482e+04 2.575678e+06
3.550604e-01 31696 1.568443e+02 1.900798e+04 2.424861e+06
3.650295e-01 33849 1.480651e+02 1.786937e+04 2.275649e+06
3.750722e-01 35800 1.411763e+02 1.690623e+04 2.142536e+06
3.850647e-01 37348 1.342662e+02 1.596115e+04 2.012925e+06
3.950397e-01 39535 1.271907e+02 1.501517e+04 1.886688e+06
4.050307e-01 41452 1.207550e+02 1.418143e+04 1.778513e+06
4.150177e-01 43669 1.157914e+02 1.350468e+04 1.685396e+06
4.250356e-01 45832 1.098260e+02 1.271726e+04 1.580716e+06
4.350008e-01 47524 1.059973e+02 1.219093e+04 1.508880e+06
4.450186e-01 50761 1.008399e+02 1.150175e+04 1.416789e+06
4.550579e-01 52264 9.644096e+01 1.093931e+04 1.344208e+06
4.650571e-01 54973 9.289381e+01 1.045697e+04 1.279267e+06
4.750553e-01 56890 8.842445e+01 9.879558e+03 1.203793e+06
4.849982e-01 59233 8.499253e+01 9.418688e+03 1.143006e+06
4.949997e-01 62460 8.139795e+01 8.952060e+03 1.081236e+06
5.050400e-01 64660 7.790548e+01 8.505956e+03 1.024399e+06
5.150365e-01 67105 7.516392e+01 8.145442e+03 9.759104e+05
5.250511e-01 70108 7.221951e+01 7.763996e+03 9.266010e+05
5.350611e-01 72421 6.961613e+01 7.439619e+03 8.856279e+05
5.450809e-01 75628 6.721403e+01 7.110727e+03 8.414582e+05
5.550666e-01 77374 6.447108e+01 6.775934e+03 7.998916e+05
5.650248e-01 80965 6.209839e+01 6.461044e+03 7.588417e+05
5.750209e-01 83536 5.999835e+01 6.210207e+03 7.278788e+05
5.849943e-01 86509 5.777406e+01 5.921716e+03 6.905478e+05
5.950118e-01 90088 5.605467e+01 5.698591e+03 6.611790e+05
6.050243e-01 92524 5.386401e+01 5.427985e+03 6.273268e+05
6.150021e-01 95685 5.193504e+01 5.185254e+03 5.970658e+05
6.250268e-01 99460 5.013345e+01 4.966346e+03 5.693999e+05
6.350319e-01 101791 4.865864e+01 4.782354e+03 5.464671e+05
6.450443e-01 105940 4.691888e+01 4.573343e+03 5.208259e+05
6.550363e-01 108040 4.529549e+01 4.369941e+03 4.955229e+05
6.650248e-01 112417 4.393422e+01 4.209314e+03 4.760662e+05
6.749918e-01 114172 4.247184e+01 4.026829e+03 4.524465e+05
6.849838e-01 119989 4.095938e+01 3.845335e+03 4.312065e+05
6.950359e-01 122428 3.994354e+01 3.714774e+03 4.140485e+05
7.050021e-01 125049 3.875685e+01 3.569303e+03 3.963285e+05
7.150185e-01 130682 3.728565e+01 3.405143e+03 3.772607e+05
7.250500e-01 132820 3.635285e+01 3.285062e+03 3.620668e+05
7.350461e-01 137169 3.524197e+01 3.154812e+03 3.461069e+05
7.450354e-01 139912 3.408503e+01 3.020293e+03 3.306443e+05
7.550326e-01 145021 3.317170e+01 2.917219e+03 3.179707e+05
7.650453e-01 148000 3.213478e+01 2.794794e+03 3.036597e+05
7.750260e-01 151840 3.129286e+01 2.692894e+03 2.913673e+05
7.849916e-01 155365 3.025261e+01 2.576731e+03 2.782119e+05
7.950130e-01 161410 2.938609e+01 2.470441e+03 2.648068e+05
8.050563e-01 164341 2.881769e+01 2.401598e+03 2.563013e+05
8.150452e-01 167704 2.789373e+01 2.301671e+03 2.449648e+05
8.250456e-01 172960 2.705756e+01 2.209620e+03 2.343150e+05
8.350307e-01 175597 2.634723e+01 2.129876e+03 2.254241e+05
8.450225e-01 181552 2.555803e+01 2.041274e+03 2.149684e+05
8.550387e-01 185185 2.485019e+01 1.965710e+03 2.065557e+05
8.650410e-01 189576 2.428609e+01 1.896703e+03 1.982794e+05
8.750145e-01 192850 2.364787e+01 1.830064e+03 1.907416e+05
8.849866e-01 198481 2.295069e+01 1.753015e+03 1.820852e+05
8.950163e-01 203908 2.242769e+01 1.692133e+03 1.749240e+05
9.050183e-01 206677 2.175088e+01 1.623286e+03 1.676713e+05
9.150119e-01 212440 2.129443e+01 1.568324e+03 1.608328e+05
9.250146e-01 216544 2.074004e+01 1.511792e+03 1.550781e+05
9.350152e-01 221725 2.010661e+01 1.446197e+03 1.476211e+05
9.450189e-01 226024 1.971294e+01 1.398826e+03 1.421218e+05
9.550021e-01 230515 1.925602e+01 1.350802e+03 1.367504e+05
9.650081e-01 236548 1.875161e+01 1.299684e+03 1.314602e+05
9.750165e-01 240697 1.827989e+01 1.250871e+03 1.259303e+05
9.850258e-01 246264 1.788236e+01 1.208649e+03 1.212627e+05
9.950310e-01 250480 1.739262e+01 1.158537e+03 1.159075e+05
