# nc 512
# boxsize 1.000000e+03
8.018239e-03 9 5.944628e+03 8.543351e+05 1.227835e+08
1.659868e-02 64 6.349167e+03 9.113231e+05 1.308197e+08
2.586446e-02 157 5.213144e+03 7.458228e+05 1.067254e+08
3.529679e-02 292 3.937788e+03 5.639896e+05 8.081818e+07
4.513097e-02 529 3.158983e+03 4.494485e+05 6.400813e+07
5.555287e-02 820 2.543360e+03 3.613187e+05 5.141029e+07
6.539610e-02 1000 2.375790e+03 3.363322e+05 4.771193e+07
7.523297e-02 1483 2.064490e+03 2.913796e+05 4.123108e+07
8.527687e-02 1792 1.641547e+03 2.307639e+05 3.255725e+07
9.513029e-02 2293 1.396587e+03 1.957419e+05 2.755922e+07
1.052419e-01 2848 1.153832e+03 1.611216e+05 2.263172e+07
1.151206e-01 3232 1.034102e+03 1.434677e+05 2.004224e+07
1.250948e-01 4077 9.803383e+02 1.357159e+05 1.892661e+07
1.351559e-01 4552 8.825244e+02 1.216474e+05 1.691188e+07
1.451184e-01 5377 7.768563e+02 1.066051e+05 1.477438e+07
1.550677e-01 5974 6.722818e+02 9.147888e+04 1.259382e+07
1.650359e-01 6976 5.951757e+02 8.085948e+04 1.113187e+07
1.750550e-01 7717 5.430845e+02 7.334475e+04 1.005204e+07
1.850940e-01 8776 5.058265e+02 6.812353e+04 9.322116e+06
1.950993e-01 9553 4.646178e+02 6.216532e+04 8.462607e+06
2.050639e-01 10660 4.323391e+02 5.749748e+04 7.791317e+06
2.150232e-01 11608 3.934520e+02 5.197367e+04 7.008426e+06
2.250206e-01 12937 3.552788e+02 4.667279e+04 6.274008e+06
2.351002e-01 14062 3.367271e+02 4.392494e+04 5.871060e+06
2.450739e-01 15105 3.090518e+02 4.013035e+04 5.349902e+06
2.550522e-01 16492 2.891916e+02 3.733312e+04 4.957298e+06
2.650604e-01 17821 2.745543e+02 3.525546e+04 4.664073e+06
2.750125e-01 18940 2.513326e+02 3.204957e+04 4.223319e+06
2.850269e-01 20836 2.328143e+02 2.949003e+04 3.870268e+06
2.950518e-01 21949 2.232669e+02 2.809817e+04 3.667040e+06
3.050599e-01 23656 2.072313e+02 2.599443e+04 3.391482e+06
3.149891e-01 24727 1.962114e+02 2.441362e+04 3.166036e+06
3.250379e-01 27400 1.848322e+02 2.286512e+04 2.954532e+06
3.350922e-01 28096 1.754679e+02 2.154098e+04 2.767883e+06
3.450584e-01 30337 1.636671e+02 1.997053e+04 2.559695e+06
3.550604e-01 31696 1.557931e+02 1.890005e+04 2.414049e+06
3.650295e-01 33849 1.485645e+02 1.792768e+04 2.282541e+06
3.750722e-01 35800 1.414754e+02 1.693012e+04 2.142913e+06
3.850647e-01 37348 1.333246e+02 1.587401e+04 2.005461e+06
3.950397e-01 39535 1.273662e+02 1.505458e+04 1.892584e+06
4.050307e-01 41452 1.213188e+02 1.421875e+04 1.777567e+06
4.150177e-01 43669 1.156756e+02 1.346905e+04 1.678801e+06
4.250356e-01 45832 1.107128e+02 1.283821e+04 1.597563e+06
4.350008e-01 47524 1.051429e+02 1.207582e+04 1.492759e+06
4.450186e-01 50761 1.004803e+02 1.147944e+04 1.416649e+06
4.550579e-01 52264 9.673579e+01 1.097097e+04 1.347190e+06
4.650571e-01 54973 9.211185e+01 1.035847e+04 1.266354e+06
4.750553e-01 56890 8.845195e+01 9.875495e+03 1.202246e+06
4.849982e-01 59233 8.555387e+01 9.488969e+03 1.150651e+06
4.949997e-01 62460 8.159948e+01 8.976039e+03 1.084196e+06
5.050400e-01 64660 7.860306e+01 8.585064e+03 1.032379e+06
5.150365e-01 67105 7.510093e+01 8.129764e+03 9.727446e+05
5.250511e-01 70108 7.222289e+01 7.770958e+03 9.275338e+05
5.350611e-01 72421 6.930844e+01 7.407738e+03 8.812949e+05
5.450809e-01 75628 6.692588e+01 7.091952e+03 8.403172e+05
5.550666e-01 77374 6.445124e+01 6.781759e+03 8.016248e+05
5.650248e-01 80965 6.213230e+01 6.472254e+03 7.600692e+05
5.750209e-01 83536 5.991209e+01 6.198884e+03 7.254658e+05
5.849943e-01 86509 5.783601e+01 5.928078e+03 6.905347e+05
5.950118e-01 90088 5.590210e+01 5.688972e+03 6.607211e+05
6.050243e-01 92524 5.372729e+01 5.428607e+03 6.285411e+05
6.150021e-01 95685 5.187667e+01 5.193457e+03 5.988068e+05
6.250268e-01 99460 5.012320e+01 4.972034e+03 5.706115e+05
6.350319e-01 101791 4.849433e+01 4.770635e+03 5.452481e+05
6.450443e-01 105940 4.699306e+01 4.587291e+03 5.228928e+05
6.550363e-01 108040 4.546456e+01 4.386556e+03 4.962779e+05
6.650248e-01 112417 4.374057e+01 4.179239e+03 4.712570e+05
6.749918e-01 114172 4.270106e+01 4.050657e+03 4.549668e+05
6.849838e-01 119989 4.115235e+01 3.869089e+03 4.331958e+05
6.950359e-01 122428 3.995331e+01 3.729069e+03 4.166810e+05
7.050021e-01 125049 3.830254e+01 3.536334e+03 3.933030e+05
7.150185e-01 130682 3.732623e+01 3.415721e+03 3.783116e+05
7.250500e-01 132820 3.615536e+01 3.271108e+03 3.606298e+05
7.350461e-01 137169 3.515963e+01 3.155826e+03 3.469106e+05
7.450354e-01 139912 3.423928e+01 3.040232e+03 3.323378e+05
7.550326e-01 145021 3.311041e+01 2.914766e+03 3.177949e+05
7.650453e-01 148000 3.210250e+01 2.800115e+03 3.041956e+05
7.750260e-01 151840 3.129689e+01 2.694796e+03 2.909235e+05
7.849916e-01 155365 3.023115e+01 2.580241e+03 2.780516e+05
7.950130e-01 161410 2.932734e+01 2.477761e+03 2.661405e+05
8.050563e-01 164341 2.861465e+01 2.388915e+03 2.553274e+05
8.150452e-01 167704 2.774495e+01 2.297274e+03 2.450528e+05
8.250456e-01 172960 2.696021e+01 2.207673e+03 2.342787e+05
8.350307e-01 175597 2.627716e+01 2.124358e+03 2.246471e+05
8.450225e-01 181552 2.544502e+01 2.036938e+03 2.147142e+05
8.550387e-01 185185 2.488996e+01 1.970018e+03 2.067541e+05
8.650410e-01 189576 2.421822e+01 1.894338e+03 1.979413e+05
8.750145e-01 192850 2.365721e+01 1.831157e+03 1.903970e+05
8.849866e-01 198481 2.291231e+01 1.753353e+03 1.820838e+05
8.950163e-01 203908 2.239613e+01 1.695247e+03 1.753676e+05
9.050183e-01 206677 2.179736e+01 1.633145e+03 1.686652e+05
9.150119e-01 212440 2.125234e+01 1.570166e+03 1.612560e+05
9.250146e-01 216544 2.069741e+01 1.512353e+03 1.548577e+05
9.350152e-01 221725 2.018431e+01 1.456695e+03 1.486390e+05
9.450189e-01 226024 1.965006e+01 1.399374e+03 1.423702e+05
9.550021e-01 230515 1.917992e+01 1.351327e+03 1.370477e+05
9.650081e-01 236548 1.864542e+01 1.297149e+03 1.313635e+05
9.750165e-01 240697 1.824905e+01 1.252310e+03 1.260922e+05
9.850258e-01 246264 1.780640e+01 1.204248e+03 1.208343e+05
9.950310e-01 250480 1.731679e+01 1.158782e+03 1.159880e+05
