# sigma2_v 3.117930490628155e+00
0.000000e+00 1.000000e+00
1.000000e-02 9.998441e-01
2.000000e-02 9.993766e-01
3.000000e-02 9.985979e-01
4.000000e-02 9.975087e-01
5.000000e-02 9.961100e-01
6.000000e-02 9.944032e-01
7.000000e-02 9.923896e-01
8.000000e-02 9.900713e-01
9.000000e-02 9.874503e-01
1.000000e-01 9.845290e-01
1.100000e-01 9.813100e-01
1.200000e-01 9.777964e-01
1.300000e-01 9.739911e-01
1.400000e-01 9.698978e-01
1.500000e-01 9.655200e-01
1.600000e-01 9.608618e-01
1.700000e-01 9.559272e-01
1.800000e-01 9.507207e-01
1.900000e-01 9.452468e-01
2.000000e-01 9.395105e-01
2.100000e-01 9.335167e-01
2.200000e-01 9.272708e-01
2.300000e-01 9.207782e-01
2.400000e-01 9.140445e-01
2.500000e-01 9.070755e-01
2.600000e-01 8.998772e-01
2.700000e-01 8.924558e-01
2.800000e-01 8.848176e-01
2.900000e-01 8.769689e-01
3.000000e-01 8.689165e-01
3.100000e-01 8.606669e-01
3.200000e-01 8.522271e-01
3.300000e-01 8.436039e-01
3.400000e-01 8.348044e-01
3.500000e-01 8.258356e-01
3.600000e-01 8.167049e-01
3.700000e-01 8.074193e-01
3.800000e-01 7.979863e-01
3.900000e-01 7.884132e-01
4.000000e-01 7.787074e-01
4.100000e-01 7.688763e-01
4.200000e-01 7.589274e-01
4.300000e-01 7.488682e-01
4.400000e-01 7.387061e-01
4.500000e-01 7.284486e-01
4.600000e-01 7.181032e-01
4.700000e-01 7.076771e-01
4.800000e-01 6.971780e-01
4.900000e-01 6.866129e-01
5.000000e-01 6.759894e-01
5.100000e-01 6.653146e-01
5.200000e-01 6.545956e-01
5.300000e-01 6.438396e-01
5.400000e-01 6.330536e-01
5.500000e-01 6.222444e-01
5.600000e-01 6.114190e-01
5.700000e-01 6.005841e-01
5.800000e-01 5.897463e-01
5.900000e-01 5.789120e-01
6.000000e-01 5.680878e-01
6.100000e-01 5.572798e-01
6.200000e-01 5.464942e-01
6.300000e-01 5.357369e-01
6.400000e-01 5.250140e-01
6.500000e-01 5.143309e-01
6.600000e-01 5.036935e-01
6.700000e-01 4.931070e-01
6.800000e-01 4.825767e-01
6.900000e-01 4.721077e-01
7.000000e-01 4.617050e-01
7.100000e-01 4.513735e-01
7.200000e-01 4.411176e-01
7.300000e-01 4.309419e-01
7.400000e-01 4.208506e-01
7.500000e-01 4.108479e-01
7.600000e-01 4.009378e-01
7.700000e-01 3.911240e-01
7.800000e-01 3.814102e-01
7.900000e-01 3.717997e-01
8.000000e-01 3.622959e-01
8.100000e-01 3.529019e-01
8.200000e-01 3.436206e-01
8.300000e-01 3.344548e-01
8.400000e-01 3.254070e-01
8.500000e-01 3.164799e-01
8.600000e-01 3.076755e-01
8.700000e-01 2.989960e-01
8.800000e-01 2.904435e-01
8.900000e-01 2.820196e-01
9.000000e-01 2.737260e-01
9.100000e-01 2.655643e-01
9.200000e-01 2.575357e-01
9.300000e-01 2.496414e-01
9.400000e-01 2.418825e-01
9.500000e-01 2.342599e-01
9.600000e-01 2.267744e-01
9.700000e-01 2.194265e-01
9.800000e-01 2.122169e-01
9.900000e-01 2.051458e-01
1.000000e+00 1.982135e-01
1.010000e+00 1.914201e-01
1.020000e+00 1.847657e-01
1.030000e+00 1.782500e-01
1.040000e+00 1.718731e-01
1.050000e+00 1.656343e-01
1.060000e+00 1.595335e-01
1.070000e+00 1.535700e-01
1.080000e+00 1.477432e-01
1.090000e+00 1.420523e-01
1.100000e+00 1.364967e-01
1.110000e+00 1.310754e-01
1.120000e+00 1.257874e-01
1.130000e+00 1.206317e-01
1.140000e+00 1.156072e-01
1.150000e+00 1.107126e-01
1.160000e+00 1.059468e-01
1.170000e+00 1.013085e-01
1.180000e+00 9.679614e-02
1.190000e+00 9.240842e-02
1.200000e+00 8.814383e-02
1.210000e+00 8.400084e-02
1.220000e+00 7.997788e-02
1.230000e+00 7.607331e-02
1.240000e+00 7.228549e-02
1.250000e+00 6.861271e-02
1.260000e+00 6.505324e-02
1.270000e+00 6.160533e-02
1.280000e+00 5.826717e-02
1.290000e+00 5.503696e-02
1.300000e+00 5.191286e-02
1.310000e+00 4.889300e-02
1.320000e+00 4.597551e-02
1.330000e+00 4.315849e-02
1.340000e+00 4.044004e-02
1.350000e+00 3.781823e-02
1.360000e+00 3.529115e-02
1.370000e+00 3.285684e-02
1.380000e+00 3.051338e-02
1.390000e+00 2.825880e-02
1.400000e+00 2.609117e-02
1.410000e+00 2.400854e-02
1.420000e+00 2.200895e-02
1.430000e+00 2.009046e-02
1.440000e+00 1.825113e-02
1.450000e+00 1.648902e-02
1.460000e+00 1.480221e-02
1.470000e+00 1.318875e-02
1.480000e+00 1.164675e-02
1.490000e+00 1.017430e-02
1.500000e+00 8.769498e-03
1.510000e+00 7.430466e-03
1.520000e+00 6.155333e-03
1.530000e+00 4.942241e-03
1.540000e+00 3.789348e-03
1.550000e+00 2.694826e-03
1.560000e+00 1.656861e-03
1.570000e+00 6.736558e-04
1.580000e+00 -2.565687e-04
1.590000e+00 -1.135576e-03
1.600000e+00 -1.965112e-03
1.610000e+00 -2.746902e-03
1.620000e+00 -3.482657e-03
1.630000e+00 -4.174064e-03
1.640000e+00 -4.822795e-03
1.650000e+00 -5.430499e-03
1.660000e+00 -5.998806e-03
1.670000e+00 -6.529325e-03
1.680000e+00 -7.023646e-03
1.690000e+00 -7.483336e-03
1.700000e+00 -7.909940e-03
1.710000e+00 -8.304984e-03
1.720000e+00 -8.669970e-03
1.730000e+00 -9.006377e-03
1.740000e+00 -9.315665e-03
1.750000e+00 -9.599268e-03
1.760000e+00 -9.858598e-03
1.770000e+00 -1.009505e-02
1.780000e+00 -1.030997e-02
1.790000e+00 -1.050473e-02
1.800000e+00 -1.068063e-02
1.810000e+00 -1.083896e-02
1.820000e+00 -1.098100e-02
1.830000e+00 -1.110800e-02
1.840000e+00 -1.122117e-02
1.850000e+00 -1.132171e-02
1.860000e+00 -1.141079e-02
1.870000e+00 -1.148956e-02
1.880000e+00 -1.155913e-02
1.890000e+00 -1.162060e-02
1.900000e+00 -1.167504e-02
1.910000e+00 -1.172349e-02
1.920000e+00 -1.176697e-02
1.930000e+00 -1.180645e-02
1.940000e+00 -1.184291e-02
1.950000e+00 -1.187727e-02
1.960000e+00 -1.191044e-02
1.970000e+00 -1.194331e-02
1.980000e+00 -1.197671e-02
1.990000e+00 -1.201148e-02
2.000000e+00 -1.204841e-02
2.010000e+00 -1.208826e-02
2.020000e+00 -1.213177e-02
2.030000e+00 -1.217964e-02
2.040000e+00 -1.223257e-02
2.050000e+00 -1.229119e-02
2.060000e+00 -1.235613e-02
2.070000e+00 -1.242797e-02
2.080000e+00 -1.250728e-02
2.090000e+00 -1.259460e-02
2.100000e+00 -1.269041e-02
2.110000e+00 -1.279521e-02
2.120000e+00 -1.290942e-02
2.130000e+00 -1.303346e-02
2.140000e+00 -1.316771e-02
2.150000e+00 -1.331254e-02
2.160000e+00 -1.346825e-02
2.170000e+00 -1.363515e-02
2.180000e+00 -1.381351e-02
2.190000e+00 -1.400355e-02
2.200000e+00 -1.420549e-02
2.210000e+00 -1.441950e-02
2.220000e+00 -1.464574e-02
2.230000e+00 -1.488432e-02
2.240000e+00 -1.513534e-02
2.250000e+00 -1.539887e-02
2.260000e+00 -1.567494e-02
2.270000e+00 -1.596357e-02
2.280000e+00 -1.626475e-02
2.290000e+00 -1.657843e-02
2.300000e+00 -1.690455e-02
2.310000e+00 -1.724301e-02
2.320000e+00 -1.759372e-02
2.330000e+00 -1.795652e-02
2.340000e+00 -1.833126e-02
2.350000e+00 -1.871776e-02
2.360000e+00 -1.911580e-02
2.370000e+00 -1.952517e-02
2.380000e+00 -1.994561e-02
2.390000e+00 -2.037686e-02
2.400000e+00 -2.081864e-02
2.410000e+00 -2.127063e-02
2.420000e+00 -2.173253e-02
2.430000e+00 -2.220400e-02
2.440000e+00 -2.268467e-02
2.450000e+00 -2.317419e-02
2.460000e+00 -2.367217e-02
2.470000e+00 -2.417822e-02
2.480000e+00 -2.469192e-02
2.490000e+00 -2.521287e-02
2.500000e+00 -2.574063e-02
2.510000e+00 -2.627477e-02
2.520000e+00 -2.681483e-02
2.530000e+00 -2.736036e-02
2.540000e+00 -2.791089e-02
2.550000e+00 -2.846597e-02
2.560000e+00 -2.902510e-02
2.570000e+00 -2.958782e-02
2.580000e+00 -3.015364e-02
2.590000e+00 -3.072208e-02
2.600000e+00 -3.129264e-02
2.610000e+00 -3.186484e-02
2.620000e+00 -3.243818e-02
2.630000e+00 -3.301217e-02
2.640000e+00 -3.358634e-02
2.650000e+00 -3.416017e-02
2.660000e+00 -3.473320e-02
2.670000e+00 -3.530494e-02
2.680000e+00 -3.587491e-02
2.690000e+00 -3.644262e-02
2.700000e+00 -3.700762e-02
2.710000e+00 -3.756942e-02
2.720000e+00 -3.812758e-02
2.730000e+00 -3.868164e-02
2.740000e+00 -3.923114e-02
2.750000e+00 -3.977564e-02
2.760000e+00 -4.031471e-02
2.770000e+00 -4.084793e-02
2.780000e+00 -4.137487e-02
2.790000e+00 -4.189511e-02
2.800000e+00 -4.240826e-02
2.810000e+00 -4.291392e-02
2.820000e+00 -4.341171e-02
2.830000e+00 -4.390124e-02
2.840000e+00 -4.438215e-02
2.850000e+00 -4.485408e-02
2.860000e+00 -4.531667e-02
2.870000e+00 -4.576959e-02
2.880000e+00 -4.621250e-02
2.890000e+00 -4.664509e-02
2.900000e+00 -4.706703e-02
2.910000e+00 -4.747802e-02
2.920000e+00 -4.787778e-02
2.930000e+00 -4.826600e-02
2.940000e+00 -4.864242e-02
2.950000e+00 -4.900677e-02
2.960000e+00 -4.935878e-02
2.970000e+00 -4.969821e-02
2.980000e+00 -5.002482e-02
2.990000e+00 -5.033837e-02
3.000000e+00 -5.063864e-02
3.010000e+00 -5.092541e-02
3.020000e+00 -5.119848e-02
3.030000e+00 -5.145764e-02
3.040000e+00 -5.170270e-02
3.050000e+00 -5.193348e-02
3.060000e+00 -5.214980e-02
3.070000e+00 -5.235150e-02
3.080000e+00 -5.253841e-02
3.090000e+00 -5.271038e-02
3.100000e+00 -5.286727e-02
3.110000e+00 -5.300893e-02
3.120000e+00 -5.313524e-02
3.130000e+00 -5.324608e-02
3.140000e+00 -5.334133e-02
3.150000e+00 -5.342087e-02
3.160000e+00 -5.348462e-02
3.170000e+00 -5.353248e-02
3.180000e+00 -5.356436e-02
3.190000e+00 -5.358019e-02
3.200000e+00 -5.357990e-02
3.210000e+00 -5.356342e-02
3.220000e+00 -5.353071e-02
3.230000e+00 -5.348172e-02
3.240000e+00 -5.341642e-02
3.250000e+00 -5.333477e-02
3.260000e+00 -5.323676e-02
3.270000e+00 -5.312239e-02
3.280000e+00 -5.299164e-02
3.290000e+00 -5.284454e-02
3.300000e+00 -5.268110e-02
3.310000e+00 -5.250135e-02
3.320000e+00 -5.230534e-02
3.330000e+00 -5.209311e-02
3.340000e+00 -5.186473e-02
3.350000e+00 -5.162028e-02
3.360000e+00 -5.135983e-02
3.370000e+00 -5.108350e-02
3.380000e+00 -5.079138e-02
3.390000e+00 -5.048361e-02
3.400000e+00 -5.016031e-02
3.410000e+00 -4.982164e-02
3.420000e+00 -4.946776e-02
3.430000e+00 -4.909884e-02
3.440000e+00 -4.871509e-02
3.450000e+00 -4.831669e-02
3.460000e+00 -4.790388e-02
3.470000e+00 -4.747688e-02
3.480000e+00 -4.703594e-02
3.490000e+00 -4.658133e-02
3.500000e+00 -4.611333e-02
3.510000e+00 -4.563222e-02
3.520000e+00 -4.513833e-02
3.530000e+00 -4.463196e-02
3.540000e+00 -4.411347e-02
3.550000e+00 -4.358321e-02
3.560000e+00 -4.304155e-02
3.570000e+00 -4.248887e-02
3.580000e+00 -4.192558e-02
3.590000e+00 -4.135210e-02
3.600000e+00 -4.076884e-02
3.610000e+00 -4.017627e-02
3.620000e+00 -3.957484e-02
3.630000e+00 -3.896502e-02
3.640000e+00 -3.834731e-02
3.650000e+00 -3.772220e-02
3.660000e+00 -3.709021e-02
3.670000e+00 -3.645187e-02
3.680000e+00 -3.580772e-02
3.690000e+00 -3.515831e-02
3.700000e+00 -3.450420e-02
3.710000e+00 -3.384596e-02
3.720000e+00 -3.318418e-02
3.730000e+00 -3.251946e-02
3.740000e+00 -3.185238e-02
3.750000e+00 -3.118357e-02
3.760000e+00 -3.051364e-02
3.770000e+00 -2.984321e-02
3.780000e+00 -2.917291e-02
3.790000e+00 -2.850338e-02
3.800000e+00 -2.783525e-02
3.810000e+00 -2.716917e-02
3.820000e+00 -2.650578e-02
3.830000e+00 -2.584572e-02
3.840000e+00 -2.518965e-02
3.850000e+00 -2.453820e-02
3.860000e+00 -2.389202e-02
3.870000e+00 -2.325177e-02
3.880000e+00 -2.261806e-02
3.890000e+00 -2.199156e-02
3.900000e+00 -2.137287e-02
3.910000e+00 -2.076264e-02
3.920000e+00 -2.016147e-02
3.930000e+00 -1.956999e-02
3.940000e+00 -1.898879e-02
3.950000e+00 -1.841846e-02
3.960000e+00 -1.785960e-02
3.970000e+00 -1.731277e-02
3.980000e+00 -1.677854e-02
3.990000e+00 -1.625744e-02
4.000000e+00 -1.575002e-02
4.010000e+00 -1.525679e-02
4.020000e+00 -1.477827e-02
4.030000e+00 -1.431492e-02
4.040000e+00 -1.386724e-02
4.050000e+00 -1.343566e-02
4.060000e+00 -1.302063e-02
4.070000e+00 -1.262257e-02
4.080000e+00 -1.224186e-02
4.090000e+00 -1.187890e-02
4.100000e+00 -1.153403e-02
4.110000e+00 -1.120759e-02
4.120000e+00 -1.089989e-02
4.130000e+00 -1.061124e-02
4.140000e+00 -1.034190e-02
4.150000e+00 -1.009211e-02
4.160000e+00 -9.862104e-03
4.170000e+00 -9.652084e-03
4.180000e+00 -9.462226e-03
4.190000e+00 -9.292685e-03
4.200000e+00 -9.143591e-03
4.210000e+00 -9.015051e-03
4.220000e+00 -8.907149e-03
4.230000e+00 -8.819942e-03
4.240000e+00 -8.753465e-03
4.250000e+00 -8.707728e-03
4.260000e+00 -8.682717e-03
4.270000e+00 -8.678396e-03
4.280000e+00 -8.694703e-03
4.290000e+00 -8.731552e-03
4.300000e+00 -8.788836e-03
4.310000e+00 -8.866423e-03
4.320000e+00 -8.964159e-03
4.330000e+00 -9.081866e-03
4.340000e+00 -9.219345e-03
4.350000e+00 -9.376375e-03
4.360000e+00 -9.552714e-03
4.370000e+00 -9.748098e-03
4.380000e+00 -9.962243e-03
4.390000e+00 -1.019484e-02
4.400000e+00 -1.044558e-02
4.410000e+00 -1.071410e-02
4.420000e+00 -1.100004e-02
4.430000e+00 -1.130304e-02
4.440000e+00 -1.162268e-02
4.450000e+00 -1.195856e-02
4.460000e+00 -1.231024e-02
4.470000e+00 -1.267728e-02
4.480000e+00 -1.305921e-02
4.490000e+00 -1.345557e-02
4.500000e+00 -1.386585e-02
4.510000e+00 -1.428956e-02
4.520000e+00 -1.472618e-02
4.530000e+00 -1.517519e-02
4.540000e+00 -1.563605e-02
4.550000e+00 -1.610820e-02
4.560000e+00 -1.659109e-02
4.570000e+00 -1.708416e-02
4.580000e+00 -1.758682e-02
4.590000e+00 -1.809850e-02
4.600000e+00 -1.861860e-02
4.610000e+00 -1.914654e-02
4.620000e+00 -1.968169e-02
4.630000e+00 -2.022347e-02
4.640000e+00 -2.077126e-02
4.650000e+00 -2.132444e-02
4.660000e+00 -2.188240e-02
4.670000e+00 -2.244452e-02
4.680000e+00 -2.301017e-02
4.690000e+00 -2.357874e-02
4.700000e+00 -2.414961e-02
4.710000e+00 -2.472214e-02
4.720000e+00 -2.529573e-02
4.730000e+00 -2.586975e-02
4.740000e+00 -2.644359e-02
4.750000e+00 -2.701663e-02
4.760000e+00 -2.758825e-02
4.770000e+00 -2.815786e-02
4.780000e+00 -2.872486e-02
4.790000e+00 -2.928863e-02
4.800000e+00 -2.984860e-02
4.810000e+00 -3.040417e-02
4.820000e+00 -3.095477e-02
4.830000e+00 -3.149982e-02
4.840000e+00 -3.203875e-02
4.850000e+00 -3.257102e-02
4.860000e+00 -3.309606e-02
4.870000e+00 -3.361334e-02
4.880000e+00 -3.412233e-02
4.890000e+00 -3.462251e-02
4.900000e+00 -3.511335e-02
4.910000e+00 -3.559437e-02
4.920000e+00 -3.606506e-02
4.930000e+00 -3.652494e-02
4.940000e+00 -3.697355e-02
4.950000e+00 -3.741043e-02
4.960000e+00 -3.783512e-02
4.970000e+00 -3.824720e-02
4.980000e+00 -3.864623e-02
4.990000e+00 -3.903181e-02
5.000000e+00 -3.940354e-02
5.010000e+00 -3.976104e-02
5.020000e+00 -4.010392e-02
5.030000e+00 -4.043183e-02
5.040000e+00 -4.074443e-02
5.050000e+00 -4.104137e-02
5.060000e+00 -4.132235e-02
5.070000e+00 -4.158705e-02
5.080000e+00 -4.183518e-02
5.090000e+00 -4.206647e-02
5.100000e+00 -4.228065e-02
5.110000e+00 -4.247747e-02
5.120000e+00 -4.265670e-02
5.130000e+00 -4.281811e-02
5.140000e+00 -4.296149e-02
5.150000e+00 -4.308666e-02
5.160000e+00 -4.319344e-02
5.170000e+00 -4.328166e-02
5.180000e+00 -4.335117e-02
5.190000e+00 -4.340185e-02
5.200000e+00 -4.343356e-02
5.210000e+00 -4.344620e-02
5.220000e+00 -4.343969e-02
5.230000e+00 -4.341394e-02
5.240000e+00 -4.336891e-02
5.250000e+00 -4.330453e-02
5.260000e+00 -4.322078e-02
5.270000e+00 -4.311764e-02
5.280000e+00 -4.299510e-02
5.290000e+00 -4.285319e-02
5.300000e+00 -4.269192e-02
5.310000e+00 -4.251135e-02
5.320000e+00 -4.231151e-02
5.330000e+00 -4.209250e-02
5.340000e+00 -4.185438e-02
5.350000e+00 -4.159726e-02
5.360000e+00 -4.132126e-02
5.370000e+00 -4.102651e-02
5.380000e+00 -4.071314e-02
5.390000e+00 -4.038131e-02
5.400000e+00 -4.003121e-02
5.410000e+00 -3.966301e-02
5.420000e+00 -3.927691e-02
5.430000e+00 -3.887314e-02
5.440000e+00 -3.845192e-02
5.450000e+00 -3.801350e-02
5.460000e+00 -3.755813e-02
5.470000e+00 -3.708608e-02
5.480000e+00 -3.659765e-02
5.490000e+00 -3.609313e-02
5.500000e+00 -3.557284e-02
5.510000e+00 -3.503710e-02
5.520000e+00 -3.448626e-02
5.530000e+00 -3.392067e-02
5.540000e+00 -3.334069e-02
5.550000e+00 -3.274672e-02
5.560000e+00 -3.213914e-02
5.570000e+00 -3.151836e-02
5.580000e+00 -3.088481e-02
5.590000e+00 -3.023890e-02
5.600000e+00 -2.958110e-02
5.610000e+00 -2.891185e-02
5.620000e+00 -2.823163e-02
5.630000e+00 -2.754091e-02
5.640000e+00 -2.684018e-02
5.650000e+00 -2.612995e-02
5.660000e+00 -2.541073e-02
5.670000e+00 -2.468305e-02
5.680000e+00 -2.394742e-02
5.690000e+00 -2.320441e-02
5.700000e+00 -2.245456e-02
5.710000e+00 -2.169842e-02
5.720000e+00 -2.093657e-02
5.730000e+00 -2.016958e-02
5.740000e+00 -1.939804e-02
5.750000e+00 -1.862254e-02
5.760000e+00 -1.784367e-02
5.770000e+00 -1.706202e-02
5.780000e+00 -1.627822e-02
5.790000e+00 -1.549287e-02
5.800000e+00 -1.470658e-02
5.810000e+00 -1.391997e-02
5.820000e+00 -1.313366e-02
5.830000e+00 -1.234827e-02
5.840000e+00 -1.156442e-02
5.850000e+00 -1.078275e-02
5.860000e+00 -1.000386e-02
5.870000e+00 -9.228377e-03
5.880000e+00 -8.456924e-03
5.890000e+00 -7.690114e-03
5.900000e+00 -6.928560e-03
5.910000e+00 -6.172868e-03
5.920000e+00 -5.423642e-03
5.930000e+00 -4.681477e-03
5.940000e+00 -3.946963e-03
5.950000e+00 -3.220681e-03
5.960000e+00 -2.503203e-03
5.970000e+00 -1.795092e-03
5.980000e+00 -1.096903e-03
5.990000e+00 -4.091756e-04
6.000000e+00 2.675593e-04
6.010000e+00 9.327852e-04
6.020000e+00 1.585999e-03
6.030000e+00 2.226710e-03
6.040000e+00 2.854447e-03
6.050000e+00 3.468751e-03
6.060000e+00 4.069180e-03
6.070000e+00 4.655311e-03
6.080000e+00 5.226739e-03
6.090000e+00 5.783075e-03
6.100000e+00 6.323954e-03
6.110000e+00 6.849027e-03
6.120000e+00 7.357967e-03
6.130000e+00 7.850469e-03
6.140000e+00 8.326248e-03
6.150000e+00 8.785043e-03
6.160000e+00 9.226614e-03
6.170000e+00 9.650745e-03
6.180000e+00 1.005724e-02
6.190000e+00 1.044594e-02
6.200000e+00 1.081668e-02
6.210000e+00 1.116936e-02
6.220000e+00 1.150386e-02
6.230000e+00 1.182013e-02
6.240000e+00 1.211811e-02
6.250000e+00 1.239777e-02
6.260000e+00 1.265912e-02
6.270000e+00 1.290219e-02
6.280000e+00 1.312701e-02
6.290000e+00 1.333367e-02
6.300000e+00 1.352226e-02
6.310000e+00 1.369291e-02
6.320000e+00 1.384574e-02
6.330000e+00 1.398095e-02
6.340000e+00 1.409870e-02
6.350000e+00 1.419922e-02
6.360000e+00 1.428273e-02
6.370000e+00 1.434949e-02
6.380000e+00 1.439977e-02
6.390000e+00 1.443388e-02
6.400000e+00 1.445211e-02
6.410000e+00 1.445480e-02
6.420000e+00 1.444230e-02
6.430000e+00 1.441498e-02
6.440000e+00 1.437321e-02
6.450000e+00 1.431739e-02
6.460000e+00 1.424794e-02
6.470000e+00 1.416527e-02
6.480000e+00 1.406983e-02
6.490000e+00 1.396206e-02
6.500000e+00 1.384241e-02
6.510000e+00 1.371136e-02
6.520000e+00 1.356938e-02
6.530000e+00 1.341696e-02
6.540000e+00 1.325459e-02
6.550000e+00 1.308275e-02
6.560000e+00 1.290196e-02
6.570000e+00 1.271272e-02
6.580000e+00 1.251552e-02
6.590000e+00 1.231089e-02
6.600000e+00 1.209932e-02
6.610000e+00 1.188132e-02
6.620000e+00 1.165741e-02
6.630000e+00 1.142809e-02
6.640000e+00 1.119385e-02
6.650000e+00 1.095519e-02
6.660000e+00 1.071261e-02
6.670000e+00 1.046658e-02
6.680000e+00 1.021760e-02
6.690000e+00 9.966125e-03
6.700000e+00 9.712625e-03
6.710000e+00 9.457553e-03
6.720000e+00 9.201354e-03
6.730000e+00 8.944463e-03
6.740000e+00 8.687304e-03
6.750000e+00 8.430290e-03
6.760000e+00 8.173820e-03
6.770000e+00 7.918283e-03
6.780000e+00 7.664055e-03
6.790000e+00 7.411498e-03
6.800000e+00 7.160960e-03
6.810000e+00 6.912778e-03
6.820000e+00 6.667271e-03
6.830000e+00 6.424748e-03
6.840000e+00 6.185499e-03
6.850000e+00 5.949802e-03
6.860000e+00 5.717922e-03
6.870000e+00 5.490106e-03
6.880000e+00 5.266589e-03
6.890000e+00 5.047589e-03
6.900000e+00 4.833312e-03
6.910000e+00 4.623948e-03
6.920000e+00 4.419674e-03
6.930000e+00 4.220651e-03
6.940000e+00 4.027028e-03
6.950000e+00 3.838941e-03
6.960000e+00 3.656512e-03
6.970000e+00 3.479849e-03
6.980000e+00 3.309050e-03
6.990000e+00 3.144200e-03
7.000000e+00 2.985371e-03
7.010000e+00 2.832625e-03
7.020000e+00 2.686014e-03
7.030000e+00 2.545578e-03
7.040000e+00 2.411350e-03
7.050000e+00 2.283350e-03
7.060000e+00 2.161593e-03
7.070000e+00 2.046084e-03
7.080000e+00 1.936819e-03
7.090000e+00 1.833791e-03
7.100000e+00 1.736982e-03
7.110000e+00 1.646371e-03
7.120000e+00 1.561931e-03
7.130000e+00 1.483630e-03
7.140000e+00 1.411431e-03
7.150000e+00 1.345295e-03
7.160000e+00 1.285178e-03
7.170000e+00 1.231034e-03
7.180000e+00 1.182817e-03
7.190000e+00 1.140476e-03
7.200000e+00 1.103961e-03
7.210000e+00 1.073221e-03
7.220000e+00 1.048206e-03
7.230000e+00 1.028863e-03
7.240000e+00 1.015143e-03
7.250000e+00 1.006998e-03
7.260000e+00 1.004380e-03
7.270000e+00 1.007245e-03
7.280000e+00 1.015548e-03
7.290000e+00 1.029251e-03
7.300000e+00 1.048315e-03
7.310000e+00 1.072708e-03
7.320000e+00 1.102398e-03
7.330000e+00 1.137360e-03
7.340000e+00 1.177570e-03
7.350000e+00 1.223010e-03
7.360000e+00 1.273666e-03
7.370000e+00 1.329528e-03
7.380000e+00 1.390592e-03
7.390000e+00 1.456857e-03
7.400000e+00 1.528328e-03
7.410000e+00 1.605013e-03
7.420000e+00 1.686927e-03
7.430000e+00 1.774089e-03
7.440000e+00 1.866522e-03
7.450000e+00 1.964255e-03
7.460000e+00 2.067320e-03
7.470000e+00 2.175756e-03
7.480000e+00 2.289604e-03
7.490000e+00 2.408911e-03
7.500000e+00 2.533727e-03
7.510000e+00 2.664107e-03
7.520000e+00 2.800110e-03
7.530000e+00 2.941796e-03
7.540000e+00 3.089233e-03
7.550000e+00 3.242487e-03
7.560000e+00 3.401631e-03
7.570000e+00 3.566739e-03
7.580000e+00 3.737887e-03
7.590000e+00 3.915153e-03
7.600000e+00 4.098619e-03
7.610000e+00 4.288365e-03
7.620000e+00 4.484475e-03
7.630000e+00 4.687032e-03
7.640000e+00 4.896121e-03
7.650000e+00 5.111826e-03
7.660000e+00 5.334231e-03
7.670000e+00 5.563420e-03
7.680000e+00 5.799475e-03
7.690000e+00 6.042477e-03
7.700000e+00 6.292507e-03
7.710000e+00 6.549642e-03
7.720000e+00 6.813957e-03
7.730000e+00 7.085525e-03
7.740000e+00 7.364414e-03
7.750000e+00 7.650691e-03
7.760000e+00 7.944417e-03
7.770000e+00 8.245649e-03
7.780000e+00 8.554441e-03
7.790000e+00 8.870840e-03
7.800000e+00 9.194888e-03
7.810000e+00 9.526621e-03
7.820000e+00 9.866070e-03
7.830000e+00 1.021326e-02
7.840000e+00 1.056820e-02
7.850000e+00 1.093091e-02
7.860000e+00 1.130139e-02
7.870000e+00 1.167963e-02
7.880000e+00 1.206561e-02
7.890000e+00 1.245932e-02
7.900000e+00 1.286072e-02
7.910000e+00 1.326977e-02
7.920000e+00 1.368642e-02
7.930000e+00 1.411060e-02
7.940000e+00 1.454226e-02
7.950000e+00 1.498129e-02
7.960000e+00 1.542762e-02
7.970000e+00 1.588114e-02
7.980000e+00 1.634173e-02
7.990000e+00 1.680927e-02
8.000000e+00 1.728361e-02
8.010000e+00 1.776462e-02
8.020000e+00 1.825212e-02
8.030000e+00 1.874594e-02
8.040000e+00 1.924590e-02
8.050000e+00 1.975180e-02
8.060000e+00 2.026341e-02
8.070000e+00 2.078052e-02
8.080000e+00 2.130289e-02
8.090000e+00 2.183026e-02
8.100000e+00 2.236237e-02
8.110000e+00 2.289894e-02
8.120000e+00 2.343968e-02
8.130000e+00 2.398428e-02
8.140000e+00 2.453243e-02
8.150000e+00 2.508379e-02
8.160000e+00 2.563801e-02
8.170000e+00 2.619474e-02
8.180000e+00 2.675361e-02
8.190000e+00 2.731424e-02
8.200000e+00 2.787621e-02
8.210000e+00 2.843913e-02
8.220000e+00 2.900257e-02
8.230000e+00 2.956610e-02
8.240000e+00 3.012927e-02
8.250000e+00 3.069162e-02
8.260000e+00 3.125268e-02
8.270000e+00 3.181197e-02
8.280000e+00 3.236900e-02
8.290000e+00 3.292326e-02
8.300000e+00 3.347425e-02
8.310000e+00 3.402144e-02
8.320000e+00 3.456430e-02
8.330000e+00 3.510230e-02
8.340000e+00 3.563487e-02
8.350000e+00 3.616148e-02
8.360000e+00 3.668156e-02
8.370000e+00 3.719453e-02
8.380000e+00 3.769983e-02
8.390000e+00 3.819688e-02
8.400000e+00 3.868509e-02
8.410000e+00 3.916387e-02
8.420000e+00 3.963264e-02
8.430000e+00 4.009081e-02
8.440000e+00 4.053777e-02
8.450000e+00 4.097294e-02
8.460000e+00 4.139572e-02
8.470000e+00 4.180551e-02
8.480000e+00 4.220173e-02
8.490000e+00 4.258379e-02
8.500000e+00 4.295109e-02
8.510000e+00 4.330306e-02
8.520000e+00 4.363912e-02
8.530000e+00 4.395871e-02
8.540000e+00 4.426125e-02
8.550000e+00 4.454620e-02
8.560000e+00 4.481301e-02
8.570000e+00 4.506113e-02
8.580000e+00 4.529006e-02
8.590000e+00 4.549926e-02
8.600000e+00 4.568825e-02
8.610000e+00 4.585654e-02
8.620000e+00 4.600364e-02
8.630000e+00 4.612912e-02
8.640000e+00 4.623251e-02
8.650000e+00 4.631342e-02
8.660000e+00 4.637141e-02
8.670000e+00 4.640613e-02
8.680000e+00 4.641718e-02
8.690000e+00 4.640424e-02
8.700000e+00 4.636699e-02
8.710000e+00 4.630511e-02
8.720000e+00 4.621833e-02
8.730000e+00 4.610640e-02
8.740000e+00 4.596910e-02
8.750000e+00 4.580622e-02
8.760000e+00 4.561758e-02
8.770000e+00 4.540305e-02
8.780000e+00 4.516248e-02
8.790000e+00 4.489581e-02
8.800000e+00 4.460295e-02
8.810000e+00 4.428388e-02
8.820000e+00 4.393860e-02
8.830000e+00 4.356712e-02
8.840000e+00 4.316950e-02
8.850000e+00 4.274584e-02
8.860000e+00 4.229625e-02
8.870000e+00 4.182089e-02
8.880000e+00 4.131992e-02
8.890000e+00 4.079358e-02
8.900000e+00 4.024210e-02
8.910000e+00 3.966577e-02
8.920000e+00 3.906489e-02
8.930000e+00 3.843981e-02
8.940000e+00 3.779091e-02
8.950000e+00 3.711858e-02
8.960000e+00 3.642328e-02
8.970000e+00 3.570547e-02
8.980000e+00 3.496565e-02
8.990000e+00 3.420436e-02
9.000000e+00 3.342215e-02
9.010000e+00 3.261963e-02
9.020000e+00 3.179741e-02
9.030000e+00 3.095615e-02
9.040000e+00 3.009652e-02
9.050000e+00 2.921924e-02
9.060000e+00 2.832503e-02
9.070000e+00 2.741466e-02
9.080000e+00 2.648892e-02
9.090000e+00 2.554860e-02
9.100000e+00 2.459455e-02
9.110000e+00 2.362762e-02
9.120000e+00 2.264870e-02
9.130000e+00 2.165866e-02
9.140000e+00 2.065844e-02
9.150000e+00 1.964896e-02
9.160000e+00 1.863119e-02
9.170000e+00 1.760607e-02
9.180000e+00 1.657460e-02
9.190000e+00 1.553778e-02
9.200000e+00 1.449659e-02
9.210000e+00 1.345207e-02
9.220000e+00 1.240524e-02
9.230000e+00 1.135712e-02
9.240000e+00 1.030876e-02
9.250000e+00 9.261204e-03
9.260000e+00 8.215487e-03
9.270000e+00 7.172662e-03
9.280000e+00 6.133774e-03
9.290000e+00 5.099869e-03
9.300000e+00 4.071987e-03
9.310000e+00 3.051167e-03
9.320000e+00 2.038437e-03
9.330000e+00 1.034822e-03
9.340000e+00 4.133239e-05
9.350000e+00 -9.410285e-04
9.360000e+00 -1.911272e-03
9.370000e+00 -2.868423e-03
9.380000e+00 -3.811522e-03
9.390000e+00 -4.739628e-03
9.400000e+00 -5.651816e-03
9.410000e+00 -6.547185e-03
9.420000e+00 -7.424852e-03
9.430000e+00 -8.283958e-03
9.440000e+00 -9.123670e-03
9.450000e+00 -9.943180e-03
9.460000e+00 -1.074171e-02
9.470000e+00 -1.151849e-02
9.480000e+00 -1.227282e-02
9.490000e+00 -1.300399e-02
9.500000e+00 -1.371135e-02
9.510000e+00 -1.439427e-02
9.520000e+00 -1.505215e-02
9.530000e+00 -1.568443e-02
9.540000e+00 -1.629059e-02
9.550000e+00 -1.687014e-02
9.560000e+00 -1.742264e-02
9.570000e+00 -1.794766e-02
9.580000e+00 -1.844484e-02
9.590000e+00 -1.891384e-02
9.600000e+00 -1.935438e-02
9.610000e+00 -1.976618e-02
9.620000e+00 -2.014905e-02
9.630000e+00 -2.050280e-02
9.640000e+00 -2.082731e-02
9.650000e+00 -2.112248e-02
9.660000e+00 -2.138826e-02
9.670000e+00 -2.162466e-02
9.680000e+00 -2.183169e-02
9.690000e+00 -2.200943e-02
9.700000e+00 -2.215800e-02
9.710000e+00 -2.227755e-02
9.720000e+00 -2.236828e-02
9.730000e+00 -2.243041e-02
9.740000e+00 -2.246423e-02
9.750000e+00 -2.247003e-02
9.760000e+00 -2.244817e-02
9.770000e+00 -2.239904e-02
9.780000e+00 -2.232305e-02
9.790000e+00 -2.222066e-02
9.800000e+00 -2.209236e-02
9.810000e+00 -2.193867e-02
9.820000e+00 -2.176014e-02
9.830000e+00 -2.155736e-02
9.840000e+00 -2.133095e-02
9.850000e+00 -2.108154e-02
9.860000e+00 -2.080981e-02
9.870000e+00 -2.051644e-02
9.880000e+00 -2.020216e-02
9.890000e+00 -1.986771e-02
9.900000e+00 -1.951385e-02
9.910000e+00 -1.914135e-02
9.920000e+00 -1.875103e-02
9.930000e+00 -1.834369e-02
9.940000e+00 -1.792017e-02
9.950000e+00 -1.748130e-02
9.960000e+00 -1.702795e-02
9.970000e+00 -1.656097e-02
9.980000e+00 -1.608124e-02
9.990000e+00 -1.558964e-02
1.000000e+01 -1.508704e-02
