# sigma2_v 4.203513685450139e+00
0.000000e+00 1.000000e+00
1.000000e-02 9.997898e-01
2.000000e-02 9.991596e-01
3.000000e-02 9.981102e-01
4.000000e-02 9.966427e-01
5.000000e-02 9.947590e-01
6.000000e-02 9.924614e-01
7.000000e-02 9.897527e-01
8.000000e-02 9.866362e-01
9.000000e-02 9.831158e-01
1.000000e-01 9.791955e-01
1.100000e-01 9.748803e-01
1.200000e-01 9.701753e-01
1.300000e-01 9.650862e-01
1.400000e-01 9.596191e-01
1.500000e-01 9.537805e-01
1.600000e-01 9.475774e-01
1.700000e-01 9.410172e-01
1.800000e-01 9.341076e-01
1.900000e-01 9.268568e-01
2.000000e-01 9.192732e-01
2.100000e-01 9.113658e-01
2.200000e-01 9.031436e-01
2.300000e-01 8.946161e-01
2.400000e-01 8.857933e-01
2.500000e-01 8.766850e-01
2.600000e-01 8.673016e-01
2.700000e-01 8.576536e-01
2.800000e-01 8.477519e-01
2.900000e-01 8.376074e-01
3.000000e-01 8.272313e-01
3.100000e-01 8.166347e-01
3.200000e-01 8.058293e-01
3.300000e-01 7.948266e-01
3.400000e-01 7.836382e-01
3.500000e-01 7.722759e-01
3.600000e-01 7.607516e-01
3.700000e-01 7.490770e-01
3.800000e-01 7.372640e-01
3.900000e-01 7.253246e-01
4.000000e-01 7.132705e-01
4.100000e-01 7.011137e-01
4.200000e-01 6.888658e-01
4.300000e-01 6.765387e-01
4.400000e-01 6.641437e-01
4.500000e-01 6.516926e-01
4.600000e-01 6.391966e-01
4.700000e-01 6.266670e-01
4.800000e-01 6.141148e-01
4.900000e-01 6.015510e-01
5.000000e-01 5.889863e-01
5.100000e-01 5.764312e-01
5.200000e-01 5.638959e-01
5.300000e-01 5.513906e-01
5.400000e-01 5.389251e-01
5.500000e-01 5.265089e-01
5.600000e-01 5.141515e-01
5.700000e-01 5.018618e-01
5.800000e-01 4.896486e-01
5.900000e-01 4.775204e-01
6.000000e-01 4.654854e-01
6.100000e-01 4.535515e-01
6.200000e-01 4.417263e-01
6.300000e-01 4.300169e-01
6.400000e-01 4.184304e-01
6.500000e-01 4.069733e-01
6.600000e-01 3.956520e-01
6.700000e-01 3.844724e-01
6.800000e-01 3.734402e-01
6.900000e-01 3.625606e-01
7.000000e-01 3.518386e-01
7.100000e-01 3.412789e-01
7.200000e-01 3.308857e-01
7.300000e-01 3.206631e-01
7.400000e-01 3.106146e-01
7.500000e-01 3.007437e-01
7.600000e-01 2.910533e-01
7.700000e-01 2.815460e-01
7.800000e-01 2.722244e-01
7.900000e-01 2.630904e-01
8.000000e-01 2.541459e-01
8.100000e-01 2.453922e-01
8.200000e-01 2.368306e-01
8.300000e-01 2.284621e-01
8.400000e-01 2.202871e-01
8.500000e-01 2.123062e-01
8.600000e-01 2.045193e-01
8.700000e-01 1.969263e-01
8.800000e-01 1.895270e-01
8.900000e-01 1.823205e-01
9.000000e-01 1.753062e-01
9.100000e-01 1.684828e-01
9.200000e-01 1.618492e-01
9.300000e-01 1.554039e-01
9.400000e-01 1.491452e-01
9.500000e-01 1.430713e-01
9.600000e-01 1.371802e-01
9.700000e-01 1.314697e-01
9.800000e-01 1.259375e-01
9.900000e-01 1.205812e-01
1.000000e+00 1.153982e-01
1.010000e+00 1.103857e-01
1.020000e+00 1.055410e-01
1.030000e+00 1.008611e-01
1.040000e+00 9.634307e-02
1.050000e+00 9.198375e-02
1.060000e+00 8.777997e-02
1.070000e+00 8.372851e-02
1.080000e+00 7.982605e-02
1.090000e+00 7.606926e-02
1.100000e+00 7.245472e-02
1.110000e+00 6.897903e-02
1.120000e+00 6.563871e-02
1.130000e+00 6.243029e-02
1.140000e+00 5.935029e-02
1.150000e+00 5.639519e-02
1.160000e+00 5.356151e-02
1.170000e+00 5.084576e-02
1.180000e+00 4.824444e-02
1.190000e+00 4.575411e-02
1.200000e+00 4.337131e-02
1.210000e+00 4.109264e-02
1.220000e+00 3.891472e-02
1.230000e+00 3.683420e-02
1.240000e+00 3.484778e-02
1.250000e+00 3.295220e-02
1.260000e+00 3.114425e-02
1.270000e+00 2.942078e-02
1.280000e+00 2.777868e-02
1.290000e+00 2.621491e-02
1.300000e+00 2.472648e-02
1.310000e+00 2.331047e-02
1.320000e+00 2.196402e-02
1.330000e+00 2.068434e-02
1.340000e+00 1.946870e-02
1.350000e+00 1.831445e-02
1.360000e+00 1.721900e-02
1.370000e+00 1.617984e-02
1.380000e+00 1.519451e-02
1.390000e+00 1.426066e-02
1.400000e+00 1.337598e-02
1.410000e+00 1.253825e-02
1.420000e+00 1.174530e-02
1.430000e+00 1.099506e-02
1.440000e+00 1.028551e-02
1.450000e+00 9.614721e-03
1.460000e+00 8.980814e-03
1.470000e+00 8.381992e-03
1.480000e+00 7.816524e-03
1.490000e+00 7.282747e-03
1.500000e+00 6.779063e-03
1.510000e+00 6.303943e-03
1.520000e+00 5.855918e-03
1.530000e+00 5.433587e-03
1.540000e+00 5.035605e-03
1.550000e+00 4.660692e-03
1.560000e+00 4.307624e-03
1.570000e+00 3.975235e-03
1.580000e+00 3.662413e-03
1.590000e+00 3.368102e-03
1.600000e+00 3.091298e-03
1.610000e+00 2.831046e-03
1.620000e+00 2.586441e-03
1.630000e+00 2.356625e-03
1.640000e+00 2.140786e-03
1.650000e+00 1.938156e-03
1.660000e+00 1.748009e-03
1.670000e+00 1.569659e-03
1.680000e+00 1.402461e-03
1.690000e+00 1.245805e-03
1.700000e+00 1.099119e-03
1.710000e+00 9.618624e-04
1.720000e+00 8.335304e-04
1.730000e+00 7.136476e-04
1.740000e+00 6.017689e-04
1.750000e+00 4.974771e-04
1.760000e+00 4.003822e-04
1.770000e+00 3.101195e-04
1.780000e+00 2.263485e-04
1.790000e+00 1.487516e-04
1.800000e+00 7.703261e-05
1.810000e+00 1.091603e-05
1.820000e+00 -4.985462e-05
1.830000e+00 -1.055177e-04
1.840000e+00 -1.562946e-04
1.850000e+00 -2.023906e-04
1.860000e+00 -2.439964e-04
1.870000e+00 -2.812883e-04
1.880000e+00 -3.144299e-04
1.890000e+00 -3.435724e-04
1.900000e+00 -3.688560e-04
1.910000e+00 -3.904100e-04
1.920000e+00 -4.083543e-04
1.930000e+00 -4.227996e-04
1.940000e+00 -4.338484e-04
1.950000e+00 -4.415956e-04
1.960000e+00 -4.461290e-04
1.970000e+00 -4.475299e-04
1.980000e+00 -4.458739e-04
1.990000e+00 -4.412312e-04
2.000000e+00 -4.336671e-04
2.010000e+00 -4.232427e-04
2.020000e+00 -4.100149e-04
2.030000e+00 -3.940374e-04
2.040000e+00 -3.753605e-04
2.050000e+00 -3.540318e-04
2.060000e+00 -3.300966e-04
2.070000e+00 -3.035979e-04
2.080000e+00 -2.745769e-04
2.090000e+00 -2.430734e-04
2.100000e+00 -2.091257e-04
2.110000e+00 -1.727711e-04
2.120000e+00 -1.340461e-04
2.130000e+00 -9.298642e-05
2.140000e+00 -4.962739e-05
2.150000e+00 -4.004000e-06
2.160000e+00 4.384893e-05
2.170000e+00 9.389660e-05
2.180000e+00 1.461041e-04
2.190000e+00 2.004363e-04
2.200000e+00 2.568577e-04
2.210000e+00 3.153325e-04
2.220000e+00 3.758244e-04
2.230000e+00 4.382962e-04
2.240000e+00 5.027105e-04
2.250000e+00 5.690290e-04
2.260000e+00 6.372125e-04
2.270000e+00 7.072213e-04
2.280000e+00 7.790145e-04
2.290000e+00 8.525507e-04
2.300000e+00 9.277872e-04
2.310000e+00 1.004681e-03
2.320000e+00 1.083187e-03
2.330000e+00 1.163260e-03
2.340000e+00 1.244854e-03
2.350000e+00 1.327921e-03
2.360000e+00 1.412413e-03
2.370000e+00 1.498280e-03
2.380000e+00 1.585472e-03
2.390000e+00 1.673938e-03
2.400000e+00 1.763624e-03
2.410000e+00 1.854478e-03
2.420000e+00 1.946444e-03
2.430000e+00 2.039466e-03
2.440000e+00 2.133488e-03
2.450000e+00 2.228452e-03
2.460000e+00 2.324298e-03
2.470000e+00 2.420968e-03
2.480000e+00 2.518399e-03
2.490000e+00 2.616530e-03
2.500000e+00 2.715297e-03
2.510000e+00 2.814636e-03
2.520000e+00 2.914482e-03
2.530000e+00 3.014768e-03
2.540000e+00 3.115427e-03
2.550000e+00 3.216390e-03
2.560000e+00 3.317589e-03
2.570000e+00 3.418951e-03
2.580000e+00 3.520406e-03
2.590000e+00 3.621880e-03
2.600000e+00 3.723301e-03
2.610000e+00 3.824592e-03
2.620000e+00 3.925679e-03
2.630000e+00 4.026485e-03
2.640000e+00 4.126931e-03
2.650000e+00 4.226939e-03
2.660000e+00 4.326429e-03
2.670000e+00 4.425319e-03
2.680000e+00 4.523530e-03
2.690000e+00 4.620977e-03
2.700000e+00 4.717577e-03
2.710000e+00 4.813246e-03
2.720000e+00 4.907899e-03
2.730000e+00 5.001449e-03
2.740000e+00 5.093809e-03
2.750000e+00 5.184893e-03
2.760000e+00 5.274611e-03
2.770000e+00 5.362875e-03
2.780000e+00 5.449596e-03
2.790000e+00 5.534683e-03
2.800000e+00 5.618047e-03
2.810000e+00 5.699596e-03
2.820000e+00 5.779240e-03
2.830000e+00 5.856888e-03
2.840000e+00 5.932447e-03
2.850000e+00 6.005828e-03
2.860000e+00 6.076938e-03
2.870000e+00 6.145687e-03
2.880000e+00 6.211983e-03
2.890000e+00 6.275738e-03
2.900000e+00 6.336860e-03
2.910000e+00 6.395261e-03
2.920000e+00 6.450853e-03
2.930000e+00 6.503549e-03
2.940000e+00 6.553262e-03
2.950000e+00 6.599907e-03
2.960000e+00 6.643401e-03
2.970000e+00 6.683662e-03
2.980000e+00 6.720610e-03
2.990000e+00 6.754167e-03
3.000000e+00 6.784256e-03
3.010000e+00 6.810805e-03
3.020000e+00 6.833740e-03
3.030000e+00 6.852995e-03
3.040000e+00 6.868502e-03
3.050000e+00 6.880199e-03
3.060000e+00 6.888027e-03
3.070000e+00 6.891929e-03
3.080000e+00 6.891853e-03
3.090000e+00 6.887751e-03
3.100000e+00 6.879577e-03
3.110000e+00 6.867291e-03
3.120000e+00 6.850857e-03
3.130000e+00 6.830243e-03
3.140000e+00 6.805424e-03
3.150000e+00 6.776376e-03
3.160000e+00 6.743085e-03
3.170000e+00 6.705538e-03
3.180000e+00 6.663729e-03
3.190000e+00 6.617660e-03
3.200000e+00 6.567335e-03
3.210000e+00 6.512766e-03
3.220000e+00 6.453972e-03
3.230000e+00 6.390975e-03
3.240000e+00 6.323807e-03
3.250000e+00 6.252505e-03
3.260000e+00 6.177111e-03
3.270000e+00 6.097676e-03
3.280000e+00 6.014257e-03
3.290000e+00 5.926916e-03
3.300000e+00 5.835725e-03
3.310000e+00 5.740760e-03
3.320000e+00 5.642106e-03
3.330000e+00 5.539852e-03
3.340000e+00 5.434097e-03
3.350000e+00 5.324946e-03
3.360000e+00 5.212508e-03
3.370000e+00 5.096902e-03
3.380000e+00 4.978252e-03
3.390000e+00 4.856689e-03
3.400000e+00 4.732349e-03
3.410000e+00 4.605377e-03
3.420000e+00 4.475920e-03
3.430000e+00 4.344135e-03
3.440000e+00 4.210181e-03
3.450000e+00 4.074225e-03
3.460000e+00 3.936438e-03
3.470000e+00 3.796995e-03
3.480000e+00 3.656079e-03
3.490000e+00 3.513873e-03
3.500000e+00 3.370566e-03
3.510000e+00 3.226352e-03
3.520000e+00 3.081426e-03
3.530000e+00 2.935987e-03
3.540000e+00 2.790238e-03
3.550000e+00 2.644382e-03
3.560000e+00 2.498624e-03
3.570000e+00 2.353172e-03
3.580000e+00 2.208235e-03
3.590000e+00 2.064020e-03
3.600000e+00 1.920738e-03
3.610000e+00 1.778595e-03
3.620000e+00 1.637801e-03
3.630000e+00 1.498562e-03
3.640000e+00 1.361082e-03
3.650000e+00 1.225566e-03
3.660000e+00 1.092212e-03
3.670000e+00 9.612174e-04
3.680000e+00 8.327768e-04
3.690000e+00 7.070792e-04
3.700000e+00 5.843099e-04
3.710000e+00 4.646490e-04
3.720000e+00 3.482713e-04
3.730000e+00 2.353460e-04
3.740000e+00 1.260360e-04
3.750000e+00 2.049750e-05
3.760000e+00 -8.112019e-05
3.770000e+00 -1.786752e-04
3.780000e+00 -2.720335e-04
3.790000e+00 -3.610690e-04
3.800000e+00 -4.456641e-04
3.810000e+00 -5.257102e-04
3.820000e+00 -6.011075e-04
3.830000e+00 -6.717654e-04
3.840000e+00 -7.376033e-04
3.850000e+00 -7.985500e-04
3.860000e+00 -8.545444e-04
3.870000e+00 -9.055355e-04
3.880000e+00 -9.514828e-04
3.890000e+00 -9.923559e-04
3.900000e+00 -1.028135e-03
3.910000e+00 -1.058812e-03
3.920000e+00 -1.084387e-03
3.930000e+00 -1.104872e-03
3.940000e+00 -1.120291e-03
3.950000e+00 -1.130675e-03
3.960000e+00 -1.136070e-03
3.970000e+00 -1.136529e-03
3.980000e+00 -1.132116e-03
3.990000e+00 -1.122905e-03
4.000000e+00 -1.108980e-03
4.010000e+00 -1.090435e-03
4.020000e+00 -1.067373e-03
4.030000e+00 -1.039906e-03
4.040000e+00 -1.008155e-03
4.050000e+00 -9.722483e-04
4.060000e+00 -9.323243e-04
4.070000e+00 -8.885281e-04
4.080000e+00 -8.410120e-04
4.090000e+00 -7.899355e-04
4.100000e+00 -7.354648e-04
4.110000e+00 -6.777718e-04
4.120000e+00 -6.170342e-04
4.130000e+00 -5.534350e-04
4.140000e+00 -4.871615e-04
4.150000e+00 -4.184056e-04
4.160000e+00 -3.473626e-04
4.170000e+00 -2.742310e-04
4.180000e+00 -1.992119e-04
4.190000e+00 -1.225086e-04
4.200000e+00 -4.432600e-05
4.210000e+00 3.512994e-05
4.220000e+00 1.156527e-04
4.230000e+00 1.970358e-04
4.240000e+00 2.790731e-04
4.250000e+00 3.615594e-04
4.260000e+00 4.442913e-04
4.270000e+00 5.270670e-04
4.280000e+00 6.096873e-04
4.290000e+00 6.919559e-04
4.300000e+00 7.736798e-04
4.310000e+00 8.546699e-04
4.320000e+00 9.347413e-04
4.330000e+00 1.013714e-03
4.340000e+00 1.091412e-03
4.350000e+00 1.167665e-03
4.360000e+00 1.242311e-03
4.370000e+00 1.315189e-03
4.380000e+00 1.386149e-03
4.390000e+00 1.455045e-03
4.400000e+00 1.521739e-03
4.410000e+00 1.586100e-03
4.420000e+00 1.648003e-03
4.430000e+00 1.707332e-03
4.440000e+00 1.763978e-03
4.450000e+00 1.817841e-03
4.460000e+00 1.868827e-03
4.470000e+00 1.916850e-03
4.480000e+00 1.961834e-03
4.490000e+00 2.003710e-03
4.500000e+00 2.042416e-03
4.510000e+00 2.077900e-03
4.520000e+00 2.110117e-03
4.530000e+00 2.139031e-03
4.540000e+00 2.164611e-03
4.550000e+00 2.186837e-03
4.560000e+00 2.205697e-03
4.570000e+00 2.221183e-03
4.580000e+00 2.233298e-03
4.590000e+00 2.242051e-03
4.600000e+00 2.247459e-03
4.610000e+00 2.249543e-03
4.620000e+00 2.248335e-03
4.630000e+00 2.243869e-03
4.640000e+00 2.236190e-03
4.650000e+00 2.225346e-03
4.660000e+00 2.211391e-03
4.670000e+00 2.194385e-03
4.680000e+00 2.174394e-03
4.690000e+00 2.151488e-03
4.700000e+00 2.125742e-03
4.710000e+00 2.097236e-03
4.720000e+00 2.066054e-03
4.730000e+00 2.032283e-03
4.740000e+00 1.996016e-03
4.750000e+00 1.957347e-03
4.760000e+00 1.916375e-03
4.770000e+00 1.873199e-03
4.780000e+00 1.827925e-03
4.790000e+00 1.780657e-03
4.800000e+00 1.731504e-03
4.810000e+00 1.680575e-03
4.820000e+00 1.627981e-03
4.830000e+00 1.573836e-03
4.840000e+00 1.518253e-03
4.850000e+00 1.461346e-03
4.860000e+00 1.403231e-03
4.870000e+00 1.344023e-03
4.880000e+00 1.283838e-03
4.890000e+00 1.222791e-03
4.900000e+00 1.160998e-03
4.910000e+00 1.098573e-03
4.920000e+00 1.035632e-03
4.930000e+00 9.722864e-04
4.940000e+00 9.086500e-04
4.950000e+00 8.448338e-04
4.960000e+00 7.809477e-04
4.970000e+00 7.170999e-04
4.980000e+00 6.533974e-04
4.990000e+00 5.899449e-04
5.000000e+00 5.268455e-04
5.010000e+00 4.642001e-04
5.020000e+00 4.021071e-04
5.030000e+00 3.406628e-04
5.040000e+00 2.799608e-04
5.050000e+00 2.200923e-04
5.060000e+00 1.611455e-04
5.070000e+00 1.032057e-04
5.080000e+00 4.635541e-05
5.090000e+00 -9.326268e-06
5.100000e+00 -6.376329e-05
5.110000e+00 -1.168830e-04
5.120000e+00 -1.686162e-04
5.130000e+00 -2.188973e-04
5.140000e+00 -2.676643e-04
5.150000e+00 -3.148591e-04
5.160000e+00 -3.604272e-04
5.170000e+00 -4.043183e-04
5.180000e+00 -4.464861e-04
5.190000e+00 -4.868884e-04
5.200000e+00 -5.254871e-04
5.210000e+00 -5.622485e-04
5.220000e+00 -5.971433e-04
5.230000e+00 -6.301465e-04
5.240000e+00 -6.612376e-04
5.250000e+00 -6.904009e-04
5.260000e+00 -7.176248e-04
5.270000e+00 -7.429028e-04
5.280000e+00 -7.662327e-04
5.290000e+00 -7.876173e-04
5.300000e+00 -8.070638e-04
5.310000e+00 -8.245842e-04
5.320000e+00 -8.401953e-04
5.330000e+00 -8.539186e-04
5.340000e+00 -8.657800e-04
5.350000e+00 -8.758102e-04
5.360000e+00 -8.840444e-04
5.370000e+00 -8.905224e-04
5.380000e+00 -8.952884e-04
5.390000e+00 -8.983908e-04
5.400000e+00 -8.998823e-04
5.410000e+00 -8.998197e-04
5.420000e+00 -8.982639e-04
5.430000e+00 -8.952794e-04
5.440000e+00 -8.909344e-04
5.450000e+00 -8.853009e-04
5.460000e+00 -8.784538e-04
5.470000e+00 -8.704712e-04
5.480000e+00 -8.614343e-04
5.490000e+00 -8.514267e-04
5.500000e+00 -8.405344e-04
5.510000e+00 -8.288457e-04
5.520000e+00 -8.164506e-04
5.530000e+00 -8.034408e-04
5.540000e+00 -7.899092e-04
5.550000e+00 -7.759499e-04
5.560000e+00 -7.616573e-04
5.570000e+00 -7.471265e-04
5.580000e+00 -7.324524e-04
5.590000e+00 -7.177298e-04
5.600000e+00 -7.030528e-04
5.610000e+00 -6.885143e-04
5.620000e+00 -6.742063e-04
5.630000e+00 -6.602187e-04
5.640000e+00 -6.466398e-04
5.650000e+00 -6.335551e-04
5.660000e+00 -6.210479e-04
5.670000e+00 -6.091982e-04
5.680000e+00 -5.980827e-04
5.690000e+00 -5.877745e-04
5.700000e+00 -5.783427e-04
5.710000e+00 -5.698523e-04
5.720000e+00 -5.623636e-04
5.730000e+00 -5.559322e-04
5.740000e+00 -5.506087e-04
5.750000e+00 -5.464383e-04
5.760000e+00 -5.434608e-04
5.770000e+00 -5.417104e-04
5.780000e+00 -5.412154e-04
5.790000e+00 -5.419980e-04
5.800000e+00 -5.440744e-04
5.810000e+00 -5.474546e-04
5.820000e+00 -5.521422e-04
5.830000e+00 -5.581346e-04
5.840000e+00 -5.654226e-04
5.850000e+00 -5.739910e-04
5.860000e+00 -5.838178e-04
5.870000e+00 -5.948752e-04
5.880000e+00 -6.071289e-04
5.890000e+00 -6.205385e-04
5.900000e+00 -6.350580e-04
5.910000e+00 -6.506353e-04
5.920000e+00 -6.672129e-04
5.930000e+00 -6.847279e-04
5.940000e+00 -7.031123e-04
5.950000e+00 -7.222934e-04
5.960000e+00 -7.421937e-04
5.970000e+00 -7.627318e-04
5.980000e+00 -7.838223e-04
5.990000e+00 -8.053763e-04
6.000000e+00 -8.273017e-04
6.010000e+00 -8.495036e-04
6.020000e+00 -8.718851e-04
6.030000e+00 -8.943470e-04
6.040000e+00 -9.167888e-04
6.050000e+00 -9.391090e-04
6.060000e+00 -9.612054e-04
6.070000e+00 -9.829759e-04
6.080000e+00 -1.004318e-03
6.090000e+00 -1.025132e-03
6.100000e+00 -1.045316e-03
6.110000e+00 -1.064773e-03
6.120000e+00 -1.083406e-03
6.130000e+00 -1.101122e-03
6.140000e+00 -1.117831e-03
6.150000e+00 -1.133445e-03
6.160000e+00 -1.147881e-03
6.170000e+00 -1.161060e-03
6.180000e+00 -1.172907e-03
6.190000e+00 -1.183353e-03
6.200000e+00 -1.192333e-03
6.210000e+00 -1.199788e-03
6.220000e+00 -1.205666e-03
6.230000e+00 -1.209919e-03
6.240000e+00 -1.212506e-03
6.250000e+00 -1.213393e-03
6.260000e+00 -1.212552e-03
6.270000e+00 -1.209963e-03
6.280000e+00 -1.205612e-03
6.290000e+00 -1.199490e-03
6.300000e+00 -1.191598e-03
6.310000e+00 -1.181943e-03
6.320000e+00 -1.170539e-03
6.330000e+00 -1.157405e-03
6.340000e+00 -1.142568e-03
6.350000e+00 -1.126064e-03
6.360000e+00 -1.107931e-03
6.370000e+00 -1.088216e-03
6.380000e+00 -1.066973e-03
6.390000e+00 -1.044259e-03
6.400000e+00 -1.020138e-03
6.410000e+00 -9.946787e-04
6.420000e+00 -9.679558e-04
6.430000e+00 -9.400474e-04
6.440000e+00 -9.110362e-04
6.450000e+00 -8.810086e-04
6.460000e+00 -8.500544e-04
6.470000e+00 -8.182664e-04
6.480000e+00 -7.857398e-04
6.490000e+00 -7.525721e-04
6.500000e+00 -7.188624e-04
6.510000e+00 -6.847108e-04
6.520000e+00 -6.502184e-04
6.530000e+00 -6.154867e-04
6.540000e+00 -5.806166e-04
6.550000e+00 -5.457089e-04
6.560000e+00 -5.108630e-04
6.570000e+00 -4.761771e-04
6.580000e+00 -4.417475e-04
6.590000e+00 -4.076680e-04
6.600000e+00 -3.740300e-04
6.610000e+00 -3.409218e-04
6.620000e+00 -3.084282e-04
6.630000e+00 -2.766305e-04
6.640000e+00 -2.456059e-04
6.650000e+00 -2.154272e-04
6.660000e+00 -1.861628e-04
6.670000e+00 -1.578763e-04
6.680000e+00 -1.306264e-04
6.690000e+00 -1.044666e-04
6.700000e+00 -7.944525e-05
6.710000e+00 -5.560517e-05
6.720000e+00 -3.298386e-05
6.730000e+00 -1.161333e-05
6.740000e+00 8.479931e-06
6.750000e+00 2.727488e-05
6.760000e+00 4.475592e-05
6.770000e+00 6.091277e-05
6.780000e+00 7.574038e-05
6.790000e+00 8.923882e-05
6.800000e+00 1.014130e-04
6.810000e+00 1.122727e-04
6.820000e+00 1.218322e-04
6.830000e+00 1.301097e-04
6.840000e+00 1.371280e-04
6.850000e+00 1.429131e-04
6.860000e+00 1.474948e-04
6.870000e+00 1.509056e-04
6.880000e+00 1.531812e-04
6.890000e+00 1.543593e-04
6.900000e+00 1.544801e-04
6.910000e+00 1.535851e-04
6.920000e+00 1.517174e-04
6.930000e+00 1.489209e-04
6.940000e+00 1.452403e-04
6.950000e+00 1.407201e-04
6.960000e+00 1.354052e-04
6.970000e+00 1.293396e-04
6.980000e+00 1.225665e-04
6.990000e+00 1.151280e-04
7.000000e+00 1.070646e-04
7.010000e+00 9.841494e-05
7.020000e+00 8.921560e-05
7.030000e+00 7.950064e-05
7.040000e+00 6.930148e-05
7.050000e+00 5.864661e-05
7.060000e+00 4.756139e-05
7.070000e+00 3.606787e-05
7.080000e+00 2.418459e-05
7.090000e+00 1.192649e-05
7.100000e+00 -6.952325e-07
7.110000e+00 -1.367320e-05
7.120000e+00 -2.700389e-05
7.130000e+00 -4.068767e-05
7.140000e+00 -5.472881e-05
7.150000e+00 -6.913542e-05
7.160000e+00 -8.391939e-05
7.170000e+00 -9.909634e-05
7.180000e+00 -1.146855e-04
7.190000e+00 -1.307094e-04
7.200000e+00 -1.471939e-04
7.210000e+00 -1.641682e-04
7.220000e+00 -1.816639e-04
7.230000e+00 -1.997155e-04
7.240000e+00 -2.183599e-04
7.250000e+00 -2.376359e-04
7.260000e+00 -2.575842e-04
7.270000e+00 -2.782468e-04
7.280000e+00 -2.996672e-04
7.290000e+00 -3.218894e-04
7.300000e+00 -3.449580e-04
7.310000e+00 -3.689177e-04
7.320000e+00 -3.938129e-04
7.330000e+00 -4.196876e-04
7.340000e+00 -4.465847e-04
7.350000e+00 -4.745458e-04
7.360000e+00 -5.036110e-04
7.370000e+00 -5.338183e-04
7.380000e+00 -5.652035e-04
7.390000e+00 -5.977996e-04
7.400000e+00 -6.316368e-04
7.410000e+00 -6.667420e-04
7.420000e+00 -7.031387e-04
7.430000e+00 -7.408466e-04
7.440000e+00 -7.798814e-04
7.450000e+00 -8.202547e-04
7.460000e+00 -8.619734e-04
7.470000e+00 -9.050404e-04
7.480000e+00 -9.494536e-04
7.490000e+00 -9.952060e-04
7.500000e+00 -1.042286e-03
7.510000e+00 -1.090677e-03
7.520000e+00 -1.140358e-03
7.530000e+00 -1.191303e-03
7.540000e+00 -1.243479e-03
7.550000e+00 -1.296851e-03
7.560000e+00 -1.351379e-03
7.570000e+00 -1.407017e-03
7.580000e+00 -1.463715e-03
7.590000e+00 -1.521420e-03
7.600000e+00 -1.580073e-03
7.610000e+00 -1.639614e-03
7.620000e+00 -1.699977e-03
7.630000e+00 -1.761093e-03
7.640000e+00 -1.822892e-03
7.650000e+00 -1.885299e-03
7.660000e+00 -1.948240e-03
7.670000e+00 -2.011634e-03
7.680000e+00 -2.075405e-03
7.690000e+00 -2.139470e-03
7.700000e+00 -2.203748e-03
7.710000e+00 -2.268158e-03
7.720000e+00 -2.332620e-03
7.730000e+00 -2.397050e-03
7.740000e+00 -2.461370e-03
7.750000e+00 -2.525501e-03
7.760000e+00 -2.589366e-03
7.770000e+00 -2.652890e-03
7.780000e+00 -2.716001e-03
7.790000e+00 -2.778628e-03
7.800000e+00 -2.840707e-03
7.810000e+00 -2.902174e-03
7.820000e+00 -2.962970e-03
7.830000e+00 -3.023042e-03
7.840000e+00 -3.082338e-03
7.850000e+00 -3.140814e-03
7.860000e+00 -3.198430e-03
7.870000e+00 -3.255150e-03
7.880000e+00 -3.310946e-03
7.890000e+00 -3.365792e-03
7.900000e+00 -3.419671e-03
7.910000e+00 -3.472570e-03
7.920000e+00 -3.524482e-03
7.930000e+00 -3.575407e-03
7.940000e+00 -3.625349e-03
7.950000e+00 -3.674318e-03
7.960000e+00 -3.722333e-03
7.970000e+00 -3.769414e-03
7.980000e+00 -3.815589e-03
7.990000e+00 -3.860891e-03
8.000000e+00 -3.905359e-03
8.010000e+00 -3.949036e-03
8.020000e+00 -3.991969e-03
8.030000e+00 -4.034210e-03
8.040000e+00 -4.075815e-03
8.050000e+00 -4.116845e-03
8.060000e+00 -4.157363e-03
8.070000e+00 -4.197435e-03
8.080000e+00 -4.237130e-03
8.090000e+00 -4.276520e-03
8.100000e+00 -4.315677e-03
8.110000e+00 -4.354676e-03
8.120000e+00 -4.393592e-03
8.130000e+00 -4.432500e-03
8.140000e+00 -4.471477e-03
8.150000e+00 -4.510598e-03
8.160000e+00 -4.549936e-03
8.170000e+00 -4.589565e-03
8.180000e+00 -4.629556e-03
8.190000e+00 -4.669978e-03
8.200000e+00 -4.710895e-03
8.210000e+00 -4.752372e-03
8.220000e+00 -4.794467e-03
8.230000e+00 -4.837236e-03
8.240000e+00 -4.880728e-03
8.250000e+00 -4.924991e-03
8.260000e+00 -4.970064e-03
8.270000e+00 -5.015983e-03
8.280000e+00 -5.062778e-03
8.290000e+00 -5.110472e-03
8.300000e+00 -5.159082e-03
8.310000e+00 -5.208620e-03
8.320000e+00 -5.259090e-03
8.330000e+00 -5.310488e-03
8.340000e+00 -5.362806e-03
8.350000e+00 -5.416027e-03
8.360000e+00 -5.470128e-03
8.370000e+00 -5.525076e-03
8.380000e+00 -5.580836e-03
8.390000e+00 -5.637361e-03
8.400000e+00 -5.694600e-03
8.410000e+00 -5.752494e-03
8.420000e+00 -5.810979e-03
8.430000e+00 -5.869981e-03
8.440000e+00 -5.929423e-03
8.450000e+00 -5.989220e-03
8.460000e+00 -6.049282e-03
8.470000e+00 -6.109512e-03
8.480000e+00 -6.169811e-03
8.490000e+00 -6.230072e-03
8.500000e+00 -6.290184e-03
8.510000e+00 -6.350034e-03
8.520000e+00 -6.409501e-03
8.530000e+00 -6.468465e-03
8.540000e+00 -6.526801e-03
8.550000e+00 -6.584382e-03
8.560000e+00 -6.641078e-03
8.570000e+00 -6.696760e-03
8.580000e+00 -6.751294e-03
8.590000e+00 -6.804550e-03
8.600000e+00 -6.856394e-03
8.610000e+00 -6.906695e-03
8.620000e+00 -6.955321e-03
8.630000e+00 -7.002143e-03
8.640000e+00 -7.047032e-03
8.650000e+00 -7.089865e-03
8.660000e+00 -7.130516e-03
8.670000e+00 -7.168868e-03
8.680000e+00 -7.204804e-03
8.690000e+00 -7.238212e-03
8.700000e+00 -7.268984e-03
8.710000e+00 -7.297019e-03
8.720000e+00 -7.322219e-03
8.730000e+00 -7.344492e-03
8.740000e+00 -7.363753e-03
8.750000e+00 -7.379922e-03
8.760000e+00 -7.392925e-03
8.770000e+00 -7.402697e-03
8.780000e+00 -7.409178e-03
8.790000e+00 -7.412316e-03
8.800000e+00 -7.412065e-03
8.810000e+00 -7.408390e-03
8.820000e+00 -7.401259e-03
8.830000e+00 -7.390651e-03
8.840000e+00 -7.376551e-03
8.850000e+00 -7.358954e-03
8.860000e+00 -7.337859e-03
8.870000e+00 -7.313278e-03
8.880000e+00 -7.285226e-03
8.890000e+00 -7.253728e-03
8.900000e+00 -7.218817e-03
8.910000e+00 -7.180532e-03
8.920000e+00 -7.138920e-03
8.930000e+00 -7.094037e-03
8.940000e+00 -7.045942e-03
8.950000e+00 -6.994706e-03
8.960000e+00 -6.940401e-03
8.970000e+00 -6.883110e-03
8.980000e+00 -6.822919e-03
8.990000e+00 -6.759922e-03
9.000000e+00 -6.694217e-03
9.010000e+00 -6.625908e-03
9.020000e+00 -6.555104e-03
9.030000e+00 -6.481919e-03
9.040000e+00 -6.406468e-03
9.050000e+00 -6.328875e-03
9.060000e+00 -6.249264e-03
9.070000e+00 -6.167763e-03
9.080000e+00 -6.084504e-03
9.090000e+00 -5.999619e-03
9.100000e+00 -5.913245e-03
9.110000e+00 -5.825519e-03
9.120000e+00 -5.736580e-03
9.130000e+00 -5.646568e-03
9.140000e+00 -5.555623e-03
9.150000e+00 -5.463886e-03
9.160000e+00 -5.371498e-03
9.170000e+00 -5.278600e-03
9.180000e+00 -5.185330e-03
9.190000e+00 -5.091829e-03
9.200000e+00 -4.998234e-03
9.210000e+00 -4.904680e-03
9.220000e+00 -4.811302e-03
9.230000e+00 -4.718230e-03
9.240000e+00 -4.625595e-03
9.250000e+00 -4.533523e-03
9.260000e+00 -4.442137e-03
9.270000e+00 -4.351558e-03
9.280000e+00 -4.261902e-03
9.290000e+00 -4.173283e-03
9.300000e+00 -4.085810e-03
9.310000e+00 -3.999589e-03
9.320000e+00 -3.914719e-03
9.330000e+00 -3.831299e-03
9.340000e+00 -3.749421e-03
9.350000e+00 -3.669172e-03
9.360000e+00 -3.590635e-03
9.370000e+00 -3.513889e-03
9.380000e+00 -3.439007e-03
9.390000e+00 -3.366058e-03
9.400000e+00 -3.295104e-03
9.410000e+00 -3.226205e-03
9.420000e+00 -3.159413e-03
9.430000e+00 -3.094777e-03
9.440000e+00 -3.032340e-03
9.450000e+00 -2.972141e-03
9.460000e+00 -2.914212e-03
9.470000e+00 -2.858583e-03
9.480000e+00 -2.805275e-03
9.490000e+00 -2.754307e-03
9.500000e+00 -2.705694e-03
9.510000e+00 -2.659444e-03
9.520000e+00 -2.615561e-03
9.530000e+00 -2.574046e-03
9.540000e+00 -2.534893e-03
9.550000e+00 -2.498093e-03
9.560000e+00 -2.463634e-03
9.570000e+00 -2.431498e-03
9.580000e+00 -2.401665e-03
9.590000e+00 -2.374109e-03
9.600000e+00 -2.348802e-03
9.610000e+00 -2.325714e-03
9.620000e+00 -2.304808e-03
9.630000e+00 -2.286047e-03
9.640000e+00 -2.269390e-03
9.650000e+00 -2.254793e-03
9.660000e+00 -2.242210e-03
9.670000e+00 -2.231593e-03
9.680000e+00 -2.222891e-03
9.690000e+00 -2.216051e-03
9.700000e+00 -2.211019e-03
9.710000e+00 -2.207740e-03
9.720000e+00 -2.206156e-03
9.730000e+00 -2.206209e-03
9.740000e+00 -2.207838e-03
9.750000e+00 -2.210985e-03
9.760000e+00 -2.215588e-03
9.770000e+00 -2.221585e-03
9.780000e+00 -2.228917e-03
9.790000e+00 -2.237520e-03
9.800000e+00 -2.247334e-03
9.810000e+00 -2.258298e-03
9.820000e+00 -2.270352e-03
9.830000e+00 -2.283434e-03
9.840000e+00 -2.297488e-03
9.850000e+00 -2.312453e-03
9.860000e+00 -2.328274e-03
9.870000e+00 -2.344895e-03
9.880000e+00 -2.362261e-03
9.890000e+00 -2.380320e-03
9.900000e+00 -2.399020e-03
9.910000e+00 -2.418312e-03
9.920000e+00 -2.438148e-03
9.930000e+00 -2.458482e-03
9.940000e+00 -2.479270e-03
9.950000e+00 -2.500471e-03
9.960000e+00 -2.522045e-03
9.970000e+00 -2.543953e-03
9.980000e+00 -2.566162e-03
9.990000e+00 -2.588636e-03
1.000000e+01 -2.611345e-03
