# sigma2_v 3.598589262213895e+00
0.000000e+00 1.000000e+00
1.000000e-02 9.998201e-01
2.000000e-02 9.992805e-01
3.000000e-02 9.983819e-01
4.000000e-02 9.971252e-01
5.000000e-02 9.955118e-01
6.000000e-02 9.935434e-01
7.000000e-02 9.912220e-01
8.000000e-02 9.885503e-01
9.000000e-02 9.855309e-01
1.000000e-01 9.821672e-01
1.100000e-01 9.784628e-01
1.200000e-01 9.744214e-01
1.300000e-01 9.700475e-01
1.400000e-01 9.653456e-01
1.500000e-01 9.603207e-01
1.600000e-01 9.549781e-01
1.700000e-01 9.493232e-01
1.800000e-01 9.433621e-01
1.900000e-01 9.371007e-01
2.000000e-01 9.305457e-01
2.100000e-01 9.237038e-01
2.200000e-01 9.165818e-01
2.300000e-01 9.091870e-01
2.400000e-01 9.015270e-01
2.500000e-01 8.936093e-01
2.600000e-01 8.854419e-01
2.700000e-01 8.770329e-01
2.800000e-01 8.683905e-01
2.900000e-01 8.595232e-01
3.000000e-01 8.504395e-01
3.100000e-01 8.411482e-01
3.200000e-01 8.316582e-01
3.300000e-01 8.219785e-01
3.400000e-01 8.121180e-01
3.500000e-01 8.020861e-01
3.600000e-01 7.918919e-01
3.700000e-01 7.815446e-01
3.800000e-01 7.710537e-01
3.900000e-01 7.604285e-01
4.000000e-01 7.496784e-01
4.100000e-01 7.388128e-01
4.200000e-01 7.278409e-01
4.300000e-01 7.167722e-01
4.400000e-01 7.056160e-01
4.500000e-01 6.943815e-01
4.600000e-01 6.830779e-01
4.700000e-01 6.717143e-01
4.800000e-01 6.602997e-01
4.900000e-01 6.488432e-01
5.000000e-01 6.373534e-01
5.100000e-01 6.258390e-01
5.200000e-01 6.143088e-01
5.300000e-01 6.027710e-01
5.400000e-01 5.912339e-01
5.500000e-01 5.797058e-01
5.600000e-01 5.681944e-01
5.700000e-01 5.567077e-01
5.800000e-01 5.452531e-01
5.900000e-01 5.338381e-01
6.000000e-01 5.224699e-01
6.100000e-01 5.111556e-01
6.200000e-01 4.999018e-01
6.300000e-01 4.887152e-01
6.400000e-01 4.776021e-01
6.500000e-01 4.665687e-01
6.600000e-01 4.556209e-01
6.700000e-01 4.447645e-01
6.800000e-01 4.340047e-01
6.900000e-01 4.233470e-01
7.000000e-01 4.127962e-01
7.100000e-01 4.023571e-01
7.200000e-01 3.920343e-01
7.300000e-01 3.818320e-01
7.400000e-01 3.717542e-01
7.500000e-01 3.618048e-01
7.600000e-01 3.519874e-01
7.700000e-01 3.423053e-01
7.800000e-01 3.327615e-01
7.900000e-01 3.233591e-01
8.000000e-01 3.141005e-01
8.100000e-01 3.049884e-01
8.200000e-01 2.960247e-01
8.300000e-01 2.872117e-01
8.400000e-01 2.785509e-01
8.500000e-01 2.700441e-01
8.600000e-01 2.616925e-01
8.700000e-01 2.534973e-01
8.800000e-01 2.454595e-01
8.900000e-01 2.375799e-01
9.000000e-01 2.298590e-01
9.100000e-01 2.222973e-01
9.200000e-01 2.148950e-01
9.300000e-01 2.076521e-01
9.400000e-01 2.005686e-01
9.500000e-01 1.936442e-01
9.600000e-01 1.868785e-01
9.700000e-01 1.802709e-01
9.800000e-01 1.738208e-01
9.900000e-01 1.675273e-01
1.000000e+00 1.613894e-01
1.010000e+00 1.554062e-01
1.020000e+00 1.495764e-01
1.030000e+00 1.438987e-01
1.040000e+00 1.383717e-01
1.050000e+00 1.329939e-01
1.060000e+00 1.277638e-01
1.070000e+00 1.226795e-01
1.080000e+00 1.177395e-01
1.090000e+00 1.129418e-01
1.100000e+00 1.082845e-01
1.110000e+00 1.037657e-01
1.120000e+00 9.938343e-02
1.130000e+00 9.513550e-02
1.140000e+00 9.101983e-02
1.150000e+00 8.703425e-02
1.160000e+00 8.317655e-02
1.170000e+00 7.944451e-02
1.180000e+00 7.583583e-02
1.190000e+00 7.234824e-02
1.200000e+00 6.897940e-02
1.210000e+00 6.572699e-02
1.220000e+00 6.258866e-02
1.230000e+00 5.956205e-02
1.240000e+00 5.664478e-02
1.250000e+00 5.383451e-02
1.260000e+00 5.112884e-02
1.270000e+00 4.852543e-02
1.280000e+00 4.602189e-02
1.290000e+00 4.361589e-02
1.300000e+00 4.130508e-02
1.310000e+00 3.908712e-02
1.320000e+00 3.695970e-02
1.330000e+00 3.492051e-02
1.340000e+00 3.296729e-02
1.350000e+00 3.109776e-02
1.360000e+00 2.930969e-02
1.370000e+00 2.760087e-02
1.380000e+00 2.596909e-02
1.390000e+00 2.441220e-02
1.400000e+00 2.292805e-02
1.410000e+00 2.151454e-02
1.420000e+00 2.016957e-02
1.430000e+00 1.889111e-02
1.440000e+00 1.767713e-02
1.450000e+00 1.652563e-02
1.460000e+00 1.543466e-02
1.470000e+00 1.440228e-02
1.480000e+00 1.342660e-02
1.490000e+00 1.250575e-02
1.500000e+00 1.163790e-02
1.510000e+00 1.082125e-02
1.520000e+00 1.005403e-02
1.530000e+00 9.334503e-03
1.540000e+00 8.660974e-03
1.550000e+00 8.031768e-03
1.560000e+00 7.445249e-03
1.570000e+00 6.899811e-03
1.580000e+00 6.393882e-03
1.590000e+00 5.925921e-03
1.600000e+00 5.494418e-03
1.610000e+00 5.097896e-03
1.620000e+00 4.734909e-03
1.630000e+00 4.404042e-03
1.640000e+00 4.103911e-03
1.650000e+00 3.833163e-03
1.660000e+00 3.590473e-03
1.670000e+00 3.374549e-03
1.680000e+00 3.184127e-03
1.690000e+00 3.017974e-03
1.700000e+00 2.874883e-03
1.710000e+00 2.753679e-03
1.720000e+00 2.653214e-03
1.730000e+00 2.572370e-03
1.740000e+00 2.510055e-03
1.750000e+00 2.465206e-03
1.760000e+00 2.436788e-03
1.770000e+00 2.423791e-03
1.780000e+00 2.425235e-03
1.790000e+00 2.440165e-03
1.800000e+00 2.467653e-03
1.810000e+00 2.506798e-03
1.820000e+00 2.556724e-03
1.830000e+00 2.616583e-03
1.840000e+00 2.685550e-03
1.850000e+00 2.762827e-03
1.860000e+00 2.847643e-03
1.870000e+00 2.939249e-03
1.880000e+00 3.036924e-03
1.890000e+00 3.139969e-03
1.900000e+00 3.247713e-03
1.910000e+00 3.359506e-03
1.920000e+00 3.474725e-03
1.930000e+00 3.592771e-03
1.940000e+00 3.713066e-03
1.950000e+00 3.835060e-03
1.960000e+00 3.958224e-03
1.970000e+00 4.082053e-03
1.980000e+00 4.206065e-03
1.990000e+00 4.329803e-03
2.000000e+00 4.452829e-03
2.010000e+00 4.574733e-03
2.020000e+00 4.695122e-03
2.030000e+00 4.813628e-03
2.040000e+00 4.929907e-03
2.050000e+00 5.043632e-03
2.060000e+00 5.154501e-03
2.070000e+00 5.262233e-03
2.080000e+00 5.366568e-03
2.090000e+00 5.467264e-03
2.100000e+00 5.564103e-03
2.110000e+00 5.656886e-03
2.120000e+00 5.745433e-03
2.130000e+00 5.829585e-03
2.140000e+00 5.909200e-03
2.150000e+00 5.984157e-03
2.160000e+00 6.054353e-03
2.170000e+00 6.119701e-03
2.180000e+00 6.180134e-03
2.190000e+00 6.235602e-03
2.200000e+00 6.286070e-03
2.210000e+00 6.331522e-03
2.220000e+00 6.371957e-03
2.230000e+00 6.407388e-03
2.240000e+00 6.437845e-03
2.250000e+00 6.463371e-03
2.260000e+00 6.484024e-03
2.270000e+00 6.499875e-03
2.280000e+00 6.511010e-03
2.290000e+00 6.517523e-03
2.300000e+00 6.519525e-03
2.310000e+00 6.517135e-03
2.320000e+00 6.510484e-03
2.330000e+00 6.499713e-03
2.340000e+00 6.484973e-03
2.350000e+00 6.466425e-03
2.360000e+00 6.444236e-03
2.370000e+00 6.418583e-03
2.380000e+00 6.389650e-03
2.390000e+00 6.357627e-03
2.400000e+00 6.322711e-03
2.410000e+00 6.285104e-03
2.420000e+00 6.245013e-03
2.430000e+00 6.202649e-03
2.440000e+00 6.158227e-03
2.450000e+00 6.111965e-03
2.460000e+00 6.064084e-03
2.470000e+00 6.014807e-03
2.480000e+00 5.964356e-03
2.490000e+00 5.912956e-03
2.500000e+00 5.860833e-03
2.510000e+00 5.808209e-03
2.520000e+00 5.755307e-03
2.530000e+00 5.702350e-03
2.540000e+00 5.649555e-03
2.550000e+00 5.597140e-03
2.560000e+00 5.545317e-03
2.570000e+00 5.494296e-03
2.580000e+00 5.444282e-03
2.590000e+00 5.395475e-03
2.600000e+00 5.348071e-03
2.610000e+00 5.302258e-03
2.620000e+00 5.258220e-03
2.630000e+00 5.216134e-03
2.640000e+00 5.176168e-03
2.650000e+00 5.138487e-03
2.660000e+00 5.103243e-03
2.670000e+00 5.070585e-03
2.680000e+00 5.040649e-03
2.690000e+00 5.013565e-03
2.700000e+00 4.989454e-03
2.710000e+00 4.968428e-03
2.720000e+00 4.950587e-03
2.730000e+00 4.936024e-03
2.740000e+00 4.924822e-03
2.750000e+00 4.917053e-03
2.760000e+00 4.912780e-03
2.770000e+00 4.912053e-03
2.780000e+00 4.914916e-03
2.790000e+00 4.921399e-03
2.800000e+00 4.931524e-03
2.810000e+00 4.945301e-03
2.820000e+00 4.962731e-03
2.830000e+00 4.983804e-03
2.840000e+00 5.008500e-03
2.850000e+00 5.036789e-03
2.860000e+00 5.068631e-03
2.870000e+00 5.103976e-03
2.880000e+00 5.142764e-03
2.890000e+00 5.184926e-03
2.900000e+00 5.230385e-03
2.910000e+00 5.279054e-03
2.920000e+00 5.330836e-03
2.930000e+00 5.385629e-03
2.940000e+00 5.443320e-03
2.950000e+00 5.503789e-03
2.960000e+00 5.566909e-03
2.970000e+00 5.632547e-03
2.980000e+00 5.700561e-03
2.990000e+00 5.770805e-03
3.000000e+00 5.843128e-03
3.010000e+00 5.917369e-03
3.020000e+00 5.993368e-03
3.030000e+00 6.070957e-03
3.040000e+00 6.149965e-03
3.050000e+00 6.230218e-03
3.060000e+00 6.311538e-03
3.070000e+00 6.393744e-03
3.080000e+00 6.476655e-03
3.090000e+00 6.560088e-03
3.100000e+00 6.643857e-03
3.110000e+00 6.727778e-03
3.120000e+00 6.811666e-03
3.130000e+00 6.895334e-03
3.140000e+00 6.978601e-03
3.150000e+00 7.061282e-03
3.160000e+00 7.143198e-03
3.170000e+00 7.224170e-03
3.180000e+00 7.304023e-03
3.190000e+00 7.382584e-03
3.200000e+00 7.459685e-03
3.210000e+00 7.535161e-03
3.220000e+00 7.608852e-03
3.230000e+00 7.680602e-03
3.240000e+00 7.750261e-03
3.250000e+00 7.817685e-03
3.260000e+00 7.882735e-03
3.270000e+00 7.945278e-03
3.280000e+00 8.005188e-03
3.290000e+00 8.062346e-03
3.300000e+00 8.116639e-03
3.310000e+00 8.167962e-03
3.320000e+00 8.216218e-03
3.330000e+00 8.261316e-03
3.340000e+00 8.303172e-03
3.350000e+00 8.341713e-03
3.360000e+00 8.376872e-03
3.370000e+00 8.408590e-03
3.380000e+00 8.436815e-03
3.390000e+00 8.461506e-03
3.400000e+00 8.482627e-03
3.410000e+00 8.500152e-03
3.420000e+00 8.514062e-03
3.430000e+00 8.524347e-03
3.440000e+00 8.531002e-03
3.450000e+00 8.534035e-03
3.460000e+00 8.533455e-03
3.470000e+00 8.529284e-03
3.480000e+00 8.521548e-03
3.490000e+00 8.510281e-03
3.500000e+00 8.495524e-03
3.510000e+00 8.477324e-03
3.520000e+00 8.455734e-03
3.530000e+00 8.430815e-03
3.540000e+00 8.402630e-03
3.550000e+00 8.371251e-03
3.560000e+00 8.336754e-03
3.570000e+00 8.299218e-03
3.580000e+00 8.258729e-03
3.590000e+00 8.215376e-03
3.600000e+00 8.169251e-03
3.610000e+00 8.120450e-03
3.620000e+00 8.069073e-03
3.630000e+00 8.015220e-03
3.640000e+00 7.958995e-03
3.650000e+00 7.900505e-03
3.660000e+00 7.839856e-03
3.670000e+00 7.777156e-03
3.680000e+00 7.712515e-03
3.690000e+00 7.646042e-03
3.700000e+00 7.577846e-03
3.710000e+00 7.508037e-03
3.720000e+00 7.436722e-03
3.730000e+00 7.364010e-03
3.740000e+00 7.290006e-03
3.750000e+00 7.214814e-03
3.760000e+00 7.138538e-03
3.770000e+00 7.061278e-03
3.780000e+00 6.983131e-03
3.790000e+00 6.904193e-03
3.800000e+00 6.824556e-03
3.810000e+00 6.744308e-03
3.820000e+00 6.663535e-03
3.830000e+00 6.582319e-03
3.840000e+00 6.500738e-03
3.850000e+00 6.418866e-03
3.860000e+00 6.336774e-03
3.870000e+00 6.254527e-03
3.880000e+00 6.172188e-03
3.890000e+00 6.089813e-03
3.900000e+00 6.007456e-03
3.910000e+00 5.925166e-03
3.920000e+00 5.842988e-03
3.930000e+00 5.760960e-03
3.940000e+00 5.679119e-03
3.950000e+00 5.597496e-03
3.960000e+00 5.516119e-03
3.970000e+00 5.435009e-03
3.980000e+00 5.354187e-03
3.990000e+00 5.273668e-03
4.000000e+00 5.193461e-03
4.010000e+00 5.113577e-03
4.020000e+00 5.034017e-03
4.030000e+00 4.954785e-03
4.040000e+00 4.875876e-03
4.050000e+00 4.797287e-03
4.060000e+00 4.719010e-03
4.070000e+00 4.641035e-03
4.080000e+00 4.563350e-03
4.090000e+00 4.485940e-03
4.100000e+00 4.408790e-03
4.110000e+00 4.331883e-03
4.120000e+00 4.255201e-03
4.130000e+00 4.178724e-03
4.140000e+00 4.102433e-03
4.150000e+00 4.026307e-03
4.160000e+00 3.950326e-03
4.170000e+00 3.874471e-03
4.180000e+00 3.798722e-03
4.190000e+00 3.723061e-03
4.200000e+00 3.647468e-03
4.210000e+00 3.571928e-03
4.220000e+00 3.496426e-03
4.230000e+00 3.420947e-03
4.240000e+00 3.345482e-03
4.250000e+00 3.270019e-03
4.260000e+00 3.194552e-03
4.270000e+00 3.119077e-03
4.280000e+00 3.043591e-03
4.290000e+00 2.968095e-03
4.300000e+00 2.892593e-03
4.310000e+00 2.817091e-03
4.320000e+00 2.741601e-03
4.330000e+00 2.666134e-03
4.340000e+00 2.590709e-03
4.350000e+00 2.515344e-03
4.360000e+00 2.440063e-03
4.370000e+00 2.364893e-03
4.380000e+00 2.289865e-03
4.390000e+00 2.215013e-03
4.400000e+00 2.140373e-03
4.410000e+00 2.065985e-03
4.420000e+00 1.991894e-03
4.430000e+00 1.918147e-03
4.440000e+00 1.844792e-03
4.450000e+00 1.771884e-03
4.460000e+00 1.699476e-03
4.470000e+00 1.627628e-03
4.480000e+00 1.556399e-03
4.490000e+00 1.485852e-03
4.500000e+00 1.416052e-03
4.510000e+00 1.347064e-03
4.520000e+00 1.278955e-03
4.530000e+00 1.211795e-03
4.540000e+00 1.145654e-03
4.550000e+00 1.080601e-03
4.560000e+00 1.016708e-03
4.570000e+00 9.540443e-04
4.580000e+00 8.926813e-04
4.590000e+00 8.326887e-04
4.600000e+00 7.741356e-04
4.610000e+00 7.170898e-04
4.620000e+00 6.616178e-04
4.630000e+00 6.077840e-04
4.640000e+00 5.556510e-04
4.650000e+00 5.052785e-04
4.660000e+00 4.567238e-04
4.670000e+00 4.100412e-04
4.680000e+00 3.652812e-04
4.690000e+00 3.224910e-04
4.700000e+00 2.817138e-04
4.710000e+00 2.429887e-04
4.720000e+00 2.063499e-04
4.730000e+00 1.718275e-04
4.740000e+00 1.394462e-04
4.750000e+00 1.092258e-04
4.760000e+00 8.118075e-05
4.770000e+00 5.531981e-05
4.780000e+00 3.164620e-05
4.790000e+00 1.015732e-05
4.800000e+00 -9.155425e-06
4.810000e+00 -2.630662e-05
4.820000e+00 -4.131699e-05
4.830000e+00 -5.421341e-05
4.840000e+00 -6.502896e-05
4.850000e+00 -7.380291e-05
4.860000e+00 -8.058071e-05
4.870000e+00 -8.541397e-05
4.880000e+00 -8.836037e-05
4.890000e+00 -8.948357e-05
4.900000e+00 -8.885311e-05
4.910000e+00 -8.654424e-05
4.920000e+00 -8.263783e-05
4.930000e+00 -7.722009e-05
4.940000e+00 -7.038243e-05
4.950000e+00 -6.222121e-05
4.960000e+00 -5.283748e-05
4.970000e+00 -4.233672e-05
4.980000e+00 -3.082855e-05
4.990000e+00 -1.842638e-05
5.000000e+00 -5.247137e-06
5.010000e+00 8.589115e-06
5.020000e+00 2.295953e-05
5.030000e+00 3.773888e-05
5.040000e+00 5.279988e-05
5.050000e+00 6.801367e-05
5.060000e+00 8.325017e-05
5.070000e+00 9.837854e-05
5.080000e+00 1.132676e-04
5.090000e+00 1.277861e-04
5.100000e+00 1.418035e-04
5.110000e+00 1.551902e-04
5.120000e+00 1.678180e-04
5.130000e+00 1.795602e-04
5.140000e+00 1.902929e-04
5.150000e+00 1.998946e-04
5.160000e+00 2.082469e-04
5.170000e+00 2.152350e-04
5.180000e+00 2.207480e-04
5.190000e+00 2.246796e-04
5.200000e+00 2.269279e-04
5.210000e+00 2.273961e-04
5.220000e+00 2.259931e-04
5.230000e+00 2.226334e-04
5.240000e+00 2.172376e-04
5.250000e+00 2.097327e-04
5.260000e+00 2.000523e-04
5.270000e+00 1.881370e-04
5.280000e+00 1.739346e-04
5.290000e+00 1.574000e-04
5.300000e+00 1.384958e-04
5.310000e+00 1.171922e-04
5.320000e+00 9.346717e-05
5.330000e+00 6.730661e-05
5.340000e+00 3.870432e-05
5.350000e+00 7.662083e-06
5.360000e+00 -2.581031e-05
5.370000e+00 -6.169511e-05
5.380000e+00 -9.996663e-05
5.390000e+00 -1.405914e-04
5.400000e+00 -1.835280e-04
5.410000e+00 -2.287278e-04
5.420000e+00 -2.761343e-04
5.430000e+00 -3.256840e-04
5.440000e+00 -3.773063e-04
5.450000e+00 -4.309237e-04
5.460000e+00 -4.864524e-04
5.470000e+00 -5.438021e-04
5.480000e+00 -6.028767e-04
5.490000e+00 -6.635743e-04
5.500000e+00 -7.257881e-04
5.510000e+00 -7.894061e-04
5.520000e+00 -8.543119e-04
5.530000e+00 -9.203850e-04
5.540000e+00 -9.875011e-04
5.550000e+00 -1.055533e-03
5.560000e+00 -1.124350e-03
5.570000e+00 -1.193819e-03
5.580000e+00 -1.263807e-03
5.590000e+00 -1.334176e-03
5.600000e+00 -1.404790e-03
5.610000e+00 -1.475510e-03
5.620000e+00 -1.546200e-03
5.630000e+00 -1.616721e-03
5.640000e+00 -1.686937e-03
5.650000e+00 -1.756712e-03
5.660000e+00 -1.825912e-03
5.670000e+00 -1.894405e-03
5.680000e+00 -1.962062e-03
5.690000e+00 -2.028757e-03
5.700000e+00 -2.094366e-03
5.710000e+00 -2.158770e-03
5.720000e+00 -2.221852e-03
5.730000e+00 -2.283502e-03
5.740000e+00 -2.343612e-03
5.750000e+00 -2.402081e-03
5.760000e+00 -2.458811e-03
5.770000e+00 -2.513710e-03
5.780000e+00 -2.566693e-03
5.790000e+00 -2.617679e-03
5.800000e+00 -2.666594e-03
5.810000e+00 -2.713368e-03
5.820000e+00 -2.757940e-03
5.830000e+00 -2.800252e-03
5.840000e+00 -2.840254e-03
5.850000e+00 -2.877902e-03
5.860000e+00 -2.913159e-03
5.870000e+00 -2.945991e-03
5.880000e+00 -2.976374e-03
5.890000e+00 -3.004287e-03
5.900000e+00 -3.029716e-03
5.910000e+00 -3.052652e-03
5.920000e+00 -3.073092e-03
5.930000e+00 -3.091038e-03
5.940000e+00 -3.106498e-03
5.950000e+00 -3.119483e-03
5.960000e+00 -3.130010e-03
5.970000e+00 -3.138099e-03
5.980000e+00 -3.143775e-03
5.990000e+00 -3.147066e-03
6.000000e+00 -3.148005e-03
6.010000e+00 -3.146624e-03
6.020000e+00 -3.142962e-03
6.030000e+00 -3.137057e-03
6.040000e+00 -3.128951e-03
6.050000e+00 -3.118687e-03
6.060000e+00 -3.106309e-03
6.070000e+00 -3.091861e-03
6.080000e+00 -3.075388e-03
6.090000e+00 -3.056936e-03
6.100000e+00 -3.036549e-03
6.110000e+00 -3.014272e-03
6.120000e+00 -2.990147e-03
6.130000e+00 -2.964217e-03
6.140000e+00 -2.936523e-03
6.150000e+00 -2.907102e-03
6.160000e+00 -2.875990e-03
6.170000e+00 -2.843221e-03
6.180000e+00 -2.808826e-03
6.190000e+00 -2.772833e-03
6.200000e+00 -2.735267e-03
6.210000e+00 -2.696148e-03
6.220000e+00 -2.655495e-03
6.230000e+00 -2.613323e-03
6.240000e+00 -2.569641e-03
6.250000e+00 -2.524456e-03
6.260000e+00 -2.477772e-03
6.270000e+00 -2.429586e-03
6.280000e+00 -2.379895e-03
6.290000e+00 -2.328689e-03
6.300000e+00 -2.275955e-03
6.310000e+00 -2.221677e-03
6.320000e+00 -2.165836e-03
6.330000e+00 -2.108408e-03
6.340000e+00 -2.049365e-03
6.350000e+00 -1.988679e-03
6.360000e+00 -1.926317e-03
6.370000e+00 -1.862243e-03
6.380000e+00 -1.796420e-03
6.390000e+00 -1.728808e-03
6.400000e+00 -1.659365e-03
6.410000e+00 -1.588049e-03
6.420000e+00 -1.514816e-03
6.430000e+00 -1.439620e-03
6.440000e+00 -1.362417e-03
6.450000e+00 -1.283162e-03
6.460000e+00 -1.201810e-03
6.470000e+00 -1.118318e-03
6.480000e+00 -1.032642e-03
6.490000e+00 -9.447416e-04
6.500000e+00 -8.545789e-04
6.510000e+00 -7.621171e-04
6.520000e+00 -6.673230e-04
6.530000e+00 -5.701667e-04
6.540000e+00 -4.706219e-04
6.550000e+00 -3.686668e-04
6.560000e+00 -2.642837e-04
6.570000e+00 -1.574603e-04
6.580000e+00 -4.818928e-05
6.590000e+00 6.353087e-05
6.600000e+00 1.776957e-04
6.610000e+00 2.942945e-04
6.620000e+00 4.133098e-04
6.630000e+00 5.347176e-04
6.640000e+00 6.584864e-04
6.650000e+00 7.845777e-04
6.660000e+00 9.129451e-04
6.670000e+00 1.043535e-03
6.680000e+00 1.176286e-03
6.690000e+00 1.311127e-03
6.700000e+00 1.447982e-03
6.710000e+00 1.586765e-03
6.720000e+00 1.727383e-03
6.730000e+00 1.869732e-03
6.740000e+00 2.013704e-03
6.750000e+00 2.159182e-03
6.760000e+00 2.306039e-03
6.770000e+00 2.454143e-03
6.780000e+00 2.603354e-03
6.790000e+00 2.753523e-03
6.800000e+00 2.904498e-03
6.810000e+00 3.056115e-03
6.820000e+00 3.208208e-03
6.830000e+00 3.360603e-03
6.840000e+00 3.513122e-03
6.850000e+00 3.665579e-03
6.860000e+00 3.817786e-03
6.870000e+00 3.969548e-03
6.880000e+00 4.120669e-03
6.890000e+00 4.270947e-03
6.900000e+00 4.420179e-03
6.910000e+00 4.568158e-03
6.920000e+00 4.714676e-03
6.930000e+00 4.859524e-03
6.940000e+00 5.002491e-03
6.950000e+00 5.143367e-03
6.960000e+00 5.281942e-03
6.970000e+00 5.418007e-03
6.980000e+00 5.551354e-03
6.990000e+00 5.681778e-03
7.000000e+00 5.809077e-03
7.010000e+00 5.933051e-03
7.020000e+00 6.053504e-03
7.030000e+00 6.170245e-03
7.040000e+00 6.283088e-03
7.050000e+00 6.391853e-03
7.060000e+00 6.496364e-03
7.070000e+00 6.596454e-03
7.080000e+00 6.691962e-03
7.090000e+00 6.782733e-03
7.100000e+00 6.868622e-03
7.110000e+00 6.949492e-03
7.120000e+00 7.025214e-03
7.130000e+00 7.095668e-03
7.140000e+00 7.160745e-03
7.150000e+00 7.220343e-03
7.160000e+00 7.274372e-03
7.170000e+00 7.322753e-03
7.180000e+00 7.365415e-03
7.190000e+00 7.402300e-03
7.200000e+00 7.433359e-03
7.210000e+00 7.458555e-03
7.220000e+00 7.477862e-03
7.230000e+00 7.491265e-03
7.240000e+00 7.498759e-03
7.250000e+00 7.500352e-03
7.260000e+00 7.496062e-03
7.270000e+00 7.485917e-03
7.280000e+00 7.469957e-03
7.290000e+00 7.448232e-03
7.300000e+00 7.420804e-03
7.310000e+00 7.387743e-03
7.320000e+00 7.349131e-03
7.330000e+00 7.305057e-03
7.340000e+00 7.255622e-03
7.350000e+00 7.200935e-03
7.360000e+00 7.141114e-03
7.370000e+00 7.076285e-03
7.380000e+00 7.006582e-03
7.390000e+00 6.932148e-03
7.400000e+00 6.853130e-03
7.410000e+00 6.769684e-03
7.420000e+00 6.681972e-03
7.430000e+00 6.590161e-03
7.440000e+00 6.494422e-03
7.450000e+00 6.394933e-03
7.460000e+00 6.291875e-03
7.470000e+00 6.185433e-03
7.480000e+00 6.075793e-03
7.490000e+00 5.963147e-03
7.500000e+00 5.847686e-03
7.510000e+00 5.729604e-03
7.520000e+00 5.609096e-03
7.530000e+00 5.486356e-03
7.540000e+00 5.361579e-03
7.550000e+00 5.234959e-03
7.560000e+00 5.106690e-03
7.570000e+00 4.976962e-03
7.580000e+00 4.845965e-03
7.590000e+00 4.713885e-03
7.600000e+00 4.580906e-03
7.610000e+00 4.447208e-03
7.620000e+00 4.312967e-03
7.630000e+00 4.178356e-03
7.640000e+00 4.043540e-03
7.650000e+00 3.908683e-03
7.660000e+00 3.773942e-03
7.670000e+00 3.639467e-03
7.680000e+00 3.505404e-03
7.690000e+00 3.371891e-03
7.700000e+00 3.239062e-03
7.710000e+00 3.107042e-03
7.720000e+00 2.975950e-03
7.730000e+00 2.845898e-03
7.740000e+00 2.716991e-03
7.750000e+00 2.589327e-03
7.760000e+00 2.462996e-03
7.770000e+00 2.338080e-03
7.780000e+00 2.214655e-03
7.790000e+00 2.092789e-03
7.800000e+00 1.972542e-03
7.810000e+00 1.853968e-03
7.820000e+00 1.737112e-03
7.830000e+00 1.622012e-03
7.840000e+00 1.508701e-03
7.850000e+00 1.397202e-03
7.860000e+00 1.287532e-03
7.870000e+00 1.179704e-03
7.880000e+00 1.073720e-03
7.890000e+00 9.695799e-04
7.900000e+00 8.672747e-04
7.910000e+00 7.667908e-04
7.920000e+00 6.681091e-04
7.930000e+00 5.712049e-04
7.940000e+00 4.760486e-04
7.950000e+00 3.826060e-04
7.960000e+00 2.908385e-04
7.970000e+00 2.007033e-04
7.980000e+00 1.121541e-04
7.990000e+00 2.514093e-05
8.000000e+00 -6.038904e-05
8.010000e+00 -1.444915e-04
8.020000e+00 -2.272243e-04
8.030000e+00 -3.086477e-04
8.040000e+00 -3.888232e-04
8.050000e+00 -4.678139e-04
8.060000e+00 -5.456839e-04
8.070000e+00 -6.224978e-04
8.080000e+00 -6.983206e-04
8.090000e+00 -7.732171e-04
8.100000e+00 -8.472519e-04
8.110000e+00 -9.204888e-04
8.120000e+00 -9.929907e-04
8.130000e+00 -1.064819e-03
8.140000e+00 -1.136033e-03
8.150000e+00 -1.206692e-03
8.160000e+00 -1.276850e-03
8.170000e+00 -1.346562e-03
8.180000e+00 -1.415877e-03
8.190000e+00 -1.484843e-03
8.200000e+00 -1.553505e-03
8.210000e+00 -1.621902e-03
8.220000e+00 -1.690074e-03
8.230000e+00 -1.758053e-03
8.240000e+00 -1.825868e-03
8.250000e+00 -1.893546e-03
8.260000e+00 -1.961107e-03
8.270000e+00 -2.028567e-03
8.280000e+00 -2.095940e-03
8.290000e+00 -2.163233e-03
8.300000e+00 -2.230449e-03
8.310000e+00 -2.297586e-03
8.320000e+00 -2.364639e-03
8.330000e+00 -2.431595e-03
8.340000e+00 -2.498439e-03
8.350000e+00 -2.565151e-03
8.360000e+00 -2.631706e-03
8.370000e+00 -2.698073e-03
8.380000e+00 -2.764218e-03
8.390000e+00 -2.830102e-03
8.400000e+00 -2.895682e-03
8.410000e+00 -2.960911e-03
8.420000e+00 -3.025737e-03
8.430000e+00 -3.090105e-03
8.440000e+00 -3.153955e-03
8.450000e+00 -3.217224e-03
8.460000e+00 -3.279846e-03
8.470000e+00 -3.341752e-03
8.480000e+00 -3.402869e-03
8.490000e+00 -3.463121e-03
8.500000e+00 -3.522433e-03
8.510000e+00 -3.580722e-03
8.520000e+00 -3.637908e-03
8.530000e+00 -3.693907e-03
8.540000e+00 -3.748635e-03
8.550000e+00 -3.802004e-03
8.560000e+00 -3.853929e-03
8.570000e+00 -3.904322e-03
8.580000e+00 -3.953095e-03
8.590000e+00 -4.000162e-03
8.600000e+00 -4.045436e-03
8.610000e+00 -4.088830e-03
8.620000e+00 -4.130260e-03
8.630000e+00 -4.169642e-03
8.640000e+00 -4.206895e-03
8.650000e+00 -4.241940e-03
8.660000e+00 -4.274698e-03
8.670000e+00 -4.305097e-03
8.680000e+00 -4.333065e-03
8.690000e+00 -4.358533e-03
8.700000e+00 -4.381439e-03
8.710000e+00 -4.401722e-03
8.720000e+00 -4.419325e-03
8.730000e+00 -4.434199e-03
8.740000e+00 -4.446297e-03
8.750000e+00 -4.455577e-03
8.760000e+00 -4.462005e-03
8.770000e+00 -4.465548e-03
8.780000e+00 -4.466184e-03
8.790000e+00 -4.463894e-03
8.800000e+00 -4.458666e-03
8.810000e+00 -4.450494e-03
8.820000e+00 -4.439378e-03
8.830000e+00 -4.425327e-03
8.840000e+00 -4.408356e-03
8.850000e+00 -4.388484e-03
8.860000e+00 -4.365741e-03
8.870000e+00 -4.340161e-03
8.880000e+00 -4.311789e-03
8.890000e+00 -4.280672e-03
8.900000e+00 -4.246867e-03
8.910000e+00 -4.210439e-03
8.920000e+00 -4.171459e-03
8.930000e+00 -4.130003e-03
8.940000e+00 -4.086158e-03
8.950000e+00 -4.040013e-03
8.960000e+00 -3.991667e-03
8.970000e+00 -3.941225e-03
8.980000e+00 -3.888798e-03
8.990000e+00 -3.834501e-03
9.000000e+00 -3.778457e-03
9.010000e+00 -3.720795e-03
9.020000e+00 -3.661648e-03
9.030000e+00 -3.601154e-03
9.040000e+00 -3.539455e-03
9.050000e+00 -3.476700e-03
9.060000e+00 -3.413038e-03
9.070000e+00 -3.348626e-03
9.080000e+00 -3.283619e-03
9.090000e+00 -3.218180e-03
9.100000e+00 -3.152471e-03
9.110000e+00 -3.086657e-03
9.120000e+00 -3.020903e-03
9.130000e+00 -2.955377e-03
9.140000e+00 -2.890247e-03
9.150000e+00 -2.825679e-03
9.160000e+00 -2.761842e-03
9.170000e+00 -2.698900e-03
9.180000e+00 -2.637019e-03
9.190000e+00 -2.576360e-03
9.200000e+00 -2.517085e-03
9.210000e+00 -2.459349e-03
9.220000e+00 -2.403306e-03
9.230000e+00 -2.349105e-03
9.240000e+00 -2.296891e-03
9.250000e+00 -2.246803e-03
9.260000e+00 -2.198976e-03
9.270000e+00 -2.153537e-03
9.280000e+00 -2.110608e-03
9.290000e+00 -2.070304e-03
9.300000e+00 -2.032732e-03
9.310000e+00 -1.997991e-03
9.320000e+00 -1.966174e-03
9.330000e+00 -1.937362e-03
9.340000e+00 -1.911629e-03
9.350000e+00 -1.889040e-03
9.360000e+00 -1.869651e-03
9.370000e+00 -1.853506e-03
9.380000e+00 -1.840641e-03
9.390000e+00 -1.831080e-03
9.400000e+00 -1.824838e-03
9.410000e+00 -1.821919e-03
9.420000e+00 -1.822315e-03
9.430000e+00 -1.826008e-03
9.440000e+00 -1.832969e-03
9.450000e+00 -1.843158e-03
9.460000e+00 -1.856525e-03
9.470000e+00 -1.873006e-03
9.480000e+00 -1.892529e-03
9.490000e+00 -1.915009e-03
9.500000e+00 -1.940353e-03
9.510000e+00 -1.968455e-03
9.520000e+00 -1.999199e-03
9.530000e+00 -2.032461e-03
9.540000e+00 -2.068104e-03
9.550000e+00 -2.105983e-03
9.560000e+00 -2.145945e-03
9.570000e+00 -2.187827e-03
9.580000e+00 -2.231458e-03
9.590000e+00 -2.276657e-03
9.600000e+00 -2.323239e-03
9.610000e+00 -2.371010e-03
9.620000e+00 -2.419769e-03
9.630000e+00 -2.469311e-03
9.640000e+00 -2.519423e-03
9.650000e+00 -2.569889e-03
9.660000e+00 -2.620490e-03
9.670000e+00 -2.670999e-03
9.680000e+00 -2.721192e-03
9.690000e+00 -2.770837e-03
9.700000e+00 -2.819705e-03
9.710000e+00 -2.867563e-03
9.720000e+00 -2.914180e-03
9.730000e+00 -2.959324e-03
9.740000e+00 -3.002763e-03
9.750000e+00 -3.044271e-03
9.760000e+00 -3.083621e-03
9.770000e+00 -3.120590e-03
9.780000e+00 -3.154959e-03
9.790000e+00 -3.186515e-03
9.800000e+00 -3.215048e-03
9.810000e+00 -3.240357e-03
9.820000e+00 -3.262244e-03
9.830000e+00 -3.280522e-03
9.840000e+00 -3.295009e-03
9.850000e+00 -3.305534e-03
9.860000e+00 -3.311932e-03
9.870000e+00 -3.314050e-03
9.880000e+00 -3.311745e-03
9.890000e+00 -3.304883e-03
9.900000e+00 -3.293345e-03
9.910000e+00 -3.277018e-03
9.920000e+00 -3.255805e-03
9.930000e+00 -3.229621e-03
9.940000e+00 -3.198392e-03
9.950000e+00 -3.162059e-03
9.960000e+00 -3.120573e-03
9.970000e+00 -3.073903e-03
9.980000e+00 -3.022027e-03
9.990000e+00 -2.964941e-03
1.000000e+01 -2.902652e-03
