# sigma2_v 4.142015733570383e+00
0.000000e+00 1.000000e+00
1.000000e-02 9.997929e-01
2.000000e-02 9.991719e-01
3.000000e-02 9.981378e-01
4.000000e-02 9.966919e-01
5.000000e-02 9.948360e-01
6.000000e-02 9.925723e-01
7.000000e-02 9.899038e-01
8.000000e-02 9.868338e-01
9.000000e-02 9.833660e-01
1.000000e-01 9.795048e-01
1.100000e-01 9.752549e-01
1.200000e-01 9.706216e-01
1.300000e-01 9.656106e-01
1.400000e-01 9.602280e-01
1.500000e-01 9.544805e-01
1.600000e-01 9.483749e-01
1.700000e-01 9.419187e-01
1.800000e-01 9.351197e-01
1.900000e-01 9.279860e-01
2.000000e-01 9.205261e-01
2.100000e-01 9.127489e-01
2.200000e-01 9.046636e-01
2.300000e-01 8.962795e-01
2.400000e-01 8.876066e-01
2.500000e-01 8.786547e-01
2.600000e-01 8.694342e-01
2.700000e-01 8.599555e-01
2.800000e-01 8.502294e-01
2.900000e-01 8.402667e-01
3.000000e-01 8.300786e-01
3.100000e-01 8.196761e-01
3.200000e-01 8.090707e-01
3.300000e-01 7.982737e-01
3.400000e-01 7.872966e-01
3.500000e-01 7.761512e-01
3.600000e-01 7.648488e-01
3.700000e-01 7.534013e-01
3.800000e-01 7.418203e-01
3.900000e-01 7.301173e-01
4.000000e-01 7.183040e-01
4.100000e-01 7.063919e-01
4.200000e-01 6.943926e-01
4.300000e-01 6.823173e-01
4.400000e-01 6.701773e-01
4.500000e-01 6.579839e-01
4.600000e-01 6.457480e-01
4.700000e-01 6.334805e-01
4.800000e-01 6.211920e-01
4.900000e-01 6.088931e-01
5.000000e-01 5.965940e-01
5.100000e-01 5.843049e-01
5.200000e-01 5.720356e-01
5.300000e-01 5.597957e-01
5.400000e-01 5.475946e-01
5.500000e-01 5.354415e-01
5.600000e-01 5.233451e-01
5.700000e-01 5.113141e-01
5.800000e-01 4.993568e-01
5.900000e-01 4.874812e-01
6.000000e-01 4.756949e-01
6.100000e-01 4.640055e-01
6.200000e-01 4.524200e-01
6.300000e-01 4.409453e-01
6.400000e-01 4.295877e-01
6.500000e-01 4.183535e-01
6.600000e-01 4.072486e-01
6.700000e-01 3.962784e-01
6.800000e-01 3.854483e-01
6.900000e-01 3.747631e-01
7.000000e-01 3.642273e-01
7.100000e-01 3.538454e-01
7.200000e-01 3.436211e-01
7.300000e-01 3.335583e-01
7.400000e-01 3.236602e-01
7.500000e-01 3.139299e-01
7.600000e-01 3.043701e-01
7.700000e-01 2.949834e-01
7.800000e-01 2.857718e-01
7.900000e-01 2.767372e-01
8.000000e-01 2.678814e-01
8.100000e-01 2.592056e-01
8.200000e-01 2.507109e-01
8.300000e-01 2.423982e-01
8.400000e-01 2.342680e-01
8.500000e-01 2.263208e-01
8.600000e-01 2.185566e-01
8.700000e-01 2.109754e-01
8.800000e-01 2.035767e-01
8.900000e-01 1.963602e-01
9.000000e-01 1.893251e-01
9.100000e-01 1.824706e-01
9.200000e-01 1.757954e-01
9.300000e-01 1.692984e-01
9.400000e-01 1.629782e-01
9.500000e-01 1.568333e-01
9.600000e-01 1.508618e-01
9.700000e-01 1.450620e-01
9.800000e-01 1.394319e-01
9.900000e-01 1.339694e-01
1.000000e+00 1.286723e-01
1.010000e+00 1.235384e-01
1.020000e+00 1.185651e-01
1.030000e+00 1.137501e-01
1.040000e+00 1.090908e-01
1.050000e+00 1.045845e-01
1.060000e+00 1.002285e-01
1.070000e+00 9.602017e-02
1.080000e+00 9.195659e-02
1.090000e+00 8.803496e-02
1.100000e+00 8.425237e-02
1.110000e+00 8.060591e-02
1.120000e+00 7.709264e-02
1.130000e+00 7.370958e-02
1.140000e+00 7.045376e-02
1.150000e+00 6.732219e-02
1.160000e+00 6.431186e-02
1.170000e+00 6.141979e-02
1.180000e+00 5.864297e-02
1.190000e+00 5.597842e-02
1.200000e+00 5.342317e-02
1.210000e+00 5.097426e-02
1.220000e+00 4.862875e-02
1.230000e+00 4.638372e-02
1.240000e+00 4.423627e-02
1.250000e+00 4.218354e-02
1.260000e+00 4.022269e-02
1.270000e+00 3.835093e-02
1.280000e+00 3.656547e-02
1.290000e+00 3.486359e-02
1.300000e+00 3.324260e-02
1.310000e+00 3.169983e-02
1.320000e+00 3.023268e-02
1.330000e+00 2.883857e-02
1.340000e+00 2.751498e-02
1.350000e+00 2.625943e-02
1.360000e+00 2.506948e-02
1.370000e+00 2.394273e-02
1.380000e+00 2.287686e-02
1.390000e+00 2.186956e-02
1.400000e+00 2.091858e-02
1.410000e+00 2.002174e-02
1.420000e+00 1.917687e-02
1.430000e+00 1.838188e-02
1.440000e+00 1.763471e-02
1.450000e+00 1.693337e-02
1.460000e+00 1.627589e-02
1.470000e+00 1.566037e-02
1.480000e+00 1.508497e-02
1.490000e+00 1.454785e-02
1.500000e+00 1.404728e-02
1.510000e+00 1.358153e-02
1.520000e+00 1.314894e-02
1.530000e+00 1.274789e-02
1.540000e+00 1.237681e-02
1.550000e+00 1.203418e-02
1.560000e+00 1.171852e-02
1.570000e+00 1.142839e-02
1.580000e+00 1.116241e-02
1.590000e+00 1.091923e-02
1.600000e+00 1.069756e-02
1.610000e+00 1.049614e-02
1.620000e+00 1.031375e-02
1.630000e+00 1.014922e-02
1.640000e+00 1.000143e-02
1.650000e+00 9.869282e-03
1.660000e+00 9.751736e-03
1.670000e+00 9.647781e-03
1.680000e+00 9.556451e-03
1.690000e+00 9.476815e-03
1.700000e+00 9.407983e-03
1.710000e+00 9.349100e-03
1.720000e+00 9.299351e-03
1.730000e+00 9.257955e-03
1.740000e+00 9.224166e-03
1.750000e+00 9.197276e-03
1.760000e+00 9.176606e-03
1.770000e+00 9.161516e-03
1.780000e+00 9.151395e-03
1.790000e+00 9.145666e-03
1.800000e+00 9.143782e-03
1.810000e+00 9.145228e-03
1.820000e+00 9.149518e-03
1.830000e+00 9.156194e-03
1.840000e+00 9.164829e-03
1.850000e+00 9.175021e-03
1.860000e+00 9.186396e-03
1.870000e+00 9.198606e-03
1.880000e+00 9.211328e-03
1.890000e+00 9.224263e-03
1.900000e+00 9.237136e-03
1.910000e+00 9.249694e-03
1.920000e+00 9.261708e-03
1.930000e+00 9.272966e-03
1.940000e+00 9.283281e-03
1.950000e+00 9.292482e-03
1.960000e+00 9.300417e-03
1.970000e+00 9.306953e-03
1.980000e+00 9.311972e-03
1.990000e+00 9.315374e-03
2.000000e+00 9.317073e-03
2.010000e+00 9.316996e-03
2.020000e+00 9.315086e-03
2.030000e+00 9.311297e-03
2.040000e+00 9.305595e-03
2.050000e+00 9.297956e-03
2.060000e+00 9.288368e-03
2.070000e+00 9.276828e-03
2.080000e+00 9.263340e-03
2.090000e+00 9.247916e-03
2.100000e+00 9.230577e-03
2.110000e+00 9.211348e-03
2.120000e+00 9.190261e-03
2.130000e+00 9.167352e-03
2.140000e+00 9.142661e-03
2.150000e+00 9.116231e-03
2.160000e+00 9.088111e-03
2.170000e+00 9.058348e-03
2.180000e+00 9.026992e-03
2.190000e+00 8.994095e-03
2.200000e+00 8.959709e-03
2.210000e+00 8.923886e-03
2.220000e+00 8.886676e-03
2.230000e+00 8.848130e-03
2.240000e+00 8.808297e-03
2.250000e+00 8.767224e-03
2.260000e+00 8.724956e-03
2.270000e+00 8.681534e-03
2.280000e+00 8.636999e-03
2.290000e+00 8.591387e-03
2.300000e+00 8.544729e-03
2.310000e+00 8.497057e-03
2.320000e+00 8.448396e-03
2.330000e+00 8.398766e-03
2.340000e+00 8.348187e-03
2.350000e+00 8.296672e-03
2.360000e+00 8.244230e-03
2.370000e+00 8.190866e-03
2.380000e+00 8.136582e-03
2.390000e+00 8.081375e-03
2.400000e+00 8.025238e-03
2.410000e+00 7.968160e-03
2.420000e+00 7.910127e-03
2.430000e+00 7.851119e-03
2.440000e+00 7.791115e-03
2.450000e+00 7.730089e-03
2.460000e+00 7.668014e-03
2.470000e+00 7.604858e-03
2.480000e+00 7.540587e-03
2.490000e+00 7.475165e-03
2.500000e+00 7.408554e-03
2.510000e+00 7.340714e-03
2.520000e+00 7.271603e-03
2.530000e+00 7.201180e-03
2.540000e+00 7.129400e-03
2.550000e+00 7.056221e-03
2.560000e+00 6.981599e-03
2.570000e+00 6.905491e-03
2.580000e+00 6.827854e-03
2.590000e+00 6.748648e-03
2.600000e+00 6.667832e-03
2.610000e+00 6.585368e-03
2.620000e+00 6.501220e-03
2.630000e+00 6.415356e-03
2.640000e+00 6.327744e-03
2.650000e+00 6.238358e-03
2.660000e+00 6.147175e-03
2.670000e+00 6.054173e-03
2.680000e+00 5.959339e-03
2.690000e+00 5.862661e-03
2.700000e+00 5.764133e-03
2.710000e+00 5.663754e-03
2.720000e+00 5.561529e-03
2.730000e+00 5.457466e-03
2.740000e+00 5.351581e-03
2.750000e+00 5.243895e-03
2.760000e+00 5.134437e-03
2.770000e+00 5.023238e-03
2.780000e+00 4.910339e-03
2.790000e+00 4.795785e-03
2.800000e+00 4.679630e-03
2.810000e+00 4.561930e-03
2.820000e+00 4.442753e-03
2.830000e+00 4.322168e-03
2.840000e+00 4.200254e-03
2.850000e+00 4.077094e-03
2.860000e+00 3.952779e-03
2.870000e+00 3.827404e-03
2.880000e+00 3.701071e-03
2.890000e+00 3.573888e-03
2.900000e+00 3.445967e-03
2.910000e+00 3.317426e-03
2.920000e+00 3.188388e-03
2.930000e+00 3.058981e-03
2.940000e+00 2.929336e-03
2.950000e+00 2.799589e-03
2.960000e+00 2.669880e-03
2.970000e+00 2.540352e-03
2.980000e+00 2.411150e-03
2.990000e+00 2.282422e-03
3.000000e+00 2.154321e-03
3.010000e+00 2.026997e-03
3.020000e+00 1.900606e-03
3.030000e+00 1.775301e-03
3.040000e+00 1.651239e-03
3.050000e+00 1.528575e-03
3.060000e+00 1.407464e-03
3.070000e+00 1.288062e-03
3.080000e+00 1.170523e-03
3.090000e+00 1.054998e-03
3.100000e+00 9.416389e-04
3.110000e+00 8.305932e-04
3.120000e+00 7.220070e-04
3.130000e+00 6.160229e-04
3.140000e+00 5.127804e-04
3.150000e+00 4.124155e-04
3.160000e+00 3.150599e-04
3.170000e+00 2.208414e-04
3.180000e+00 1.298829e-04
3.190000e+00 4.230298e-05
3.200000e+00 -4.178515e-05
3.210000e+00 -1.222734e-04
3.220000e+00 -1.990590e-04
3.230000e+00 -2.720448e-04
3.240000e+00 -3.411395e-04
3.250000e+00 -4.062575e-04
3.260000e+00 -4.673192e-04
3.270000e+00 -5.242508e-04
3.280000e+00 -5.769847e-04
3.290000e+00 -6.254594e-04
3.300000e+00 -6.696193e-04
3.310000e+00 -7.094150e-04
3.320000e+00 -7.448027e-04
3.330000e+00 -7.757450e-04
3.340000e+00 -8.022098e-04
3.350000e+00 -8.241710e-04
3.360000e+00 -8.416079e-04
3.370000e+00 -8.545053e-04
3.380000e+00 -8.628531e-04
3.390000e+00 -8.666464e-04
3.400000e+00 -8.658851e-04
3.410000e+00 -8.605737e-04
3.420000e+00 -8.507212e-04
3.430000e+00 -8.363407e-04
3.440000e+00 -8.174495e-04
3.450000e+00 -7.940686e-04
3.460000e+00 -7.662225e-04
3.470000e+00 -7.339389e-04
3.480000e+00 -6.972487e-04
3.490000e+00 -6.561856e-04
3.500000e+00 -6.107860e-04
3.510000e+00 -5.610885e-04
3.520000e+00 -5.071341e-04
3.530000e+00 -4.489657e-04
3.540000e+00 -3.866280e-04
3.550000e+00 -3.201673e-04
3.560000e+00 -2.496314e-04
3.570000e+00 -1.750696e-04
3.580000e+00 -9.653212e-05
3.590000e+00 -1.407046e-05
3.600000e+00 7.226296e-05
3.610000e+00 1.624148e-04
3.620000e+00 2.563307e-04
3.630000e+00 3.539557e-04
3.640000e+00 4.552338e-04
3.650000e+00 5.601084e-04
3.660000e+00 6.685219e-04
3.670000e+00 7.804157e-04
3.680000e+00 8.957305e-04
3.690000e+00 1.014406e-03
3.700000e+00 1.136380e-03
3.710000e+00 1.261590e-03
3.720000e+00 1.389971e-03
3.730000e+00 1.521459e-03
3.740000e+00 1.655985e-03
3.750000e+00 1.793480e-03
3.760000e+00 1.933873e-03
3.770000e+00 2.077090e-03
3.780000e+00 2.223054e-03
3.790000e+00 2.371688e-03
3.800000e+00 2.522910e-03
3.810000e+00 2.676635e-03
3.820000e+00 2.832776e-03
3.830000e+00 2.991241e-03
3.840000e+00 3.151935e-03
3.850000e+00 3.314760e-03
3.860000e+00 3.479614e-03
3.870000e+00 3.646389e-03
3.880000e+00 3.814975e-03
3.890000e+00 3.985257e-03
3.900000e+00 4.157114e-03
3.910000e+00 4.330421e-03
3.920000e+00 4.505051e-03
3.930000e+00 4.680868e-03
3.940000e+00 4.857734e-03
3.950000e+00 5.035506e-03
3.960000e+00 5.214036e-03
3.970000e+00 5.393171e-03
3.980000e+00 5.572753e-03
3.990000e+00 5.752622e-03
4.000000e+00 5.932610e-03
4.010000e+00 6.112548e-03
4.020000e+00 6.292261e-03
4.030000e+00 6.471573e-03
4.040000e+00 6.650302e-03
4.050000e+00 6.828264e-03
4.060000e+00 7.005272e-03
4.070000e+00 7.181137e-03
4.080000e+00 7.355669e-03
4.090000e+00 7.528674e-03
4.100000e+00 7.699958e-03
4.110000e+00 7.869329e-03
4.120000e+00 8.036590e-03
4.130000e+00 8.201549e-03
4.140000e+00 8.364011e-03
4.150000e+00 8.523786e-03
4.160000e+00 8.680683e-03
4.170000e+00 8.834515e-03
4.180000e+00 8.985100e-03
4.190000e+00 9.132256e-03
4.200000e+00 9.275807e-03
4.210000e+00 9.415583e-03
4.220000e+00 9.551419e-03
4.230000e+00 9.683154e-03
4.240000e+00 9.810636e-03
4.250000e+00 9.933719e-03
4.260000e+00 1.005226e-02
4.270000e+00 1.016614e-02
4.280000e+00 1.027524e-02
4.290000e+00 1.037943e-02
4.300000e+00 1.047862e-02
4.310000e+00 1.057271e-02
4.320000e+00 1.066162e-02
4.330000e+00 1.074529e-02
4.340000e+00 1.082365e-02
4.350000e+00 1.089664e-02
4.360000e+00 1.096424e-02
4.370000e+00 1.102642e-02
4.380000e+00 1.108316e-02
4.390000e+00 1.113445e-02
4.400000e+00 1.118031e-02
4.410000e+00 1.122076e-02
4.420000e+00 1.125583e-02
4.430000e+00 1.128556e-02
4.440000e+00 1.131001e-02
4.450000e+00 1.132924e-02
4.460000e+00 1.134334e-02
4.470000e+00 1.135239e-02
4.480000e+00 1.135648e-02
4.490000e+00 1.135574e-02
4.500000e+00 1.135026e-02
4.510000e+00 1.134019e-02
4.520000e+00 1.132565e-02
4.530000e+00 1.130680e-02
4.540000e+00 1.128377e-02
4.550000e+00 1.125672e-02
4.560000e+00 1.122582e-02
4.570000e+00 1.119124e-02
4.580000e+00 1.115315e-02
4.590000e+00 1.111172e-02
4.600000e+00 1.106713e-02
4.610000e+00 1.101956e-02
4.620000e+00 1.096920e-02
4.630000e+00 1.091623e-02
4.640000e+00 1.086084e-02
4.650000e+00 1.080320e-02
4.660000e+00 1.074349e-02
4.670000e+00 1.068190e-02
4.680000e+00 1.061860e-02
4.690000e+00 1.055376e-02
4.700000e+00 1.048754e-02
4.710000e+00 1.042011e-02
4.720000e+00 1.035162e-02
4.730000e+00 1.028223e-02
4.740000e+00 1.021206e-02
4.750000e+00 1.014125e-02
4.760000e+00 1.006993e-02
4.770000e+00 9.998212e-03
4.780000e+00 9.926199e-03
4.790000e+00 9.853988e-03
4.800000e+00 9.781663e-03
4.810000e+00 9.709300e-03
4.820000e+00 9.636961e-03
4.830000e+00 9.564700e-03
4.840000e+00 9.492558e-03
4.850000e+00 9.420564e-03
4.860000e+00 9.348737e-03
4.870000e+00 9.277085e-03
4.880000e+00 9.205602e-03
4.890000e+00 9.134273e-03
4.900000e+00 9.063071e-03
4.910000e+00 8.991959e-03
4.920000e+00 8.920888e-03
4.930000e+00 8.849800e-03
4.940000e+00 8.778626e-03
4.950000e+00 8.707289e-03
4.960000e+00 8.635700e-03
4.970000e+00 8.563764e-03
4.980000e+00 8.491378e-03
4.990000e+00 8.418430e-03
5.000000e+00 8.344802e-03
5.010000e+00 8.270371e-03
5.020000e+00 8.195005e-03
5.030000e+00 8.118571e-03
5.040000e+00 8.040930e-03
5.050000e+00 7.961940e-03
5.060000e+00 7.881457e-03
5.070000e+00 7.799334e-03
5.080000e+00 7.715423e-03
5.090000e+00 7.629578e-03
5.100000e+00 7.541651e-03
5.110000e+00 7.451496e-03
5.120000e+00 7.358970e-03
5.130000e+00 7.263932e-03
5.140000e+00 7.166245e-03
5.150000e+00 7.065776e-03
5.160000e+00 6.962399e-03
5.170000e+00 6.855991e-03
5.180000e+00 6.746438e-03
5.190000e+00 6.633631e-03
5.200000e+00 6.517471e-03
5.210000e+00 6.397866e-03
5.220000e+00 6.274734e-03
5.230000e+00 6.148001e-03
5.240000e+00 6.017605e-03
5.250000e+00 5.883492e-03
5.260000e+00 5.745621e-03
5.270000e+00 5.603963e-03
5.280000e+00 5.458497e-03
5.290000e+00 5.309217e-03
5.300000e+00 5.156128e-03
5.310000e+00 4.999247e-03
5.320000e+00 4.838603e-03
5.330000e+00 4.674240e-03
5.340000e+00 4.506211e-03
5.350000e+00 4.334585e-03
5.360000e+00 4.159440e-03
5.370000e+00 3.980869e-03
5.380000e+00 3.798977e-03
5.390000e+00 3.613880e-03
5.400000e+00 3.425707e-03
5.410000e+00 3.234597e-03
5.420000e+00 3.040703e-03
5.430000e+00 2.844187e-03
5.440000e+00 2.645222e-03
5.450000e+00 2.443992e-03
5.460000e+00 2.240689e-03
5.470000e+00 2.035518e-03
5.480000e+00 1.828689e-03
5.490000e+00 1.620422e-03
5.500000e+00 1.410946e-03
5.510000e+00 1.200494e-03
5.520000e+00 9.893098e-04
5.530000e+00 7.776400e-04
5.540000e+00 5.657380e-04
5.550000e+00 3.538623e-04
5.560000e+00 1.422750e-04
5.570000e+00 -6.875782e-05
5.580000e+00 -2.789674e-04
5.590000e+00 -4.880825e-04
5.600000e+00 -6.958304e-04
5.610000e+00 -9.019376e-04
5.620000e+00 -1.106130e-03
5.630000e+00 -1.308134e-03
5.640000e+00 -1.507677e-03
5.650000e+00 -1.704487e-03
5.660000e+00 -1.898297e-03
5.670000e+00 -2.088841e-03
5.680000e+00 -2.275856e-03
5.690000e+00 -2.459084e-03
5.700000e+00 -2.638271e-03
5.710000e+00 -2.813169e-03
5.720000e+00 -2.983537e-03
5.730000e+00 -3.149137e-03
5.740000e+00 -3.309741e-03
5.750000e+00 -3.465126e-03
5.760000e+00 -3.615079e-03
5.770000e+00 -3.759394e-03
5.780000e+00 -3.897873e-03
5.790000e+00 -4.030329e-03
5.800000e+00 -4.156583e-03
5.810000e+00 -4.276468e-03
5.820000e+00 -4.389823e-03
5.830000e+00 -4.496502e-03
5.840000e+00 -4.596368e-03
5.850000e+00 -4.689294e-03
5.860000e+00 -4.775166e-03
5.870000e+00 -4.853880e-03
5.880000e+00 -4.925347e-03
5.890000e+00 -4.989485e-03
5.900000e+00 -5.046228e-03
5.910000e+00 -5.095520e-03
5.920000e+00 -5.137319e-03
5.930000e+00 -5.171594e-03
5.940000e+00 -5.198326e-03
5.950000e+00 -5.217509e-03
5.960000e+00 -5.229150e-03
5.970000e+00 -5.233268e-03
5.980000e+00 -5.229894e-03
5.990000e+00 -5.219070e-03
6.000000e+00 -5.200852e-03
6.010000e+00 -5.175308e-03
6.020000e+00 -5.142516e-03
6.030000e+00 -5.102566e-03
6.040000e+00 -5.055562e-03
6.050000e+00 -5.001615e-03
6.060000e+00 -4.940850e-03
6.070000e+00 -4.873402e-03
6.080000e+00 -4.799416e-03
6.090000e+00 -4.719047e-03
6.100000e+00 -4.632460e-03
6.110000e+00 -4.539829e-03
6.120000e+00 -4.441337e-03
6.130000e+00 -4.337176e-03
6.140000e+00 -4.227545e-03
6.150000e+00 -4.112654e-03
6.160000e+00 -3.992715e-03
6.170000e+00 -3.867953e-03
6.180000e+00 -3.738593e-03
6.190000e+00 -3.604871e-03
6.200000e+00 -3.467026e-03
6.210000e+00 -3.325301e-03
6.220000e+00 -3.179946e-03
6.230000e+00 -3.031213e-03
6.240000e+00 -2.879357e-03
6.250000e+00 -2.724637e-03
6.260000e+00 -2.567312e-03
6.270000e+00 -2.407645e-03
6.280000e+00 -2.245898e-03
6.290000e+00 -2.082335e-03
6.300000e+00 -1.917219e-03
6.310000e+00 -1.750813e-03
6.320000e+00 -1.583377e-03
6.330000e+00 -1.415172e-03
6.340000e+00 -1.246454e-03
6.350000e+00 -1.077478e-03
6.360000e+00 -9.084949e-04
6.370000e+00 -7.397513e-04
6.380000e+00 -5.714900e-04
6.390000e+00 -4.039490e-04
6.400000e+00 -2.373606e-04
6.410000e+00 -7.195147e-05
6.420000e+00 9.205782e-05
6.430000e+00 2.544534e-04
6.440000e+00 4.150283e-04
6.450000e+00 5.735830e-04
6.460000e+00 7.299253e-04
6.470000e+00 8.838714e-04
6.480000e+00 1.035245e-03
6.490000e+00 1.183880e-03
6.500000e+00 1.329616e-03
6.510000e+00 1.472304e-03
6.520000e+00 1.611803e-03
6.530000e+00 1.747981e-03
6.540000e+00 1.880716e-03
6.550000e+00 2.009894e-03
6.560000e+00 2.135411e-03
6.570000e+00 2.257173e-03
6.580000e+00 2.375092e-03
6.590000e+00 2.489094e-03
6.600000e+00 2.599110e-03
6.610000e+00 2.705081e-03
6.620000e+00 2.806958e-03
6.630000e+00 2.904699e-03
6.640000e+00 2.998270e-03
6.650000e+00 3.087646e-03
6.660000e+00 3.172811e-03
6.670000e+00 3.253753e-03
6.680000e+00 3.330470e-03
6.690000e+00 3.402965e-03
6.700000e+00 3.471249e-03
6.710000e+00 3.535337e-03
6.720000e+00 3.595253e-03
6.730000e+00 3.651022e-03
6.740000e+00 3.702677e-03
6.750000e+00 3.750254e-03
6.760000e+00 3.793793e-03
6.770000e+00 3.833339e-03
6.780000e+00 3.868938e-03
6.790000e+00 3.900640e-03
6.800000e+00 3.928498e-03
6.810000e+00 3.952566e-03
6.820000e+00 3.972898e-03
6.830000e+00 3.989552e-03
6.840000e+00 4.002585e-03
6.850000e+00 4.012055e-03
6.860000e+00 4.018019e-03
6.870000e+00 4.020536e-03
6.880000e+00 4.019662e-03
6.890000e+00 4.015454e-03
6.900000e+00 4.007965e-03
6.910000e+00 3.997251e-03
6.920000e+00 3.983363e-03
6.930000e+00 3.966351e-03
6.940000e+00 3.946265e-03
6.950000e+00 3.923151e-03
6.960000e+00 3.897053e-03
6.970000e+00 3.868014e-03
6.980000e+00 3.836075e-03
6.990000e+00 3.801273e-03
7.000000e+00 3.763646e-03
7.010000e+00 3.723226e-03
7.020000e+00 3.680048e-03
7.030000e+00 3.634140e-03
7.040000e+00 3.585533e-03
7.050000e+00 3.534253e-03
7.060000e+00 3.480327e-03
7.070000e+00 3.423780e-03
7.080000e+00 3.364637e-03
7.090000e+00 3.302921e-03
7.100000e+00 3.238655e-03
7.110000e+00 3.171865e-03
7.120000e+00 3.102573e-03
7.130000e+00 3.030805e-03
7.140000e+00 2.956585e-03
7.150000e+00 2.879942e-03
7.160000e+00 2.800903e-03
7.170000e+00 2.719499e-03
7.180000e+00 2.635764e-03
7.190000e+00 2.549732e-03
7.200000e+00 2.461442e-03
7.210000e+00 2.370935e-03
7.220000e+00 2.278257e-03
7.230000e+00 2.183457e-03
7.240000e+00 2.086588e-03
7.250000e+00 1.987706e-03
7.260000e+00 1.886874e-03
7.270000e+00 1.784157e-03
7.280000e+00 1.679628e-03
7.290000e+00 1.573362e-03
7.300000e+00 1.465441e-03
7.310000e+00 1.355950e-03
7.320000e+00 1.244982e-03
7.330000e+00 1.132634e-03
7.340000e+00 1.019007e-03
7.350000e+00 9.042081e-04
7.360000e+00 7.883498e-04
7.370000e+00 6.715489e-04
7.380000e+00 5.539271e-04
7.390000e+00 4.356108e-04
7.400000e+00 3.167304e-04
7.410000e+00 1.974204e-04
7.420000e+00 7.781928e-05
7.430000e+00 -4.193129e-05
7.440000e+00 -1.616865e-04
7.450000e+00 -2.812989e-04
7.460000e+00 -4.006186e-04
7.470000e+00 -5.194942e-04
7.480000e+00 -6.377725e-04
7.490000e+00 -7.552997e-04
7.500000e+00 -8.719215e-04
7.510000e+00 -9.874835e-04
7.520000e+00 -1.101832e-03
7.530000e+00 -1.214815e-03
7.540000e+00 -1.326280e-03
7.550000e+00 -1.436080e-03
7.560000e+00 -1.544068e-03
7.570000e+00 -1.650101e-03
7.580000e+00 -1.754040e-03
7.590000e+00 -1.855751e-03
7.600000e+00 -1.955103e-03
7.610000e+00 -2.051971e-03
7.620000e+00 -2.146237e-03
7.630000e+00 -2.237786e-03
7.640000e+00 -2.326514e-03
7.650000e+00 -2.412320e-03
7.660000e+00 -2.495112e-03
7.670000e+00 -2.574806e-03
7.680000e+00 -2.651326e-03
7.690000e+00 -2.724604e-03
7.700000e+00 -2.794579e-03
7.710000e+00 -2.861201e-03
7.720000e+00 -2.924429e-03
7.730000e+00 -2.984228e-03
7.740000e+00 -3.040576e-03
7.750000e+00 -3.093456e-03
7.760000e+00 -3.142865e-03
7.770000e+00 -3.188804e-03
7.780000e+00 -3.231287e-03
7.790000e+00 -3.270335e-03
7.800000e+00 -3.305977e-03
7.810000e+00 -3.338253e-03
7.820000e+00 -3.367208e-03
7.830000e+00 -3.392899e-03
7.840000e+00 -3.415387e-03
7.850000e+00 -3.434742e-03
7.860000e+00 -3.451042e-03
7.870000e+00 -3.464369e-03
7.880000e+00 -3.474814e-03
7.890000e+00 -3.482472e-03
7.900000e+00 -3.487444e-03
7.910000e+00 -3.489835e-03
7.920000e+00 -3.489755e-03
7.930000e+00 -3.487318e-03
7.940000e+00 -3.482640e-03
7.950000e+00 -3.475840e-03
7.960000e+00 -3.467042e-03
7.970000e+00 -3.456367e-03
7.980000e+00 -3.443941e-03
7.990000e+00 -3.429889e-03
8.000000e+00 -3.414335e-03
8.010000e+00 -3.397406e-03
8.020000e+00 -3.379225e-03
8.030000e+00 -3.359914e-03
8.040000e+00 -3.339596e-03
8.050000e+00 -3.318389e-03
8.060000e+00 -3.296409e-03
8.070000e+00 -3.273769e-03
8.080000e+00 -3.250581e-03
8.090000e+00 -3.226951e-03
8.100000e+00 -3.202982e-03
8.110000e+00 -3.178772e-03
8.120000e+00 -3.154417e-03
8.130000e+00 -3.130007e-03
8.140000e+00 -3.105629e-03
8.150000e+00 -3.081363e-03
8.160000e+00 -3.057286e-03
8.170000e+00 -3.033471e-03
8.180000e+00 -3.009986e-03
8.190000e+00 -2.986894e-03
8.200000e+00 -2.964253e-03
8.210000e+00 -2.942119e-03
8.220000e+00 -2.920541e-03
8.230000e+00 -2.899567e-03
8.240000e+00 -2.879240e-03
8.250000e+00 -2.859600e-03
8.260000e+00 -2.840683e-03
8.270000e+00 -2.822523e-03
8.280000e+00 -2.805151e-03
8.290000e+00 -2.788596e-03
8.300000e+00 -2.772887e-03
8.310000e+00 -2.758049e-03
8.320000e+00 -2.744107e-03
8.330000e+00 -2.731086e-03
8.340000e+00 -2.719009e-03
8.350000e+00 -2.707900e-03
8.360000e+00 -2.697784e-03
8.370000e+00 -2.688687e-03
8.380000e+00 -2.680634e-03
8.390000e+00 -2.673653e-03
8.400000e+00 -2.667774e-03
8.410000e+00 -2.663029e-03
8.420000e+00 -2.659451e-03
8.430000e+00 -2.657076e-03
8.440000e+00 -2.655944e-03
8.450000e+00 -2.656096e-03
8.460000e+00 -2.657578e-03
8.470000e+00 -2.660437e-03
8.480000e+00 -2.664725e-03
8.490000e+00 -2.670496e-03
8.500000e+00 -2.677806e-03
8.510000e+00 -2.686718e-03
8.520000e+00 -2.697295e-03
8.530000e+00 -2.709602e-03
8.540000e+00 -2.723709e-03
8.550000e+00 -2.739687e-03
8.560000e+00 -2.757609e-03
8.570000e+00 -2.777552e-03
8.580000e+00 -2.799592e-03
8.590000e+00 -2.823806e-03
8.600000e+00 -2.850274e-03
8.610000e+00 -2.879072e-03
8.620000e+00 -2.910281e-03
8.630000e+00 -2.943977e-03
8.640000e+00 -2.980236e-03
8.650000e+00 -3.019132e-03
8.660000e+00 -3.060736e-03
8.670000e+00 -3.105116e-03
8.680000e+00 -3.152337e-03
8.690000e+00 -3.202457e-03
8.700000e+00 -3.255532e-03
8.710000e+00 -3.311611e-03
8.720000e+00 -3.370734e-03
8.730000e+00 -3.432938e-03
8.740000e+00 -3.498250e-03
8.750000e+00 -3.566688e-03
8.760000e+00 -3.638264e-03
8.770000e+00 -3.712976e-03
8.780000e+00 -3.790816e-03
8.790000e+00 -3.871763e-03
8.800000e+00 -3.955787e-03
8.810000e+00 -4.042844e-03
8.820000e+00 -4.132879e-03
8.830000e+00 -4.225825e-03
8.840000e+00 -4.321603e-03
8.850000e+00 -4.420120e-03
8.860000e+00 -4.521270e-03
8.870000e+00 -4.624934e-03
8.880000e+00 -4.730980e-03
8.890000e+00 -4.839262e-03
8.900000e+00 -4.949622e-03
8.910000e+00 -5.061886e-03
8.920000e+00 -5.175870e-03
8.930000e+00 -5.291376e-03
8.940000e+00 -5.408192e-03
8.950000e+00 -5.526096e-03
8.960000e+00 -5.644854e-03
8.970000e+00 -5.764218e-03
8.980000e+00 -5.883933e-03
8.990000e+00 -6.003732e-03
9.000000e+00 -6.123339e-03
9.010000e+00 -6.242467e-03
9.020000e+00 -6.360826e-03
9.030000e+00 -6.478113e-03
9.040000e+00 -6.594024e-03
9.050000e+00 -6.708247e-03
9.060000e+00 -6.820465e-03
9.070000e+00 -6.930360e-03
9.080000e+00 -7.037610e-03
9.090000e+00 -7.141893e-03
9.100000e+00 -7.242886e-03
9.110000e+00 -7.340268e-03
9.120000e+00 -7.433719e-03
9.130000e+00 -7.522924e-03
9.140000e+00 -7.607570e-03
9.150000e+00 -7.687353e-03
9.160000e+00 -7.761973e-03
9.170000e+00 -7.831139e-03
9.180000e+00 -7.894569e-03
9.190000e+00 -7.951993e-03
9.200000e+00 -8.003148e-03
9.210000e+00 -8.047787e-03
9.220000e+00 -8.085677e-03
9.230000e+00 -8.116595e-03
9.240000e+00 -8.140337e-03
9.250000e+00 -8.156714e-03
9.260000e+00 -8.165554e-03
9.270000e+00 -8.166703e-03
9.280000e+00 -8.160024e-03
9.290000e+00 -8.145402e-03
9.300000e+00 -8.122738e-03
9.310000e+00 -8.091955e-03
9.320000e+00 -8.052999e-03
9.330000e+00 -8.005832e-03
9.340000e+00 -7.950440e-03
9.350000e+00 -7.886832e-03
9.360000e+00 -7.815034e-03
9.370000e+00 -7.735099e-03
9.380000e+00 -7.647096e-03
9.390000e+00 -7.551120e-03
9.400000e+00 -7.447284e-03
9.410000e+00 -7.335724e-03
9.420000e+00 -7.216596e-03
9.430000e+00 -7.090074e-03
9.440000e+00 -6.956354e-03
9.450000e+00 -6.815651e-03
9.460000e+00 -6.668196e-03
9.470000e+00 -6.514239e-03
9.480000e+00 -6.354047e-03
9.490000e+00 -6.187903e-03
9.500000e+00 -6.016102e-03
9.510000e+00 -5.838958e-03
9.520000e+00 -5.656793e-03
9.530000e+00 -5.469943e-03
9.540000e+00 -5.278755e-03
9.550000e+00 -5.083585e-03
9.560000e+00 -4.884796e-03
9.570000e+00 -4.682761e-03
9.580000e+00 -4.477857e-03
9.590000e+00 -4.270465e-03
9.600000e+00 -4.060970e-03
9.610000e+00 -3.849759e-03
9.620000e+00 -3.637221e-03
9.630000e+00 -3.423743e-03
9.640000e+00 -3.209710e-03
9.650000e+00 -2.995505e-03
9.660000e+00 -2.781507e-03
9.670000e+00 -2.568088e-03
9.680000e+00 -2.355615e-03
9.690000e+00 -2.144446e-03
9.700000e+00 -1.934932e-03
9.710000e+00 -1.727412e-03
9.720000e+00 -1.522215e-03
9.730000e+00 -1.319660e-03
9.740000e+00 -1.120049e-03
9.750000e+00 -9.236757e-04
9.760000e+00 -7.308152e-04
9.770000e+00 -5.417299e-04
9.780000e+00 -3.566659e-04
9.790000e+00 -1.758531e-04
9.800000e+00 4.950825e-07
9.810000e+00 1.721826e-04
9.820000e+00 3.390306e-04
9.830000e+00 5.008783e-04
9.840000e+00 6.575825e-04
9.850000e+00 8.090183e-04
9.860000e+00 9.550788e-04
9.870000e+00 1.095675e-03
9.880000e+00 1.230736e-03
9.890000e+00 1.360209e-03
9.900000e+00 1.484058e-03
9.910000e+00 1.602265e-03
9.920000e+00 1.714828e-03
9.930000e+00 1.821761e-03
9.940000e+00 1.923096e-03
9.950000e+00 2.018879e-03
9.960000e+00 2.109169e-03
9.970000e+00 2.194041e-03
9.980000e+00 2.273583e-03
9.990000e+00 2.347895e-03
1.000000e+01 2.417088e-03
