# sigma2_v 2.368952800279599e+00
# aH 1e+02
0.000000e+00 1.000000e+00
1.000000e-02 9.998816e-01
2.000000e-02 9.995263e-01
3.000000e-02 9.989345e-01
4.000000e-02 9.981066e-01
5.000000e-02 9.970432e-01
6.000000e-02 9.957450e-01
7.000000e-02 9.942129e-01
8.000000e-02 9.924481e-01
9.000000e-02 9.904518e-01
1.000000e-01 9.882253e-01
1.100000e-01 9.857703e-01
1.200000e-01 9.830886e-01
1.300000e-01 9.801819e-01
1.400000e-01 9.770524e-01
1.500000e-01 9.737022e-01
1.600000e-01 9.701337e-01
1.700000e-01 9.663493e-01
1.800000e-01 9.623518e-01
1.900000e-01 9.581438e-01
2.000000e-01 9.537284e-01
2.100000e-01 9.491084e-01
2.200000e-01 9.442871e-01
2.300000e-01 9.392678e-01
2.400000e-01 9.340540e-01
2.500000e-01 9.286491e-01
2.600000e-01 9.230567e-01
2.700000e-01 9.172808e-01
2.800000e-01 9.113250e-01
2.900000e-01 9.051934e-01
3.000000e-01 8.988901e-01
3.100000e-01 8.924192e-01
3.200000e-01 8.857848e-01
3.300000e-01 8.789915e-01
3.400000e-01 8.720435e-01
3.500000e-01 8.649453e-01
3.600000e-01 8.577014e-01
3.700000e-01 8.503165e-01
3.800000e-01 8.427952e-01
3.900000e-01 8.351421e-01
4.000000e-01 8.273622e-01
4.100000e-01 8.194601e-01
4.200000e-01 8.114407e-01
4.300000e-01 8.033088e-01
4.400000e-01 7.950694e-01
4.500000e-01 7.867273e-01
4.600000e-01 7.782875e-01
4.700000e-01 7.697550e-01
4.800000e-01 7.611346e-01
4.900000e-01 7.524314e-01
5.000000e-01 7.436503e-01
5.100000e-01 7.347962e-01
5.200000e-01 7.258741e-01
5.300000e-01 7.168888e-01
5.400000e-01 7.078454e-01
5.500000e-01 6.987486e-01
5.600000e-01 6.896034e-01
5.700000e-01 6.804145e-01
5.800000e-01 6.711867e-01
5.900000e-01 6.619247e-01
6.000000e-01 6.526333e-01
6.100000e-01 6.433171e-01
6.200000e-01 6.339807e-01
6.300000e-01 6.246286e-01
6.400000e-01 6.152653e-01
6.500000e-01 6.058952e-01
6.600000e-01 5.965227e-01
6.700000e-01 5.871521e-01
6.800000e-01 5.777876e-01
6.900000e-01 5.684333e-01
7.000000e-01 5.590934e-01
7.100000e-01 5.497718e-01
7.200000e-01 5.404724e-01
7.300000e-01 5.311990e-01
7.400000e-01 5.219555e-01
7.500000e-01 5.127454e-01
7.600000e-01 5.035724e-01
7.700000e-01 4.944400e-01
7.800000e-01 4.853514e-01
7.900000e-01 4.763102e-01
8.000000e-01 4.673194e-01
8.100000e-01 4.583822e-01
8.200000e-01 4.495016e-01
8.300000e-01 4.406806e-01
8.400000e-01 4.319219e-01
8.500000e-01 4.232284e-01
8.600000e-01 4.146027e-01
8.700000e-01 4.060473e-01
8.800000e-01 3.975646e-01
8.900000e-01 3.891571e-01
9.000000e-01 3.808270e-01
9.100000e-01 3.725765e-01
9.200000e-01 3.644075e-01
9.300000e-01 3.563222e-01
9.400000e-01 3.483223e-01
9.500000e-01 3.404096e-01
9.600000e-01 3.325859e-01
9.700000e-01 3.248526e-01
9.800000e-01 3.172114e-01
9.900000e-01 3.096636e-01
1.000000e+00 3.022106e-01
1.010000e+00 2.948535e-01
1.020000e+00 2.875935e-01
1.030000e+00 2.804317e-01
1.040000e+00 2.733689e-01
1.050000e+00 2.664062e-01
1.060000e+00 2.595443e-01
1.070000e+00 2.527839e-01
1.080000e+00 2.461256e-01
1.090000e+00 2.395700e-01
1.100000e+00 2.331176e-01
1.110000e+00 2.267687e-01
1.120000e+00 2.205238e-01
1.130000e+00 2.143830e-01
1.140000e+00 2.083465e-01
1.150000e+00 2.024145e-01
1.160000e+00 1.965869e-01
1.170000e+00 1.908638e-01
1.180000e+00 1.852452e-01
1.190000e+00 1.797307e-01
1.200000e+00 1.743202e-01
1.210000e+00 1.690135e-01
1.220000e+00 1.638103e-01
1.230000e+00 1.587100e-01
1.240000e+00 1.537124e-01
1.250000e+00 1.488168e-01
1.260000e+00 1.440229e-01
1.270000e+00 1.393299e-01
1.280000e+00 1.347373e-01
1.290000e+00 1.302443e-01
1.300000e+00 1.258502e-01
1.310000e+00 1.215544e-01
1.320000e+00 1.173559e-01
1.330000e+00 1.132539e-01
1.340000e+00 1.092476e-01
1.350000e+00 1.053359e-01
1.360000e+00 1.015181e-01
1.370000e+00 9.779301e-02
1.380000e+00 9.415970e-02
1.390000e+00 9.061713e-02
1.400000e+00 8.716421e-02
1.410000e+00 8.379986e-02
1.420000e+00 8.052296e-02
1.430000e+00 7.733236e-02
1.440000e+00 7.422690e-02
1.450000e+00 7.120540e-02
1.460000e+00 6.826666e-02
1.470000e+00 6.540947e-02
1.480000e+00 6.263258e-02
1.490000e+00 5.993476e-02
1.500000e+00 5.731475e-02
1.510000e+00 5.477127e-02
1.520000e+00 5.230305e-02
1.530000e+00 4.990880e-02
1.540000e+00 4.758723e-02
1.550000e+00 4.533702e-02
1.560000e+00 4.315688e-02
1.570000e+00 4.104550e-02
1.580000e+00 3.900156e-02
1.590000e+00 3.702374e-02
1.600000e+00 3.511074e-02
1.610000e+00 3.326124e-02
1.620000e+00 3.147393e-02
1.630000e+00 2.974750e-02
1.640000e+00 2.808064e-02
1.650000e+00 2.647205e-02
1.660000e+00 2.492045e-02
1.670000e+00 2.342453e-02
1.680000e+00 2.198303e-02
1.690000e+00 2.059467e-02
1.700000e+00 1.925819e-02
1.710000e+00 1.797234e-02
1.720000e+00 1.673587e-02
1.730000e+00 1.554756e-02
1.740000e+00 1.440619e-02
1.750000e+00 1.331056e-02
1.760000e+00 1.225947e-02
1.770000e+00 1.125176e-02
1.780000e+00 1.028626e-02
1.790000e+00 9.361830e-03
1.800000e+00 8.477340e-03
1.810000e+00 7.631678e-03
1.820000e+00 6.823751e-03
1.830000e+00 6.052481e-03
1.840000e+00 5.316812e-03
1.850000e+00 4.615702e-03
1.860000e+00 3.948130e-03
1.870000e+00 3.313095e-03
1.880000e+00 2.709614e-03
1.890000e+00 2.136724e-03
1.900000e+00 1.593482e-03
1.910000e+00 1.078965e-03
1.920000e+00 5.922717e-04
1.930000e+00 1.325189e-04
1.940000e+00 -3.011546e-04
1.950000e+00 -7.095896e-04
1.960000e+00 -1.093606e-03
1.970000e+00 -1.454005e-03
1.980000e+00 -1.791563e-03
1.990000e+00 -2.107041e-03
2.000000e+00 -2.401175e-03
2.010000e+00 -2.674683e-03
2.020000e+00 -2.928262e-03
2.030000e+00 -3.162591e-03
2.040000e+00 -3.378325e-03
2.050000e+00 -3.576103e-03
2.060000e+00 -3.756543e-03
2.070000e+00 -3.920243e-03
2.080000e+00 -4.067785e-03
2.090000e+00 -4.199730e-03
2.100000e+00 -4.316621e-03
2.110000e+00 -4.418985e-03
2.120000e+00 -4.507328e-03
2.130000e+00 -4.582144e-03
2.140000e+00 -4.643905e-03
2.150000e+00 -4.693071e-03
2.160000e+00 -4.730085e-03
2.170000e+00 -4.755373e-03
2.180000e+00 -4.769348e-03
2.190000e+00 -4.772408e-03
2.200000e+00 -4.764939e-03
2.210000e+00 -4.747310e-03
2.220000e+00 -4.719880e-03
2.230000e+00 -4.682996e-03
2.240000e+00 -4.636991e-03
2.250000e+00 -4.582189e-03
2.260000e+00 -4.518902e-03
2.270000e+00 -4.447431e-03
2.280000e+00 -4.368071e-03
2.290000e+00 -4.281103e-03
2.300000e+00 -4.186803e-03
2.310000e+00 -4.085437e-03
2.320000e+00 -3.977266e-03
2.330000e+00 -3.862540e-03
2.340000e+00 -3.741505e-03
2.350000e+00 -3.614401e-03
2.360000e+00 -3.481461e-03
2.370000e+00 -3.342915e-03
2.380000e+00 -3.198986e-03
2.390000e+00 -3.049894e-03
2.400000e+00 -2.895854e-03
2.410000e+00 -2.737080e-03
2.420000e+00 -2.573779e-03
2.430000e+00 -2.406160e-03
2.440000e+00 -2.234426e-03
2.450000e+00 -2.058779e-03
2.460000e+00 -1.879420e-03
2.470000e+00 -1.696547e-03
2.480000e+00 -1.510359e-03
2.490000e+00 -1.321053e-03
2.500000e+00 -1.128824e-03
2.510000e+00 -9.338673e-04
2.520000e+00 -7.363794e-04
2.530000e+00 -5.365547e-04
2.540000e+00 -3.345882e-04
2.550000e+00 -1.306748e-04
2.560000e+00 7.499021e-05
2.570000e+00 2.822117e-04
2.580000e+00 4.907943e-04
2.590000e+00 7.005421e-04
2.600000e+00 9.112592e-04
2.610000e+00 1.122750e-03
2.620000e+00 1.334817e-03
2.630000e+00 1.547265e-03
2.640000e+00 1.759897e-03
2.650000e+00 1.972516e-03
2.660000e+00 2.184928e-03
2.670000e+00 2.396935e-03
2.680000e+00 2.608344e-03
2.690000e+00 2.818958e-03
2.700000e+00 3.028585e-03
2.710000e+00 3.237032e-03
2.720000e+00 3.444107e-03
2.730000e+00 3.649621e-03
2.740000e+00 3.853386e-03
2.750000e+00 4.055214e-03
2.760000e+00 4.254923e-03
2.770000e+00 4.452331e-03
2.780000e+00 4.647257e-03
2.790000e+00 4.839528e-03
2.800000e+00 5.028970e-03
2.810000e+00 5.215413e-03
2.820000e+00 5.398693e-03
2.830000e+00 5.578647e-03
2.840000e+00 5.755119e-03
2.850000e+00 5.927957e-03
2.860000e+00 6.097011e-03
2.870000e+00 6.262141e-03
2.880000e+00 6.423207e-03
2.890000e+00 6.580079e-03
2.900000e+00 6.732630e-03
2.910000e+00 6.880741e-03
2.920000e+00 7.024297e-03
2.930000e+00 7.163190e-03
2.940000e+00 7.297321e-03
2.950000e+00 7.426594e-03
2.960000e+00 7.550924e-03
2.970000e+00 7.670229e-03
2.980000e+00 7.784437e-03
2.990000e+00 7.893483e-03
3.000000e+00 7.997308e-03
3.010000e+00 8.095862e-03
3.020000e+00 8.189103e-03
3.030000e+00 8.276994e-03
3.040000e+00 8.359509e-03
3.050000e+00 8.436627e-03
3.060000e+00 8.508337e-03
3.070000e+00 8.574634e-03
3.080000e+00 8.635522e-03
3.090000e+00 8.691012e-03
3.100000e+00 8.741121e-03
3.110000e+00 8.785877e-03
3.120000e+00 8.825313e-03
3.130000e+00 8.859469e-03
3.140000e+00 8.888393e-03
3.150000e+00 8.912141e-03
3.160000e+00 8.930773e-03
3.170000e+00 8.944359e-03
3.180000e+00 8.952972e-03
3.190000e+00 8.956695e-03
3.200000e+00 8.955614e-03
3.210000e+00 8.949822e-03
3.220000e+00 8.939417e-03
3.230000e+00 8.924505e-03
3.240000e+00 8.905192e-03
3.250000e+00 8.881594e-03
3.260000e+00 8.853829e-03
3.270000e+00 8.822018e-03
3.280000e+00 8.786289e-03
3.290000e+00 8.746771e-03
3.300000e+00 8.703598e-03
3.310000e+00 8.656907e-03
3.320000e+00 8.606835e-03
3.330000e+00 8.553526e-03
3.340000e+00 8.497122e-03
3.350000e+00 8.437770e-03
3.360000e+00 8.375616e-03
3.370000e+00 8.310808e-03
3.380000e+00 8.243495e-03
3.390000e+00 8.173828e-03
3.400000e+00 8.101955e-03
3.410000e+00 8.028026e-03
3.420000e+00 7.952191e-03
3.430000e+00 7.874599e-03
3.440000e+00 7.795398e-03
3.450000e+00 7.714735e-03
3.460000e+00 7.632754e-03
3.470000e+00 7.549600e-03
3.480000e+00 7.465415e-03
3.490000e+00 7.380337e-03
3.500000e+00 7.294505e-03
3.510000e+00 7.208054e-03
3.520000e+00 7.121114e-03
3.530000e+00 7.033816e-03
3.540000e+00 6.946284e-03
3.550000e+00 6.858642e-03
3.560000e+00 6.771009e-03
3.570000e+00 6.683500e-03
3.580000e+00 6.596226e-03
3.590000e+00 6.509296e-03
3.600000e+00 6.422814e-03
3.610000e+00 6.336879e-03
3.620000e+00 6.251588e-03
3.630000e+00 6.167031e-03
3.640000e+00 6.083297e-03
3.650000e+00 6.000468e-03
3.660000e+00 5.918623e-03
3.670000e+00 5.837837e-03
3.680000e+00 5.758179e-03
3.690000e+00 5.679715e-03
3.700000e+00 5.602508e-03
3.710000e+00 5.526613e-03
3.720000e+00 5.452084e-03
3.730000e+00 5.378969e-03
3.740000e+00 5.307313e-03
3.750000e+00 5.237156e-03
3.760000e+00 5.168534e-03
3.770000e+00 5.101480e-03
3.780000e+00 5.036023e-03
3.790000e+00 4.972186e-03
3.800000e+00 4.909990e-03
3.810000e+00 4.849454e-03
3.820000e+00 4.790590e-03
3.830000e+00 4.733409e-03
3.840000e+00 4.677918e-03
3.850000e+00 4.624121e-03
3.860000e+00 4.572019e-03
3.870000e+00 4.521610e-03
3.880000e+00 4.472888e-03
3.890000e+00 4.425845e-03
3.900000e+00 4.380473e-03
3.910000e+00 4.336757e-03
3.920000e+00 4.294683e-03
3.930000e+00 4.254234e-03
3.940000e+00 4.215389e-03
3.950000e+00 4.178128e-03
3.960000e+00 4.142428e-03
3.970000e+00 4.108262e-03
3.980000e+00 4.075605e-03
3.990000e+00 4.044428e-03
4.000000e+00 4.014702e-03
4.010000e+00 3.986395e-03
4.020000e+00 3.959475e-03
4.030000e+00 3.933909e-03
4.040000e+00 3.909663e-03
4.050000e+00 3.886700e-03
4.060000e+00 3.864986e-03
4.070000e+00 3.844482e-03
4.080000e+00 3.825151e-03
4.090000e+00 3.806954e-03
4.100000e+00 3.789853e-03
4.110000e+00 3.773808e-03
4.120000e+00 3.758779e-03
4.130000e+00 3.744726e-03
4.140000e+00 3.731609e-03
4.150000e+00 3.719386e-03
4.160000e+00 3.708016e-03
4.170000e+00 3.697458e-03
4.180000e+00 3.687671e-03
4.190000e+00 3.678613e-03
4.200000e+00 3.670243e-03
4.210000e+00 3.662519e-03
4.220000e+00 3.655400e-03
4.230000e+00 3.648844e-03
4.240000e+00 3.642811e-03
4.250000e+00 3.637258e-03
4.260000e+00 3.632144e-03
4.270000e+00 3.627430e-03
4.280000e+00 3.623074e-03
4.290000e+00 3.619035e-03
4.300000e+00 3.615275e-03
4.310000e+00 3.611753e-03
4.320000e+00 3.608429e-03
4.330000e+00 3.605265e-03
4.340000e+00 3.602221e-03
4.350000e+00 3.599261e-03
4.360000e+00 3.596345e-03
4.370000e+00 3.593437e-03
4.380000e+00 3.590500e-03
4.390000e+00 3.587499e-03
4.400000e+00 3.584396e-03
4.410000e+00 3.581159e-03
4.420000e+00 3.577752e-03
4.430000e+00 3.574143e-03
4.440000e+00 3.570298e-03
4.450000e+00 3.566187e-03
4.460000e+00 3.561778e-03
4.470000e+00 3.557042e-03
4.480000e+00 3.551951e-03
4.490000e+00 3.546476e-03
4.500000e+00 3.540590e-03
4.510000e+00 3.534270e-03
4.520000e+00 3.527490e-03
4.530000e+00 3.520228e-03
4.540000e+00 3.512462e-03
4.550000e+00 3.504173e-03
4.560000e+00 3.495342e-03
4.570000e+00 3.485952e-03
4.580000e+00 3.475989e-03
4.590000e+00 3.465438e-03
4.600000e+00 3.454288e-03
4.610000e+00 3.442528e-03
4.620000e+00 3.430151e-03
4.630000e+00 3.417151e-03
4.640000e+00 3.403522e-03
4.650000e+00 3.389264e-03
4.660000e+00 3.374375e-03
4.670000e+00 3.358859e-03
4.680000e+00 3.342718e-03
4.690000e+00 3.325960e-03
4.700000e+00 3.308592e-03
4.710000e+00 3.290626e-03
4.720000e+00 3.272075e-03
4.730000e+00 3.252955e-03
4.740000e+00 3.233282e-03
4.750000e+00 3.213077e-03
4.760000e+00 3.192363e-03
4.770000e+00 3.171164e-03
4.780000e+00 3.149506e-03
4.790000e+00 3.127421e-03
4.800000e+00 3.104938e-03
4.810000e+00 3.082092e-03
4.820000e+00 3.058919e-03
4.830000e+00 3.035458e-03
4.840000e+00 3.011747e-03
4.850000e+00 2.987830e-03
4.860000e+00 2.963752e-03
4.870000e+00 2.939558e-03
4.880000e+00 2.915296e-03
4.890000e+00 2.891016e-03
4.900000e+00 2.866770e-03
4.910000e+00 2.842611e-03
4.920000e+00 2.818593e-03
4.930000e+00 2.794772e-03
4.940000e+00 2.771205e-03
4.950000e+00 2.747950e-03
4.960000e+00 2.725065e-03
4.970000e+00 2.702612e-03
4.980000e+00 2.680650e-03
4.990000e+00 2.659240e-03
5.000000e+00 2.638444e-03
5.010000e+00 2.618323e-03
5.020000e+00 2.598939e-03
5.030000e+00 2.580352e-03
5.040000e+00 2.562625e-03
5.050000e+00 2.545817e-03
5.060000e+00 2.529989e-03
5.070000e+00 2.515200e-03
5.080000e+00 2.501508e-03
5.090000e+00 2.488971e-03
5.100000e+00 2.477642e-03
5.110000e+00 2.467578e-03
5.120000e+00 2.458830e-03
5.130000e+00 2.451449e-03
5.140000e+00 2.445483e-03
5.150000e+00 2.440979e-03
5.160000e+00 2.437981e-03
5.170000e+00 2.436530e-03
5.180000e+00 2.436664e-03
5.190000e+00 2.438420e-03
5.200000e+00 2.441831e-03
5.210000e+00 2.446927e-03
5.220000e+00 2.453734e-03
5.230000e+00 2.462275e-03
5.240000e+00 2.472570e-03
5.250000e+00 2.484636e-03
5.260000e+00 2.498484e-03
5.270000e+00 2.514124e-03
5.280000e+00 2.531560e-03
5.290000e+00 2.550794e-03
5.300000e+00 2.571822e-03
5.310000e+00 2.594637e-03
5.320000e+00 2.619227e-03
5.330000e+00 2.645578e-03
5.340000e+00 2.673671e-03
5.350000e+00 2.703480e-03
5.360000e+00 2.734980e-03
5.370000e+00 2.768137e-03
5.380000e+00 2.802916e-03
5.390000e+00 2.839277e-03
5.400000e+00 2.877175e-03
5.410000e+00 2.916563e-03
5.420000e+00 2.957389e-03
5.430000e+00 2.999597e-03
5.440000e+00 3.043128e-03
5.450000e+00 3.087918e-03
5.460000e+00 3.133900e-03
5.470000e+00 3.181006e-03
5.480000e+00 3.229162e-03
5.490000e+00 3.278290e-03
5.500000e+00 3.328313e-03
5.510000e+00 3.379148e-03
5.520000e+00 3.430710e-03
5.530000e+00 3.482912e-03
5.540000e+00 3.535665e-03
5.550000e+00 3.588876e-03
5.560000e+00 3.642453e-03
5.570000e+00 3.696301e-03
5.580000e+00 3.750322e-03
5.590000e+00 3.804420e-03
5.600000e+00 3.858494e-03
5.610000e+00 3.912445e-03
5.620000e+00 3.966174e-03
5.630000e+00 4.019578e-03
5.640000e+00 4.072557e-03
5.650000e+00 4.125010e-03
5.660000e+00 4.176837e-03
5.670000e+00 4.227936e-03
5.680000e+00 4.278210e-03
5.690000e+00 4.327559e-03
5.700000e+00 4.375887e-03
5.710000e+00 4.423096e-03
5.720000e+00 4.469094e-03
5.730000e+00 4.513788e-03
5.740000e+00 4.557086e-03
5.750000e+00 4.598902e-03
5.760000e+00 4.639149e-03
5.770000e+00 4.677744e-03
5.780000e+00 4.714607e-03
5.790000e+00 4.749660e-03
5.800000e+00 4.782830e-03
5.810000e+00 4.814044e-03
5.820000e+00 4.843237e-03
5.830000e+00 4.870343e-03
5.840000e+00 4.895303e-03
5.850000e+00 4.918061e-03
5.860000e+00 4.938563e-03
5.870000e+00 4.956762e-03
5.880000e+00 4.972614e-03
5.890000e+00 4.986078e-03
5.900000e+00 4.997120e-03
5.910000e+00 5.005708e-03
5.920000e+00 5.011815e-03
5.930000e+00 5.015419e-03
5.940000e+00 5.016502e-03
5.950000e+00 5.015052e-03
5.960000e+00 5.011059e-03
5.970000e+00 5.004520e-03
5.980000e+00 4.995435e-03
5.990000e+00 4.983808e-03
6.000000e+00 4.969650e-03
6.010000e+00 4.952974e-03
6.020000e+00 4.933798e-03
6.030000e+00 4.912146e-03
6.040000e+00 4.888044e-03
6.050000e+00 4.861523e-03
6.060000e+00 4.832618e-03
6.070000e+00 4.801369e-03
6.080000e+00 4.767819e-03
6.090000e+00 4.732014e-03
6.100000e+00 4.694006e-03
6.110000e+00 4.653848e-03
6.120000e+00 4.611599e-03
6.130000e+00 4.567319e-03
6.140000e+00 4.521072e-03
6.150000e+00 4.472926e-03
6.160000e+00 4.422951e-03
6.170000e+00 4.371220e-03
6.180000e+00 4.317807e-03
6.190000e+00 4.262791e-03
6.200000e+00 4.206253e-03
6.210000e+00 4.148273e-03
6.220000e+00 4.088937e-03
6.230000e+00 4.028330e-03
6.240000e+00 3.966541e-03
6.250000e+00 3.903657e-03
6.260000e+00 3.839770e-03
6.270000e+00 3.774971e-03
6.280000e+00 3.709352e-03
6.290000e+00 3.643006e-03
6.300000e+00 3.576029e-03
6.310000e+00 3.508513e-03
6.320000e+00 3.440553e-03
6.330000e+00 3.372245e-03
6.340000e+00 3.303684e-03
6.350000e+00 3.234964e-03
6.360000e+00 3.166180e-03
6.370000e+00 3.097426e-03
6.380000e+00 3.028797e-03
6.390000e+00 2.960384e-03
6.400000e+00 2.892280e-03
6.410000e+00 2.824576e-03
6.420000e+00 2.757364e-03
6.430000e+00 2.690731e-03
6.440000e+00 2.624767e-03
6.450000e+00 2.559556e-03
6.460000e+00 2.495186e-03
6.470000e+00 2.431739e-03
6.480000e+00 2.369297e-03
6.490000e+00 2.307940e-03
6.500000e+00 2.247747e-03
6.510000e+00 2.188795e-03
6.520000e+00 2.131158e-03
6.530000e+00 2.074908e-03
6.540000e+00 2.020116e-03
6.550000e+00 1.966851e-03
6.560000e+00 1.915178e-03
6.570000e+00 1.865161e-03
6.580000e+00 1.816863e-03
6.590000e+00 1.770342e-03
6.600000e+00 1.725655e-03
6.610000e+00 1.682856e-03
6.620000e+00 1.641998e-03
6.630000e+00 1.603130e-03
6.640000e+00 1.566298e-03
6.650000e+00 1.531548e-03
6.660000e+00 1.498921e-03
6.670000e+00 1.468456e-03
6.680000e+00 1.440190e-03
6.690000e+00 1.414156e-03
6.700000e+00 1.390387e-03
6.710000e+00 1.368910e-03
6.720000e+00 1.349752e-03
6.730000e+00 1.332936e-03
6.740000e+00 1.318482e-03
6.750000e+00 1.306408e-03
6.760000e+00 1.296729e-03
6.770000e+00 1.289458e-03
6.780000e+00 1.284604e-03
6.790000e+00 1.282174e-03
6.800000e+00 1.282172e-03
6.810000e+00 1.284599e-03
6.820000e+00 1.289455e-03
6.830000e+00 1.296734e-03
6.840000e+00 1.306430e-03
6.850000e+00 1.318533e-03
6.860000e+00 1.333030e-03
6.870000e+00 1.349907e-03
6.880000e+00 1.369145e-03
6.890000e+00 1.390724e-03
6.900000e+00 1.414620e-03
6.910000e+00 1.440806e-03
6.920000e+00 1.469255e-03
6.930000e+00 1.499933e-03
6.940000e+00 1.532807e-03
6.950000e+00 1.567839e-03
6.960000e+00 1.604990e-03
6.970000e+00 1.644217e-03
6.980000e+00 1.685476e-03
6.990000e+00 1.728717e-03
7.000000e+00 1.773891e-03
7.010000e+00 1.820945e-03
7.020000e+00 1.869824e-03
7.030000e+00 1.920469e-03
7.040000e+00 1.972820e-03
7.050000e+00 2.026814e-03
7.060000e+00 2.082387e-03
7.070000e+00 2.139470e-03
7.080000e+00 2.197993e-03
7.090000e+00 2.257886e-03
7.100000e+00 2.319073e-03
7.110000e+00 2.381478e-03
7.120000e+00 2.445024e-03
7.130000e+00 2.509629e-03
7.140000e+00 2.575213e-03
7.150000e+00 2.641692e-03
7.160000e+00 2.708980e-03
7.170000e+00 2.776989e-03
7.180000e+00 2.845633e-03
7.190000e+00 2.914821e-03
7.200000e+00 2.984463e-03
7.210000e+00 3.054465e-03
7.220000e+00 3.124736e-03
7.230000e+00 3.195181e-03
7.240000e+00 3.265706e-03
7.250000e+00 3.336215e-03
7.260000e+00 3.406613e-03
7.270000e+00 3.476804e-03
7.280000e+00 3.546691e-03
7.290000e+00 3.616179e-03
7.300000e+00 3.685171e-03
7.310000e+00 3.753572e-03
7.320000e+00 3.821286e-03
7.330000e+00 3.888218e-03
7.340000e+00 3.954276e-03
7.350000e+00 4.019365e-03
7.360000e+00 4.083395e-03
7.370000e+00 4.146274e-03
7.380000e+00 4.207913e-03
7.390000e+00 4.268226e-03
7.400000e+00 4.327126e-03
7.410000e+00 4.384530e-03
7.420000e+00 4.440356e-03
7.430000e+00 4.494526e-03
7.440000e+00 4.546962e-03
7.450000e+00 4.597590e-03
7.460000e+00 4.646338e-03
7.470000e+00 4.693139e-03
7.480000e+00 4.737928e-03
7.490000e+00 4.780640e-03
7.500000e+00 4.821220e-03
7.510000e+00 4.859609e-03
7.520000e+00 4.895758e-03
7.530000e+00 4.929618e-03
7.540000e+00 4.961145e-03
7.550000e+00 4.990299e-03
7.560000e+00 5.017044e-03
7.570000e+00 5.041348e-03
7.580000e+00 5.063182e-03
7.590000e+00 5.082525e-03
7.600000e+00 5.099355e-03
7.610000e+00 5.113660e-03
7.620000e+00 5.125428e-03
7.630000e+00 5.134653e-03
7.640000e+00 5.141335e-03
7.650000e+00 5.145476e-03
7.660000e+00 5.147084e-03
7.670000e+00 5.146172e-03
7.680000e+00 5.142755e-03
7.690000e+00 5.136855e-03
7.700000e+00 5.128497e-03
7.710000e+00 5.117710e-03
7.720000e+00 5.104529e-03
7.730000e+00 5.088992e-03
7.740000e+00 5.071140e-03
7.750000e+00 5.051020e-03
7.760000e+00 5.028681e-03
7.770000e+00 5.004178e-03
7.780000e+00 4.977566e-03
7.790000e+00 4.948908e-03
7.800000e+00 4.918266e-03
7.810000e+00 4.885707e-03
7.820000e+00 4.851302e-03
7.830000e+00 4.815122e-03
7.840000e+00 4.777244e-03
7.850000e+00 4.737744e-03
7.860000e+00 4.696702e-03
7.870000e+00 4.654200e-03
7.880000e+00 4.610321e-03
7.890000e+00 4.565150e-03
7.900000e+00 4.518772e-03
7.910000e+00 4.471274e-03
7.920000e+00 4.422746e-03
7.930000e+00 4.373274e-03
7.940000e+00 4.322947e-03
7.950000e+00 4.271855e-03
7.960000e+00 4.220085e-03
7.970000e+00 4.167726e-03
7.980000e+00 4.114865e-03
7.990000e+00 4.061589e-03
8.000000e+00 4.007984e-03
8.010000e+00 3.954132e-03
8.020000e+00 3.900118e-03
8.030000e+00 3.846021e-03
8.040000e+00 3.791920e-03
8.050000e+00 3.737891e-03
8.060000e+00 3.684008e-03
8.070000e+00 3.630343e-03
8.080000e+00 3.576964e-03
8.090000e+00 3.523937e-03
8.100000e+00 3.471322e-03
8.110000e+00 3.419180e-03
8.120000e+00 3.367566e-03
8.130000e+00 3.316531e-03
8.140000e+00 3.266123e-03
8.150000e+00 3.216387e-03
8.160000e+00 3.167362e-03
8.170000e+00 3.119085e-03
8.180000e+00 3.071587e-03
8.190000e+00 3.024896e-03
8.200000e+00 2.979036e-03
8.210000e+00 2.934025e-03
8.220000e+00 2.889879e-03
8.230000e+00 2.846607e-03
8.240000e+00 2.804217e-03
8.250000e+00 2.762711e-03
8.260000e+00 2.722085e-03
8.270000e+00 2.682334e-03
8.280000e+00 2.643447e-03
8.290000e+00 2.605409e-03
8.300000e+00 2.568202e-03
8.310000e+00 2.531804e-03
8.320000e+00 2.496188e-03
8.330000e+00 2.461325e-03
8.340000e+00 2.427182e-03
8.350000e+00 2.393722e-03
8.360000e+00 2.360906e-03
8.370000e+00 2.328692e-03
8.380000e+00 2.297035e-03
8.390000e+00 2.265886e-03
8.400000e+00 2.235197e-03
8.410000e+00 2.204914e-03
8.420000e+00 2.174985e-03
8.430000e+00 2.145353e-03
8.440000e+00 2.115961e-03
8.450000e+00 2.086751e-03
8.460000e+00 2.057664e-03
8.470000e+00 2.028641e-03
8.480000e+00 1.999621e-03
8.490000e+00 1.970543e-03
8.500000e+00 1.941348e-03
8.510000e+00 1.911974e-03
8.520000e+00 1.882364e-03
8.530000e+00 1.852458e-03
8.540000e+00 1.822198e-03
8.550000e+00 1.791529e-03
8.560000e+00 1.760396e-03
8.570000e+00 1.728745e-03
8.580000e+00 1.696527e-03
8.590000e+00 1.663693e-03
8.600000e+00 1.630196e-03
8.610000e+00 1.595993e-03
8.620000e+00 1.561044e-03
8.630000e+00 1.525311e-03
8.640000e+00 1.488759e-03
8.650000e+00 1.451358e-03
8.660000e+00 1.413080e-03
8.670000e+00 1.373902e-03
8.680000e+00 1.333804e-03
8.690000e+00 1.292768e-03
8.700000e+00 1.250785e-03
8.710000e+00 1.207844e-03
8.720000e+00 1.163944e-03
8.730000e+00 1.119083e-03
8.740000e+00 1.073267e-03
8.750000e+00 1.026504e-03
8.760000e+00 9.788083e-04
8.770000e+00 9.301962e-04
8.780000e+00 8.806896e-04
8.790000e+00 8.303144e-04
8.800000e+00 7.791004e-04
8.810000e+00 7.270818e-04
8.820000e+00 6.742964e-04
8.830000e+00 6.207861e-04
8.840000e+00 5.665965e-04
8.850000e+00 5.117769e-04
8.860000e+00 4.563798e-04
8.870000e+00 4.004613e-04
8.880000e+00 3.440807e-04
8.890000e+00 2.873000e-04
8.900000e+00 2.301841e-04
8.910000e+00 1.728007e-04
8.920000e+00 1.152194e-04
8.930000e+00 5.751237e-05
8.940000e+00 -2.466096e-07
8.950000e+00 -5.798198e-05
8.960000e+00 -1.156168e-04
8.970000e+00 -1.730729e-04
8.980000e+00 -2.302714e-04
8.990000e+00 -2.871326e-04
9.000000e+00 -3.435765e-04
9.010000e+00 -3.995230e-04
9.020000e+00 -4.548922e-04
9.030000e+00 -5.096045e-04
9.040000e+00 -5.635813e-04
9.050000e+00 -6.167448e-04
9.060000e+00 -6.690184e-04
9.070000e+00 -7.203271e-04
9.080000e+00 -7.705976e-04
9.090000e+00 -8.197588e-04
9.100000e+00 -8.677417e-04
9.110000e+00 -9.144799e-04
9.120000e+00 -9.599096e-04
9.130000e+00 -1.003970e-03
9.140000e+00 -1.046604e-03
9.150000e+00 -1.087757e-03
9.160000e+00 -1.127379e-03
9.170000e+00 -1.165422e-03
9.180000e+00 -1.201844e-03
9.190000e+00 -1.236606e-03
9.200000e+00 -1.269674e-03
9.210000e+00 -1.301016e-03
9.220000e+00 -1.330607e-03
9.230000e+00 -1.358427e-03
9.240000e+00 -1.384457e-03
9.250000e+00 -1.408687e-03
9.260000e+00 -1.431108e-03
9.270000e+00 -1.451718e-03
9.280000e+00 -1.470520e-03
9.290000e+00 -1.487520e-03
9.300000e+00 -1.502730e-03
9.310000e+00 -1.516167e-03
9.320000e+00 -1.527851e-03
9.330000e+00 -1.537807e-03
9.340000e+00 -1.546067e-03
9.350000e+00 -1.552663e-03
9.360000e+00 -1.557636e-03
9.370000e+00 -1.561027e-03
9.380000e+00 -1.562884e-03
9.390000e+00 -1.563256e-03
9.400000e+00 -1.562198e-03
9.410000e+00 -1.559768e-03
9.420000e+00 -1.556025e-03
9.430000e+00 -1.551034e-03
9.440000e+00 -1.544861e-03
9.450000e+00 -1.537575e-03
9.460000e+00 -1.529246e-03
9.470000e+00 -1.519949e-03
9.480000e+00 -1.509758e-03
9.490000e+00 -1.498748e-03
9.500000e+00 -1.486998e-03
9.510000e+00 -1.474587e-03
9.520000e+00 -1.461591e-03
9.530000e+00 -1.448092e-03
9.540000e+00 -1.434168e-03
9.550000e+00 -1.419898e-03
9.560000e+00 -1.405360e-03
9.570000e+00 -1.390631e-03
9.580000e+00 -1.375788e-03
9.590000e+00 -1.360905e-03
9.600000e+00 -1.346055e-03
9.610000e+00 -1.331309e-03
9.620000e+00 -1.316735e-03
9.630000e+00 -1.302400e-03
9.640000e+00 -1.288365e-03
9.650000e+00 -1.274692e-03
9.660000e+00 -1.261437e-03
9.670000e+00 -1.248652e-03
9.680000e+00 -1.236387e-03
9.690000e+00 -1.224687e-03
9.700000e+00 -1.213593e-03
9.710000e+00 -1.203141e-03
9.720000e+00 -1.193364e-03
9.730000e+00 -1.184289e-03
9.740000e+00 -1.175938e-03
9.750000e+00 -1.168330e-03
9.760000e+00 -1.161476e-03
9.770000e+00 -1.155385e-03
9.780000e+00 -1.150059e-03
9.790000e+00 -1.145495e-03
9.800000e+00 -1.141686e-03
9.810000e+00 -1.138617e-03
9.820000e+00 -1.136270e-03
9.830000e+00 -1.134622e-03
9.840000e+00 -1.133645e-03
9.850000e+00 -1.133304e-03
9.860000e+00 -1.133560e-03
9.870000e+00 -1.134370e-03
9.880000e+00 -1.135685e-03
9.890000e+00 -1.137453e-03
9.900000e+00 -1.139616e-03
9.910000e+00 -1.142112e-03
9.920000e+00 -1.144876e-03
9.930000e+00 -1.147837e-03
9.940000e+00 -1.150923e-03
9.950000e+00 -1.154057e-03
9.960000e+00 -1.157158e-03
9.970000e+00 -1.160144e-03
9.980000e+00 -1.162929e-03
9.990000e+00 -1.165426e-03
1.000000e+01 -1.167545e-03
