8.018239e-03 9 4.873513e+03
1.659868e-02 64 6.960318e+03
2.586446e-02 157 6.377058e+03
3.529679e-02 292 5.227309e+03
4.513097e-02 529 4.160208e+03
5.555287e-02 820 3.416858e+03
6.539610e-02 1000 3.198730e+03
7.523297e-02 1483 2.682741e+03
8.527687e-02 1792 2.255173e+03
9.513029e-02 2293 1.905593e+03
1.052419e-01 2848 1.580825e+03
1.151206e-01 3232 1.431343e+03
1.250948e-01 4077 1.356619e+03
1.351559e-01 4552 1.225279e+03
1.451184e-01 5377 1.074063e+03
1.550677e-01 5974 9.319145e+02
1.650359e-01 6976 8.466937e+02
1.750550e-01 7717 7.899816e+02
1.850940e-01 8776 7.231199e+02
1.950993e-01 9553 6.666067e+02
2.050639e-01 10660 6.190474e+02
2.150232e-01 11608 5.647051e+02
2.250206e-01 12937 5.285183e+02
2.351002e-01 14062 4.886158e+02
2.450739e-01 15105 4.542866e+02
2.550522e-01 16492 4.340182e+02
2.650604e-01 17821 4.094119e+02
2.750125e-01 18940 3.848189e+02
2.850269e-01 20836 3.598159e+02
2.950518e-01 21949 3.375467e+02
3.050599e-01 23656 3.207761e+02
3.149891e-01 24727 3.079095e+02
3.250379e-01 27400 2.948354e+02
3.350922e-01 28096 2.782426e+02
3.450584e-01 30337 2.653619e+02
3.550604e-01 31696 2.545633e+02
3.650295e-01 33849 2.424368e+02
3.750722e-01 35800 2.337562e+02
3.850647e-01 37348 2.232202e+02
3.950397e-01 39535 2.145882e+02
4.050307e-01 41452 2.059464e+02
4.150177e-01 43669 1.987034e+02
4.250356e-01 45832 1.921820e+02
4.350008e-01 47524 1.862205e+02
4.450186e-01 50761 1.787438e+02
4.550579e-01 52264 1.729513e+02
4.650571e-01 54973 1.664455e+02
4.750553e-01 56890 1.619219e+02
4.849982e-01 59233 1.558792e+02
4.949997e-01 62460 1.513003e+02
5.050400e-01 64660 1.458347e+02
5.150365e-01 67105 1.428262e+02
5.250511e-01 70108 1.376992e+02
5.350611e-01 72421 1.343943e+02
5.450809e-01 75628 1.306770e+02
5.550666e-01 77374 1.270030e+02
5.650248e-01 80965 1.234681e+02
5.750209e-01 83536 1.216779e+02
5.849943e-01 86509 1.183980e+02
5.950118e-01 90088 1.149453e+02
6.050243e-01 92524 1.128021e+02
6.150021e-01 95685 1.100189e+02
6.250268e-01 99460 1.075212e+02
6.350319e-01 101791 1.048902e+02
6.450443e-01 105940 1.021241e+02
6.550363e-01 108040 1.000498e+02
6.650248e-01 112417 9.833073e+01
6.749918e-01 114172 9.601623e+01
6.849838e-01 119989 9.438010e+01
6.950359e-01 122428 9.208217e+01
7.050021e-01 125049 9.061740e+01
7.150185e-01 130682 8.906236e+01
7.250500e-01 132820 8.637343e+01
7.350461e-01 137169 8.536153e+01
7.450354e-01 139912 8.358353e+01
7.550326e-01 145021 8.212650e+01
7.650453e-01 148000 8.067138e+01
7.750260e-01 151840 7.930766e+01
7.849916e-01 155365 7.752972e+01
7.950130e-01 161410 7.636636e+01
8.050563e-01 164341 7.505889e+01
8.150452e-01 167704 7.369820e+01
8.250456e-01 172960 7.251257e+01
8.350307e-01 175597 7.136491e+01
8.450225e-01 181552 7.042065e+01
8.550387e-01 185185 6.927670e+01
8.650410e-01 189576 6.841571e+01
8.750145e-01 192850 6.701725e+01
8.849866e-01 198481 6.624293e+01
8.950163e-01 203908 6.555129e+01
9.050183e-01 206677 6.424465e+01
9.150119e-01 212440 6.336357e+01
9.250146e-01 216544 6.264884e+01
9.350152e-01 221725 6.185144e+01
9.450189e-01 226024 6.114490e+01
9.550021e-01 230515 6.011429e+01
9.650081e-01 236548 5.899347e+01
9.750165e-01 240697 5.847653e+01
9.850258e-01 246264 5.792452e+01
9.950310e-01 250480 5.721355e+01
