8.018239e-03 9 3.590816e+03
1.659868e-02 64 8.499696e+03
2.586446e-02 157 6.815137e+03
3.529679e-02 292 5.226083e+03
4.513097e-02 529 4.310234e+03
5.555287e-02 820 3.569454e+03
6.539610e-02 1000 3.079324e+03
7.523297e-02 1483 2.852584e+03
8.527687e-02 1792 2.332999e+03
9.513029e-02 2293 1.877955e+03
1.052419e-01 2848 1.648141e+03
1.151206e-01 3232 1.417996e+03
1.250948e-01 4077 1.318978e+03
1.351559e-01 4552 1.186806e+03
1.451184e-01 5377 1.079022e+03
1.550677e-01 5974 9.537902e+02
1.650359e-01 6976 8.230212e+02
1.750550e-01 7717 7.664338e+02
1.850940e-01 8776 7.273405e+02
1.950993e-01 9553 6.793795e+02
2.050639e-01 10660 6.243300e+02
2.150232e-01 11608 5.729752e+02
2.250206e-01 12937 5.202859e+02
2.351002e-01 14062 4.867920e+02
2.450739e-01 15105 4.582159e+02
2.550522e-01 16492 4.287105e+02
2.650604e-01 17821 4.060914e+02
2.750125e-01 18940 3.814120e+02
2.850269e-01 20836 3.627972e+02
2.950518e-01 21949 3.441464e+02
3.050599e-01 23656 3.244391e+02
3.149891e-01 24727 3.066683e+02
3.250379e-01 27400 2.901466e+02
3.350922e-01 28096 2.802904e+02
3.450584e-01 30337 2.661865e+02
3.550604e-01 31696 2.513937e+02
3.650295e-01 33849 2.408656e+02
3.750722e-01 35800 2.337737e+02
3.850647e-01 37348 2.257580e+02
3.950397e-01 39535 2.137874e+02
4.050307e-01 41452 2.080227e+02
4.150177e-01 43669 2.007066e+02
4.250356e-01 45832 1.915560e+02
4.350008e-01 47524 1.846348e+02
4.450186e-01 50761 1.785058e+02
4.550579e-01 52264 1.721138e+02
4.650571e-01 54973 1.671656e+02
4.750553e-01 56890 1.616826e+02
4.849982e-01 59233 1.567641e+02
4.949997e-01 62460 1.519487e+02
5.050400e-01 64660 1.468511e+02
5.150365e-01 67105 1.438249e+02
5.250511e-01 70108 1.387144e+02
5.350611e-01 72421 1.340757e+02
5.450809e-01 75628 1.307939e+02
5.550666e-01 77374 1.273789e+02
5.650248e-01 80965 1.243609e+02
5.750209e-01 83536 1.217953e+02
5.849943e-01 86509 1.188378e+02
5.950118e-01 90088 1.147736e+02
6.050243e-01 92524 1.126745e+02
6.150021e-01 95685 1.104134e+02
6.250268e-01 99460 1.067239e+02
6.350319e-01 101791 1.048625e+02
6.450443e-01 105940 1.027312e+02
6.550363e-01 108040 1.003386e+02
6.650248e-01 112417 9.825571e+01
6.749918e-01 114172 9.620786e+01
6.849838e-01 119989 9.470466e+01
6.950359e-01 122428 9.186078e+01
7.050021e-01 125049 9.066306e+01
7.150185e-01 130682 8.866539e+01
7.250500e-01 132820 8.670157e+01
7.350461e-01 137169 8.551176e+01
7.450354e-01 139912 8.371246e+01
7.550326e-01 145021 8.189661e+01
7.650453e-01 148000 8.024042e+01
7.750260e-01 151840 7.908121e+01
7.849916e-01 155365 7.769576e+01
7.950130e-01 161410 7.661442e+01
8.050563e-01 164341 7.496487e+01
8.150452e-01 167704 7.416429e+01
8.250456e-01 172960 7.281238e+01
8.350307e-01 175597 7.138325e+01
8.450225e-01 181552 7.069208e+01
8.550387e-01 185185 6.950708e+01
8.650410e-01 189576 6.843639e+01
8.750145e-01 192850 6.752338e+01
8.849866e-01 198481 6.639172e+01
8.950163e-01 203908 6.535648e+01
9.050183e-01 206677 6.453374e+01
9.150119e-01 212440 6.358730e+01
9.250146e-01 216544 6.274405e+01
9.350152e-01 221725 6.204533e+01
9.450189e-01 226024 6.095012e+01
9.550021e-01 230515 6.018765e+01
9.650081e-01 236548 5.925614e+01
9.750165e-01 240697 5.893471e+01
9.850258e-01 246264 5.797367e+01
9.950310e-01 250480 5.706453e+01
