8.018239e-03 9 6.793382e+03
1.659868e-02 64 8.327738e+03
2.586446e-02 157 6.687882e+03
3.529679e-02 292 6.015496e+03
4.513097e-02 529 4.479419e+03
5.555287e-02 820 3.855212e+03
6.539610e-02 1000 3.233106e+03
7.523297e-02 1483 2.588421e+03
8.527687e-02 1792 2.380255e+03
9.513029e-02 2293 1.918659e+03
1.052419e-01 2848 1.620005e+03
1.151206e-01 3232 1.436568e+03
1.250948e-01 4077 1.323689e+03
1.351559e-01 4552 1.216375e+03
1.451184e-01 5377 1.058123e+03
1.550677e-01 5974 9.410201e+02
1.650359e-01 6976 8.311768e+02
1.750550e-01 7717 7.771186e+02
1.850940e-01 8776 7.347512e+02
1.950993e-01 9553 6.921635e+02
2.050639e-01 10660 6.246539e+02
2.150232e-01 11608 5.687273e+02
2.250206e-01 12937 5.255378e+02
2.351002e-01 14062 4.891880e+02
2.450739e-01 15105 4.640999e+02
2.550522e-01 16492 4.361223e+02
2.650604e-01 17821 4.029653e+02
2.750125e-01 18940 3.810647e+02
2.850269e-01 20836 3.608312e+02
2.950518e-01 21949 3.436467e+02
3.050599e-01 23656 3.193596e+02
3.149891e-01 24727 3.101935e+02
3.250379e-01 27400 2.911609e+02
3.350922e-01 28096 2.791822e+02
3.450584e-01 30337 2.659592e+02
3.550604e-01 31696 2.542417e+02
3.650295e-01 33849 2.404738e+02
3.750722e-01 35800 2.337906e+02
3.850647e-01 37348 2.240701e+02
3.950397e-01 39535 2.180118e+02
4.050307e-01 41452 2.078873e+02
4.150177e-01 43669 1.982499e+02
4.250356e-01 45832 1.913644e+02
4.350008e-01 47524 1.854292e+02
4.450186e-01 50761 1.786341e+02
4.550579e-01 52264 1.732276e+02
4.650571e-01 54973 1.680047e+02
4.750553e-01 56890 1.624553e+02
4.849982e-01 59233 1.566119e+02
4.949997e-01 62460 1.537775e+02
5.050400e-01 64660 1.473539e+02
5.150365e-01 67105 1.433036e+02
5.250511e-01 70108 1.394644e+02
5.350611e-01 72421 1.351688e+02
5.450809e-01 75628 1.308249e+02
5.550666e-01 77374 1.287299e+02
5.650248e-01 80965 1.251356e+02
5.750209e-01 83536 1.215561e+02
5.849943e-01 86509 1.181911e+02
5.950118e-01 90088 1.156921e+02
6.050243e-01 92524 1.129166e+02
6.150021e-01 95685 1.104212e+02
6.250268e-01 99460 1.075864e+02
6.350319e-01 101791 1.056397e+02
6.450443e-01 105940 1.027404e+02
6.550363e-01 108040 9.996581e+01
6.650248e-01 112417 9.873386e+01
6.749918e-01 114172 9.595291e+01
6.849838e-01 119989 9.434097e+01
6.950359e-01 122428 9.230520e+01
7.050021e-01 125049 9.077010e+01
7.150185e-01 130682 8.971243e+01
7.250500e-01 132820 8.782885e+01
7.350461e-01 137169 8.600523e+01
7.450354e-01 139912 8.420692e+01
7.550326e-01 145021 8.242288e+01
7.650453e-01 148000 8.058853e+01
7.750260e-01 151840 7.987553e+01
7.849916e-01 155365 7.807787e+01
7.950130e-01 161410 7.725796e+01
8.050563e-01 164341 7.548959e+01
8.150452e-01 167704 7.428526e+01
8.250456e-01 172960 7.290968e+01
8.350307e-01 175597 7.168677e+01
8.450225e-01 181552 7.084229e+01
8.550387e-01 185185 6.954211e+01
8.650410e-01 189576 6.841476e+01
8.750145e-01 192850 6.763928e+01
8.849866e-01 198481 6.631433e+01
8.950163e-01 203908 6.580289e+01
9.050183e-01 206677 6.478941e+01
9.150119e-01 212440 6.380077e+01
9.250146e-01 216544 6.273609e+01
9.350152e-01 221725 6.213809e+01
9.450189e-01 226024 6.131248e+01
9.550021e-01 230515 6.014296e+01
9.650081e-01 236548 5.966959e+01
9.750165e-01 240697 5.860168e+01
9.850258e-01 246264 5.810892e+01
9.950310e-01 250480 5.733558e+01
