8.018239e-03 9 8.027161e+03
1.659868e-02 64 8.607465e+03
2.586446e-02 157 7.070305e+03
3.529679e-02 292 5.334651e+03
4.513097e-02 529 4.282999e+03
5.555287e-02 820 3.469057e+03
6.539610e-02 1000 3.227817e+03
7.523297e-02 1483 2.826264e+03
8.527687e-02 1792 2.253724e+03
9.513029e-02 2293 1.916282e+03
1.052419e-01 2848 1.591233e+03
1.151206e-01 3232 1.427766e+03
1.250948e-01 4077 1.358148e+03
1.351559e-01 4552 1.223481e+03
1.451184e-01 5377 1.082382e+03
1.550677e-01 5974 9.480522e+02
1.650359e-01 6976 8.432055e+02
1.750550e-01 7717 7.718497e+02
1.850940e-01 8776 7.184830e+02
1.950993e-01 9553 6.638638e+02
2.050639e-01 10660 6.240270e+02
2.150232e-01 11608 5.717202e+02
2.250206e-01 12937 5.200461e+02
2.351002e-01 14062 4.966595e+02
2.450739e-01 15105 4.572752e+02
2.550522e-01 16492 4.323713e+02
2.650604e-01 17821 4.136991e+02
2.750125e-01 18940 3.797674e+02
2.850269e-01 20836 3.576556e+02
2.950518e-01 21949 3.447841e+02
3.050599e-01 23656 3.224836e+02
3.149891e-01 24727 3.076755e+02
3.250379e-01 27400 2.916073e+02
3.350922e-01 28096 2.790109e+02
3.450584e-01 30337 2.629460e+02
3.550604e-01 31696 2.531153e+02
3.650295e-01 33849 2.430392e+02
3.750722e-01 35800 2.336383e+02
3.850647e-01 37348 2.219860e+02
3.950397e-01 39535 2.140180e+02
4.050307e-01 41452 2.068043e+02
4.150177e-01 43669 1.980845e+02
4.250356e-01 45832 1.911397e+02
4.350008e-01 47524 1.835870e+02
4.450186e-01 50761 1.765988e+02
4.550579e-01 52264 1.722112e+02
4.650571e-01 54973 1.658833e+02
4.750553e-01 56890 1.610538e+02
4.849982e-01 59233 1.568437e+02
4.949997e-01 62460 1.514574e+02
5.050400e-01 64660 1.473869e+02
5.150365e-01 67105 1.427357e+02
5.250511e-01 70108 1.381720e+02
5.350611e-01 72421 1.340338e+02
5.450809e-01 75628 1.307517e+02
5.550666e-01 77374 1.270576e+02
5.650248e-01 80965 1.241252e+02
5.750209e-01 83536 1.209689e+02
5.849943e-01 86509 1.176681e+02
5.950118e-01 90088 1.152874e+02
6.050243e-01 92524 1.120392e+02
6.150021e-01 95685 1.092071e+02
6.250268e-01 99460 1.070614e+02
6.350319e-01 101791 1.044296e+02
6.450443e-01 105940 1.026496e+02
6.550363e-01 108040 1.000806e+02
6.650248e-01 112417 9.765838e+01
6.749918e-01 114172 9.616049e+01
6.849838e-01 119989 9.424335e+01
6.950359e-01 122428 9.224017e+01
7.050021e-01 125049 8.947470e+01
7.150185e-01 130682 8.798194e+01
7.250500e-01 132820 8.617015e+01
7.350461e-01 137169 8.516798e+01
7.450354e-01 139912 8.358158e+01
7.550326e-01 145021 8.225378e+01
7.650453e-01 148000 8.016132e+01
7.750260e-01 151840 7.936121e+01
7.849916e-01 155365 7.735912e+01
7.950130e-01 161410 7.604474e+01
8.050563e-01 164341 7.489876e+01
8.150452e-01 167704 7.357659e+01
8.250456e-01 172960 7.250248e+01
8.350307e-01 175597 7.124827e+01
8.450225e-01 181552 6.991320e+01
8.550387e-01 185185 6.882664e+01
8.650410e-01 189576 6.784686e+01
8.750145e-01 192850 6.744186e+01
8.849866e-01 198481 6.615573e+01
8.950163e-01 203908 6.504845e+01
9.050183e-01 206677 6.434453e+01
9.150119e-01 212440 6.334652e+01
9.250146e-01 216544 6.225741e+01
9.350152e-01 221725 6.153980e+01
9.450189e-01 226024 6.082529e+01
9.550021e-01 230515 6.001832e+01
9.650081e-01 236548 5.910805e+01
9.750165e-01 240697 5.838205e+01
9.850258e-01 246264 5.734612e+01
9.950310e-01 250480 5.676471e+01
