# sigma2_v 1.133832572887573e+01
# aH 8e+01
0.000000e+00 1.000000e+00
1.000000e-02 9.994333e-01
2.000000e-02 9.977350e-01
3.000000e-02 9.949113e-01
4.000000e-02 9.909721e-01
5.000000e-02 9.859313e-01
6.000000e-02 9.798066e-01
7.000000e-02 9.726194e-01
8.000000e-02 9.643948e-01
9.000000e-02 9.551611e-01
1.000000e-01 9.449499e-01
1.100000e-01 9.337961e-01
1.200000e-01 9.217373e-01
1.300000e-01 9.088135e-01
1.400000e-01 8.950676e-01
1.500000e-01 8.805442e-01
1.600000e-01 8.652900e-01
1.700000e-01 8.493534e-01
1.800000e-01 8.327840e-01
1.900000e-01 8.156329e-01
2.000000e-01 7.979515e-01
2.100000e-01 7.797924e-01
2.200000e-01 7.612080e-01
2.300000e-01 7.422512e-01
2.400000e-01 7.229745e-01
2.500000e-01 7.034301e-01
2.600000e-01 6.836695e-01
2.700000e-01 6.637434e-01
2.800000e-01 6.437014e-01
2.900000e-01 6.235920e-01
3.000000e-01 6.034621e-01
3.100000e-01 5.833570e-01
3.200000e-01 5.633205e-01
3.300000e-01 5.433943e-01
3.400000e-01 5.236182e-01
3.500000e-01 5.040299e-01
3.600000e-01 4.846650e-01
3.700000e-01 4.655566e-01
3.800000e-01 4.467360e-01
3.900000e-01 4.282316e-01
4.000000e-01 4.100700e-01
4.100000e-01 3.922751e-01
4.200000e-01 3.748685e-01
4.300000e-01 3.578697e-01
4.400000e-01 3.412956e-01
4.500000e-01 3.251610e-01
4.600000e-01 3.094786e-01
4.700000e-01 2.942589e-01
4.800000e-01 2.795103e-01
4.900000e-01 2.652393e-01
5.000000e-01 2.514504e-01
5.100000e-01 2.381463e-01
5.200000e-01 2.253282e-01
5.300000e-01 2.129955e-01
5.400000e-01 2.011460e-01
5.500000e-01 1.897764e-01
5.600000e-01 1.788818e-01
5.700000e-01 1.684562e-01
5.800000e-01 1.584926e-01
5.900000e-01 1.489826e-01
6.000000e-01 1.399175e-01
6.100000e-01 1.312873e-01
6.200000e-01 1.230814e-01
6.300000e-01 1.152888e-01
6.400000e-01 1.078976e-01
6.500000e-01 1.008957e-01
6.600000e-01 9.427066e-02
6.700000e-01 8.800958e-02
6.800000e-01 8.209944e-02
6.900000e-01 7.652706e-02
7.000000e-01 7.127918e-02
7.100000e-01 6.634250e-02
7.200000e-01 6.170380e-02
7.300000e-01 5.734989e-02
7.400000e-01 5.326776e-02
7.500000e-01 4.944455e-02
7.600000e-01 4.586765e-02
7.700000e-01 4.252466e-02
7.800000e-01 3.940349e-02
7.900000e-01 3.649236e-02
8.000000e-01 3.377979e-02
8.100000e-01 3.125470e-02
8.200000e-01 2.890633e-02
8.300000e-01 2.672434e-02
8.400000e-01 2.469874e-02
8.500000e-01 2.281998e-02
8.600000e-01 2.107888e-02
8.700000e-01 1.946669e-02
8.800000e-01 1.797505e-02
8.900000e-01 1.659601e-02
9.000000e-01 1.532203e-02
9.100000e-01 1.414596e-02
9.200000e-01 1.306104e-02
9.300000e-01 1.206091e-02
9.400000e-01 1.113957e-02
9.500000e-01 1.029140e-02
9.600000e-01 9.511106e-03
9.700000e-01 8.793766e-03
9.800000e-01 8.134772e-03
9.900000e-01 7.529833e-03
1.000000e+00 6.974957e-03
1.010000e+00 6.466436e-03
1.020000e+00 6.000833e-03
1.030000e+00 5.574960e-03
1.040000e+00 5.185870e-03
1.050000e+00 4.830836e-03
1.060000e+00 4.507336e-03
1.070000e+00 4.213041e-03
1.080000e+00 3.945797e-03
1.090000e+00 3.703613e-03
1.100000e+00 3.484650e-03
1.110000e+00 3.287204e-03
1.120000e+00 3.109700e-03
1.130000e+00 2.950678e-03
1.140000e+00 2.808785e-03
1.150000e+00 2.682766e-03
1.160000e+00 2.571455e-03
1.170000e+00 2.473770e-03
1.180000e+00 2.388705e-03
1.190000e+00 2.315322e-03
1.200000e+00 2.252751e-03
1.210000e+00 2.200176e-03
1.220000e+00 2.156838e-03
1.230000e+00 2.122025e-03
1.240000e+00 2.095070e-03
1.250000e+00 2.075345e-03
1.260000e+00 2.062256e-03
1.270000e+00 2.055241e-03
1.280000e+00 2.053766e-03
1.290000e+00 2.057318e-03
1.300000e+00 2.065407e-03
1.310000e+00 2.077556e-03
1.320000e+00 2.093309e-03
1.330000e+00 2.112217e-03
1.340000e+00 2.133849e-03
1.350000e+00 2.157780e-03
1.360000e+00 2.183600e-03
1.370000e+00 2.210909e-03
1.380000e+00 2.239320e-03
1.390000e+00 2.268462e-03
1.400000e+00 2.297978e-03
1.410000e+00 2.327530e-03
1.420000e+00 2.356800e-03
1.430000e+00 2.385493e-03
1.440000e+00 2.413338e-03
1.450000e+00 2.440090e-03
1.460000e+00 2.465532e-03
1.470000e+00 2.489478e-03
1.480000e+00 2.511769e-03
1.490000e+00 2.532277e-03
1.500000e+00 2.550904e-03
1.510000e+00 2.567579e-03
1.520000e+00 2.582262e-03
1.530000e+00 2.594934e-03
1.540000e+00 2.605605e-03
1.550000e+00 2.614303e-03
1.560000e+00 2.621078e-03
1.570000e+00 2.625997e-03
1.580000e+00 2.629142e-03
1.590000e+00 2.630608e-03
1.600000e+00 2.630502e-03
1.610000e+00 2.628941e-03
1.620000e+00 2.626050e-03
1.630000e+00 2.621962e-03
1.640000e+00 2.616817e-03
1.650000e+00 2.610760e-03
1.660000e+00 2.603942e-03
1.670000e+00 2.596519e-03
1.680000e+00 2.588652e-03
1.690000e+00 2.580505e-03
1.700000e+00 2.572245e-03
1.710000e+00 2.564040e-03
1.720000e+00 2.556061e-03
1.730000e+00 2.548475e-03
1.740000e+00 2.541448e-03
1.750000e+00 2.535138e-03
1.760000e+00 2.529698e-03
1.770000e+00 2.525267e-03
1.780000e+00 2.521973e-03
1.790000e+00 2.519925e-03
1.800000e+00 2.519216e-03
1.810000e+00 2.519914e-03
1.820000e+00 2.522065e-03
1.830000e+00 2.525688e-03
1.840000e+00 2.530775e-03
1.850000e+00 2.537291e-03
1.860000e+00 2.545170e-03
1.870000e+00 2.554320e-03
1.880000e+00 2.564623e-03
1.890000e+00 2.575932e-03
1.900000e+00 2.588081e-03
1.910000e+00 2.600878e-03
1.920000e+00 2.614117e-03
1.930000e+00 2.627574e-03
1.940000e+00 2.641013e-03
1.950000e+00 2.654191e-03
1.960000e+00 2.666858e-03
1.970000e+00 2.678759e-03
1.980000e+00 2.689644e-03
1.990000e+00 2.699261e-03
2.000000e+00 2.707365e-03
2.010000e+00 2.713719e-03
2.020000e+00 2.718091e-03
2.030000e+00 2.720262e-03
2.040000e+00 2.720023e-03
2.050000e+00 2.717176e-03
2.060000e+00 2.711537e-03
2.070000e+00 2.702933e-03
2.080000e+00 2.691205e-03
2.090000e+00 2.676208e-03
2.100000e+00 2.657811e-03
2.110000e+00 2.635896e-03
2.120000e+00 2.610361e-03
2.130000e+00 2.581118e-03
2.140000e+00 2.548095e-03
2.150000e+00 2.511233e-03
2.160000e+00 2.470492e-03
2.170000e+00 2.425845e-03
2.180000e+00 2.377282e-03
2.190000e+00 2.324809e-03
2.200000e+00 2.268447e-03
2.210000e+00 2.208235e-03
2.220000e+00 2.144225e-03
2.230000e+00 2.076483e-03
2.240000e+00 2.005093e-03
2.250000e+00 1.930150e-03
2.260000e+00 1.851762e-03
2.270000e+00 1.770053e-03
2.280000e+00 1.685155e-03
2.290000e+00 1.597216e-03
2.300000e+00 1.506392e-03
2.310000e+00 1.412854e-03
2.320000e+00 1.316784e-03
2.330000e+00 1.218373e-03
2.340000e+00 1.117828e-03
2.350000e+00 1.015367e-03
2.360000e+00 9.112211e-04
2.370000e+00 8.056348e-04
2.380000e+00 6.988669e-04
2.390000e+00 5.911898e-04
2.400000e+00 4.828900e-04
2.410000e+00 3.742674e-04
2.420000e+00 2.656345e-04
2.430000e+00 1.573156e-04
2.440000e+00 4.964478e-05
2.450000e+00 -5.703565e-05
2.460000e+00 -1.623779e-04
2.470000e+00 -2.660313e-04
2.480000e+00 -3.676453e-04
2.490000e+00 -4.668729e-04
2.500000e+00 -5.633741e-04
2.510000e+00 -6.568189e-04
2.520000e+00 -7.468913e-04
2.530000e+00 -8.332919e-04
2.540000e+00 -9.157410e-04
2.550000e+00 -9.939808e-04
2.560000e+00 -1.067778e-03
2.570000e+00 -1.136924e-03
2.580000e+00 -1.201236e-03
2.590000e+00 -1.260561e-03
2.600000e+00 -1.314769e-03
2.610000e+00 -1.363758e-03
2.620000e+00 -1.407449e-03
2.630000e+00 -1.445788e-03
2.640000e+00 -1.478740e-03
2.650000e+00 -1.506293e-03
2.660000e+00 -1.528451e-03
2.670000e+00 -1.545234e-03
2.680000e+00 -1.556675e-03
2.690000e+00 -1.562824e-03
2.700000e+00 -1.563739e-03
2.710000e+00 -1.559491e-03
2.720000e+00 -1.550160e-03
2.730000e+00 -1.535839e-03
2.740000e+00 -1.516630e-03
2.750000e+00 -1.492647e-03
2.760000e+00 -1.464016e-03
2.770000e+00 -1.430873e-03
2.780000e+00 -1.393372e-03
2.790000e+00 -1.351677e-03
2.800000e+00 -1.305970e-03
2.810000e+00 -1.256445e-03
2.820000e+00 -1.203314e-03
2.830000e+00 -1.146804e-03
2.840000e+00 -1.087156e-03
2.850000e+00 -1.024625e-03
2.860000e+00 -9.594802e-04
2.870000e+00 -8.920037e-04
2.880000e+00 -8.224875e-04
2.890000e+00 -7.512330e-04
2.900000e+00 -6.785500e-04
2.910000e+00 -6.047544e-04
2.920000e+00 -5.301669e-04
2.930000e+00 -4.551119e-04
2.940000e+00 -3.799160e-04
2.950000e+00 -3.049065e-04
2.960000e+00 -2.304114e-04
2.970000e+00 -1.567573e-04
2.980000e+00 -8.426978e-05
2.990000e+00 -1.327188e-05
3.000000e+00 5.591621e-05
3.010000e+00 1.229781e-04
3.020000e+00 1.876019e-04
3.030000e+00 2.494818e-04
3.040000e+00 3.083185e-04
3.050000e+00 3.638219e-04
3.060000e+00 4.157119e-04
3.070000e+00 4.637214e-04
3.080000e+00 5.075982e-04
3.090000e+00 5.471078e-04
3.100000e+00 5.820362e-04
3.110000e+00 6.121928e-04
3.120000e+00 6.374129e-04
3.130000e+00 6.575613e-04
3.140000e+00 6.725338e-04
3.150000e+00 6.822604e-04
3.160000e+00 6.867064e-04
3.170000e+00 6.858741e-04
3.180000e+00 6.798039e-04
3.190000e+00 6.685737e-04
3.200000e+00 6.522996e-04
3.210000e+00 6.311339e-04
3.220000e+00 6.052644e-04
3.230000e+00 5.749120e-04
3.240000e+00 5.403281e-04
3.250000e+00 5.017921e-04
3.260000e+00 4.596080e-04
3.270000e+00 4.141012e-04
3.280000e+00 3.656155e-04
3.290000e+00 3.145090e-04
3.300000e+00 2.611518e-04
3.310000e+00 2.059223e-04
3.320000e+00 1.492047e-04
3.330000e+00 9.138619e-05
3.340000e+00 3.285484e-05
3.350000e+00 -2.600262e-05
3.360000e+00 -8.480264e-05
3.370000e+00 -1.431666e-04
3.380000e+00 -2.007222e-04
3.390000e+00 -2.571052e-04
3.400000e+00 -3.119609e-04
3.410000e+00 -3.649455e-04
3.420000e+00 -4.157277e-04
3.430000e+00 -4.639904e-04
3.440000e+00 -5.094329e-04
3.450000e+00 -5.517720e-04
3.460000e+00 -5.907450e-04
3.470000e+00 -6.261108e-04
3.480000e+00 -6.576525e-04
3.490000e+00 -6.851793e-04
3.500000e+00 -7.085283e-04
3.510000e+00 -7.275657e-04
3.520000e+00 -7.421889e-04
3.530000e+00 -7.523270e-04
3.540000e+00 -7.579413e-04
3.550000e+00 -7.590257e-04
3.560000e+00 -7.556064e-04
3.570000e+00 -7.477408e-04
3.580000e+00 -7.355170e-04
3.590000e+00 -7.190513e-04
3.600000e+00 -6.984872e-04
3.610000e+00 -6.739926e-04
3.620000e+00 -6.457577e-04
3.630000e+00 -6.139925e-04
3.640000e+00 -5.789246e-04
3.650000e+00 -5.407963e-04
3.660000e+00 -4.998627e-04
3.670000e+00 -4.563898e-04
3.680000e+00 -4.106521e-04
3.690000e+00 -3.629319e-04
3.700000e+00 -3.135173e-04
3.710000e+00 -2.627014e-04
3.720000e+00 -2.107819e-04
3.730000e+00 -1.580597e-04
3.740000e+00 -1.048390e-04
3.750000e+00 -5.142657e-05
3.760000e+00 1.868963e-06
3.770000e+00 5.473744e-05
3.780000e+00 1.068682e-04
3.790000e+00 1.579508e-04
3.800000e+00 2.076769e-04
3.810000e+00 2.557409e-04
3.820000e+00 3.018424e-04
3.830000e+00 3.456883e-04
3.840000e+00 3.869943e-04
3.850000e+00 4.254883e-04
3.860000e+00 4.609121e-04
3.870000e+00 4.930246e-04
3.880000e+00 5.216037e-04
3.890000e+00 5.464492e-04
3.900000e+00 5.673850e-04
3.910000e+00 5.842607e-04
3.920000e+00 5.969536e-04
3.930000e+00 6.053700e-04
3.940000e+00 6.094463e-04
3.950000e+00 6.091495e-04
3.960000e+00 6.044778e-04
3.970000e+00 5.954604e-04
3.980000e+00 5.821576e-04
3.990000e+00 5.646600e-04
4.000000e+00 5.430878e-04
4.010000e+00 5.175905e-04
4.020000e+00 4.883454e-04
4.030000e+00 4.555567e-04
4.040000e+00 4.194547e-04
4.050000e+00 3.802944e-04
4.060000e+00 3.383542e-04
4.070000e+00 2.939350e-04
4.080000e+00 2.473582e-04
4.090000e+00 1.989645e-04
4.100000e+00 1.491119e-04
4.110000e+00 9.817409e-05
4.120000e+00 4.653755e-05
4.130000e+00 -5.400563e-06
4.140000e+00 -5.723554e-05
4.150000e+00 -1.085584e-04
4.160000e+00 -1.589593e-04
4.170000e+00 -2.080317e-04
4.180000e+00 -2.553761e-04
4.190000e+00 -3.006046e-04
4.200000e+00 -3.433453e-04
4.210000e+00 -3.832465e-04
4.220000e+00 -4.199808e-04
4.230000e+00 -4.532495e-04
4.240000e+00 -4.827863e-04
4.250000e+00 -5.083600e-04
4.260000e+00 -5.297780e-04
4.270000e+00 -5.468878e-04
4.280000e+00 -5.595791e-04
4.290000e+00 -5.677842e-04
4.300000e+00 -5.714780e-04
4.310000e+00 -5.706781e-04
4.320000e+00 -5.654429e-04
4.330000e+00 -5.558703e-04
4.340000e+00 -5.420953e-04
4.350000e+00 -5.242873e-04
4.360000e+00 -5.026472e-04
4.370000e+00 -4.774040e-04
4.380000e+00 -4.488118e-04
4.390000e+00 -4.171459e-04
4.400000e+00 -3.827002e-04
4.410000e+00 -3.457834e-04
4.420000e+00 -3.067160e-04
4.430000e+00 -2.658278e-04
4.440000e+00 -2.234548e-04
4.450000e+00 -1.799368e-04
4.460000e+00 -1.356151e-04
4.470000e+00 -9.083018e-05
4.480000e+00 -4.591982e-05
4.490000e+00 -1.216767e-06
4.500000e+00 4.295313e-05
4.510000e+00 8.627294e-05
4.520000e+00 1.284367e-04
4.530000e+00 1.691513e-04
4.540000e+00 2.081387e-04
4.550000e+00 2.451378e-04
4.560000e+00 2.799066e-04
4.570000e+00 3.122236e-04
4.580000e+00 3.418898e-04
4.590000e+00 3.687299e-04
4.600000e+00 3.925938e-04
4.610000e+00 4.133568e-04
4.620000e+00 4.309204e-04
4.630000e+00 4.452119e-04
4.640000e+00 4.561843e-04
4.650000e+00 4.638146e-04
4.660000e+00 4.681031e-04
4.670000e+00 4.690709e-04
4.680000e+00 4.667581e-04
4.690000e+00 4.612214e-04
4.700000e+00 4.525312e-04
4.710000e+00 4.407691e-04
4.720000e+00 4.260252e-04
4.730000e+00 4.083958e-04
4.740000e+00 3.879807e-04
4.750000e+00 3.648820e-04
4.760000e+00 3.392017e-04
4.770000e+00 3.110411e-04
4.780000e+00 2.805000e-04
4.790000e+00 2.476763e-04
4.800000e+00 2.126662e-04
4.810000e+00 1.755649e-04
4.820000e+00 1.364667e-04
4.830000e+00 9.546692e-05
4.840000e+00 5.266184e-05
4.850000e+00 8.150418e-06
4.860000e+00 -3.796514e-05
4.870000e+00 -8.557869e-05
4.880000e+00 -1.345798e-04
4.890000e+00 -1.848538e-04
4.900000e+00 -2.362821e-04
4.910000e+00 -2.887430e-04
4.920000e+00 -3.421129e-04
4.930000e+00 -3.962679e-04
4.940000e+00 -4.510854e-04
4.950000e+00 -5.064464e-04
4.960000e+00 -5.622376e-04
4.970000e+00 -6.183535e-04
4.980000e+00 -6.746985e-04
4.990000e+00 -7.311889e-04
5.000000e+00 -7.877545e-04
5.010000e+00 -8.443400e-04
5.020000e+00 -9.009054e-04
5.030000e+00 -9.574273e-04
5.040000e+00 -1.013898e-03
5.050000e+00 -1.070325e-03
5.060000e+00 -1.126730e-03
5.070000e+00 -1.183151e-03
5.080000e+00 -1.239632e-03
5.090000e+00 -1.296232e-03
5.100000e+00 -1.353015e-03
5.110000e+00 -1.410050e-03
5.120000e+00 -1.467412e-03
5.130000e+00 -1.525175e-03
5.140000e+00 -1.583414e-03
5.150000e+00 -1.642201e-03
5.160000e+00 -1.701606e-03
5.170000e+00 -1.761693e-03
5.180000e+00 -1.822522e-03
5.190000e+00 -1.884144e-03
5.200000e+00 -1.946606e-03
5.210000e+00 -2.009947e-03
5.220000e+00 -2.074198e-03
5.230000e+00 -2.139380e-03
5.240000e+00 -2.205509e-03
5.250000e+00 -2.272590e-03
5.260000e+00 -2.340618e-03
5.270000e+00 -2.409579e-03
5.280000e+00 -2.479446e-03
5.290000e+00 -2.550180e-03
5.300000e+00 -2.621730e-03
5.310000e+00 -2.694030e-03
5.320000e+00 -2.766996e-03
5.330000e+00 -2.840530e-03
5.340000e+00 -2.914515e-03
5.350000e+00 -2.988816e-03
5.360000e+00 -3.063280e-03
5.370000e+00 -3.137735e-03
5.380000e+00 -3.211989e-03
5.390000e+00 -3.285833e-03
5.400000e+00 -3.359043e-03
5.410000e+00 -3.431379e-03
5.420000e+00 -3.502586e-03
5.430000e+00 -3.572400e-03
5.440000e+00 -3.640547e-03
5.450000e+00 -3.706749e-03
5.460000e+00 -3.770722e-03
5.470000e+00 -3.832183e-03
5.480000e+00 -3.890851e-03
5.490000e+00 -3.946448e-03
5.500000e+00 -3.998707e-03
5.510000e+00 -4.047365e-03
5.520000e+00 -4.092175e-03
5.530000e+00 -4.132899e-03
5.540000e+00 -4.169316e-03
5.550000e+00 -4.201218e-03
5.560000e+00 -4.228415e-03
5.570000e+00 -4.250732e-03
5.580000e+00 -4.268013e-03
5.590000e+00 -4.280118e-03
5.600000e+00 -4.286927e-03
5.610000e+00 -4.288337e-03
5.620000e+00 -4.284265e-03
5.630000e+00 -4.274646e-03
5.640000e+00 -4.259436e-03
5.650000e+00 -4.238610e-03
5.660000e+00 -4.212167e-03
5.670000e+00 -4.180124e-03
5.680000e+00 -4.142521e-03
5.690000e+00 -4.099423e-03
5.700000e+00 -4.050914e-03
5.710000e+00 -3.997107e-03
5.720000e+00 -3.938132e-03
5.730000e+00 -3.874148e-03
5.740000e+00 -3.805335e-03
5.750000e+00 -3.731896e-03
5.760000e+00 -3.654055e-03
5.770000e+00 -3.572057e-03
5.780000e+00 -3.486170e-03
5.790000e+00 -3.396676e-03
5.800000e+00 -3.303876e-03
5.810000e+00 -3.208088e-03
5.820000e+00 -3.109641e-03
5.830000e+00 -3.008880e-03
5.840000e+00 -2.906159e-03
5.850000e+00 -2.801842e-03
5.860000e+00 -2.696303e-03
5.870000e+00 -2.589923e-03
5.880000e+00 -2.483089e-03
5.890000e+00 -2.376196e-03
5.900000e+00 -2.269641e-03
5.910000e+00 -2.163829e-03
5.920000e+00 -2.059164e-03
5.930000e+00 -1.956055e-03
5.940000e+00 -1.854911e-03
5.950000e+00 -1.756139e-03
5.960000e+00 -1.660146e-03
5.970000e+00 -1.567332e-03
5.980000e+00 -1.478091e-03
5.990000e+00 -1.392806e-03
6.000000e+00 -1.311848e-03
6.010000e+00 -1.235571e-03
6.020000e+00 -1.164310e-03
6.030000e+00 -1.098377e-03
6.040000e+00 -1.038056e-03
6.050000e+00 -9.836038e-04
6.060000e+00 -9.352417e-04
6.070000e+00 -8.931573e-04
6.080000e+00 -8.575003e-04
6.090000e+00 -8.283812e-04
6.100000e+00 -8.058704e-04
6.110000e+00 -7.899975e-04
6.120000e+00 -7.807518e-04
6.130000e+00 -7.780832e-04
6.140000e+00 -7.819033e-04
6.150000e+00 -7.920871e-04
6.160000e+00 -8.084759e-04
6.170000e+00 -8.308795e-04
6.180000e+00 -8.590787e-04
6.190000e+00 -8.928289e-04
6.200000e+00 -9.318620e-04
6.210000e+00 -9.758899e-04
6.220000e+00 -1.024606e-03
6.230000e+00 -1.077689e-03
6.240000e+00 -1.134803e-03
6.250000e+00 -1.195601e-03
6.260000e+00 -1.259722e-03
6.270000e+00 -1.326798e-03
6.280000e+00 -1.396451e-03
6.290000e+00 -1.468295e-03
6.300000e+00 -1.541933e-03
6.310000e+00 -1.616963e-03
6.320000e+00 -1.692976e-03
6.330000e+00 -1.769558e-03
6.340000e+00 -1.846289e-03
6.350000e+00 -1.922745e-03
6.360000e+00 -1.998506e-03
6.370000e+00 -2.073148e-03
6.380000e+00 -2.146255e-03
6.390000e+00 -2.217418e-03
6.400000e+00 -2.286236e-03
6.410000e+00 -2.352327e-03
6.420000e+00 -2.415324e-03
6.430000e+00 -2.474881e-03
6.440000e+00 -2.530679e-03
6.450000e+00 -2.582425e-03
6.460000e+00 -2.629857e-03
6.470000e+00 -2.672746e-03
6.480000e+00 -2.710897e-03
6.490000e+00 -2.744148e-03
6.500000e+00 -2.772376e-03
6.510000e+00 -2.795490e-03
6.520000e+00 -2.813432e-03
6.530000e+00 -2.826179e-03
6.540000e+00 -2.833736e-03
6.550000e+00 -2.836136e-03
6.560000e+00 -2.833438e-03
6.570000e+00 -2.825720e-03
6.580000e+00 -2.813085e-03
6.590000e+00 -2.795646e-03
6.600000e+00 -2.773535e-03
6.610000e+00 -2.746892e-03
6.620000e+00 -2.715870e-03
6.630000e+00 -2.680625e-03
6.640000e+00 -2.641326e-03
6.650000e+00 -2.598142e-03
6.660000e+00 -2.551250e-03
6.670000e+00 -2.500832e-03
6.680000e+00 -2.447074e-03
6.690000e+00 -2.390169e-03
6.700000e+00 -2.330313e-03
6.710000e+00 -2.267710e-03
6.720000e+00 -2.202570e-03
6.730000e+00 -2.135109e-03
6.740000e+00 -2.065548e-03
6.750000e+00 -1.994118e-03
6.760000e+00 -1.921053e-03
6.770000e+00 -1.846594e-03
6.780000e+00 -1.770987e-03
6.790000e+00 -1.694482e-03
6.800000e+00 -1.617333e-03
6.810000e+00 -1.539794e-03
6.820000e+00 -1.462124e-03
6.830000e+00 -1.384578e-03
6.840000e+00 -1.307412e-03
6.850000e+00 -1.230879e-03
6.860000e+00 -1.155230e-03
6.870000e+00 -1.080712e-03
6.880000e+00 -1.007564e-03
6.890000e+00 -9.360247e-04
6.900000e+00 -8.663218e-04
6.910000e+00 -7.986780e-04
6.920000e+00 -7.333079e-04
6.930000e+00 -6.704174e-04
6.940000e+00 -6.102030e-04
6.950000e+00 -5.528509e-04
6.960000e+00 -4.985358e-04
6.970000e+00 -4.474199e-04
6.980000e+00 -3.996514e-04
6.990000e+00 -3.553635e-04
7.000000e+00 -3.146730e-04
7.010000e+00 -2.776787e-04
7.020000e+00 -2.444600e-04
7.030000e+00 -2.150762e-04
7.040000e+00 -1.895648e-04
7.050000e+00 -1.679412e-04
7.060000e+00 -1.501977e-04
7.070000e+00 -1.363034e-04
7.080000e+00 -1.262041e-04
7.090000e+00 -1.198231e-04
7.100000e+00 -1.170611e-04
7.110000e+00 -1.177982e-04
7.120000e+00 -1.218944e-04
7.130000e+00 -1.291917e-04
7.140000e+00 -1.395158e-04
7.150000e+00 -1.526777e-04
7.160000e+00 -1.684760e-04
7.170000e+00 -1.866988e-04
7.180000e+00 -2.071255e-04
7.190000e+00 -2.295288e-04
7.200000e+00 -2.536765e-04
7.210000e+00 -2.793326e-04
7.220000e+00 -3.062592e-04
7.230000e+00 -3.342173e-04
7.240000e+00 -3.629681e-04
7.250000e+00 -3.922739e-04
7.260000e+00 -4.218989e-04
7.270000e+00 -4.516102e-04
7.280000e+00 -4.811783e-04
7.290000e+00 -5.103788e-04
7.300000e+00 -5.389924e-04
7.310000e+00 -5.668071e-04
7.320000e+00 -5.936189e-04
7.330000e+00 -6.192335e-04
7.340000e+00 -6.434677e-04
7.350000e+00 -6.661517e-04
7.360000e+00 -6.871303e-04
7.370000e+00 -7.062646e-04
7.380000e+00 -7.234343e-04
7.390000e+00 -7.385386e-04
7.400000e+00 -7.514977e-04
7.410000e+00 -7.622540e-04
7.420000e+00 -7.707719e-04
7.430000e+00 -7.770389e-04
7.440000e+00 -7.810645e-04
7.450000e+00 -7.828798e-04
7.460000e+00 -7.825359e-04
7.470000e+00 -7.801025e-04
7.480000e+00 -7.756655e-04
7.490000e+00 -7.693244e-04
7.500000e+00 -7.611899e-04
7.510000e+00 -7.513812e-04
7.520000e+00 -7.400226e-04
7.530000e+00 -7.272413e-04
7.540000e+00 -7.131644e-04
7.550000e+00 -6.979168e-04
7.560000e+00 -6.816193e-04
7.570000e+00 -6.643868e-04
7.580000e+00 -6.463276e-04
7.590000e+00 -6.275421e-04
7.600000e+00 -6.081231e-04
7.610000e+00 -5.881558e-04
7.620000e+00 -5.677180e-04
7.630000e+00 -5.468812e-04
7.640000e+00 -5.257114e-04
7.650000e+00 -5.042697e-04
7.660000e+00 -4.826140e-04
7.670000e+00 -4.607989e-04
7.680000e+00 -4.388774e-04
7.690000e+00 -4.169005e-04
7.700000e+00 -3.949179e-04
7.710000e+00 -3.729779e-04
7.720000e+00 -3.511265e-04
7.730000e+00 -3.294078e-04
7.740000e+00 -3.078623e-04
7.750000e+00 -2.865264e-04
7.760000e+00 -2.654317e-04
7.770000e+00 -2.446035e-04
7.780000e+00 -2.240608e-04
7.790000e+00 -2.038152e-04
7.800000e+00 -1.838707e-04
7.810000e+00 -1.642242e-04
7.820000e+00 -1.448653e-04
7.830000e+00 -1.257777e-04
7.840000e+00 -1.069401e-04
7.850000e+00 -8.832744e-05
7.860000e+00 -6.991308e-05
7.870000e+00 -5.167037e-05
7.880000e+00 -3.357473e-05
7.890000e+00 -1.560554e-05
7.900000e+00 2.252101e-06
7.910000e+00 2.000582e-05
7.920000e+00 3.765484e-05
7.930000e+00 5.518917e-05
7.940000e+00 7.258940e-05
7.950000e+00 8.982696e-05
7.960000e+00 1.068648e-04
7.970000e+00 1.236589e-04
7.980000e+00 1.401596e-04
7.990000e+00 1.563141e-04
8.000000e+00 1.720687e-04
8.010000e+00 1.873711e-04
8.020000e+00 2.021733e-04
8.030000e+00 2.164341e-04
8.040000e+00 2.301208e-04
8.050000e+00 2.432117e-04
8.060000e+00 2.556975e-04
8.070000e+00 2.675819e-04
8.080000e+00 2.788822e-04
8.090000e+00 2.896293e-04
8.100000e+00 2.998662e-04
8.110000e+00 3.096472e-04
8.120000e+00 3.190358e-04
8.130000e+00 3.281020e-04
8.140000e+00 3.369199e-04
8.150000e+00 3.455643e-04
8.160000e+00 3.541081e-04
8.170000e+00 3.626187e-04
8.180000e+00 3.711550e-04
8.190000e+00 3.797648e-04
8.200000e+00 3.884821e-04
8.210000e+00 3.973250e-04
8.220000e+00 4.062940e-04
8.230000e+00 4.153708e-04
8.240000e+00 4.245177e-04
8.250000e+00 4.336772e-04
8.260000e+00 4.427723e-04
8.270000e+00 4.517075e-04
8.280000e+00 4.603696e-04
8.290000e+00 4.686293e-04
8.300000e+00 4.763433e-04
8.310000e+00 4.833559e-04
8.320000e+00 4.895016e-04
8.330000e+00 4.946075e-04
8.340000e+00 4.984958e-04
8.350000e+00 5.009862e-04
8.360000e+00 5.018991e-04
8.370000e+00 5.010577e-04
8.380000e+00 4.982913e-04
8.390000e+00 4.934374e-04
8.400000e+00 4.863449e-04
8.410000e+00 4.768763e-04
8.420000e+00 4.649106e-04
8.430000e+00 4.503454e-04
8.440000e+00 4.330995e-04
8.450000e+00 4.131146e-04
8.460000e+00 3.903575e-04
8.470000e+00 3.648216e-04
8.480000e+00 3.365281e-04
8.490000e+00 3.055266e-04
8.500000e+00 2.718959e-04
8.510000e+00 2.357439e-04
8.520000e+00 1.972066e-04
8.530000e+00 1.564476e-04
8.540000e+00 1.136559e-04
8.550000e+00 6.904420e-05
8.560000e+00 2.284641e-05
8.570000e+00 -2.468565e-05
8.580000e+00 -7.328530e-05
8.590000e+00 -1.226746e-04
8.600000e+00 -1.725679e-04
8.610000e+00 -2.226757e-04
8.620000e+00 -2.727085e-04
8.630000e+00 -3.223797e-04
8.640000e+00 -3.714096e-04
8.650000e+00 -4.195277e-04
8.660000e+00 -4.664758e-04
8.670000e+00 -5.120098e-04
8.680000e+00 -5.559015e-04
8.690000e+00 -5.979398e-04
8.700000e+00 -6.379315e-04
8.710000e+00 -6.757018e-04
8.720000e+00 -7.110943e-04
8.730000e+00 -7.439708e-04
8.740000e+00 -7.742111e-04
8.750000e+00 -8.017121e-04
8.760000e+00 -8.263878e-04
8.770000e+00 -8.481683e-04
8.780000e+00 -8.669999e-04
8.790000e+00 -8.828443e-04
8.800000e+00 -8.956785e-04
8.810000e+00 -9.054952e-04
8.820000e+00 -9.123025e-04
8.830000e+00 -9.161242e-04
8.840000e+00 -9.170001e-04
8.850000e+00 -9.149864e-04
8.860000e+00 -9.101556e-04
8.870000e+00 -9.025966e-04
8.880000e+00 -8.924149e-04
8.890000e+00 -8.797315e-04
8.900000e+00 -8.646830e-04
8.910000e+00 -8.474196e-04
8.920000e+00 -8.281044e-04
8.930000e+00 -8.069114e-04
8.940000e+00 -7.840236e-04
8.950000e+00 -7.596302e-04
8.960000e+00 -7.339247e-04
8.970000e+00 -7.071021e-04
8.980000e+00 -6.793562e-04
8.990000e+00 -6.508772e-04
9.000000e+00 -6.218492e-04
9.010000e+00 -5.924484e-04
9.020000e+00 -5.628409e-04
9.030000e+00 -5.331813e-04
9.040000e+00 -5.036123e-04
9.050000e+00 -4.742631e-04
9.060000e+00 -4.452502e-04
9.070000e+00 -4.166769e-04
9.080000e+00 -3.886341e-04
9.090000e+00 -3.612007e-04
9.100000e+00 -3.344452e-04
9.110000e+00 -3.084259e-04
9.120000e+00 -2.831926e-04
9.130000e+00 -2.587869e-04
9.140000e+00 -2.352435e-04
9.150000e+00 -2.125903e-04
9.160000e+00 -1.908490e-04
9.170000e+00 -1.700349e-04
9.180000e+00 -1.501569e-04
9.190000e+00 -1.312168e-04
9.200000e+00 -1.132087e-04
9.210000e+00 -9.611850e-05
9.220000e+00 -7.992255e-05
9.230000e+00 -6.458744e-05
9.240000e+00 -5.006916e-05
9.250000e+00 -3.631284e-05
9.260000e+00 -2.325267e-05
9.270000e+00 -1.081234e-05
9.280000e+00 1.094197e-06
9.290000e+00 1.256143e-05
9.300000e+00 2.369055e-05
9.310000e+00 3.458735e-05
9.320000e+00 4.535960e-05
9.330000e+00 5.611429e-05
9.340000e+00 6.695450e-05
9.350000e+00 7.797633e-05
9.360000e+00 8.926570e-05
9.370000e+00 1.008954e-04
9.380000e+00 1.129223e-04
9.390000e+00 1.253851e-04
9.400000e+00 1.383021e-04
9.410000e+00 1.516703e-04
9.420000e+00 1.654638e-04
9.430000e+00 1.796345e-04
9.440000e+00 1.941118e-04
9.450000e+00 2.088037e-04
9.460000e+00 2.235983e-04
9.470000e+00 2.383658e-04
9.480000e+00 2.529607e-04
9.490000e+00 2.672244e-04
9.500000e+00 2.809883e-04
9.510000e+00 2.940759e-04
9.520000e+00 3.063068e-04
9.530000e+00 3.174986e-04
9.540000e+00 3.274701e-04
9.550000e+00 3.360440e-04
9.560000e+00 3.430486e-04
9.570000e+00 3.483207e-04
9.580000e+00 3.517070e-04
9.590000e+00 3.530658e-04
9.600000e+00 3.522689e-04
9.610000e+00 3.492028e-04
9.620000e+00 3.437698e-04
9.630000e+00 3.358894e-04
9.640000e+00 3.254994e-04
9.650000e+00 3.125570e-04
9.660000e+00 2.970397e-04
9.670000e+00 2.789466e-04
9.680000e+00 2.582991e-04
9.690000e+00 2.351419e-04
9.700000e+00 2.095437e-04
9.710000e+00 1.815976e-04
9.720000e+00 1.514215e-04
9.730000e+00 1.191583e-04
9.740000e+00 8.497500e-05
9.750000e+00 4.906237e-05
9.760000e+00 1.163369e-05
9.770000e+00 -2.707689e-05
9.780000e+00 -6.681635e-05
9.790000e+00 -1.073153e-04
9.800000e+00 -1.482906e-04
9.810000e+00 -1.894488e-04
9.820000e+00 -2.304891e-04
9.830000e+00 -2.711071e-04
9.840000e+00 -3.109983e-04
9.850000e+00 -3.498614e-04
9.860000e+00 -3.874021e-04
9.870000e+00 -4.233359e-04
9.880000e+00 -4.573910e-04
9.890000e+00 -4.893108e-04
9.900000e+00 -5.188562e-04
9.910000e+00 -5.458071e-04
9.920000e+00 -5.699634e-04
9.930000e+00 -5.911461e-04
9.940000e+00 -6.091976e-04
9.950000e+00 -6.239818e-04
9.960000e+00 -6.353839e-04
9.970000e+00 -6.433096e-04
9.980000e+00 -6.476852e-04
9.990000e+00 -6.484562e-04
1.000000e+01 -6.455874e-04
