# sigma2_v 8.262972425119631e+00
0.000000e+00 1.000000e+00
1.000000e-02 9.995869e-01
2.000000e-02 9.983489e-01
3.000000e-02 9.962892e-01
4.000000e-02 9.934135e-01
5.000000e-02 9.897296e-01
6.000000e-02 9.852473e-01
7.000000e-02 9.799787e-01
8.000000e-02 9.739379e-01
9.000000e-02 9.671410e-01
1.000000e-01 9.596058e-01
1.100000e-01 9.513522e-01
1.200000e-01 9.424016e-01
1.300000e-01 9.327770e-01
1.400000e-01 9.225031e-01
1.500000e-01 9.116057e-01
1.600000e-01 9.001120e-01
1.700000e-01 8.880504e-01
1.800000e-01 8.754501e-01
1.900000e-01 8.623414e-01
2.000000e-01 8.487553e-01
2.100000e-01 8.347233e-01
2.200000e-01 8.202775e-01
2.300000e-01 8.054502e-01
2.400000e-01 7.902743e-01
2.500000e-01 7.747823e-01
2.600000e-01 7.590071e-01
2.700000e-01 7.429813e-01
2.800000e-01 7.267373e-01
2.900000e-01 7.103072e-01
3.000000e-01 6.937224e-01
3.100000e-01 6.770142e-01
3.200000e-01 6.602129e-01
3.300000e-01 6.433481e-01
3.400000e-01 6.264490e-01
3.500000e-01 6.095434e-01
3.600000e-01 5.926586e-01
3.700000e-01 5.758206e-01
3.800000e-01 5.590547e-01
3.900000e-01 5.423848e-01
4.000000e-01 5.258338e-01
4.100000e-01 5.094236e-01
4.200000e-01 4.931749e-01
4.300000e-01 4.771069e-01
4.400000e-01 4.612380e-01
4.500000e-01 4.455851e-01
4.600000e-01 4.301642e-01
4.700000e-01 4.149898e-01
4.800000e-01 4.000753e-01
4.900000e-01 3.854329e-01
5.000000e-01 3.710738e-01
5.100000e-01 3.570079e-01
5.200000e-01 3.432439e-01
5.300000e-01 3.297896e-01
5.400000e-01 3.166515e-01
5.500000e-01 3.038353e-01
5.600000e-01 2.913456e-01
5.700000e-01 2.791860e-01
5.800000e-01 2.673592e-01
5.900000e-01 2.558671e-01
6.000000e-01 2.447107e-01
6.100000e-01 2.338902e-01
6.200000e-01 2.234050e-01
6.300000e-01 2.132538e-01
6.400000e-01 2.034348e-01
6.500000e-01 1.939454e-01
6.600000e-01 1.847825e-01
6.700000e-01 1.759424e-01
6.800000e-01 1.674209e-01
6.900000e-01 1.592135e-01
7.000000e-01 1.513152e-01
7.100000e-01 1.437204e-01
7.200000e-01 1.364237e-01
7.300000e-01 1.294188e-01
7.400000e-01 1.226995e-01
7.500000e-01 1.162594e-01
7.600000e-01 1.100916e-01
7.700000e-01 1.041894e-01
7.800000e-01 9.854574e-02
7.900000e-01 9.315343e-02
8.000000e-01 8.800530e-02
8.100000e-01 8.309406e-02
8.200000e-01 7.841242e-02
8.300000e-01 7.395303e-02
8.400000e-01 6.970855e-02
8.500000e-01 6.567169e-02
8.600000e-01 6.183514e-02
8.700000e-01 5.819168e-02
8.800000e-01 5.473415e-02
8.900000e-01 5.145546e-02
9.000000e-01 4.834859e-02
9.100000e-01 4.540666e-02
9.200000e-01 4.262288e-02
9.300000e-01 3.999058e-02
9.400000e-01 3.750322e-02
9.500000e-01 3.515439e-02
9.600000e-01 3.293785e-02
9.700000e-01 3.084749e-02
9.800000e-01 2.887736e-02
9.900000e-01 2.702168e-02
1.000000e+00 2.527482e-02
1.010000e+00 2.363134e-02
1.020000e+00 2.208597e-02
1.030000e+00 2.063362e-02
1.040000e+00 1.926937e-02
1.050000e+00 1.798849e-02
1.060000e+00 1.678642e-02
1.070000e+00 1.565881e-02
1.080000e+00 1.460147e-02
1.090000e+00 1.361039e-02
1.100000e+00 1.268174e-02
1.110000e+00 1.181189e-02
1.120000e+00 1.099736e-02
1.130000e+00 1.023485e-02
1.140000e+00 9.521217e-03
1.150000e+00 8.853503e-03
1.160000e+00 8.228890e-03
1.170000e+00 7.644719e-03
1.180000e+00 7.098475e-03
1.190000e+00 6.587788e-03
1.200000e+00 6.110421e-03
1.210000e+00 5.664266e-03
1.220000e+00 5.247337e-03
1.230000e+00 4.857767e-03
1.240000e+00 4.493796e-03
1.250000e+00 4.153769e-03
1.260000e+00 3.836129e-03
1.270000e+00 3.539410e-03
1.280000e+00 3.262234e-03
1.290000e+00 3.003302e-03
1.300000e+00 2.761392e-03
1.310000e+00 2.535354e-03
1.320000e+00 2.324104e-03
1.330000e+00 2.126623e-03
1.340000e+00 1.941950e-03
1.350000e+00 1.769182e-03
1.360000e+00 1.607468e-03
1.370000e+00 1.456010e-03
1.380000e+00 1.314059e-03
1.390000e+00 1.180912e-03
1.400000e+00 1.055912e-03
1.410000e+00 9.384460e-04
1.420000e+00 8.279430e-04
1.430000e+00 7.238737e-04
1.440000e+00 6.257490e-04
1.450000e+00 5.331186e-04
1.460000e+00 4.455702e-04
1.470000e+00 3.627283e-04
1.480000e+00 2.842529e-04
1.490000e+00 2.098384e-04
1.500000e+00 1.392123e-04
1.510000e+00 7.213353e-05
1.520000e+00 8.391167e-06
1.530000e+00 -5.219738e-05
1.540000e+00 -1.097881e-04
1.550000e+00 -1.645123e-04
1.560000e+00 -2.164784e-04
1.570000e+00 -2.657745e-04
1.580000e+00 -3.124697e-04
1.590000e+00 -3.566170e-04
1.600000e+00 -3.982550e-04
1.610000e+00 -4.374104e-04
1.620000e+00 -4.741001e-04
1.630000e+00 -5.083329e-04
1.640000e+00 -5.401124e-04
1.650000e+00 -5.694381e-04
1.660000e+00 -5.963077e-04
1.670000e+00 -6.207187e-04
1.680000e+00 -6.426702e-04
1.690000e+00 -6.621640e-04
1.700000e+00 -6.792060e-04
1.710000e+00 -6.938075e-04
1.720000e+00 -7.059859e-04
1.730000e+00 -7.157658e-04
1.740000e+00 -7.231791e-04
1.750000e+00 -7.282660e-04
1.760000e+00 -7.310751e-04
1.770000e+00 -7.316634e-04
1.780000e+00 -7.300964e-04
1.790000e+00 -7.264483e-04
1.800000e+00 -7.208015e-04
1.810000e+00 -7.132462e-04
1.820000e+00 -7.038804e-04
1.830000e+00 -6.928088e-04
1.840000e+00 -6.801430e-04
1.850000e+00 -6.660003e-04
1.860000e+00 -6.505034e-04
1.870000e+00 -6.337794e-04
1.880000e+00 -6.159594e-04
1.890000e+00 -5.971775e-04
1.900000e+00 -5.775702e-04
1.910000e+00 -5.572754e-04
1.920000e+00 -5.364319e-04
1.930000e+00 -5.151781e-04
1.940000e+00 -4.936519e-04
1.950000e+00 -4.719890e-04
1.960000e+00 -4.503230e-04
1.970000e+00 -4.287838e-04
1.980000e+00 -4.074972e-04
1.990000e+00 -3.865842e-04
2.000000e+00 -3.661598e-04
2.010000e+00 -3.463326e-04
2.020000e+00 -3.272041e-04
2.030000e+00 -3.088676e-04
2.040000e+00 -2.914080e-04
2.050000e+00 -2.749010e-04
2.060000e+00 -2.594126e-04
2.070000e+00 -2.449984e-04
2.080000e+00 -2.317034e-04
2.090000e+00 -2.195618e-04
2.100000e+00 -2.085963e-04
2.110000e+00 -1.988182e-04
2.120000e+00 -1.902276e-04
2.130000e+00 -1.828126e-04
2.140000e+00 -1.765502e-04
2.150000e+00 -1.714063e-04
2.160000e+00 -1.673358e-04
2.170000e+00 -1.642831e-04
2.180000e+00 -1.621828e-04
2.190000e+00 -1.609600e-04
2.200000e+00 -1.605314e-04
2.210000e+00 -1.608055e-04
2.220000e+00 -1.616841e-04
2.230000e+00 -1.630625e-04
2.240000e+00 -1.648311e-04
2.250000e+00 -1.668759e-04
2.260000e+00 -1.690798e-04
2.270000e+00 -1.713236e-04
2.280000e+00 -1.734870e-04
2.290000e+00 -1.754498e-04
2.300000e+00 -1.770925e-04
2.310000e+00 -1.782981e-04
2.320000e+00 -1.789523e-04
2.330000e+00 -1.789448e-04
2.340000e+00 -1.781704e-04
2.350000e+00 -1.765294e-04
2.360000e+00 -1.739286e-04
2.370000e+00 -1.702823e-04
2.380000e+00 -1.655122e-04
2.390000e+00 -1.595488e-04
2.400000e+00 -1.523313e-04
2.410000e+00 -1.438085e-04
2.420000e+00 -1.339385e-04
2.430000e+00 -1.226897e-04
2.440000e+00 -1.100404e-04
2.450000e+00 -9.597919e-05
2.460000e+00 -8.050487e-05
2.470000e+00 -6.362650e-05
2.480000e+00 -4.536319e-05
2.490000e+00 -2.574395e-05
2.500000e+00 -4.807426e-06
2.510000e+00 1.739846e-05
2.520000e+00 4.081689e-05
2.530000e+00 6.538260e-05
2.540000e+00 9.102240e-05
2.550000e+00 1.176558e-04
2.560000e+00 1.451956e-04
2.570000e+00 1.735487e-04
2.580000e+00 2.026165e-04
2.590000e+00 2.322962e-04
2.600000e+00 2.624811e-04
2.610000e+00 2.930619e-04
2.620000e+00 3.239273e-04
2.630000e+00 3.549651e-04
2.640000e+00 3.860627e-04
2.650000e+00 4.171086e-04
2.660000e+00 4.479929e-04
2.670000e+00 4.786084e-04
2.680000e+00 5.088515e-04
2.690000e+00 5.386226e-04
2.700000e+00 5.678275e-04
2.710000e+00 5.963779e-04
2.720000e+00 6.241919e-04
2.730000e+00 6.511948e-04
2.740000e+00 6.773197e-04
2.750000e+00 7.025077e-04
2.760000e+00 7.267085e-04
2.770000e+00 7.498803e-04
2.780000e+00 7.719904e-04
2.790000e+00 7.930148e-04
2.800000e+00 8.129386e-04
2.810000e+00 8.317553e-04
2.820000e+00 8.494672e-04
2.830000e+00 8.660843e-04
2.840000e+00 8.816245e-04
2.850000e+00 8.961129e-04
2.860000e+00 9.095808e-04
2.870000e+00 9.220658e-04
2.880000e+00 9.336105e-04
2.890000e+00 9.442621e-04
2.900000e+00 9.540715e-04
2.910000e+00 9.630928e-04
2.920000e+00 9.713820e-04
2.930000e+00 9.789970e-04
2.940000e+00 9.859962e-04
2.950000e+00 9.924385e-04
2.960000e+00 9.983820e-04
2.970000e+00 1.003884e-03
2.980000e+00 1.009000e-03
2.990000e+00 1.013785e-03
3.000000e+00 1.018288e-03
3.010000e+00 1.022561e-03
3.020000e+00 1.026647e-03
3.030000e+00 1.030592e-03
3.040000e+00 1.034434e-03
3.050000e+00 1.038211e-03
3.060000e+00 1.041958e-03
3.070000e+00 1.045706e-03
3.080000e+00 1.049483e-03
3.090000e+00 1.053317e-03
3.100000e+00 1.057231e-03
3.110000e+00 1.061247e-03
3.120000e+00 1.065386e-03
3.130000e+00 1.069667e-03
3.140000e+00 1.074105e-03
3.150000e+00 1.078719e-03
3.160000e+00 1.083522e-03
3.170000e+00 1.088529e-03
3.180000e+00 1.093753e-03
3.190000e+00 1.099206e-03
3.200000e+00 1.104901e-03
3.210000e+00 1.110847e-03
3.220000e+00 1.117056e-03
3.230000e+00 1.123534e-03
3.240000e+00 1.130290e-03
3.250000e+00 1.137330e-03
3.260000e+00 1.144657e-03
3.270000e+00 1.152273e-03
3.280000e+00 1.160177e-03
3.290000e+00 1.168366e-03
3.300000e+00 1.176835e-03
3.310000e+00 1.185573e-03
3.320000e+00 1.194568e-03
3.330000e+00 1.203803e-03
3.340000e+00 1.213256e-03
3.350000e+00 1.222905e-03
3.360000e+00 1.232718e-03
3.370000e+00 1.242664e-03
3.380000e+00 1.252704e-03
3.390000e+00 1.262797e-03
3.400000e+00 1.272897e-03
3.410000e+00 1.282955e-03
3.420000e+00 1.292917e-03
3.430000e+00 1.302728e-03
3.440000e+00 1.312328e-03
3.450000e+00 1.321656e-03
3.460000e+00 1.330648e-03
3.470000e+00 1.339240e-03
3.480000e+00 1.347368e-03
3.490000e+00 1.354965e-03
3.500000e+00 1.361967e-03
3.510000e+00 1.368311e-03
3.520000e+00 1.373936e-03
3.530000e+00 1.378782e-03
3.540000e+00 1.382795e-03
3.550000e+00 1.385924e-03
3.560000e+00 1.388121e-03
3.570000e+00 1.389345e-03
3.580000e+00 1.389561e-03
3.590000e+00 1.388738e-03
3.600000e+00 1.386853e-03
3.610000e+00 1.383891e-03
3.620000e+00 1.379843e-03
3.630000e+00 1.374707e-03
3.640000e+00 1.368491e-03
3.650000e+00 1.361207e-03
3.660000e+00 1.352879e-03
3.670000e+00 1.343535e-03
3.680000e+00 1.333213e-03
3.690000e+00 1.321957e-03
3.700000e+00 1.309818e-03
3.710000e+00 1.296854e-03
3.720000e+00 1.283129e-03
3.730000e+00 1.268712e-03
3.740000e+00 1.253678e-03
3.750000e+00 1.238106e-03
3.760000e+00 1.222080e-03
3.770000e+00 1.205685e-03
3.780000e+00 1.189009e-03
3.790000e+00 1.172144e-03
3.800000e+00 1.155181e-03
3.810000e+00 1.138212e-03
3.820000e+00 1.121328e-03
3.830000e+00 1.104619e-03
3.840000e+00 1.088175e-03
3.850000e+00 1.072080e-03
3.860000e+00 1.056419e-03
3.870000e+00 1.041270e-03
3.880000e+00 1.026708e-03
3.890000e+00 1.012803e-03
3.900000e+00 9.996207e-04
3.910000e+00 9.872188e-04
3.920000e+00 9.756503e-04
3.930000e+00 9.649613e-04
3.940000e+00 9.551911e-04
3.950000e+00 9.463717e-04
3.960000e+00 9.385277e-04
3.970000e+00 9.316764e-04
3.980000e+00 9.258271e-04
3.990000e+00 9.209817e-04
4.000000e+00 9.171339e-04
4.010000e+00 9.142700e-04
4.020000e+00 9.123683e-04
4.030000e+00 9.113996e-04
4.040000e+00 9.113271e-04
4.050000e+00 9.121064e-04
4.060000e+00 9.136864e-04
4.070000e+00 9.160085e-04
4.080000e+00 9.190080e-04
4.090000e+00 9.226134e-04
4.100000e+00 9.267475e-04
4.110000e+00 9.313274e-04
4.120000e+00 9.362651e-04
4.130000e+00 9.414681e-04
4.140000e+00 9.468397e-04
4.150000e+00 9.522798e-04
4.160000e+00 9.576852e-04
4.170000e+00 9.629508e-04
4.180000e+00 9.679700e-04
4.190000e+00 9.726354e-04
4.200000e+00 9.768400e-04
4.210000e+00 9.804774e-04
4.220000e+00 9.834433e-04
4.230000e+00 9.856363e-04
4.240000e+00 9.869584e-04
4.250000e+00 9.873163e-04
4.260000e+00 9.866226e-04
4.270000e+00 9.847959e-04
4.280000e+00 9.817625e-04
4.290000e+00 9.774569e-04
4.300000e+00 9.718228e-04
4.310000e+00 9.648136e-04
4.320000e+00 9.563935e-04
4.330000e+00 9.465379e-04
4.340000e+00 9.352337e-04
4.350000e+00 9.224802e-04
4.360000e+00 9.082894e-04
4.370000e+00 8.926856e-04
4.380000e+00 8.757062e-04
4.390000e+00 8.574011e-04
4.400000e+00 8.378329e-04
4.410000e+00 8.170763e-04
4.420000e+00 7.952177e-04
4.430000e+00 7.723545e-04
4.440000e+00 7.485946e-04
4.450000e+00 7.240554e-04
4.460000e+00 6.988627e-04
4.470000e+00 6.731497e-04
4.480000e+00 6.470561e-04
4.490000e+00 6.207264e-04
4.500000e+00 5.943091e-04
4.510000e+00 5.679550e-04
4.520000e+00 5.418159e-04
4.530000e+00 5.160435e-04
4.540000e+00 4.907878e-04
4.550000e+00 4.661961e-04
4.560000e+00 4.424114e-04
4.570000e+00 4.195714e-04
4.580000e+00 3.978075e-04
4.590000e+00 3.772436e-04
4.600000e+00 3.579955e-04
4.610000e+00 3.401699e-04
4.620000e+00 3.238638e-04
4.630000e+00 3.091640e-04
4.640000e+00 2.961469e-04
4.650000e+00 2.848778e-04
4.660000e+00 2.754115e-04
4.670000e+00 2.677915e-04
4.680000e+00 2.620507e-04
4.690000e+00 2.582114e-04
4.700000e+00 2.562858e-04
4.710000e+00 2.562761e-04
4.720000e+00 2.581754e-04
4.730000e+00 2.619679e-04
4.740000e+00 2.676297e-04
4.750000e+00 2.751294e-04
4.760000e+00 2.844286e-04
4.770000e+00 2.954829e-04
4.780000e+00 3.082423e-04
4.790000e+00 3.226517e-04
4.800000e+00 3.386519e-04
4.810000e+00 3.561798e-04
4.820000e+00 3.751693e-04
4.830000e+00 3.955514e-04
4.840000e+00 4.172550e-04
4.850000e+00 4.402068e-04
4.860000e+00 4.643323e-04
4.870000e+00 4.895556e-04
4.880000e+00 5.157998e-04
4.890000e+00 5.429871e-04
4.900000e+00 5.710393e-04
4.910000e+00 5.998776e-04
4.920000e+00 6.294227e-04
4.930000e+00 6.595952e-04
4.940000e+00 6.903155e-04
4.950000e+00 7.215039e-04
4.960000e+00 7.530809e-04
4.970000e+00 7.849669e-04
4.980000e+00 8.170829e-04
4.990000e+00 8.493499e-04
5.000000e+00 8.816898e-04
5.010000e+00 9.140254e-04
5.020000e+00 9.462801e-04
5.030000e+00 9.783788e-04
5.040000e+00 1.010248e-03
5.050000e+00 1.041815e-03
5.060000e+00 1.073011e-03
5.070000e+00 1.103768e-03
5.080000e+00 1.134020e-03
5.090000e+00 1.163706e-03
5.100000e+00 1.192767e-03
5.110000e+00 1.221146e-03
5.120000e+00 1.248791e-03
5.130000e+00 1.275655e-03
5.140000e+00 1.301692e-03
5.150000e+00 1.326862e-03
5.160000e+00 1.351127e-03
5.170000e+00 1.374457e-03
5.180000e+00 1.396821e-03
5.190000e+00 1.418196e-03
5.200000e+00 1.438561e-03
5.210000e+00 1.457897e-03
5.220000e+00 1.476191e-03
5.230000e+00 1.493433e-03
5.240000e+00 1.509613e-03
5.250000e+00 1.524727e-03
5.260000e+00 1.538770e-03
5.270000e+00 1.551740e-03
5.280000e+00 1.563638e-03
5.290000e+00 1.574463e-03
5.300000e+00 1.584218e-03
5.310000e+00 1.592904e-03
5.320000e+00 1.600522e-03
5.330000e+00 1.607076e-03
5.340000e+00 1.612566e-03
5.350000e+00 1.616995e-03
5.360000e+00 1.620363e-03
5.370000e+00 1.622670e-03
5.380000e+00 1.623917e-03
5.390000e+00 1.624104e-03
5.400000e+00 1.623230e-03
5.410000e+00 1.621294e-03
5.420000e+00 1.618296e-03
5.430000e+00 1.614237e-03
5.440000e+00 1.609117e-03
5.450000e+00 1.602938e-03
5.460000e+00 1.595703e-03
5.470000e+00 1.587417e-03
5.480000e+00 1.578087e-03
5.490000e+00 1.567722e-03
5.500000e+00 1.556334e-03
5.510000e+00 1.543936e-03
5.520000e+00 1.530547e-03
5.530000e+00 1.516184e-03
5.540000e+00 1.500873e-03
5.550000e+00 1.484638e-03
5.560000e+00 1.467508e-03
5.570000e+00 1.449515e-03
5.580000e+00 1.430691e-03
5.590000e+00 1.411072e-03
5.600000e+00 1.390696e-03
5.610000e+00 1.369600e-03
5.620000e+00 1.347822e-03
5.630000e+00 1.325401e-03
5.640000e+00 1.302374e-03
5.650000e+00 1.278778e-03
5.660000e+00 1.254646e-03
5.670000e+00 1.230009e-03
5.680000e+00 1.204895e-03
5.690000e+00 1.179328e-03
5.700000e+00 1.153326e-03
5.710000e+00 1.126904e-03
5.720000e+00 1.100070e-03
5.730000e+00 1.072827e-03
5.740000e+00 1.045173e-03
5.750000e+00 1.017098e-03
5.760000e+00 9.885890e-04
5.770000e+00 9.596263e-04
5.780000e+00 9.301856e-04
5.790000e+00 9.002386e-04
5.800000e+00 8.697534e-04
5.810000e+00 8.386961e-04
5.820000e+00 8.070312e-04
5.830000e+00 7.747236e-04
5.840000e+00 7.417391e-04
5.850000e+00 7.080466e-04
5.860000e+00 6.736194e-04
5.870000e+00 6.384367e-04
5.880000e+00 6.024852e-04
5.890000e+00 5.657610e-04
5.900000e+00 5.282709e-04
5.910000e+00 4.900338e-04
5.920000e+00 4.510824e-04
5.930000e+00 4.114644e-04
5.940000e+00 3.712432e-04
5.950000e+00 3.304993e-04
5.960000e+00 2.893306e-04
5.970000e+00 2.478529e-04
5.980000e+00 2.061998e-04
5.990000e+00 1.645231e-04
6.000000e+00 1.229916e-04
6.010000e+00 8.179088e-05
6.020000e+00 4.112185e-05
6.030000e+00 1.199533e-06
6.040000e+00 -3.774870e-05
6.050000e+00 -7.548505e-05
6.060000e+00 -1.117636e-04
6.070000e+00 -1.463325e-04
6.080000e+00 -1.789369e-04
6.090000e+00 -2.093217e-04
6.100000e+00 -2.372342e-04
6.110000e+00 -2.624271e-04
6.120000e+00 -2.846618e-04
6.130000e+00 -3.037108e-04
6.140000e+00 -3.193610e-04
6.150000e+00 -3.314162e-04
6.160000e+00 -3.396997e-04
6.170000e+00 -3.440566e-04
6.180000e+00 -3.443559e-04
6.190000e+00 -3.404922e-04
6.200000e+00 -3.323872e-04
6.210000e+00 -3.199909e-04
6.220000e+00 -3.032820e-04
6.230000e+00 -2.822687e-04
6.240000e+00 -2.569883e-04
6.250000e+00 -2.275069e-04
6.260000e+00 -1.939188e-04
6.270000e+00 -1.563450e-04
6.280000e+00 -1.149322e-04
6.290000e+00 -6.985083e-05
6.300000e+00 -2.129309e-05
6.310000e+00 3.052922e-05
6.320000e+00 8.538707e-05
6.330000e+00 1.430367e-04
6.340000e+00 2.032220e-04
6.350000e+00 2.656775e-04
6.360000e+00 3.301305e-04
6.370000e+00 3.963036e-04
6.380000e+00 4.639173e-04
6.390000e+00 5.326920e-04
6.400000e+00 6.023503e-04
6.410000e+00 6.726184e-04
6.420000e+00 7.432281e-04
6.430000e+00 8.139177e-04
6.440000e+00 8.844336e-04
6.450000e+00 9.545307e-04
6.460000e+00 1.023973e-03
6.470000e+00 1.092535e-03
6.480000e+00 1.159999e-03
6.490000e+00 1.226158e-03
6.500000e+00 1.290816e-03
6.510000e+00 1.353782e-03
6.520000e+00 1.414879e-03
6.530000e+00 1.473932e-03
6.540000e+00 1.530779e-03
6.550000e+00 1.585263e-03
6.560000e+00 1.637232e-03
6.570000e+00 1.686542e-03
6.580000e+00 1.733056e-03
6.590000e+00 1.776641e-03
6.600000e+00 1.817171e-03
6.610000e+00 1.854528e-03
6.620000e+00 1.888598e-03
6.630000e+00 1.919276e-03
6.640000e+00 1.946465e-03
6.650000e+00 1.970078e-03
6.660000e+00 1.990037e-03
6.670000e+00 2.006276e-03
6.680000e+00 2.018742e-03
6.690000e+00 2.027395e-03
6.700000e+00 2.032211e-03
6.710000e+00 2.033183e-03
6.720000e+00 2.030320e-03
6.730000e+00 2.023652e-03
6.740000e+00 2.013226e-03
6.750000e+00 1.999110e-03
6.760000e+00 1.981393e-03
6.770000e+00 1.960184e-03
6.780000e+00 1.935614e-03
6.790000e+00 1.907831e-03
6.800000e+00 1.877006e-03
6.810000e+00 1.843324e-03
6.820000e+00 1.806990e-03
6.830000e+00 1.768223e-03
6.840000e+00 1.727255e-03
6.850000e+00 1.684329e-03
6.860000e+00 1.639698e-03
6.870000e+00 1.593620e-03
6.880000e+00 1.546356e-03
6.890000e+00 1.498170e-03
6.900000e+00 1.449322e-03
6.910000e+00 1.400071e-03
6.920000e+00 1.350666e-03
6.930000e+00 1.301349e-03
6.940000e+00 1.252350e-03
6.950000e+00 1.203886e-03
6.960000e+00 1.156161e-03
6.970000e+00 1.109360e-03
6.980000e+00 1.063654e-03
6.990000e+00 1.019194e-03
7.000000e+00 9.761141e-04
7.010000e+00 9.345305e-04
7.020000e+00 8.945415e-04
7.030000e+00 8.562281e-04
7.040000e+00 8.196554e-04
7.050000e+00 7.848733e-04
7.060000e+00 7.519182e-04
7.070000e+00 7.208138e-04
7.080000e+00 6.915736e-04
7.090000e+00 6.642019e-04
7.100000e+00 6.386955e-04
7.110000e+00 6.150458e-04
7.120000e+00 5.932398e-04
7.130000e+00 5.732617e-04
7.140000e+00 5.550945e-04
7.150000e+00 5.387206e-04
7.160000e+00 5.241228e-04
7.170000e+00 5.112849e-04
7.180000e+00 5.001924e-04
7.190000e+00 4.908321e-04
7.200000e+00 4.831924e-04
7.210000e+00 4.772626e-04
7.220000e+00 4.730327e-04
7.230000e+00 4.704924e-04
7.240000e+00 4.696305e-04
7.250000e+00 4.704336e-04
7.260000e+00 4.728851e-04
7.270000e+00 4.769643e-04
7.280000e+00 4.826452e-04
7.290000e+00 4.898952e-04
7.300000e+00 4.986749e-04
7.310000e+00 5.089363e-04
7.320000e+00 5.206233e-04
7.330000e+00 5.336701e-04
7.340000e+00 5.480022e-04
7.350000e+00 5.635354e-04
7.360000e+00 5.801767e-04
7.370000e+00 5.978246e-04
7.380000e+00 6.163699e-04
7.390000e+00 6.356965e-04
7.400000e+00 6.556832e-04
7.410000e+00 6.762041e-04
7.420000e+00 6.971310e-04
7.430000e+00 7.183345e-04
7.440000e+00 7.396858e-04
7.450000e+00 7.610582e-04
7.460000e+00 7.823293e-04
7.470000e+00 8.033819e-04
7.480000e+00 8.241057e-04
7.490000e+00 8.443991e-04
7.500000e+00 8.641694e-04
7.510000e+00 8.833344e-04
7.520000e+00 9.018230e-04
7.530000e+00 9.195749e-04
7.540000e+00 9.365417e-04
7.550000e+00 9.526859e-04
7.560000e+00 9.679808e-04
7.570000e+00 9.824097e-04
7.580000e+00 9.959648e-04
7.590000e+00 1.008646e-03
7.600000e+00 1.020461e-03
7.610000e+00 1.031419e-03
7.620000e+00 1.041536e-03
7.630000e+00 1.050829e-03
7.640000e+00 1.059312e-03
7.650000e+00 1.067000e-03
7.660000e+00 1.073903e-03
7.670000e+00 1.080027e-03
7.680000e+00 1.085370e-03
7.690000e+00 1.089925e-03
7.700000e+00 1.093674e-03
7.710000e+00 1.096592e-03
7.720000e+00 1.098644e-03
7.730000e+00 1.099784e-03
7.740000e+00 1.099960e-03
7.750000e+00 1.099109e-03
7.760000e+00 1.097161e-03
7.770000e+00 1.094040e-03
7.780000e+00 1.089663e-03
7.790000e+00 1.083945e-03
7.800000e+00 1.076797e-03
7.810000e+00 1.068133e-03
7.820000e+00 1.057865e-03
7.830000e+00 1.045911e-03
7.840000e+00 1.032195e-03
7.850000e+00 1.016648e-03
7.860000e+00 9.992099e-04
7.870000e+00 9.798333e-04
7.880000e+00 9.584832e-04
7.890000e+00 9.351390e-04
7.900000e+00 9.097956e-04
7.910000e+00 8.824641e-04
7.920000e+00 8.531725e-04
7.930000e+00 8.219662e-04
7.940000e+00 7.889079e-04
7.950000e+00 7.540772e-04
7.960000e+00 7.175702e-04
7.970000e+00 6.794988e-04
7.980000e+00 6.399893e-04
7.990000e+00 5.991814e-04
8.000000e+00 5.572269e-04
8.010000e+00 5.142873e-04
8.020000e+00 4.705330e-04
8.030000e+00 4.261405e-04
8.040000e+00 3.812912e-04
8.050000e+00 3.361688e-04
8.060000e+00 2.909578e-04
8.070000e+00 2.458413e-04
8.080000e+00 2.009990e-04
8.090000e+00 1.566058e-04
8.100000e+00 1.128298e-04
8.110000e+00 6.983066e-05
8.120000e+00 2.775867e-05
8.130000e+00 -1.324698e-05
8.140000e+00 -5.305901e-05
8.150000e+00 -9.156299e-05
8.160000e+00 -1.286581e-04
8.170000e+00 -1.642575e-04
8.180000e+00 -1.982889e-04
8.190000e+00 -2.306947e-04
8.200000e+00 -2.614320e-04
8.210000e+00 -2.904724e-04
8.220000e+00 -3.178019e-04
8.230000e+00 -3.434205e-04
8.240000e+00 -3.673417e-04
8.250000e+00 -3.895918e-04
8.260000e+00 -4.102095e-04
8.270000e+00 -4.292450e-04
8.280000e+00 -4.467589e-04
8.290000e+00 -4.628220e-04
8.300000e+00 -4.775136e-04
8.310000e+00 -4.909212e-04
8.320000e+00 -5.031390e-04
8.330000e+00 -5.142673e-04
8.340000e+00 -5.244111e-04
8.350000e+00 -5.336793e-04
8.360000e+00 -5.421833e-04
8.370000e+00 -5.500366e-04
8.380000e+00 -5.573530e-04
8.390000e+00 -5.642462e-04
8.400000e+00 -5.708282e-04
8.410000e+00 -5.772090e-04
8.420000e+00 -5.834950e-04
8.430000e+00 -5.897888e-04
8.440000e+00 -5.961877e-04
8.450000e+00 -6.027836e-04
8.460000e+00 -6.096619e-04
8.470000e+00 -6.169011e-04
8.480000e+00 -6.245722e-04
8.490000e+00 -6.327387e-04
8.500000e+00 -6.414559e-04
8.510000e+00 -6.507709e-04
8.520000e+00 -6.607229e-04
8.530000e+00 -6.713427e-04
8.540000e+00 -6.826534e-04
8.550000e+00 -6.946707e-04
8.560000e+00 -7.074031e-04
8.570000e+00 -7.208524e-04
8.580000e+00 -7.350146e-04
8.590000e+00 -7.498805e-04
8.600000e+00 -7.654361e-04
8.610000e+00 -7.816638e-04
8.620000e+00 -7.985430e-04
8.630000e+00 -8.160508e-04
8.640000e+00 -8.341628e-04
8.650000e+00 -8.528538e-04
8.660000e+00 -8.720987e-04
8.670000e+00 -8.918723e-04
8.680000e+00 -9.121507e-04
8.690000e+00 -9.329110e-04
8.700000e+00 -9.541315e-04
8.710000e+00 -9.757923e-04
8.720000e+00 -9.978746e-04
8.730000e+00 -1.020361e-03
8.740000e+00 -1.043235e-03
8.750000e+00 -1.066480e-03
8.760000e+00 -1.090080e-03
8.770000e+00 -1.114017e-03
8.780000e+00 -1.138274e-03
8.790000e+00 -1.162828e-03
8.800000e+00 -1.187656e-03
8.810000e+00 -1.212730e-03
8.820000e+00 -1.238016e-03
8.830000e+00 -1.263477e-03
8.840000e+00 -1.289067e-03
8.850000e+00 -1.314734e-03
8.860000e+00 -1.340421e-03
8.870000e+00 -1.366061e-03
8.880000e+00 -1.391579e-03
8.890000e+00 -1.416896e-03
8.900000e+00 -1.441921e-03
8.910000e+00 -1.466559e-03
8.920000e+00 -1.490708e-03
8.930000e+00 -1.514261e-03
8.940000e+00 -1.537105e-03
8.950000e+00 -1.559126e-03
8.960000e+00 -1.580205e-03
8.970000e+00 -1.600225e-03
8.980000e+00 -1.619069e-03
8.990000e+00 -1.636621e-03
9.000000e+00 -1.652773e-03
9.010000e+00 -1.667417e-03
9.020000e+00 -1.680458e-03
9.030000e+00 -1.691805e-03
9.040000e+00 -1.701379e-03
9.050000e+00 -1.709113e-03
9.060000e+00 -1.714952e-03
9.070000e+00 -1.718852e-03
9.080000e+00 -1.720787e-03
9.090000e+00 -1.720741e-03
9.100000e+00 -1.718715e-03
9.110000e+00 -1.714725e-03
9.120000e+00 -1.708799e-03
9.130000e+00 -1.700982e-03
9.140000e+00 -1.691329e-03
9.150000e+00 -1.679909e-03
9.160000e+00 -1.666801e-03
9.170000e+00 -1.652095e-03
9.180000e+00 -1.635888e-03
9.190000e+00 -1.618284e-03
9.200000e+00 -1.599394e-03
9.210000e+00 -1.579331e-03
9.220000e+00 -1.558210e-03
9.230000e+00 -1.536147e-03
9.240000e+00 -1.513257e-03
9.250000e+00 -1.489650e-03
9.260000e+00 -1.465435e-03
9.270000e+00 -1.440714e-03
9.280000e+00 -1.415583e-03
9.290000e+00 -1.390129e-03
9.300000e+00 -1.364433e-03
9.310000e+00 -1.338565e-03
9.320000e+00 -1.312586e-03
9.330000e+00 -1.286547e-03
9.340000e+00 -1.260490e-03
9.350000e+00 -1.234445e-03
9.360000e+00 -1.208435e-03
9.370000e+00 -1.182471e-03
9.380000e+00 -1.156556e-03
9.390000e+00 -1.130684e-03
9.400000e+00 -1.104839e-03
9.410000e+00 -1.079002e-03
9.420000e+00 -1.053142e-03
9.430000e+00 -1.027226e-03
9.440000e+00 -1.001212e-03
9.450000e+00 -9.750575e-04
9.460000e+00 -9.487127e-04
9.470000e+00 -9.221265e-04
9.480000e+00 -8.952450e-04
9.490000e+00 -8.680128e-04
9.500000e+00 -8.403737e-04
9.510000e+00 -8.122715e-04
9.520000e+00 -7.836507e-04
9.530000e+00 -7.544573e-04
9.540000e+00 -7.246392e-04
9.550000e+00 -6.941476e-04
9.560000e+00 -6.629374e-04
9.570000e+00 -6.309677e-04
9.580000e+00 -5.982033e-04
9.590000e+00 -5.646151e-04
9.600000e+00 -5.301808e-04
9.610000e+00 -4.948862e-04
9.620000e+00 -4.587259e-04
9.630000e+00 -4.217039e-04
9.640000e+00 -3.838349e-04
9.650000e+00 -3.451446e-04
9.660000e+00 -3.056709e-04
9.670000e+00 -2.654643e-04
9.680000e+00 -2.245887e-04
9.690000e+00 -1.831218e-04
9.700000e+00 -1.411554e-04
9.710000e+00 -9.879548e-05
9.720000e+00 -5.616267e-05
9.730000e+00 -1.339165e-05
9.740000e+00 2.936900e-05
9.750000e+00 7.195746e-05
9.760000e+00 1.141994e-04
9.770000e+00 1.559092e-04
9.780000e+00 1.968909e-04
9.790000e+00 2.369401e-04
9.800000e+00 2.758452e-04
9.810000e+00 3.133897e-04
9.820000e+00 3.493540e-04
9.830000e+00 3.835178e-04
9.840000e+00 4.156625e-04
9.850000e+00 4.455734e-04
9.860000e+00 4.730422e-04
9.870000e+00 4.978700e-04
9.880000e+00 5.198691e-04
9.890000e+00 5.388658e-04
9.900000e+00 5.547027e-04
9.910000e+00 5.672407e-04
9.920000e+00 5.763611e-04
9.930000e+00 5.819673e-04
9.940000e+00 5.839861e-04
9.950000e+00 5.823694e-04
9.960000e+00 5.770945e-04
9.970000e+00 5.681650e-04
9.980000e+00 5.556111e-04
9.990000e+00 5.394895e-04
1.000000e+01 5.198825e-04
