# sigma2_v 8.509615480314393e+00
0.000000e+00 1.000000e+00
1.000000e-02 9.995746e-01
2.000000e-02 9.982997e-01
3.000000e-02 9.961788e-01
4.000000e-02 9.932180e-01
5.000000e-02 9.894255e-01
6.000000e-02 9.848121e-01
7.000000e-02 9.793905e-01
8.000000e-02 9.731760e-01
9.000000e-02 9.661857e-01
1.000000e-01 9.584387e-01
1.100000e-01 9.499561e-01
1.200000e-01 9.407609e-01
1.300000e-01 9.308776e-01
1.400000e-01 9.203323e-01
1.500000e-01 9.091526e-01
1.600000e-01 8.973674e-01
1.700000e-01 8.850068e-01
1.800000e-01 8.721017e-01
1.900000e-01 8.586841e-01
2.000000e-01 8.447866e-01
2.100000e-01 8.304427e-01
2.200000e-01 8.156859e-01
2.300000e-01 8.005503e-01
2.400000e-01 7.850702e-01
2.500000e-01 7.692798e-01
2.600000e-01 7.532134e-01
2.700000e-01 7.369049e-01
2.800000e-01 7.203881e-01
2.900000e-01 7.036962e-01
3.000000e-01 6.868619e-01
3.100000e-01 6.699173e-01
3.200000e-01 6.528939e-01
3.300000e-01 6.358221e-01
3.400000e-01 6.187316e-01
3.500000e-01 6.016512e-01
3.600000e-01 5.846086e-01
3.700000e-01 5.676303e-01
3.800000e-01 5.507418e-01
3.900000e-01 5.339676e-01
4.000000e-01 5.173306e-01
4.100000e-01 5.008529e-01
4.200000e-01 4.845550e-01
4.300000e-01 4.684564e-01
4.400000e-01 4.525750e-01
4.500000e-01 4.369278e-01
4.600000e-01 4.215303e-01
4.700000e-01 4.063967e-01
4.800000e-01 3.915401e-01
4.900000e-01 3.769722e-01
5.000000e-01 3.627036e-01
5.100000e-01 3.487437e-01
5.200000e-01 3.351005e-01
5.300000e-01 3.217813e-01
5.400000e-01 3.087919e-01
5.500000e-01 2.961372e-01
5.600000e-01 2.838211e-01
5.700000e-01 2.718464e-01
5.800000e-01 2.602152e-01
5.900000e-01 2.489284e-01
6.000000e-01 2.379863e-01
6.100000e-01 2.273882e-01
6.200000e-01 2.171328e-01
6.300000e-01 2.072181e-01
6.400000e-01 1.976412e-01
6.500000e-01 1.883988e-01
6.600000e-01 1.794871e-01
6.700000e-01 1.709015e-01
6.800000e-01 1.626371e-01
6.900000e-01 1.546885e-01
7.000000e-01 1.470501e-01
7.100000e-01 1.397156e-01
7.200000e-01 1.326787e-01
7.300000e-01 1.259325e-01
7.400000e-01 1.194703e-01
7.500000e-01 1.132847e-01
7.600000e-01 1.073686e-01
7.700000e-01 1.017143e-01
7.800000e-01 9.631440e-02
7.900000e-01 9.116116e-02
8.000000e-01 8.624687e-02
8.100000e-01 8.156379e-02
8.200000e-01 7.710418e-02
8.300000e-01 7.286030e-02
8.400000e-01 6.882443e-02
8.500000e-01 6.498895e-02
8.600000e-01 6.134626e-02
8.700000e-01 5.788888e-02
8.800000e-01 5.460942e-02
8.900000e-01 5.150061e-02
9.000000e-01 4.855530e-02
9.100000e-01 4.576647e-02
9.200000e-01 4.312727e-02
9.300000e-01 4.063096e-02
9.400000e-01 3.827101e-02
9.500000e-01 3.604104e-02
9.600000e-01 3.393482e-02
9.700000e-01 3.194633e-02
9.800000e-01 3.006973e-02
9.900000e-01 2.829934e-02
1.000000e+00 2.662969e-02
1.010000e+00 2.505550e-02
1.020000e+00 2.357167e-02
1.030000e+00 2.217329e-02
1.040000e+00 2.085567e-02
1.050000e+00 1.961427e-02
1.060000e+00 1.844477e-02
1.070000e+00 1.734304e-02
1.080000e+00 1.630512e-02
1.090000e+00 1.532725e-02
1.100000e+00 1.440585e-02
1.110000e+00 1.353751e-02
1.120000e+00 1.271901e-02
1.130000e+00 1.194729e-02
1.140000e+00 1.121947e-02
1.150000e+00 1.053282e-02
1.160000e+00 9.884772e-03
1.170000e+00 9.272910e-03
1.180000e+00 8.694965e-03
1.190000e+00 8.148808e-03
1.200000e+00 7.632443e-03
1.210000e+00 7.144000e-03
1.220000e+00 6.681734e-03
1.230000e+00 6.244009e-03
1.240000e+00 5.829302e-03
1.250000e+00 5.436189e-03
1.260000e+00 5.063343e-03
1.270000e+00 4.709525e-03
1.280000e+00 4.373579e-03
1.290000e+00 4.054429e-03
1.300000e+00 3.751071e-03
1.310000e+00 3.462568e-03
1.320000e+00 3.188047e-03
1.330000e+00 2.926693e-03
1.340000e+00 2.677750e-03
1.350000e+00 2.440509e-03
1.360000e+00 2.214313e-03
1.370000e+00 1.998551e-03
1.380000e+00 1.792656e-03
1.390000e+00 1.596101e-03
1.400000e+00 1.408401e-03
1.410000e+00 1.229107e-03
1.420000e+00 1.057808e-03
1.430000e+00 8.941282e-04
1.440000e+00 7.377228e-04
1.450000e+00 5.882806e-04
1.460000e+00 4.455200e-04
1.470000e+00 3.091877e-04
1.480000e+00 1.790569e-04
1.490000e+00 5.492542e-05
1.500000e+00 -6.338674e-05
1.510000e+00 -1.760395e-04
1.520000e+00 -2.831754e-04
1.530000e+00 -3.849217e-04
1.540000e+00 -4.813938e-04
1.550000e+00 -5.726972e-04
1.560000e+00 -6.589309e-04
1.570000e+00 -7.401899e-04
1.580000e+00 -8.165677e-04
1.590000e+00 -8.881590e-04
1.600000e+00 -9.550622e-04
1.610000e+00 -1.017381e-03
1.620000e+00 -1.075227e-03
1.630000e+00 -1.128721e-03
1.640000e+00 -1.177992e-03
1.650000e+00 -1.223184e-03
1.660000e+00 -1.264448e-03
1.670000e+00 -1.301951e-03
1.680000e+00 -1.335866e-03
1.690000e+00 -1.366382e-03
1.700000e+00 -1.393695e-03
1.710000e+00 -1.418007e-03
1.720000e+00 -1.439530e-03
1.730000e+00 -1.458480e-03
1.740000e+00 -1.475076e-03
1.750000e+00 -1.489536e-03
1.760000e+00 -1.502078e-03
1.770000e+00 -1.512918e-03
1.780000e+00 -1.522264e-03
1.790000e+00 -1.530318e-03
1.800000e+00 -1.537273e-03
1.810000e+00 -1.543311e-03
1.820000e+00 -1.548600e-03
1.830000e+00 -1.553298e-03
1.840000e+00 -1.557546e-03
1.850000e+00 -1.561471e-03
1.860000e+00 -1.565186e-03
1.870000e+00 -1.568787e-03
1.880000e+00 -1.572356e-03
1.890000e+00 -1.575958e-03
1.900000e+00 -1.579647e-03
1.910000e+00 -1.583461e-03
1.920000e+00 -1.587426e-03
1.930000e+00 -1.591554e-03
1.940000e+00 -1.595849e-03
1.950000e+00 -1.600302e-03
1.960000e+00 -1.604898e-03
1.970000e+00 -1.609611e-03
1.980000e+00 -1.614409e-03
1.990000e+00 -1.619254e-03
2.000000e+00 -1.624100e-03
2.010000e+00 -1.628899e-03
2.020000e+00 -1.633597e-03
2.030000e+00 -1.638138e-03
2.040000e+00 -1.642459e-03
2.050000e+00 -1.646498e-03
2.060000e+00 -1.650189e-03
2.070000e+00 -1.653464e-03
2.080000e+00 -1.656252e-03
2.090000e+00 -1.658484e-03
2.100000e+00 -1.660086e-03
2.110000e+00 -1.660986e-03
2.120000e+00 -1.661109e-03
2.130000e+00 -1.660382e-03
2.140000e+00 -1.658732e-03
2.150000e+00 -1.656086e-03
2.160000e+00 -1.652371e-03
2.170000e+00 -1.647518e-03
2.180000e+00 -1.641458e-03
2.190000e+00 -1.634125e-03
2.200000e+00 -1.625456e-03
2.210000e+00 -1.615390e-03
2.220000e+00 -1.603871e-03
2.230000e+00 -1.590846e-03
2.240000e+00 -1.576266e-03
2.250000e+00 -1.560087e-03
2.260000e+00 -1.542267e-03
2.270000e+00 -1.522773e-03
2.280000e+00 -1.501573e-03
2.290000e+00 -1.478643e-03
2.300000e+00 -1.453962e-03
2.310000e+00 -1.427516e-03
2.320000e+00 -1.399294e-03
2.330000e+00 -1.369295e-03
2.340000e+00 -1.337518e-03
2.350000e+00 -1.303975e-03
2.360000e+00 -1.268678e-03
2.370000e+00 -1.231650e-03
2.380000e+00 -1.192920e-03
2.390000e+00 -1.152524e-03
2.400000e+00 -1.110508e-03
2.410000e+00 -1.066926e-03
2.420000e+00 -1.021840e-03
2.430000e+00 -9.753235e-04
2.440000e+00 -9.274602e-04
2.450000e+00 -8.783441e-04
2.460000e+00 -8.280807e-04
2.470000e+00 -7.767866e-04
2.480000e+00 -7.245903e-04
2.490000e+00 -6.716313e-04
2.500000e+00 -6.180604e-04
2.510000e+00 -5.640392e-04
2.520000e+00 -5.097392e-04
2.530000e+00 -4.553408e-04
2.540000e+00 -4.010327e-04
2.550000e+00 -3.470099e-04
2.560000e+00 -2.934726e-04
2.570000e+00 -2.406243e-04
2.580000e+00 -1.886700e-04
2.590000e+00 -1.378140e-04
2.600000e+00 -8.825809e-05
2.610000e+00 -4.019931e-05
2.620000e+00 6.172230e-06
2.630000e+00 5.067537e-05
2.640000e+00 9.313990e-05
2.650000e+00 1.334084e-04
2.660000e+00 1.713379e-04
2.670000e+00 2.068015e-04
2.680000e+00 2.396893e-04
2.690000e+00 2.699098e-04
2.700000e+00 2.973901e-04
2.710000e+00 3.220769e-04
2.720000e+00 3.439360e-04
2.730000e+00 3.629528e-04
2.740000e+00 3.791314e-04
2.750000e+00 3.924941e-04
2.760000e+00 4.030809e-04
2.770000e+00 4.109478e-04
2.780000e+00 4.161660e-04
2.790000e+00 4.188207e-04
2.800000e+00 4.190094e-04
2.810000e+00 4.168406e-04
2.820000e+00 4.124324e-04
2.830000e+00 4.059111e-04
2.840000e+00 3.974094e-04
2.850000e+00 3.870658e-04
2.860000e+00 3.750228e-04
2.870000e+00 3.614257e-04
2.880000e+00 3.464220e-04
2.890000e+00 3.301601e-04
2.900000e+00 3.127881e-04
2.910000e+00 2.944538e-04
2.920000e+00 2.753029e-04
2.930000e+00 2.554791e-04
2.940000e+00 2.351229e-04
2.950000e+00 2.143710e-04
2.960000e+00 1.933553e-04
2.970000e+00 1.722028e-04
2.980000e+00 1.510338e-04
2.990000e+00 1.299619e-04
3.000000e+00 1.090926e-04
3.010000e+00 8.852234e-05
3.020000e+00 6.833777e-05
3.030000e+00 4.861452e-05
3.040000e+00 2.941626e-05
3.050000e+00 1.079375e-05
3.060000e+00 -7.216033e-06
3.070000e+00 -2.459076e-05
3.080000e+00 -4.132336e-05
3.090000e+00 -5.742253e-05
3.100000e+00 -7.291304e-05
3.110000e+00 -8.783577e-05
3.120000e+00 -1.022476e-04
3.130000e+00 -1.162207e-04
3.140000e+00 -1.298423e-04
3.150000e+00 -1.432130e-04
3.160000e+00 -1.564457e-04
3.170000e+00 -1.696643e-04
3.180000e+00 -1.830013e-04
3.190000e+00 -1.965959e-04
3.200000e+00 -2.105918e-04
3.210000e+00 -2.251345e-04
3.220000e+00 -2.403689e-04
3.230000e+00 -2.564365e-04
3.240000e+00 -2.734729e-04
3.250000e+00 -2.916051e-04
3.260000e+00 -3.109490e-04
3.270000e+00 -3.316072e-04
3.280000e+00 -3.536664e-04
3.290000e+00 -3.771963e-04
3.300000e+00 -4.022471e-04
3.310000e+00 -4.288490e-04
3.320000e+00 -4.570107e-04
3.330000e+00 -4.867190e-04
3.340000e+00 -5.179386e-04
3.350000e+00 -5.506122e-04
3.360000e+00 -5.846609e-04
3.370000e+00 -6.199850e-04
3.380000e+00 -6.564651e-04
3.390000e+00 -6.939633e-04
3.400000e+00 -7.323250e-04
3.410000e+00 -7.713808e-04
3.420000e+00 -8.109479e-04
3.430000e+00 -8.508326e-04
3.440000e+00 -8.908323e-04
3.450000e+00 -9.307375e-04
3.460000e+00 -9.703344e-04
3.470000e+00 -1.009406e-03
3.480000e+00 -1.047736e-03
3.490000e+00 -1.085109e-03
3.500000e+00 -1.121313e-03
3.510000e+00 -1.156142e-03
3.520000e+00 -1.189394e-03
3.530000e+00 -1.220880e-03
3.540000e+00 -1.250418e-03
3.550000e+00 -1.277836e-03
3.560000e+00 -1.302978e-03
3.570000e+00 -1.325697e-03
3.580000e+00 -1.345864e-03
3.590000e+00 -1.363362e-03
3.600000e+00 -1.378091e-03
3.610000e+00 -1.389968e-03
3.620000e+00 -1.398926e-03
3.630000e+00 -1.404915e-03
3.640000e+00 -1.407902e-03
3.650000e+00 -1.407874e-03
3.660000e+00 -1.404833e-03
3.670000e+00 -1.398801e-03
3.680000e+00 -1.389816e-03
3.690000e+00 -1.377932e-03
3.700000e+00 -1.363223e-03
3.710000e+00 -1.345777e-03
3.720000e+00 -1.325695e-03
3.730000e+00 -1.303096e-03
3.740000e+00 -1.278110e-03
3.750000e+00 -1.250879e-03
3.760000e+00 -1.221555e-03
3.770000e+00 -1.190299e-03
3.780000e+00 -1.157278e-03
3.790000e+00 -1.122667e-03
3.800000e+00 -1.086640e-03
3.810000e+00 -1.049377e-03
3.820000e+00 -1.011055e-03
3.830000e+00 -9.718492e-04
3.840000e+00 -9.319310e-04
3.850000e+00 -8.914661e-04
3.860000e+00 -8.506130e-04
3.870000e+00 -8.095213e-04
3.880000e+00 -7.683308e-04
3.890000e+00 -7.271701e-04
3.900000e+00 -6.861561e-04
3.910000e+00 -6.453931e-04
3.920000e+00 -6.049727e-04
3.930000e+00 -5.649732e-04
3.940000e+00 -5.254601e-04
3.950000e+00 -4.864862e-04
3.960000e+00 -4.480920e-04
3.970000e+00 -4.103067e-04
3.980000e+00 -3.731484e-04
3.990000e+00 -3.366261e-04
4.000000e+00 -3.007395e-04
4.010000e+00 -2.654815e-04
4.020000e+00 -2.308386e-04
4.030000e+00 -1.967922e-04
4.040000e+00 -1.633205e-04
4.050000e+00 -1.303993e-04
4.060000e+00 -9.800313e-05
4.070000e+00 -6.610706e-05
4.080000e+00 -3.468730e-05
4.090000e+00 -3.722461e-06
4.100000e+00 2.680547e-05
4.110000e+00 5.691026e-05
4.120000e+00 8.660069e-05
4.130000e+00 1.158798e-04
4.140000e+00 1.447445e-04
4.150000e+00 1.731849e-04
4.160000e+00 2.011841e-04
4.170000e+00 2.287178e-04
4.180000e+00 2.557546e-04
4.190000e+00 2.822554e-04
4.200000e+00 3.081738e-04
4.210000e+00 3.334564e-04
4.220000e+00 3.580429e-04
4.230000e+00 3.818666e-04
4.240000e+00 4.048549e-04
4.250000e+00 4.269301e-04
4.260000e+00 4.480100e-04
4.270000e+00 4.680088e-04
4.280000e+00 4.868382e-04
4.290000e+00 5.044083e-04
4.300000e+00 5.206289e-04
4.310000e+00 5.354106e-04
4.320000e+00 5.486665e-04
4.330000e+00 5.603129e-04
4.340000e+00 5.702712e-04
4.350000e+00 5.784692e-04
4.360000e+00 5.848422e-04
4.370000e+00 5.893346e-04
4.380000e+00 5.919006e-04
4.390000e+00 5.925061e-04
4.400000e+00 5.911289e-04
4.410000e+00 5.877597e-04
4.420000e+00 5.824028e-04
4.430000e+00 5.750763e-04
4.440000e+00 5.658126e-04
4.450000e+00 5.546578e-04
4.460000e+00 5.416714e-04
4.470000e+00 5.269261e-04
4.480000e+00 5.105068e-04
4.490000e+00 4.925092e-04
4.500000e+00 4.730391e-04
4.510000e+00 4.522104e-04
4.520000e+00 4.301441e-04
4.530000e+00 4.069661e-04
4.540000e+00 3.828058e-04
4.550000e+00 3.577943e-04
4.560000e+00 3.320623e-04
4.570000e+00 3.057389e-04
4.580000e+00 2.789498e-04
4.590000e+00 2.518155e-04
4.600000e+00 2.244507e-04
4.610000e+00 1.969624e-04
4.620000e+00 1.694498e-04
4.630000e+00 1.420032e-04
4.640000e+00 1.147034e-04
4.650000e+00 8.762216e-05
4.660000e+00 6.082178e-05
4.670000e+00 3.435550e-05
4.680000e+00 8.268011e-06
4.690000e+00 -1.740391e-05
4.700000e+00 -4.263059e-05
4.710000e+00 -6.738859e-05
4.720000e+00 -9.165969e-05
4.730000e+00 -1.154299e-04
4.740000e+00 -1.386883e-04
4.750000e+00 -1.614264e-04
4.760000e+00 -1.836368e-04
4.770000e+00 -2.053124e-04
4.780000e+00 -2.264460e-04
4.790000e+00 -2.470292e-04
4.800000e+00 -2.670522e-04
4.810000e+00 -2.865034e-04
4.820000e+00 -3.053691e-04
4.830000e+00 -3.236334e-04
4.840000e+00 -3.412781e-04
4.850000e+00 -3.582832e-04
4.860000e+00 -3.746267e-04
4.870000e+00 -3.902850e-04
4.880000e+00 -4.052330e-04
4.890000e+00 -4.194451e-04
4.900000e+00 -4.328946e-04
4.910000e+00 -4.455547e-04
4.920000e+00 -4.573986e-04
4.930000e+00 -4.683997e-04
4.940000e+00 -4.785320e-04
4.950000e+00 -4.877699e-04
4.960000e+00 -4.960892e-04
4.970000e+00 -5.034663e-04
4.980000e+00 -5.098789e-04
4.990000e+00 -5.153060e-04
5.000000e+00 -5.197282e-04
5.010000e+00 -5.231274e-04
5.020000e+00 -5.254877e-04
5.030000e+00 -5.267953e-04
5.040000e+00 -5.270389e-04
5.050000e+00 -5.262103e-04
5.060000e+00 -5.243048e-04
5.070000e+00 -5.213218e-04
5.080000e+00 -5.172659e-04
5.090000e+00 -5.121471e-04
5.100000e+00 -5.059821e-04
5.110000e+00 -4.987950e-04
5.120000e+00 -4.906180e-04
5.130000e+00 -4.814926e-04
5.140000e+00 -4.714698e-04
5.150000e+00 -4.606114e-04
5.160000e+00 -4.489902e-04
5.170000e+00 -4.366902e-04
5.180000e+00 -4.238071e-04
5.190000e+00 -4.104479e-04
5.200000e+00 -3.967308e-04
5.210000e+00 -3.827845e-04
5.220000e+00 -3.687474e-04
5.230000e+00 -3.547664e-04
5.240000e+00 -3.409955e-04
5.250000e+00 -3.275941e-04
5.260000e+00 -3.147253e-04
5.270000e+00 -3.025540e-04
5.280000e+00 -2.912442e-04
5.290000e+00 -2.809574e-04
5.300000e+00 -2.718499e-04
5.310000e+00 -2.640708e-04
5.320000e+00 -2.577597e-04
5.330000e+00 -2.530447e-04
5.340000e+00 -2.500406e-04
5.350000e+00 -2.488477e-04
5.360000e+00 -2.495497e-04
5.370000e+00 -2.522136e-04
5.380000e+00 -2.568886e-04
5.390000e+00 -2.636061e-04
5.400000e+00 -2.723797e-04
5.410000e+00 -2.832059e-04
5.420000e+00 -2.960649e-04
5.430000e+00 -3.109218e-04
5.440000e+00 -3.277280e-04
5.450000e+00 -3.464233e-04
5.460000e+00 -3.669375e-04
5.470000e+00 -3.891926e-04
5.480000e+00 -4.131053e-04
5.490000e+00 -4.385887e-04
5.500000e+00 -4.655548e-04
5.510000e+00 -4.939166e-04
5.520000e+00 -5.235898e-04
5.530000e+00 -5.544946e-04
5.540000e+00 -5.865573e-04
5.550000e+00 -6.197114e-04
5.560000e+00 -6.538981e-04
5.570000e+00 -6.890676e-04
5.580000e+00 -7.251785e-04
5.590000e+00 -7.621984e-04
5.600000e+00 -8.001027e-04
5.610000e+00 -8.388746e-04
5.620000e+00 -8.785035e-04
5.630000e+00 -9.189842e-04
5.640000e+00 -9.603152e-04
5.650000e+00 -1.002497e-03
5.660000e+00 -1.045532e-03
5.670000e+00 -1.089419e-03
5.680000e+00 -1.134156e-03
5.690000e+00 -1.179735e-03
5.700000e+00 -1.226143e-03
5.710000e+00 -1.273358e-03
5.720000e+00 -1.321352e-03
5.730000e+00 -1.370082e-03
5.740000e+00 -1.419499e-03
5.750000e+00 -1.469538e-03
5.760000e+00 -1.520124e-03
5.770000e+00 -1.571169e-03
5.780000e+00 -1.622572e-03
5.790000e+00 -1.674220e-03
5.800000e+00 -1.725987e-03
5.810000e+00 -1.777735e-03
5.820000e+00 -1.829317e-03
5.830000e+00 -1.880575e-03
5.840000e+00 -1.931340e-03
5.850000e+00 -1.981438e-03
5.860000e+00 -2.030688e-03
5.870000e+00 -2.078901e-03
5.880000e+00 -2.125888e-03
5.890000e+00 -2.171454e-03
5.900000e+00 -2.215406e-03
5.910000e+00 -2.257548e-03
5.920000e+00 -2.297691e-03
5.930000e+00 -2.335644e-03
5.940000e+00 -2.371226e-03
5.950000e+00 -2.404259e-03
5.960000e+00 -2.434576e-03
5.970000e+00 -2.462017e-03
5.980000e+00 -2.486435e-03
5.990000e+00 -2.507693e-03
6.000000e+00 -2.525669e-03
6.010000e+00 -2.540256e-03
6.020000e+00 -2.551362e-03
6.030000e+00 -2.558910e-03
6.040000e+00 -2.562842e-03
6.050000e+00 -2.563117e-03
6.060000e+00 -2.559712e-03
6.070000e+00 -2.552623e-03
6.080000e+00 -2.541865e-03
6.090000e+00 -2.527469e-03
6.100000e+00 -2.509485e-03
6.110000e+00 -2.487982e-03
6.120000e+00 -2.463042e-03
6.130000e+00 -2.434767e-03
6.140000e+00 -2.403271e-03
6.150000e+00 -2.368680e-03
6.160000e+00 -2.331135e-03
6.170000e+00 -2.290787e-03
6.180000e+00 -2.247794e-03
6.190000e+00 -2.202323e-03
6.200000e+00 -2.154548e-03
6.210000e+00 -2.104645e-03
6.220000e+00 -2.052794e-03
6.230000e+00 -1.999178e-03
6.240000e+00 -1.943978e-03
6.250000e+00 -1.887376e-03
6.260000e+00 -1.829551e-03
6.270000e+00 -1.770681e-03
6.280000e+00 -1.710937e-03
6.290000e+00 -1.650490e-03
6.300000e+00 -1.589505e-03
6.310000e+00 -1.528142e-03
6.320000e+00 -1.466557e-03
6.330000e+00 -1.404902e-03
6.340000e+00 -1.343322e-03
6.350000e+00 -1.281959e-03
6.360000e+00 -1.220951e-03
6.370000e+00 -1.160431e-03
6.380000e+00 -1.100528e-03
6.390000e+00 -1.041367e-03
6.400000e+00 -9.830692e-04
6.410000e+00 -9.257514e-04
6.420000e+00 -8.695265e-04
6.430000e+00 -8.145027e-04
6.440000e+00 -7.607836e-04
6.450000e+00 -7.084679e-04
6.460000e+00 -6.576483e-04
6.470000e+00 -6.084116e-04
6.480000e+00 -5.608381e-04
6.490000e+00 -5.150004e-04
6.500000e+00 -4.709637e-04
6.510000e+00 -4.287846e-04
6.520000e+00 -3.885110e-04
6.530000e+00 -3.501816e-04
6.540000e+00 -3.138256e-04
6.550000e+00 -2.794627e-04
6.560000e+00 -2.471031e-04
6.570000e+00 -2.167474e-04
6.580000e+00 -1.883872e-04
6.590000e+00 -1.620056e-04
6.600000e+00 -1.375775e-04
6.610000e+00 -1.150709e-04
6.620000e+00 -9.444692e-05
6.630000e+00 -7.566171e-05
6.640000e+00 -5.866677e-05
6.650000e+00 -4.341027e-05
6.660000e+00 -2.983802e-05
6.670000e+00 -1.789447e-05
6.680000e+00 -7.523638e-06
6.690000e+00 1.330023e-06
6.700000e+00 8.720957e-06
6.710000e+00 1.470191e-05
6.720000e+00 1.932353e-05
6.730000e+00 2.263410e-05
6.740000e+00 2.467949e-05
6.750000e+00 2.550326e-05
6.760000e+00 2.514687e-05
6.770000e+00 2.365010e-05
6.780000e+00 2.105157e-05
6.790000e+00 1.738933e-05
6.800000e+00 1.270154e-05
6.810000e+00 7.027138e-06
6.820000e+00 4.065909e-07
6.830000e+00 -7.117494e-06
6.840000e+00 -1.549976e-05
6.850000e+00 -2.469163e-05
6.860000e+00 -3.464092e-05
6.870000e+00 -4.529164e-05
6.880000e+00 -5.658394e-05
6.890000e+00 -6.845421e-05
6.900000e+00 -8.083540e-05
6.910000e+00 -9.365746e-05
6.920000e+00 -1.068480e-04
6.930000e+00 -1.203329e-04
6.940000e+00 -1.340374e-04
6.950000e+00 -1.478871e-04
6.960000e+00 -1.618086e-04
6.970000e+00 -1.757310e-04
6.980000e+00 -1.895868e-04
6.990000e+00 -2.033128e-04
7.000000e+00 -2.168514e-04
7.010000e+00 -2.301508e-04
7.020000e+00 -2.431665e-04
7.030000e+00 -2.558611e-04
7.040000e+00 -2.682052e-04
7.050000e+00 -2.801774e-04
7.060000e+00 -2.917642e-04
7.070000e+00 -3.029601e-04
7.080000e+00 -3.137669e-04
7.090000e+00 -3.241934e-04
7.100000e+00 -3.342546e-04
7.110000e+00 -3.439711e-04
7.120000e+00 -3.533675e-04
7.130000e+00 -3.624722e-04
7.140000e+00 -3.713160e-04
7.150000e+00 -3.799308e-04
7.160000e+00 -3.883487e-04
7.170000e+00 -3.966010e-04
7.180000e+00 -4.047172e-04
7.190000e+00 -4.127240e-04
7.200000e+00 -4.206444e-04
7.210000e+00 -4.284972e-04
7.220000e+00 -4.362963e-04
7.230000e+00 -4.440503e-04
7.240000e+00 -4.517622e-04
7.250000e+00 -4.594292e-04
7.260000e+00 -4.670426e-04
7.270000e+00 -4.745879e-04
7.280000e+00 -4.820452e-04
7.290000e+00 -4.893892e-04
7.300000e+00 -4.965898e-04
7.310000e+00 -5.036125e-04
7.320000e+00 -5.104190e-04
7.330000e+00 -5.169676e-04
7.340000e+00 -5.232144e-04
7.350000e+00 -5.291132e-04
7.360000e+00 -5.346169e-04
7.370000e+00 -5.396780e-04
7.380000e+00 -5.442494e-04
7.390000e+00 -5.482850e-04
7.400000e+00 -5.517409e-04
7.410000e+00 -5.545756e-04
7.420000e+00 -5.567513e-04
7.430000e+00 -5.582344e-04
7.440000e+00 -5.589963e-04
7.450000e+00 -5.590139e-04
7.460000e+00 -5.582708e-04
7.470000e+00 -5.567572e-04
7.480000e+00 -5.544710e-04
7.490000e+00 -5.514182e-04
7.500000e+00 -5.476129e-04
7.510000e+00 -5.430781e-04
7.520000e+00 -5.378456e-04
7.530000e+00 -5.319559e-04
7.540000e+00 -5.254583e-04
7.550000e+00 -5.184107e-04
7.560000e+00 -5.108789e-04
7.570000e+00 -5.029362e-04
7.580000e+00 -4.946626e-04
7.590000e+00 -4.861440e-04
7.600000e+00 -4.774709e-04
7.610000e+00 -4.687375e-04
7.620000e+00 -4.600404e-04
7.630000e+00 -4.514768e-04
7.640000e+00 -4.431437e-04
7.650000e+00 -4.351359e-04
7.660000e+00 -4.275448e-04
7.670000e+00 -4.204569e-04
7.680000e+00 -4.139526e-04
7.690000e+00 -4.081047e-04
7.700000e+00 -4.029774e-04
7.710000e+00 -3.986256e-04
7.720000e+00 -3.950938e-04
7.730000e+00 -3.924157e-04
7.740000e+00 -3.906141e-04
7.750000e+00 -3.897007e-04
7.760000e+00 -3.896761e-04
7.770000e+00 -3.905307e-04
7.780000e+00 -3.922447e-04
7.790000e+00 -3.947895e-04
7.800000e+00 -3.981283e-04
7.810000e+00 -4.022175e-04
7.820000e+00 -4.070077e-04
7.830000e+00 -4.124453e-04
7.840000e+00 -4.184734e-04
7.850000e+00 -4.250335e-04
7.860000e+00 -4.320665e-04
7.870000e+00 -4.395139e-04
7.880000e+00 -4.473188e-04
7.890000e+00 -4.554270e-04
7.900000e+00 -4.637873e-04
7.910000e+00 -4.723522e-04
7.920000e+00 -4.810780e-04
7.930000e+00 -4.899253e-04
7.940000e+00 -4.988585e-04
7.950000e+00 -5.078456e-04
7.960000e+00 -5.168577e-04
7.970000e+00 -5.258688e-04
7.980000e+00 -5.348545e-04
7.990000e+00 -5.437918e-04
8.000000e+00 -5.526582e-04
8.010000e+00 -5.614307e-04
8.020000e+00 -5.700853e-04
8.030000e+00 -5.785964e-04
8.040000e+00 -5.869364e-04
8.050000e+00 -5.950749e-04
8.060000e+00 -6.029790e-04
8.070000e+00 -6.106127e-04
8.080000e+00 -6.179378e-04
8.090000e+00 -6.249132e-04
8.100000e+00 -6.314965e-04
8.110000e+00 -6.376437e-04
8.120000e+00 -6.433103e-04
8.130000e+00 -6.484523e-04
8.140000e+00 -6.530270e-04
8.150000e+00 -6.569939e-04
8.160000e+00 -6.603158e-04
8.170000e+00 -6.629596e-04
8.180000e+00 -6.648974e-04
8.190000e+00 -6.661070e-04
8.200000e+00 -6.665727e-04
8.210000e+00 -6.662860e-04
8.220000e+00 -6.652455e-04
8.230000e+00 -6.634573e-04
8.240000e+00 -6.609351e-04
8.250000e+00 -6.576996e-04
8.260000e+00 -6.537785e-04
8.270000e+00 -6.492058e-04
8.280000e+00 -6.440210e-04
8.290000e+00 -6.382685e-04
8.300000e+00 -6.319963e-04
8.310000e+00 -6.252555e-04
8.320000e+00 -6.180990e-04
8.330000e+00 -6.105805e-04
8.340000e+00 -6.027534e-04
8.350000e+00 -5.946701e-04
8.360000e+00 -5.863809e-04
8.370000e+00 -5.779333e-04
8.380000e+00 -5.693711e-04
8.390000e+00 -5.607341e-04
8.400000e+00 -5.520574e-04
8.410000e+00 -5.433709e-04
8.420000e+00 -5.346995e-04
8.430000e+00 -5.260625e-04
8.440000e+00 -5.174738e-04
8.450000e+00 -5.089418e-04
8.460000e+00 -5.004694e-04
8.470000e+00 -4.920542e-04
8.480000e+00 -4.836889e-04
8.490000e+00 -4.753609e-04
8.500000e+00 -4.670532e-04
8.510000e+00 -4.587438e-04
8.520000e+00 -4.504069e-04
8.530000e+00 -4.420121e-04
8.540000e+00 -4.335253e-04
8.550000e+00 -4.249086e-04
8.560000e+00 -4.161206e-04
8.570000e+00 -4.071167e-04
8.580000e+00 -3.978495e-04
8.590000e+00 -3.882691e-04
8.600000e+00 -3.783236e-04
8.610000e+00 -3.679595e-04
8.620000e+00 -3.571226e-04
8.630000e+00 -3.457584e-04
8.640000e+00 -3.338135e-04
8.650000e+00 -3.212359e-04
8.660000e+00 -3.079765e-04
8.670000e+00 -2.939900e-04
8.680000e+00 -2.792361e-04
8.690000e+00 -2.636810e-04
8.700000e+00 -2.472980e-04
8.710000e+00 -2.300694e-04
8.720000e+00 -2.119871e-04
8.730000e+00 -1.930538e-04
8.740000e+00 -1.732839e-04
8.750000e+00 -1.527041e-04
8.760000e+00 -1.313540e-04
8.770000e+00 -1.092861e-04
8.780000e+00 -8.656619e-05
8.790000e+00 -6.327232e-05
8.800000e+00 -3.949481e-05
8.810000e+00 -1.533495e-05
8.820000e+00 9.096159e-06
8.830000e+00 3.367912e-05
8.840000e+00 5.828808e-05
8.850000e+00 8.279272e-05
8.860000e+00 1.070604e-04
8.870000e+00 1.309587e-04
8.880000e+00 1.543575e-04
8.890000e+00 1.771317e-04
8.900000e+00 1.991636e-04
8.910000e+00 2.203450e-04
8.920000e+00 2.405795e-04
8.930000e+00 2.597845e-04
8.940000e+00 2.778926e-04
8.950000e+00 2.948534e-04
8.960000e+00 3.106339e-04
8.970000e+00 3.252199e-04
8.980000e+00 3.386156e-04
8.990000e+00 3.508438e-04
9.000000e+00 3.619453e-04
9.010000e+00 3.719781e-04
9.020000e+00 3.810159e-04
9.030000e+00 3.891470e-04
9.040000e+00 3.964719e-04
9.050000e+00 4.031019e-04
9.060000e+00 4.091564e-04
9.070000e+00 4.147607e-04
9.080000e+00 4.200437e-04
9.090000e+00 4.251358e-04
9.100000e+00 4.301660e-04
9.110000e+00 4.352602e-04
9.120000e+00 4.405389e-04
9.130000e+00 4.461157e-04
9.140000e+00 4.520954e-04
9.150000e+00 4.585727e-04
9.160000e+00 4.656313e-04
9.170000e+00 4.733431e-04
9.180000e+00 4.817675e-04
9.190000e+00 4.909514e-04
9.200000e+00 5.009290e-04
9.210000e+00 5.117222e-04
9.220000e+00 5.233410e-04
9.230000e+00 5.357839e-04
9.240000e+00 5.490391e-04
9.250000e+00 5.630847e-04
9.260000e+00 5.778903e-04
9.270000e+00 5.934172e-04
9.280000e+00 6.096199e-04
9.290000e+00 6.264465e-04
9.300000e+00 6.438402e-04
9.310000e+00 6.617392e-04
9.320000e+00 6.800781e-04
9.330000e+00 6.987881e-04
9.340000e+00 7.177977e-04
9.350000e+00 7.370329e-04
9.360000e+00 7.564177e-04
9.370000e+00 7.758742e-04
9.380000e+00 7.953232e-04
9.390000e+00 8.146836e-04
9.400000e+00 8.338733e-04
9.410000e+00 8.528089e-04
9.420000e+00 8.714058e-04
9.430000e+00 8.895786e-04
9.440000e+00 9.072412e-04
9.450000e+00 9.243069e-04
9.460000e+00 9.406888e-04
9.470000e+00 9.563002e-04
9.480000e+00 9.710551e-04
9.490000e+00 9.848685e-04
9.500000e+00 9.976569e-04
9.510000e+00 1.009339e-03
9.520000e+00 1.019837e-03
9.530000e+00 1.029076e-03
9.540000e+00 1.036985e-03
9.550000e+00 1.043498e-03
9.560000e+00 1.048556e-03
9.570000e+00 1.052105e-03
9.580000e+00 1.054098e-03
9.590000e+00 1.054495e-03
9.600000e+00 1.053266e-03
9.610000e+00 1.050386e-03
9.620000e+00 1.045842e-03
9.630000e+00 1.039628e-03
9.640000e+00 1.031750e-03
9.650000e+00 1.022220e-03
9.660000e+00 1.011061e-03
9.670000e+00 9.983062e-04
9.680000e+00 9.839973e-04
9.690000e+00 9.681847e-04
9.700000e+00 9.509278e-04
9.710000e+00 9.322941e-04
9.720000e+00 9.123587e-04
9.730000e+00 8.912038e-04
9.740000e+00 8.689178e-04
9.750000e+00 8.455951e-04
9.760000e+00 8.213343e-04
9.770000e+00 7.962381e-04
9.780000e+00 7.704121e-04
9.790000e+00 7.439635e-04
9.800000e+00 7.170003e-04
9.810000e+00 6.896303e-04
9.820000e+00 6.619595e-04
9.830000e+00 6.340916e-04
9.840000e+00 6.061264e-04
9.850000e+00 5.781590e-04
9.860000e+00 5.502786e-04
9.870000e+00 5.225679e-04
9.880000e+00 4.951018e-04
9.890000e+00 4.679471e-04
9.900000e+00 4.411617e-04
9.910000e+00 4.147944e-04
9.920000e+00 3.888844e-04
9.930000e+00 3.634614e-04
9.940000e+00 3.385459e-04
9.950000e+00 3.141496e-04
9.960000e+00 2.902754e-04
9.970000e+00 2.669191e-04
9.980000e+00 2.440698e-04
9.990000e+00 2.217111e-04
1.000000e+01 1.998225e-04
