# sigma2_v 9.193610580004359e+00
0.000000e+00 1.000000e+00
1.000000e-02 9.995404e-01
2.000000e-02 9.981630e-01
3.000000e-02 9.958718e-01
4.000000e-02 9.926734e-01
5.000000e-02 9.885769e-01
6.000000e-02 9.835942e-01
7.000000e-02 9.777394e-01
8.000000e-02 9.710292e-01
9.000000e-02 9.634827e-01
1.000000e-01 9.551210e-01
1.100000e-01 9.459676e-01
1.200000e-01 9.360479e-01
1.300000e-01 9.253891e-01
1.400000e-01 9.140205e-01
1.500000e-01 9.019726e-01
1.600000e-01 8.892777e-01
1.700000e-01 8.759694e-01
1.800000e-01 8.620825e-01
1.900000e-01 8.476526e-01
2.000000e-01 8.327167e-01
2.100000e-01 8.173119e-01
2.200000e-01 8.014763e-01
2.300000e-01 7.852482e-01
2.400000e-01 7.686663e-01
2.500000e-01 7.517693e-01
2.600000e-01 7.345958e-01
2.700000e-01 7.171842e-01
2.800000e-01 6.995728e-01
2.900000e-01 6.817990e-01
3.000000e-01 6.639000e-01
3.100000e-01 6.459121e-01
3.200000e-01 6.278706e-01
3.300000e-01 6.098102e-01
3.400000e-01 5.917642e-01
3.500000e-01 5.737651e-01
3.600000e-01 5.558438e-01
3.700000e-01 5.380302e-01
3.800000e-01 5.203527e-01
3.900000e-01 5.028384e-01
4.000000e-01 4.855128e-01
4.100000e-01 4.684000e-01
4.200000e-01 4.515225e-01
4.300000e-01 4.349013e-01
4.400000e-01 4.185559e-01
4.500000e-01 4.025041e-01
4.600000e-01 3.867622e-01
4.700000e-01 3.713448e-01
4.800000e-01 3.562653e-01
4.900000e-01 3.415352e-01
5.000000e-01 3.271648e-01
5.100000e-01 3.131627e-01
5.200000e-01 2.995363e-01
5.300000e-01 2.862915e-01
5.400000e-01 2.734328e-01
5.500000e-01 2.609637e-01
5.600000e-01 2.488862e-01
5.700000e-01 2.372013e-01
5.800000e-01 2.259087e-01
5.900000e-01 2.150074e-01
6.000000e-01 2.044950e-01
6.100000e-01 1.943685e-01
6.200000e-01 1.846238e-01
6.300000e-01 1.752564e-01
6.400000e-01 1.662606e-01
6.500000e-01 1.576303e-01
6.600000e-01 1.493588e-01
6.700000e-01 1.414387e-01
6.800000e-01 1.338623e-01
6.900000e-01 1.266215e-01
7.000000e-01 1.197076e-01
7.100000e-01 1.131117e-01
7.200000e-01 1.068248e-01
7.300000e-01 1.008374e-01
7.400000e-01 9.514009e-02
7.500000e-01 8.972323e-02
7.600000e-01 8.457710e-02
7.700000e-01 7.969196e-02
7.800000e-01 7.505805e-02
7.900000e-01 7.066568e-02
8.000000e-01 6.650519e-02
8.100000e-01 6.256704e-02
8.200000e-01 5.884180e-02
8.300000e-01 5.532019e-02
8.400000e-01 5.199308e-02
8.500000e-01 4.885154e-02
8.600000e-01 4.588686e-02
8.700000e-01 4.309051e-02
8.800000e-01 4.045422e-02
8.900000e-01 3.796995e-02
9.000000e-01 3.562992e-02
9.100000e-01 3.342658e-02
9.200000e-01 3.135268e-02
9.300000e-01 2.940121e-02
9.400000e-01 2.756544e-02
9.500000e-01 2.583890e-02
9.600000e-01 2.421541e-02
9.700000e-01 2.268904e-02
9.800000e-01 2.125413e-02
9.900000e-01 1.990529e-02
1.000000e+00 1.863737e-02
1.010000e+00 1.744549e-02
1.020000e+00 1.632502e-02
1.030000e+00 1.527156e-02
1.040000e+00 1.428094e-02
1.050000e+00 1.334923e-02
1.060000e+00 1.247271e-02
1.070000e+00 1.164787e-02
1.080000e+00 1.087141e-02
1.090000e+00 1.014023e-02
1.100000e+00 9.451387e-03
1.110000e+00 8.802146e-03
1.120000e+00 8.189925e-03
1.130000e+00 7.612307e-03
1.140000e+00 7.067025e-03
1.150000e+00 6.551958e-03
1.160000e+00 6.065120e-03
1.170000e+00 5.604654e-03
1.180000e+00 5.168825e-03
1.190000e+00 4.756012e-03
1.200000e+00 4.364701e-03
1.210000e+00 3.993482e-03
1.220000e+00 3.641039e-03
1.230000e+00 3.306147e-03
1.240000e+00 2.987665e-03
1.250000e+00 2.684534e-03
1.260000e+00 2.395769e-03
1.270000e+00 2.120458e-03
1.280000e+00 1.857755e-03
1.290000e+00 1.606880e-03
1.300000e+00 1.367112e-03
1.310000e+00 1.137789e-03
1.320000e+00 9.183030e-04
1.330000e+00 7.080977e-04
1.340000e+00 5.066665e-04
1.350000e+00 3.135495e-04
1.360000e+00 1.283313e-04
1.370000e+00 -4.936177e-05
1.380000e+00 -2.198633e-04
1.390000e+00 -3.834694e-04
1.400000e+00 -5.404412e-04
1.410000e+00 -6.910068e-04
1.420000e+00 -8.353635e-04
1.430000e+00 -9.736803e-04
1.440000e+00 -1.106100e-03
1.450000e+00 -1.232742e-03
1.460000e+00 -1.353705e-03
1.470000e+00 -1.469066e-03
1.480000e+00 -1.578889e-03
1.490000e+00 -1.683221e-03
1.500000e+00 -1.782098e-03
1.510000e+00 -1.875547e-03
1.520000e+00 -1.963586e-03
1.530000e+00 -2.046229e-03
1.540000e+00 -2.123488e-03
1.550000e+00 -2.195371e-03
1.560000e+00 -2.261890e-03
1.570000e+00 -2.323057e-03
1.580000e+00 -2.378891e-03
1.590000e+00 -2.429415e-03
1.600000e+00 -2.474661e-03
1.610000e+00 -2.514667e-03
1.620000e+00 -2.549484e-03
1.630000e+00 -2.579173e-03
1.640000e+00 -2.603804e-03
1.650000e+00 -2.623462e-03
1.660000e+00 -2.638244e-03
1.670000e+00 -2.648259e-03
1.680000e+00 -2.653631e-03
1.690000e+00 -2.654494e-03
1.700000e+00 -2.650999e-03
1.710000e+00 -2.643307e-03
1.720000e+00 -2.631591e-03
1.730000e+00 -2.616037e-03
1.740000e+00 -2.596842e-03
1.750000e+00 -2.574212e-03
1.760000e+00 -2.548362e-03
1.770000e+00 -2.519516e-03
1.780000e+00 -2.487903e-03
1.790000e+00 -2.453760e-03
1.800000e+00 -2.417326e-03
1.810000e+00 -2.378843e-03
1.820000e+00 -2.338554e-03
1.830000e+00 -2.296700e-03
1.840000e+00 -2.253521e-03
1.850000e+00 -2.209253e-03
1.860000e+00 -2.164124e-03
1.870000e+00 -2.118357e-03
1.880000e+00 -2.072163e-03
1.890000e+00 -2.025744e-03
1.900000e+00 -1.979287e-03
1.910000e+00 -1.932966e-03
1.920000e+00 -1.886940e-03
1.930000e+00 -1.841349e-03
1.940000e+00 -1.796317e-03
1.950000e+00 -1.751948e-03
1.960000e+00 -1.708326e-03
1.970000e+00 -1.665514e-03
1.980000e+00 -1.623556e-03
1.990000e+00 -1.582474e-03
2.000000e+00 -1.542272e-03
2.010000e+00 -1.502930e-03
2.020000e+00 -1.464414e-03
2.030000e+00 -1.426667e-03
2.040000e+00 -1.389618e-03
2.050000e+00 -1.353180e-03
2.060000e+00 -1.317254e-03
2.070000e+00 -1.281726e-03
2.080000e+00 -1.246477e-03
2.090000e+00 -1.211377e-03
2.100000e+00 -1.176294e-03
2.110000e+00 -1.141093e-03
2.120000e+00 -1.105640e-03
2.130000e+00 -1.069804e-03
2.140000e+00 -1.033460e-03
2.150000e+00 -9.964898e-04
2.160000e+00 -9.587873e-04
2.170000e+00 -9.202590e-04
2.180000e+00 -8.808261e-04
2.190000e+00 -8.404268e-04
2.200000e+00 -7.990177e-04
2.210000e+00 -7.565754e-04
2.220000e+00 -7.130972e-04
2.230000e+00 -6.686022e-04
2.240000e+00 -6.231317e-04
2.250000e+00 -5.767492e-04
2.260000e+00 -5.295405e-04
2.270000e+00 -4.816130e-04
2.280000e+00 -4.330952e-04
2.290000e+00 -3.841354e-04
2.300000e+00 -3.349003e-04
2.310000e+00 -2.855739e-04
2.320000e+00 -2.363554e-04
2.330000e+00 -1.874571e-04
2.340000e+00 -1.391028e-04
2.350000e+00 -9.152505e-05
2.360000e+00 -4.496314e-05
2.370000e+00 3.393924e-07
2.380000e+00 4.413714e-05
2.390000e+00 8.618524e-05
2.400000e+00 1.262418e-04
2.410000e+00 1.640700e-04
2.420000e+00 1.994408e-04
2.430000e+00 2.321345e-04
2.440000e+00 2.619430e-04
2.450000e+00 2.886721e-04
2.460000e+00 3.121423e-04
2.470000e+00 3.321914e-04
2.480000e+00 3.486753e-04
2.490000e+00 3.614692e-04
2.500000e+00 3.704691e-04
2.510000e+00 3.755926e-04
2.520000e+00 3.767793e-04
2.530000e+00 3.739917e-04
2.540000e+00 3.672157e-04
2.550000e+00 3.564605e-04
2.560000e+00 3.417591e-04
2.570000e+00 3.231677e-04
2.580000e+00 3.007661e-04
2.590000e+00 2.746570e-04
2.600000e+00 2.449656e-04
2.610000e+00 2.118386e-04
2.620000e+00 1.754439e-04
2.630000e+00 1.359694e-04
2.640000e+00 9.362194e-05
2.650000e+00 4.862597e-05
2.660000e+00 1.222349e-06
2.670000e+00 -4.833329e-05
2.680000e+00 -9.977210e-05
2.690000e+00 -1.528138e-04
2.700000e+00 -2.071686e-04
2.710000e+00 -2.625390e-04
2.720000e+00 -3.186222e-04
2.730000e+00 -3.751118e-04
2.740000e+00 -4.317003e-04
2.750000e+00 -4.880815e-04
2.760000e+00 -5.439522e-04
2.770000e+00 -5.990152e-04
2.780000e+00 -6.529808e-04
2.790000e+00 -7.055695e-04
2.800000e+00 -7.565142e-04
2.810000e+00 -8.055616e-04
2.820000e+00 -8.524747e-04
2.830000e+00 -8.970341e-04
2.840000e+00 -9.390399e-04
2.850000e+00 -9.783126e-04
2.860000e+00 -1.014695e-03
2.870000e+00 -1.048051e-03
2.880000e+00 -1.078271e-03
2.890000e+00 -1.105265e-03
2.900000e+00 -1.128971e-03
2.910000e+00 -1.149347e-03
2.920000e+00 -1.166376e-03
2.930000e+00 -1.180064e-03
2.940000e+00 -1.190439e-03
2.950000e+00 -1.197548e-03
2.960000e+00 -1.201460e-03
2.970000e+00 -1.202259e-03
2.980000e+00 -1.200049e-03
2.990000e+00 -1.194946e-03
3.000000e+00 -1.187081e-03
3.010000e+00 -1.176596e-03
3.020000e+00 -1.163640e-03
3.030000e+00 -1.148373e-03
3.040000e+00 -1.130959e-03
3.050000e+00 -1.111568e-03
3.060000e+00 -1.090370e-03
3.070000e+00 -1.067537e-03
3.080000e+00 -1.043242e-03
3.090000e+00 -1.017656e-03
3.100000e+00 -9.909458e-04
3.110000e+00 -9.632771e-04
3.120000e+00 -9.348101e-04
3.130000e+00 -9.057002e-04
3.140000e+00 -8.760977e-04
3.150000e+00 -8.461474e-04
3.160000e+00 -8.159881e-04
3.170000e+00 -7.857530e-04
3.180000e+00 -7.555690e-04
3.190000e+00 -7.255576e-04
3.200000e+00 -6.958345e-04
3.210000e+00 -6.665098e-04
3.220000e+00 -6.376885e-04
3.230000e+00 -6.094704e-04
3.240000e+00 -5.819504e-04
3.250000e+00 -5.552184e-04
3.260000e+00 -5.293600e-04
3.270000e+00 -5.044560e-04
3.280000e+00 -4.805827e-04
3.290000e+00 -4.578120e-04
3.300000e+00 -4.362110e-04
3.310000e+00 -4.158424e-04
3.320000e+00 -3.967638e-04
3.330000e+00 -3.790283e-04
3.340000e+00 -3.626836e-04
3.350000e+00 -3.477724e-04
3.360000e+00 -3.343322e-04
3.370000e+00 -3.223950e-04
3.380000e+00 -3.119874e-04
3.390000e+00 -3.031307e-04
3.400000e+00 -2.958409e-04
3.410000e+00 -2.901286e-04
3.420000e+00 -2.859997e-04
3.430000e+00 -2.834555e-04
3.440000e+00 -2.824929e-04
3.450000e+00 -2.831051e-04
3.460000e+00 -2.852820e-04
3.470000e+00 -2.890108e-04
3.480000e+00 -2.942767e-04
3.490000e+00 -3.010637e-04
3.500000e+00 -3.093548e-04
3.510000e+00 -3.191332e-04
3.520000e+00 -3.303826e-04
3.530000e+00 -3.430882e-04
3.540000e+00 -3.572370e-04
3.550000e+00 -3.728180e-04
3.560000e+00 -3.898233e-04
3.570000e+00 -4.082479e-04
3.580000e+00 -4.280898e-04
3.590000e+00 -4.493504e-04
3.600000e+00 -4.720340e-04
3.610000e+00 -4.961478e-04
3.620000e+00 -5.217016e-04
3.630000e+00 -5.487068e-04
3.640000e+00 -5.771764e-04
3.650000e+00 -6.071236e-04
3.660000e+00 -6.385616e-04
3.670000e+00 -6.715020e-04
3.680000e+00 -7.059542e-04
3.690000e+00 -7.419242e-04
3.700000e+00 -7.794136e-04
3.710000e+00 -8.184184e-04
3.720000e+00 -8.589279e-04
3.730000e+00 -9.009241e-04
3.740000e+00 -9.443802e-04
3.750000e+00 -9.892601e-04
3.760000e+00 -1.035518e-03
3.770000e+00 -1.083096e-03
3.780000e+00 -1.131927e-03
3.790000e+00 -1.181930e-03
3.800000e+00 -1.233015e-03
3.810000e+00 -1.285077e-03
3.820000e+00 -1.338001e-03
3.830000e+00 -1.391661e-03
3.840000e+00 -1.445919e-03
3.850000e+00 -1.500625e-03
3.860000e+00 -1.555620e-03
3.870000e+00 -1.610737e-03
3.880000e+00 -1.665797e-03
3.890000e+00 -1.720616e-03
3.900000e+00 -1.775001e-03
3.910000e+00 -1.828754e-03
3.920000e+00 -1.881670e-03
3.930000e+00 -1.933542e-03
3.940000e+00 -1.984157e-03
3.950000e+00 -2.033302e-03
3.960000e+00 -2.080761e-03
3.970000e+00 -2.126317e-03
3.980000e+00 -2.169752e-03
3.990000e+00 -2.210852e-03
4.000000e+00 -2.249400e-03
4.010000e+00 -2.285187e-03
4.020000e+00 -2.318000e-03
4.030000e+00 -2.347637e-03
4.040000e+00 -2.373894e-03
4.050000e+00 -2.396577e-03
4.060000e+00 -2.415496e-03
4.070000e+00 -2.430466e-03
4.080000e+00 -2.441313e-03
4.090000e+00 -2.447869e-03
4.100000e+00 -2.449975e-03
4.110000e+00 -2.447484e-03
4.120000e+00 -2.440259e-03
4.130000e+00 -2.428175e-03
4.140000e+00 -2.411121e-03
4.150000e+00 -2.388998e-03
4.160000e+00 -2.361724e-03
4.170000e+00 -2.329235e-03
4.180000e+00 -2.291480e-03
4.190000e+00 -2.248430e-03
4.200000e+00 -2.200074e-03
4.210000e+00 -2.146420e-03
4.220000e+00 -2.087499e-03
4.230000e+00 -2.023361e-03
4.240000e+00 -1.954081e-03
4.250000e+00 -1.879753e-03
4.260000e+00 -1.800495e-03
4.270000e+00 -1.716448e-03
4.280000e+00 -1.627776e-03
4.290000e+00 -1.534661e-03
4.300000e+00 -1.437312e-03
4.310000e+00 -1.335954e-03
4.320000e+00 -1.230833e-03
4.330000e+00 -1.122215e-03
4.340000e+00 -1.010381e-03
4.350000e+00 -8.956292e-04
4.360000e+00 -7.782709e-04
4.370000e+00 -6.586303e-04
4.380000e+00 -5.370419e-04
4.390000e+00 -4.138488e-04
4.400000e+00 -2.894009e-04
4.410000e+00 -1.640526e-04
4.420000e+00 -3.816105e-05
4.430000e+00 8.791587e-05
4.440000e+00 2.138216e-04
4.450000e+00 3.392025e-04
4.460000e+00 4.637099e-04
4.470000e+00 5.870019e-04
4.480000e+00 7.087444e-04
4.490000e+00 8.286132e-04
4.500000e+00 9.462949e-04
4.510000e+00 1.061488e-03
4.520000e+00 1.173906e-03
4.530000e+00 1.283274e-03
4.540000e+00 1.389334e-03
4.550000e+00 1.491843e-03
4.560000e+00 1.590574e-03
4.570000e+00 1.685319e-03
4.580000e+00 1.775885e-03
4.590000e+00 1.862098e-03
4.600000e+00 1.943801e-03
4.610000e+00 2.020855e-03
4.620000e+00 2.093139e-03
4.630000e+00 2.160551e-03
4.640000e+00 2.223007e-03
4.650000e+00 2.280441e-03
4.660000e+00 2.332804e-03
4.670000e+00 2.380066e-03
4.680000e+00 2.422215e-03
4.690000e+00 2.459256e-03
4.700000e+00 2.491212e-03
4.710000e+00 2.518121e-03
4.720000e+00 2.540041e-03
4.730000e+00 2.557042e-03
4.740000e+00 2.569214e-03
4.750000e+00 2.576659e-03
4.760000e+00 2.579496e-03
4.770000e+00 2.577856e-03
4.780000e+00 2.571883e-03
4.790000e+00 2.561735e-03
4.800000e+00 2.547581e-03
4.810000e+00 2.529598e-03
4.820000e+00 2.507974e-03
4.830000e+00 2.482906e-03
4.840000e+00 2.454596e-03
4.850000e+00 2.423251e-03
4.860000e+00 2.389085e-03
4.870000e+00 2.352314e-03
4.880000e+00 2.313155e-03
4.890000e+00 2.271825e-03
4.900000e+00 2.228544e-03
4.910000e+00 2.183526e-03
4.920000e+00 2.136984e-03
4.930000e+00 2.089127e-03
4.940000e+00 2.040160e-03
4.950000e+00 1.990280e-03
4.960000e+00 1.939680e-03
4.970000e+00 1.888546e-03
4.980000e+00 1.837055e-03
4.990000e+00 1.785377e-03
5.000000e+00 1.733675e-03
5.010000e+00 1.682104e-03
5.020000e+00 1.630809e-03
5.030000e+00 1.579930e-03
5.040000e+00 1.529597e-03
5.050000e+00 1.479935e-03
5.060000e+00 1.431061e-03
5.070000e+00 1.383085e-03
5.080000e+00 1.336112e-03
5.090000e+00 1.290242e-03
5.100000e+00 1.245568e-03
5.110000e+00 1.202180e-03
5.120000e+00 1.160165e-03
5.130000e+00 1.119605e-03
5.140000e+00 1.080577e-03
5.150000e+00 1.043159e-03
5.160000e+00 1.007423e-03
5.170000e+00 9.734403e-04
5.180000e+00 9.412786e-04
5.190000e+00 9.110036e-04
5.200000e+00 8.826782e-04
5.210000e+00 8.563626e-04
5.220000e+00 8.321142e-04
5.230000e+00 8.099870e-04
5.240000e+00 7.900315e-04
5.250000e+00 7.722944e-04
5.260000e+00 7.568179e-04
5.270000e+00 7.436397e-04
5.280000e+00 7.327923e-04
5.290000e+00 7.243026e-04
5.300000e+00 7.181918e-04
5.310000e+00 7.144746e-04
5.320000e+00 7.131591e-04
5.330000e+00 7.142467e-04
5.340000e+00 7.177315e-04
5.350000e+00 7.236003e-04
5.360000e+00 7.318323e-04
5.370000e+00 7.423994e-04
5.380000e+00 7.552659e-04
5.390000e+00 7.703885e-04
5.400000e+00 7.877165e-04
5.410000e+00 8.071922e-04
5.420000e+00 8.287506e-04
5.430000e+00 8.523201e-04
5.440000e+00 8.778228e-04
5.450000e+00 9.051747e-04
5.460000e+00 9.342860e-04
5.470000e+00 9.650618e-04
5.480000e+00 9.974026e-04
5.490000e+00 1.031205e-03
5.500000e+00 1.066360e-03
5.510000e+00 1.102758e-03
5.520000e+00 1.140286e-03
5.530000e+00 1.178828e-03
5.540000e+00 1.218266e-03
5.550000e+00 1.258485e-03
5.560000e+00 1.299365e-03
5.570000e+00 1.340789e-03
5.580000e+00 1.382641e-03
5.590000e+00 1.424805e-03
5.600000e+00 1.467169e-03
5.610000e+00 1.509623e-03
5.620000e+00 1.552058e-03
5.630000e+00 1.594374e-03
5.640000e+00 1.636469e-03
5.650000e+00 1.678250e-03
5.660000e+00 1.719628e-03
5.670000e+00 1.760519e-03
5.680000e+00 1.800843e-03
5.690000e+00 1.840527e-03
5.700000e+00 1.879504e-03
5.710000e+00 1.917711e-03
5.720000e+00 1.955092e-03
5.730000e+00 1.991594e-03
5.740000e+00 2.027169e-03
5.750000e+00 2.061775e-03
5.760000e+00 2.095371e-03
5.770000e+00 2.127918e-03
5.780000e+00 2.159381e-03
5.790000e+00 2.189725e-03
5.800000e+00 2.218912e-03
5.810000e+00 2.246907e-03
5.820000e+00 2.273668e-03
5.830000e+00 2.299153e-03
5.840000e+00 2.323314e-03
5.850000e+00 2.346095e-03
5.860000e+00 2.367436e-03
5.870000e+00 2.387267e-03
5.880000e+00 2.405510e-03
5.890000e+00 2.422079e-03
5.900000e+00 2.436877e-03
5.910000e+00 2.449794e-03
5.920000e+00 2.460715e-03
5.930000e+00 2.469510e-03
5.940000e+00 2.476041e-03
5.950000e+00 2.480160e-03
5.960000e+00 2.481711e-03
5.970000e+00 2.480530e-03
5.980000e+00 2.476445e-03
5.990000e+00 2.469282e-03
6.000000e+00 2.458861e-03
6.010000e+00 2.445002e-03
6.020000e+00 2.427526e-03
6.030000e+00 2.406256e-03
6.040000e+00 2.381019e-03
6.050000e+00 2.351651e-03
6.060000e+00 2.317997e-03
6.070000e+00 2.279914e-03
6.080000e+00 2.237272e-03
6.090000e+00 2.189958e-03
6.100000e+00 2.137879e-03
6.110000e+00 2.080959e-03
6.120000e+00 2.019146e-03
6.130000e+00 1.952409e-03
6.140000e+00 1.880745e-03
6.150000e+00 1.804173e-03
6.160000e+00 1.722740e-03
6.170000e+00 1.636517e-03
6.180000e+00 1.545603e-03
6.190000e+00 1.450124e-03
6.200000e+00 1.350230e-03
6.210000e+00 1.246097e-03
6.220000e+00 1.137923e-03
6.230000e+00 1.025931e-03
6.240000e+00 9.103630e-04
6.250000e+00 7.914826e-04
6.260000e+00 6.695694e-04
6.270000e+00 5.449195e-04
6.280000e+00 4.178425e-04
6.290000e+00 2.886597e-04
6.300000e+00 1.577021e-04
6.310000e+00 2.530804e-05
6.320000e+00 -1.081786e-04
6.330000e+00 -2.424106e-04
6.340000e+00 -3.770393e-04
6.350000e+00 -5.117165e-04
6.360000e+00 -6.460962e-04
6.370000e+00 -7.798361e-04
6.380000e+00 -9.125995e-04
6.390000e+00 -1.044056e-03
6.400000e+00 -1.173883e-03
6.410000e+00 -1.301769e-03
6.420000e+00 -1.427409e-03
6.430000e+00 -1.550512e-03
6.440000e+00 -1.670797e-03
6.450000e+00 -1.787996e-03
6.460000e+00 -1.901854e-03
6.470000e+00 -2.012130e-03
6.480000e+00 -2.118594e-03
6.490000e+00 -2.221034e-03
6.500000e+00 -2.319250e-03
6.510000e+00 -2.413056e-03
6.520000e+00 -2.502282e-03
6.530000e+00 -2.586774e-03
6.540000e+00 -2.666390e-03
6.550000e+00 -2.741006e-03
6.560000e+00 -2.810510e-03
6.570000e+00 -2.874807e-03
6.580000e+00 -2.933817e-03
6.590000e+00 -2.987475e-03
6.600000e+00 -3.035729e-03
6.610000e+00 -3.078544e-03
6.620000e+00 -3.115897e-03
6.630000e+00 -3.147781e-03
6.640000e+00 -3.174201e-03
6.650000e+00 -3.195178e-03
6.660000e+00 -3.210743e-03
6.670000e+00 -3.220941e-03
6.680000e+00 -3.225830e-03
6.690000e+00 -3.225478e-03
6.700000e+00 -3.219965e-03
6.710000e+00 -3.209380e-03
6.720000e+00 -3.193825e-03
6.730000e+00 -3.173407e-03
6.740000e+00 -3.148246e-03
6.750000e+00 -3.118469e-03
6.760000e+00 -3.084208e-03
6.770000e+00 -3.045606e-03
6.780000e+00 -3.002811e-03
6.790000e+00 -2.955978e-03
6.800000e+00 -2.905269e-03
6.810000e+00 -2.850851e-03
6.820000e+00 -2.792897e-03
6.830000e+00 -2.731586e-03
6.840000e+00 -2.667102e-03
6.850000e+00 -2.599636e-03
6.860000e+00 -2.529383e-03
6.870000e+00 -2.456544e-03
6.880000e+00 -2.381327e-03
6.890000e+00 -2.303943e-03
6.900000e+00 -2.224610e-03
6.910000e+00 -2.143552e-03
6.920000e+00 -2.060996e-03
6.930000e+00 -1.977176e-03
6.940000e+00 -1.892330e-03
6.950000e+00 -1.806700e-03
6.960000e+00 -1.720530e-03
6.970000e+00 -1.634069e-03
6.980000e+00 -1.547566e-03
6.990000e+00 -1.461271e-03
7.000000e+00 -1.375436e-03
7.010000e+00 -1.290307e-03
7.020000e+00 -1.206130e-03
7.030000e+00 -1.123144e-03
7.040000e+00 -1.041584e-03
7.050000e+00 -9.616757e-04
7.060000e+00 -8.836346e-04
7.070000e+00 -8.076653e-04
7.080000e+00 -7.339592e-04
7.090000e+00 -6.626930e-04
7.100000e+00 -5.940267e-04
7.110000e+00 -5.281030e-04
7.120000e+00 -4.650454e-04
7.130000e+00 -4.049575e-04
7.140000e+00 -3.479220e-04
7.150000e+00 -2.940005e-04
7.160000e+00 -2.432323e-04
7.170000e+00 -1.956355e-04
7.180000e+00 -1.512063e-04
7.190000e+00 -1.099199e-04
7.200000e+00 -7.173166e-05
7.210000e+00 -3.657739e-05
7.220000e+00 -4.375414e-06
7.230000e+00 2.497216e-05
7.240000e+00 5.157751e-05
7.250000e+00 7.556513e-05
7.260000e+00 9.706964e-05
7.270000e+00 1.162335e-04
7.280000e+00 1.332045e-04
7.290000e+00 1.481336e-04
7.300000e+00 1.611724e-04
7.310000e+00 1.724706e-04
7.320000e+00 1.821739e-04
7.330000e+00 1.904218e-04
7.340000e+00 1.973455e-04
7.350000e+00 2.030662e-04
7.360000e+00 2.076936e-04
7.370000e+00 2.113240e-04
7.380000e+00 2.140400e-04
7.390000e+00 2.159091e-04
7.400000e+00 2.169832e-04
7.410000e+00 2.172989e-04
7.420000e+00 2.168767e-04
7.430000e+00 2.157221e-04
7.440000e+00 2.138256e-04
7.450000e+00 2.111641e-04
7.460000e+00 2.077011e-04
7.470000e+00 2.033889e-04
7.480000e+00 1.981695e-04
7.490000e+00 1.919761e-04
7.500000e+00 1.847351e-04
7.510000e+00 1.763676e-04
7.520000e+00 1.667915e-04
7.530000e+00 1.559230e-04
7.540000e+00 1.436788e-04
7.550000e+00 1.299776e-04
7.560000e+00 1.147422e-04
7.570000e+00 9.790087e-05
7.580000e+00 7.938901e-05
7.590000e+00 5.915079e-05
7.600000e+00 3.714034e-05
7.610000e+00 1.332302e-05
7.620000e+00 -1.232354e-05
7.630000e+00 -3.980849e-05
7.640000e+00 -6.912702e-05
7.650000e+00 -1.002598e-04
7.660000e+00 -1.331723e-04
7.670000e+00 -1.678151e-04
7.680000e+00 -2.041228e-04
7.690000e+00 -2.420151e-04
7.700000e+00 -2.813960e-04
7.710000e+00 -3.221548e-04
7.720000e+00 -3.641662e-04
7.730000e+00 -4.072909e-04
7.740000e+00 -4.513766e-04
7.750000e+00 -4.962584e-04
7.760000e+00 -5.417600e-04
7.770000e+00 -5.876950e-04
7.780000e+00 -6.338676e-04
7.790000e+00 -6.800746e-04
7.800000e+00 -7.261061e-04
7.810000e+00 -7.717477e-04
7.820000e+00 -8.167817e-04
7.830000e+00 -8.609890e-04
7.840000e+00 -9.041510e-04
7.850000e+00 -9.460512e-04
7.860000e+00 -9.864776e-04
7.870000e+00 -1.025224e-03
7.880000e+00 -1.062093e-03
7.890000e+00 -1.096896e-03
7.900000e+00 -1.129458e-03
7.910000e+00 -1.159616e-03
7.920000e+00 -1.187227e-03
7.930000e+00 -1.212160e-03
7.940000e+00 -1.234307e-03
7.950000e+00 -1.253579e-03
7.960000e+00 -1.269911e-03
7.970000e+00 -1.283257e-03
7.980000e+00 -1.293599e-03
7.990000e+00 -1.300941e-03
8.000000e+00 -1.305313e-03
8.010000e+00 -1.306769e-03
8.020000e+00 -1.305388e-03
8.030000e+00 -1.301272e-03
8.040000e+00 -1.294549e-03
8.050000e+00 -1.285367e-03
8.060000e+00 -1.273894e-03
8.070000e+00 -1.260320e-03
8.080000e+00 -1.244849e-03
8.090000e+00 -1.227703e-03
8.100000e+00 -1.209113e-03
8.110000e+00 -1.189323e-03
8.120000e+00 -1.168582e-03
8.130000e+00 -1.147147e-03
8.140000e+00 -1.125271e-03
8.150000e+00 -1.103212e-03
8.160000e+00 -1.081218e-03
8.170000e+00 -1.059533e-03
8.180000e+00 -1.038391e-03
8.190000e+00 -1.018013e-03
8.200000e+00 -9.986039e-04
8.210000e+00 -9.803533e-04
8.220000e+00 -9.634304e-04
8.230000e+00 -9.479834e-04
8.240000e+00 -9.341383e-04
8.250000e+00 -9.219971e-04
8.260000e+00 -9.116375e-04
8.270000e+00 -9.031121e-04
8.280000e+00 -8.964482e-04
8.290000e+00 -8.916480e-04
8.300000e+00 -8.886890e-04
8.310000e+00 -8.875247e-04
8.320000e+00 -8.880860e-04
8.330000e+00 -8.902819e-04
8.340000e+00 -8.940018e-04
8.350000e+00 -8.991166e-04
8.360000e+00 -9.054811e-04
8.370000e+00 -9.129361e-04
8.380000e+00 -9.213108e-04
8.390000e+00 -9.304249e-04
8.400000e+00 -9.400912e-04
8.410000e+00 -9.501181e-04
8.420000e+00 -9.603122e-04
8.430000e+00 -9.704804e-04
8.440000e+00 -9.804330e-04
8.450000e+00 -9.899850e-04
8.460000e+00 -9.989593e-04
8.470000e+00 -1.007188e-03
8.480000e+00 -1.014515e-03
8.490000e+00 -1.020797e-03
8.500000e+00 -1.025904e-03
8.510000e+00 -1.029726e-03
8.520000e+00 -1.032164e-03
8.530000e+00 -1.033142e-03
8.540000e+00 -1.032601e-03
8.550000e+00 -1.030498e-03
8.560000e+00 -1.026812e-03
8.570000e+00 -1.021540e-03
8.580000e+00 -1.014697e-03
8.590000e+00 -1.006315e-03
8.600000e+00 -9.964449e-04
8.610000e+00 -9.851508e-04
8.620000e+00 -9.725132e-04
8.630000e+00 -9.586250e-04
8.640000e+00 -9.435910e-04
8.650000e+00 -9.275254e-04
8.660000e+00 -9.105505e-04
8.670000e+00 -8.927944e-04
8.680000e+00 -8.743891e-04
8.690000e+00 -8.554684e-04
8.700000e+00 -8.361658e-04
8.710000e+00 -8.166120e-04
8.720000e+00 -7.969336e-04
8.730000e+00 -7.772503e-04
8.740000e+00 -7.576733e-04
8.750000e+00 -7.383037e-04
8.760000e+00 -7.192305e-04
8.770000e+00 -7.005293e-04
8.780000e+00 -6.822608e-04
8.790000e+00 -6.644701e-04
8.800000e+00 -6.471855e-04
8.810000e+00 -6.304179e-04
8.820000e+00 -6.141609e-04
8.830000e+00 -5.983900e-04
8.840000e+00 -5.830634e-04
8.850000e+00 -5.681221e-04
8.860000e+00 -5.534907e-04
8.870000e+00 -5.390785e-04
8.880000e+00 -5.247802e-04
8.890000e+00 -5.104779e-04
8.900000e+00 -4.960423e-04
8.910000e+00 -4.813345e-04
8.920000e+00 -4.662080e-04
8.930000e+00 -4.505105e-04
8.940000e+00 -4.340861e-04
8.950000e+00 -4.167775e-04
8.960000e+00 -3.984280e-04
8.970000e+00 -3.788836e-04
8.980000e+00 -3.579948e-04
8.990000e+00 -3.356192e-04
9.000000e+00 -3.116225e-04
9.010000e+00 -2.858808e-04
9.020000e+00 -2.582820e-04
9.030000e+00 -2.287268e-04
9.040000e+00 -1.971302e-04
9.050000e+00 -1.634222e-04
9.060000e+00 -1.275489e-04
9.070000e+00 -8.947225e-05
9.080000e+00 -4.917115e-05
9.090000e+00 -6.640984e-06
9.100000e+00 3.810628e-05
9.110000e+00 8.504243e-05
9.120000e+00 1.341235e-04
9.130000e+00 1.852902e-04
9.140000e+00 2.384688e-04
9.150000e+00 2.935721e-04
9.160000e+00 3.504998e-04
9.170000e+00 4.091398e-04
9.180000e+00 4.693691e-04
9.190000e+00 5.310545e-04
9.200000e+00 5.940541e-04
9.210000e+00 6.582174e-04
9.220000e+00 7.233867e-04
9.230000e+00 7.893978e-04
9.240000e+00 8.560805e-04
9.250000e+00 9.232593e-04
9.260000e+00 9.907541e-04
9.270000e+00 1.058381e-03
9.280000e+00 1.125951e-03
9.290000e+00 1.193274e-03
9.300000e+00 1.260155e-03
9.310000e+00 1.326397e-03
9.320000e+00 1.391801e-03
9.330000e+00 1.456164e-03
9.340000e+00 1.519284e-03
9.350000e+00 1.580956e-03
9.360000e+00 1.640974e-03
9.370000e+00 1.699133e-03
9.380000e+00 1.755226e-03
9.390000e+00 1.809048e-03
9.400000e+00 1.860396e-03
9.410000e+00 1.909069e-03
9.420000e+00 1.954869e-03
9.430000e+00 1.997603e-03
9.440000e+00 2.037084e-03
9.450000e+00 2.073130e-03
9.460000e+00 2.105570e-03
9.470000e+00 2.134240e-03
9.480000e+00 2.158989e-03
9.490000e+00 2.179677e-03
9.500000e+00 2.196178e-03
9.510000e+00 2.208381e-03
9.520000e+00 2.216192e-03
9.530000e+00 2.219534e-03
9.540000e+00 2.218349e-03
9.550000e+00 2.212598e-03
9.560000e+00 2.202264e-03
9.570000e+00 2.187350e-03
9.580000e+00 2.167880e-03
9.590000e+00 2.143902e-03
9.600000e+00 2.115484e-03
9.610000e+00 2.082718e-03
9.620000e+00 2.045717e-03
9.630000e+00 2.004615e-03
9.640000e+00 1.959566e-03
9.650000e+00 1.910745e-03
9.660000e+00 1.858345e-03
9.670000e+00 1.802576e-03
9.680000e+00 1.743663e-03
9.690000e+00 1.681849e-03
9.700000e+00 1.617387e-03
9.710000e+00 1.550541e-03
9.720000e+00 1.481586e-03
9.730000e+00 1.410803e-03
9.740000e+00 1.338480e-03
9.750000e+00 1.264908e-03
9.760000e+00 1.190379e-03
9.770000e+00 1.115187e-03
9.780000e+00 1.039622e-03
9.790000e+00 9.639728e-04
9.800000e+00 8.885199e-04
9.810000e+00 8.135388e-04
9.820000e+00 7.392959e-04
9.830000e+00 6.660476e-04
9.840000e+00 5.940389e-04
9.850000e+00 5.235020e-04
9.860000e+00 4.546557e-04
9.870000e+00 3.877036e-04
9.880000e+00 3.228340e-04
9.890000e+00 2.602187e-04
9.900000e+00 2.000123e-04
9.910000e+00 1.423520e-04
9.920000e+00 8.735715e-05
9.930000e+00 3.512899e-05
9.940000e+00 -1.424945e-05
9.950000e+00 -6.071322e-05
9.960000e+00 -1.042153e-04
9.970000e+00 -1.447261e-04
9.980000e+00 -1.822332e-04
9.990000e+00 -2.167407e-04
1.000000e+01 -2.482680e-04
