# sigma2_v 9.439309110494520e+00
# aH 8e+01
0.000000e+00 1.000000e+00
1.000000e-02 9.995282e-01
2.000000e-02 9.981141e-01
3.000000e-02 9.957621e-01
4.000000e-02 9.924794e-01
5.000000e-02 9.882759e-01
6.000000e-02 9.831646e-01
7.000000e-02 9.771608e-01
8.000000e-02 9.702826e-01
9.000000e-02 9.625506e-01
1.000000e-01 9.539877e-01
1.100000e-01 9.446191e-01
1.200000e-01 9.344722e-01
1.300000e-01 9.235763e-01
1.400000e-01 9.119625e-01
1.500000e-01 8.996637e-01
1.600000e-01 8.867140e-01
1.700000e-01 8.731493e-01
1.800000e-01 8.590061e-01
1.900000e-01 8.443222e-01
2.000000e-01 8.291363e-01
2.100000e-01 8.134873e-01
2.200000e-01 7.974150e-01
2.300000e-01 7.809592e-01
2.400000e-01 7.641600e-01
2.500000e-01 7.470571e-01
2.600000e-01 7.296905e-01
2.700000e-01 7.120994e-01
2.800000e-01 6.943226e-01
2.900000e-01 6.763986e-01
3.000000e-01 6.583646e-01
3.100000e-01 6.402572e-01
3.200000e-01 6.221121e-01
3.300000e-01 6.039638e-01
3.400000e-01 5.858454e-01
3.500000e-01 5.677892e-01
3.600000e-01 5.498257e-01
3.700000e-01 5.319843e-01
3.800000e-01 5.142928e-01
3.900000e-01 4.967775e-01
4.000000e-01 4.794633e-01
4.100000e-01 4.623734e-01
4.200000e-01 4.455295e-01
4.300000e-01 4.289516e-01
4.400000e-01 4.126584e-01
4.500000e-01 3.966668e-01
4.600000e-01 3.809920e-01
4.700000e-01 3.656480e-01
4.800000e-01 3.506471e-01
4.900000e-01 3.360000e-01
5.000000e-01 3.217162e-01
5.100000e-01 3.078037e-01
5.200000e-01 2.942690e-01
5.300000e-01 2.811175e-01
5.400000e-01 2.683532e-01
5.500000e-01 2.559788e-01
5.600000e-01 2.439962e-01
5.700000e-01 2.324057e-01
5.800000e-01 2.212070e-01
5.900000e-01 2.103987e-01
6.000000e-01 1.999782e-01
6.100000e-01 1.899425e-01
6.200000e-01 1.802874e-01
6.300000e-01 1.710082e-01
6.400000e-01 1.620994e-01
6.500000e-01 1.535549e-01
6.600000e-01 1.453681e-01
6.700000e-01 1.375319e-01
6.800000e-01 1.300384e-01
6.900000e-01 1.228799e-01
7.000000e-01 1.160478e-01
7.100000e-01 1.095334e-01
7.200000e-01 1.033279e-01
7.300000e-01 9.742205e-02
7.400000e-01 9.180650e-02
7.500000e-01 8.647181e-02
7.600000e-01 8.140843e-02
7.700000e-01 7.660675e-02
7.800000e-01 7.205716e-02
7.900000e-01 6.775004e-02
8.000000e-01 6.367584e-02
8.100000e-01 5.982505e-02
8.200000e-01 5.618829e-02
8.300000e-01 5.275627e-02
8.400000e-01 4.951986e-02
8.500000e-01 4.647008e-02
8.600000e-01 4.359814e-02
8.700000e-01 4.089543e-02
8.800000e-01 3.835357e-02
8.900000e-01 3.596436e-02
9.000000e-01 3.371988e-02
9.100000e-01 3.161243e-02
9.200000e-01 2.963455e-02
9.300000e-01 2.777904e-02
9.400000e-01 2.603899e-02
9.500000e-01 2.440772e-02
9.600000e-01 2.287883e-02
9.700000e-01 2.144621e-02
9.800000e-01 2.010401e-02
9.900000e-01 1.884664e-02
1.000000e+00 1.766880e-02
1.010000e+00 1.656545e-02
1.020000e+00 1.553181e-02
1.030000e+00 1.456338e-02
1.040000e+00 1.365590e-02
1.050000e+00 1.280535e-02
1.060000e+00 1.200797e-02
1.070000e+00 1.126022e-02
1.080000e+00 1.055879e-02
1.090000e+00 9.900585e-03
1.100000e+00 9.282707e-03
1.110000e+00 8.702463e-03
1.120000e+00 8.157342e-03
1.130000e+00 7.645008e-03
1.140000e+00 7.163289e-03
1.150000e+00 6.710168e-03
1.160000e+00 6.283773e-03
1.170000e+00 5.882368e-03
1.180000e+00 5.504340e-03
1.190000e+00 5.148198e-03
1.200000e+00 4.812555e-03
1.210000e+00 4.496129e-03
1.220000e+00 4.197729e-03
1.230000e+00 3.916252e-03
1.240000e+00 3.650676e-03
1.250000e+00 3.400050e-03
1.260000e+00 3.163495e-03
1.270000e+00 2.940192e-03
1.280000e+00 2.729378e-03
1.290000e+00 2.530345e-03
1.300000e+00 2.342430e-03
1.310000e+00 2.165014e-03
1.320000e+00 1.997515e-03
1.330000e+00 1.839383e-03
1.340000e+00 1.690099e-03
1.350000e+00 1.549170e-03
1.360000e+00 1.416124e-03
1.370000e+00 1.290505e-03
1.380000e+00 1.171876e-03
1.390000e+00 1.059810e-03
1.400000e+00 9.538915e-04
1.410000e+00 8.537137e-04
1.420000e+00 7.588769e-04
1.430000e+00 6.689885e-04
1.440000e+00 5.836624e-04
1.450000e+00 5.025195e-04
1.460000e+00 4.251883e-04
1.470000e+00 3.513058e-04
1.480000e+00 2.805197e-04
1.490000e+00 2.124894e-04
1.500000e+00 1.468887e-04
1.510000e+00 8.340712e-05
1.520000e+00 2.175250e-05
1.530000e+00 -3.834723e-05
1.540000e+00 -9.714218e-05
1.550000e+00 -1.548590e-04
1.560000e+00 -2.116995e-04
1.570000e+00 -2.678400e-04
1.580000e+00 -3.234307e-04
1.590000e+00 -3.785954e-04
1.600000e+00 -4.334325e-04
1.610000e+00 -4.880149e-04
1.620000e+00 -5.423921e-04
1.630000e+00 -5.965908e-04
1.640000e+00 -6.506171e-04
1.650000e+00 -7.044583e-04
1.660000e+00 -7.580850e-04
1.670000e+00 -8.114534e-04
1.680000e+00 -8.645071e-04
1.690000e+00 -9.171794e-04
1.700000e+00 -9.693951e-04
1.710000e+00 -1.021073e-03
1.720000e+00 -1.072125e-03
1.730000e+00 -1.122463e-03
1.740000e+00 -1.171993e-03
1.750000e+00 -1.220622e-03
1.760000e+00 -1.268255e-03
1.770000e+00 -1.314799e-03
1.780000e+00 -1.360160e-03
1.790000e+00 -1.404247e-03
1.800000e+00 -1.446970e-03
1.810000e+00 -1.488241e-03
1.820000e+00 -1.527974e-03
1.830000e+00 -1.566088e-03
1.840000e+00 -1.602504e-03
1.850000e+00 -1.637150e-03
1.860000e+00 -1.669955e-03
1.870000e+00 -1.700856e-03
1.880000e+00 -1.729797e-03
1.890000e+00 -1.756728e-03
1.900000e+00 -1.781606e-03
1.910000e+00 -1.804397e-03
1.920000e+00 -1.825076e-03
1.930000e+00 -1.843626e-03
1.940000e+00 -1.860039e-03
1.950000e+00 -1.874314e-03
1.960000e+00 -1.886461e-03
1.970000e+00 -1.896496e-03
1.980000e+00 -1.904439e-03
1.990000e+00 -1.910321e-03
2.000000e+00 -1.914171e-03
2.010000e+00 -1.916025e-03
2.020000e+00 -1.915919e-03
2.030000e+00 -1.913889e-03
2.040000e+00 -1.909969e-03
2.050000e+00 -1.904191e-03
2.060000e+00 -1.896584e-03
2.070000e+00 -1.887171e-03
2.080000e+00 -1.875969e-03
2.090000e+00 -1.862992e-03
2.100000e+00 -1.848246e-03
2.110000e+00 -1.831732e-03
2.120000e+00 -1.813449e-03
2.130000e+00 -1.793388e-03
2.140000e+00 -1.771540e-03
2.150000e+00 -1.747895e-03
2.160000e+00 -1.722440e-03
2.170000e+00 -1.695167e-03
2.180000e+00 -1.666069e-03
2.190000e+00 -1.635144e-03
2.200000e+00 -1.602396e-03
2.210000e+00 -1.567838e-03
2.220000e+00 -1.531489e-03
2.230000e+00 -1.493379e-03
2.240000e+00 -1.453545e-03
2.250000e+00 -1.412039e-03
2.260000e+00 -1.368918e-03
2.270000e+00 -1.324253e-03
2.280000e+00 -1.278123e-03
2.290000e+00 -1.230616e-03
2.300000e+00 -1.181831e-03
2.310000e+00 -1.131871e-03
2.320000e+00 -1.080848e-03
2.330000e+00 -1.028881e-03
2.340000e+00 -9.760912e-04
2.350000e+00 -9.226069e-04
2.360000e+00 -8.685580e-04
2.370000e+00 -8.140773e-04
2.380000e+00 -7.592999e-04
2.390000e+00 -7.043618e-04
2.400000e+00 -6.493998e-04
2.410000e+00 -5.945509e-04
2.420000e+00 -5.399516e-04
2.430000e+00 -4.857377e-04
2.440000e+00 -4.320431e-04
2.450000e+00 -3.790001e-04
2.460000e+00 -3.267379e-04
2.470000e+00 -2.753822e-04
2.480000e+00 -2.250543e-04
2.490000e+00 -1.758702e-04
2.500000e+00 -1.279394e-04
2.510000e+00 -8.136402e-05
2.520000e+00 -3.623778e-05
2.530000e+00 7.355414e-06
2.540000e+00 4.934232e-05
2.550000e+00 8.966142e-05
2.560000e+00 1.282638e-04
2.570000e+00 1.651140e-04
2.580000e+00 2.001904e-04
2.590000e+00 2.334858e-04
2.600000e+00 2.650076e-04
2.610000e+00 2.947776e-04
2.620000e+00 3.228320e-04
2.630000e+00 3.492206e-04
2.640000e+00 3.740065e-04
2.650000e+00 3.972651e-04
2.660000e+00 4.190831e-04
2.670000e+00 4.395577e-04
2.680000e+00 4.587950e-04
2.690000e+00 4.769097e-04
2.700000e+00 4.940231e-04
2.710000e+00 5.102626e-04
2.720000e+00 5.257604e-04
2.730000e+00 5.406528e-04
2.740000e+00 5.550790e-04
2.750000e+00 5.691805e-04
2.760000e+00 5.831005e-04
2.770000e+00 5.969830e-04
2.780000e+00 6.109718e-04
2.790000e+00 6.252106e-04
2.800000e+00 6.398412e-04
2.810000e+00 6.550035e-04
2.820000e+00 6.708339e-04
2.830000e+00 6.874642e-04
2.840000e+00 7.050207e-04
2.850000e+00 7.236221e-04
2.860000e+00 7.433783e-04
2.870000e+00 7.643884e-04
2.880000e+00 7.867387e-04
2.890000e+00 8.105009e-04
2.900000e+00 8.357302e-04
2.910000e+00 8.624629e-04
2.920000e+00 8.907152e-04
2.930000e+00 9.204814e-04
2.940000e+00 9.517324e-04
2.950000e+00 9.844150e-04
2.960000e+00 1.018451e-03
2.970000e+00 1.053738e-03
2.980000e+00 1.090149e-03
2.990000e+00 1.127533e-03
3.000000e+00 1.165717e-03
3.010000e+00 1.204510e-03
3.020000e+00 1.243700e-03
3.030000e+00 1.283063e-03
3.040000e+00 1.322364e-03
3.050000e+00 1.361358e-03
3.060000e+00 1.399796e-03
3.070000e+00 1.437430e-03
3.080000e+00 1.474015e-03
3.090000e+00 1.509312e-03
3.100000e+00 1.543094e-03
3.110000e+00 1.575145e-03
3.120000e+00 1.605270e-03
3.130000e+00 1.633288e-03
3.140000e+00 1.659042e-03
3.150000e+00 1.682396e-03
3.160000e+00 1.703238e-03
3.170000e+00 1.721478e-03
3.180000e+00 1.737054e-03
3.190000e+00 1.749922e-03
3.200000e+00 1.760066e-03
3.210000e+00 1.767488e-03
3.220000e+00 1.772212e-03
3.230000e+00 1.774281e-03
3.240000e+00 1.773756e-03
3.250000e+00 1.770714e-03
3.260000e+00 1.765246e-03
3.270000e+00 1.757455e-03
3.280000e+00 1.747457e-03
3.290000e+00 1.735377e-03
3.300000e+00 1.721347e-03
3.310000e+00 1.705509e-03
3.320000e+00 1.688010e-03
3.330000e+00 1.669000e-03
3.340000e+00 1.648635e-03
3.350000e+00 1.627073e-03
3.360000e+00 1.604474e-03
3.370000e+00 1.580997e-03
3.380000e+00 1.556804e-03
3.390000e+00 1.532050e-03
3.400000e+00 1.506892e-03
3.410000e+00 1.481480e-03
3.420000e+00 1.455960e-03
3.430000e+00 1.430471e-03
3.440000e+00 1.405144e-03
3.450000e+00 1.380102e-03
3.460000e+00 1.355457e-03
3.470000e+00 1.331312e-03
3.480000e+00 1.307758e-03
3.490000e+00 1.284875e-03
3.500000e+00 1.262731e-03
3.510000e+00 1.241383e-03
3.520000e+00 1.220876e-03
3.530000e+00 1.201244e-03
3.540000e+00 1.182513e-03
3.550000e+00 1.164697e-03
3.560000e+00 1.147804e-03
3.570000e+00 1.131836e-03
3.580000e+00 1.116788e-03
3.590000e+00 1.102652e-03
3.600000e+00 1.089416e-03
3.610000e+00 1.077068e-03
3.620000e+00 1.065592e-03
3.630000e+00 1.054976e-03
3.640000e+00 1.045206e-03
3.650000e+00 1.036270e-03
3.660000e+00 1.028156e-03
3.670000e+00 1.020855e-03
3.680000e+00 1.014358e-03
3.690000e+00 1.008658e-03
3.700000e+00 1.003746e-03
3.710000e+00 9.996148e-04
3.720000e+00 9.962560e-04
3.730000e+00 9.936594e-04
3.740000e+00 9.918133e-04
3.750000e+00 9.907039e-04
3.760000e+00 9.903146e-04
3.770000e+00 9.906267e-04
3.780000e+00 9.916184e-04
3.790000e+00 9.932658e-04
3.800000e+00 9.955429e-04
3.810000e+00 9.984218e-04
3.820000e+00 1.001873e-03
3.830000e+00 1.005868e-03
3.840000e+00 1.010375e-03
3.850000e+00 1.015365e-03
3.860000e+00 1.020809e-03
3.870000e+00 1.026679e-03
3.880000e+00 1.032947e-03
3.890000e+00 1.039587e-03
3.900000e+00 1.046574e-03
3.910000e+00 1.053883e-03
3.920000e+00 1.061489e-03
3.930000e+00 1.069366e-03
3.940000e+00 1.077488e-03
3.950000e+00 1.085824e-03
3.960000e+00 1.094343e-03
3.970000e+00 1.103008e-03
3.980000e+00 1.111781e-03
3.990000e+00 1.120616e-03
4.000000e+00 1.129466e-03
4.010000e+00 1.138276e-03
4.020000e+00 1.146992e-03
4.030000e+00 1.155553e-03
4.040000e+00 1.163898e-03
4.050000e+00 1.171966e-03
4.060000e+00 1.179698e-03
4.070000e+00 1.187038e-03
4.080000e+00 1.193934e-03
4.090000e+00 1.200344e-03
4.100000e+00 1.206236e-03
4.110000e+00 1.211587e-03
4.120000e+00 1.216391e-03
4.130000e+00 1.220656e-03
4.140000e+00 1.224405e-03
4.150000e+00 1.227682e-03
4.160000e+00 1.230546e-03
4.170000e+00 1.233073e-03
4.180000e+00 1.235358e-03
4.190000e+00 1.237510e-03
4.200000e+00 1.239654e-03
4.210000e+00 1.241925e-03
4.220000e+00 1.244467e-03
4.230000e+00 1.247434e-03
4.240000e+00 1.250980e-03
4.250000e+00 1.255261e-03
4.260000e+00 1.260430e-03
4.270000e+00 1.266635e-03
4.280000e+00 1.274013e-03
4.290000e+00 1.282690e-03
4.300000e+00 1.292777e-03
4.310000e+00 1.304368e-03
4.320000e+00 1.317539e-03
4.330000e+00 1.332343e-03
4.340000e+00 1.348814e-03
4.350000e+00 1.366962e-03
4.360000e+00 1.386775e-03
4.370000e+00 1.408216e-03
4.380000e+00 1.431228e-03
4.390000e+00 1.455729e-03
4.400000e+00 1.481620e-03
4.410000e+00 1.508778e-03
4.420000e+00 1.537062e-03
4.430000e+00 1.566314e-03
4.440000e+00 1.596360e-03
4.450000e+00 1.627011e-03
4.460000e+00 1.658063e-03
4.470000e+00 1.689303e-03
4.480000e+00 1.720507e-03
4.490000e+00 1.751440e-03
4.500000e+00 1.781864e-03
4.510000e+00 1.811533e-03
4.520000e+00 1.840197e-03
4.530000e+00 1.867606e-03
4.540000e+00 1.893508e-03
4.550000e+00 1.917652e-03
4.560000e+00 1.939793e-03
4.570000e+00 1.959687e-03
4.580000e+00 1.977101e-03
4.590000e+00 1.991808e-03
4.600000e+00 2.003593e-03
4.610000e+00 2.012253e-03
4.620000e+00 2.017598e-03
4.630000e+00 2.019455e-03
4.640000e+00 2.017669e-03
4.650000e+00 2.012102e-03
4.660000e+00 2.002636e-03
4.670000e+00 1.989175e-03
4.680000e+00 1.971642e-03
4.690000e+00 1.949986e-03
4.700000e+00 1.924175e-03
4.710000e+00 1.894203e-03
4.720000e+00 1.860085e-03
4.730000e+00 1.821862e-03
4.740000e+00 1.779595e-03
4.750000e+00 1.733370e-03
4.760000e+00 1.683296e-03
4.770000e+00 1.629505e-03
4.780000e+00 1.572151e-03
4.790000e+00 1.511409e-03
4.800000e+00 1.447479e-03
4.810000e+00 1.380580e-03
4.820000e+00 1.310955e-03
4.830000e+00 1.238864e-03
4.840000e+00 1.164592e-03
4.850000e+00 1.088440e-03
4.860000e+00 1.010730e-03
4.870000e+00 9.317994e-04
4.880000e+00 8.520041e-04
4.890000e+00 7.717133e-04
4.900000e+00 6.913089e-04
4.910000e+00 6.111833e-04
4.920000e+00 5.317361e-04
4.930000e+00 4.533716e-04
4.940000e+00 3.764954e-04
4.950000e+00 3.015110e-04
4.960000e+00 2.288160e-04
4.970000e+00 1.587984e-04
4.980000e+00 9.183284e-05
4.990000e+00 2.827664e-05
5.000000e+00 -3.153354e-05
5.010000e+00 -8.728525e-05
5.020000e+00 -1.386932e-04
5.030000e+00 -1.855021e-04
5.040000e+00 -2.274886e-04
5.050000e+00 -2.644631e-04
5.060000e+00 -2.962709e-04
5.070000e+00 -3.227928e-04
5.080000e+00 -3.439449e-04
5.090000e+00 -3.596780e-04
5.100000e+00 -3.699770e-04
5.110000e+00 -3.748587e-04
5.120000e+00 -3.743702e-04
5.130000e+00 -3.685866e-04
5.140000e+00 -3.576084e-04
5.150000e+00 -3.415592e-04
5.160000e+00 -3.205825e-04
5.170000e+00 -2.948393e-04
5.180000e+00 -2.645055e-04
5.190000e+00 -2.297693e-04
5.200000e+00 -1.908295e-04
5.210000e+00 -1.478929e-04
5.220000e+00 -1.011728e-04
5.230000e+00 -5.088796e-05
5.240000e+00 2.739083e-06
5.250000e+00 5.948267e-05
5.260000e+00 1.191148e-04
5.270000e+00 1.814056e-04
5.280000e+00 2.461240e-04
5.290000e+00 3.130379e-04
5.300000e+00 3.819145e-04
5.310000e+00 4.525208e-04
5.320000e+00 5.246241e-04
5.330000e+00 5.979922e-04
5.340000e+00 6.723943e-04
5.350000e+00 7.476014e-04
5.360000e+00 8.233873e-04
5.370000e+00 8.995292e-04
5.380000e+00 9.758090e-04
5.390000e+00 1.052013e-03
5.400000e+00 1.127935e-03
5.410000e+00 1.203374e-03
5.420000e+00 1.278137e-03
5.430000e+00 1.352038e-03
5.440000e+00 1.424900e-03
5.450000e+00 1.496554e-03
5.460000e+00 1.566838e-03
5.470000e+00 1.635597e-03
5.480000e+00 1.702685e-03
5.490000e+00 1.767959e-03
5.500000e+00 1.831285e-03
5.510000e+00 1.892531e-03
5.520000e+00 1.951570e-03
5.530000e+00 2.008275e-03
5.540000e+00 2.062527e-03
5.550000e+00 2.114203e-03
5.560000e+00 2.163185e-03
5.570000e+00 2.209356e-03
5.580000e+00 2.252602e-03
5.590000e+00 2.292812e-03
5.600000e+00 2.329878e-03
5.610000e+00 2.363699e-03
5.620000e+00 2.394181e-03
5.630000e+00 2.421240e-03
5.640000e+00 2.444804e-03
5.650000e+00 2.464811e-03
5.660000e+00 2.481221e-03
5.670000e+00 2.494007e-03
5.680000e+00 2.503164e-03
5.690000e+00 2.508709e-03
5.700000e+00 2.510681e-03
5.710000e+00 2.509144e-03
5.720000e+00 2.504183e-03
5.730000e+00 2.495912e-03
5.740000e+00 2.484465e-03
5.750000e+00 2.470000e-03
5.760000e+00 2.452694e-03
5.770000e+00 2.432746e-03
5.780000e+00 2.410369e-03
5.790000e+00 2.385789e-03
5.800000e+00 2.359245e-03
5.810000e+00 2.330981e-03
5.820000e+00 2.301244e-03
5.830000e+00 2.270285e-03
5.840000e+00 2.238349e-03
5.850000e+00 2.205676e-03
5.860000e+00 2.172496e-03
5.870000e+00 2.139030e-03
5.880000e+00 2.105483e-03
5.890000e+00 2.072043e-03
5.900000e+00 2.038884e-03
5.910000e+00 2.006156e-03
5.920000e+00 1.973993e-03
5.930000e+00 1.942507e-03
5.940000e+00 1.911788e-03
5.950000e+00 1.881907e-03
5.960000e+00 1.852913e-03
5.970000e+00 1.824833e-03
5.980000e+00 1.797676e-03
5.990000e+00 1.771432e-03
6.000000e+00 1.746070e-03
6.010000e+00 1.721545e-03
6.020000e+00 1.697791e-03
6.030000e+00 1.674731e-03
6.040000e+00 1.652271e-03
6.050000e+00 1.630305e-03
6.060000e+00 1.608714e-03
6.070000e+00 1.587370e-03
6.080000e+00 1.566137e-03
6.090000e+00 1.544871e-03
6.100000e+00 1.523422e-03
6.110000e+00 1.501638e-03
6.120000e+00 1.479365e-03
6.130000e+00 1.456449e-03
6.140000e+00 1.432738e-03
6.150000e+00 1.408085e-03
6.160000e+00 1.382352e-03
6.170000e+00 1.355405e-03
6.180000e+00 1.327122e-03
6.190000e+00 1.297396e-03
6.200000e+00 1.266129e-03
6.210000e+00 1.233240e-03
6.220000e+00 1.198666e-03
6.230000e+00 1.162357e-03
6.240000e+00 1.124286e-03
6.250000e+00 1.084439e-03
6.260000e+00 1.042824e-03
6.270000e+00 9.994662e-04
6.280000e+00 9.544090e-04
6.290000e+00 9.077135e-04
6.300000e+00 8.594582e-04
6.310000e+00 8.097378e-04
6.320000e+00 7.586625e-04
6.330000e+00 7.063573e-04
6.340000e+00 6.529608e-04
6.350000e+00 5.986240e-04
6.360000e+00 5.435094e-04
6.370000e+00 4.877900e-04
6.380000e+00 4.316479e-04
6.390000e+00 3.752734e-04
6.400000e+00 3.188634e-04
6.410000e+00 2.626205e-04
6.420000e+00 2.067514e-04
6.430000e+00 1.514654e-04
6.440000e+00 9.697297e-05
6.450000e+00 4.348403e-05
6.460000e+00 -8.793965e-06
6.470000e+00 -5.965784e-05
6.480000e+00 -1.089108e-04
6.490000e+00 -1.563646e-04
6.500000e+00 -2.018414e-04
6.510000e+00 -2.451763e-04
6.520000e+00 -2.862195e-04
6.530000e+00 -3.248378e-04
6.540000e+00 -3.609171e-04
6.550000e+00 -3.943636e-04
6.560000e+00 -4.251055e-04
6.570000e+00 -4.530939e-04
6.580000e+00 -4.783037e-04
6.590000e+00 -5.007335e-04
6.600000e+00 -5.204060e-04
6.610000e+00 -5.373672e-04
6.620000e+00 -5.516855e-04
6.630000e+00 -5.634501e-04
6.640000e+00 -5.727697e-04
6.650000e+00 -5.797700e-04
6.660000e+00 -5.845918e-04
6.670000e+00 -5.873884e-04
6.680000e+00 -5.883227e-04
6.690000e+00 -5.875652e-04
6.700000e+00 -5.852906e-04
6.710000e+00 -5.816763e-04
6.720000e+00 -5.768993e-04
6.730000e+00 -5.711347e-04
6.740000e+00 -5.645537e-04
6.750000e+00 -5.573222e-04
6.760000e+00 -5.495995e-04
6.770000e+00 -5.415377e-04
6.780000e+00 -5.332809e-04
6.790000e+00 -5.249650e-04
6.800000e+00 -5.167175e-04
6.810000e+00 -5.086573e-04
6.820000e+00 -5.008949e-04
6.830000e+00 -4.935326e-04
6.840000e+00 -4.866644e-04
6.850000e+00 -4.803759e-04
6.860000e+00 -4.747442e-04
6.870000e+00 -4.698374e-04
6.880000e+00 -4.657144e-04
6.890000e+00 -4.624240e-04
6.900000e+00 -4.600041e-04
6.910000e+00 -4.584810e-04
6.920000e+00 -4.578679e-04
6.930000e+00 -4.581648e-04
6.940000e+00 -4.593568e-04
6.950000e+00 -4.614136e-04
6.960000e+00 -4.642894e-04
6.970000e+00 -4.679222e-04
6.980000e+00 -4.722339e-04
6.990000e+00 -4.771313e-04
7.000000e+00 -4.825066e-04
7.010000e+00 -4.882393e-04
7.020000e+00 -4.941975e-04
7.030000e+00 -5.002408e-04
7.040000e+00 -5.062226e-04
7.050000e+00 -5.119934e-04
7.060000e+00 -5.174037e-04
7.070000e+00 -5.223076e-04
7.080000e+00 -5.265662e-04
7.090000e+00 -5.300509e-04
7.100000e+00 -5.326466e-04
7.110000e+00 -5.342542e-04
7.120000e+00 -5.347937e-04
7.130000e+00 -5.342053e-04
7.140000e+00 -5.324517e-04
7.150000e+00 -5.295179e-04
7.160000e+00 -5.254122e-04
7.170000e+00 -5.201653e-04
7.180000e+00 -5.138292e-04
7.190000e+00 -5.064757e-04
7.200000e+00 -4.981940e-04
7.210000e+00 -4.890880e-04
7.220000e+00 -4.792739e-04
7.230000e+00 -4.688761e-04
7.240000e+00 -4.580247e-04
7.250000e+00 -4.468517e-04
7.260000e+00 -4.354876e-04
7.270000e+00 -4.240589e-04
7.280000e+00 -4.126847e-04
7.290000e+00 -4.014746e-04
7.300000e+00 -3.905263e-04
7.310000e+00 -3.799243e-04
7.320000e+00 -3.697388e-04
7.330000e+00 -3.600243e-04
7.340000e+00 -3.508203e-04
7.350000e+00 -3.421504e-04
7.360000e+00 -3.340236e-04
7.370000e+00 -3.264347e-04
7.380000e+00 -3.193652e-04
7.390000e+00 -3.127847e-04
7.400000e+00 -3.066523e-04
7.410000e+00 -3.009177e-04
7.420000e+00 -2.955230e-04
7.430000e+00 -2.904034e-04
7.440000e+00 -2.854891e-04
7.450000e+00 -2.807061e-04
7.460000e+00 -2.759774e-04
7.470000e+00 -2.712239e-04
7.480000e+00 -2.663649e-04
7.490000e+00 -2.613194e-04
7.500000e+00 -2.560061e-04
7.510000e+00 -2.503441e-04
7.520000e+00 -2.442538e-04
7.530000e+00 -2.376565e-04
7.540000e+00 -2.304756e-04
7.550000e+00 -2.226369e-04
7.560000e+00 -2.140688e-04
7.570000e+00 -2.047031e-04
7.580000e+00 -1.944757e-04
7.590000e+00 -1.833268e-04
7.600000e+00 -1.712020e-04
7.610000e+00 -1.580529e-04
7.620000e+00 -1.438376e-04
7.630000e+00 -1.285214e-04
7.640000e+00 -1.120780e-04
7.650000e+00 -9.448931e-05
7.660000e+00 -7.574682e-05
7.670000e+00 -5.585158e-05
7.680000e+00 -3.481486e-05
7.690000e+00 -1.265843e-05
7.700000e+00 1.058517e-05
7.710000e+00 3.487252e-05
7.720000e+00 6.014926e-05
7.730000e+00 8.635017e-05
7.740000e+00 1.133994e-04
7.750000e+00 1.412105e-04
7.760000e+00 1.696874e-04
7.770000e+00 1.987240e-04
7.780000e+00 2.282057e-04
7.790000e+00 2.580095e-04
7.800000e+00 2.880050e-04
7.810000e+00 3.180558e-04
7.820000e+00 3.480198e-04
7.830000e+00 3.777513e-04
7.840000e+00 4.071021e-04
7.850000e+00 4.359230e-04
7.860000e+00 4.640657e-04
7.870000e+00 4.913846e-04
7.880000e+00 5.177391e-04
7.890000e+00 5.429951e-04
7.900000e+00 5.670278e-04
7.910000e+00 5.897238e-04
7.920000e+00 6.109829e-04
7.930000e+00 6.307203e-04
7.940000e+00 6.488688e-04
7.950000e+00 6.653800e-04
7.960000e+00 6.802260e-04
7.970000e+00 6.934004e-04
7.980000e+00 7.049186e-04
7.990000e+00 7.148183e-04
8.000000e+00 7.231590e-04
8.010000e+00 7.300209e-04
8.020000e+00 7.355039e-04
8.030000e+00 7.397251e-04
8.040000e+00 7.428170e-04
8.050000e+00 7.449242e-04
8.060000e+00 7.462006e-04
8.070000e+00 7.468055e-04
8.080000e+00 7.469004e-04
8.090000e+00 7.466450e-04
8.100000e+00 7.461937e-04
8.110000e+00 7.456921e-04
8.120000e+00 7.452742e-04
8.130000e+00 7.450590e-04
8.140000e+00 7.451486e-04
8.150000e+00 7.456266e-04
8.160000e+00 7.465568e-04
8.170000e+00 7.479828e-04
8.180000e+00 7.499283e-04
8.190000e+00 7.523980e-04
8.200000e+00 7.553793e-04
8.210000e+00 7.588440e-04
8.220000e+00 7.627510e-04
8.230000e+00 7.670494e-04
8.240000e+00 7.716817e-04
8.250000e+00 7.765867e-04
8.260000e+00 7.817036e-04
8.270000e+00 7.869746e-04
8.280000e+00 7.923482e-04
8.290000e+00 7.977821e-04
8.300000e+00 8.032454e-04
8.310000e+00 8.087205e-04
8.320000e+00 8.142043e-04
8.330000e+00 8.197095e-04
8.340000e+00 8.252642e-04
8.350000e+00 8.309122e-04
8.360000e+00 8.367121e-04
8.370000e+00 8.427357e-04
8.380000e+00 8.490672e-04
8.390000e+00 8.558006e-04
8.400000e+00 8.630381e-04
8.410000e+00 8.708878e-04
8.420000e+00 8.794610e-04
8.430000e+00 8.888710e-04
8.440000e+00 8.992297e-04
8.450000e+00 9.106467e-04
8.460000e+00 9.232268e-04
8.470000e+00 9.370688e-04
8.480000e+00 9.522639e-04
8.490000e+00 9.688946e-04
8.500000e+00 9.870337e-04
8.510000e+00 1.006744e-03
8.520000e+00 1.028076e-03
8.530000e+00 1.051069e-03
8.540000e+00 1.075752e-03
8.550000e+00 1.102138e-03
8.560000e+00 1.130229e-03
8.570000e+00 1.160011e-03
8.580000e+00 1.191459e-03
8.590000e+00 1.224529e-03
8.600000e+00 1.259164e-03
8.610000e+00 1.295287e-03
8.620000e+00 1.332806e-03
8.630000e+00 1.371610e-03
8.640000e+00 1.411569e-03
8.650000e+00 1.452531e-03
8.660000e+00 1.494327e-03
8.670000e+00 1.536765e-03
8.680000e+00 1.579633e-03
8.690000e+00 1.622699e-03
8.700000e+00 1.665711e-03
8.710000e+00 1.708398e-03
8.720000e+00 1.750474e-03
8.730000e+00 1.791633e-03
8.740000e+00 1.831558e-03
8.750000e+00 1.869921e-03
8.760000e+00 1.906383e-03
8.770000e+00 1.940600e-03
8.780000e+00 1.972227e-03
8.790000e+00 2.000916e-03
8.800000e+00 2.026324e-03
8.810000e+00 2.048114e-03
8.820000e+00 2.065959e-03
8.830000e+00 2.079546e-03
8.840000e+00 2.088576e-03
8.850000e+00 2.092769e-03
8.860000e+00 2.091869e-03
8.870000e+00 2.085642e-03
8.880000e+00 2.073878e-03
8.890000e+00 2.056401e-03
8.900000e+00 2.033060e-03
8.910000e+00 2.003739e-03
8.920000e+00 1.968355e-03
8.930000e+00 1.926857e-03
8.940000e+00 1.879235e-03
8.950000e+00 1.825510e-03
8.960000e+00 1.765745e-03
8.970000e+00 1.700038e-03
8.980000e+00 1.628525e-03
8.990000e+00 1.551381e-03
9.000000e+00 1.468817e-03
9.010000e+00 1.381083e-03
9.020000e+00 1.288463e-03
9.030000e+00 1.191274e-03
9.040000e+00 1.089869e-03
9.050000e+00 9.846286e-04
9.060000e+00 8.759620e-04
9.070000e+00 7.643034e-04
9.080000e+00 6.501089e-04
9.090000e+00 5.338522e-04
9.100000e+00 4.160216e-04
9.110000e+00 2.971157e-04
9.120000e+00 1.776389e-04
9.130000e+00 5.809786e-05
9.140000e+00 -6.100342e-05
9.150000e+00 -1.791672e-04
9.160000e+00 -2.959059e-04
9.170000e+00 -4.107461e-04
9.180000e+00 -5.232315e-04
9.190000e+00 -6.329258e-04
9.200000e+00 -7.394154e-04
9.210000e+00 -8.423109e-04
9.220000e+00 -9.412494e-04
9.230000e+00 -1.035895e-03
9.240000e+00 -1.125938e-03
9.250000e+00 -1.211098e-03
9.260000e+00 -1.291122e-03
9.270000e+00 -1.365782e-03
9.280000e+00 -1.434879e-03
9.290000e+00 -1.498235e-03
9.300000e+00 -1.555700e-03
9.310000e+00 -1.607144e-03
9.320000e+00 -1.652459e-03
9.330000e+00 -1.691558e-03
9.340000e+00 -1.724375e-03
9.350000e+00 -1.750862e-03
9.360000e+00 -1.770991e-03
9.370000e+00 -1.784750e-03
9.380000e+00 -1.792149e-03
9.390000e+00 -1.793215e-03
9.400000e+00 -1.787993e-03
9.410000e+00 -1.776550e-03
9.420000e+00 -1.758971e-03
9.430000e+00 -1.735361e-03
9.440000e+00 -1.705847e-03
9.450000e+00 -1.670574e-03
9.460000e+00 -1.629710e-03
9.470000e+00 -1.583442e-03
9.480000e+00 -1.531976e-03
9.490000e+00 -1.475536e-03
9.500000e+00 -1.414364e-03
9.510000e+00 -1.348719e-03
9.520000e+00 -1.278871e-03
9.530000e+00 -1.205105e-03
9.540000e+00 -1.127714e-03
9.550000e+00 -1.046999e-03
9.560000e+00 -9.632647e-04
9.570000e+00 -8.768208e-04
9.580000e+00 -7.879753e-04
9.590000e+00 -6.970348e-04
9.600000e+00 -6.043016e-04
9.610000e+00 -5.100718e-04
9.620000e+00 -4.146340e-04
9.630000e+00 -3.182675e-04
9.640000e+00 -2.212411e-04
9.650000e+00 -1.238127e-04
9.660000e+00 -2.622839e-05
9.670000e+00 7.127784e-05
9.680000e+00 1.684841e-04
9.690000e+00 2.651806e-04
9.700000e+00 3.611690e-04
9.710000e+00 4.562625e-04
9.720000e+00 5.502849e-04
9.730000e+00 6.430701e-04
9.740000e+00 7.344611e-04
9.750000e+00 8.243097e-04
9.760000e+00 9.124755e-04
9.770000e+00 9.988252e-04
9.780000e+00 1.083232e-03
9.790000e+00 1.165573e-03
9.800000e+00 1.245733e-03
9.810000e+00 1.323598e-03
9.820000e+00 1.399059e-03
9.830000e+00 1.472008e-03
9.840000e+00 1.542340e-03
9.850000e+00 1.609950e-03
9.860000e+00 1.674735e-03
9.870000e+00 1.736590e-03
9.880000e+00 1.795409e-03
9.890000e+00 1.851087e-03
9.900000e+00 1.903517e-03
9.910000e+00 1.952589e-03
9.920000e+00 1.998195e-03
9.930000e+00 2.040223e-03
9.940000e+00 2.078563e-03
9.950000e+00 2.113106e-03
9.960000e+00 2.143745e-03
9.970000e+00 2.170377e-03
9.980000e+00 2.192904e-03
9.990000e+00 2.211238e-03
1.000000e+01 2.225298e-03
