# text fof file
# logMmin 1.200000e+01 -> nfof_min 133
# boxsize 600.000000
# density total 8.303040e+05 8.303040e+05; rel difference 4.320526e-11
# nbar 3.844000e-03
1.483274e-02 13 4.319534e+04 4.344998e+04 1.419488e+04 -6.074800e+04
2.513187e-02 33 2.570935e+04 2.596015e+04 -9.687521e+03 -9.150386e+03
3.574650e-02 79 1.502716e+04 1.527652e+04 1.724860e+03 -4.083061e+03
4.583347e-02 105 1.017831e+04 1.042602e+04 -2.045902e+03 -5.232163e+02
5.486964e-02 145 9.835235e+03 1.007811e+04 2.395744e+03 -9.584496e+01
6.471857e-02 243 8.465138e+03 8.704476e+03 1.235995e+02 5.374417e+02
7.503996e-02 313 8.365186e+03 8.597598e+03 -5.881988e+02 1.029709e+03
8.485495e-02 369 6.645580e+03 6.877303e+03 4.104700e+02 7.955333e+02
9.528688e-02 571 4.865710e+03 5.099427e+03 -4.808596e+02 -5.978453e+02
1.059290e-01 601 4.422637e+03 4.652886e+03 1.245314e+02 -7.070973e+02
1.156806e-01 705 4.233089e+03 4.458927e+03 -1.238243e+01 -2.049977e+02
1.255756e-01 883 3.650122e+03 3.875169e+03 8.302197e+01 -5.036924e+02
1.352378e-01 909 3.281352e+03 3.504728e+03 1.043021e+02 -7.376382e+01
1.449493e-01 1177 2.996586e+03 3.217886e+03 -1.771384e+02 2.272169e+02
1.550659e-01 1323 2.596580e+03 2.817813e+03 6.526625e+01 -4.435968e+02
1.649601e-01 1453 2.320259e+03 2.540593e+03 2.041685e+02 -1.689273e+02
1.749597e-01 1701 2.030689e+03 2.251014e+03 -1.233588e+02 -1.454564e+02
1.852437e-01 1963 1.959315e+03 2.176358e+03 4.670480e+01 -5.447333e+01
1.951071e-01 1933 1.738441e+03 1.955563e+03 9.109747e+01 2.638675e+02
2.049888e-01 2397 1.675220e+03 1.889469e+03 3.666408e-01 -6.872561e+01
2.151844e-01 2539 1.510803e+03 1.724676e+03 -2.665386e+01 6.785468e+01
2.250745e-01 2694 1.418079e+03 1.630280e+03 4.801280e+01 9.617841e+01
2.350927e-01 3121 1.354103e+03 1.564017e+03 -1.244078e+00 -9.926264e+01
2.451974e-01 3255 1.189389e+03 1.400518e+03 -2.789161e+01 -7.081460e+01
2.550872e-01 3517 1.113341e+03 1.323331e+03 1.315306e+01 6.787660e+01
2.649947e-01 3813 1.056857e+03 1.265168e+03 7.455233e+00 -1.062990e+02
2.750606e-01 4231 1.018898e+03 1.224867e+03 -6.505553e+01 1.547354e+01
2.851157e-01 4389 9.390652e+02 1.144708e+03 -5.949911e+01 1.005678e+01
2.950080e-01 4717 8.863149e+02 1.090789e+03 -1.579437e+00 4.092029e+01
3.050474e-01 5191 8.455485e+02 1.048372e+03 -1.875684e+01 7.668829e+01
3.151078e-01 5373 8.029871e+02 1.004429e+03 3.160215e+01 1.748401e+01
3.251295e-01 5893 7.710174e+02 9.706334e+02 -5.057732e+01 3.033135e+01
3.352591e-01 6183 7.170455e+02 9.163229e+02 1.556177e+01 -3.392927e+01
3.451640e-01 6349 6.830925e+02 8.810801e+02 -5.954034e+00 1.152886e+02
3.550965e-01 6993 6.575958e+02 8.538557e+02 9.858091e+00 -4.045156e+01
3.649687e-01 7003 6.355114e+02 8.299175e+02 -3.108510e+01 4.480089e+01
3.749450e-01 7941 5.935331e+02 7.876595e+02 -2.963995e+01 -5.012912e+00
3.851630e-01 8221 5.768936e+02 7.688912e+02 2.375932e+01 2.072044e+01
3.951752e-01 8449 5.509525e+02 7.417280e+02 -1.363109e+01 1.978865e+01
4.050872e-01 8931 5.214948e+02 7.115414e+02 -4.762201e+00 1.997956e+01
4.149904e-01 9289 4.892238e+02 6.789934e+02 -1.587594e+01 2.449089e+01
4.250484e-01 10113 4.716367e+02 6.598819e+02 2.553725e+01 -1.411793e+01
4.350196e-01 10087 4.630247e+02 6.488996e+02 2.566467e+00 -2.152792e+01
4.449689e-01 10998 4.312086e+02 6.172351e+02 -3.106859e+00 -6.517880e+00
4.550136e-01 11233 4.400247e+02 6.218974e+02 2.421685e+00 -6.872279e+00
4.650240e-01 11991 4.145403e+02 5.960966e+02 -1.283493e+01 -4.091621e+01
4.750600e-01 12241 3.961582e+02 5.767330e+02 -1.778915e+01 -1.042326e+00
4.850824e-01 13033 3.780093e+02 5.577016e+02 3.169961e+00 -6.800805e+00
4.950626e-01 13227 3.578177e+02 5.370338e+02 -9.954509e-01 -1.895191e+01
5.050218e-01 13993 3.508925e+02 5.279908e+02 8.932282e+00 4.428839e+01
5.149626e-01 14301 3.392547e+02 5.149355e+02 7.817035e+00 5.112022e+00
5.249789e-01 15355 3.323383e+02 5.059633e+02 -1.082727e+00 -5.652185e+00
5.350486e-01 15585 3.192752e+02 4.917836e+02 -1.589216e+01 -2.086956e+00
5.451135e-01 16549 3.072803e+02 4.786136e+02 8.642817e+00 9.884040e+00
5.551181e-01 16587 2.945186e+02 4.649106e+02 1.166865e+01 -2.487771e+00
5.650424e-01 17461 2.944473e+02 4.618957e+02 -6.150882e+00 8.034642e+00
5.750589e-01 18177 2.828219e+02 4.492759e+02 -9.936000e+00 1.769740e+01
5.850828e-01 18739 2.725011e+02 4.378023e+02 -1.752370e+01 1.157778e+01
5.950416e-01 19165 2.593719e+02 4.241584e+02 -2.326366e+00 1.025477e+01
6.049746e-01 20013 2.567082e+02 4.191139e+02 -9.321265e-01 -2.734585e+00
6.149470e-01 20587 2.406040e+02 4.032436e+02 6.070736e+00 -7.071809e+00
6.249968e-01 21657 2.416812e+02 4.012285e+02 4.744963e+00 5.499038e+00
6.350666e-01 22129 2.289312e+02 3.882000e+02 -1.398496e+00 -1.967877e+00
6.450498e-01 22611 2.236466e+02 3.812153e+02 -8.756389e+00 1.087344e+01
6.549912e-01 23317 2.201841e+02 3.756915e+02 -1.066744e+00 -3.637407e+00
6.649535e-01 24222 2.138242e+02 3.679456e+02 3.221467e+00 1.174618e+01
6.749660e-01 24943 2.045144e+02 3.579594e+02 -2.959334e+00 2.012037e+00
6.850252e-01 25921 1.996480e+02 3.514514e+02 9.319628e-01 -4.019757e-02
6.950284e-01 26253 1.927753e+02 3.434776e+02 2.814295e+00 -3.231075e+00
7.049900e-01 27139 1.968725e+02 3.438323e+02 -6.373070e+00 -1.501022e+00
7.150256e-01 28185 1.878357e+02 3.342967e+02 -4.935269e+00 9.177594e+00
7.250860e-01 28969 1.788221e+02 3.248809e+02 4.639101e+00 8.327877e+00
7.350183e-01 28887 1.746721e+02 3.191702e+02 -4.511054e+00 6.719398e+00
7.450018e-01 30937 1.735107e+02 3.156321e+02 5.963603e+00 2.334863e+01
7.551045e-01 31341 1.656689e+02 3.072726e+02 -2.700618e+00 -6.056783e+00
7.650666e-01 31555 1.630951e+02 3.027833e+02 1.400755e+00 1.062209e+01
7.750154e-01 33025 1.598204e+02 2.978344e+02 6.289896e+00 -1.341248e+00
7.850634e-01 33921 1.554458e+02 2.921245e+02 -9.663399e+00 1.857009e+00
7.950596e-01 34285 1.502029e+02 2.858614e+02 4.178169e+00 1.581608e+00
8.050450e-01 35703 1.483327e+02 2.819715e+02 1.456817e+01 -8.298916e-01
8.150563e-01 36205 1.419257e+02 2.750157e+02 7.015172e+00 3.702235e+00
8.250795e-01 37485 1.402068e+02 2.712953e+02 2.915027e+00 -2.454797e+00
8.350885e-01 38047 1.361819e+02 2.660559e+02 6.257386e+00 -2.121793e+00
8.450499e-01 38913 1.311574e+02 2.602025e+02 4.048834e-01 1.538876e+01
8.550252e-01 39853 1.307729e+02 2.574690e+02 2.064848e+00 1.583078e+00
8.650455e-01 41367 1.265682e+02 2.522269e+02 -3.129580e+00 1.160960e+00
8.750680e-01 41617 1.185257e+02 2.445764e+02 1.472608e+00 -1.404924e+01
8.849916e-01 42430 1.192010e+02 2.426052e+02 8.630239e+00 -2.840034e+00
8.949944e-01 44367 1.143262e+02 2.371057e+02 1.632967e+00 -7.392657e-01
9.050336e-01 44569 1.122556e+02 2.334050e+02 4.118078e-01 1.571103e+00
9.150411e-01 46089 1.093266e+02 2.292116e+02 -3.979774e+00 -2.536094e+00
9.250625e-01 46819 1.076972e+02 2.258529e+02 -6.298909e+00 -1.031358e+01
9.350607e-01 47793 1.089277e+02 2.242397e+02 1.825767e+00 1.138125e+00
9.450463e-01 48697 1.055720e+02 2.198802e+02 4.413295e+00 -2.498669e+00
9.549734e-01 49443 9.796673e+01 2.130676e+02 -3.336660e-01 2.060707e+00
9.649510e-01 51097 9.903441e+01 2.114161e+02 -6.518399e-01 -6.909551e+00
9.750082e-01 52453 9.715060e+01 2.080358e+02 3.227140e+00 -2.355532e+00
9.850290e-01 52947 9.217935e+01 2.029188e+02 -8.218843e-01 3.887202e-01
9.950258e-01 54193 9.058170e+01 1.997918e+02 -8.079957e-01 2.239619e+00
