# text fof file
# logMmin 1.200000e+01 -> nfof_min 133
# boxsize 600.000000
# density total 8.298070e+05 8.298070e+05; rel difference 3.609757e-11
# nbar 3.841699e-03
1.483274e-02 13 1.641094e+04 1.666915e+04 -1.514290e+03 -1.483115e+04
2.513187e-02 33 1.946788e+04 1.972104e+04 5.382023e+02 8.550759e+02
3.574650e-02 79 1.429427e+04 1.454421e+04 1.316420e+03 3.069164e+02
4.583347e-02 105 1.257155e+04 1.281617e+04 3.100455e+02 -9.004066e+02
5.486964e-02 145 1.034504e+04 1.058731e+04 -9.683641e+02 2.908438e+03
6.471857e-02 243 9.716156e+03 9.952376e+03 -1.006219e+03 -4.056620e+03
7.503996e-02 313 8.005811e+03 8.239642e+03 -1.408388e+02 7.648908e+02
8.485495e-02 369 6.395146e+03 6.628303e+03 -2.187971e+02 7.233384e+02
9.528688e-02 571 5.237826e+03 5.469673e+03 -1.138850e+03 -5.386069e+02
1.059290e-01 601 4.644743e+03 4.873665e+03 2.895613e+02 -5.816166e+02
1.156806e-01 705 4.191491e+03 4.417888e+03 1.972836e+02 -1.868476e+02
1.255756e-01 883 3.487317e+03 3.714009e+03 5.259334e+02 -5.634604e+02
1.352378e-01 909 3.311551e+03 3.534776e+03 -3.743265e+02 4.840255e+02
1.449493e-01 1177 2.898022e+03 3.120684e+03 1.432150e+02 -4.217478e+02
1.550659e-01 1323 2.462654e+03 2.685892e+03 7.185420e+01 -1.414290e+02
1.649601e-01 1453 2.286444e+03 2.507428e+03 1.026365e+02 1.362215e+02
1.749597e-01 1701 2.210793e+03 2.428269e+03 -8.451369e+01 -1.285196e+02
1.852437e-01 1963 1.940791e+03 2.158314e+03 7.019565e+01 -1.504215e+02
1.951071e-01 1933 1.782938e+03 1.999227e+03 3.281396e+01 -1.006188e+01
2.049888e-01 2397 1.665086e+03 1.879752e+03 -1.200313e+02 -1.792413e+02
2.151844e-01 2539 1.531134e+03 1.744619e+03 -8.071313e+01 -2.681114e+02
2.250745e-01 2694 1.422628e+03 1.634892e+03 -3.887325e+01 4.195694e+01
2.350927e-01 3121 1.304454e+03 1.516078e+03 8.436141e+01 2.214625e+01
2.451974e-01 3255 1.236039e+03 1.445783e+03 -1.380160e+01 2.392385e+01
2.550872e-01 3517 1.135360e+03 1.344683e+03 4.461718e+01 -2.148310e+01
2.649947e-01 3813 1.090724e+03 1.297842e+03 8.333016e+00 4.025906e+01
2.750606e-01 4231 1.017076e+03 1.223236e+03 -8.384441e+01 6.002937e+01
2.851157e-01 4389 9.192739e+02 1.125980e+03 -4.469765e+01 -1.505399e+00
2.950080e-01 4717 9.162816e+02 1.119422e+03 -3.958901e+01 -1.671456e+02
3.050474e-01 5191 8.446827e+02 1.047703e+03 2.468042e+01 1.540959e+01
3.151078e-01 5373 8.309182e+02 1.030950e+03 -2.542564e+01 -9.091862e+01
3.251295e-01 5893 7.486797e+02 9.497500e+02 -4.053325e+01 -8.045743e+01
3.352591e-01 6183 7.164604e+02 9.159310e+02 -7.446882e-01 1.665953e+01
3.451640e-01 6349 6.999391e+02 8.969468e+02 4.615284e+00 -4.237341e+01
3.550965e-01 6993 6.499905e+02 8.469304e+02 2.320242e+01 -1.009429e+01
3.649687e-01 7003 6.291284e+02 8.241530e+02 -8.908121e+00 9.126719e+00
3.749450e-01 7941 6.092669e+02 8.023445e+02 1.393038e+00 -2.050532e+01
3.851630e-01 8221 5.523593e+02 7.464970e+02 -5.375200e+00 -9.870618e+00
3.951752e-01 8449 5.468965e+02 7.381708e+02 -8.144912e+00 1.159173e+01
4.050872e-01 8931 5.196357e+02 7.100004e+02 1.992817e+00 1.506431e+01
4.149904e-01 9289 4.995518e+02 6.885174e+02 -1.960423e+01 3.163339e+01
4.250484e-01 10113 4.763914e+02 6.642832e+02 -9.074687e+00 -1.951649e+01
4.350196e-01 10087 4.627198e+02 6.487759e+02 5.212391e+00 -3.429702e+01
4.449689e-01 10998 4.424719e+02 6.274398e+02 7.476517e-01 -2.320867e+01
4.550136e-01 11233 4.276628e+02 6.110500e+02 1.702662e+01 -1.046932e+01
4.650240e-01 11991 4.174053e+02 5.987714e+02 8.917723e+00 2.022134e+00
4.750600e-01 12241 3.893474e+02 5.708925e+02 -2.317754e+00 1.023651e+01
4.850824e-01 13033 3.834398e+02 5.625765e+02 7.133903e+00 -2.556836e+00
4.950626e-01 13227 3.624731e+02 5.412181e+02 8.712374e+00 -2.644413e+00
5.050218e-01 13993 3.544908e+02 5.312378e+02 -1.914149e+01 -2.119800e+01
5.149626e-01 14301 3.464125e+02 5.212254e+02 3.740234e+00 7.471806e+00
5.249789e-01 15355 3.310585e+02 5.050060e+02 -6.306087e+00 -7.828666e+00
5.350486e-01 15585 3.137299e+02 4.872237e+02 -1.710918e+01 -3.285143e+00
5.451135e-01 16549 3.028904e+02 4.750493e+02 -2.380737e+00 -7.090964e+00
5.551181e-01 16587 3.015027e+02 4.708931e+02 7.429517e+00 9.563439e+00
5.650424e-01 17461 2.844269e+02 4.536941e+02 -5.679060e+00 -3.550593e+01
5.750589e-01 18177 2.816512e+02 4.484242e+02 2.703139e+01 -6.042767e+00
5.850828e-01 18739 2.774453e+02 4.420090e+02 1.007447e+00 -3.339000e-02
5.950416e-01 19165 2.642410e+02 4.282512e+02 -4.102205e+00 1.562985e+00
6.049746e-01 20013 2.544633e+02 4.174115e+02 3.393494e+00 -1.810939e+01
6.149470e-01 20587 2.482556e+02 4.095162e+02 9.319492e+00 -1.589884e+01
6.249968e-01 21657 2.410457e+02 4.008376e+02 -4.933342e+00 7.202426e+00
6.350666e-01 22129 2.390870e+02 3.963792e+02 7.616627e+00 -2.021015e+01
6.450498e-01 22611 2.225424e+02 3.804652e+02 -5.057460e+00 -2.250984e-01
6.549912e-01 23317 2.166021e+02 3.730160e+02 1.583691e+00 1.244166e+01
6.649535e-01 24222 2.152261e+02 3.691554e+02 -1.069623e+01 -2.078702e+00
6.749660e-01 24943 2.074598e+02 3.603484e+02 -1.013433e+01 1.015899e+01
6.850252e-01 25921 2.048435e+02 3.555383e+02 -2.653970e+00 6.056076e+00
6.950284e-01 26253 1.918095e+02 3.428680e+02 -8.592041e+00 -1.359531e+01
7.049900e-01 27139 1.872213e+02 3.366988e+02 9.401647e+00 1.892190e+00
7.150256e-01 28185 1.838391e+02 3.314367e+02 -4.503036e+00 -1.153435e+00
7.250860e-01 28969 1.778357e+02 3.242831e+02 -4.708435e+00 -5.220701e+00
7.350183e-01 28887 1.779342e+02 3.216681e+02 -5.136117e+00 -1.084378e+01
7.450018e-01 30937 1.739520e+02 3.160728e+02 -3.890188e+00 -2.116407e+00
7.551045e-01 31341 1.626966e+02 3.052501e+02 -2.163827e+00 -4.355156e+00
7.650666e-01 31555 1.593672e+02 3.002384e+02 -1.141874e+00 -5.986110e+00
7.750154e-01 33025 1.565716e+02 2.956458e+02 -1.195986e+01 2.767239e+00
7.850634e-01 33921 1.564477e+02 2.929277e+02 2.802515e-01 5.322649e+00
7.950596e-01 34285 1.520343e+02 2.872353e+02 4.471457e+00 -5.194662e+00
8.050450e-01 35703 1.455762e+02 2.801877e+02 -8.309851e+00 3.708861e+00
8.150563e-01 36205 1.408559e+02 2.743917e+02 -7.377177e+00 5.193009e+00
8.250795e-01 37485 1.399803e+02 2.712511e+02 -1.834198e+00 -1.074390e+00
8.350885e-01 38047 1.336693e+02 2.644786e+02 -6.558228e+00 -7.403327e+00
8.450499e-01 38913 1.283125e+02 2.584370e+02 3.743711e+00 -5.592440e+00
8.550252e-01 39853 1.267856e+02 2.549562e+02 -4.476664e+00 -6.100845e+00
8.650455e-01 41367 1.232830e+02 2.501915e+02 -4.532655e+00 3.833624e+00
8.750680e-01 41617 1.213396e+02 2.464882e+02 -8.507070e+00 -4.548982e+00
8.849916e-01 42430 1.187515e+02 2.424101e+02 5.602049e+00 4.633403e+00
8.949944e-01 44367 1.177481e+02 2.393578e+02 -1.106556e+00 2.206460e+00
9.050336e-01 44569 1.146067e+02 2.349659e+02 -6.936666e+00 4.944380e-01
9.150411e-01 46089 1.109237e+02 2.302950e+02 -3.809221e+00 -2.480545e+00
9.250625e-01 46819 1.059734e+02 2.248938e+02 -2.144321e+00 -2.724727e+00
9.350607e-01 47793 1.060991e+02 2.226269e+02 -3.781737e+00 -9.858685e+00
9.450463e-01 48697 1.005856e+02 2.169937e+02 -2.232443e+00 6.470082e+00
9.549734e-01 49443 1.018054e+02 2.154279e+02 5.236441e+00 -1.169361e+00
9.649510e-01 51097 9.847296e+01 2.111801e+02 -4.184224e+00 5.535802e+00
9.750082e-01 52453 9.541389e+01 2.071155e+02 3.175558e-01 6.740541e-01
9.850290e-01 52947 9.336164e+01 2.036844e+02 -2.641219e+00 -1.205282e+01
9.950258e-01 54193 8.975592e+01 1.994129e+02 -4.565959e+00 -2.398291e-01
