# sigma2_v 8.700144599958596e+00
0.000000e+00 1.000000e+00
1.000000e-02 9.995651e-01
2.000000e-02 9.982616e-01
3.000000e-02 9.960929e-01
4.000000e-02 9.930651e-01
5.000000e-02 9.891863e-01
6.000000e-02 9.844670e-01
7.000000e-02 9.789200e-01
8.000000e-02 9.725600e-01
9.000000e-02 9.654042e-01
1.000000e-01 9.574714e-01
1.100000e-01 9.487827e-01
1.200000e-01 9.393607e-01
1.300000e-01 9.292300e-01
1.400000e-01 9.184167e-01
1.500000e-01 9.069482e-01
1.600000e-01 8.948537e-01
1.700000e-01 8.821633e-01
1.800000e-01 8.689083e-01
1.900000e-01 8.551210e-01
2.000000e-01 8.408345e-01
2.100000e-01 8.260828e-01
2.200000e-01 8.109002e-01
2.300000e-01 7.953216e-01
2.400000e-01 7.793820e-01
2.500000e-01 7.631169e-01
2.600000e-01 7.465616e-01
2.700000e-01 7.297512e-01
2.800000e-01 7.127209e-01
2.900000e-01 6.955053e-01
3.000000e-01 6.781386e-01
3.100000e-01 6.606546e-01
3.200000e-01 6.430863e-01
3.300000e-01 6.254659e-01
3.400000e-01 6.078248e-01
3.500000e-01 5.901936e-01
3.600000e-01 5.726017e-01
3.700000e-01 5.550776e-01
3.800000e-01 5.376486e-01
3.900000e-01 5.203407e-01
4.000000e-01 5.031789e-01
4.100000e-01 4.861869e-01
4.200000e-01 4.693869e-01
4.300000e-01 4.527999e-01
4.400000e-01 4.364456e-01
4.500000e-01 4.203423e-01
4.600000e-01 4.045070e-01
4.700000e-01 3.889553e-01
4.800000e-01 3.737014e-01
4.900000e-01 3.587582e-01
5.000000e-01 3.441374e-01
5.100000e-01 3.298493e-01
5.200000e-01 3.159027e-01
5.300000e-01 3.023057e-01
5.400000e-01 2.890646e-01
5.500000e-01 2.761849e-01
5.600000e-01 2.636710e-01
5.700000e-01 2.515258e-01
5.800000e-01 2.397517e-01
5.900000e-01 2.283497e-01
6.000000e-01 2.173199e-01
6.100000e-01 2.066617e-01
6.200000e-01 1.963735e-01
6.300000e-01 1.864529e-01
6.400000e-01 1.768968e-01
6.500000e-01 1.677013e-01
6.600000e-01 1.588619e-01
6.700000e-01 1.503737e-01
6.800000e-01 1.422308e-01
6.900000e-01 1.344273e-01
7.000000e-01 1.269566e-01
7.100000e-01 1.198115e-01
7.200000e-01 1.129850e-01
7.300000e-01 1.064691e-01
7.400000e-01 1.002561e-01
7.500000e-01 9.433778e-02
7.600000e-01 8.870579e-02
7.700000e-01 8.335163e-02
7.800000e-01 7.826669e-02
7.900000e-01 7.344226e-02
8.000000e-01 6.886960e-02
8.100000e-01 6.453993e-02
8.200000e-01 6.044449e-02
8.300000e-01 5.657453e-02
8.400000e-01 5.292139e-02
8.500000e-01 4.947647e-02
8.600000e-01 4.623127e-02
8.700000e-01 4.317739e-02
8.800000e-01 4.030660e-02
8.900000e-01 3.761080e-02
9.000000e-01 3.508205e-02
9.100000e-01 3.271258e-02
9.200000e-01 3.049482e-02
9.300000e-01 2.842139e-02
9.400000e-01 2.648509e-02
9.500000e-01 2.467896e-02
9.600000e-01 2.299623e-02
9.700000e-01 2.143035e-02
9.800000e-01 1.997498e-02
9.900000e-01 1.862403e-02
1.000000e+00 1.737159e-02
1.010000e+00 1.621201e-02
1.020000e+00 1.513984e-02
1.030000e+00 1.414985e-02
1.040000e+00 1.323704e-02
1.050000e+00 1.239661e-02
1.060000e+00 1.162398e-02
1.070000e+00 1.091478e-02
1.080000e+00 1.026485e-02
1.090000e+00 9.670216e-03
1.100000e+00 9.127112e-03
1.110000e+00 8.631959e-03
1.120000e+00 8.181366e-03
1.130000e+00 7.772121e-03
1.140000e+00 7.401188e-03
1.150000e+00 7.065702e-03
1.160000e+00 6.762959e-03
1.170000e+00 6.490414e-03
1.180000e+00 6.245676e-03
1.190000e+00 6.026496e-03
1.200000e+00 5.830768e-03
1.210000e+00 5.656517e-03
1.220000e+00 5.501898e-03
1.230000e+00 5.365187e-03
1.240000e+00 5.244775e-03
1.250000e+00 5.139163e-03
1.260000e+00 5.046958e-03
1.270000e+00 4.966865e-03
1.280000e+00 4.897680e-03
1.290000e+00 4.838290e-03
1.300000e+00 4.787665e-03
1.310000e+00 4.744850e-03
1.320000e+00 4.708967e-03
1.330000e+00 4.679205e-03
1.340000e+00 4.654817e-03
1.350000e+00 4.635118e-03
1.360000e+00 4.619479e-03
1.370000e+00 4.607324e-03
1.380000e+00 4.598128e-03
1.390000e+00 4.591410e-03
1.400000e+00 4.586734e-03
1.410000e+00 4.583704e-03
1.420000e+00 4.581963e-03
1.430000e+00 4.581189e-03
1.440000e+00 4.581091e-03
1.450000e+00 4.581412e-03
1.460000e+00 4.581922e-03
1.470000e+00 4.582419e-03
1.480000e+00 4.582724e-03
1.490000e+00 4.582682e-03
1.500000e+00 4.582160e-03
1.510000e+00 4.581044e-03
1.520000e+00 4.579238e-03
1.530000e+00 4.576663e-03
1.540000e+00 4.573252e-03
1.550000e+00 4.568955e-03
1.560000e+00 4.563732e-03
1.570000e+00 4.557552e-03
1.580000e+00 4.550394e-03
1.590000e+00 4.542244e-03
1.600000e+00 4.533094e-03
1.610000e+00 4.522940e-03
1.620000e+00 4.511782e-03
1.630000e+00 4.499620e-03
1.640000e+00 4.486459e-03
1.650000e+00 4.472300e-03
1.660000e+00 4.457145e-03
1.670000e+00 4.440994e-03
1.680000e+00 4.423846e-03
1.690000e+00 4.405694e-03
1.700000e+00 4.386532e-03
1.710000e+00 4.366348e-03
1.720000e+00 4.345128e-03
1.730000e+00 4.322853e-03
1.740000e+00 4.299504e-03
1.750000e+00 4.275058e-03
1.760000e+00 4.249491e-03
1.770000e+00 4.222777e-03
1.780000e+00 4.194890e-03
1.790000e+00 4.165805e-03
1.800000e+00 4.135499e-03
1.810000e+00 4.103952e-03
1.820000e+00 4.071145e-03
1.830000e+00 4.037068e-03
1.840000e+00 4.001715e-03
1.850000e+00 3.965086e-03
1.860000e+00 3.927191e-03
1.870000e+00 3.888048e-03
1.880000e+00 3.847685e-03
1.890000e+00 3.806140e-03
1.900000e+00 3.763464e-03
1.910000e+00 3.719715e-03
1.920000e+00 3.674967e-03
1.930000e+00 3.629304e-03
1.940000e+00 3.582822e-03
1.950000e+00 3.535627e-03
1.960000e+00 3.487837e-03
1.970000e+00 3.439580e-03
1.980000e+00 3.390993e-03
1.990000e+00 3.342221e-03
2.000000e+00 3.293418e-03
2.010000e+00 3.244742e-03
2.020000e+00 3.196358e-03
2.030000e+00 3.148431e-03
2.040000e+00 3.101132e-03
2.050000e+00 3.054631e-03
2.060000e+00 3.009097e-03
2.070000e+00 2.964695e-03
2.080000e+00 2.921590e-03
2.090000e+00 2.879938e-03
2.100000e+00 2.839892e-03
2.110000e+00 2.801595e-03
2.120000e+00 2.765182e-03
2.130000e+00 2.730780e-03
2.140000e+00 2.698503e-03
2.150000e+00 2.668457e-03
2.160000e+00 2.640732e-03
2.170000e+00 2.615410e-03
2.180000e+00 2.592559e-03
2.190000e+00 2.572234e-03
2.200000e+00 2.554478e-03
2.210000e+00 2.539321e-03
2.220000e+00 2.526779e-03
2.230000e+00 2.516859e-03
2.240000e+00 2.509554e-03
2.250000e+00 2.504844e-03
2.260000e+00 2.502701e-03
2.270000e+00 2.503082e-03
2.280000e+00 2.505937e-03
2.290000e+00 2.511203e-03
2.300000e+00 2.518810e-03
2.310000e+00 2.528676e-03
2.320000e+00 2.540710e-03
2.330000e+00 2.554814e-03
2.340000e+00 2.570880e-03
2.350000e+00 2.588792e-03
2.360000e+00 2.608425e-03
2.370000e+00 2.629648e-03
2.380000e+00 2.652320e-03
2.390000e+00 2.676293e-03
2.400000e+00 2.701413e-03
2.410000e+00 2.727516e-03
2.420000e+00 2.754433e-03
2.430000e+00 2.781989e-03
2.440000e+00 2.809999e-03
2.450000e+00 2.838274e-03
2.460000e+00 2.866621e-03
2.470000e+00 2.894840e-03
2.480000e+00 2.922727e-03
2.490000e+00 2.950074e-03
2.500000e+00 2.976671e-03
2.510000e+00 3.002306e-03
2.520000e+00 3.026767e-03
2.530000e+00 3.049842e-03
2.540000e+00 3.071321e-03
2.550000e+00 3.090997e-03
2.560000e+00 3.108669e-03
2.570000e+00 3.124142e-03
2.580000e+00 3.137227e-03
2.590000e+00 3.147747e-03
2.600000e+00 3.155534e-03
2.610000e+00 3.160435e-03
2.620000e+00 3.162308e-03
2.630000e+00 3.161029e-03
2.640000e+00 3.156489e-03
2.650000e+00 3.148598e-03
2.660000e+00 3.137283e-03
2.670000e+00 3.122494e-03
2.680000e+00 3.104199e-03
2.690000e+00 3.082387e-03
2.700000e+00 3.057070e-03
2.710000e+00 3.028280e-03
2.720000e+00 2.996070e-03
2.730000e+00 2.960513e-03
2.740000e+00 2.921704e-03
2.750000e+00 2.879757e-03
2.760000e+00 2.834802e-03
2.770000e+00 2.786989e-03
2.780000e+00 2.736481e-03
2.790000e+00 2.683457e-03
2.800000e+00 2.628108e-03
2.810000e+00 2.570635e-03
2.820000e+00 2.511247e-03
2.830000e+00 2.450163e-03
2.840000e+00 2.387602e-03
2.850000e+00 2.323789e-03
2.860000e+00 2.258949e-03
2.870000e+00 2.193307e-03
2.880000e+00 2.127083e-03
2.890000e+00 2.060493e-03
2.900000e+00 1.993748e-03
2.910000e+00 1.927050e-03
2.920000e+00 1.860591e-03
2.930000e+00 1.794555e-03
2.940000e+00 1.729112e-03
2.950000e+00 1.664421e-03
2.960000e+00 1.600630e-03
2.970000e+00 1.537869e-03
2.980000e+00 1.476259e-03
2.990000e+00 1.415905e-03
3.000000e+00 1.356898e-03
3.010000e+00 1.299317e-03
3.020000e+00 1.243227e-03
3.030000e+00 1.188679e-03
3.040000e+00 1.135714e-03
3.050000e+00 1.084361e-03
3.060000e+00 1.034638e-03
3.070000e+00 9.865541e-04
3.080000e+00 9.401084e-04
3.090000e+00 8.952930e-04
3.100000e+00 8.520931e-04
3.110000e+00 8.104880e-04
3.120000e+00 7.704520e-04
3.130000e+00 7.319559e-04
3.140000e+00 6.949671e-04
3.150000e+00 6.594513e-04
3.160000e+00 6.253731e-04
3.170000e+00 5.926966e-04
3.180000e+00 5.613866e-04
3.190000e+00 5.314090e-04
3.200000e+00 5.027316e-04
3.210000e+00 4.753246e-04
3.220000e+00 4.491613e-04
3.230000e+00 4.242185e-04
3.240000e+00 4.004769e-04
3.250000e+00 3.779215e-04
3.260000e+00 3.565417e-04
3.270000e+00 3.363319e-04
3.280000e+00 3.172914e-04
3.290000e+00 2.994244e-04
3.300000e+00 2.827406e-04
3.310000e+00 2.672546e-04
3.320000e+00 2.529861e-04
3.330000e+00 2.399598e-04
3.340000e+00 2.282052e-04
3.350000e+00 2.177561e-04
3.360000e+00 2.086510e-04
3.370000e+00 2.009316e-04
3.380000e+00 1.946435e-04
3.390000e+00 1.898348e-04
3.400000e+00 1.865563e-04
3.410000e+00 1.848600e-04
3.420000e+00 1.847993e-04
3.430000e+00 1.864275e-04
3.440000e+00 1.897973e-04
3.450000e+00 1.949602e-04
3.460000e+00 2.019649e-04
3.470000e+00 2.108571e-04
3.480000e+00 2.216780e-04
3.490000e+00 2.344636e-04
3.500000e+00 2.492436e-04
3.510000e+00 2.660405e-04
3.520000e+00 2.848685e-04
3.530000e+00 3.057328e-04
3.540000e+00 3.286284e-04
3.550000e+00 3.535398e-04
3.560000e+00 3.804398e-04
3.570000e+00 4.092892e-04
3.580000e+00 4.400360e-04
3.590000e+00 4.726155e-04
3.600000e+00 5.069494e-04
3.610000e+00 5.429463e-04
3.620000e+00 5.805013e-04
3.630000e+00 6.194964e-04
3.640000e+00 6.598009e-04
3.650000e+00 7.012718e-04
3.660000e+00 7.437546e-04
3.670000e+00 7.870841e-04
3.680000e+00 8.310852e-04
3.690000e+00 8.755744e-04
3.700000e+00 9.203611e-04
3.710000e+00 9.652483e-04
3.720000e+00 1.010035e-03
3.730000e+00 1.054517e-03
3.740000e+00 1.098490e-03
3.750000e+00 1.141748e-03
3.760000e+00 1.184090e-03
3.770000e+00 1.225317e-03
3.780000e+00 1.265235e-03
3.790000e+00 1.303661e-03
3.800000e+00 1.340416e-03
3.810000e+00 1.375334e-03
3.820000e+00 1.408262e-03
3.830000e+00 1.439058e-03
3.840000e+00 1.467596e-03
3.850000e+00 1.493762e-03
3.860000e+00 1.517462e-03
3.870000e+00 1.538617e-03
3.880000e+00 1.557165e-03
3.890000e+00 1.573062e-03
3.900000e+00 1.586281e-03
3.910000e+00 1.596813e-03
3.920000e+00 1.604667e-03
3.930000e+00 1.609868e-03
3.940000e+00 1.612456e-03
3.950000e+00 1.612489e-03
3.960000e+00 1.610038e-03
3.970000e+00 1.605187e-03
3.980000e+00 1.598034e-03
3.990000e+00 1.588686e-03
4.000000e+00 1.577261e-03
4.010000e+00 1.563886e-03
4.020000e+00 1.548691e-03
4.030000e+00 1.531817e-03
4.040000e+00 1.513404e-03
4.050000e+00 1.493597e-03
4.060000e+00 1.472540e-03
4.070000e+00 1.450378e-03
4.080000e+00 1.427253e-03
4.090000e+00 1.403304e-03
4.100000e+00 1.378666e-03
4.110000e+00 1.353467e-03
4.120000e+00 1.327830e-03
4.130000e+00 1.301870e-03
4.140000e+00 1.275692e-03
4.150000e+00 1.249393e-03
4.160000e+00 1.223062e-03
4.170000e+00 1.196775e-03
4.180000e+00 1.170599e-03
4.190000e+00 1.144590e-03
4.200000e+00 1.118795e-03
4.210000e+00 1.093248e-03
4.220000e+00 1.067973e-03
4.230000e+00 1.042987e-03
4.240000e+00 1.018293e-03
4.250000e+00 9.938869e-04
4.260000e+00 9.697563e-04
4.270000e+00 9.458804e-04
4.280000e+00 9.222313e-04
4.290000e+00 8.987748e-04
4.300000e+00 8.754713e-04
4.310000e+00 8.522769e-04
4.320000e+00 8.291443e-04
4.330000e+00 8.060235e-04
4.340000e+00 7.828634e-04
4.350000e+00 7.596125e-04
4.360000e+00 7.362200e-04
4.370000e+00 7.126370e-04
4.380000e+00 6.888173e-04
4.390000e+00 6.647186e-04
4.400000e+00 6.403032e-04
4.410000e+00 6.155393e-04
4.420000e+00 5.904013e-04
4.430000e+00 5.648710e-04
4.440000e+00 5.389381e-04
4.450000e+00 5.126006e-04
4.460000e+00 4.858656e-04
4.470000e+00 4.587496e-04
4.480000e+00 4.312784e-04
4.490000e+00 4.034877e-04
4.500000e+00 3.754231e-04
4.510000e+00 3.471396e-04
4.520000e+00 3.187017e-04
4.530000e+00 2.901831e-04
4.540000e+00 2.616660e-04
4.550000e+00 2.332408e-04
4.560000e+00 2.050051e-04
4.570000e+00 1.770634e-04
4.580000e+00 1.495257e-04
4.590000e+00 1.225069e-04
4.600000e+00 9.612563e-05
4.610000e+00 7.050342e-05
4.620000e+00 4.576323e-05
4.630000e+00 2.202859e-05
4.640000e+00 -5.776907e-07
4.650000e+00 -2.193458e-05
4.660000e+00 -4.192400e-05
4.670000e+00 -6.043192e-05
4.680000e+00 -7.734939e-05
4.690000e+00 -9.257355e-05
4.700000e+00 -1.060085e-04
4.710000e+00 -1.175662e-04
4.720000e+00 -1.271671e-04
4.730000e+00 -1.347410e-04
4.740000e+00 -1.402272e-04
4.750000e+00 -1.435754e-04
4.760000e+00 -1.447454e-04
4.770000e+00 -1.437081e-04
4.780000e+00 -1.404447e-04
4.790000e+00 -1.349472e-04
4.800000e+00 -1.272183e-04
4.810000e+00 -1.172707e-04
4.820000e+00 -1.051274e-04
4.830000e+00 -9.082063e-05
4.840000e+00 -7.439205e-05
4.850000e+00 -5.589170e-05
4.860000e+00 -3.537767e-05
4.870000e+00 -1.291544e-05
4.880000e+00 1.142269e-05
4.890000e+00 3.755831e-05
4.900000e+00 6.540746e-05
4.910000e+00 9.488124e-05
4.920000e+00 1.258864e-04
4.930000e+00 1.583260e-04
4.940000e+00 1.920997e-04
4.950000e+00 2.271044e-04
4.960000e+00 2.632345e-04
4.970000e+00 3.003825e-04
4.980000e+00 3.384391e-04
4.990000e+00 3.772936e-04
5.000000e+00 4.168340e-04
5.010000e+00 4.569474e-04
5.020000e+00 4.975199e-04
5.030000e+00 5.384370e-04
5.040000e+00 5.795833e-04
5.050000e+00 6.208433e-04
5.060000e+00 6.621007e-04
5.070000e+00 7.032392e-04
5.080000e+00 7.441424e-04
5.090000e+00 7.846938e-04
5.100000e+00 8.247773e-04
5.110000e+00 8.642775e-04
5.120000e+00 9.030797e-04
5.130000e+00 9.410707e-04
5.140000e+00 9.781389e-04
5.150000e+00 1.014175e-03
5.160000e+00 1.049072e-03
5.170000e+00 1.082728e-03
5.180000e+00 1.115044e-03
5.190000e+00 1.145924e-03
5.200000e+00 1.175281e-03
5.210000e+00 1.203032e-03
5.220000e+00 1.229103e-03
5.230000e+00 1.253425e-03
5.240000e+00 1.275939e-03
5.250000e+00 1.296597e-03
5.260000e+00 1.315359e-03
5.270000e+00 1.332196e-03
5.280000e+00 1.347089e-03
5.290000e+00 1.360032e-03
5.300000e+00 1.371032e-03
5.310000e+00 1.380103e-03
5.320000e+00 1.387277e-03
5.330000e+00 1.392594e-03
5.340000e+00 1.396108e-03
5.350000e+00 1.397882e-03
5.360000e+00 1.397991e-03
5.370000e+00 1.396521e-03
5.380000e+00 1.393566e-03
5.390000e+00 1.389229e-03
5.400000e+00 1.383621e-03
5.410000e+00 1.376857e-03
5.420000e+00 1.369060e-03
5.430000e+00 1.360353e-03
5.440000e+00 1.350864e-03
5.450000e+00 1.340720e-03
5.460000e+00 1.330048e-03
5.470000e+00 1.318972e-03
5.480000e+00 1.307613e-03
5.490000e+00 1.296086e-03
5.500000e+00 1.284499e-03
5.510000e+00 1.272955e-03
5.520000e+00 1.261545e-03
5.530000e+00 1.250351e-03
5.540000e+00 1.239445e-03
5.550000e+00 1.228886e-03
5.560000e+00 1.218721e-03
5.570000e+00 1.208985e-03
5.580000e+00 1.199700e-03
5.590000e+00 1.190875e-03
5.600000e+00 1.182506e-03
5.610000e+00 1.174576e-03
5.620000e+00 1.167057e-03
5.630000e+00 1.159908e-03
5.640000e+00 1.153078e-03
5.650000e+00 1.146505e-03
5.660000e+00 1.140121e-03
5.670000e+00 1.133847e-03
5.680000e+00 1.127599e-03
5.690000e+00 1.121286e-03
5.700000e+00 1.114815e-03
5.710000e+00 1.108088e-03
5.720000e+00 1.101007e-03
5.730000e+00 1.093473e-03
5.740000e+00 1.085389e-03
5.750000e+00 1.076658e-03
5.760000e+00 1.067189e-03
5.770000e+00 1.056892e-03
5.780000e+00 1.045685e-03
5.790000e+00 1.033492e-03
5.800000e+00 1.020243e-03
5.810000e+00 1.005875e-03
5.820000e+00 9.903331e-04
5.830000e+00 9.735717e-04
5.840000e+00 9.555526e-04
5.850000e+00 9.362464e-04
5.860000e+00 9.156322e-04
5.870000e+00 8.936976e-04
5.880000e+00 8.704381e-04
5.890000e+00 8.458571e-04
5.900000e+00 8.199652e-04
5.910000e+00 7.927799e-04
5.920000e+00 7.643250e-04
5.930000e+00 7.346300e-04
5.940000e+00 7.037295e-04
5.950000e+00 6.716623e-04
5.960000e+00 6.384712e-04
5.970000e+00 6.042020e-04
5.980000e+00 5.689030e-04
5.990000e+00 5.326245e-04
6.000000e+00 4.954182e-04
6.010000e+00 4.573366e-04
6.020000e+00 4.184329e-04
6.030000e+00 3.787602e-04
6.040000e+00 3.383716e-04
6.050000e+00 2.973198e-04
6.060000e+00 2.556571e-04
6.070000e+00 2.134351e-04
6.080000e+00 1.707049e-04
6.090000e+00 1.275174e-04
6.100000e+00 8.392271e-05
6.110000e+00 3.997124e-05
6.120000e+00 -4.286663e-06
6.130000e+00 -4.880020e-05
6.140000e+00 -9.351780e-05
6.150000e+00 -1.383868e-04
6.160000e+00 -1.833532e-04
6.170000e+00 -2.283611e-04
6.180000e+00 -2.733524e-04
6.190000e+00 -3.182668e-04
6.200000e+00 -3.630410e-04
6.210000e+00 -4.076089e-04
6.220000e+00 -4.519010e-04
6.230000e+00 -4.958449e-04
6.240000e+00 -5.393644e-04
6.250000e+00 -5.823801e-04
6.260000e+00 -6.248096e-04
6.270000e+00 -6.665670e-04
6.280000e+00 -7.075638e-04
6.290000e+00 -7.477090e-04
6.300000e+00 -7.869095e-04
6.310000e+00 -8.250708e-04
6.320000e+00 -8.620972e-04
6.330000e+00 -8.978930e-04
6.340000e+00 -9.323629e-04
6.350000e+00 -9.654127e-04
6.360000e+00 -9.969506e-04
6.370000e+00 -1.026887e-03
6.380000e+00 -1.055138e-03
6.390000e+00 -1.081622e-03
6.400000e+00 -1.106265e-03
6.410000e+00 -1.128999e-03
6.420000e+00 -1.149764e-03
6.430000e+00 -1.168507e-03
6.440000e+00 -1.185184e-03
6.450000e+00 -1.199764e-03
6.460000e+00 -1.212223e-03
6.470000e+00 -1.222548e-03
6.480000e+00 -1.230739e-03
6.490000e+00 -1.236808e-03
6.500000e+00 -1.240776e-03
6.510000e+00 -1.242679e-03
6.520000e+00 -1.242562e-03
6.530000e+00 -1.240483e-03
6.540000e+00 -1.236512e-03
6.550000e+00 -1.230727e-03
6.560000e+00 -1.223218e-03
6.570000e+00 -1.214083e-03
6.580000e+00 -1.203429e-03
6.590000e+00 -1.191371e-03
6.600000e+00 -1.178027e-03
6.610000e+00 -1.163524e-03
6.620000e+00 -1.147991e-03
6.630000e+00 -1.131558e-03
6.640000e+00 -1.114358e-03
6.650000e+00 -1.096523e-03
6.660000e+00 -1.078183e-03
6.670000e+00 -1.059467e-03
6.680000e+00 -1.040497e-03
6.690000e+00 -1.021391e-03
6.700000e+00 -1.002262e-03
6.710000e+00 -9.832124e-04
6.720000e+00 -9.643385e-04
6.730000e+00 -9.457264e-04
6.740000e+00 -9.274525e-04
6.750000e+00 -9.095830e-04
6.760000e+00 -8.921733e-04
6.770000e+00 -8.752680e-04
6.780000e+00 -8.589008e-04
6.790000e+00 -8.430947e-04
6.800000e+00 -8.278626e-04
6.810000e+00 -8.132072e-04
6.820000e+00 -7.991220e-04
6.830000e+00 -7.855922e-04
6.840000e+00 -7.725951e-04
6.850000e+00 -7.601014e-04
6.860000e+00 -7.480763e-04
6.870000e+00 -7.364804e-04
6.880000e+00 -7.252711e-04
6.890000e+00 -7.144036e-04
6.900000e+00 -7.038322e-04
6.910000e+00 -6.935117e-04
6.920000e+00 -6.833982e-04
6.930000e+00 -6.734503e-04
6.940000e+00 -6.636301e-04
6.950000e+00 -6.539045e-04
6.960000e+00 -6.442455e-04
6.970000e+00 -6.346309e-04
6.980000e+00 -6.250454e-04
6.990000e+00 -6.154803e-04
7.000000e+00 -6.059346e-04
7.010000e+00 -5.964141e-04
7.020000e+00 -5.869321e-04
7.030000e+00 -5.775091e-04
7.040000e+00 -5.681723e-04
7.050000e+00 -5.589550e-04
7.060000e+00 -5.498964e-04
7.070000e+00 -5.410406e-04
7.080000e+00 -5.324358e-04
7.090000e+00 -5.241334e-04
7.100000e+00 -5.161874e-04
7.110000e+00 -5.086527e-04
7.120000e+00 -5.015847e-04
7.130000e+00 -4.950380e-04
7.140000e+00 -4.890655e-04
7.150000e+00 -4.837170e-04
7.160000e+00 -4.790389e-04
7.170000e+00 -4.750729e-04
7.180000e+00 -4.718552e-04
7.190000e+00 -4.694161e-04
7.200000e+00 -4.677791e-04
7.210000e+00 -4.669607e-04
7.220000e+00 -4.669697e-04
7.230000e+00 -4.678075e-04
7.240000e+00 -4.694675e-04
7.250000e+00 -4.719356e-04
7.260000e+00 -4.751901e-04
7.270000e+00 -4.792020e-04
7.280000e+00 -4.839356e-04
7.290000e+00 -4.893489e-04
7.300000e+00 -4.953944e-04
7.310000e+00 -5.020196e-04
7.320000e+00 -5.091679e-04
7.330000e+00 -5.167794e-04
7.340000e+00 -5.247919e-04
7.350000e+00 -5.331416e-04
7.360000e+00 -5.417642e-04
7.370000e+00 -5.505958e-04
7.380000e+00 -5.595737e-04
7.390000e+00 -5.686374e-04
7.400000e+00 -5.777293e-04
7.410000e+00 -5.867954e-04
7.420000e+00 -5.957861e-04
7.430000e+00 -6.046567e-04
7.440000e+00 -6.133682e-04
7.450000e+00 -6.218872e-04
7.460000e+00 -6.301866e-04
7.470000e+00 -6.382458e-04
7.480000e+00 -6.460506e-04
7.490000e+00 -6.535934e-04
7.500000e+00 -6.608732e-04
7.510000e+00 -6.678950e-04
7.520000e+00 -6.746699e-04
7.530000e+00 -6.812149e-04
7.540000e+00 -6.875519e-04
7.550000e+00 -6.937075e-04
7.560000e+00 -6.997126e-04
7.570000e+00 -7.056015e-04
7.580000e+00 -7.114114e-04
7.590000e+00 -7.171813e-04
7.600000e+00 -7.229520e-04
7.610000e+00 -7.287646e-04
7.620000e+00 -7.346601e-04
7.630000e+00 -7.406785e-04
7.640000e+00 -7.468581e-04
7.650000e+00 -7.532348e-04
7.660000e+00 -7.598412e-04
7.670000e+00 -7.667058e-04
7.680000e+00 -7.738528e-04
7.690000e+00 -7.813008e-04
7.700000e+00 -7.890626e-04
7.710000e+00 -7.971446e-04
7.720000e+00 -8.055463e-04
7.730000e+00 -8.142597e-04
7.740000e+00 -8.232689e-04
7.750000e+00 -8.325501e-04
7.760000e+00 -8.420711e-04
7.770000e+00 -8.517909e-04
7.780000e+00 -8.616601e-04
7.790000e+00 -8.716203e-04
7.800000e+00 -8.816047e-04
7.810000e+00 -8.915377e-04
7.820000e+00 -9.013354e-04
7.830000e+00 -9.109060e-04
7.840000e+00 -9.201495e-04
7.850000e+00 -9.289592e-04
7.860000e+00 -9.372212e-04
7.870000e+00 -9.448156e-04
7.880000e+00 -9.516172e-04
7.890000e+00 -9.574958e-04
7.900000e+00 -9.623176e-04
7.910000e+00 -9.659458e-04
7.920000e+00 -9.682414e-04
7.930000e+00 -9.690646e-04
7.940000e+00 -9.682757e-04
7.950000e+00 -9.657359e-04
7.960000e+00 -9.613090e-04
7.970000e+00 -9.548619e-04
7.980000e+00 -9.462665e-04
7.990000e+00 -9.353999e-04
8.000000e+00 -9.221464e-04
8.010000e+00 -9.063980e-04
8.020000e+00 -8.880558e-04
8.030000e+00 -8.670307e-04
8.040000e+00 -8.432446e-04
8.050000e+00 -8.166311e-04
8.060000e+00 -7.871362e-04
8.070000e+00 -7.547193e-04
8.080000e+00 -7.193531e-04
8.090000e+00 -6.810248e-04
8.100000e+00 -6.397360e-04
8.110000e+00 -5.955029e-04
8.120000e+00 -5.483564e-04
8.130000e+00 -4.983423e-04
8.140000e+00 -4.455207e-04
8.150000e+00 -3.899662e-04
8.160000e+00 -3.317670e-04
8.170000e+00 -2.710245e-04
8.180000e+00 -2.078531e-04
8.190000e+00 -1.423787e-04
8.200000e+00 -7.473863e-05
8.210000e+00 -5.080200e-06
8.220000e+00 6.643996e-05
8.230000e+00 1.396570e-04
8.240000e+00 2.143988e-04
8.250000e+00 2.904873e-04
8.260000e+00 3.677393e-04
8.270000e+00 4.459675e-04
8.280000e+00 5.249818e-04
8.290000e+00 6.045905e-04
8.300000e+00 6.846005e-04
8.310000e+00 7.648193e-04
8.320000e+00 8.450550e-04
8.330000e+00 9.251178e-04
8.340000e+00 1.004820e-03
8.350000e+00 1.083979e-03
8.360000e+00 1.162413e-03
8.370000e+00 1.239947e-03
8.380000e+00 1.316411e-03
8.390000e+00 1.391640e-03
8.400000e+00 1.465474e-03
8.410000e+00 1.537759e-03
8.420000e+00 1.608350e-03
8.430000e+00 1.677105e-03
8.440000e+00 1.743890e-03
8.450000e+00 1.808578e-03
8.460000e+00 1.871050e-03
8.470000e+00 1.931191e-03
8.480000e+00 1.988895e-03
8.490000e+00 2.044063e-03
8.500000e+00 2.096601e-03
8.510000e+00 2.146425e-03
8.520000e+00 2.193456e-03
8.530000e+00 2.237623e-03
8.540000e+00 2.278862e-03
8.550000e+00 2.317115e-03
8.560000e+00 2.352333e-03
8.570000e+00 2.384475e-03
8.580000e+00 2.413505e-03
8.590000e+00 2.439398e-03
8.600000e+00 2.462134e-03
8.610000e+00 2.481702e-03
8.620000e+00 2.498099e-03
8.630000e+00 2.511331e-03
8.640000e+00 2.521410e-03
8.650000e+00 2.528359e-03
8.660000e+00 2.532206e-03
8.670000e+00 2.532991e-03
8.680000e+00 2.530759e-03
8.690000e+00 2.525564e-03
8.700000e+00 2.517470e-03
8.710000e+00 2.506547e-03
8.720000e+00 2.492872e-03
8.730000e+00 2.476529e-03
8.740000e+00 2.457612e-03
8.750000e+00 2.436219e-03
8.760000e+00 2.412454e-03
8.770000e+00 2.386428e-03
8.780000e+00 2.358256e-03
8.790000e+00 2.328058e-03
8.800000e+00 2.295960e-03
8.810000e+00 2.262088e-03
8.820000e+00 2.226573e-03
8.830000e+00 2.189550e-03
8.840000e+00 2.151152e-03
8.850000e+00 2.111515e-03
8.860000e+00 2.070778e-03
8.870000e+00 2.029076e-03
8.880000e+00 1.986545e-03
8.890000e+00 1.943322e-03
8.900000e+00 1.899541e-03
8.910000e+00 1.855332e-03
8.920000e+00 1.810826e-03
8.930000e+00 1.766150e-03
8.940000e+00 1.721428e-03
8.950000e+00 1.676781e-03
8.960000e+00 1.632324e-03
8.970000e+00 1.588171e-03
8.980000e+00 1.544432e-03
8.990000e+00 1.501209e-03
9.000000e+00 1.458603e-03
9.010000e+00 1.416708e-03
9.020000e+00 1.375615e-03
9.030000e+00 1.335408e-03
9.040000e+00 1.296167e-03
9.050000e+00 1.257965e-03
9.060000e+00 1.220872e-03
9.070000e+00 1.184948e-03
9.080000e+00 1.150252e-03
9.090000e+00 1.116834e-03
9.100000e+00 1.084737e-03
9.110000e+00 1.054000e-03
9.120000e+00 1.024654e-03
9.130000e+00 9.967237e-04
9.140000e+00 9.702268e-04
9.150000e+00 9.451742e-04
9.160000e+00 9.215698e-04
9.170000e+00 8.994106e-04
9.180000e+00 8.786864e-04
9.190000e+00 8.593800e-04
9.200000e+00 8.414675e-04
9.210000e+00 8.249178e-04
9.220000e+00 8.096936e-04
9.230000e+00 7.957508e-04
9.240000e+00 7.830395e-04
9.250000e+00 7.715037e-04
9.260000e+00 7.610824e-04
9.270000e+00 7.517094e-04
9.280000e+00 7.433143e-04
9.290000e+00 7.358226e-04
9.300000e+00 7.291569e-04
9.310000e+00 7.232370e-04
9.320000e+00 7.179809e-04
9.330000e+00 7.133054e-04
9.340000e+00 7.091267e-04
9.350000e+00 7.053614e-04
9.360000e+00 7.019271e-04
9.370000e+00 6.987429e-04
9.380000e+00 6.957304e-04
9.390000e+00 6.928142e-04
9.400000e+00 6.899226e-04
9.410000e+00 6.869878e-04
9.420000e+00 6.839469e-04
9.430000e+00 6.807422e-04
9.440000e+00 6.773213e-04
9.450000e+00 6.736374e-04
9.460000e+00 6.696500e-04
9.470000e+00 6.653245e-04
9.480000e+00 6.606324e-04
9.490000e+00 6.555512e-04
9.500000e+00 6.500645e-04
9.510000e+00 6.441616e-04
9.520000e+00 6.378373e-04
9.530000e+00 6.310917e-04
9.540000e+00 6.239295e-04
9.550000e+00 6.163600e-04
9.560000e+00 6.083964e-04
9.570000e+00 6.000551e-04
9.580000e+00 5.913558e-04
9.590000e+00 5.823205e-04
9.600000e+00 5.729729e-04
9.610000e+00 5.633385e-04
9.620000e+00 5.534434e-04
9.630000e+00 5.433144e-04
9.640000e+00 5.329780e-04
9.650000e+00 5.224608e-04
9.660000e+00 5.117882e-04
9.670000e+00 5.009849e-04
9.680000e+00 4.900741e-04
9.690000e+00 4.790775e-04
9.700000e+00 4.680153e-04
9.710000e+00 4.569055e-04
9.720000e+00 4.457645e-04
9.730000e+00 4.346067e-04
9.740000e+00 4.234445e-04
9.750000e+00 4.122882e-04
9.760000e+00 4.011466e-04
9.770000e+00 3.900265e-04
9.780000e+00 3.789328e-04
9.790000e+00 3.678690e-04
9.800000e+00 3.568372e-04
9.810000e+00 3.458380e-04
9.820000e+00 3.348707e-04
9.830000e+00 3.239336e-04
9.840000e+00 3.130237e-04
9.850000e+00 3.021374e-04
9.860000e+00 2.912700e-04
9.870000e+00 2.804162e-04
9.880000e+00 2.695700e-04
9.890000e+00 2.587245e-04
9.900000e+00 2.478728e-04
9.910000e+00 2.370069e-04
9.920000e+00 2.261187e-04
9.930000e+00 2.151998e-04
9.940000e+00 2.042413e-04
9.950000e+00 1.932340e-04
9.960000e+00 1.821689e-04
9.970000e+00 1.710367e-04
9.980000e+00 1.598283e-04
9.990000e+00 1.485347e-04
1.000000e+01 1.371475e-04
