# sigma2_v 1.000869320167102e+01
0.000000e+00 1.000000e+00
1.000000e-02 9.994997e-01
2.000000e-02 9.980004e-01
3.000000e-02 9.955067e-01
4.000000e-02 9.920265e-01
5.000000e-02 9.875706e-01
6.000000e-02 9.821530e-01
7.000000e-02 9.757904e-01
8.000000e-02 9.685025e-01
9.000000e-02 9.603116e-01
1.000000e-01 9.512428e-01
1.100000e-01 9.413235e-01
1.200000e-01 9.305835e-01
1.300000e-01 9.190548e-01
1.400000e-01 9.067715e-01
1.500000e-01 8.937693e-01
1.600000e-01 8.800857e-01
1.700000e-01 8.657598e-01
1.800000e-01 8.508317e-01
1.900000e-01 8.353430e-01
2.000000e-01 8.193357e-01
2.100000e-01 8.028530e-01
2.200000e-01 7.859381e-01
2.300000e-01 7.686350e-01
2.400000e-01 7.509874e-01
2.500000e-01 7.330392e-01
2.600000e-01 7.148341e-01
2.700000e-01 6.964151e-01
2.800000e-01 6.778249e-01
2.900000e-01 6.591054e-01
3.000000e-01 6.402975e-01
3.100000e-01 6.214411e-01
3.200000e-01 6.025750e-01
3.300000e-01 5.837368e-01
3.400000e-01 5.649627e-01
3.500000e-01 5.462871e-01
3.600000e-01 5.277434e-01
3.700000e-01 5.093629e-01
3.800000e-01 4.911754e-01
3.900000e-01 4.732089e-01
4.000000e-01 4.554896e-01
4.100000e-01 4.380420e-01
4.200000e-01 4.208887e-01
4.300000e-01 4.040503e-01
4.400000e-01 3.875457e-01
4.500000e-01 3.713920e-01
4.600000e-01 3.556045e-01
4.700000e-01 3.401965e-01
4.800000e-01 3.251797e-01
4.900000e-01 3.105641e-01
5.000000e-01 2.963581e-01
5.100000e-01 2.825682e-01
5.200000e-01 2.691997e-01
5.300000e-01 2.562562e-01
5.400000e-01 2.437399e-01
5.500000e-01 2.316518e-01
5.600000e-01 2.199913e-01
5.700000e-01 2.087569e-01
5.800000e-01 1.979459e-01
5.900000e-01 1.875545e-01
6.000000e-01 1.775779e-01
6.100000e-01 1.680105e-01
6.200000e-01 1.588459e-01
6.300000e-01 1.500768e-01
6.400000e-01 1.416953e-01
6.500000e-01 1.336931e-01
6.600000e-01 1.260611e-01
6.700000e-01 1.187899e-01
6.800000e-01 1.118697e-01
6.900000e-01 1.052904e-01
7.000000e-01 9.904149e-02
7.100000e-01 9.311246e-02
7.200000e-01 8.749253e-02
7.300000e-01 8.217085e-02
7.400000e-01 7.713652e-02
7.500000e-01 7.237862e-02
7.600000e-01 6.788628e-02
7.700000e-01 6.364868e-02
7.800000e-01 5.965512e-02
7.900000e-01 5.589504e-02
8.000000e-01 5.235802e-02
8.100000e-01 4.903386e-02
8.200000e-01 4.591253e-02
8.300000e-01 4.298428e-02
8.400000e-01 4.023955e-02
8.500000e-01 3.766909e-02
8.600000e-01 3.526389e-02
8.700000e-01 3.301523e-02
8.800000e-01 3.091468e-02
8.900000e-01 2.895411e-02
9.000000e-01 2.712567e-02
9.100000e-01 2.542182e-02
9.200000e-01 2.383533e-02
9.300000e-01 2.235924e-02
9.400000e-01 2.098692e-02
9.500000e-01 1.971201e-02
9.600000e-01 1.852846e-02
9.700000e-01 1.743047e-02
9.800000e-01 1.641256e-02
9.900000e-01 1.546948e-02
1.000000e+00 1.459629e-02
1.010000e+00 1.378826e-02
1.020000e+00 1.304095e-02
1.030000e+00 1.235012e-02
1.040000e+00 1.171180e-02
1.050000e+00 1.112222e-02
1.060000e+00 1.057782e-02
1.070000e+00 1.007528e-02
1.080000e+00 9.611444e-03
1.090000e+00 9.183351e-03
1.100000e+00 8.788230e-03
1.110000e+00 8.423476e-03
1.120000e+00 8.086649e-03
1.130000e+00 7.775469e-03
1.140000e+00 7.487802e-03
1.150000e+00 7.221657e-03
1.160000e+00 6.975180e-03
1.170000e+00 6.746643e-03
1.180000e+00 6.534443e-03
1.190000e+00 6.337093e-03
1.200000e+00 6.153216e-03
1.210000e+00 5.981543e-03
1.220000e+00 5.820902e-03
1.230000e+00 5.670219e-03
1.240000e+00 5.528509e-03
1.250000e+00 5.394875e-03
1.260000e+00 5.268499e-03
1.270000e+00 5.148643e-03
1.280000e+00 5.034640e-03
1.290000e+00 4.925892e-03
1.300000e+00 4.821869e-03
1.310000e+00 4.722098e-03
1.320000e+00 4.626166e-03
1.330000e+00 4.533712e-03
1.340000e+00 4.444425e-03
1.350000e+00 4.358040e-03
1.360000e+00 4.274333e-03
1.370000e+00 4.193119e-03
1.380000e+00 4.114247e-03
1.390000e+00 4.037598e-03
1.400000e+00 3.963079e-03
1.410000e+00 3.890622e-03
1.420000e+00 3.820178e-03
1.430000e+00 3.751719e-03
1.440000e+00 3.685228e-03
1.450000e+00 3.620700e-03
1.460000e+00 3.558141e-03
1.470000e+00 3.497560e-03
1.480000e+00 3.438973e-03
1.490000e+00 3.382395e-03
1.500000e+00 3.327844e-03
1.510000e+00 3.275332e-03
1.520000e+00 3.224872e-03
1.530000e+00 3.176470e-03
1.540000e+00 3.130127e-03
1.550000e+00 3.085837e-03
1.560000e+00 3.043591e-03
1.570000e+00 3.003368e-03
1.580000e+00 2.965142e-03
1.590000e+00 2.928880e-03
1.600000e+00 2.894543e-03
1.610000e+00 2.862082e-03
1.620000e+00 2.831445e-03
1.630000e+00 2.802573e-03
1.640000e+00 2.775402e-03
1.650000e+00 2.749864e-03
1.660000e+00 2.725888e-03
1.670000e+00 2.703400e-03
1.680000e+00 2.682323e-03
1.690000e+00 2.662580e-03
1.700000e+00 2.644095e-03
1.710000e+00 2.626790e-03
1.720000e+00 2.610591e-03
1.730000e+00 2.595425e-03
1.740000e+00 2.581220e-03
1.750000e+00 2.567911e-03
1.760000e+00 2.555433e-03
1.770000e+00 2.543728e-03
1.780000e+00 2.532741e-03
1.790000e+00 2.522423e-03
1.800000e+00 2.512729e-03
1.810000e+00 2.503620e-03
1.820000e+00 2.495060e-03
1.830000e+00 2.487020e-03
1.840000e+00 2.479475e-03
1.850000e+00 2.472405e-03
1.860000e+00 2.465792e-03
1.870000e+00 2.459623e-03
1.880000e+00 2.453887e-03
1.890000e+00 2.448577e-03
1.900000e+00 2.443685e-03
1.910000e+00 2.439204e-03
1.920000e+00 2.435130e-03
1.930000e+00 2.431455e-03
1.940000e+00 2.428168e-03
1.950000e+00 2.425260e-03
1.960000e+00 2.422713e-03
1.970000e+00 2.420509e-03
1.980000e+00 2.418622e-03
1.990000e+00 2.417021e-03
2.000000e+00 2.415667e-03
2.010000e+00 2.414515e-03
2.020000e+00 2.413512e-03
2.030000e+00 2.412594e-03
2.040000e+00 2.411692e-03
2.050000e+00 2.410725e-03
2.060000e+00 2.409605e-03
2.070000e+00 2.408234e-03
2.080000e+00 2.406506e-03
2.090000e+00 2.404305e-03
2.100000e+00 2.401510e-03
2.110000e+00 2.397991e-03
2.120000e+00 2.393613e-03
2.130000e+00 2.388234e-03
2.140000e+00 2.381709e-03
2.150000e+00 2.373890e-03
2.160000e+00 2.364628e-03
2.170000e+00 2.353772e-03
2.180000e+00 2.341173e-03
2.190000e+00 2.326686e-03
2.200000e+00 2.310169e-03
2.210000e+00 2.291485e-03
2.220000e+00 2.270505e-03
2.230000e+00 2.247111e-03
2.240000e+00 2.221193e-03
2.250000e+00 2.192653e-03
2.260000e+00 2.161408e-03
2.270000e+00 2.127390e-03
2.280000e+00 2.090544e-03
2.290000e+00 2.050835e-03
2.300000e+00 2.008245e-03
2.310000e+00 1.962777e-03
2.320000e+00 1.914450e-03
2.330000e+00 1.863308e-03
2.340000e+00 1.809414e-03
2.350000e+00 1.752852e-03
2.360000e+00 1.693729e-03
2.370000e+00 1.632173e-03
2.380000e+00 1.568334e-03
2.390000e+00 1.502383e-03
2.400000e+00 1.434514e-03
2.410000e+00 1.364938e-03
2.420000e+00 1.293890e-03
2.430000e+00 1.221619e-03
2.440000e+00 1.148395e-03
2.450000e+00 1.074503e-03
2.460000e+00 1.000243e-03
2.470000e+00 9.259287e-04
2.480000e+00 8.518835e-04
2.490000e+00 7.784414e-04
2.500000e+00 7.059432e-04
2.510000e+00 6.347346e-04
2.520000e+00 5.651634e-04
2.530000e+00 4.975775e-04
2.540000e+00 4.323216e-04
2.550000e+00 3.697349e-04
2.560000e+00 3.101482e-04
2.570000e+00 2.538808e-04
2.580000e+00 2.012377e-04
2.590000e+00 1.525070e-04
2.600000e+00 1.079568e-04
2.610000e+00 6.783281e-05
2.620000e+00 3.235524e-05
2.630000e+00 1.716846e-06
2.640000e+00 -2.391952e-05
2.650000e+00 -4.442296e-05
2.660000e+00 -5.969627e-05
2.670000e+00 -6.967748e-05
2.680000e+00 -7.434103e-05
2.690000e+00 -7.369866e-05
2.700000e+00 -6.779991e-05
2.710000e+00 -5.673230e-05
2.720000e+00 -4.062111e-05
2.730000e+00 -1.962878e-05
2.740000e+00 6.046039e-06
2.750000e+00 3.616985e-05
2.760000e+00 7.047603e-05
2.770000e+00 1.086668e-04
2.780000e+00 1.504159e-04
2.790000e+00 1.953706e-04
2.800000e+00 2.431557e-04
2.810000e+00 2.933758e-04
2.820000e+00 3.456191e-04
2.830000e+00 3.994610e-04
2.840000e+00 4.544680e-04
2.850000e+00 5.102009e-04
2.860000e+00 5.662193e-04
2.870000e+00 6.220853e-04
2.880000e+00 6.773668e-04
2.890000e+00 7.316421e-04
2.900000e+00 7.845029e-04
2.910000e+00 8.355580e-04
2.920000e+00 8.844364e-04
2.930000e+00 9.307908e-04
2.940000e+00 9.743001e-04
2.950000e+00 1.014672e-03
2.960000e+00 1.051644e-03
2.970000e+00 1.084990e-03
2.980000e+00 1.114514e-03
2.990000e+00 1.140060e-03
3.000000e+00 1.161506e-03
3.010000e+00 1.178768e-03
3.020000e+00 1.191802e-03
3.030000e+00 1.200598e-03
3.040000e+00 1.205185e-03
3.050000e+00 1.205629e-03
3.060000e+00 1.202029e-03
3.070000e+00 1.194520e-03
3.080000e+00 1.183269e-03
3.090000e+00 1.168470e-03
3.100000e+00 1.150349e-03
3.110000e+00 1.129156e-03
3.120000e+00 1.105162e-03
3.130000e+00 1.078660e-03
3.140000e+00 1.049961e-03
3.150000e+00 1.019387e-03
3.160000e+00 9.872723e-04
3.170000e+00 9.539601e-04
3.180000e+00 9.197965e-04
3.190000e+00 8.851294e-04
3.200000e+00 8.503047e-04
3.210000e+00 8.156637e-04
3.220000e+00 7.815398e-04
3.230000e+00 7.482558e-04
3.240000e+00 7.161214e-04
3.250000e+00 6.854308e-04
3.260000e+00 6.564606e-04
3.270000e+00 6.294676e-04
3.280000e+00 6.046876e-04
3.290000e+00 5.823334e-04
3.300000e+00 5.625942e-04
3.310000e+00 5.456348e-04
3.320000e+00 5.315944e-04
3.330000e+00 5.205870e-04
3.340000e+00 5.127013e-04
3.350000e+00 5.080004e-04
3.360000e+00 5.065229e-04
3.370000e+00 5.082831e-04
3.380000e+00 5.132722e-04
3.390000e+00 5.214589e-04
3.400000e+00 5.327912e-04
3.410000e+00 5.471969e-04
3.420000e+00 5.645854e-04
3.430000e+00 5.848490e-04
3.440000e+00 6.078641e-04
3.450000e+00 6.334929e-04
3.460000e+00 6.615845e-04
3.470000e+00 6.919764e-04
3.480000e+00 7.244957e-04
3.490000e+00 7.589604e-04
3.500000e+00 7.951802e-04
3.510000e+00 8.329583e-04
3.520000e+00 8.720916e-04
3.530000e+00 9.123721e-04
3.540000e+00 9.535876e-04
3.550000e+00 9.955227e-04
3.560000e+00 1.037959e-03
3.570000e+00 1.080678e-03
3.580000e+00 1.123457e-03
3.590000e+00 1.166077e-03
3.600000e+00 1.208318e-03
3.610000e+00 1.249961e-03
3.620000e+00 1.290791e-03
3.630000e+00 1.330595e-03
3.640000e+00 1.369167e-03
3.650000e+00 1.406306e-03
3.660000e+00 1.441819e-03
3.670000e+00 1.475519e-03
3.680000e+00 1.507234e-03
3.690000e+00 1.536800e-03
3.700000e+00 1.564067e-03
3.710000e+00 1.588901e-03
3.720000e+00 1.611183e-03
3.730000e+00 1.630812e-03
3.740000e+00 1.647705e-03
3.750000e+00 1.661801e-03
3.760000e+00 1.673058e-03
3.770000e+00 1.681458e-03
3.780000e+00 1.687004e-03
3.790000e+00 1.689723e-03
3.800000e+00 1.689664e-03
3.810000e+00 1.686899e-03
3.820000e+00 1.681523e-03
3.830000e+00 1.673651e-03
3.840000e+00 1.663419e-03
3.850000e+00 1.650982e-03
3.860000e+00 1.636511e-03
3.870000e+00 1.620193e-03
3.880000e+00 1.602227e-03
3.890000e+00 1.582822e-03
3.900000e+00 1.562195e-03
3.910000e+00 1.540568e-03
3.920000e+00 1.518164e-03
3.930000e+00 1.495208e-03
3.940000e+00 1.471917e-03
3.950000e+00 1.448505e-03
3.960000e+00 1.425176e-03
3.970000e+00 1.402122e-03
3.980000e+00 1.379522e-03
3.990000e+00 1.357538e-03
4.000000e+00 1.336315e-03
4.010000e+00 1.315980e-03
4.020000e+00 1.296640e-03
4.030000e+00 1.278378e-03
4.040000e+00 1.261260e-03
4.050000e+00 1.245327e-03
4.060000e+00 1.230601e-03
4.070000e+00 1.217082e-03
4.080000e+00 1.204750e-03
4.090000e+00 1.193567e-03
4.100000e+00 1.183478e-03
4.110000e+00 1.174408e-03
4.120000e+00 1.166272e-03
4.130000e+00 1.158969e-03
4.140000e+00 1.152389e-03
4.150000e+00 1.146412e-03
4.160000e+00 1.140911e-03
4.170000e+00 1.135753e-03
4.180000e+00 1.130803e-03
4.190000e+00 1.125922e-03
4.200000e+00 1.120974e-03
4.210000e+00 1.115822e-03
4.220000e+00 1.110332e-03
4.230000e+00 1.104376e-03
4.240000e+00 1.097830e-03
4.250000e+00 1.090577e-03
4.260000e+00 1.082506e-03
4.270000e+00 1.073517e-03
4.280000e+00 1.063516e-03
4.290000e+00 1.052419e-03
4.300000e+00 1.040152e-03
4.310000e+00 1.026652e-03
4.320000e+00 1.011864e-03
4.330000e+00 9.957464e-04
4.340000e+00 9.782660e-04
4.350000e+00 9.594015e-04
4.360000e+00 9.391423e-04
4.370000e+00 9.174886e-04
4.380000e+00 8.944511e-04
4.390000e+00 8.700516e-04
4.400000e+00 8.443221e-04
4.410000e+00 8.173051e-04
4.420000e+00 7.890530e-04
4.430000e+00 7.596281e-04
4.440000e+00 7.291020e-04
4.450000e+00 6.975552e-04
4.460000e+00 6.650765e-04
4.470000e+00 6.317628e-04
4.480000e+00 5.977176e-04
4.490000e+00 5.630512e-04
4.500000e+00 5.278792e-04
4.510000e+00 4.923220e-04
4.520000e+00 4.565035e-04
4.530000e+00 4.205504e-04
4.540000e+00 3.845912e-04
4.550000e+00 3.487552e-04
4.560000e+00 3.131711e-04
4.570000e+00 2.779664e-04
4.580000e+00 2.432665e-04
4.590000e+00 2.091935e-04
4.600000e+00 1.758653e-04
4.610000e+00 1.433955e-04
4.620000e+00 1.118921e-04
4.630000e+00 8.145714e-05
4.640000e+00 5.218665e-05
4.650000e+00 2.417002e-05
4.660000e+00 -2.509986e-06
4.670000e+00 -2.777724e-05
4.680000e+00 -5.156212e-05
4.690000e+00 -7.380129e-05
4.700000e+00 -9.443735e-05
4.710000e+00 -1.134184e-04
4.720000e+00 -1.306977e-04
4.730000e+00 -1.462329e-04
4.740000e+00 -1.599857e-04
4.750000e+00 -1.719212e-04
4.760000e+00 -1.820074e-04
4.770000e+00 -1.902148e-04
4.780000e+00 -1.965158e-04
4.790000e+00 -2.008847e-04
4.800000e+00 -2.032971e-04
4.810000e+00 -2.037300e-04
4.820000e+00 -2.021619e-04
4.830000e+00 -1.985728e-04
4.840000e+00 -1.929442e-04
4.850000e+00 -1.852601e-04
4.860000e+00 -1.755068e-04
4.870000e+00 -1.636741e-04
4.880000e+00 -1.497554e-04
4.890000e+00 -1.337488e-04
4.900000e+00 -1.156575e-04
4.910000e+00 -9.549113e-05
4.920000e+00 -7.326585e-05
4.930000e+00 -4.900549e-05
4.940000e+00 -2.274208e-05
4.950000e+00 5.483587e-06
4.960000e+00 3.562148e-05
4.970000e+00 6.761199e-05
4.980000e+00 1.013857e-04
4.990000e+00 1.368634e-04
5.000000e+00 1.739561e-04
5.010000e+00 2.125654e-04
5.020000e+00 2.525837e-04
5.030000e+00 2.938952e-04
5.040000e+00 3.363762e-04
5.050000e+00 3.798960e-04
5.060000e+00 4.243182e-04
5.070000e+00 4.695014e-04
5.080000e+00 5.153004e-04
5.090000e+00 5.615675e-04
5.100000e+00 6.081536e-04
5.110000e+00 6.549093e-04
5.120000e+00 7.016862e-04
5.130000e+00 7.483379e-04
5.140000e+00 7.947214e-04
5.150000e+00 8.406974e-04
5.160000e+00 8.861316e-04
5.170000e+00 9.308955e-04
5.180000e+00 9.748668e-04
5.190000e+00 1.017930e-03
5.200000e+00 1.059977e-03
5.210000e+00 1.100906e-03
5.220000e+00 1.140624e-03
5.230000e+00 1.179045e-03
5.240000e+00 1.216091e-03
5.250000e+00 1.251691e-03
5.260000e+00 1.285781e-03
5.270000e+00 1.318303e-03
5.280000e+00 1.349208e-03
5.290000e+00 1.378451e-03
5.300000e+00 1.405994e-03
5.310000e+00 1.431805e-03
5.320000e+00 1.455856e-03
5.330000e+00 1.478126e-03
5.340000e+00 1.498599e-03
5.350000e+00 1.517262e-03
5.360000e+00 1.534109e-03
5.370000e+00 1.549138e-03
5.380000e+00 1.562352e-03
5.390000e+00 1.573760e-03
5.400000e+00 1.583374e-03
5.410000e+00 1.591214e-03
5.420000e+00 1.597304e-03
5.430000e+00 1.601674e-03
5.440000e+00 1.604361e-03
5.450000e+00 1.605408e-03
5.460000e+00 1.604862e-03
5.470000e+00 1.602782e-03
5.480000e+00 1.599228e-03
5.490000e+00 1.594270e-03
5.500000e+00 1.587985e-03
5.510000e+00 1.580456e-03
5.520000e+00 1.571771e-03
5.530000e+00 1.562029e-03
5.540000e+00 1.551329e-03
5.550000e+00 1.539782e-03
5.560000e+00 1.527501e-03
5.570000e+00 1.514603e-03
5.580000e+00 1.501213e-03
5.590000e+00 1.487456e-03
5.600000e+00 1.473463e-03
5.610000e+00 1.459366e-03
5.620000e+00 1.445299e-03
5.630000e+00 1.431395e-03
5.640000e+00 1.417791e-03
5.650000e+00 1.404621e-03
5.660000e+00 1.392015e-03
5.670000e+00 1.380105e-03
5.680000e+00 1.369017e-03
5.690000e+00 1.358872e-03
5.700000e+00 1.349789e-03
5.710000e+00 1.341878e-03
5.720000e+00 1.335244e-03
5.730000e+00 1.329982e-03
5.740000e+00 1.326182e-03
5.750000e+00 1.323923e-03
5.760000e+00 1.323273e-03
5.770000e+00 1.324290e-03
5.780000e+00 1.327020e-03
5.790000e+00 1.331500e-03
5.800000e+00 1.337749e-03
5.810000e+00 1.345778e-03
5.820000e+00 1.355580e-03
5.830000e+00 1.367137e-03
5.840000e+00 1.380415e-03
5.850000e+00 1.395368e-03
5.860000e+00 1.411931e-03
5.870000e+00 1.430028e-03
5.880000e+00 1.449568e-03
5.890000e+00 1.470446e-03
5.900000e+00 1.492542e-03
5.910000e+00 1.515724e-03
5.920000e+00 1.539848e-03
5.930000e+00 1.564758e-03
5.940000e+00 1.590287e-03
5.950000e+00 1.616260e-03
5.960000e+00 1.642491e-03
5.970000e+00 1.668789e-03
5.980000e+00 1.694959e-03
5.990000e+00 1.720798e-03
6.000000e+00 1.746104e-03
6.010000e+00 1.770673e-03
6.020000e+00 1.794301e-03
6.030000e+00 1.816787e-03
6.040000e+00 1.837935e-03
6.050000e+00 1.857555e-03
6.060000e+00 1.875463e-03
6.070000e+00 1.891484e-03
6.080000e+00 1.905454e-03
6.090000e+00 1.917223e-03
6.100000e+00 1.926650e-03
6.110000e+00 1.933611e-03
6.120000e+00 1.937997e-03
6.130000e+00 1.939714e-03
6.140000e+00 1.938687e-03
6.150000e+00 1.934857e-03
6.160000e+00 1.928185e-03
6.170000e+00 1.918646e-03
6.180000e+00 1.906240e-03
6.190000e+00 1.890980e-03
6.200000e+00 1.872900e-03
6.210000e+00 1.852052e-03
6.220000e+00 1.828506e-03
6.230000e+00 1.802349e-03
6.240000e+00 1.773685e-03
6.250000e+00 1.742632e-03
6.260000e+00 1.709324e-03
6.270000e+00 1.673910e-03
6.280000e+00 1.636551e-03
6.290000e+00 1.597419e-03
6.300000e+00 1.556696e-03
6.310000e+00 1.514574e-03
6.320000e+00 1.471252e-03
6.330000e+00 1.426934e-03
6.340000e+00 1.381830e-03
6.350000e+00 1.336150e-03
6.360000e+00 1.290108e-03
6.370000e+00 1.243916e-03
6.380000e+00 1.197784e-03
6.390000e+00 1.151918e-03
6.400000e+00 1.106517e-03
6.410000e+00 1.061775e-03
6.420000e+00 1.017876e-03
6.430000e+00 9.749949e-04
6.440000e+00 9.332938e-04
6.450000e+00 8.929227e-04
6.460000e+00 8.540179e-04
6.470000e+00 8.167007e-04
6.480000e+00 7.810768e-04
6.490000e+00 7.472358e-04
6.500000e+00 7.152507e-04
6.510000e+00 6.851778e-04
6.520000e+00 6.570564e-04
6.530000e+00 6.309095e-04
6.540000e+00 6.067437e-04
6.550000e+00 5.845502e-04
6.560000e+00 5.643054e-04
6.570000e+00 5.459721e-04
6.580000e+00 5.295002e-04
6.590000e+00 5.148288e-04
6.600000e+00 5.018867e-04
6.610000e+00 4.905946e-04
6.620000e+00 4.808666e-04
6.630000e+00 4.726115e-04
6.640000e+00 4.657346e-04
6.650000e+00 4.601396e-04
6.660000e+00 4.557298e-04
6.670000e+00 4.524096e-04
6.680000e+00 4.500861e-04
6.690000e+00 4.486702e-04
6.700000e+00 4.480777e-04
6.710000e+00 4.482302e-04
6.720000e+00 4.490558e-04
6.730000e+00 4.504895e-04
6.740000e+00 4.524739e-04
6.750000e+00 4.549586e-04
6.760000e+00 4.579010e-04
6.770000e+00 4.612651e-04
6.780000e+00 4.650217e-04
6.790000e+00 4.691474e-04
6.800000e+00 4.736238e-04
6.810000e+00 4.784368e-04
6.820000e+00 4.835754e-04
6.830000e+00 4.890305e-04
6.840000e+00 4.947942e-04
6.850000e+00 5.008581e-04
6.860000e+00 5.072128e-04
6.870000e+00 5.138460e-04
6.880000e+00 5.207422e-04
6.890000e+00 5.278815e-04
6.900000e+00 5.352385e-04
6.910000e+00 5.427819e-04
6.920000e+00 5.504739e-04
6.930000e+00 5.582696e-04
6.940000e+00 5.661168e-04
6.950000e+00 5.739559e-04
6.960000e+00 5.817199e-04
6.970000e+00 5.893344e-04
6.980000e+00 5.967184e-04
6.990000e+00 6.037842e-04
7.000000e+00 6.104383e-04
7.010000e+00 6.165820e-04
7.020000e+00 6.221123e-04
7.030000e+00 6.269224e-04
7.040000e+00 6.309032e-04
7.050000e+00 6.339437e-04
7.060000e+00 6.359324e-04
7.070000e+00 6.367582e-04
7.080000e+00 6.363114e-04
7.090000e+00 6.344847e-04
7.100000e+00 6.311742e-04
7.110000e+00 6.262806e-04
7.120000e+00 6.197097e-04
7.130000e+00 6.113737e-04
7.140000e+00 6.011918e-04
7.150000e+00 5.890910e-04
7.160000e+00 5.750068e-04
7.170000e+00 5.588841e-04
7.180000e+00 5.406772e-04
7.190000e+00 5.203509e-04
7.200000e+00 4.978806e-04
7.210000e+00 4.732527e-04
7.220000e+00 4.464651e-04
7.230000e+00 4.175269e-04
7.240000e+00 3.864591e-04
7.250000e+00 3.532942e-04
7.260000e+00 3.180764e-04
7.270000e+00 2.808612e-04
7.280000e+00 2.417157e-04
7.290000e+00 2.007174e-04
7.300000e+00 1.579548e-04
7.310000e+00 1.135263e-04
7.320000e+00 6.753961e-05
7.330000e+00 2.011144e-05
7.340000e+00 -2.863348e-05
7.350000e+00 -7.856311e-05
7.360000e+00 -1.295390e-04
7.370000e+00 -1.814172e-04
7.380000e+00 -2.340493e-04
7.390000e+00 -2.872831e-04
7.400000e+00 -3.409642e-04
7.410000e+00 -3.949364e-04
7.420000e+00 -4.490434e-04
7.430000e+00 -5.031290e-04
7.440000e+00 -5.570387e-04
7.450000e+00 -6.106206e-04
7.460000e+00 -6.637257e-04
7.470000e+00 -7.162093e-04
7.480000e+00 -7.679313e-04
7.490000e+00 -8.187571e-04
7.500000e+00 -8.685580e-04
7.510000e+00 -9.172114e-04
7.520000e+00 -9.646015e-04
7.530000e+00 -1.010619e-03
7.540000e+00 -1.055162e-03
7.550000e+00 -1.098136e-03
7.560000e+00 -1.139452e-03
7.570000e+00 -1.179028e-03
7.580000e+00 -1.216790e-03
7.590000e+00 -1.252669e-03
7.600000e+00 -1.286602e-03
7.610000e+00 -1.318533e-03
7.620000e+00 -1.348410e-03
7.630000e+00 -1.376186e-03
7.640000e+00 -1.401819e-03
7.650000e+00 -1.425274e-03
7.660000e+00 -1.446516e-03
7.670000e+00 -1.465516e-03
7.680000e+00 -1.482251e-03
7.690000e+00 -1.496700e-03
7.700000e+00 -1.508844e-03
7.710000e+00 -1.518672e-03
7.720000e+00 -1.526174e-03
7.730000e+00 -1.531345e-03
7.740000e+00 -1.534185e-03
7.750000e+00 -1.534696e-03
7.760000e+00 -1.532888e-03
7.770000e+00 -1.528774e-03
7.780000e+00 -1.522371e-03
7.790000e+00 -1.513704e-03
7.800000e+00 -1.502799e-03
7.810000e+00 -1.489691e-03
7.820000e+00 -1.474419e-03
7.830000e+00 -1.457027e-03
7.840000e+00 -1.437563e-03
7.850000e+00 -1.416082e-03
7.860000e+00 -1.392642e-03
7.870000e+00 -1.367306e-03
7.880000e+00 -1.340140e-03
7.890000e+00 -1.311215e-03
7.900000e+00 -1.280602e-03
7.910000e+00 -1.248377e-03
7.920000e+00 -1.214616e-03
7.930000e+00 -1.179397e-03
7.940000e+00 -1.142799e-03
7.950000e+00 -1.104899e-03
7.960000e+00 -1.065776e-03
7.970000e+00 -1.025506e-03
7.980000e+00 -9.841645e-04
7.990000e+00 -9.418259e-04
8.000000e+00 -8.985615e-04
8.010000e+00 -8.544409e-04
8.020000e+00 -8.095312e-04
8.030000e+00 -7.638974e-04
8.040000e+00 -7.176021e-04
8.050000e+00 -6.707058e-04
8.060000e+00 -6.232671e-04
8.070000e+00 -5.753430e-04
8.080000e+00 -5.269892e-04
8.090000e+00 -4.782601e-04
8.100000e+00 -4.292100e-04
8.110000e+00 -3.798925e-04
8.120000e+00 -3.303618e-04
8.130000e+00 -2.806723e-04
8.140000e+00 -2.308795e-04
8.150000e+00 -1.810400e-04
8.160000e+00 -1.312116e-04
8.170000e+00 -8.145400e-05
8.180000e+00 -3.182842e-05
8.190000e+00 1.760215e-05
8.200000e+00 6.677297e-05
8.210000e+00 1.156177e-04
8.220000e+00 1.640686e-04
8.230000e+00 2.120567e-04
8.240000e+00 2.595121e-04
8.250000e+00 3.063642e-04
8.260000e+00 3.525426e-04
8.270000e+00 3.979768e-04
8.280000e+00 4.425972e-04
8.290000e+00 4.863352e-04
8.300000e+00 5.291242e-04
8.310000e+00 5.708993e-04
8.320000e+00 6.115985e-04
8.330000e+00 6.511629e-04
8.340000e+00 6.895368e-04
8.350000e+00 7.266686e-04
8.360000e+00 7.625109e-04
8.370000e+00 7.970211e-04
8.380000e+00 8.301613e-04
8.390000e+00 8.618989e-04
8.400000e+00 8.922069e-04
8.410000e+00 9.210637e-04
8.420000e+00 9.484541e-04
8.430000e+00 9.743685e-04
8.440000e+00 9.988039e-04
8.450000e+00 1.021764e-03
8.460000e+00 1.043257e-03
8.470000e+00 1.063301e-03
8.480000e+00 1.081918e-03
8.490000e+00 1.099138e-03
8.500000e+00 1.114997e-03
8.510000e+00 1.129538e-03
8.520000e+00 1.142810e-03
8.530000e+00 1.154868e-03
8.540000e+00 1.165774e-03
8.550000e+00 1.175595e-03
8.560000e+00 1.184405e-03
8.570000e+00 1.192280e-03
8.580000e+00 1.199304e-03
8.590000e+00 1.205561e-03
8.600000e+00 1.211141e-03
8.610000e+00 1.216135e-03
8.620000e+00 1.220635e-03
8.630000e+00 1.224734e-03
8.640000e+00 1.228525e-03
8.650000e+00 1.232096e-03
8.660000e+00 1.235536e-03
8.670000e+00 1.238927e-03
8.680000e+00 1.242345e-03
8.690000e+00 1.245862e-03
8.700000e+00 1.249540e-03
8.710000e+00 1.253431e-03
8.720000e+00 1.257579e-03
8.730000e+00 1.262014e-03
8.740000e+00 1.266758e-03
8.750000e+00 1.271816e-03
8.760000e+00 1.277181e-03
8.770000e+00 1.282832e-03
8.780000e+00 1.288735e-03
8.790000e+00 1.294840e-03
8.800000e+00 1.301084e-03
8.810000e+00 1.307390e-03
8.820000e+00 1.313669e-03
8.830000e+00 1.319817e-03
8.840000e+00 1.325721e-03
8.850000e+00 1.331257e-03
8.860000e+00 1.336292e-03
8.870000e+00 1.340684e-03
8.880000e+00 1.344286e-03
8.890000e+00 1.346947e-03
8.900000e+00 1.348512e-03
8.910000e+00 1.348824e-03
8.920000e+00 1.347728e-03
8.930000e+00 1.345069e-03
8.940000e+00 1.340699e-03
8.950000e+00 1.334471e-03
8.960000e+00 1.326247e-03
8.970000e+00 1.315897e-03
8.980000e+00 1.303300e-03
8.990000e+00 1.288346e-03
9.000000e+00 1.270934e-03
9.010000e+00 1.250979e-03
9.020000e+00 1.228405e-03
9.030000e+00 1.203154e-03
9.040000e+00 1.175178e-03
9.050000e+00 1.144445e-03
9.060000e+00 1.110938e-03
9.070000e+00 1.074654e-03
9.080000e+00 1.035605e-03
9.090000e+00 9.938173e-04
9.100000e+00 9.493308e-04
9.110000e+00 9.022004e-04
9.120000e+00 8.524944e-04
9.130000e+00 8.002945e-04
9.140000e+00 7.456951e-04
9.150000e+00 6.888034e-04
9.160000e+00 6.297384e-04
9.170000e+00 5.686305e-04
9.180000e+00 5.056212e-04
9.190000e+00 4.408620e-04
9.200000e+00 3.745143e-04
9.210000e+00 3.067484e-04
9.220000e+00 2.377428e-04
9.230000e+00 1.676838e-04
9.240000e+00 9.676418e-05
9.250000e+00 2.518277e-05
9.260000e+00 -4.685657e-05
9.270000e+00 -1.191459e-04
9.280000e+00 -1.914740e-04
9.290000e+00 -2.636277e-04
9.300000e+00 -3.353926e-04
9.310000e+00 -4.065543e-04
9.320000e+00 -4.768995e-04
9.330000e+00 -5.462169e-04
9.340000e+00 -6.142985e-04
9.350000e+00 -6.809408e-04
9.360000e+00 -7.459455e-04
9.370000e+00 -8.091207e-04
9.380000e+00 -8.702818e-04
9.390000e+00 -9.292526e-04
9.400000e+00 -9.858659e-04
9.410000e+00 -1.039964e-03
9.420000e+00 -1.091401e-03
9.430000e+00 -1.140039e-03
9.440000e+00 -1.185756e-03
9.450000e+00 -1.228437e-03
9.460000e+00 -1.267983e-03
9.470000e+00 -1.304305e-03
9.480000e+00 -1.337326e-03
9.490000e+00 -1.366982e-03
9.500000e+00 -1.393222e-03
9.510000e+00 -1.416005e-03
9.520000e+00 -1.435302e-03
9.530000e+00 -1.451096e-03
9.540000e+00 -1.463380e-03
9.550000e+00 -1.472158e-03
9.560000e+00 -1.477445e-03
9.570000e+00 -1.479264e-03
9.580000e+00 -1.477650e-03
9.590000e+00 -1.472644e-03
9.600000e+00 -1.464298e-03
9.610000e+00 -1.452674e-03
9.620000e+00 -1.437837e-03
9.630000e+00 -1.419866e-03
9.640000e+00 -1.398844e-03
9.650000e+00 -1.374862e-03
9.660000e+00 -1.348020e-03
9.670000e+00 -1.318423e-03
9.680000e+00 -1.286184e-03
9.690000e+00 -1.251422e-03
9.700000e+00 -1.214264e-03
9.710000e+00 -1.174840e-03
9.720000e+00 -1.133288e-03
9.730000e+00 -1.089750e-03
9.740000e+00 -1.044374e-03
9.750000e+00 -9.973107e-04
9.760000e+00 -9.487151e-04
9.770000e+00 -8.987452e-04
9.780000e+00 -8.475611e-04
9.790000e+00 -7.953244e-04
9.800000e+00 -7.421976e-04
9.810000e+00 -6.883431e-04
9.820000e+00 -6.339224e-04
9.830000e+00 -5.790955e-04
9.840000e+00 -5.240201e-04
9.850000e+00 -4.688505e-04
9.860000e+00 -4.137376e-04
9.870000e+00 -3.588278e-04
9.880000e+00 -3.042625e-04
9.890000e+00 -2.501781e-04
9.900000e+00 -1.967048e-04
9.910000e+00 -1.439675e-04
9.920000e+00 -9.208464e-05
9.930000e+00 -4.116866e-05
9.940000e+00 8.674020e-06
9.950000e+00 5.734288e-05
9.960000e+00 1.047431e-04
9.970000e+00 1.507854e-04
9.980000e+00 1.953854e-04
9.990000e+00 2.384637e-04
1.000000e+01 2.799452e-04
