# sigma2_v 9.840087977305226e+00
0.000000e+00 1.000000e+00
1.000000e-02 9.995081e-01
2.000000e-02 9.980340e-01
3.000000e-02 9.955823e-01
4.000000e-02 9.921606e-01
5.000000e-02 9.877794e-01
6.000000e-02 9.824524e-01
7.000000e-02 9.761959e-01
8.000000e-02 9.690291e-01
9.000000e-02 9.609739e-01
1.000000e-01 9.520545e-01
1.100000e-01 9.422977e-01
1.200000e-01 9.317327e-01
1.300000e-01 9.203906e-01
1.400000e-01 9.083045e-01
1.500000e-01 8.955094e-01
1.600000e-01 8.820418e-01
1.700000e-01 8.679396e-01
1.800000e-01 8.532420e-01
1.900000e-01 8.379894e-01
2.000000e-01 8.222227e-01
2.100000e-01 8.059839e-01
2.200000e-01 7.893152e-01
2.300000e-01 7.722592e-01
2.400000e-01 7.548585e-01
2.500000e-01 7.371558e-01
2.600000e-01 7.191935e-01
2.700000e-01 7.010135e-01
2.800000e-01 6.826573e-01
2.900000e-01 6.641655e-01
3.000000e-01 6.455780e-01
3.100000e-01 6.269337e-01
3.200000e-01 6.082703e-01
3.300000e-01 5.896243e-01
3.400000e-01 5.710310e-01
3.500000e-01 5.525240e-01
3.600000e-01 5.341357e-01
3.700000e-01 5.158967e-01
3.800000e-01 4.978363e-01
3.900000e-01 4.799818e-01
4.000000e-01 4.623589e-01
4.100000e-01 4.449917e-01
4.200000e-01 4.279023e-01
4.300000e-01 4.111114e-01
4.400000e-01 3.946376e-01
4.500000e-01 3.784979e-01
4.600000e-01 3.627076e-01
4.700000e-01 3.472803e-01
4.800000e-01 3.322280e-01
4.900000e-01 3.175609e-01
5.000000e-01 3.032877e-01
5.100000e-01 2.894156e-01
5.200000e-01 2.759504e-01
5.300000e-01 2.628964e-01
5.400000e-01 2.502564e-01
5.500000e-01 2.380322e-01
5.600000e-01 2.262241e-01
5.700000e-01 2.148315e-01
5.800000e-01 2.038525e-01
5.900000e-01 1.932842e-01
6.000000e-01 1.831229e-01
6.100000e-01 1.733639e-01
6.200000e-01 1.640018e-01
6.300000e-01 1.550302e-01
6.400000e-01 1.464422e-01
6.500000e-01 1.382304e-01
6.600000e-01 1.303866e-01
6.700000e-01 1.229024e-01
6.800000e-01 1.157686e-01
6.900000e-01 1.089760e-01
7.000000e-01 1.025148e-01
7.100000e-01 9.637516e-02
7.200000e-01 9.054691e-02
7.300000e-01 8.501973e-02
7.400000e-01 7.978320e-02
7.500000e-01 7.482682e-02
7.600000e-01 7.014007e-02
7.700000e-01 6.571241e-02
7.800000e-01 6.153337e-02
7.900000e-01 5.759255e-02
8.000000e-01 5.387966e-02
8.100000e-01 5.038454e-02
8.200000e-01 4.709719e-02
8.300000e-01 4.400780e-02
8.400000e-01 4.110679e-02
8.500000e-01 3.838478e-02
8.600000e-01 3.583264e-02
8.700000e-01 3.344152e-02
8.800000e-01 3.120283e-02
8.900000e-01 2.910827e-02
9.000000e-01 2.714982e-02
9.100000e-01 2.531978e-02
9.200000e-01 2.361075e-02
9.300000e-01 2.201564e-02
9.400000e-01 2.052766e-02
9.500000e-01 1.914035e-02
9.600000e-01 1.784754e-02
9.700000e-01 1.664340e-02
9.800000e-01 1.552235e-02
9.900000e-01 1.447916e-02
1.000000e+00 1.350887e-02
1.010000e+00 1.260678e-02
1.020000e+00 1.176850e-02
1.030000e+00 1.098989e-02
1.040000e+00 1.026706e-02
1.050000e+00 9.596380e-03
1.060000e+00 8.974441e-03
1.070000e+00 8.398062e-03
1.080000e+00 7.864275e-03
1.090000e+00 7.370310e-03
1.100000e+00 6.913587e-03
1.110000e+00 6.491704e-03
1.120000e+00 6.102425e-03
1.130000e+00 5.743667e-03
1.140000e+00 5.413493e-03
1.150000e+00 5.110098e-03
1.160000e+00 4.831802e-03
1.170000e+00 4.577036e-03
1.180000e+00 4.344335e-03
1.190000e+00 4.132332e-03
1.200000e+00 3.939741e-03
1.210000e+00 3.765360e-03
1.220000e+00 3.608052e-03
1.230000e+00 3.466748e-03
1.240000e+00 3.340435e-03
1.250000e+00 3.228150e-03
1.260000e+00 3.128976e-03
1.270000e+00 3.042039e-03
1.280000e+00 2.966499e-03
1.290000e+00 2.901551e-03
1.300000e+00 2.846416e-03
1.310000e+00 2.800345e-03
1.320000e+00 2.762610e-03
1.330000e+00 2.732508e-03
1.340000e+00 2.709354e-03
1.350000e+00 2.692485e-03
1.360000e+00 2.681255e-03
1.370000e+00 2.675039e-03
1.380000e+00 2.673229e-03
1.390000e+00 2.675237e-03
1.400000e+00 2.680496e-03
1.410000e+00 2.688459e-03
1.420000e+00 2.698599e-03
1.430000e+00 2.710416e-03
1.440000e+00 2.723432e-03
1.450000e+00 2.737195e-03
1.460000e+00 2.751281e-03
1.470000e+00 2.765292e-03
1.480000e+00 2.778863e-03
1.490000e+00 2.791657e-03
1.500000e+00 2.803370e-03
1.510000e+00 2.813730e-03
1.520000e+00 2.822498e-03
1.530000e+00 2.829467e-03
1.540000e+00 2.834466e-03
1.550000e+00 2.837354e-03
1.560000e+00 2.838026e-03
1.570000e+00 2.836405e-03
1.580000e+00 2.832450e-03
1.590000e+00 2.826145e-03
1.600000e+00 2.817505e-03
1.610000e+00 2.806573e-03
1.620000e+00 2.793415e-03
1.630000e+00 2.778121e-03
1.640000e+00 2.760804e-03
1.650000e+00 2.741593e-03
1.660000e+00 2.720636e-03
1.670000e+00 2.698096e-03
1.680000e+00 2.674147e-03
1.690000e+00 2.648974e-03
1.700000e+00 2.622771e-03
1.710000e+00 2.595735e-03
1.720000e+00 2.568068e-03
1.730000e+00 2.539973e-03
1.740000e+00 2.511653e-03
1.750000e+00 2.483306e-03
1.760000e+00 2.455127e-03
1.770000e+00 2.427304e-03
1.780000e+00 2.400016e-03
1.790000e+00 2.373433e-03
1.800000e+00 2.347712e-03
1.810000e+00 2.322997e-03
1.820000e+00 2.299420e-03
1.830000e+00 2.277094e-03
1.840000e+00 2.256116e-03
1.850000e+00 2.236568e-03
1.860000e+00 2.218509e-03
1.870000e+00 2.201984e-03
1.880000e+00 2.187014e-03
1.890000e+00 2.173603e-03
1.900000e+00 2.161734e-03
1.910000e+00 2.151371e-03
1.920000e+00 2.142456e-03
1.930000e+00 2.134917e-03
1.940000e+00 2.128660e-03
1.950000e+00 2.123575e-03
1.960000e+00 2.119538e-03
1.970000e+00 2.116410e-03
1.980000e+00 2.114037e-03
1.990000e+00 2.112259e-03
2.000000e+00 2.110902e-03
2.010000e+00 2.109789e-03
2.020000e+00 2.108737e-03
2.030000e+00 2.107560e-03
2.040000e+00 2.106072e-03
2.050000e+00 2.104089e-03
2.060000e+00 2.101432e-03
2.070000e+00 2.097925e-03
2.080000e+00 2.093402e-03
2.090000e+00 2.087705e-03
2.100000e+00 2.080687e-03
2.110000e+00 2.072213e-03
2.120000e+00 2.062161e-03
2.130000e+00 2.050419e-03
2.140000e+00 2.036894e-03
2.150000e+00 2.021502e-03
2.160000e+00 2.004175e-03
2.170000e+00 1.984858e-03
2.180000e+00 1.963506e-03
2.190000e+00 1.940089e-03
2.200000e+00 1.914585e-03
2.210000e+00 1.886983e-03
2.220000e+00 1.857280e-03
2.230000e+00 1.825479e-03
2.240000e+00 1.791590e-03
2.250000e+00 1.755626e-03
2.260000e+00 1.717607e-03
2.270000e+00 1.677551e-03
2.280000e+00 1.635481e-03
2.290000e+00 1.591418e-03
2.300000e+00 1.545388e-03
2.310000e+00 1.497412e-03
2.320000e+00 1.447516e-03
2.330000e+00 1.395722e-03
2.340000e+00 1.342055e-03
2.350000e+00 1.286542e-03
2.360000e+00 1.229210e-03
2.370000e+00 1.170090e-03
2.380000e+00 1.109215e-03
2.390000e+00 1.046624e-03
2.400000e+00 9.823619e-04
2.410000e+00 9.164786e-04
2.420000e+00 8.490326e-04
2.430000e+00 7.800903e-04
2.440000e+00 7.097277e-04
2.450000e+00 6.380300e-04
2.460000e+00 5.650930e-04
2.470000e+00 4.910227e-04
2.480000e+00 4.159357e-04
2.490000e+00 3.399587e-04
2.500000e+00 2.632288e-04
2.510000e+00 1.858922e-04
2.520000e+00 1.081037e-04
2.530000e+00 3.002611e-05
2.540000e+00 -4.817128e-05
2.550000e+00 -1.263137e-04
2.560000e+00 -2.042223e-04
2.570000e+00 -2.817156e-04
2.580000e+00 -3.586105e-04
2.590000e+00 -4.347245e-04
2.600000e+00 -5.098764e-04
2.610000e+00 -5.838882e-04
2.620000e+00 -6.565862e-04
2.630000e+00 -7.278022e-04
2.640000e+00 -7.973746e-04
2.650000e+00 -8.651498e-04
2.660000e+00 -9.309824e-04
2.670000e+00 -9.947363e-04
2.680000e+00 -1.056285e-03
2.690000e+00 -1.115513e-03
2.700000e+00 -1.172315e-03
2.710000e+00 -1.226594e-03
2.720000e+00 -1.278267e-03
2.730000e+00 -1.327259e-03
2.740000e+00 -1.373505e-03
2.750000e+00 -1.416952e-03
2.760000e+00 -1.457552e-03
2.770000e+00 -1.495269e-03
2.780000e+00 -1.530074e-03
2.790000e+00 -1.561946e-03
2.800000e+00 -1.590869e-03
2.810000e+00 -1.616835e-03
2.820000e+00 -1.639840e-03
2.830000e+00 -1.659884e-03
2.840000e+00 -1.676974e-03
2.850000e+00 -1.691116e-03
2.860000e+00 -1.702323e-03
2.870000e+00 -1.710606e-03
2.880000e+00 -1.715981e-03
2.890000e+00 -1.718464e-03
2.900000e+00 -1.718071e-03
2.910000e+00 -1.714819e-03
2.920000e+00 -1.708725e-03
2.930000e+00 -1.699807e-03
2.940000e+00 -1.688082e-03
2.950000e+00 -1.673567e-03
2.960000e+00 -1.656279e-03
2.970000e+00 -1.636236e-03
2.980000e+00 -1.613456e-03
2.990000e+00 -1.587958e-03
3.000000e+00 -1.559764e-03
3.010000e+00 -1.528894e-03
3.020000e+00 -1.495376e-03
3.030000e+00 -1.459238e-03
3.040000e+00 -1.420513e-03
3.050000e+00 -1.379239e-03
3.060000e+00 -1.335459e-03
3.070000e+00 -1.289226e-03
3.080000e+00 -1.240595e-03
3.090000e+00 -1.189635e-03
3.100000e+00 -1.136420e-03
3.110000e+00 -1.081035e-03
3.120000e+00 -1.023576e-03
3.130000e+00 -9.641483e-04
3.140000e+00 -9.028686e-04
3.150000e+00 -8.398649e-04
3.160000e+00 -7.752760e-04
3.170000e+00 -7.092516e-04
3.180000e+00 -6.419521e-04
3.190000e+00 -5.735476e-04
3.200000e+00 -5.042176e-04
3.210000e+00 -4.341501e-04
3.220000e+00 -3.635402e-04
3.230000e+00 -2.925897e-04
3.240000e+00 -2.215051e-04
3.250000e+00 -1.504966e-04
3.260000e+00 -7.977681e-05
3.270000e+00 -9.559080e-06
3.280000e+00 5.994389e-05
3.290000e+00 1.285215e-04
3.300000e+00 1.959666e-04
3.310000e+00 2.620771e-04
3.320000e+00 3.266570e-04
3.330000e+00 3.895176e-04
3.340000e+00 4.504789e-04
3.350000e+00 5.093702e-04
3.360000e+00 5.660313e-04
3.370000e+00 6.203130e-04
3.380000e+00 6.720779e-04
3.390000e+00 7.212009e-04
3.400000e+00 7.675693e-04
3.410000e+00 8.110839e-04
3.420000e+00 8.516585e-04
3.430000e+00 8.892203e-04
3.440000e+00 9.237104e-04
3.450000e+00 9.550835e-04
3.460000e+00 9.833083e-04
3.470000e+00 1.008367e-03
3.480000e+00 1.030258e-03
3.490000e+00 1.048990e-03
3.500000e+00 1.064589e-03
3.510000e+00 1.077096e-03
3.520000e+00 1.086564e-03
3.530000e+00 1.093062e-03
3.540000e+00 1.096675e-03
3.550000e+00 1.097501e-03
3.560000e+00 1.095654e-03
3.570000e+00 1.091263e-03
3.580000e+00 1.084471e-03
3.590000e+00 1.075435e-03
3.600000e+00 1.064326e-03
3.610000e+00 1.051331e-03
3.620000e+00 1.036645e-03
3.630000e+00 1.020479e-03
3.640000e+00 1.003051e-03
3.650000e+00 9.845911e-04
3.660000e+00 9.653348e-04
3.670000e+00 9.455246e-04
3.680000e+00 9.254067e-04
3.690000e+00 9.052296e-04
3.700000e+00 8.852414e-04
3.710000e+00 8.656880e-04
3.720000e+00 8.468106e-04
3.730000e+00 8.288436e-04
3.740000e+00 8.120119e-04
3.750000e+00 7.965292e-04
3.760000e+00 7.825954e-04
3.770000e+00 7.703949e-04
3.780000e+00 7.600947e-04
3.790000e+00 7.518427e-04
3.800000e+00 7.457666e-04
3.810000e+00 7.419723e-04
3.820000e+00 7.405437e-04
3.830000e+00 7.415416e-04
3.840000e+00 7.450037e-04
3.850000e+00 7.509448e-04
3.860000e+00 7.593568e-04
3.870000e+00 7.702096e-04
3.880000e+00 7.834518e-04
3.890000e+00 7.990121e-04
3.900000e+00 8.168002e-04
3.910000e+00 8.367085e-04
3.920000e+00 8.586140e-04
3.930000e+00 8.823796e-04
3.940000e+00 9.078562e-04
3.950000e+00 9.348847e-04
3.960000e+00 9.632975e-04
3.970000e+00 9.929207e-04
3.980000e+00 1.023576e-03
3.990000e+00 1.055082e-03
4.000000e+00 1.087256e-03
4.010000e+00 1.119917e-03
4.020000e+00 1.152885e-03
4.030000e+00 1.185982e-03
4.040000e+00 1.219037e-03
4.050000e+00 1.251882e-03
4.060000e+00 1.284357e-03
4.070000e+00 1.316309e-03
4.080000e+00 1.347593e-03
4.090000e+00 1.378072e-03
4.100000e+00 1.407618e-03
4.110000e+00 1.436111e-03
4.120000e+00 1.463444e-03
4.130000e+00 1.489515e-03
4.140000e+00 1.514236e-03
4.150000e+00 1.537526e-03
4.160000e+00 1.559313e-03
4.170000e+00 1.579537e-03
4.180000e+00 1.598145e-03
4.190000e+00 1.615094e-03
4.200000e+00 1.630347e-03
4.210000e+00 1.643877e-03
4.220000e+00 1.655665e-03
4.230000e+00 1.665696e-03
4.240000e+00 1.673965e-03
4.250000e+00 1.680469e-03
4.260000e+00 1.685211e-03
4.270000e+00 1.688200e-03
4.280000e+00 1.689445e-03
4.290000e+00 1.688961e-03
4.300000e+00 1.686763e-03
4.310000e+00 1.682869e-03
4.320000e+00 1.677295e-03
4.330000e+00 1.670062e-03
4.340000e+00 1.661187e-03
4.350000e+00 1.650689e-03
4.360000e+00 1.638585e-03
4.370000e+00 1.624894e-03
4.380000e+00 1.609632e-03
4.390000e+00 1.592817e-03
4.400000e+00 1.574468e-03
4.410000e+00 1.554602e-03
4.420000e+00 1.533242e-03
4.430000e+00 1.510411e-03
4.440000e+00 1.486137e-03
4.450000e+00 1.460451e-03
4.460000e+00 1.433391e-03
4.470000e+00 1.405003e-03
4.480000e+00 1.375339e-03
4.490000e+00 1.344461e-03
4.500000e+00 1.312440e-03
4.510000e+00 1.279360e-03
4.520000e+00 1.245313e-03
4.530000e+00 1.210407e-03
4.540000e+00 1.174760e-03
4.550000e+00 1.138502e-03
4.560000e+00 1.101777e-03
4.570000e+00 1.064740e-03
4.580000e+00 1.027557e-03
4.590000e+00 9.904042e-04
4.600000e+00 9.534683e-04
4.610000e+00 9.169421e-04
4.620000e+00 8.810251e-04
4.630000e+00 8.459211e-04
4.640000e+00 8.118362e-04
4.650000e+00 7.789765e-04
4.660000e+00 7.475462e-04
4.670000e+00 7.177456e-04
4.680000e+00 6.897681e-04
4.690000e+00 6.637988e-04
4.700000e+00 6.400119e-04
4.710000e+00 6.185688e-04
4.720000e+00 5.996166e-04
4.730000e+00 5.832857e-04
4.740000e+00 5.696890e-04
4.750000e+00 5.589203e-04
4.760000e+00 5.510536e-04
4.770000e+00 5.461418e-04
4.780000e+00 5.442168e-04
4.790000e+00 5.452890e-04
4.800000e+00 5.493472e-04
4.810000e+00 5.563592e-04
4.820000e+00 5.662720e-04
4.830000e+00 5.790126e-04
4.840000e+00 5.944888e-04
4.850000e+00 6.125905e-04
4.860000e+00 6.331907e-04
4.870000e+00 6.561470e-04
4.880000e+00 6.813027e-04
4.890000e+00 7.084889e-04
4.900000e+00 7.375255e-04
4.910000e+00 7.682232e-04
4.920000e+00 8.003850e-04
4.930000e+00 8.338076e-04
4.940000e+00 8.682836e-04
4.950000e+00 9.036025e-04
4.960000e+00 9.395527e-04
4.970000e+00 9.759227e-04
4.980000e+00 1.012503e-03
4.990000e+00 1.049087e-03
5.000000e+00 1.085472e-03
5.010000e+00 1.121462e-03
5.020000e+00 1.156868e-03
5.030000e+00 1.191509e-03
5.040000e+00 1.225212e-03
5.050000e+00 1.257815e-03
5.060000e+00 1.289166e-03
5.070000e+00 1.319127e-03
5.080000e+00 1.347569e-03
5.090000e+00 1.374378e-03
5.100000e+00 1.399451e-03
5.110000e+00 1.422701e-03
5.120000e+00 1.444052e-03
5.130000e+00 1.463442e-03
5.140000e+00 1.480823e-03
5.150000e+00 1.496159e-03
5.160000e+00 1.509427e-03
5.170000e+00 1.520615e-03
5.180000e+00 1.529724e-03
5.190000e+00 1.536763e-03
5.200000e+00 1.541753e-03
5.210000e+00 1.544723e-03
5.220000e+00 1.545710e-03
5.230000e+00 1.544756e-03
5.240000e+00 1.541911e-03
5.250000e+00 1.537229e-03
5.260000e+00 1.530769e-03
5.270000e+00 1.522590e-03
5.280000e+00 1.512756e-03
5.290000e+00 1.501330e-03
5.300000e+00 1.488378e-03
5.310000e+00 1.473963e-03
5.320000e+00 1.458151e-03
5.330000e+00 1.441004e-03
5.340000e+00 1.422584e-03
5.350000e+00 1.402953e-03
5.360000e+00 1.382169e-03
5.370000e+00 1.360291e-03
5.380000e+00 1.337376e-03
5.390000e+00 1.313479e-03
5.400000e+00 1.288655e-03
5.410000e+00 1.262959e-03
5.420000e+00 1.236444e-03
5.430000e+00 1.209164e-03
5.440000e+00 1.181172e-03
5.450000e+00 1.152522e-03
5.460000e+00 1.123268e-03
5.470000e+00 1.093465e-03
5.480000e+00 1.063165e-03
5.490000e+00 1.032426e-03
5.500000e+00 1.001300e-03
5.510000e+00 9.698449e-04
5.520000e+00 9.381137e-04
5.530000e+00 9.061612e-04
5.540000e+00 8.740407e-04
5.550000e+00 8.418048e-04
5.560000e+00 8.095046e-04
5.570000e+00 7.771892e-04
5.580000e+00 7.449063e-04
5.590000e+00 7.127008e-04
5.600000e+00 6.806158e-04
5.610000e+00 6.486915e-04
5.620000e+00 6.169656e-04
5.630000e+00 5.854733e-04
5.640000e+00 5.542469e-04
5.650000e+00 5.233164e-04
5.660000e+00 4.927093e-04
5.670000e+00 4.624507e-04
5.680000e+00 4.325637e-04
5.690000e+00 4.030693e-04
5.700000e+00 3.739865e-04
5.710000e+00 3.453328e-04
5.720000e+00 3.171237e-04
5.730000e+00 2.893730e-04
5.740000e+00 2.620928e-04
5.750000e+00 2.352928e-04
5.760000e+00 2.089808e-04
5.770000e+00 1.831617e-04
5.780000e+00 1.578373e-04
5.790000e+00 1.330058e-04
5.800000e+00 1.086612e-04
5.810000e+00 8.479252e-05
5.820000e+00 6.138325e-05
5.830000e+00 3.841066e-05
5.840000e+00 1.584508e-05
5.850000e+00 -6.350703e-06
5.860000e+00 -2.822193e-05
5.870000e+00 -4.982236e-05
5.880000e+00 -7.121450e-05
5.890000e+00 -9.246979e-05
5.900000e+00 -1.136685e-04
5.910000e+00 -1.348994e-04
5.920000e+00 -1.562594e-04
5.930000e+00 -1.778527e-04
5.940000e+00 -1.997900e-04
5.950000e+00 -2.221871e-04
5.960000e+00 -2.451636e-04
5.970000e+00 -2.688413e-04
5.980000e+00 -2.933424e-04
5.990000e+00 -3.187876e-04
6.000000e+00 -3.452942e-04
6.010000e+00 -3.729736e-04
6.020000e+00 -4.019294e-04
6.030000e+00 -4.322555e-04
6.040000e+00 -4.640336e-04
6.050000e+00 -4.973312e-04
6.060000e+00 -5.322002e-04
6.070000e+00 -5.686749e-04
6.080000e+00 -6.067707e-04
6.090000e+00 -6.464828e-04
6.100000e+00 -6.877854e-04
6.110000e+00 -7.306310e-04
6.120000e+00 -7.749502e-04
6.130000e+00 -8.206516e-04
6.140000e+00 -8.676222e-04
6.150000e+00 -9.157283e-04
6.160000e+00 -9.648160e-04
6.170000e+00 -1.014713e-03
6.180000e+00 -1.065228e-03
6.190000e+00 -1.116158e-03
6.200000e+00 -1.167282e-03
6.210000e+00 -1.218371e-03
6.220000e+00 -1.269185e-03
6.230000e+00 -1.319478e-03
6.240000e+00 -1.368997e-03
6.250000e+00 -1.417491e-03
6.260000e+00 -1.464707e-03
6.270000e+00 -1.510395e-03
6.280000e+00 -1.554308e-03
6.290000e+00 -1.596211e-03
6.300000e+00 -1.635874e-03
6.310000e+00 -1.673081e-03
6.320000e+00 -1.707627e-03
6.330000e+00 -1.739324e-03
6.340000e+00 -1.767998e-03
6.350000e+00 -1.793495e-03
6.360000e+00 -1.815678e-03
6.370000e+00 -1.834430e-03
6.380000e+00 -1.849655e-03
6.390000e+00 -1.861278e-03
6.400000e+00 -1.869244e-03
6.410000e+00 -1.873521e-03
6.420000e+00 -1.874098e-03
6.430000e+00 -1.870985e-03
6.440000e+00 -1.864214e-03
6.450000e+00 -1.853837e-03
6.460000e+00 -1.839924e-03
6.470000e+00 -1.822567e-03
6.480000e+00 -1.801872e-03
6.490000e+00 -1.777966e-03
6.500000e+00 -1.750988e-03
6.510000e+00 -1.721092e-03
6.520000e+00 -1.688444e-03
6.530000e+00 -1.653221e-03
6.540000e+00 -1.615610e-03
6.550000e+00 -1.575803e-03
6.560000e+00 -1.533999e-03
6.570000e+00 -1.490401e-03
6.580000e+00 -1.445211e-03
6.590000e+00 -1.398634e-03
6.600000e+00 -1.350872e-03
6.610000e+00 -1.302124e-03
6.620000e+00 -1.252584e-03
6.630000e+00 -1.202439e-03
6.640000e+00 -1.151870e-03
6.650000e+00 -1.101047e-03
6.660000e+00 -1.050134e-03
6.670000e+00 -9.992829e-04
6.680000e+00 -9.486348e-04
6.690000e+00 -8.983206e-04
6.700000e+00 -8.484602e-04
6.710000e+00 -7.991625e-04
6.720000e+00 -7.505259e-04
6.730000e+00 -7.026384e-04
6.740000e+00 -6.555788e-04
6.750000e+00 -6.094164e-04
6.760000e+00 -5.642127e-04
6.770000e+00 -5.200214e-04
6.780000e+00 -4.768900e-04
6.790000e+00 -4.348598e-04
6.800000e+00 -3.939675e-04
6.810000e+00 -3.542454e-04
6.820000e+00 -3.157223e-04
6.830000e+00 -2.784245e-04
6.840000e+00 -2.423754e-04
6.850000e+00 -2.075969e-04
6.860000e+00 -1.741090e-04
6.870000e+00 -1.419306e-04
6.880000e+00 -1.110790e-04
6.890000e+00 -8.157035e-05
6.900000e+00 -5.341923e-05
6.910000e+00 -2.663883e-05
6.920000e+00 -1.240563e-06
6.930000e+00 2.276612e-05
6.940000e+00 4.537392e-05
6.950000e+00 6.657792e-05
6.960000e+00 8.637574e-05
6.970000e+00 1.047677e-04
6.980000e+00 1.217567e-04
6.990000e+00 1.373484e-04
7.000000e+00 1.515511e-04
7.010000e+00 1.643753e-04
7.020000e+00 1.758334e-04
7.030000e+00 1.859395e-04
7.040000e+00 1.947090e-04
7.050000e+00 2.021576e-04
7.060000e+00 2.083010e-04
7.070000e+00 2.131544e-04
7.080000e+00 2.167315e-04
7.090000e+00 2.190441e-04
7.100000e+00 2.201015e-04
7.110000e+00 2.199101e-04
7.120000e+00 2.184724e-04
7.130000e+00 2.157873e-04
7.140000e+00 2.118496e-04
7.150000e+00 2.066501e-04
7.160000e+00 2.001751e-04
7.170000e+00 1.924074e-04
7.180000e+00 1.833260e-04
7.190000e+00 1.729072e-04
7.200000e+00 1.611247e-04
7.210000e+00 1.479508e-04
7.220000e+00 1.333569e-04
7.230000e+00 1.173151e-04
7.240000e+00 9.979855e-05
7.250000e+00 8.078321e-05
7.260000e+00 6.024853e-05
7.270000e+00 3.817881e-05
7.280000e+00 1.456424e-05
7.290000e+00 -1.059801e-05
7.300000e+00 -3.730284e-05
7.310000e+00 -6.553630e-05
7.320000e+00 -9.527484e-05
7.330000e+00 -1.264846e-04
7.340000e+00 -1.591211e-04
7.350000e+00 -1.931283e-04
7.360000e+00 -2.284393e-04
7.370000e+00 -2.649753e-04
7.380000e+00 -3.026463e-04
7.390000e+00 -3.413509e-04
7.400000e+00 -3.809771e-04
7.410000e+00 -4.214021e-04
7.420000e+00 -4.624934e-04
7.430000e+00 -5.041092e-04
7.440000e+00 -5.460993e-04
7.450000e+00 -5.883058e-04
7.460000e+00 -6.305639e-04
7.470000e+00 -6.727031e-04
7.480000e+00 -7.145479e-04
7.490000e+00 -7.559191e-04
7.500000e+00 -7.966348e-04
7.510000e+00 -8.365111e-04
7.520000e+00 -8.753641e-04
7.530000e+00 -9.130100e-04
7.540000e+00 -9.492671e-04
7.550000e+00 -9.839564e-04
7.560000e+00 -1.016903e-03
7.570000e+00 -1.047938e-03
7.580000e+00 -1.076898e-03
7.590000e+00 -1.103628e-03
7.600000e+00 -1.127983e-03
7.610000e+00 -1.149825e-03
7.620000e+00 -1.169030e-03
7.630000e+00 -1.185486e-03
7.640000e+00 -1.199093e-03
7.650000e+00 -1.209767e-03
7.660000e+00 -1.217439e-03
7.670000e+00 -1.222055e-03
7.680000e+00 -1.223579e-03
7.690000e+00 -1.221990e-03
7.700000e+00 -1.217287e-03
7.710000e+00 -1.209485e-03
7.720000e+00 -1.198619e-03
7.730000e+00 -1.184739e-03
7.740000e+00 -1.167914e-03
7.750000e+00 -1.148229e-03
7.760000e+00 -1.125785e-03
7.770000e+00 -1.100698e-03
7.780000e+00 -1.073100e-03
7.790000e+00 -1.043134e-03
7.800000e+00 -1.010955e-03
7.810000e+00 -9.767282e-04
7.820000e+00 -9.406284e-04
7.830000e+00 -9.028370e-04
7.840000e+00 -8.635410e-04
7.850000e+00 -8.229316e-04
7.860000e+00 -7.812023e-04
7.870000e+00 -7.385479e-04
7.880000e+00 -6.951623e-04
7.890000e+00 -6.512378e-04
7.900000e+00 -6.069633e-04
7.910000e+00 -5.625236e-04
7.920000e+00 -5.180980e-04
7.930000e+00 -4.738596e-04
7.940000e+00 -4.299745e-04
7.950000e+00 -3.866009e-04
7.960000e+00 -3.438889e-04
7.970000e+00 -3.019797e-04
7.980000e+00 -2.610055e-04
7.990000e+00 -2.210894e-04
8.000000e+00 -1.823446e-04
8.010000e+00 -1.448749e-04
8.020000e+00 -1.087741e-04
8.030000e+00 -7.412645e-05
8.040000e+00 -4.100594e-05
8.050000e+00 -9.476739e-06
8.060000e+00 2.040709e-05
8.070000e+00 4.860164e-05
8.080000e+00 7.507325e-05
8.090000e+00 9.979858e-05
8.100000e+00 1.227647e-04
8.110000e+00 1.439694e-04
8.120000e+00 1.634207e-04
8.130000e+00 1.811375e-04
8.140000e+00 1.971495e-04
8.150000e+00 2.114967e-04
8.160000e+00 2.242299e-04
8.170000e+00 2.354099e-04
8.180000e+00 2.451077e-04
8.190000e+00 2.534041e-04
8.200000e+00 2.603888e-04
8.210000e+00 2.661601e-04
8.220000e+00 2.708244e-04
8.230000e+00 2.744950e-04
8.240000e+00 2.772913e-04
8.250000e+00 2.793380e-04
8.260000e+00 2.807640e-04
8.270000e+00 2.817009e-04
8.280000e+00 2.822826e-04
8.290000e+00 2.826433e-04
8.300000e+00 2.829169e-04
8.310000e+00 2.832356e-04
8.320000e+00 2.837291e-04
8.330000e+00 2.845230e-04
8.340000e+00 2.857383e-04
8.350000e+00 2.874903e-04
8.360000e+00 2.898881e-04
8.370000e+00 2.930335e-04
8.380000e+00 2.970206e-04
8.390000e+00 3.019356e-04
8.400000e+00 3.078561e-04
8.410000e+00 3.148510e-04
8.420000e+00 3.229802e-04
8.430000e+00 3.322946e-04
8.440000e+00 3.428362e-04
8.450000e+00 3.546379e-04
8.460000e+00 3.677233e-04
8.470000e+00 3.821074e-04
8.480000e+00 3.977960e-04
8.490000e+00 4.147860e-04
8.500000e+00 4.330656e-04
8.510000e+00 4.526138e-04
8.520000e+00 4.734009e-04
8.530000e+00 4.953879e-04
8.540000e+00 5.185267e-04
8.550000e+00 5.427603e-04
8.560000e+00 5.680219e-04
8.570000e+00 5.942355e-04
8.580000e+00 6.213156e-04
8.590000e+00 6.491672e-04
8.600000e+00 6.776861e-04
8.610000e+00 7.067584e-04
8.620000e+00 7.362618e-04
8.630000e+00 7.660652e-04
8.640000e+00 7.960294e-04
8.650000e+00 8.260084e-04
8.660000e+00 8.558494e-04
8.670000e+00 8.853947e-04
8.680000e+00 9.144823e-04
8.690000e+00 9.429477e-04
8.700000e+00 9.706252e-04
8.710000e+00 9.973496e-04
8.720000e+00 1.022958e-03
8.730000e+00 1.047292e-03
8.740000e+00 1.070198e-03
8.750000e+00 1.091533e-03
8.760000e+00 1.111161e-03
8.770000e+00 1.128958e-03
8.780000e+00 1.144815e-03
8.790000e+00 1.158637e-03
8.800000e+00 1.170345e-03
8.810000e+00 1.179878e-03
8.820000e+00 1.187194e-03
8.830000e+00 1.192270e-03
8.840000e+00 1.195102e-03
8.850000e+00 1.195708e-03
8.860000e+00 1.194125e-03
8.870000e+00 1.190409e-03
8.880000e+00 1.184637e-03
8.890000e+00 1.176902e-03
8.900000e+00 1.167317e-03
8.910000e+00 1.156008e-03
8.920000e+00 1.143118e-03
8.930000e+00 1.128800e-03
8.940000e+00 1.113220e-03
8.950000e+00 1.096553e-03
8.960000e+00 1.078980e-03
8.970000e+00 1.060687e-03
8.980000e+00 1.041863e-03
8.990000e+00 1.022699e-03
9.000000e+00 1.003382e-03
9.010000e+00 9.840992e-04
9.020000e+00 9.650311e-04
9.030000e+00 9.463520e-04
9.040000e+00 9.282280e-04
9.050000e+00 9.108154e-04
9.060000e+00 8.942596e-04
9.070000e+00 8.786941e-04
9.080000e+00 8.642390e-04
9.090000e+00 8.510006e-04
9.100000e+00 8.390706e-04
9.110000e+00 8.285255e-04
9.120000e+00 8.194265e-04
9.130000e+00 8.118193e-04
9.140000e+00 8.057339e-04
9.150000e+00 8.011848e-04
9.160000e+00 7.981715e-04
9.170000e+00 7.966788e-04
9.180000e+00 7.966772e-04
9.190000e+00 7.981242e-04
9.200000e+00 8.009645e-04
9.210000e+00 8.051316e-04
9.220000e+00 8.105482e-04
9.230000e+00 8.171284e-04
9.240000e+00 8.247779e-04
9.250000e+00 8.333963e-04
9.260000e+00 8.428781e-04
9.270000e+00 8.531143e-04
9.280000e+00 8.639940e-04
9.290000e+00 8.754059e-04
9.300000e+00 8.872399e-04
9.310000e+00 8.993884e-04
9.320000e+00 9.117478e-04
9.330000e+00 9.242201e-04
9.340000e+00 9.367136e-04
9.350000e+00 9.491446e-04
9.360000e+00 9.614376e-04
9.370000e+00 9.735268e-04
9.380000e+00 9.853560e-04
9.390000e+00 9.968791e-04
9.400000e+00 1.008061e-03
9.410000e+00 1.018875e-03
9.420000e+00 1.029306e-03
9.430000e+00 1.039349e-03
9.440000e+00 1.049004e-03
9.450000e+00 1.058282e-03
9.460000e+00 1.067200e-03
9.470000e+00 1.075779e-03
9.480000e+00 1.084046e-03
9.490000e+00 1.092028e-03
9.500000e+00 1.099755e-03
9.510000e+00 1.107257e-03
9.520000e+00 1.114562e-03
9.530000e+00 1.121694e-03
9.540000e+00 1.128674e-03
9.550000e+00 1.135518e-03
9.560000e+00 1.142235e-03
9.570000e+00 1.148826e-03
9.580000e+00 1.155286e-03
9.590000e+00 1.161601e-03
9.600000e+00 1.167750e-03
9.610000e+00 1.173702e-03
9.620000e+00 1.179419e-03
9.630000e+00 1.184857e-03
9.640000e+00 1.189963e-03
9.650000e+00 1.194679e-03
9.660000e+00 1.198942e-03
9.670000e+00 1.202684e-03
9.680000e+00 1.205834e-03
9.690000e+00 1.208321e-03
9.700000e+00 1.210071e-03
9.710000e+00 1.211012e-03
9.720000e+00 1.211073e-03
9.730000e+00 1.210186e-03
9.740000e+00 1.208286e-03
9.750000e+00 1.205313e-03
9.760000e+00 1.201213e-03
9.770000e+00 1.195937e-03
9.780000e+00 1.189443e-03
9.790000e+00 1.181696e-03
9.800000e+00 1.172667e-03
9.810000e+00 1.162336e-03
9.820000e+00 1.150690e-03
9.830000e+00 1.137721e-03
9.840000e+00 1.123432e-03
9.850000e+00 1.107828e-03
9.860000e+00 1.090924e-03
9.870000e+00 1.072740e-03
9.880000e+00 1.053300e-03
9.890000e+00 1.032635e-03
9.900000e+00 1.010778e-03
9.910000e+00 9.877694e-04
9.920000e+00 9.636498e-04
9.930000e+00 9.384645e-04
9.940000e+00 9.122607e-04
9.950000e+00 8.850876e-04
9.960000e+00 8.569959e-04
9.970000e+00 8.280376e-04
9.980000e+00 7.982649e-04
9.990000e+00 7.677306e-04
1.000000e+01 7.364873e-04
