8.018239e-03 9 1.197702e+04
1.659868e-02 64 8.006136e+03
2.586446e-02 157 7.012750e+03
3.529679e-02 292 5.510091e+03
4.513097e-02 529 4.282264e+03
5.555287e-02 820 3.564805e+03
6.539610e-02 1000 3.305744e+03
7.523297e-02 1483 2.822214e+03
8.527687e-02 1792 2.281643e+03
9.513029e-02 2293 1.873542e+03
1.052419e-01 2848 1.627732e+03
1.151206e-01 3232 1.458987e+03
1.250948e-01 4077 1.320189e+03
1.351559e-01 4552 1.221912e+03
1.451184e-01 5377 1.039514e+03
1.550677e-01 5974 9.524672e+02
1.650359e-01 6976 8.344406e+02
1.750550e-01 7717 7.731379e+02
1.850940e-01 8776 7.233851e+02
1.950993e-01 9553 6.763435e+02
2.050639e-01 10660 6.213732e+02
2.150232e-01 11608 5.775356e+02
2.250206e-01 12937 5.246917e+02
2.351002e-01 14062 4.894778e+02
2.450739e-01 15105 4.547469e+02
2.550522e-01 16492 4.325992e+02
2.650604e-01 17821 4.089969e+02
2.750125e-01 18940 3.816926e+02
2.850269e-01 20836 3.593042e+02
2.950518e-01 21949 3.436839e+02
3.050599e-01 23656 3.231533e+02
3.149891e-01 24727 3.097721e+02
3.250379e-01 27400 2.961816e+02
3.350922e-01 28096 2.785922e+02
3.450584e-01 30337 2.637582e+02
3.550604e-01 31696 2.526474e+02
3.650295e-01 33849 2.425850e+02
3.750722e-01 35800 2.328356e+02
3.850647e-01 37348 2.232817e+02
3.950397e-01 39535 2.159743e+02
4.050307e-01 41452 2.055168e+02
4.150177e-01 43669 1.998853e+02
4.250356e-01 45832 1.929212e+02
4.350008e-01 47524 1.847349e+02
4.450186e-01 50761 1.783496e+02
4.550579e-01 52264 1.729352e+02
4.650571e-01 54973 1.667151e+02
4.750553e-01 56890 1.615666e+02
4.849982e-01 59233 1.561587e+02
4.949997e-01 62460 1.503294e+02
5.050400e-01 64660 1.469325e+02
5.150365e-01 67105 1.433489e+02
5.250511e-01 70108 1.388395e+02
5.350611e-01 72421 1.349997e+02
5.450809e-01 75628 1.311348e+02
5.550666e-01 77374 1.280415e+02
5.650248e-01 80965 1.244659e+02
5.750209e-01 83536 1.215937e+02
5.849943e-01 86509 1.181191e+02
5.950118e-01 90088 1.155294e+02
6.050243e-01 92524 1.127768e+02
6.150021e-01 95685 1.097213e+02
6.250268e-01 99460 1.072791e+02
6.350319e-01 101791 1.051642e+02
6.450443e-01 105940 1.027419e+02
6.550363e-01 108040 1.006367e+02
6.650248e-01 112417 9.799231e+01
6.749918e-01 114172 9.667302e+01
6.849838e-01 119989 9.422169e+01
6.950359e-01 122428 9.198232e+01
7.050021e-01 125049 9.085052e+01
7.150185e-01 130682 8.900528e+01
7.250500e-01 132820 8.700558e+01
7.350461e-01 137169 8.544255e+01
7.450354e-01 139912 8.400314e+01
7.550326e-01 145021 8.241087e+01
7.650453e-01 148000 8.104574e+01
7.750260e-01 151840 7.921378e+01
7.849916e-01 155365 7.785783e+01
7.950130e-01 161410 7.664265e+01
8.050563e-01 164341 7.524239e+01
8.150452e-01 167704 7.465992e+01
8.250456e-01 172960 7.278704e+01
8.350307e-01 175597 7.154328e+01
8.450225e-01 181552 7.099847e+01
8.550387e-01 185185 6.976015e+01
8.650410e-01 189576 6.860157e+01
8.750145e-01 192850 6.748328e+01
8.849866e-01 198481 6.658904e+01
8.950163e-01 203908 6.527362e+01
9.050183e-01 206677 6.488002e+01
9.150119e-01 212440 6.371998e+01
9.250146e-01 216544 6.272122e+01
9.350152e-01 221725 6.169060e+01
9.450189e-01 226024 6.102326e+01
9.550021e-01 230515 6.018144e+01
9.650081e-01 236548 5.956647e+01
9.750165e-01 240697 5.882086e+01
9.850258e-01 246264 5.789587e+01
9.950310e-01 250480 5.724966e+01
