8.018239e-03 9 1.123956e+03
1.659868e-02 64 1.779251e+03
2.586446e-02 157 1.677048e+03
3.529679e-02 292 1.163000e+03
4.513097e-02 529 8.462615e+02
5.555287e-02 820 7.428680e+02
6.539610e-02 1000 7.003635e+02
7.523297e-02 1483 5.654907e+02
8.527687e-02 1792 4.889011e+02
9.513029e-02 2293 3.905675e+02
1.052419e-01 2848 3.210753e+02
1.151206e-01 3232 2.979336e+02
1.250948e-01 4077 2.724965e+02
1.351559e-01 4552 2.476036e+02
1.451184e-01 5377 2.259642e+02
1.550677e-01 5974 1.886568e+02
1.650359e-01 6976 1.651336e+02
1.750550e-01 7717 1.507049e+02
1.850940e-01 8776 1.439485e+02
1.950993e-01 9553 1.360737e+02
2.050639e-01 10660 1.210143e+02
2.150232e-01 11608 1.089981e+02
2.250206e-01 12937 9.961259e+01
2.351002e-01 14062 9.067014e+01
2.450739e-01 15105 8.717585e+01
2.550522e-01 16492 8.249169e+01
2.650604e-01 17821 7.584655e+01
2.750125e-01 18940 7.010751e+01
2.850269e-01 20836 6.515195e+01
2.950518e-01 21949 6.048340e+01
3.050599e-01 23656 5.707882e+01
3.149891e-01 24727 5.477035e+01
3.250379e-01 27400 5.129523e+01
3.350922e-01 28096 4.888739e+01
3.450584e-01 30337 4.654671e+01
3.550604e-01 31696 4.331422e+01
3.650295e-01 33849 4.054717e+01
3.750722e-01 35800 3.894346e+01
3.850647e-01 37348 3.701511e+01
3.950397e-01 39535 3.539018e+01
4.050307e-01 41452 3.360265e+01
4.150177e-01 43669 3.226974e+01
4.250356e-01 45832 3.062193e+01
4.350008e-01 47524 2.939634e+01
4.450186e-01 50761 2.795342e+01
4.550579e-01 52264 2.667492e+01
4.650571e-01 54973 2.558137e+01
4.750553e-01 56890 2.463565e+01
4.849982e-01 59233 2.342992e+01
4.949997e-01 62460 2.256471e+01
5.050400e-01 64660 2.209904e+01
5.150365e-01 67105 2.096203e+01
5.250511e-01 70108 2.002135e+01
5.350611e-01 72421 1.947849e+01
5.450809e-01 75628 1.880138e+01
5.550666e-01 77374 1.782391e+01
5.650248e-01 80965 1.742754e+01
5.750209e-01 83536 1.685543e+01
5.849943e-01 86509 1.626160e+01
5.950118e-01 90088 1.587620e+01
6.050243e-01 92524 1.510473e+01
6.150021e-01 95685 1.465290e+01
6.250268e-01 99460 1.422443e+01
6.350319e-01 101791 1.375685e+01
6.450443e-01 105940 1.323060e+01
6.550363e-01 108040 1.284122e+01
6.650248e-01 112417 1.250184e+01
6.749918e-01 114172 1.213959e+01
6.849838e-01 119989 1.189437e+01
6.950359e-01 122428 1.145814e+01
7.050021e-01 125049 1.107869e+01
7.150185e-01 130682 1.084444e+01
7.250500e-01 132820 1.056523e+01
7.350461e-01 137169 1.027799e+01
7.450354e-01 139912 1.002698e+01
7.550326e-01 145021 9.799939e+00
7.650453e-01 148000 9.451567e+00
7.750260e-01 151840 9.279464e+00
7.849916e-01 155365 8.920517e+00
7.950130e-01 161410 8.677909e+00
8.050563e-01 164341 8.537235e+00
8.150452e-01 167704 8.319298e+00
8.250456e-01 172960 8.165599e+00
8.350307e-01 175597 7.918591e+00
8.450225e-01 181552 7.779948e+00
8.550387e-01 185185 7.595139e+00
8.650410e-01 189576 7.389369e+00
8.750145e-01 192850 7.192668e+00
8.849866e-01 198481 7.073562e+00
8.950163e-01 203908 6.904215e+00
9.050183e-01 206677 6.742617e+00
9.150119e-01 212440 6.638978e+00
9.250146e-01 216544 6.431108e+00
9.350152e-01 221725 6.317361e+00
9.450189e-01 226024 6.172234e+00
9.550021e-01 230515 6.112617e+00
9.650081e-01 236548 5.952157e+00
9.750165e-01 240697 5.784630e+00
9.850258e-01 246264 5.744837e+00
9.950310e-01 250480 5.573783e+00
