8.018239e-03 9 7.012414e+02
1.659868e-02 64 1.781562e+03
2.586446e-02 157 1.412030e+03
3.529679e-02 292 1.079133e+03
4.513097e-02 529 9.103472e+02
5.555287e-02 820 7.458133e+02
6.539610e-02 1000 6.401995e+02
7.523297e-02 1483 5.943527e+02
8.527687e-02 1792 4.835226e+02
9.513029e-02 2293 3.893497e+02
1.052419e-01 2848 3.384220e+02
1.151206e-01 3232 2.912723e+02
1.250948e-01 4077 2.705204e+02
1.351559e-01 4552 2.411353e+02
1.451184e-01 5377 2.216883e+02
1.550677e-01 5974 1.882016e+02
1.650359e-01 6976 1.620667e+02
1.750550e-01 7717 1.525262e+02
1.850940e-01 8776 1.443487e+02
1.950993e-01 9553 1.346808e+02
2.050639e-01 10660 1.229259e+02
2.150232e-01 11608 1.096906e+02
2.250206e-01 12937 1.002169e+02
2.351002e-01 14062 9.138072e+01
2.450739e-01 15105 8.780068e+01
2.550522e-01 16492 8.060367e+01
2.650604e-01 17821 7.596772e+01
2.750125e-01 18940 7.048370e+01
2.850269e-01 20836 6.507848e+01
2.950518e-01 21949 6.182382e+01
3.050599e-01 23656 5.780120e+01
3.149891e-01 24727 5.428967e+01
3.250379e-01 27400 5.080747e+01
3.350922e-01 28096 4.881107e+01
3.450584e-01 30337 4.602152e+01
3.550604e-01 31696 4.375910e+01
3.650295e-01 33849 4.074538e+01
3.750722e-01 35800 3.905104e+01
3.850647e-01 37348 3.696379e+01
3.950397e-01 39535 3.562769e+01
4.050307e-01 41452 3.401359e+01
4.150177e-01 43669 3.229079e+01
4.250356e-01 45832 3.046403e+01
4.350008e-01 47524 2.933794e+01
4.450186e-01 50761 2.786514e+01
4.550579e-01 52264 2.667964e+01
4.650571e-01 54973 2.567231e+01
4.750553e-01 56890 2.473295e+01
4.849982e-01 59233 2.369060e+01
4.949997e-01 62460 2.254676e+01
5.050400e-01 64660 2.150315e+01
5.150365e-01 67105 2.093609e+01
5.250511e-01 70108 2.016438e+01
5.350611e-01 72421 1.947153e+01
5.450809e-01 75628 1.843461e+01
5.550666e-01 77374 1.796871e+01
5.650248e-01 80965 1.734213e+01
5.750209e-01 83536 1.680662e+01
5.849943e-01 86509 1.623674e+01
5.950118e-01 90088 1.572409e+01
6.050243e-01 92524 1.501155e+01
6.150021e-01 95685 1.457721e+01
6.250268e-01 99460 1.420142e+01
6.350319e-01 101791 1.387531e+01
6.450443e-01 105940 1.327110e+01
6.550363e-01 108040 1.276322e+01
6.650248e-01 112417 1.247997e+01
6.749918e-01 114172 1.206398e+01
6.849838e-01 119989 1.181741e+01
6.950359e-01 122428 1.145516e+01
7.050021e-01 125049 1.114535e+01
7.150185e-01 130682 1.082371e+01
7.250500e-01 132820 1.056259e+01
7.350461e-01 137169 1.021183e+01
7.450354e-01 139912 9.982038e+00
7.550326e-01 145021 9.719663e+00
7.650453e-01 148000 9.479621e+00
7.750260e-01 151840 9.203526e+00
7.849916e-01 155365 8.981285e+00
7.950130e-01 161410 8.798305e+00
8.050563e-01 164341 8.521486e+00
8.150452e-01 167704 8.392528e+00
8.250456e-01 172960 8.116024e+00
8.350307e-01 175597 7.988177e+00
8.450225e-01 181552 7.795285e+00
8.550387e-01 185185 7.628495e+00
8.650410e-01 189576 7.378706e+00
8.750145e-01 192850 7.236060e+00
8.849866e-01 198481 7.092799e+00
8.950163e-01 203908 6.912255e+00
9.050183e-01 206677 6.781973e+00
9.150119e-01 212440 6.596581e+00
9.250146e-01 216544 6.447328e+00
9.350152e-01 221725 6.322420e+00
9.450189e-01 226024 6.214377e+00
9.550021e-01 230515 6.086991e+00
9.650081e-01 236548 5.909004e+00
9.750165e-01 240697 5.860872e+00
9.850258e-01 246264 5.688016e+00
9.950310e-01 250480 5.631067e+00
