8.018239e-03 9 1.479869e+03
1.659868e-02 64 1.756366e+03
2.586446e-02 157 1.385719e+03
3.529679e-02 292 1.261398e+03
4.513097e-02 529 9.243597e+02
5.555287e-02 820 7.972889e+02
6.539610e-02 1000 6.804332e+02
7.523297e-02 1483 5.348320e+02
8.527687e-02 1792 4.902520e+02
9.513029e-02 2293 3.986537e+02
1.052419e-01 2848 3.300442e+02
1.151206e-01 3232 2.953453e+02
1.250948e-01 4077 2.732706e+02
1.351559e-01 4552 2.475042e+02
1.451184e-01 5377 2.148430e+02
1.550677e-01 5974 1.903623e+02
1.650359e-01 6976 1.629059e+02
1.750550e-01 7717 1.545240e+02
1.850940e-01 8776 1.450464e+02
1.950993e-01 9553 1.347556e+02
2.050639e-01 10660 1.221241e+02
2.150232e-01 11608 1.099844e+02
2.250206e-01 12937 1.004271e+02
2.351002e-01 14062 9.307354e+01
2.450739e-01 15105 8.735699e+01
2.550522e-01 16492 8.185410e+01
2.650604e-01 17821 7.532485e+01
2.750125e-01 18940 7.064846e+01
2.850269e-01 20836 6.527979e+01
2.950518e-01 21949 6.147690e+01
3.050599e-01 23656 5.700665e+01
3.149891e-01 24727 5.547792e+01
3.250379e-01 27400 5.144348e+01
3.350922e-01 28096 4.865010e+01
3.450584e-01 30337 4.570932e+01
3.550604e-01 31696 4.366417e+01
3.650295e-01 33849 4.084358e+01
3.750722e-01 35800 3.958206e+01
3.850647e-01 37348 3.699236e+01
3.950397e-01 39535 3.550198e+01
4.050307e-01 41452 3.361707e+01
4.150177e-01 43669 3.202613e+01
4.250356e-01 45832 3.039367e+01
4.350008e-01 47524 2.939367e+01
4.450186e-01 50761 2.809997e+01
4.550579e-01 52264 2.688910e+01
4.650571e-01 54973 2.557282e+01
4.750553e-01 56890 2.477119e+01
4.849982e-01 59233 2.392481e+01
4.949997e-01 62460 2.281455e+01
5.050400e-01 64660 2.162820e+01
5.150365e-01 67105 2.085393e+01
5.250511e-01 70108 2.005731e+01
5.350611e-01 72421 1.939886e+01
5.450809e-01 75628 1.882372e+01
5.550666e-01 77374 1.798885e+01
5.650248e-01 80965 1.744624e+01
5.750209e-01 83536 1.684594e+01
5.849943e-01 86509 1.616062e+01
5.950118e-01 90088 1.573623e+01
6.050243e-01 92524 1.507301e+01
6.150021e-01 95685 1.493775e+01
6.250268e-01 99460 1.410416e+01
6.350319e-01 101791 1.371175e+01
6.450443e-01 105940 1.332303e+01
6.550363e-01 108040 1.292980e+01
6.650248e-01 112417 1.264319e+01
6.749918e-01 114172 1.212959e+01
6.849838e-01 119989 1.191235e+01
6.950359e-01 122428 1.164982e+01
7.050021e-01 125049 1.094825e+01
7.150185e-01 130682 1.077138e+01
7.250500e-01 132820 1.051643e+01
7.350461e-01 137169 1.018868e+01
7.450354e-01 139912 1.006719e+01
7.550326e-01 145021 9.814108e+00
7.650453e-01 148000 9.513951e+00
7.750260e-01 151840 9.372645e+00
7.849916e-01 155365 8.973150e+00
7.950130e-01 161410 8.796355e+00
8.050563e-01 164341 8.561308e+00
8.150452e-01 167704 8.304486e+00
8.250456e-01 172960 8.110901e+00
8.350307e-01 175597 7.891373e+00
8.450225e-01 181552 7.851933e+00
8.550387e-01 185185 7.706759e+00
8.650410e-01 189576 7.422650e+00
8.750145e-01 192850 7.170201e+00
8.849866e-01 198481 7.100344e+00
8.950163e-01 203908 6.916391e+00
9.050183e-01 206677 6.741585e+00
9.150119e-01 212440 6.591541e+00
9.250146e-01 216544 6.407955e+00
9.350152e-01 221725 6.376503e+00
9.450189e-01 226024 6.187517e+00
9.550021e-01 230515 6.125388e+00
9.650081e-01 236548 5.898354e+00
9.750165e-01 240697 5.841924e+00
9.850258e-01 246264 5.687086e+00
9.950310e-01 250480 5.564274e+00
