8.018239e-03 9 9.503577e+02
1.659868e-02 64 1.433543e+03
2.586446e-02 157 1.295349e+03
3.529679e-02 292 1.079718e+03
4.513097e-02 529 8.608810e+02
5.555287e-02 820 6.986315e+02
6.539610e-02 1000 6.703763e+02
7.523297e-02 1483 5.567885e+02
8.527687e-02 1792 4.654820e+02
9.513029e-02 2293 3.945659e+02
1.052419e-01 2848 3.266888e+02
1.151206e-01 3232 2.968684e+02
1.250948e-01 4077 2.796107e+02
1.351559e-01 4552 2.482639e+02
1.451184e-01 5377 2.190906e+02
1.550677e-01 5974 1.884838e+02
1.650359e-01 6976 1.690612e+02
1.750550e-01 7717 1.558734e+02
1.850940e-01 8776 1.431392e+02
1.950993e-01 9553 1.330944e+02
2.050639e-01 10660 1.215099e+02
2.150232e-01 11608 1.095396e+02
2.250206e-01 12937 1.000005e+02
2.351002e-01 14062 9.182471e+01
2.450739e-01 15105 8.617992e+01
2.550522e-01 16492 8.094370e+01
2.650604e-01 17821 7.660779e+01
2.750125e-01 18940 7.111823e+01
2.850269e-01 20836 6.528954e+01
2.950518e-01 21949 6.096230e+01
3.050599e-01 23656 5.767512e+01
3.149891e-01 24727 5.497656e+01
3.250379e-01 27400 5.188176e+01
3.350922e-01 28096 4.842385e+01
3.450584e-01 30337 4.603334e+01
3.550604e-01 31696 4.387570e+01
3.650295e-01 33849 4.094824e+01
3.750722e-01 35800 3.915089e+01
3.850647e-01 37348 3.712555e+01
3.950397e-01 39535 3.542126e+01
4.050307e-01 41452 3.327402e+01
4.150177e-01 43669 3.241373e+01
4.250356e-01 45832 3.068196e+01
4.350008e-01 47524 2.916693e+01
4.450186e-01 50761 2.820793e+01
4.550579e-01 52264 2.689544e+01
4.650571e-01 54973 2.548336e+01
4.750553e-01 56890 2.454809e+01
4.849982e-01 59233 2.389539e+01
4.949997e-01 62460 2.290209e+01
5.050400e-01 64660 2.158548e+01
5.150365e-01 67105 2.089294e+01
5.250511e-01 70108 2.008178e+01
5.350611e-01 72421 1.945575e+01
5.450809e-01 75628 1.877382e+01
5.550666e-01 77374 1.791155e+01
5.650248e-01 80965 1.731796e+01
5.750209e-01 83536 1.674550e+01
5.849943e-01 86509 1.621029e+01
5.950118e-01 90088 1.567433e+01
6.050243e-01 92524 1.523477e+01
6.150021e-01 95685 1.484062e+01
6.250268e-01 99460 1.414408e+01
6.350319e-01 101791 1.381120e+01
6.450443e-01 105940 1.329380e+01
6.550363e-01 108040 1.306161e+01
6.650248e-01 112417 1.271247e+01
6.749918e-01 114172 1.225419e+01
6.849838e-01 119989 1.180419e+01
6.950359e-01 122428 1.141574e+01
7.050021e-01 125049 1.121722e+01
7.150185e-01 130682 1.086153e+01
7.250500e-01 132820 1.064152e+01
7.350461e-01 137169 1.032211e+01
7.450354e-01 139912 1.004392e+01
7.550326e-01 145021 9.589046e+00
7.650453e-01 148000 9.321492e+00
7.750260e-01 151840 9.189343e+00
7.849916e-01 155365 9.028479e+00
7.950130e-01 161410 8.716593e+00
8.050563e-01 164341 8.513895e+00
8.150452e-01 167704 8.273410e+00
8.250456e-01 172960 8.086284e+00
8.350307e-01 175597 7.939342e+00
8.450225e-01 181552 7.751521e+00
8.550387e-01 185185 7.529945e+00
8.650410e-01 189576 7.443084e+00
8.750145e-01 192850 7.268873e+00
8.849866e-01 198481 7.074260e+00
8.950163e-01 203908 6.973849e+00
9.050183e-01 206677 6.733145e+00
9.150119e-01 212440 6.568502e+00
9.250146e-01 216544 6.463815e+00
9.350152e-01 221725 6.284643e+00
9.450189e-01 226024 6.168572e+00
9.550021e-01 230515 6.024026e+00
9.650081e-01 236548 6.032714e+00
9.750165e-01 240697 5.823651e+00
9.850258e-01 246264 5.662462e+00
9.950310e-01 250480 5.594563e+00
