8.018239e-03 9 1.659251e+03
1.659868e-02 64 1.478627e+03
2.586446e-02 157 1.374415e+03
3.529679e-02 292 9.617880e+02
4.513097e-02 529 8.246397e+02
5.555287e-02 820 7.473390e+02
6.539610e-02 1000 6.529414e+02
7.523297e-02 1483 5.711190e+02
8.527687e-02 1792 4.973942e+02
9.513029e-02 2293 3.780170e+02
1.052419e-01 2848 3.399380e+02
1.151206e-01 3232 2.947698e+02
1.250948e-01 4077 2.829693e+02
1.351559e-01 4552 2.530597e+02
1.451184e-01 5377 2.230529e+02
1.550677e-01 5974 1.898653e+02
1.650359e-01 6976 1.647560e+02
1.750550e-01 7717 1.526316e+02
1.850940e-01 8776 1.402834e+02
1.950993e-01 9553 1.341706e+02
2.050639e-01 10660 1.237194e+02
2.150232e-01 11608 1.102360e+02
2.250206e-01 12937 1.016946e+02
2.351002e-01 14062 9.257997e+01
2.450739e-01 15105 8.785941e+01
2.550522e-01 16492 8.163774e+01
2.650604e-01 17821 7.610677e+01
2.750125e-01 18940 6.994381e+01
2.850269e-01 20836 6.515285e+01
2.950518e-01 21949 6.118536e+01
3.050599e-01 23656 5.679845e+01
3.149891e-01 24727 5.464852e+01
3.250379e-01 27400 5.199930e+01
3.350922e-01 28096 4.913218e+01
3.450584e-01 30337 4.617294e+01
3.550604e-01 31696 4.276003e+01
3.650295e-01 33849 4.118798e+01
3.750722e-01 35800 3.896775e+01
3.850647e-01 37348 3.694333e+01
3.950397e-01 39535 3.586040e+01
4.050307e-01 41452 3.406277e+01
4.150177e-01 43669 3.237093e+01
4.250356e-01 45832 3.062442e+01
4.350008e-01 47524 2.925692e+01
4.450186e-01 50761 2.819165e+01
4.550579e-01 52264 2.700509e+01
4.650571e-01 54973 2.569383e+01
4.750553e-01 56890 2.456180e+01
4.849982e-01 59233 2.361599e+01
4.949997e-01 62460 2.277870e+01
5.050400e-01 64660 2.166151e+01
5.150365e-01 67105 2.098766e+01
5.250511e-01 70108 2.018726e+01
5.350611e-01 72421 1.929523e+01
5.450809e-01 75628 1.887960e+01
5.550666e-01 77374 1.822109e+01
5.650248e-01 80965 1.746959e+01
5.750209e-01 83536 1.679475e+01
5.849943e-01 86509 1.629030e+01
5.950118e-01 90088 1.578009e+01
6.050243e-01 92524 1.525461e+01
6.150021e-01 95685 1.459864e+01
6.250268e-01 99460 1.411249e+01
6.350319e-01 101791 1.372709e+01
6.450443e-01 105940 1.343055e+01
6.550363e-01 108040 1.297074e+01
6.650248e-01 112417 1.258536e+01
6.749918e-01 114172 1.218248e+01
6.849838e-01 119989 1.174110e+01
6.950359e-01 122428 1.152365e+01
7.050021e-01 125049 1.121488e+01
7.150185e-01 130682 1.086005e+01
7.250500e-01 132820 1.048920e+01
7.350461e-01 137169 1.029144e+01
7.450354e-01 139912 1.001599e+01
7.550326e-01 145021 9.705967e+00
7.650453e-01 148000 9.484354e+00
7.750260e-01 151840 9.200088e+00
7.849916e-01 155365 8.933800e+00
7.950130e-01 161410 8.800972e+00
8.050563e-01 164341 8.555436e+00
8.150452e-01 167704 8.390667e+00
8.250456e-01 172960 8.174321e+00
8.350307e-01 175597 7.942049e+00
8.450225e-01 181552 7.748563e+00
8.550387e-01 185185 7.599137e+00
8.650410e-01 189576 7.372926e+00
8.750145e-01 192850 7.167839e+00
8.849866e-01 198481 7.068733e+00
8.950163e-01 203908 6.855977e+00
9.050183e-01 206677 6.717634e+00
9.150119e-01 212440 6.606703e+00
9.250146e-01 216544 6.474284e+00
9.350152e-01 221725 6.330633e+00
9.450189e-01 226024 6.240721e+00
9.550021e-01 230515 6.047316e+00
9.650081e-01 236548 5.935677e+00
9.750165e-01 240697 5.842155e+00
9.850258e-01 246264 5.704288e+00
9.950310e-01 250480 5.611291e+00
