# text fof file
# logMmin 1.200000e+01 -> nfof_min 133
# boxsize 600.000000
# density total 1.521470e+05 1.521470e+05; rel difference 1.223385e-10
# nbar 7.043842e-04
1.483274e-02 13 6.228983e+04 6.370157e+04 -1.260028e+04 1.491508e+03
2.513187e-02 33 4.929579e+04 5.069823e+04 3.452469e+04 8.654892e+04
3.574650e-02 79 3.749075e+04 3.888232e+04 1.004896e+04 -5.653883e+03
4.583347e-02 105 3.108749e+04 3.246786e+04 -4.162166e+02 -1.608199e+03
5.486964e-02 145 2.378929e+04 2.516544e+04 -5.998714e+03 5.495076e+03
6.471857e-02 243 2.274977e+04 2.411124e+04 1.826056e+02 -9.524262e+03
7.503996e-02 313 1.954347e+04 2.089547e+04 1.150569e+03 6.897412e+03
8.485495e-02 369 1.488001e+04 1.623326e+04 1.607242e+03 -4.330115e+02
9.528688e-02 571 1.249950e+04 1.384742e+04 6.645345e+01 -8.952175e+02
1.059290e-01 601 1.138453e+04 1.272218e+04 -1.705912e+03 -2.136016e+03
1.156806e-01 705 1.041320e+04 1.174272e+04 4.638194e+02 -4.179084e+02
1.255756e-01 883 9.942605e+03 1.126057e+04 5.924217e+02 8.835562e+02
1.352378e-01 909 8.509791e+03 9.826342e+03 4.003146e+02 -6.745537e+02
1.449493e-01 1177 7.215448e+03 8.532320e+03 -1.323127e+03 1.030458e+03
1.550659e-01 1323 6.583431e+03 7.894122e+03 -1.926447e+02 2.483309e+01
1.649601e-01 1453 6.420586e+03 7.719242e+03 -8.331115e+02 -2.819648e+02
1.749597e-01 1701 5.673042e+03 6.969654e+03 -5.924796e+02 3.300786e+02
1.852437e-01 1963 5.514599e+03 6.799543e+03 -7.081877e+00 -3.028992e+02
1.951071e-01 1933 4.982478e+03 6.264321e+03 -3.716959e+02 6.981538e+02
2.049888e-01 2397 4.557846e+03 5.835652e+03 1.981232e+02 -9.670851e+02
2.151844e-01 2539 4.419228e+03 5.686338e+03 1.456215e+02 -1.328815e+02
2.250745e-01 2694 4.067611e+03 5.330559e+03 -2.936636e+01 6.238550e+01
2.350927e-01 3121 3.802614e+03 5.059883e+03 2.410745e+02 8.661537e+01
2.451974e-01 3255 3.742879e+03 4.988073e+03 2.342718e+02 7.637095e+02
2.550872e-01 3517 3.518529e+03 4.757777e+03 -5.957656e+01 2.027685e+02
2.649947e-01 3813 3.349038e+03 4.581047e+03 -4.761351e+02 1.838268e+02
2.750606e-01 4231 3.013663e+03 4.245540e+03 3.228217e+02 -3.834712e+02
2.851157e-01 4389 2.893165e+03 4.116888e+03 -1.292969e+02 1.438021e-01
2.950080e-01 4717 2.823422e+03 4.037112e+03 -1.006568e+02 1.898777e+02
3.050474e-01 5191 2.588613e+03 3.800484e+03 -1.327232e+02 5.361715e+01
3.151078e-01 5373 2.493892e+03 3.697485e+03 -4.463296e+02 4.289028e+02
3.251295e-01 5893 2.379440e+03 3.576201e+03 3.090650e+02 -1.662396e+02
3.352591e-01 6183 2.337573e+03 3.523158e+03 1.030726e+01 6.121447e+01
3.451640e-01 6349 2.224799e+03 3.404303e+03 -1.470841e+02 1.981374e+02
3.550965e-01 6993 2.173598e+03 3.343121e+03 8.578049e+01 -1.908683e+01
3.649687e-01 7003 1.993752e+03 3.162948e+03 -1.653632e+01 9.798019e+01
3.749450e-01 7941 2.010734e+03 3.165276e+03 6.235409e+01 6.025159e+01
3.851630e-01 8221 1.915210e+03 3.063423e+03 -2.742217e+01 -3.524806e+01
3.951752e-01 8449 1.865454e+03 3.004196e+03 -1.233653e+01 -7.703546e+00
4.050872e-01 8931 1.775248e+03 2.908565e+03 -1.414631e+02 -4.652000e+01
4.149904e-01 9289 1.749277e+03 2.871438e+03 4.611331e+01 1.900341e+02
4.250484e-01 10113 1.693047e+03 2.806947e+03 6.458424e+01 1.060504e+02
4.350196e-01 10087 1.601598e+03 2.711148e+03 7.296495e+00 6.179333e+01
4.449689e-01 10998 1.534197e+03 2.637348e+03 -8.561901e+01 -2.716970e+01
4.550136e-01 11233 1.509099e+03 2.601436e+03 -3.314114e+01 -4.022688e+01
4.650240e-01 11991 1.454859e+03 2.539815e+03 1.948706e+01 -2.163402e+00
4.750600e-01 12241 1.340332e+03 2.425553e+03 -6.354207e+01 3.376153e+01
4.850824e-01 13033 1.382500e+03 2.448966e+03 -5.107011e+00 1.378459e+02
4.950626e-01 13227 1.374501e+03 2.428363e+03 -1.015258e+02 -1.343638e+02
5.050218e-01 13993 1.296178e+03 2.346971e+03 -7.986569e+00 1.422786e+02
5.149626e-01 14301 1.213231e+03 2.262040e+03 2.511544e+01 8.508181e+01
5.249789e-01 15355 1.204395e+03 2.241107e+03 -4.005424e+01 1.863536e+01
5.350486e-01 15585 1.191243e+03 2.216274e+03 -6.897184e+01 3.105956e+01
5.451135e-01 16549 1.147282e+03 2.165401e+03 -7.427388e+01 3.161467e+01
5.551181e-01 16587 1.120941e+03 2.129702e+03 3.870378e+01 8.352871e+01
5.650424e-01 17461 1.085008e+03 2.086300e+03 1.776522e+01 3.718630e+01
5.750589e-01 18177 1.039966e+03 2.035408e+03 -4.545497e+01 -1.071233e+02
5.850828e-01 18739 1.029179e+03 2.013127e+03 9.054924e+00 9.119073e+01
5.950416e-01 19165 1.009039e+03 1.983129e+03 -1.518964e+01 1.058265e+01
6.049746e-01 20013 1.005854e+03 1.967032e+03 -1.950550e+01 1.042375e+02
6.149470e-01 20587 9.578720e+02 1.914761e+03 -1.898125e+01 -6.804184e+00
6.249968e-01 21657 9.339523e+02 1.882079e+03 -5.137657e+01 2.818887e+01
6.350666e-01 22129 9.166945e+02 1.854714e+03 -4.897889e+01 -1.266243e+01
6.450498e-01 22611 8.779363e+02 1.810669e+03 2.682331e+01 4.652623e+01
6.549912e-01 23317 8.938068e+02 1.809763e+03 -3.899860e+01 6.482476e+01
6.649535e-01 24222 8.229428e+02 1.741251e+03 -3.771460e+01 -1.389194e+01
6.749660e-01 24943 8.451769e+02 1.745041e+03 1.151675e+01 9.647912e+01
6.850252e-01 25921 8.339783e+02 1.722911e+03 -4.411258e+01 4.960601e+01
6.950284e-01 26253 7.903036e+02 1.676299e+03 -2.949714e+01 -2.100479e+01
7.049900e-01 27139 7.754325e+02 1.651831e+03 -4.693300e+01 2.551661e+01
7.150256e-01 28185 7.473302e+02 1.617543e+03 -1.379051e+01 -7.336758e+01
7.250860e-01 28969 7.317460e+02 1.592627e+03 -1.874606e+00 -5.579653e+00
7.350183e-01 28887 7.350544e+02 1.581992e+03 1.403627e+00 -4.145741e+01
7.450018e-01 30937 7.056555e+02 1.547322e+03 -3.606709e+01 2.123307e+01
7.551045e-01 31341 6.770609e+02 1.513386e+03 5.290617e-03 4.042038e+01
7.650666e-01 31555 6.662877e+02 1.492693e+03 -2.386723e+00 -3.682064e+00
7.750154e-01 33025 6.640708e+02 1.478134e+03 -4.266766e+01 -1.539353e+01
7.850634e-01 33921 6.413697e+02 1.449126e+03 9.159871e+00 3.871132e+01
7.950596e-01 34285 6.415387e+02 1.436257e+03 1.407541e+01 4.970289e+01
8.050450e-01 35703 6.159791e+02 1.405695e+03 6.431379e+00 1.805422e+01
8.150563e-01 36205 5.988851e+02 1.381132e+03 1.059194e+01 -2.395967e+01
8.250795e-01 37485 5.930084e+02 1.364309e+03 1.730948e+01 1.224486e+01
8.350885e-01 38047 5.828586e+02 1.344720e+03 -1.844996e+01 2.336707e+00
8.450499e-01 38913 5.764214e+02 1.327791e+03 3.278514e+00 3.211598e+01
8.550252e-01 39853 5.739396e+02 1.313438e+03 7.907306e+00 3.394715e+01
8.650455e-01 41367 5.428936e+02 1.280519e+03 -1.826904e+01 -2.491770e+00
8.750680e-01 41617 5.372288e+02 1.264308e+03 -4.002245e+01 -1.285191e+01
8.849916e-01 42430 5.301906e+02 1.247407e+03 -1.100902e+01 -4.227302e+01
8.949944e-01 44367 5.142849e+02 1.224913e+03 3.938213e+01 2.927763e+01
9.050336e-01 44569 5.071038e+02 1.208066e+03 5.944212e+00 6.160094e+00
9.150411e-01 46089 5.015649e+02 1.192236e+03 2.277098e+01 2.528472e+01
9.250625e-01 46819 4.959091e+02 1.176513e+03 -7.885429e+00 -2.814843e+01
9.350607e-01 47793 4.730748e+02 1.150471e+03 3.521838e+00 -2.285262e+01
9.450463e-01 48697 4.737554e+02 1.138811e+03 4.221398e+00 4.412557e+00
9.549734e-01 49443 4.739096e+02 1.126945e+03 2.618491e+01 -1.350862e+01
9.649510e-01 51097 4.549499e+02 1.103846e+03 -8.391088e+00 -4.743756e+01
9.750082e-01 52453 4.406393e+02 1.083604e+03 1.085276e+01 -3.704358e+01
9.850290e-01 52947 4.358852e+02 1.069071e+03 1.181069e+01 2.601407e+01
9.950258e-01 54193 4.323185e+02 1.055340e+03 -2.295881e+01 2.265016e+01
