# text fof file
# logMmin 1.200000e+01 -> nfof_min 133
# boxsize 600.000000
# density total 7.725770e+05 7.725770e+05; rel difference 1.668559e-11
# nbar 3.576745e-03
1.483274e-02 13 1.702831e+04 1.730610e+04 -2.081985e+03 3.590617e+04
2.513187e-02 33 3.006791e+04 3.033679e+04 -1.063161e+04 -4.568530e+03
3.574650e-02 79 1.786060e+04 1.812698e+04 -1.589001e+03 -3.705808e+03
4.583347e-02 105 1.235090e+04 1.261540e+04 3.281717e+02 1.052592e+03
5.486964e-02 145 1.169521e+04 1.195411e+04 1.916169e+00 2.587929e+02
6.471857e-02 243 9.208399e+03 9.465408e+03 1.510677e+03 -3.998320e+03
7.503996e-02 313 8.382735e+03 8.634595e+03 -1.726289e+02 1.228792e+03
8.485495e-02 369 6.766946e+03 7.017542e+03 1.382886e+03 -4.253050e+02
9.528688e-02 571 5.221054e+03 5.472258e+03 8.828001e+02 -5.416854e+02
1.059290e-01 601 4.582411e+03 4.831006e+03 3.049464e+01 -6.299018e+02
1.156806e-01 705 4.094704e+03 4.340897e+03 3.427692e+02 3.463954e+02
1.255756e-01 883 3.863982e+03 4.106433e+03 4.408405e+02 -4.036810e+02
1.352378e-01 909 3.525495e+03 3.765612e+03 -5.676509e+01 7.971120e+01
1.449493e-01 1177 3.084277e+03 3.323780e+03 1.066405e+02 -3.905533e+02
1.550659e-01 1323 2.529763e+03 2.771025e+03 3.109386e+02 -4.653587e+02
1.649601e-01 1453 2.487675e+03 2.724557e+03 1.609612e+02 1.665984e+02
1.749597e-01 1701 2.150180e+03 2.387651e+03 1.580297e+02 -8.004559e+01
1.852437e-01 1963 2.079422e+03 2.313197e+03 1.765622e+02 8.522582e+01
1.951071e-01 1933 1.894672e+03 2.127475e+03 7.150834e+00 2.010488e+01
2.049888e-01 2397 1.721819e+03 1.953918e+03 6.245192e+01 1.040768e+02
2.151844e-01 2539 1.561088e+03 1.792599e+03 -3.028364e+01 -8.879591e+01
2.250745e-01 2694 1.515876e+03 1.744225e+03 -1.825599e+01 1.778877e+02
2.350927e-01 3121 1.386055e+03 1.613759e+03 9.123608e+01 7.075555e+01
2.451974e-01 3255 1.333415e+03 1.558527e+03 -2.925038e+01 -1.978800e+01
2.550872e-01 3517 1.218027e+03 1.442898e+03 8.462238e+01 2.578893e+01
2.649947e-01 3813 1.140165e+03 1.363868e+03 -1.137105e+01 -1.581913e+02
2.750606e-01 4231 1.039506e+03 1.263223e+03 8.849620e+01 3.249493e+01
2.851157e-01 4389 9.911385e+02 1.212962e+03 7.977540e+01 6.555357e+01
2.950080e-01 4717 9.512214e+02 1.171022e+03 8.179830e+00 -1.534332e+01
3.050474e-01 5191 9.353963e+02 1.152005e+03 -2.995293e+01 -6.347716e+01
3.151078e-01 5373 8.782687e+02 1.093905e+03 4.826465e+01 8.159812e+01
3.251295e-01 5893 8.117266e+02 1.027260e+03 4.257344e+01 2.366792e+01
3.352591e-01 6183 7.648864e+02 9.794064e+02 7.603823e+00 2.623863e+01
3.451640e-01 6349 7.433864e+02 9.555416e+02 1.565352e+01 -7.268538e+00
3.550965e-01 6993 7.092411e+02 9.199626e+02 -1.772155e+01 -1.563042e+01
3.649687e-01 7003 6.474907e+02 8.590187e+02 3.254587e+01 7.879887e+01
3.749450e-01 7941 6.180684e+02 8.282560e+02 -2.151329e+01 -5.400937e+00
3.851630e-01 8221 5.989280e+02 8.070110e+02 1.204655e+01 -2.497020e+01
3.951752e-01 8449 5.934310e+02 7.983367e+02 1.878254e+01 2.555379e+01
4.050872e-01 8931 5.664507e+02 7.701857e+02 -1.543751e+01 -8.634649e-01
4.149904e-01 9289 5.387798e+02 7.415059e+02 2.964689e+01 3.169138e+01
4.250484e-01 10113 5.019345e+02 7.047095e+02 -9.900812e+00 -1.791688e+01
4.350196e-01 10087 4.838615e+02 6.850475e+02 -6.844448e-01 1.183534e+00
4.449689e-01 10998 4.657482e+02 6.654588e+02 4.752486e+00 1.534290e+00
4.550136e-01 11233 4.639350e+02 6.603965e+02 -1.299572e+01 -4.721972e+00
4.650240e-01 11991 4.301914e+02 6.271150e+02 1.166979e+01 -1.530951e+01
4.750600e-01 12241 4.148927e+02 6.102870e+02 -3.097104e+01 -3.971800e+00
4.850824e-01 13033 4.146644e+02 6.067288e+02 -1.768882e+01 -2.175847e-01
4.950626e-01 13227 3.895070e+02 5.814542e+02 2.048191e+00 -6.844493e+00
5.050218e-01 13993 3.783325e+02 5.684977e+02 -3.408788e+00 2.809800e+01
5.149626e-01 14301 3.557087e+02 5.457753e+02 -1.135116e+01 -3.021038e+00
5.249789e-01 15355 3.456915e+02 5.339752e+02 2.889051e+01 -2.134158e+01
5.350486e-01 15585 3.390472e+02 5.250623e+02 5.186966e+00 1.406221e+01
5.451135e-01 16549 3.307528e+02 5.148185e+02 1.665988e+01 3.002989e+01
5.551181e-01 16587 3.185441e+02 5.013458e+02 1.077051e+01 4.502822e+00
5.650424e-01 17461 3.162004e+02 4.962067e+02 -6.663089e+00 -8.706841e-01
5.750589e-01 18177 2.966283e+02 4.767766e+02 1.821294e+00 1.574263e+01
5.850828e-01 18739 2.876330e+02 4.662167e+02 1.239122e+00 8.128392e+00
5.950416e-01 19165 2.803747e+02 4.571748e+02 -4.465304e-01 6.326519e+00
6.049746e-01 20013 2.796457e+02 4.534626e+02 1.579441e+00 -9.235122e+00
6.149470e-01 20587 2.684168e+02 4.412783e+02 -2.404953e+00 -1.387391e+01
6.249968e-01 21657 2.531869e+02 4.259778e+02 2.263703e+00 -1.039015e+01
6.350666e-01 22129 2.494099e+02 4.198765e+02 -1.164080e+01 6.669944e+00
6.450498e-01 22611 2.431854e+02 4.119264e+02 8.376573e-01 -8.752317e+00
6.549912e-01 23317 2.323647e+02 4.004254e+02 1.239538e+01 -2.201943e+00
6.649535e-01 24222 2.326966e+02 3.976807e+02 -1.281113e+00 -1.723178e-01
6.749660e-01 24943 2.234151e+02 3.874887e+02 8.545062e+00 8.420174e+00
6.850252e-01 25921 2.197371e+02 3.816577e+02 -1.350731e+01 1.941056e+01
6.950284e-01 26253 2.136588e+02 3.740603e+02 6.314708e-01 -1.391131e+01
7.049900e-01 27139 2.129553e+02 3.705561e+02 -1.735342e+01 1.687990e+01
7.150256e-01 28185 1.997760e+02 3.577198e+02 1.322978e+01 5.357078e+00
7.250860e-01 28969 1.939741e+02 3.504730e+02 1.069169e+01 1.126561e+01
7.350183e-01 28887 1.905368e+02 3.450720e+02 3.174813e+00 2.559275e+01
7.450018e-01 30937 1.860021e+02 3.388800e+02 1.326194e+00 9.603716e+00
7.551045e-01 31341 1.800151e+02 3.316449e+02 -1.295647e+00 9.883706e+00
7.650666e-01 31555 1.782027e+02 3.275003e+02 2.430239e+00 2.214612e+00
7.750154e-01 33025 1.694632e+02 3.184634e+02 7.983099e-01 2.639637e+00
7.850634e-01 33921 1.628519e+02 3.109995e+02 1.050515e+00 9.350818e+00
7.950596e-01 34285 1.653770e+02 3.099552e+02 6.850148e+00 1.127041e+01
8.050450e-01 35703 1.562803e+02 3.008954e+02 8.584760e+00 3.832014e+00
8.150563e-01 36205 1.539179e+02 2.965121e+02 -1.035324e+01 9.813684e-01
8.250795e-01 37485 1.517598e+02 2.922885e+02 -1.146684e+01 6.384818e+00
8.350885e-01 38047 1.483624e+02 2.872754e+02 -1.052931e+00 -2.427011e+00
8.450499e-01 38913 1.442949e+02 2.818598e+02 1.278325e+00 1.067395e+01
8.550252e-01 39853 1.414032e+02 2.772612e+02 7.277104e-01 9.697233e+00
8.650455e-01 41367 1.383651e+02 2.725981e+02 3.985634e+00 2.778909e+00
8.750680e-01 41617 1.285563e+02 2.636107e+02 -8.839264e-01 -6.433928e+00
8.849916e-01 42430 1.274307e+02 2.602984e+02 -3.121196e+00 8.248910e+00
8.949944e-01 44367 1.266728e+02 2.572168e+02 -7.995987e+00 1.268777e+00
9.050336e-01 44569 1.211485e+02 2.511559e+02 4.893116e+00 3.860307e-01
9.150411e-01 46089 1.203350e+02 2.480901e+02 1.468723e+00 5.191979e+00
9.250625e-01 46819 1.166762e+02 2.432804e+02 9.179616e+00 3.303107e+00
9.350607e-01 47793 1.130006e+02 2.385414e+02 -4.735989e-01 -5.841363e+00
9.450463e-01 48697 1.145546e+02 2.369513e+02 2.702530e+00 9.468769e+00
9.549734e-01 49443 1.110291e+02 2.323832e+02 7.066151e+00 -8.777831e+00
9.649510e-01 51097 1.065341e+02 2.272654e+02 1.397966e+00 6.605396e+00
9.750082e-01 52453 1.061915e+02 2.245978e+02 3.112192e+00 4.237651e+00
9.850290e-01 52947 1.041897e+02 2.210049e+02 -3.309340e+00 -3.251867e+00
9.950258e-01 54193 1.005405e+02 2.165235e+02 6.628442e+00 9.626030e+00
