# text fof file
# logMmin 1.200000e+01 -> nfof_min 133
# boxsize 600.000000
# density total 7.683540e+05 7.683540e+05; rel difference 5.723631e-11
# nbar 3.557194e-03
1.483274e-02 13 2.592722e+04 2.620466e+04 -7.187750e+03 -3.461200e+04
2.513187e-02 33 2.316402e+04 2.343668e+04 2.229432e+03 7.114363e+03
3.574650e-02 79 2.077560e+04 2.104149e+04 -5.215481e+03 2.618413e+03
4.583347e-02 105 1.315676e+04 1.342154e+04 -1.224666e+03 -2.900475e+03
5.486964e-02 145 1.130458e+04 1.156590e+04 1.764586e+03 8.490674e+03
6.471857e-02 243 9.852312e+03 1.010909e+04 2.182476e+02 3.922064e+03
7.503996e-02 313 7.137723e+03 7.395269e+03 -7.524716e+02 -4.509044e+02
8.485495e-02 369 6.834696e+03 7.086583e+03 -3.127173e+02 7.047571e+02
9.528688e-02 571 5.304147e+03 5.556334e+03 -4.910936e+00 -1.971037e+02
1.059290e-01 601 4.909950e+03 5.157893e+03 3.326592e+02 5.782680e+02
1.156806e-01 705 4.366013e+03 4.611814e+03 1.948158e+02 1.399516e+03
1.255756e-01 883 4.067378e+03 4.309373e+03 1.251745e+02 -1.362355e+02
1.352378e-01 909 3.261979e+03 3.506235e+03 -3.196537e+02 4.877539e+02
1.449493e-01 1177 3.138228e+03 3.378684e+03 -2.680974e+02 -3.176988e+02
1.550659e-01 1323 2.491374e+03 2.734749e+03 2.301538e+02 -3.313529e+02
1.649601e-01 1453 2.438068e+03 2.677231e+03 8.546671e+01 -3.950248e+01
1.749597e-01 1701 2.205440e+03 2.443447e+03 -2.049321e+02 -5.613783e+02
1.852437e-01 1963 2.031226e+03 2.267405e+03 1.648812e+01 1.655307e+02
1.951071e-01 1933 1.936363e+03 2.169756e+03 -1.371723e+02 1.767676e+02
2.049888e-01 2397 1.710445e+03 1.944355e+03 1.144858e+02 -1.158545e+02
2.151844e-01 2539 1.589152e+03 1.821416e+03 1.002800e+01 -2.041431e+02
2.250745e-01 2694 1.444019e+03 1.675883e+03 5.645161e+01 1.225563e+02
2.350927e-01 3121 1.404726e+03 1.633378e+03 7.356802e+00 1.167027e+02
2.451974e-01 3255 1.322766e+03 1.549693e+03 -3.224067e+01 4.770618e+01
2.550872e-01 3517 1.209871e+03 1.436542e+03 -5.823140e+01 1.274324e+01
2.649947e-01 3813 1.149598e+03 1.374408e+03 5.091629e+00 -6.197145e+00
2.750606e-01 4231 1.107857e+03 1.330183e+03 9.749026e+01 9.921124e+01
2.851157e-01 4389 1.005021e+03 1.227694e+03 1.466717e+00 1.349411e+02
2.950080e-01 4717 9.685414e+02 1.188978e+03 -1.191061e+02 -2.380536e+01
3.050474e-01 5191 9.151693e+02 1.134236e+03 1.290196e+01 -2.735932e+01
3.151078e-01 5373 8.918410e+02 1.108177e+03 4.668058e+01 1.795754e+01
3.251295e-01 5893 8.276664e+02 1.043701e+03 -3.774677e+01 -2.770461e+01
3.352591e-01 6183 7.527332e+02 9.694300e+02 -4.274409e+01 -1.349421e+01
3.451640e-01 6349 7.383777e+02 9.522794e+02 7.197916e+00 -8.870009e+00
3.550965e-01 6993 6.983868e+02 9.113027e+02 6.828009e+00 -4.688432e+01
3.649687e-01 7003 6.533253e+02 8.658405e+02 -1.305729e+01 2.046417e+01
3.749450e-01 7941 6.535591e+02 8.624095e+02 2.392784e+00 -5.839877e+00
3.851630e-01 8221 5.927947e+02 8.027484e+02 -4.195756e-01 1.518974e+01
3.951752e-01 8449 5.811948e+02 7.885440e+02 -2.388708e+01 3.019171e+01
4.050872e-01 8931 5.528234e+02 7.591758e+02 5.559033e+00 1.969307e+01
4.149904e-01 9289 5.313857e+02 7.362145e+02 -1.251637e+01 7.686616e+00
4.250484e-01 10113 5.078351e+02 7.114119e+02 1.586243e+01 -2.247411e+01
4.350196e-01 10087 4.945966e+02 6.960624e+02 -3.846154e+01 5.258570e+00
4.449689e-01 10998 4.697699e+02 6.704105e+02 -1.164979e+00 -5.286736e+01
4.550136e-01 11233 4.430331e+02 6.431910e+02 -2.850129e+01 -3.282364e+00
4.650240e-01 11991 4.466149e+02 6.429783e+02 -3.610647e+00 -3.942471e+00
4.750600e-01 12241 4.106949e+02 6.079490e+02 -1.059114e+01 -1.149209e+01
4.850824e-01 13033 4.096096e+02 6.036342e+02 -2.313266e+01 3.374650e+01
4.950626e-01 13227 4.002725e+02 5.921617e+02 4.768321e+00 1.256798e+01
5.050218e-01 13993 3.775768e+02 5.691707e+02 5.743173e+00 -1.811005e+01
5.149626e-01 14301 3.667681e+02 5.565800e+02 8.599236e+00 2.108107e+01
5.249789e-01 15355 3.494554e+02 5.384981e+02 3.081300e+00 -1.752600e+01
5.350486e-01 15585 3.361704e+02 5.239448e+02 1.506892e+00 1.338472e+00
5.451135e-01 16549 3.280745e+02 5.138492e+02 -2.177590e+01 -9.904031e-01
5.551181e-01 16587 3.244889e+02 5.076243e+02 2.059013e+00 -5.242738e+00
5.650424e-01 17461 3.088810e+02 4.913894e+02 5.233297e+00 -1.606952e+01
5.750589e-01 18177 2.991234e+02 4.801163e+02 1.168359e+01 1.226666e+01
5.850828e-01 18739 2.967281e+02 4.749568e+02 -1.733718e+01 2.306772e+01
5.950416e-01 19165 2.799201e+02 4.580404e+02 -1.365868e+00 1.799698e+01
6.049746e-01 20013 2.672703e+02 4.446779e+02 -6.838519e+00 -6.489975e+00
6.149470e-01 20587 2.676919e+02 4.419299e+02 -6.550021e+00 8.019002e-02
6.249968e-01 21657 2.539353e+02 4.277966e+02 -1.027756e+01 1.686529e+01
6.350666e-01 22129 2.519492e+02 4.231128e+02 -5.466183e+00 2.223477e+01
6.450498e-01 22611 2.367098e+02 4.080295e+02 -1.067355e+01 1.209599e+01
6.549912e-01 23317 2.416150e+02 4.088687e+02 -2.737354e+00 8.468322e+00
6.649535e-01 24222 2.323130e+02 3.985672e+02 -1.172765e+01 -2.759823e+00
6.749660e-01 24943 2.251709e+02 3.900183e+02 -4.890903e+00 1.190599e+01
6.850252e-01 25921 2.201318e+02 3.831395e+02 -1.055654e+01 -9.700046e+00
6.950284e-01 26253 2.078078e+02 3.707990e+02 1.220349e+00 -9.964217e+00
7.049900e-01 27139 2.087860e+02 3.685806e+02 2.892621e+00 2.132479e+01
7.150256e-01 28185 1.969170e+02 3.567335e+02 -4.304434e+00 -8.059953e+00
7.250860e-01 28969 1.963232e+02 3.533627e+02 -4.813884e+00 -9.434921e+00
7.350183e-01 28887 1.885088e+02 3.447129e+02 -2.120193e+00 1.253468e+01
7.450018e-01 30937 1.837764e+02 3.383741e+02 -4.244777e+00 1.056696e+01
7.551045e-01 31341 1.849474e+02 3.363048e+02 -7.034012e+00 4.809733e+00
7.650666e-01 31555 1.746512e+02 3.260569e+02 -3.580046e+00 3.152054e+00
7.750154e-01 33025 1.731223e+02 3.221387e+02 -3.751711e+00 2.885042e+00
7.850634e-01 33921 1.633353e+02 3.124107e+02 -5.494415e+00 5.551979e-02
7.950596e-01 34285 1.671256e+02 3.122439e+02 -9.579419e+00 1.390512e+01
8.050450e-01 35703 1.567752e+02 3.022923e+02 7.041997e-02 1.449795e+01
8.150563e-01 36205 1.556429e+02 2.987449e+02 -3.051265e+00 -8.517803e+00
8.250795e-01 37485 1.546986e+02 2.953315e+02 -6.537042e+00 1.266299e+00
8.350885e-01 38047 1.491050e+02 2.888023e+02 -5.631777e+00 1.028617e+01
8.450499e-01 38913 1.414158e+02 2.809780e+02 4.617256e+00 -3.949579e+00
8.550252e-01 39853 1.394399e+02 2.769968e+02 -3.529015e+00 -4.226122e+00
8.650455e-01 41367 1.377774e+02 2.732141e+02 -2.137643e+00 2.817418e+00
8.750680e-01 41617 1.336187e+02 2.678601e+02 -4.091856e+00 -5.471427e+00
8.849916e-01 42430 1.297915e+02 2.627869e+02 -3.244451e+00 -6.270329e+00
8.949944e-01 44367 1.269765e+02 2.583790e+02 -3.720489e+00 -1.453157e+00
9.050336e-01 44569 1.226886e+02 2.530827e+02 -4.684365e+00 8.561329e+00
9.150411e-01 46089 1.253989e+02 2.521697e+02 -8.819067e+00 -6.607695e-01
9.250625e-01 46819 1.176444e+02 2.448206e+02 -1.365496e+01 4.125118e+00
9.350607e-01 47793 1.153679e+02 2.409066e+02 7.774158e-01 5.618833e+00
9.450463e-01 48697 1.157711e+02 2.386091e+02 -4.894679e-01 -5.020165e+00
9.549734e-01 49443 1.088983e+02 2.320375e+02 4.110163e-01 -1.825063e+00
9.649510e-01 51097 1.048294e+02 2.271857e+02 -4.925899e+00 9.022537e+00
9.750082e-01 52453 1.045194e+02 2.245421e+02 3.778555e+00 -1.174258e+01
9.850290e-01 52947 1.016050e+02 2.204206e+02 -1.073477e+00 -2.465642e+00
9.950258e-01 54193 1.034628e+02 2.190444e+02 -2.803552e+00 3.235119e+00
