8.018239e-03 9 1.357029e+04
1.659868e-02 64 2.251760e+04
2.586446e-02 157 2.012946e+04
3.529679e-02 292 1.654056e+04
4.513097e-02 529 1.428036e+04
5.555287e-02 820 1.134046e+04
6.539610e-02 1000 1.012400e+04
7.523297e-02 1483 8.360363e+03
8.527687e-02 1792 7.286403e+03
9.513029e-02 2293 5.837378e+03
1.052419e-01 2848 5.222037e+03
1.151206e-01 3232 4.532084e+03
1.250948e-01 4077 4.312882e+03
1.351559e-01 4552 3.951513e+03
1.451184e-01 5377 3.479110e+03
1.550677e-01 5974 3.127120e+03
1.650359e-01 6976 2.836186e+03
1.750550e-01 7717 2.694118e+03
1.850940e-01 8776 2.448663e+03
1.950993e-01 9553 2.326410e+03
2.050639e-01 10660 2.161578e+03
2.150232e-01 11608 2.002853e+03
2.250206e-01 12937 1.880757e+03
2.351002e-01 14062 1.807918e+03
2.450739e-01 15105 1.728823e+03
2.550522e-01 16492 1.623734e+03
2.650604e-01 17821 1.533361e+03
2.750125e-01 18940 1.475752e+03
2.850269e-01 20836 1.397290e+03
2.950518e-01 21949 1.341266e+03
3.050599e-01 23656 1.297711e+03
3.149891e-01 24727 1.233990e+03
3.250379e-01 27400 1.203630e+03
3.350922e-01 28096 1.167171e+03
3.450584e-01 30337 1.126468e+03
3.550604e-01 31696 1.072584e+03
3.650295e-01 33849 1.063940e+03
3.750722e-01 35800 1.026089e+03
3.850647e-01 37348 9.905905e+02
3.950397e-01 39535 9.604138e+02
4.050307e-01 41452 9.415374e+02
4.150177e-01 43669 9.082429e+02
4.250356e-01 45832 8.859331e+02
4.350008e-01 47524 8.635631e+02
4.450186e-01 50761 8.459974e+02
4.550579e-01 52264 8.274357e+02
4.650571e-01 54973 8.076710e+02
4.750553e-01 56890 7.855158e+02
4.849982e-01 59233 7.745417e+02
4.949997e-01 62460 7.581068e+02
5.050400e-01 64660 7.413571e+02
5.150365e-01 67105 7.254898e+02
5.250511e-01 70108 7.133670e+02
5.350611e-01 72421 6.987256e+02
5.450809e-01 75628 6.867355e+02
5.550666e-01 77374 6.764628e+02
5.650248e-01 80965 6.618385e+02
5.750209e-01 83536 6.468869e+02
5.849943e-01 86509 6.381111e+02
5.950118e-01 90088 6.322047e+02
6.050243e-01 92524 6.193990e+02
6.150021e-01 95685 6.095986e+02
6.250268e-01 99460 6.009776e+02
6.350319e-01 101791 5.925307e+02
6.450443e-01 105940 5.818528e+02
6.550363e-01 108040 5.718602e+02
6.650248e-01 112417 5.653623e+02
6.749918e-01 114172 5.573077e+02
6.849838e-01 119989 5.493357e+02
6.950359e-01 122428 5.420018e+02
7.050021e-01 125049 5.353383e+02
7.150185e-01 130682 5.277251e+02
7.250500e-01 132820 5.197082e+02
7.350461e-01 137169 5.128427e+02
7.450354e-01 139912 5.080525e+02
7.550326e-01 145021 4.987263e+02
7.650453e-01 148000 4.937847e+02
7.750260e-01 151840 4.873190e+02
7.849916e-01 155365 4.817248e+02
7.950130e-01 161410 4.761495e+02
8.050563e-01 164341 4.716732e+02
8.150452e-01 167704 4.661144e+02
8.250456e-01 172960 4.582116e+02
8.350307e-01 175597 4.560746e+02
8.450225e-01 181552 4.484201e+02
8.550387e-01 185185 4.447839e+02
8.650410e-01 189576 4.386799e+02
8.750145e-01 192850 4.336190e+02
8.849866e-01 198481 4.301665e+02
8.950163e-01 203908 4.241250e+02
9.050183e-01 206677 4.198815e+02
9.150119e-01 212440 4.162220e+02
9.250146e-01 216544 4.110850e+02
9.350152e-01 221725 4.082711e+02
9.450189e-01 226024 4.011629e+02
9.550021e-01 230515 3.971518e+02
9.650081e-01 236548 3.944945e+02
9.750165e-01 240697 3.905263e+02
9.850258e-01 246264 3.880948e+02
9.950310e-01 250480 3.823482e+02
