# sigma2_v 1.150361245617193e+01
0.000000e+00 1.000000e+00
1.000000e-02 9.994250e-01
2.000000e-02 9.977021e-01
3.000000e-02 9.948375e-01
4.000000e-02 9.908416e-01
5.000000e-02 9.857289e-01
6.000000e-02 9.795178e-01
7.000000e-02 9.722305e-01
8.000000e-02 9.638930e-01
9.000000e-02 9.545349e-01
1.000000e-01 9.441891e-01
1.100000e-01 9.328916e-01
1.200000e-01 9.206814e-01
1.300000e-01 9.076002e-01
1.400000e-01 8.936923e-01
1.500000e-01 8.790041e-01
1.600000e-01 8.635837e-01
1.700000e-01 8.474814e-01
1.800000e-01 8.307483e-01
1.900000e-01 8.134370e-01
2.000000e-01 7.956008e-01
2.100000e-01 7.772936e-01
2.200000e-01 7.585694e-01
2.300000e-01 7.394824e-01
2.400000e-01 7.200864e-01
2.500000e-01 7.004348e-01
2.600000e-01 6.805803e-01
2.700000e-01 6.605744e-01
2.800000e-01 6.404676e-01
2.900000e-01 6.203090e-01
3.000000e-01 6.001462e-01
3.100000e-01 5.800248e-01
3.200000e-01 5.599888e-01
3.300000e-01 5.400802e-01
3.400000e-01 5.203386e-01
3.500000e-01 5.008017e-01
3.600000e-01 4.815047e-01
3.700000e-01 4.624806e-01
3.800000e-01 4.437597e-01
3.900000e-01 4.253703e-01
4.000000e-01 4.073380e-01
4.100000e-01 3.896859e-01
4.200000e-01 3.724348e-01
4.300000e-01 3.556032e-01
4.400000e-01 3.392070e-01
4.500000e-01 3.232600e-01
4.600000e-01 3.077737e-01
4.700000e-01 2.927575e-01
4.800000e-01 2.782186e-01
4.900000e-01 2.641623e-01
5.000000e-01 2.505921e-01
5.100000e-01 2.375095e-01
5.200000e-01 2.249145e-01
5.300000e-01 2.128054e-01
5.400000e-01 2.011789e-01
5.500000e-01 1.900308e-01
5.600000e-01 1.793551e-01
5.700000e-01 1.691449e-01
5.800000e-01 1.593924e-01
5.900000e-01 1.500885e-01
6.000000e-01 1.412236e-01
6.100000e-01 1.327872e-01
6.200000e-01 1.247683e-01
6.300000e-01 1.171551e-01
6.400000e-01 1.099355e-01
6.500000e-01 1.030972e-01
6.600000e-01 9.662720e-02
6.700000e-01 9.051263e-02
6.800000e-01 8.474032e-02
6.900000e-01 7.929702e-02
7.000000e-01 7.416947e-02
7.100000e-01 6.934445e-02
7.200000e-01 6.480880e-02
7.300000e-01 6.054951e-02
7.400000e-01 5.655371e-02
7.500000e-01 5.280877e-02
7.600000e-01 4.930229e-02
7.700000e-01 4.602214e-02
7.800000e-01 4.295650e-02
7.900000e-01 4.009386e-02
8.000000e-01 3.742306e-02
8.100000e-01 3.493331e-02
8.200000e-01 3.261417e-02
8.300000e-01 3.045559e-02
8.400000e-01 2.844792e-02
8.500000e-01 2.658190e-02
8.600000e-01 2.484866e-02
8.700000e-01 2.323972e-02
8.800000e-01 2.174702e-02
8.900000e-01 2.036288e-02
9.000000e-01 1.907999e-02
9.100000e-01 1.789145e-02
9.200000e-01 1.679070e-02
9.300000e-01 1.577156e-02
9.400000e-01 1.482821e-02
9.500000e-01 1.395514e-02
9.600000e-01 1.314720e-02
9.700000e-01 1.239954e-02
9.800000e-01 1.170760e-02
9.900000e-01 1.106715e-02
1.000000e+00 1.047422e-02
1.010000e+00 9.925078e-03
1.020000e+00 9.416292e-03
1.030000e+00 8.944646e-03
1.040000e+00 8.507159e-03
1.050000e+00 8.101069e-03
1.060000e+00 7.723821e-03
1.070000e+00 7.373056e-03
1.080000e+00 7.046600e-03
1.090000e+00 6.742455e-03
1.100000e+00 6.458789e-03
1.110000e+00 6.193925e-03
1.120000e+00 5.946333e-03
1.130000e+00 5.714617e-03
1.140000e+00 5.497513e-03
1.150000e+00 5.293872e-03
1.160000e+00 5.102659e-03
1.170000e+00 4.922936e-03
1.180000e+00 4.753861e-03
1.190000e+00 4.594675e-03
1.200000e+00 4.444696e-03
1.210000e+00 4.303311e-03
1.220000e+00 4.169965e-03
1.230000e+00 4.044160e-03
1.240000e+00 3.925443e-03
1.250000e+00 3.813400e-03
1.260000e+00 3.707651e-03
1.270000e+00 3.607847e-03
1.280000e+00 3.513659e-03
1.290000e+00 3.424778e-03
1.300000e+00 3.340911e-03
1.310000e+00 3.261777e-03
1.320000e+00 3.187104e-03
1.330000e+00 3.116629e-03
1.340000e+00 3.050094e-03
1.350000e+00 2.987247e-03
1.360000e+00 2.927842e-03
1.370000e+00 2.871639e-03
1.380000e+00 2.818404e-03
1.390000e+00 2.767908e-03
1.400000e+00 2.719933e-03
1.410000e+00 2.674267e-03
1.420000e+00 2.630711e-03
1.430000e+00 2.589074e-03
1.440000e+00 2.549180e-03
1.450000e+00 2.510863e-03
1.460000e+00 2.473972e-03
1.470000e+00 2.438369e-03
1.480000e+00 2.403931e-03
1.490000e+00 2.370546e-03
1.500000e+00 2.338117e-03
1.510000e+00 2.306559e-03
1.520000e+00 2.275796e-03
1.530000e+00 2.245766e-03
1.540000e+00 2.216414e-03
1.550000e+00 2.187691e-03
1.560000e+00 2.159558e-03
1.570000e+00 2.131978e-03
1.580000e+00 2.104920e-03
1.590000e+00 2.078356e-03
1.600000e+00 2.052258e-03
1.610000e+00 2.026601e-03
1.620000e+00 2.001361e-03
1.630000e+00 1.976515e-03
1.640000e+00 1.952039e-03
1.650000e+00 1.927913e-03
1.660000e+00 1.904114e-03
1.670000e+00 1.880625e-03
1.680000e+00 1.857427e-03
1.690000e+00 1.834508e-03
1.700000e+00 1.811858e-03
1.710000e+00 1.789470e-03
1.720000e+00 1.767343e-03
1.730000e+00 1.745481e-03
1.740000e+00 1.723894e-03
1.750000e+00 1.702597e-03
1.760000e+00 1.681612e-03
1.770000e+00 1.660965e-03
1.780000e+00 1.640687e-03
1.790000e+00 1.620813e-03
1.800000e+00 1.601383e-03
1.810000e+00 1.582439e-03
1.820000e+00 1.564023e-03
1.830000e+00 1.546180e-03
1.840000e+00 1.528952e-03
1.850000e+00 1.512379e-03
1.860000e+00 1.496502e-03
1.870000e+00 1.481352e-03
1.880000e+00 1.466961e-03
1.890000e+00 1.453351e-03
1.900000e+00 1.440543e-03
1.910000e+00 1.428547e-03
1.920000e+00 1.417369e-03
1.930000e+00 1.407010e-03
1.940000e+00 1.397462e-03
1.950000e+00 1.388714e-03
1.960000e+00 1.380750e-03
1.970000e+00 1.373548e-03
1.980000e+00 1.367083e-03
1.990000e+00 1.361328e-03
2.000000e+00 1.356253e-03
2.010000e+00 1.351828e-03
2.020000e+00 1.348022e-03
2.030000e+00 1.344803e-03
2.040000e+00 1.342141e-03
2.050000e+00 1.340008e-03
2.060000e+00 1.338375e-03
2.070000e+00 1.337216e-03
2.080000e+00 1.336508e-03
2.090000e+00 1.336230e-03
2.100000e+00 1.336360e-03
2.110000e+00 1.336883e-03
2.120000e+00 1.337781e-03
2.130000e+00 1.339040e-03
2.140000e+00 1.340649e-03
2.150000e+00 1.342598e-03
2.160000e+00 1.344877e-03
2.170000e+00 1.347479e-03
2.180000e+00 1.350401e-03
2.190000e+00 1.353637e-03
2.200000e+00 1.357188e-03
2.210000e+00 1.361055e-03
2.220000e+00 1.365242e-03
2.230000e+00 1.369754e-03
2.240000e+00 1.374601e-03
2.250000e+00 1.379793e-03
2.260000e+00 1.385344e-03
2.270000e+00 1.391271e-03
2.280000e+00 1.397588e-03
2.290000e+00 1.404316e-03
2.300000e+00 1.411472e-03
2.310000e+00 1.419072e-03
2.320000e+00 1.427131e-03
2.330000e+00 1.435662e-03
2.340000e+00 1.444671e-03
2.350000e+00 1.454157e-03
2.360000e+00 1.464113e-03
2.370000e+00 1.474521e-03
2.380000e+00 1.485352e-03
2.390000e+00 1.496567e-03
2.400000e+00 1.508110e-03
2.410000e+00 1.519912e-03
2.420000e+00 1.531889e-03
2.430000e+00 1.543941e-03
2.440000e+00 1.555954e-03
2.450000e+00 1.567796e-03
2.460000e+00 1.579323e-03
2.470000e+00 1.590378e-03
2.480000e+00 1.600791e-03
2.490000e+00 1.610383e-03
2.500000e+00 1.618968e-03
2.510000e+00 1.626355e-03
2.520000e+00 1.632350e-03
2.530000e+00 1.636761e-03
2.540000e+00 1.639399e-03
2.550000e+00 1.640080e-03
2.560000e+00 1.638631e-03
2.570000e+00 1.634892e-03
2.580000e+00 1.628713e-03
2.590000e+00 1.619965e-03
2.600000e+00 1.608536e-03
2.610000e+00 1.594334e-03
2.620000e+00 1.577286e-03
2.630000e+00 1.557346e-03
2.640000e+00 1.534486e-03
2.650000e+00 1.508702e-03
2.660000e+00 1.480011e-03
2.670000e+00 1.448454e-03
2.680000e+00 1.414091e-03
2.690000e+00 1.377000e-03
2.700000e+00 1.337280e-03
2.710000e+00 1.295046e-03
2.720000e+00 1.250427e-03
2.730000e+00 1.203567e-03
2.740000e+00 1.154624e-03
2.750000e+00 1.103763e-03
2.760000e+00 1.051163e-03
2.770000e+00 9.970097e-04
2.780000e+00 9.414961e-04
2.790000e+00 8.848224e-04
2.800000e+00 8.271945e-04
2.810000e+00 7.688233e-04
2.820000e+00 7.099238e-04
2.830000e+00 6.507151e-04
2.840000e+00 5.914189e-04
2.850000e+00 5.322598e-04
2.860000e+00 4.734636e-04
2.870000e+00 4.152574e-04
2.880000e+00 3.578680e-04
2.890000e+00 3.015214e-04
2.900000e+00 2.464411e-04
2.910000e+00 1.928475e-04
2.920000e+00 1.409557e-04
2.930000e+00 9.097458e-05
2.940000e+00 4.310490e-05
2.950000e+00 -2.462327e-06
2.960000e+00 -4.554748e-05
2.970000e+00 -8.598399e-05
2.980000e+00 -1.236200e-04
2.990000e+00 -1.583196e-04
3.000000e+00 -1.899644e-04
3.010000e+00 -2.184546e-04
3.020000e+00 -2.437095e-04
3.030000e+00 -2.656686e-04
3.040000e+00 -2.842915e-04
3.050000e+00 -2.995581e-04
3.060000e+00 -3.114685e-04
3.070000e+00 -3.200419e-04
3.080000e+00 -3.253163e-04
3.090000e+00 -3.273473e-04
3.100000e+00 -3.262066e-04
3.110000e+00 -3.219808e-04
3.120000e+00 -3.147698e-04
3.130000e+00 -3.046854e-04
3.140000e+00 -2.918490e-04
3.150000e+00 -2.763910e-04
3.160000e+00 -2.584485e-04
3.170000e+00 -2.381641e-04
3.180000e+00 -2.156848e-04
3.190000e+00 -1.911608e-04
3.200000e+00 -1.647444e-04
3.210000e+00 -1.365895e-04
3.220000e+00 -1.068509e-04
3.230000e+00 -7.568388e-05
3.240000e+00 -4.324383e-05
3.250000e+00 -9.686281e-06
3.260000e+00 2.483336e-05
3.270000e+00 6.015981e-05
3.280000e+00 9.613800e-05
3.290000e+00 1.326131e-04
3.300000e+00 1.694308e-04
3.310000e+00 2.064375e-04
3.320000e+00 2.434804e-04
3.330000e+00 2.804087e-04
3.340000e+00 3.170733e-04
3.350000e+00 3.533284e-04
3.360000e+00 3.890318e-04
3.370000e+00 4.240463e-04
3.380000e+00 4.582404e-04
3.390000e+00 4.914896e-04
3.400000e+00 5.236774e-04
3.410000e+00 5.546966e-04
3.420000e+00 5.844499e-04
3.430000e+00 6.128510e-04
3.440000e+00 6.398251e-04
3.450000e+00 6.653096e-04
3.460000e+00 6.892544e-04
3.470000e+00 7.116216e-04
3.480000e+00 7.323855e-04
3.490000e+00 7.515322e-04
3.500000e+00 7.690588e-04
3.510000e+00 7.849725e-04
3.520000e+00 7.992894e-04
3.530000e+00 8.120333e-04
3.540000e+00 8.232344e-04
3.550000e+00 8.329277e-04
3.560000e+00 8.411514e-04
3.570000e+00 8.479461e-04
3.580000e+00 8.533524e-04
3.590000e+00 8.574108e-04
3.600000e+00 8.601598e-04
3.610000e+00 8.616354e-04
3.620000e+00 8.618705e-04
3.630000e+00 8.608941e-04
3.640000e+00 8.587319e-04
3.650000e+00 8.554054e-04
3.660000e+00 8.509330e-04
3.670000e+00 8.453302e-04
3.680000e+00 8.386100e-04
3.690000e+00 8.307842e-04
3.700000e+00 8.218638e-04
3.710000e+00 8.118605e-04
3.720000e+00 8.007869e-04
3.730000e+00 7.886581e-04
3.740000e+00 7.754921e-04
3.750000e+00 7.613107e-04
3.760000e+00 7.461400e-04
3.770000e+00 7.300109e-04
3.780000e+00 7.129592e-04
3.790000e+00 6.950258e-04
3.800000e+00 6.762568e-04
3.810000e+00 6.567029e-04
3.820000e+00 6.364190e-04
3.830000e+00 6.154643e-04
3.840000e+00 5.939010e-04
3.850000e+00 5.717943e-04
3.860000e+00 5.492114e-04
3.870000e+00 5.262209e-04
3.880000e+00 5.028925e-04
3.890000e+00 4.792965e-04
3.900000e+00 4.555031e-04
3.910000e+00 4.315823e-04
3.920000e+00 4.076040e-04
3.930000e+00 3.836376e-04
3.940000e+00 3.597521e-04
3.950000e+00 3.360166e-04
3.960000e+00 3.125001e-04
3.970000e+00 2.892720e-04
3.980000e+00 2.664024e-04
3.990000e+00 2.439621e-04
4.000000e+00 2.220234e-04
4.010000e+00 2.006597e-04
4.020000e+00 1.799458e-04
4.030000e+00 1.599577e-04
4.040000e+00 1.407726e-04
4.050000e+00 1.224684e-04
4.060000e+00 1.051229e-04
4.070000e+00 8.881380e-05
4.080000e+00 7.361710e-05
4.090000e+00 5.960671e-05
4.100000e+00 4.685325e-05
4.110000e+00 3.542293e-05
4.120000e+00 2.537653e-05
4.130000e+00 1.676826e-05
4.140000e+00 9.644761e-06
4.150000e+00 4.044134e-06
4.160000e+00 -4.844586e-09
4.170000e+00 -2.483395e-06
4.180000e+00 -3.383206e-06
4.190000e+00 -2.706711e-06
4.200000e+00 -4.671614e-07
4.210000e+00 3.311514e-06
4.220000e+00 8.595046e-06
4.230000e+00 1.533935e-05
4.240000e+00 2.349122e-05
4.250000e+00 3.298915e-05
4.260000e+00 4.376426e-05
4.270000e+00 5.574130e-05
4.280000e+00 6.883965e-05
4.290000e+00 8.297437e-05
4.300000e+00 9.805714e-05
4.310000e+00 1.139972e-04
4.320000e+00 1.307020e-04
4.330000e+00 1.480782e-04
4.340000e+00 1.660317e-04
4.350000e+00 1.844687e-04
4.360000e+00 2.032953e-04
4.370000e+00 2.224180e-04
4.380000e+00 2.417439e-04
4.390000e+00 2.611801e-04
4.400000e+00 2.806343e-04
4.410000e+00 3.000141e-04
4.420000e+00 3.192271e-04
4.430000e+00 3.381812e-04
4.440000e+00 3.567838e-04
4.450000e+00 3.749430e-04
4.460000e+00 3.925669e-04
4.470000e+00 4.095645e-04
4.480000e+00 4.258462e-04
4.490000e+00 4.413245e-04
4.500000e+00 4.559148e-04
4.510000e+00 4.695363e-04
4.520000e+00 4.821131e-04
4.530000e+00 4.935757e-04
4.540000e+00 5.038615e-04
4.550000e+00 5.129162e-04
4.560000e+00 5.206953e-04
4.570000e+00 5.271645e-04
4.580000e+00 5.323006e-04
4.590000e+00 5.360924e-04
4.600000e+00 5.385410e-04
4.610000e+00 5.396600e-04
4.620000e+00 5.394753e-04
4.630000e+00 5.380247e-04
4.640000e+00 5.353575e-04
4.650000e+00 5.315337e-04
4.660000e+00 5.266225e-04
4.670000e+00 5.207014e-04
4.680000e+00 5.138544e-04
4.690000e+00 5.061708e-04
4.700000e+00 4.977435e-04
4.710000e+00 4.886670e-04
4.720000e+00 4.790363e-04
4.730000e+00 4.689452e-04
4.740000e+00 4.584848e-04
4.750000e+00 4.477426e-04
4.760000e+00 4.368011e-04
4.770000e+00 4.257377e-04
4.780000e+00 4.146234e-04
4.790000e+00 4.035234e-04
4.800000e+00 3.924963e-04
4.810000e+00 3.815949e-04
4.820000e+00 3.708661e-04
4.830000e+00 3.603520e-04
4.840000e+00 3.500902e-04
4.850000e+00 3.401145e-04
4.860000e+00 3.304562e-04
4.870000e+00 3.211440e-04
4.880000e+00 3.122058e-04
4.890000e+00 3.036682e-04
4.900000e+00 2.955578e-04
4.910000e+00 2.879010e-04
4.920000e+00 2.807244e-04
4.930000e+00 2.740545e-04
4.940000e+00 2.679176e-04
4.950000e+00 2.623392e-04
4.960000e+00 2.573436e-04
4.970000e+00 2.529531e-04
4.980000e+00 2.491868e-04
4.990000e+00 2.460603e-04
5.000000e+00 2.435847e-04
5.010000e+00 2.417652e-04
5.020000e+00 2.406013e-04
5.030000e+00 2.400851e-04
5.040000e+00 2.402018e-04
5.050000e+00 2.409290e-04
5.060000e+00 2.422365e-04
5.070000e+00 2.440869e-04
5.080000e+00 2.464360e-04
5.090000e+00 2.492332e-04
5.100000e+00 2.524227e-04
5.110000e+00 2.559446e-04
5.120000e+00 2.597363e-04
5.130000e+00 2.637335e-04
5.140000e+00 2.678724e-04
5.150000e+00 2.720908e-04
5.160000e+00 2.763295e-04
5.170000e+00 2.805345e-04
5.180000e+00 2.846577e-04
5.190000e+00 2.886582e-04
5.200000e+00 2.925038e-04
5.210000e+00 2.961714e-04
5.220000e+00 2.996475e-04
5.230000e+00 3.029288e-04
5.240000e+00 3.060220e-04
5.250000e+00 3.089437e-04
5.260000e+00 3.117198e-04
5.270000e+00 3.143847e-04
5.280000e+00 3.169805e-04
5.290000e+00 3.195558e-04
5.300000e+00 3.221644e-04
5.310000e+00 3.248640e-04
5.320000e+00 3.277146e-04
5.330000e+00 3.307772e-04
5.340000e+00 3.341123e-04
5.350000e+00 3.377783e-04
5.360000e+00 3.418301e-04
5.370000e+00 3.463182e-04
5.380000e+00 3.512871e-04
5.390000e+00 3.567744e-04
5.400000e+00 3.628102e-04
5.410000e+00 3.694156e-04
5.420000e+00 3.766028e-04
5.430000e+00 3.843741e-04
5.440000e+00 3.927217e-04
5.450000e+00 4.016273e-04
5.460000e+00 4.110622e-04
5.470000e+00 4.209869e-04
5.480000e+00 4.313512e-04
5.490000e+00 4.420947e-04
5.500000e+00 4.531465e-04
5.510000e+00 4.644257e-04
5.520000e+00 4.758419e-04
5.530000e+00 4.872958e-04
5.540000e+00 4.986795e-04
5.550000e+00 5.098776e-04
5.560000e+00 5.207677e-04
5.570000e+00 5.312219e-04
5.580000e+00 5.411075e-04
5.590000e+00 5.502888e-04
5.600000e+00 5.586281e-04
5.610000e+00 5.659877e-04
5.620000e+00 5.722314e-04
5.630000e+00 5.772264e-04
5.640000e+00 5.808455e-04
5.650000e+00 5.829686e-04
5.660000e+00 5.834854e-04
5.670000e+00 5.822969e-04
5.680000e+00 5.793175e-04
5.690000e+00 5.744770e-04
5.700000e+00 5.677221e-04
5.710000e+00 5.590181e-04
5.720000e+00 5.483500e-04
5.730000e+00 5.357237e-04
5.740000e+00 5.211665e-04
5.750000e+00 5.047273e-04
5.760000e+00 4.864770e-04
5.770000e+00 4.665078e-04
5.780000e+00 4.449323e-04
5.790000e+00 4.218830e-04
5.800000e+00 3.975103e-04
5.810000e+00 3.719807e-04
5.820000e+00 3.454755e-04
5.830000e+00 3.181878e-04
5.840000e+00 2.903208e-04
5.850000e+00 2.620849e-04
5.860000e+00 2.336954e-04
5.870000e+00 2.053698e-04
5.880000e+00 1.773258e-04
5.890000e+00 1.497787e-04
5.900000e+00 1.229390e-04
5.910000e+00 9.701128e-05
5.920000e+00 7.219162e-05
5.930000e+00 4.866672e-05
5.940000e+00 2.661251e-05
5.950000e+00 6.193251e-06
5.960000e+00 -1.243912e-05
5.970000e+00 -2.914545e-05
5.980000e+00 -4.379956e-05
5.990000e+00 -5.628834e-05
6.000000e+00 -6.651167e-05
6.010000e+00 -7.438218e-05
6.020000e+00 -7.982508e-05
6.030000e+00 -8.277781e-05
6.040000e+00 -8.318986e-05
6.050000e+00 -8.102249e-05
6.060000e+00 -7.624861e-05
6.070000e+00 -6.885267e-05
6.080000e+00 -5.883072e-05
6.090000e+00 -4.619049e-05
6.100000e+00 -3.095155e-05
6.110000e+00 -1.314559e-05
6.120000e+00 7.183267e-06
6.130000e+00 2.997823e-05
6.140000e+00 5.516947e-05
6.150000e+00 8.267392e-05
6.160000e+00 1.123951e-04
6.170000e+00 1.442232e-04
6.180000e+00 1.780348e-04
6.190000e+00 2.136937e-04
6.200000e+00 2.510510e-04
6.210000e+00 2.899460e-04
6.220000e+00 3.302070e-04
6.230000e+00 3.716523e-04
6.240000e+00 4.140919e-04
6.250000e+00 4.573285e-04
6.260000e+00 5.011594e-04
6.270000e+00 5.453784e-04
6.280000e+00 5.897771e-04
6.290000e+00 6.341474e-04
6.300000e+00 6.782829e-04
6.310000e+00 7.219807e-04
6.320000e+00 7.650434e-04
6.330000e+00 8.072804e-04
6.340000e+00 8.485091e-04
6.350000e+00 8.885566e-04
6.360000e+00 9.272602e-04
6.370000e+00 9.644679e-04
6.380000e+00 1.000040e-03
6.390000e+00 1.033847e-03
6.400000e+00 1.065773e-03
6.410000e+00 1.095712e-03
6.420000e+00 1.123571e-03
6.430000e+00 1.149265e-03
6.440000e+00 1.172722e-03
6.450000e+00 1.193877e-03
6.460000e+00 1.212675e-03
6.470000e+00 1.229069e-03
6.480000e+00 1.243019e-03
6.490000e+00 1.254491e-03
6.500000e+00 1.263458e-03
6.510000e+00 1.269899e-03
6.520000e+00 1.273798e-03
6.530000e+00 1.275146e-03
6.540000e+00 1.273938e-03
6.550000e+00 1.270174e-03
6.560000e+00 1.263862e-03
6.570000e+00 1.255013e-03
6.580000e+00 1.243648e-03
6.590000e+00 1.229790e-03
6.600000e+00 1.213474e-03
6.610000e+00 1.194737e-03
6.620000e+00 1.173627e-03
6.630000e+00 1.150197e-03
6.640000e+00 1.124508e-03
6.650000e+00 1.096628e-03
6.660000e+00 1.066632e-03
6.670000e+00 1.034599e-03
6.680000e+00 1.000618e-03
6.690000e+00 9.647783e-04
6.700000e+00 9.271759e-04
6.710000e+00 8.879095e-04
6.720000e+00 8.470801e-04
6.730000e+00 8.047903e-04
6.740000e+00 7.611434e-04
6.750000e+00 7.162425e-04
6.760000e+00 6.701901e-04
6.770000e+00 6.230869e-04
6.780000e+00 5.750321e-04
6.790000e+00 5.261224e-04
6.800000e+00 4.764524e-04
6.810000e+00 4.261144e-04
6.820000e+00 3.751985e-04
6.830000e+00 3.237932e-04
6.840000e+00 2.719856e-04
6.850000e+00 2.198622e-04
6.860000e+00 1.675094e-04
6.870000e+00 1.150142e-04
6.880000e+00 6.246525e-05
6.890000e+00 9.953070e-06
6.900000e+00 -4.242888e-05
6.910000e+00 -9.458381e-05
6.920000e+00 -1.464111e-04
6.930000e+00 -1.978058e-04
6.940000e+00 -2.486587e-04
6.950000e+00 -2.988562e-04
6.960000e+00 -3.482802e-04
6.970000e+00 -3.968088e-04
6.980000e+00 -4.443164e-04
6.990000e+00 -4.906746e-04
7.000000e+00 -5.357527e-04
7.010000e+00 -5.794187e-04
7.020000e+00 -6.215403e-04
7.030000e+00 -6.619857e-04
7.040000e+00 -7.006247e-04
7.050000e+00 -7.373299e-04
7.060000e+00 -7.719776e-04
7.070000e+00 -8.044489e-04
7.080000e+00 -8.346304e-04
7.090000e+00 -8.624155e-04
7.100000e+00 -8.877050e-04
7.110000e+00 -9.104077e-04
7.120000e+00 -9.304414e-04
7.130000e+00 -9.477332e-04
7.140000e+00 -9.622200e-04
7.150000e+00 -9.738492e-04
7.160000e+00 -9.825788e-04
7.170000e+00 -9.883781e-04
7.180000e+00 -9.912275e-04
7.190000e+00 -9.911193e-04
7.200000e+00 -9.880577e-04
7.210000e+00 -9.820588e-04
7.220000e+00 -9.731516e-04
7.230000e+00 -9.613773e-04
7.240000e+00 -9.467902e-04
7.250000e+00 -9.294575e-04
7.260000e+00 -9.094594e-04
7.270000e+00 -8.868894e-04
7.280000e+00 -8.618539e-04
7.290000e+00 -8.344727e-04
7.300000e+00 -8.048778e-04
7.310000e+00 -7.732141e-04
7.320000e+00 -7.396381e-04
7.330000e+00 -7.043177e-04
7.340000e+00 -6.674313e-04
7.350000e+00 -6.291665e-04
7.360000e+00 -5.897196e-04
7.370000e+00 -5.492938e-04
7.380000e+00 -5.080982e-04
7.390000e+00 -4.663460e-04
7.400000e+00 -4.242531e-04
7.410000e+00 -3.820364e-04
7.420000e+00 -3.399122e-04
7.430000e+00 -2.980944e-04
7.440000e+00 -2.567932e-04
7.450000e+00 -2.162130e-04
7.460000e+00 -1.765517e-04
7.470000e+00 -1.379987e-04
7.480000e+00 -1.007342e-04
7.490000e+00 -6.492776e-05
7.500000e+00 -3.073796e-05
7.510000e+00 1.688638e-06
7.520000e+00 3.221780e-05
7.530000e+00 6.072802e-05
7.540000e+00 8.711062e-05
7.550000e+00 1.112698e-04
7.560000e+00 1.331228e-04
7.570000e+00 1.525992e-04
7.580000e+00 1.696414e-04
7.590000e+00 1.842039e-04
7.600000e+00 1.962533e-04
7.610000e+00 2.057681e-04
7.620000e+00 2.127384e-04
7.630000e+00 2.171661e-04
7.640000e+00 2.190645e-04
7.650000e+00 2.184587e-04
7.660000e+00 2.153854e-04
7.670000e+00 2.098931e-04
7.680000e+00 2.020426e-04
7.690000e+00 1.919068e-04
7.700000e+00 1.795710e-04
7.710000e+00 1.651328e-04
7.720000e+00 1.487026e-04
7.730000e+00 1.304029e-04
7.740000e+00 1.103685e-04
7.750000e+00 8.874577e-05
7.760000e+00 6.569189e-05
7.770000e+00 4.137426e-05
7.780000e+00 1.596915e-05
7.790000e+00 -1.033961e-05
7.800000e+00 -3.736222e-05
7.810000e+00 -6.490477e-05
7.820000e+00 -9.277118e-05
7.830000e+00 -1.207654e-04
7.840000e+00 -1.486935e-04
7.850000e+00 -1.763663e-04
7.860000e+00 -2.036014e-04
7.870000e+00 -2.302253e-04
7.880000e+00 -2.560762e-04
7.890000e+00 -2.810050e-04
7.900000e+00 -3.048779e-04
7.910000e+00 -3.275775e-04
7.920000e+00 -3.490037e-04
7.930000e+00 -3.690750e-04
7.940000e+00 -3.877287e-04
7.950000e+00 -4.049209e-04
7.960000e+00 -4.206262e-04
7.970000e+00 -4.348369e-04
7.980000e+00 -4.475623e-04
7.990000e+00 -4.588267e-04
8.000000e+00 -4.686684e-04
8.010000e+00 -4.771373e-04
8.020000e+00 -4.842931e-04
8.030000e+00 -4.902030e-04
8.040000e+00 -4.949397e-04
8.050000e+00 -4.985791e-04
8.060000e+00 -5.011980e-04
8.070000e+00 -5.028723e-04
8.080000e+00 -5.036754e-04
8.090000e+00 -5.036763e-04
8.100000e+00 -5.029386e-04
8.110000e+00 -5.015195e-04
8.120000e+00 -4.994689e-04
8.130000e+00 -4.968295e-04
8.140000e+00 -4.936361e-04
8.150000e+00 -4.899169e-04
8.160000e+00 -4.856931e-04
8.170000e+00 -4.809801e-04
8.180000e+00 -4.757886e-04
8.190000e+00 -4.701256e-04
8.200000e+00 -4.639958e-04
8.210000e+00 -4.574027e-04
8.220000e+00 -4.503504e-04
8.230000e+00 -4.428444e-04
8.240000e+00 -4.348933e-04
8.250000e+00 -4.265098e-04
8.260000e+00 -4.177114e-04
8.270000e+00 -4.085216e-04
8.280000e+00 -3.989703e-04
8.290000e+00 -3.890941e-04
8.300000e+00 -3.789366e-04
8.310000e+00 -3.685482e-04
8.320000e+00 -3.579861e-04
8.330000e+00 -3.473133e-04
8.340000e+00 -3.365983e-04
8.350000e+00 -3.259142e-04
8.360000e+00 -3.153375e-04
8.370000e+00 -3.049472e-04
8.380000e+00 -2.948235e-04
8.390000e+00 -2.850464e-04
8.400000e+00 -2.756949e-04
8.410000e+00 -2.668449e-04
8.420000e+00 -2.585688e-04
8.430000e+00 -2.509336e-04
8.440000e+00 -2.440001e-04
8.450000e+00 -2.378217e-04
8.460000e+00 -2.324436e-04
8.470000e+00 -2.279016e-04
8.480000e+00 -2.242221e-04
8.490000e+00 -2.214208e-04
8.500000e+00 -2.195026e-04
8.510000e+00 -2.184616e-04
8.520000e+00 -2.182806e-04
8.530000e+00 -2.189316e-04
8.540000e+00 -2.203757e-04
8.550000e+00 -2.225637e-04
8.560000e+00 -2.254367e-04
8.570000e+00 -2.289270e-04
8.580000e+00 -2.329584e-04
8.590000e+00 -2.374478e-04
8.600000e+00 -2.423064e-04
8.610000e+00 -2.474402e-04
8.620000e+00 -2.527523e-04
8.630000e+00 -2.581437e-04
8.640000e+00 -2.635148e-04
8.650000e+00 -2.687670e-04
8.660000e+00 -2.738043e-04
8.670000e+00 -2.785344e-04
8.680000e+00 -2.828702e-04
8.690000e+00 -2.867314e-04
8.700000e+00 -2.900448e-04
8.710000e+00 -2.927464e-04
8.720000e+00 -2.947810e-04
8.730000e+00 -2.961041e-04
8.740000e+00 -2.966811e-04
8.750000e+00 -2.964885e-04
8.760000e+00 -2.955133e-04
8.770000e+00 -2.937528e-04
8.780000e+00 -2.912145e-04
8.790000e+00 -2.879150e-04
8.800000e+00 -2.838796e-04
8.810000e+00 -2.791410e-04
8.820000e+00 -2.737384e-04
8.830000e+00 -2.677165e-04
8.840000e+00 -2.611237e-04
8.850000e+00 -2.540118e-04
8.860000e+00 -2.464340e-04
8.870000e+00 -2.384443e-04
8.880000e+00 -2.300967e-04
8.890000e+00 -2.214436e-04
8.900000e+00 -2.125362e-04
8.910000e+00 -2.034233e-04
8.920000e+00 -1.941511e-04
8.930000e+00 -1.847638e-04
8.940000e+00 -1.753031e-04
8.950000e+00 -1.658086e-04
8.960000e+00 -1.563189e-04
8.970000e+00 -1.468716e-04
8.980000e+00 -1.375042e-04
8.990000e+00 -1.282554e-04
9.000000e+00 -1.191653e-04
9.010000e+00 -1.102765e-04
9.020000e+00 -1.016348e-04
9.030000e+00 -9.328977e-05
9.040000e+00 -8.529515e-05
9.050000e+00 -7.770911e-05
9.060000e+00 -7.059423e-05
9.070000e+00 -6.401722e-05
9.080000e+00 -5.804843e-05
9.090000e+00 -5.276102e-05
9.100000e+00 -4.822991e-05
9.110000e+00 -4.453054e-05
9.120000e+00 -4.173732e-05
9.130000e+00 -3.992201e-05
9.140000e+00 -3.915192e-05
9.150000e+00 -3.948807e-05
9.160000e+00 -4.098331e-05
9.170000e+00 -4.368053e-05
9.180000e+00 -4.761095e-05
9.190000e+00 -5.279261e-05
9.200000e+00 -5.922906e-05
9.210000e+00 -6.690839e-05
9.220000e+00 -7.580246e-05
9.230000e+00 -8.586666e-05
9.240000e+00 -9.703988e-05
9.250000e+00 -1.092450e-04
9.260000e+00 -1.223898e-04
9.270000e+00 -1.363680e-04
9.280000e+00 -1.510610e-04
9.290000e+00 -1.663398e-04
9.300000e+00 -1.820671e-04
9.310000e+00 -1.980996e-04
9.320000e+00 -2.142911e-04
9.330000e+00 -2.304946e-04
9.340000e+00 -2.465653e-04
9.350000e+00 -2.623635e-04
9.360000e+00 -2.777568e-04
9.370000e+00 -2.926227e-04
9.380000e+00 -3.068509e-04
9.390000e+00 -3.203451e-04
9.400000e+00 -3.330247e-04
9.410000e+00 -3.448258e-04
9.420000e+00 -3.557023e-04
9.430000e+00 -3.656261e-04
9.440000e+00 -3.745875e-04
9.450000e+00 -3.825941e-04
9.460000e+00 -3.896709e-04
9.470000e+00 -3.958584e-04
9.480000e+00 -4.012115e-04
9.490000e+00 -4.057976e-04
9.500000e+00 -4.096947e-04
9.510000e+00 -4.129891e-04
9.520000e+00 -4.157729e-04
9.530000e+00 -4.181418e-04
9.540000e+00 -4.201925e-04
9.550000e+00 -4.220200e-04
9.560000e+00 -4.237157e-04
9.570000e+00 -4.253647e-04
9.580000e+00 -4.270438e-04
9.590000e+00 -4.288196e-04
9.600000e+00 -4.307465e-04
9.610000e+00 -4.328660e-04
9.620000e+00 -4.352045e-04
9.630000e+00 -4.377731e-04
9.640000e+00 -4.405669e-04
9.650000e+00 -4.435643e-04
9.660000e+00 -4.467276e-04
9.670000e+00 -4.500025e-04
9.680000e+00 -4.533193e-04
9.690000e+00 -4.565935e-04
9.700000e+00 -4.597266e-04
9.710000e+00 -4.626075e-04
9.720000e+00 -4.651142e-04
9.730000e+00 -4.671151e-04
9.740000e+00 -4.684709e-04
9.750000e+00 -4.690366e-04
9.760000e+00 -4.686632e-04
9.770000e+00 -4.672002e-04
9.780000e+00 -4.644973e-04
9.790000e+00 -4.604066e-04
9.800000e+00 -4.547847e-04
9.810000e+00 -4.474949e-04
9.820000e+00 -4.384086e-04
9.830000e+00 -4.274078e-04
9.840000e+00 -4.143862e-04
9.850000e+00 -3.992510e-04
9.860000e+00 -3.819244e-04
9.870000e+00 -3.623445e-04
9.880000e+00 -3.404662e-04
9.890000e+00 -3.162623e-04
9.900000e+00 -2.897236e-04
9.910000e+00 -2.608594e-04
9.920000e+00 -2.296977e-04
9.930000e+00 -1.962844e-04
9.940000e+00 -1.606839e-04
9.950000e+00 -1.229776e-04
9.960000e+00 -8.326364e-05
9.970000e+00 -4.165598e-05
9.980000e+00 1.716799e-06
9.990000e+00 4.671250e-05
1.000000e+01 9.317660e-05
