# sigma2_v 9.707860161892228e+00
0.000000e+00 1.000000e+00
1.000000e-02 9.995147e-01
2.000000e-02 9.980605e-01
3.000000e-02 9.956418e-01
4.000000e-02 9.922663e-01
5.000000e-02 9.879446e-01
6.000000e-02 9.826901e-01
7.000000e-02 9.765194e-01
8.000000e-02 9.694513e-01
9.000000e-02 9.615078e-01
1.000000e-01 9.527130e-01
1.100000e-01 9.430937e-01
1.200000e-01 9.326787e-01
1.300000e-01 9.214990e-01
1.400000e-01 9.095875e-01
1.500000e-01 8.969788e-01
1.600000e-01 8.837093e-01
1.700000e-01 8.698164e-01
1.800000e-01 8.553390e-01
1.900000e-01 8.403168e-01
2.000000e-01 8.247905e-01
2.100000e-01 8.088012e-01
2.200000e-01 7.923906e-01
2.300000e-01 7.756005e-01
2.400000e-01 7.584730e-01
2.500000e-01 7.410499e-01
2.600000e-01 7.233726e-01
2.700000e-01 7.054824e-01
2.800000e-01 6.874197e-01
2.900000e-01 6.692242e-01
3.000000e-01 6.509349e-01
3.100000e-01 6.325896e-01
3.200000e-01 6.142250e-01
3.300000e-01 5.958766e-01
3.400000e-01 5.775786e-01
3.500000e-01 5.593638e-01
3.600000e-01 5.412634e-01
3.700000e-01 5.233072e-01
3.800000e-01 5.055234e-01
3.900000e-01 4.879383e-01
4.000000e-01 4.705769e-01
4.100000e-01 4.534623e-01
4.200000e-01 4.366159e-01
4.300000e-01 4.200575e-01
4.400000e-01 4.038050e-01
4.500000e-01 3.878749e-01
4.600000e-01 3.722817e-01
4.700000e-01 3.570386e-01
4.800000e-01 3.421570e-01
4.900000e-01 3.276467e-01
5.000000e-01 3.135161e-01
5.100000e-01 2.997721e-01
5.200000e-01 2.864202e-01
5.300000e-01 2.734644e-01
5.400000e-01 2.609076e-01
5.500000e-01 2.487514e-01
5.600000e-01 2.369961e-01
5.700000e-01 2.256411e-01
5.800000e-01 2.146847e-01
5.900000e-01 2.041241e-01
6.000000e-01 1.939558e-01
6.100000e-01 1.841754e-01
6.200000e-01 1.747775e-01
6.300000e-01 1.657564e-01
6.400000e-01 1.571055e-01
6.500000e-01 1.488177e-01
6.600000e-01 1.408854e-01
6.700000e-01 1.333004e-01
6.800000e-01 1.260544e-01
6.900000e-01 1.191386e-01
7.000000e-01 1.125438e-01
7.100000e-01 1.062608e-01
7.200000e-01 1.002801e-01
7.300000e-01 9.459204e-02
7.400000e-01 8.918687e-02
7.500000e-01 8.405484e-02
7.600000e-01 7.918615e-02
7.700000e-01 7.457103e-02
7.800000e-01 7.019977e-02
7.900000e-01 6.606272e-02
8.000000e-01 6.215035e-02
8.100000e-01 5.845328e-02
8.200000e-01 5.496227e-02
8.300000e-01 5.166825e-02
8.400000e-01 4.856237e-02
8.500000e-01 4.563596e-02
8.600000e-01 4.288060e-02
8.700000e-01 4.028809e-02
8.800000e-01 3.785046e-02
8.900000e-01 3.556002e-02
9.000000e-01 3.340930e-02
9.100000e-01 3.139111e-02
9.200000e-01 2.949852e-02
9.300000e-01 2.772484e-02
9.400000e-01 2.606366e-02
9.500000e-01 2.450883e-02
9.600000e-01 2.305443e-02
9.700000e-01 2.169482e-02
9.800000e-01 2.042458e-02
9.900000e-01 1.923856e-02
1.000000e+00 1.813182e-02
1.010000e+00 1.709967e-02
1.020000e+00 1.613763e-02
1.030000e+00 1.524143e-02
1.040000e+00 1.440703e-02
1.050000e+00 1.363058e-02
1.060000e+00 1.290842e-02
1.070000e+00 1.223709e-02
1.080000e+00 1.161330e-02
1.090000e+00 1.103395e-02
1.100000e+00 1.049608e-02
1.110000e+00 9.996912e-03
1.120000e+00 9.533824e-03
1.130000e+00 9.104334e-03
1.140000e+00 8.706103e-03
1.150000e+00 8.336928e-03
1.160000e+00 7.994737e-03
1.170000e+00 7.677583e-03
1.180000e+00 7.383638e-03
1.190000e+00 7.111185e-03
1.200000e+00 6.858620e-03
1.210000e+00 6.624438e-03
1.220000e+00 6.407234e-03
1.230000e+00 6.205696e-03
1.240000e+00 6.018603e-03
1.250000e+00 5.844814e-03
1.260000e+00 5.683269e-03
1.270000e+00 5.532984e-03
1.280000e+00 5.393045e-03
1.290000e+00 5.262604e-03
1.300000e+00 5.140875e-03
1.310000e+00 5.027133e-03
1.320000e+00 4.920706e-03
1.330000e+00 4.820973e-03
1.340000e+00 4.727364e-03
1.350000e+00 4.639351e-03
1.360000e+00 4.556449e-03
1.370000e+00 4.478213e-03
1.380000e+00 4.404234e-03
1.390000e+00 4.334136e-03
1.400000e+00 4.267576e-03
1.410000e+00 4.204240e-03
1.420000e+00 4.143840e-03
1.430000e+00 4.086115e-03
1.440000e+00 4.030827e-03
1.450000e+00 3.977759e-03
1.460000e+00 3.926712e-03
1.470000e+00 3.877509e-03
1.480000e+00 3.829986e-03
1.490000e+00 3.783994e-03
1.500000e+00 3.739399e-03
1.510000e+00 3.696077e-03
1.520000e+00 3.653916e-03
1.530000e+00 3.612810e-03
1.540000e+00 3.572664e-03
1.550000e+00 3.533387e-03
1.560000e+00 3.494894e-03
1.570000e+00 3.457105e-03
1.580000e+00 3.419943e-03
1.590000e+00 3.383333e-03
1.600000e+00 3.347205e-03
1.610000e+00 3.311488e-03
1.620000e+00 3.276114e-03
1.630000e+00 3.241018e-03
1.640000e+00 3.206135e-03
1.650000e+00 3.171403e-03
1.660000e+00 3.136762e-03
1.670000e+00 3.102156e-03
1.680000e+00 3.067532e-03
1.690000e+00 3.032842e-03
1.700000e+00 2.998042e-03
1.710000e+00 2.963095e-03
1.720000e+00 2.927970e-03
1.730000e+00 2.892643e-03
1.740000e+00 2.857097e-03
1.750000e+00 2.821324e-03
1.760000e+00 2.785324e-03
1.770000e+00 2.749103e-03
1.780000e+00 2.712678e-03
1.790000e+00 2.676072e-03
1.800000e+00 2.639316e-03
1.810000e+00 2.602445e-03
1.820000e+00 2.565503e-03
1.830000e+00 2.528535e-03
1.840000e+00 2.491589e-03
1.850000e+00 2.454718e-03
1.860000e+00 2.417970e-03
1.870000e+00 2.381395e-03
1.880000e+00 2.345038e-03
1.890000e+00 2.308941e-03
1.900000e+00 2.273138e-03
1.910000e+00 2.237658e-03
1.920000e+00 2.202519e-03
1.930000e+00 2.167732e-03
1.940000e+00 2.133297e-03
1.950000e+00 2.099202e-03
1.960000e+00 2.065426e-03
1.970000e+00 2.031937e-03
1.980000e+00 1.998690e-03
1.990000e+00 1.965634e-03
2.000000e+00 1.932706e-03
2.010000e+00 1.899835e-03
2.020000e+00 1.866943e-03
2.030000e+00 1.833947e-03
2.040000e+00 1.800758e-03
2.050000e+00 1.767285e-03
2.060000e+00 1.733434e-03
2.070000e+00 1.699114e-03
2.080000e+00 1.664232e-03
2.090000e+00 1.628699e-03
2.100000e+00 1.592431e-03
2.110000e+00 1.555347e-03
2.120000e+00 1.517373e-03
2.130000e+00 1.478442e-03
2.140000e+00 1.438494e-03
2.150000e+00 1.397476e-03
2.160000e+00 1.355343e-03
2.170000e+00 1.312060e-03
2.180000e+00 1.267597e-03
2.190000e+00 1.221934e-03
2.200000e+00 1.175058e-03
2.210000e+00 1.126963e-03
2.220000e+00 1.077651e-03
2.230000e+00 1.027128e-03
2.240000e+00 9.754092e-04
2.250000e+00 9.225148e-04
2.260000e+00 8.684705e-04
2.270000e+00 8.133080e-04
2.280000e+00 7.570648e-04
2.290000e+00 6.997838e-04
2.300000e+00 6.415140e-04
2.310000e+00 5.823108e-04
2.320000e+00 5.222356e-04
2.330000e+00 4.613571e-04
2.340000e+00 3.997508e-04
2.350000e+00 3.375004e-04
2.360000e+00 2.746974e-04
2.370000e+00 2.114420e-04
2.380000e+00 1.478431e-04
2.390000e+00 8.401884e-05
2.400000e+00 2.009653e-05
2.410000e+00 -4.378734e-05
2.420000e+00 -1.074872e-04
2.430000e+00 -1.708489e-04
2.440000e+00 -2.337098e-04
2.450000e+00 -2.959001e-04
2.460000e+00 -3.572430e-04
2.470000e+00 -4.175562e-04
2.480000e+00 -4.766531e-04
2.490000e+00 -5.343436e-04
2.500000e+00 -5.904363e-04
2.510000e+00 -6.447394e-04
2.520000e+00 -6.970629e-04
2.530000e+00 -7.472197e-04
2.540000e+00 -7.950280e-04
2.550000e+00 -8.403121e-04
2.560000e+00 -8.829052e-04
2.570000e+00 -9.226500e-04
2.580000e+00 -9.594009e-04
2.590000e+00 -9.930251e-04
2.600000e+00 -1.023404e-03
2.610000e+00 -1.050436e-03
2.620000e+00 -1.074033e-03
2.630000e+00 -1.094127e-03
2.640000e+00 -1.110668e-03
2.650000e+00 -1.123624e-03
2.660000e+00 -1.132984e-03
2.670000e+00 -1.138754e-03
2.680000e+00 -1.140964e-03
2.690000e+00 -1.139660e-03
2.700000e+00 -1.134910e-03
2.710000e+00 -1.126801e-03
2.720000e+00 -1.115439e-03
2.730000e+00 -1.100949e-03
2.740000e+00 -1.083474e-03
2.750000e+00 -1.063174e-03
2.760000e+00 -1.040223e-03
2.770000e+00 -1.014814e-03
2.780000e+00 -9.871512e-04
2.790000e+00 -9.574517e-04
2.800000e+00 -9.259445e-04
2.810000e+00 -8.928679e-04
2.820000e+00 -8.584682e-04
2.830000e+00 -8.229982e-04
2.840000e+00 -7.867153e-04
2.850000e+00 -7.498793e-04
2.860000e+00 -7.127513e-04
2.870000e+00 -6.755911e-04
2.880000e+00 -6.386554e-04
2.890000e+00 -6.021960e-04
2.900000e+00 -5.664582e-04
2.910000e+00 -5.316782e-04
2.920000e+00 -4.980820e-04
2.930000e+00 -4.658836e-04
2.940000e+00 -4.352835e-04
2.950000e+00 -4.064671e-04
2.960000e+00 -3.796038e-04
2.970000e+00 -3.548457e-04
2.980000e+00 -3.323272e-04
2.990000e+00 -3.121637e-04
3.000000e+00 -2.944520e-04
3.010000e+00 -2.792692e-04
3.020000e+00 -2.666735e-04
3.030000e+00 -2.567039e-04
3.040000e+00 -2.493806e-04
3.050000e+00 -2.447058e-04
3.060000e+00 -2.426639e-04
3.070000e+00 -2.432231e-04
3.080000e+00 -2.463353e-04
3.090000e+00 -2.519380e-04
3.100000e+00 -2.599550e-04
3.110000e+00 -2.702972e-04
3.120000e+00 -2.828645e-04
3.130000e+00 -2.975460e-04
3.140000e+00 -3.142221e-04
3.150000e+00 -3.327646e-04
3.160000e+00 -3.530386e-04
3.170000e+00 -3.749029e-04
3.180000e+00 -3.982112e-04
3.190000e+00 -4.228131e-04
3.200000e+00 -4.485547e-04
3.210000e+00 -4.752799e-04
3.220000e+00 -5.028305e-04
3.230000e+00 -5.310476e-04
3.240000e+00 -5.597718e-04
3.250000e+00 -5.888445e-04
3.260000e+00 -6.181082e-04
3.270000e+00 -6.474074e-04
3.280000e+00 -6.765894e-04
3.290000e+00 -7.055048e-04
3.300000e+00 -7.340086e-04
3.310000e+00 -7.619609e-04
3.320000e+00 -7.892272e-04
3.330000e+00 -8.156800e-04
3.340000e+00 -8.411986e-04
3.350000e+00 -8.656705e-04
3.360000e+00 -8.889915e-04
3.370000e+00 -9.110666e-04
3.380000e+00 -9.318104e-04
3.390000e+00 -9.511472e-04
3.400000e+00 -9.690115e-04
3.410000e+00 -9.853479e-04
3.420000e+00 -1.000111e-03
3.430000e+00 -1.013266e-03
3.440000e+00 -1.024787e-03
3.450000e+00 -1.034657e-03
3.460000e+00 -1.042869e-03
3.470000e+00 -1.049421e-03
3.480000e+00 -1.054320e-03
3.490000e+00 -1.057578e-03
3.500000e+00 -1.059214e-03
3.510000e+00 -1.059247e-03
3.520000e+00 -1.057701e-03
3.530000e+00 -1.054602e-03
3.540000e+00 -1.049977e-03
3.550000e+00 -1.043851e-03
3.560000e+00 -1.036249e-03
3.570000e+00 -1.027197e-03
3.580000e+00 -1.016714e-03
3.590000e+00 -1.004821e-03
3.600000e+00 -9.915353e-04
3.610000e+00 -9.768702e-04
3.620000e+00 -9.608383e-04
3.630000e+00 -9.434502e-04
3.640000e+00 -9.247151e-04
3.650000e+00 -9.046416e-04
3.660000e+00 -8.832388e-04
3.670000e+00 -8.605169e-04
3.680000e+00 -8.364884e-04
3.690000e+00 -8.111691e-04
3.700000e+00 -7.845791e-04
3.710000e+00 -7.567440e-04
3.720000e+00 -7.276954e-04
3.730000e+00 -6.974723e-04
3.740000e+00 -6.661212e-04
3.750000e+00 -6.336973e-04
3.760000e+00 -6.002645e-04
3.770000e+00 -5.658960e-04
3.780000e+00 -5.306739e-04
3.790000e+00 -4.946892e-04
3.800000e+00 -4.580419e-04
3.810000e+00 -4.208397e-04
3.820000e+00 -3.831979e-04
3.830000e+00 -3.452385e-04
3.840000e+00 -3.070889e-04
3.850000e+00 -2.688808e-04
3.860000e+00 -2.307494e-04
3.870000e+00 -1.928316e-04
3.880000e+00 -1.552649e-04
3.890000e+00 -1.181861e-04
3.900000e+00 -8.172946e-05
3.910000e+00 -4.602606e-05
3.920000e+00 -1.120192e-05
3.930000e+00 2.262310e-05
3.940000e+00 5.533645e-05
3.950000e+00 8.683406e-05
3.960000e+00 1.170213e-04
3.970000e+00 1.458141e-04
3.980000e+00 1.731392e-04
3.990000e+00 1.989356e-04
4.000000e+00 2.231545e-04
4.010000e+00 2.457603e-04
4.020000e+00 2.667302e-04
4.030000e+00 2.860551e-04
4.040000e+00 3.037396e-04
4.050000e+00 3.198013e-04
4.060000e+00 3.342717e-04
4.070000e+00 3.471949e-04
4.080000e+00 3.586279e-04
4.090000e+00 3.686399e-04
4.100000e+00 3.773114e-04
4.110000e+00 3.847335e-04
4.120000e+00 3.910075e-04
4.130000e+00 3.962432e-04
4.140000e+00 4.005579e-04
4.150000e+00 4.040757e-04
4.160000e+00 4.069256e-04
4.170000e+00 4.092402e-04
4.180000e+00 4.111543e-04
4.190000e+00 4.128036e-04
4.200000e+00 4.143224e-04
4.210000e+00 4.158430e-04
4.220000e+00 4.174935e-04
4.230000e+00 4.193964e-04
4.240000e+00 4.216673e-04
4.250000e+00 4.244137e-04
4.260000e+00 4.277336e-04
4.270000e+00 4.317143e-04
4.280000e+00 4.364319e-04
4.290000e+00 4.419507e-04
4.300000e+00 4.483223e-04
4.310000e+00 4.555857e-04
4.320000e+00 4.637673e-04
4.330000e+00 4.728809e-04
4.340000e+00 4.829284e-04
4.350000e+00 4.939004e-04
4.360000e+00 5.057768e-04
4.370000e+00 5.185280e-04
4.380000e+00 5.321161e-04
4.390000e+00 5.464959e-04
4.400000e+00 5.616164e-04
4.410000e+00 5.774219e-04
4.420000e+00 5.938536e-04
4.430000e+00 6.108505e-04
4.440000e+00 6.283510e-04
4.450000e+00 6.462935e-04
4.460000e+00 6.646179e-04
4.470000e+00 6.832656e-04
4.480000e+00 7.021809e-04
4.490000e+00 7.213108e-04
4.500000e+00 7.406052e-04
4.510000e+00 7.600172e-04
4.520000e+00 7.795029e-04
4.530000e+00 7.990206e-04
4.540000e+00 8.185307e-04
4.550000e+00 8.379949e-04
4.560000e+00 8.573758e-04
4.570000e+00 8.766356e-04
4.580000e+00 8.957357e-04
4.590000e+00 9.146360e-04
4.600000e+00 9.332941e-04
4.610000e+00 9.516648e-04
4.620000e+00 9.696994e-04
4.630000e+00 9.873457e-04
4.640000e+00 1.004548e-03
4.650000e+00 1.021246e-03
4.660000e+00 1.037377e-03
4.670000e+00 1.052875e-03
4.680000e+00 1.067670e-03
4.690000e+00 1.081693e-03
4.700000e+00 1.094873e-03
4.710000e+00 1.107137e-03
4.720000e+00 1.118417e-03
4.730000e+00 1.128645e-03
4.740000e+00 1.137758e-03
4.750000e+00 1.145696e-03
4.760000e+00 1.152407e-03
4.770000e+00 1.157845e-03
4.780000e+00 1.161970e-03
4.790000e+00 1.164754e-03
4.800000e+00 1.166175e-03
4.810000e+00 1.166223e-03
4.820000e+00 1.164894e-03
4.830000e+00 1.162197e-03
4.840000e+00 1.158149e-03
4.850000e+00 1.152775e-03
4.860000e+00 1.146111e-03
4.870000e+00 1.138197e-03
4.880000e+00 1.129082e-03
4.890000e+00 1.118822e-03
4.900000e+00 1.107474e-03
4.910000e+00 1.095102e-03
4.920000e+00 1.081770e-03
4.930000e+00 1.067548e-03
4.940000e+00 1.052501e-03
4.950000e+00 1.036699e-03
4.960000e+00 1.020207e-03
4.970000e+00 1.003090e-03
4.980000e+00 9.854117e-04
4.990000e+00 9.672325e-04
5.000000e+00 9.486098e-04
5.010000e+00 9.295986e-04
5.020000e+00 9.102509e-04
5.030000e+00 8.906161e-04
5.040000e+00 8.707414e-04
5.050000e+00 8.506717e-04
5.060000e+00 8.304506e-04
5.070000e+00 8.101202e-04
5.080000e+00 7.897222e-04
5.090000e+00 7.692978e-04
5.100000e+00 7.488885e-04
5.110000e+00 7.285364e-04
5.120000e+00 7.082845e-04
5.130000e+00 6.881773e-04
5.140000e+00 6.682603e-04
5.150000e+00 6.485810e-04
5.160000e+00 6.291882e-04
5.170000e+00 6.101326e-04
5.180000e+00 5.914661e-04
5.190000e+00 5.732423e-04
5.200000e+00 5.555156e-04
5.210000e+00 5.383413e-04
5.220000e+00 5.217753e-04
5.230000e+00 5.058734e-04
5.240000e+00 4.906914e-04
5.250000e+00 4.762842e-04
5.260000e+00 4.627057e-04
5.270000e+00 4.500085e-04
5.280000e+00 4.382429e-04
5.290000e+00 4.274573e-04
5.300000e+00 4.176970e-04
5.310000e+00 4.090043e-04
5.320000e+00 4.014178e-04
5.330000e+00 3.949722e-04
5.340000e+00 3.896977e-04
5.350000e+00 3.856194e-04
5.360000e+00 3.827570e-04
5.370000e+00 3.811245e-04
5.380000e+00 3.807291e-04
5.390000e+00 3.815712e-04
5.400000e+00 3.836435e-04
5.410000e+00 3.869306e-04
5.420000e+00 3.914084e-04
5.430000e+00 3.970435e-04
5.440000e+00 4.037926e-04
5.450000e+00 4.116021e-04
5.460000e+00 4.204077e-04
5.470000e+00 4.301339e-04
5.480000e+00 4.406940e-04
5.490000e+00 4.519896e-04
5.500000e+00 4.639109e-04
5.510000e+00 4.763367e-04
5.520000e+00 4.891346e-04
5.530000e+00 5.021617e-04
5.540000e+00 5.152653e-04
5.550000e+00 5.282834e-04
5.560000e+00 5.410459e-04
5.570000e+00 5.533761e-04
5.580000e+00 5.650915e-04
5.590000e+00 5.760061e-04
5.600000e+00 5.859313e-04
5.610000e+00 5.946783e-04
5.620000e+00 6.020595e-04
5.630000e+00 6.078911e-04
5.640000e+00 6.119945e-04
5.650000e+00 6.141986e-04
5.660000e+00 6.143420e-04
5.670000e+00 6.122746e-04
5.680000e+00 6.078597e-04
5.690000e+00 6.009758e-04
5.700000e+00 5.915182e-04
5.710000e+00 5.794004e-04
5.720000e+00 5.645557e-04
5.730000e+00 5.469382e-04
5.740000e+00 5.265236e-04
5.750000e+00 5.033103e-04
5.760000e+00 4.773194e-04
5.770000e+00 4.485955e-04
5.780000e+00 4.172064e-04
5.790000e+00 3.832429e-04
5.800000e+00 3.468187e-04
5.810000e+00 3.080694e-04
5.820000e+00 2.671517e-04
5.830000e+00 2.242427e-04
5.840000e+00 1.795380e-04
5.850000e+00 1.332508e-04
5.860000e+00 8.561008e-05
5.870000e+00 3.685853e-05
5.880000e+00 -1.274906e-05
5.890000e+00 -6.294810e-05
5.900000e+00 -1.134663e-04
5.910000e+00 -1.640263e-04
5.920000e+00 -2.143475e-04
5.930000e+00 -2.641491e-04
5.940000e+00 -3.131523e-04
5.950000e+00 -3.610832e-04
5.960000e+00 -4.076746e-04
5.970000e+00 -4.526691e-04
5.980000e+00 -4.958213e-04
5.990000e+00 -5.369000e-04
6.000000e+00 -5.756903e-04
6.010000e+00 -6.119958e-04
6.020000e+00 -6.456402e-04
6.030000e+00 -6.764688e-04
6.040000e+00 -7.043497e-04
6.050000e+00 -7.291751e-04
6.060000e+00 -7.508615e-04
6.070000e+00 -7.693506e-04
6.080000e+00 -7.846088e-04
6.090000e+00 -7.966270e-04
6.100000e+00 -8.054202e-04
6.110000e+00 -8.110260e-04
6.120000e+00 -8.135037e-04
6.130000e+00 -8.129325e-04
6.140000e+00 -8.094093e-04
6.150000e+00 -8.030473e-04
6.160000e+00 -7.939727e-04
6.170000e+00 -7.823232e-04
6.180000e+00 -7.682445e-04
6.190000e+00 -7.518886e-04
6.200000e+00 -7.334102e-04
6.210000e+00 -7.129649e-04
6.220000e+00 -6.907064e-04
6.230000e+00 -6.667841e-04
6.240000e+00 -6.413414e-04
6.250000e+00 -6.145132e-04
6.260000e+00 -5.864249e-04
6.270000e+00 -5.571908e-04
6.280000e+00 -5.269130e-04
6.290000e+00 -4.956809e-04
6.300000e+00 -4.635709e-04
6.310000e+00 -4.306462e-04
6.320000e+00 -3.969570e-04
6.330000e+00 -3.625415e-04
6.340000e+00 -3.274259e-04
6.350000e+00 -2.916262e-04
6.360000e+00 -2.551488e-04
6.370000e+00 -2.179922e-04
6.380000e+00 -1.801481e-04
6.390000e+00 -1.416030e-04
6.400000e+00 -1.023398e-04
6.410000e+00 -6.233909e-05
6.420000e+00 -2.158045e-05
6.430000e+00 1.995602e-05
6.440000e+00 6.228863e-05
6.450000e+00 1.054330e-04
6.460000e+00 1.494014e-04
6.470000e+00 1.942014e-04
6.480000e+00 2.398358e-04
6.490000e+00 2.863020e-04
6.500000e+00 3.335916e-04
6.510000e+00 3.816900e-04
6.520000e+00 4.305766e-04
6.530000e+00 4.802244e-04
6.540000e+00 5.306004e-04
6.550000e+00 5.816649e-04
6.560000e+00 6.333725e-04
6.570000e+00 6.856713e-04
6.580000e+00 7.385033e-04
6.590000e+00 7.918043e-04
6.600000e+00 8.455041e-04
6.610000e+00 8.995258e-04
6.620000e+00 9.537863e-04
6.630000e+00 1.008196e-03
6.640000e+00 1.062659e-03
6.650000e+00 1.117071e-03
6.660000e+00 1.171322e-03
6.670000e+00 1.225295e-03
6.680000e+00 1.278866e-03
6.690000e+00 1.331903e-03
6.700000e+00 1.384269e-03
6.710000e+00 1.435817e-03
6.720000e+00 1.486399e-03
6.730000e+00 1.535857e-03
6.740000e+00 1.584030e-03
6.750000e+00 1.630753e-03
6.760000e+00 1.675859e-03
6.770000e+00 1.719178e-03
6.780000e+00 1.760541e-03
6.790000e+00 1.799778e-03
6.800000e+00 1.836723e-03
6.810000e+00 1.871215e-03
6.820000e+00 1.903096e-03
6.830000e+00 1.932218e-03
6.840000e+00 1.958439e-03
6.850000e+00 1.981630e-03
6.860000e+00 2.001671e-03
6.870000e+00 2.018457e-03
6.880000e+00 2.031894e-03
6.890000e+00 2.041905e-03
6.900000e+00 2.048428e-03
6.910000e+00 2.051415e-03
6.920000e+00 2.050838e-03
6.930000e+00 2.046681e-03
6.940000e+00 2.038947e-03
6.950000e+00 2.027655e-03
6.960000e+00 2.012839e-03
6.970000e+00 1.994548e-03
6.980000e+00 1.972845e-03
6.990000e+00 1.947810e-03
7.000000e+00 1.919532e-03
7.010000e+00 1.888114e-03
7.020000e+00 1.853673e-03
7.030000e+00 1.816332e-03
7.040000e+00 1.776227e-03
7.050000e+00 1.733502e-03
7.060000e+00 1.688311e-03
7.070000e+00 1.640813e-03
7.080000e+00 1.591177e-03
7.090000e+00 1.539577e-03
7.100000e+00 1.486194e-03
7.110000e+00 1.431214e-03
7.120000e+00 1.374828e-03
7.130000e+00 1.317232e-03
7.140000e+00 1.258628e-03
7.150000e+00 1.199219e-03
7.160000e+00 1.139212e-03
7.170000e+00 1.078819e-03
7.180000e+00 1.018249e-03
7.190000e+00 9.577171e-04
7.200000e+00 8.974350e-04
7.210000e+00 8.376149e-04
7.220000e+00 7.784670e-04
7.230000e+00 7.201982e-04
7.240000e+00 6.630107e-04
7.250000e+00 6.071015e-04
7.260000e+00 5.526600e-04
7.270000e+00 4.998674e-04
7.280000e+00 4.488949e-04
7.290000e+00 3.999026e-04
7.300000e+00 3.530380e-04
7.310000e+00 3.084350e-04
7.320000e+00 2.662126e-04
7.330000e+00 2.264741e-04
7.340000e+00 1.893065e-04
7.350000e+00 1.547794e-04
7.360000e+00 1.229448e-04
7.370000e+00 9.383718e-05
7.380000e+00 6.747282e-05
7.390000e+00 4.385053e-05
7.400000e+00 2.295177e-05
7.410000e+00 4.741237e-06
7.420000e+00 -1.083236e-05
7.430000e+00 -2.383542e-05
7.440000e+00 -3.434838e-05
7.450000e+00 -4.246456e-05
7.460000e+00 -4.828882e-05
7.470000e+00 -5.193629e-05
7.480000e+00 -5.353084e-05
7.490000e+00 -5.320367e-05
7.500000e+00 -5.109183e-05
7.510000e+00 -4.733670e-05
7.520000e+00 -4.208256e-05
7.530000e+00 -3.547518e-05
7.540000e+00 -2.766040e-05
7.550000e+00 -1.878286e-05
7.560000e+00 -8.984770e-06
7.570000e+00 1.595295e-06
7.580000e+00 1.282342e-05
7.590000e+00 2.457133e-05
7.600000e+00 3.671732e-05
7.610000e+00 4.914697e-05
7.620000e+00 6.175390e-05
7.630000e+00 7.444031e-05
7.640000e+00 8.711745e-05
7.650000e+00 9.970607e-05
7.660000e+00 1.121366e-04
7.670000e+00 1.243494e-04
7.680000e+00 1.362946e-04
7.690000e+00 1.479326e-04
7.700000e+00 1.592330e-04
7.710000e+00 1.701752e-04
7.720000e+00 1.807476e-04
7.730000e+00 1.909469e-04
7.740000e+00 2.007780e-04
7.750000e+00 2.102531e-04
7.760000e+00 2.193905e-04
7.770000e+00 2.282144e-04
7.780000e+00 2.367536e-04
7.790000e+00 2.450405e-04
7.800000e+00 2.531102e-04
7.810000e+00 2.609994e-04
7.820000e+00 2.687451e-04
7.830000e+00 2.763842e-04
7.840000e+00 2.839520e-04
7.850000e+00 2.914811e-04
7.860000e+00 2.990014e-04
7.870000e+00 3.065383e-04
7.880000e+00 3.141129e-04
7.890000e+00 3.217411e-04
7.900000e+00 3.294330e-04
7.910000e+00 3.371934e-04
7.920000e+00 3.450208e-04
7.930000e+00 3.529082e-04
7.940000e+00 3.608428e-04
7.950000e+00 3.688064e-04
7.960000e+00 3.767760e-04
7.970000e+00 3.847243e-04
7.980000e+00 3.926198e-04
7.990000e+00 4.004280e-04
8.000000e+00 4.081121e-04
8.010000e+00 4.156329e-04
8.020000e+00 4.229506e-04
8.030000e+00 4.300242e-04
8.040000e+00 4.368133e-04
8.050000e+00 4.432776e-04
8.060000e+00 4.493779e-04
8.070000e+00 4.550761e-04
8.080000e+00 4.603359e-04
8.090000e+00 4.651224e-04
8.100000e+00 4.694024e-04
8.110000e+00 4.731445e-04
8.120000e+00 4.763187e-04
8.130000e+00 4.788964e-04
8.140000e+00 4.808504e-04
8.150000e+00 4.821542e-04
8.160000e+00 4.827822e-04
8.170000e+00 4.827093e-04
8.180000e+00 4.819110e-04
8.190000e+00 4.803630e-04
8.200000e+00 4.780411e-04
8.210000e+00 4.749218e-04
8.220000e+00 4.709821e-04
8.230000e+00 4.661998e-04
8.240000e+00 4.605539e-04
8.250000e+00 4.540252e-04
8.260000e+00 4.465968e-04
8.270000e+00 4.382549e-04
8.280000e+00 4.289892e-04
8.290000e+00 4.187940e-04
8.300000e+00 4.076688e-04
8.310000e+00 3.956194e-04
8.320000e+00 3.826582e-04
8.330000e+00 3.688054e-04
8.340000e+00 3.540894e-04
8.350000e+00 3.385473e-04
8.360000e+00 3.222257e-04
8.370000e+00 3.051805e-04
8.380000e+00 2.874776e-04
8.390000e+00 2.691926e-04
8.400000e+00 2.504108e-04
8.410000e+00 2.312268e-04
8.420000e+00 2.117443e-04
8.430000e+00 1.920754e-04
8.440000e+00 1.723398e-04
8.450000e+00 1.526639e-04
8.460000e+00 1.331802e-04
8.470000e+00 1.140260e-04
8.480000e+00 9.534233e-05
8.490000e+00 7.727286e-05
8.500000e+00 5.996261e-05
8.510000e+00 4.355678e-05
8.520000e+00 2.819952e-05
8.530000e+00 1.403266e-05
8.540000e+00 1.194492e-06
8.550000e+00 -1.018141e-05
8.560000e+00 -1.996743e-05
8.570000e+00 -2.804304e-05
8.580000e+00 -3.429595e-05
8.590000e+00 -3.862324e-05
8.600000e+00 -4.093243e-05
8.610000e+00 -4.114256e-05
8.620000e+00 -3.918525e-05
8.630000e+00 -3.500568e-05
8.640000e+00 -2.856362e-05
8.650000e+00 -1.983435e-05
8.660000e+00 -8.809572e-06
8.670000e+00 4.501727e-06
8.680000e+00 2.007252e-05
8.690000e+00 3.785704e-05
8.700000e+00 5.779022e-05
8.710000e+00 7.978723e-05
8.720000e+00 1.037432e-04
8.730000e+00 1.295333e-04
8.740000e+00 1.570123e-04
8.750000e+00 1.860158e-04
8.760000e+00 2.163598e-04
8.770000e+00 2.478426e-04
8.780000e+00 2.802448e-04
8.790000e+00 3.133319e-04
8.800000e+00 3.468552e-04
8.810000e+00 3.805541e-04
8.820000e+00 4.141581e-04
8.830000e+00 4.473899e-04
8.840000e+00 4.799675e-04
8.850000e+00 5.116074e-04
8.860000e+00 5.420277e-04
8.870000e+00 5.709512e-04
8.880000e+00 5.981083e-04
8.890000e+00 6.232407e-04
8.900000e+00 6.461039e-04
8.910000e+00 6.664705e-04
8.920000e+00 6.841330e-04
8.930000e+00 6.989059e-04
8.940000e+00 7.106282e-04
8.950000e+00 7.191652e-04
8.960000e+00 7.244098e-04
8.970000e+00 7.262834e-04
8.980000e+00 7.247370e-04
8.990000e+00 7.197505e-04
9.000000e+00 7.113332e-04
9.010000e+00 6.995224e-04
9.020000e+00 6.843825e-04
9.030000e+00 6.660032e-04
9.040000e+00 6.444977e-04
9.050000e+00 6.200005e-04
9.060000e+00 5.926644e-04
9.070000e+00 5.626584e-04
9.080000e+00 5.301645e-04
9.090000e+00 4.953747e-04
9.100000e+00 4.584883e-04
9.110000e+00 4.197089e-04
9.120000e+00 3.792415e-04
9.130000e+00 3.372901e-04
9.140000e+00 2.940551e-04
9.150000e+00 2.497315e-04
9.160000e+00 2.045065e-04
9.170000e+00 1.585586e-04
9.180000e+00 1.120558e-04
9.190000e+00 6.515529e-05
9.200000e+00 1.800244e-05
9.210000e+00 -2.926914e-05
9.220000e+00 -7.653758e-05
9.230000e+00 -1.236923e-04
9.240000e+00 -1.706336e-04
9.250000e+00 -2.172713e-04
9.260000e+00 -2.635244e-04
9.270000e+00 -3.093190e-04
9.280000e+00 -3.545880e-04
9.290000e+00 -3.992689e-04
9.300000e+00 -4.433027e-04
9.310000e+00 -4.866326e-04
9.320000e+00 -5.292027e-04
9.330000e+00 -5.709564e-04
9.340000e+00 -6.118354e-04
9.350000e+00 -6.517790e-04
9.360000e+00 -6.907224e-04
9.370000e+00 -7.285970e-04
9.380000e+00 -7.653286e-04
9.390000e+00 -8.008381e-04
9.400000e+00 -8.350407e-04
9.410000e+00 -8.678458e-04
9.420000e+00 -8.991573e-04
9.430000e+00 -9.288739e-04
9.440000e+00 -9.568896e-04
9.450000e+00 -9.830938e-04
9.460000e+00 -1.007373e-03
9.470000e+00 -1.029611e-03
9.480000e+00 -1.049689e-03
9.490000e+00 -1.067490e-03
9.500000e+00 -1.082896e-03
9.510000e+00 -1.095791e-03
9.520000e+00 -1.106063e-03
9.530000e+00 -1.113606e-03
9.540000e+00 -1.118319e-03
9.550000e+00 -1.120107e-03
9.560000e+00 -1.118889e-03
9.570000e+00 -1.114589e-03
9.580000e+00 -1.107148e-03
9.590000e+00 -1.096518e-03
9.600000e+00 -1.082665e-03
9.610000e+00 -1.065571e-03
9.620000e+00 -1.045237e-03
9.630000e+00 -1.021677e-03
9.640000e+00 -9.949275e-04
9.650000e+00 -9.650404e-04
9.660000e+00 -9.320875e-04
9.670000e+00 -8.961591e-04
9.680000e+00 -8.573635e-04
9.690000e+00 -8.158271e-04
9.700000e+00 -7.716932e-04
9.710000e+00 -7.251212e-04
9.720000e+00 -6.762853e-04
9.730000e+00 -6.253731e-04
9.740000e+00 -5.725839e-04
9.750000e+00 -5.181270e-04
9.760000e+00 -4.622199e-04
9.770000e+00 -4.050858e-04
9.780000e+00 -3.469522e-04
9.790000e+00 -2.880480e-04
9.800000e+00 -2.286022e-04
9.810000e+00 -1.688411e-04
9.820000e+00 -1.089870e-04
9.830000e+00 -4.925581e-05
9.840000e+00 1.014427e-05
9.850000e+00 6.901436e-05
9.860000e+00 1.271662e-04
9.870000e+00 1.844231e-04
9.880000e+00 2.406208e-04
9.890000e+00 2.956081e-04
9.900000e+00 3.492470e-04
9.910000e+00 4.014127e-04
9.920000e+00 4.519937e-04
9.930000e+00 5.008911e-04
9.940000e+00 5.480182e-04
9.950000e+00 5.932996e-04
9.960000e+00 6.366704e-04
9.970000e+00 6.780750e-04
9.980000e+00 7.174664e-04
9.990000e+00 7.548047e-04
1.000000e+01 7.900561e-04
