# nc 512
# boxsize 1.000000e+03
8.018239e-03 9 1.421782e+04 1.341060e+06 1.264941e+08
1.659868e-02 64 1.479108e+04 1.389162e+06 1.304895e+08
2.586446e-02 157 1.132392e+04 1.062138e+06 9.967989e+07
3.529679e-02 292 8.187904e+03 7.638942e+05 7.135127e+07
4.513097e-02 529 6.950077e+03 6.450061e+05 5.998234e+07
5.555287e-02 820 5.550659e+03 5.129152e+05 4.754278e+07
6.539610e-02 1000 4.828823e+03 4.429445e+05 4.081503e+07
7.523297e-02 1483 4.086438e+03 3.726747e+05 3.418962e+07
8.527687e-02 1792 3.424287e+03 3.095337e+05 2.819079e+07
9.513029e-02 2293 2.755741e+03 2.464345e+05 2.226159e+07
1.052419e-01 2848 2.349416e+03 2.094082e+05 1.888650e+07
1.151206e-01 3232 2.188492e+03 1.934714e+05 1.734622e+07
1.250948e-01 4077 2.031544e+03 1.780859e+05 1.586188e+07
1.351559e-01 4552 1.797417e+03 1.560819e+05 1.380705e+07
1.451184e-01 5377 1.637596e+03 1.407905e+05 1.235760e+07
1.550677e-01 5974 1.415523e+03 1.201506e+05 1.044886e+07
1.650359e-01 6976 1.278083e+03 1.074107e+05 9.287921e+06
1.750550e-01 7717 1.162427e+03 9.685583e+04 8.327465e+06
1.850940e-01 8776 1.078634e+03 8.893761e+04 7.586475e+06
1.950993e-01 9553 1.011778e+03 8.266334e+04 7.011602e+06
2.050639e-01 10660 9.373386e+02 7.566117e+04 6.361232e+06
2.150232e-01 11608 8.548965e+02 6.814532e+04 5.678948e+06
2.250206e-01 12937 7.780824e+02 6.134283e+04 5.081686e+06
2.351002e-01 14062 7.387048e+02 5.747761e+04 4.712066e+06
2.450739e-01 15105 6.858589e+02 5.284209e+04 4.308472e+06
2.550522e-01 16492 6.473461e+02 4.935215e+04 3.997780e+06
2.650604e-01 17821 6.111453e+02 4.581138e+04 3.669731e+06
2.750125e-01 18940 5.813583e+02 4.312443e+04 3.428088e+06
2.850269e-01 20836 5.516756e+02 4.033068e+04 3.172700e+06
2.950518e-01 21949 5.161823e+02 3.717610e+04 2.899890e+06
3.050599e-01 23656 4.865381e+02 3.469877e+04 2.692119e+06
3.149891e-01 24727 4.721849e+02 3.322186e+04 2.548762e+06
3.250379e-01 27400 4.452633e+02 3.099101e+04 2.365872e+06
3.350922e-01 28096 4.171653e+02 2.860812e+04 2.165063e+06
3.450584e-01 30337 3.992845e+02 2.705868e+04 2.033379e+06
3.550604e-01 31696 3.890038e+02 2.595900e+04 1.929105e+06
3.650295e-01 33849 3.681846e+02 2.427793e+04 1.793386e+06
3.750722e-01 35800 3.507711e+02 2.274642e+04 1.661674e+06
3.850647e-01 37348 3.387795e+02 2.169555e+04 1.572635e+06
3.950397e-01 39535 3.201545e+02 2.021137e+04 1.456016e+06
4.050307e-01 41452 3.082098e+02 1.922420e+04 1.373568e+06
4.150177e-01 43669 2.998842e+02 1.840759e+04 1.300058e+06
4.250356e-01 45832 2.882422e+02 1.744671e+04 1.222393e+06
4.350008e-01 47524 2.772450e+02 1.653335e+04 1.148405e+06
4.450186e-01 50761 2.656773e+02 1.560317e+04 1.074369e+06
4.550579e-01 52264 2.556054e+02 1.480323e+04 1.012967e+06
4.650571e-01 54973 2.480703e+02 1.412588e+04 9.558764e+05
4.750553e-01 56890 2.403245e+02 1.354266e+04 9.102403e+05
4.849982e-01 59233 2.318502e+02 1.284337e+04 8.555199e+05
4.949997e-01 62460 2.243315e+02 1.221575e+04 8.049612e+05
5.050400e-01 64660 2.166825e+02 1.161824e+04 7.596502e+05
5.150365e-01 67105 2.116751e+02 1.118527e+04 7.243751e+05
5.250511e-01 70108 2.034374e+02 1.057877e+04 6.802942e+05
5.350611e-01 72421 1.967385e+02 1.007352e+04 6.423987e+05
5.450809e-01 75628 1.931402e+02 9.724026e+03 6.125516e+05
5.550666e-01 77374 1.871228e+02 9.281851e+03 5.793833e+05
5.650248e-01 80965 1.811079e+02 8.845529e+03 5.487594e+05
5.750209e-01 83536 1.763558e+02 8.463847e+03 5.193317e+05
5.849943e-01 86509 1.720038e+02 8.125900e+03 4.940665e+05
5.950118e-01 90088 1.682908e+02 7.809657e+03 4.699956e+05
6.050243e-01 92524 1.632195e+02 7.445344e+03 4.443078e+05
6.150021e-01 95685 1.577132e+02 7.076733e+03 4.198955e+05
6.250268e-01 99460 1.539506e+02 6.772234e+03 3.971942e+05
6.350319e-01 101791 1.497516e+02 6.495788e+03 3.784006e+05
6.450443e-01 105940 1.457818e+02 6.213894e+03 3.587495e+05
6.550363e-01 108040 1.431120e+02 6.007714e+03 3.434324e+05
6.650248e-01 112417 1.394492e+02 5.738330e+03 3.248404e+05
6.749918e-01 114172 1.354185e+02 5.489883e+03 3.087701e+05
6.849838e-01 119989 1.323082e+02 5.256699e+03 2.926223e+05
6.950359e-01 122428 1.292790e+02 5.049212e+03 2.793778e+05
7.050021e-01 125049 1.263182e+02 4.841730e+03 2.645129e+05
7.150185e-01 130682 1.234597e+02 4.641808e+03 2.515184e+05
7.250500e-01 132820 1.206181e+02 4.452442e+03 2.389382e+05
7.350461e-01 137169 1.180765e+02 4.274504e+03 2.275028e+05
7.450354e-01 139912 1.149217e+02 4.095190e+03 2.168307e+05
7.550326e-01 145021 1.124925e+02 3.930002e+03 2.057732e+05
7.650453e-01 148000 1.099693e+02 3.771819e+03 1.960144e+05
7.750260e-01 151840 1.073918e+02 3.598191e+03 1.857638e+05
7.849916e-01 155365 1.051887e+02 3.461942e+03 1.768808e+05
7.950130e-01 161410 1.028097e+02 3.322521e+03 1.687435e+05
8.050563e-01 164341 1.010209e+02 3.201815e+03 1.611861e+05
8.150452e-01 167704 9.888071e+01 3.062946e+03 1.527539e+05
8.250456e-01 172960 9.667002e+01 2.937999e+03 1.453912e+05
8.350307e-01 175597 9.447067e+01 2.815513e+03 1.389973e+05
8.450225e-01 181552 9.284027e+01 2.711669e+03 1.324467e+05
8.550387e-01 185185 9.075350e+01 2.599568e+03 1.261295e+05
8.650410e-01 189576 8.912342e+01 2.497342e+03 1.198989e+05
8.750145e-01 192850 8.727129e+01 2.395440e+03 1.145729e+05
8.849866e-01 198481 8.577615e+01 2.307670e+03 1.094388e+05
8.950163e-01 203908 8.389017e+01 2.216803e+03 1.046170e+05
9.050183e-01 206677 8.222128e+01 2.123573e+03 9.964614e+04
9.150119e-01 212440 8.052955e+01 2.033829e+03 9.487630e+04
9.250146e-01 216544 7.935432e+01 1.960039e+03 9.096781e+04
9.350152e-01 221725 7.777238e+01 1.879078e+03 8.664835e+04
9.450189e-01 226024 7.625446e+01 1.803459e+03 8.279167e+04
9.550021e-01 230515 7.499954e+01 1.733512e+03 7.909688e+04
9.650081e-01 236548 7.362578e+01 1.663939e+03 7.563205e+04
9.750165e-01 240697 7.213894e+01 1.597522e+03 7.228741e+04
9.850258e-01 246264 7.062451e+01 1.525795e+03 6.885639e+04
9.950310e-01 250480 6.966814e+01 1.471632e+03 6.601659e+04
