# nc 512
# boxsize 1.000000e+03
8.018239e-03 9 8.747000e+03 8.232651e+05 7.748726e+07
1.659868e-02 64 1.291416e+04 1.215993e+06 1.145149e+08
2.586446e-02 157 1.216976e+04 1.142405e+06 1.072874e+08
3.529679e-02 292 8.539480e+03 7.957410e+05 7.423944e+07
4.513097e-02 529 6.221172e+03 5.763418e+05 5.351282e+07
5.555287e-02 820 5.413631e+03 5.001819e+05 4.636546e+07
6.539610e-02 1000 5.066041e+03 4.655915e+05 4.296099e+07
7.523297e-02 1483 4.148642e+03 3.780531e+05 3.465968e+07
8.527687e-02 1792 3.554553e+03 3.209214e+05 2.920467e+07
9.513029e-02 2293 2.845721e+03 2.550634e+05 2.310824e+07
1.052419e-01 2848 2.367291e+03 2.102700e+05 1.892049e+07
1.151206e-01 3232 2.215637e+03 1.949622e+05 1.740622e+07
1.250948e-01 4077 2.000116e+03 1.749912e+05 1.556476e+07
1.351559e-01 4552 1.812406e+03 1.572728e+05 1.390887e+07
1.451184e-01 5377 1.654144e+03 1.421031e+05 1.247258e+07
1.550677e-01 5974 1.411921e+03 1.196048e+05 1.039487e+07
1.650359e-01 6976 1.276374e+03 1.068766e+05 9.212268e+06
1.750550e-01 7717 1.160270e+03 9.598064e+04 8.206539e+06
1.850940e-01 8776 1.104884e+03 9.093457e+04 7.748448e+06
1.950993e-01 9553 1.037584e+03 8.444707e+04 7.134170e+06
2.050639e-01 10660 9.291072e+02 7.481183e+04 6.283786e+06
2.150232e-01 11608 8.525754e+02 6.769326e+04 5.629898e+06
2.250206e-01 12937 7.878500e+02 6.176280e+04 5.088668e+06
2.351002e-01 14062 7.377932e+02 5.718277e+04 4.684376e+06
2.450739e-01 15105 7.048384e+02 5.408375e+04 4.393576e+06
2.550522e-01 16492 6.585543e+02 4.998383e+04 4.036157e+06
2.650604e-01 17821 6.073810e+02 4.557490e+04 3.655574e+06
2.750125e-01 18940 5.759750e+02 4.276319e+04 3.406840e+06
2.850269e-01 20836 5.434160e+02 3.969671e+04 3.124590e+06
2.950518e-01 21949 5.134179e+02 3.697099e+04 2.882502e+06
3.050599e-01 23656 4.917018e+02 3.498233e+04 2.707070e+06
3.149891e-01 24727 4.670814e+02 3.283911e+04 2.521277e+06
3.250379e-01 27400 4.363585e+02 3.029419e+04 2.313061e+06
3.350922e-01 28096 4.266943e+02 2.917725e+04 2.200324e+06
3.450584e-01 30337 4.034424e+02 2.726190e+04 2.043318e+06
3.550604e-01 31696 3.845292e+02 2.568881e+04 1.912192e+06
3.650295e-01 33849 3.641490e+02 2.390624e+04 1.762281e+06
3.750722e-01 35800 3.533221e+02 2.294147e+04 1.676515e+06
3.850647e-01 37348 3.388430e+02 2.167883e+04 1.570376e+06
3.950397e-01 39535 3.265269e+02 2.058385e+04 1.476888e+06
4.050307e-01 41452 3.090442e+02 1.924538e+04 1.372972e+06
4.150177e-01 43669 3.000357e+02 1.840433e+04 1.300227e+06
4.250356e-01 45832 2.879782e+02 1.741724e+04 1.220439e+06
4.350008e-01 47524 2.780128e+02 1.655910e+04 1.149479e+06
4.450186e-01 50761 2.678634e+02 1.574644e+04 1.085603e+06
4.550579e-01 52264 2.576063e+02 1.488097e+04 1.014908e+06
4.650571e-01 54973 2.505724e+02 1.427021e+04 9.648257e+05
4.750553e-01 56890 2.425183e+02 1.359095e+04 9.103904e+05
4.849982e-01 59233 2.319202e+02 1.280979e+04 8.532307e+05
4.949997e-01 62460 2.260812e+02 1.229557e+04 8.105008e+05
5.050400e-01 64660 2.191110e+02 1.172582e+04 7.651539e+05
5.150365e-01 67105 2.112496e+02 1.114244e+04 7.215105e+05
5.250511e-01 70108 2.044597e+02 1.061377e+04 6.817662e+05
5.350611e-01 72421 1.984776e+02 1.013003e+04 6.438076e+05
5.450809e-01 75628 1.929739e+02 9.696218e+03 6.107244e+05
5.550666e-01 77374 1.886610e+02 9.329827e+03 5.819261e+05
5.650248e-01 80965 1.825034e+02 8.897788e+03 5.512628e+05
5.750209e-01 83536 1.775285e+02 8.490220e+03 5.211830e+05
5.849943e-01 86509 1.725975e+02 8.142809e+03 4.952362e+05
5.950118e-01 90088 1.682336e+02 7.787645e+03 4.686602e+05
6.050243e-01 92524 1.625155e+02 7.400829e+03 4.418413e+05
6.150021e-01 95685 1.583727e+02 7.099305e+03 4.200858e+05
6.250268e-01 99460 1.544244e+02 6.794359e+03 3.990110e+05
6.350319e-01 101791 1.510907e+02 6.530753e+03 3.789306e+05
6.450443e-01 105940 1.463593e+02 6.229258e+03 3.594946e+05
6.550363e-01 108040 1.432454e+02 5.985813e+03 3.418738e+05
6.650248e-01 112417 1.394065e+02 5.720207e+03 3.235335e+05
6.749918e-01 114172 1.364127e+02 5.504637e+03 3.084852e+05
6.849838e-01 119989 1.333288e+02 5.275686e+03 2.927502e+05
6.950359e-01 122428 1.292419e+02 5.018786e+03 2.769368e+05
7.050021e-01 125049 1.268997e+02 4.846976e+03 2.650833e+05
7.150185e-01 130682 1.231248e+02 4.612534e+03 2.499544e+05
7.250500e-01 132820 1.205233e+02 4.442100e+03 2.391108e+05
7.350461e-01 137169 1.179932e+02 4.267108e+03 2.275698e+05
7.450354e-01 139912 1.156263e+02 4.098031e+03 2.162802e+05
7.550326e-01 145021 1.125459e+02 3.910507e+03 2.049627e+05
7.650453e-01 148000 1.099225e+02 3.750562e+03 1.946739e+05
7.750260e-01 151840 1.082229e+02 3.627362e+03 1.864674e+05
7.849916e-01 155365 1.057719e+02 3.473660e+03 1.775759e+05
7.950130e-01 161410 1.033296e+02 3.324917e+03 1.685843e+05
8.050563e-01 164341 1.013694e+02 3.196482e+03 1.606176e+05
8.150452e-01 167704 9.921584e+01 3.072057e+03 1.534292e+05
8.250456e-01 172960 9.705661e+01 2.948346e+03 1.462156e+05
8.350307e-01 175597 9.503208e+01 2.827134e+03 1.392465e+05
8.450225e-01 181552 9.316776e+01 2.717702e+03 1.327949e+05
8.550387e-01 185185 9.118050e+01 2.609024e+03 1.265794e+05
8.650410e-01 189576 8.936356e+01 2.500477e+03 1.203377e+05
8.750145e-01 192850 8.760095e+01 2.399574e+03 1.146256e+05
8.849866e-01 198481 8.626096e+01 2.316544e+03 1.099611e+05
8.950163e-01 203908 8.415104e+01 2.212297e+03 1.046216e+05
9.050183e-01 206677 8.270969e+01 2.123085e+03 9.957674e+04
9.150119e-01 212440 8.092641e+01 2.034291e+03 9.491598e+04
9.250146e-01 216544 7.942945e+01 1.956989e+03 9.054941e+04
9.350152e-01 221725 7.805067e+01 1.879507e+03 8.668123e+04
9.450189e-01 226024 7.621069e+01 1.798935e+03 8.271845e+04
9.550021e-01 230515 7.515066e+01 1.731657e+03 7.898984e+04
9.650081e-01 236548 7.371432e+01 1.660585e+03 7.539576e+04
9.750165e-01 240697 7.250131e+01 1.595704e+03 7.209538e+04
9.850258e-01 246264 7.116138e+01 1.535964e+03 6.907876e+04
9.950310e-01 250480 6.955919e+01 1.467931e+03 6.613023e+04
