# nc 512
# boxsize 1.000000e+03
8.018239e-03 9 1.226563e+04 1.159233e+06 1.095637e+08
1.659868e-02 64 1.302765e+04 1.229365e+06 1.160335e+08
2.586446e-02 157 1.069877e+04 1.003982e+06 9.425498e+07
3.529679e-02 292 8.049146e+03 7.559818e+05 7.107458e+07
4.513097e-02 529 6.465978e+03 6.004870e+05 5.587695e+07
5.555287e-02 820 5.219714e+03 4.829377e+05 4.482495e+07
6.539610e-02 1000 4.862754e+03 4.468615e+05 4.124001e+07
7.523297e-02 1483 4.246304e+03 3.877944e+05 3.560712e+07
8.527687e-02 1792 3.376636e+03 3.059241e+05 2.792619e+07
9.513029e-02 2293 2.855017e+03 2.569309e+05 2.334402e+07
1.052419e-01 2848 2.388943e+03 2.131522e+05 1.925507e+07
1.151206e-01 3232 2.141572e+03 1.889898e+05 1.692209e+07
1.250948e-01 4077 2.034939e+03 1.786016e+05 1.592150e+07
1.351559e-01 4552 1.833663e+03 1.594835e+05 1.412708e+07
1.451184e-01 5377 1.622088e+03 1.397771e+05 1.230051e+07
1.550677e-01 5974 1.428563e+03 1.212075e+05 1.053960e+07
1.650359e-01 6976 1.271870e+03 1.072889e+05 9.306439e+06
1.750550e-01 7717 1.160734e+03 9.681002e+04 8.328544e+06
1.850940e-01 8776 1.074441e+03 8.900441e+04 7.629364e+06
1.950993e-01 9553 9.910321e+02 8.109593e+04 6.888583e+06
2.050639e-01 10660 9.388312e+02 7.588444e+04 6.382918e+06
2.150232e-01 11608 8.599033e+02 6.864255e+04 5.724028e+06
2.250206e-01 12937 7.849627e+02 6.193170e+04 5.130284e+06
2.351002e-01 14062 7.520972e+02 5.859399e+04 4.805069e+06
2.450739e-01 15105 6.875889e+02 5.299189e+04 4.319772e+06
2.550522e-01 16492 6.513771e+02 4.954375e+04 3.999413e+06
2.650604e-01 17821 6.207076e+02 4.670452e+04 3.743865e+06
2.750125e-01 18940 5.735941e+02 4.252703e+04 3.379215e+06
2.850269e-01 20836 5.428843e+02 3.974298e+04 3.133959e+06
2.950518e-01 21949 5.216393e+02 3.772690e+04 2.945627e+06
3.050599e-01 23656 4.875567e+02 3.487160e+04 2.709158e+06
3.149891e-01 24727 4.632839e+02 3.264576e+04 2.511296e+06
3.250379e-01 27400 4.408961e+02 3.070996e+04 2.344190e+06
3.350922e-01 28096 4.215181e+02 2.895305e+04 2.188896e+06
3.450584e-01 30337 3.973022e+02 2.690165e+04 2.018402e+06
3.550604e-01 31696 3.833955e+02 2.563115e+04 1.908384e+06
3.650295e-01 33849 3.664697e+02 2.426424e+04 1.796794e+06
3.750722e-01 35800 3.507480e+02 2.280237e+04 1.667152e+06
3.850647e-01 37348 3.343145e+02 2.144955e+04 1.557793e+06
3.950397e-01 39535 3.212573e+02 2.030661e+04 1.459325e+06
4.050307e-01 41452 3.108763e+02 1.939947e+04 1.382051e+06
4.150177e-01 43669 2.985403e+02 1.832796e+04 1.293857e+06
4.250356e-01 45832 2.860463e+02 1.737180e+04 1.219446e+06
4.350008e-01 47524 2.743861e+02 1.636716e+04 1.135834e+06
4.450186e-01 50761 2.651226e+02 1.560678e+04 1.076475e+06
4.550579e-01 52264 2.558189e+02 1.486429e+04 1.016620e+06
4.650571e-01 54973 2.478241e+02 1.415819e+04 9.593776e+05
4.750553e-01 56890 2.392660e+02 1.348503e+04 9.053548e+05
4.849982e-01 59233 2.324397e+02 1.289765e+04 8.576487e+05
4.949997e-01 62460 2.247193e+02 1.227094e+04 8.089854e+05
5.050400e-01 64660 2.174353e+02 1.170302e+04 7.652504e+05
5.150365e-01 67105 2.114641e+02 1.118642e+04 7.221170e+05
5.250511e-01 70108 2.031295e+02 1.058733e+04 6.788994e+05
5.350611e-01 72421 1.978143e+02 1.016056e+04 6.466848e+05
5.450809e-01 75628 1.911590e+02 9.643726e+03 6.085340e+05
5.550666e-01 77374 1.854541e+02 9.227412e+03 5.789364e+05
5.650248e-01 80965 1.810613e+02 8.861396e+03 5.489365e+05
5.750209e-01 83536 1.760278e+02 8.474044e+03 5.203787e+05
5.849943e-01 86509 1.713066e+02 8.111242e+03 4.931483e+05
5.950118e-01 90088 1.663672e+02 7.744263e+03 4.670951e+05
6.050243e-01 92524 1.617297e+02 7.424611e+03 4.447429e+05
6.150021e-01 95685 1.571013e+02 7.092958e+03 4.217911e+05
6.250268e-01 99460 1.540243e+02 6.826917e+03 4.007183e+05
6.350319e-01 101791 1.487424e+02 6.477086e+03 3.778867e+05
6.450443e-01 105940 1.461289e+02 6.239339e+03 3.598519e+05
6.550363e-01 108040 1.423186e+02 5.974651e+03 3.412113e+05
6.650248e-01 112417 1.385630e+02 5.711206e+03 3.231399e+05
6.749918e-01 114172 1.362446e+02 5.528590e+03 3.096264e+05
6.849838e-01 119989 1.323946e+02 5.278194e+03 2.937095e+05
6.950359e-01 122428 1.288528e+02 5.036787e+03 2.782026e+05
7.050021e-01 125049 1.259641e+02 4.841768e+03 2.644766e+05
7.150185e-01 130682 1.223641e+02 4.611986e+03 2.503138e+05
7.250500e-01 132820 1.198867e+02 4.443817e+03 2.390184e+05
7.350461e-01 137169 1.176558e+02 4.278473e+03 2.277343e+05
7.450354e-01 139912 1.146552e+02 4.092088e+03 2.162849e+05
7.550326e-01 145021 1.118990e+02 3.924042e+03 2.056577e+05
7.650453e-01 148000 1.097667e+02 3.775660e+03 1.963554e+05
7.750260e-01 151840 1.075318e+02 3.621181e+03 1.862258e+05
7.849916e-01 155365 1.049799e+02 3.467385e+03 1.772552e+05
7.950130e-01 161410 1.027568e+02 3.331601e+03 1.688544e+05
8.050563e-01 164341 1.004515e+02 3.195459e+03 1.606761e+05
8.150452e-01 167704 9.787955e+01 3.056843e+03 1.529901e+05
8.250456e-01 172960 9.655846e+01 2.955170e+03 1.461691e+05
8.350307e-01 175597 9.407411e+01 2.816825e+03 1.387649e+05
8.450225e-01 181552 9.203750e+01 2.701404e+03 1.320847e+05
8.550387e-01 185185 9.009650e+01 2.592475e+03 1.259953e+05
8.650410e-01 189576 8.837865e+01 2.490447e+03 1.201326e+05
8.750145e-01 192850 8.731507e+01 2.419226e+03 1.155457e+05
8.849866e-01 198481 8.522455e+01 2.308460e+03 1.097300e+05
8.950163e-01 203908 8.365031e+01 2.215763e+03 1.045830e+05
9.050183e-01 206677 8.199949e+01 2.129141e+03 1.000270e+05
9.150119e-01 212440 8.048769e+01 2.042707e+03 9.516271e+04
9.250146e-01 216544 7.872408e+01 1.955150e+03 9.076894e+04
9.350152e-01 221725 7.732838e+01 1.883450e+03 8.684671e+04
9.450189e-01 226024 7.596708e+01 1.804904e+03 8.284724e+04
9.550021e-01 230515 7.462283e+01 1.736378e+03 7.911666e+04
9.650081e-01 236548 7.320330e+01 1.665488e+03 7.568748e+04
9.750165e-01 240697 7.158877e+01 1.588752e+03 7.195233e+04
9.850258e-01 246264 7.056459e+01 1.529318e+03 6.895529e+04
9.950310e-01 250480 6.884800e+01 1.463681e+03 6.583978e+04
