# nc 512
# boxsize 1.000000e+03
8.018239e-03 9 1.168804e+04 1.103758e+06 1.042353e+08
1.659868e-02 64 1.074277e+04 1.010611e+06 9.508558e+07
2.586446e-02 157 1.005839e+04 9.465010e+05 8.910342e+07
3.529679e-02 292 6.945680e+03 6.499744e+05 6.088587e+07
4.513097e-02 529 5.977155e+03 5.571279e+05 5.203371e+07
5.555287e-02 820 5.411943e+03 5.014187e+05 4.659171e+07
6.539610e-02 1000 4.638481e+03 4.262662e+05 3.932926e+07
7.523297e-02 1483 4.077451e+03 3.737442e+05 3.444676e+07
8.527687e-02 1792 3.597161e+03 3.265085e+05 2.983883e+07
9.513029e-02 2293 2.765240e+03 2.483849e+05 2.252704e+07
1.052419e-01 2848 2.502226e+03 2.226229e+05 2.004444e+07
1.151206e-01 3232 2.141484e+03 1.892941e+05 1.696932e+07
1.250948e-01 4077 2.060900e+03 1.804327e+05 1.603661e+07
1.351559e-01 4552 1.839626e+03 1.596563e+05 1.410987e+07
1.451184e-01 5377 1.646748e+03 1.412410e+05 1.236782e+07
1.550677e-01 5974 1.416382e+03 1.203799e+05 1.048658e+07
1.650359e-01 6976 1.253746e+03 1.053986e+05 9.115355e+06
1.750550e-01 7717 1.157634e+03 9.623077e+04 8.257462e+06
1.850940e-01 8776 1.079582e+03 8.889478e+04 7.576732e+06
1.950993e-01 9553 1.011949e+03 8.244648e+04 6.974370e+06
2.050639e-01 10660 9.385232e+02 7.570375e+04 6.358660e+06
2.150232e-01 11608 8.421006e+02 6.721336e+04 5.615116e+06
2.250206e-01 12937 8.053839e+02 6.338088e+04 5.235136e+06
2.351002e-01 14062 7.454094e+02 5.783046e+04 4.731304e+06
2.450739e-01 15105 6.996718e+02 5.399667e+04 4.406490e+06
2.550522e-01 16492 6.507023e+02 4.945180e+04 3.993171e+06
2.650604e-01 17821 6.137653e+02 4.618549e+04 3.707562e+06
2.750125e-01 18940 5.720367e+02 4.242378e+04 3.373234e+06
2.850269e-01 20836 5.431426e+02 3.979479e+04 3.135489e+06
2.950518e-01 21949 5.144297e+02 3.730895e+04 2.926074e+06
3.050599e-01 23656 4.856983e+02 3.471086e+04 2.696973e+06
3.149891e-01 24727 4.601974e+02 3.250142e+04 2.505710e+06
3.250379e-01 27400 4.394050e+02 3.061519e+04 2.339764e+06
3.350922e-01 28096 4.165561e+02 2.866026e+04 2.174553e+06
3.450584e-01 30337 4.065289e+02 2.747891e+04 2.054693e+06
3.550604e-01 31696 3.788309e+02 2.527156e+04 1.879989e+06
3.650295e-01 33849 3.658869e+02 2.416333e+04 1.784370e+06
3.750722e-01 35800 3.510986e+02 2.281529e+04 1.668295e+06
3.850647e-01 37348 3.336949e+02 2.141777e+04 1.556188e+06
3.950397e-01 39535 3.221422e+02 2.041621e+04 1.471434e+06
4.050307e-01 41452 3.113383e+02 1.944813e+04 1.387097e+06
4.150177e-01 43669 2.970909e+02 1.831572e+04 1.297630e+06
4.250356e-01 45832 2.872350e+02 1.743581e+04 1.224055e+06
4.350008e-01 47524 2.760991e+02 1.650819e+04 1.148076e+06
4.450186e-01 50761 2.675404e+02 1.579229e+04 1.088472e+06
4.550579e-01 52264 2.557083e+02 1.481471e+04 1.012200e+06
4.650571e-01 54973 2.489456e+02 1.418780e+04 9.583398e+05
4.750553e-01 56890 2.396504e+02 1.348301e+04 9.046586e+05
4.849982e-01 59233 2.315115e+02 1.286761e+04 8.576920e+05
4.949997e-01 62460 2.231827e+02 1.218740e+04 8.053427e+05
5.050400e-01 64660 2.155647e+02 1.162090e+04 7.626607e+05
5.150365e-01 67105 2.095662e+02 1.112090e+04 7.216968e+05
5.250511e-01 70108 2.033246e+02 1.062195e+04 6.838668e+05
5.350611e-01 72421 1.969198e+02 1.009844e+04 6.440942e+05
5.450809e-01 75628 1.912972e+02 9.667029e+03 6.101863e+05
5.550666e-01 77374 1.870208e+02 9.309249e+03 5.824392e+05
5.650248e-01 80965 1.810475e+02 8.851180e+03 5.484836e+05
5.750209e-01 83536 1.759258e+02 8.460880e+03 5.201545e+05
5.849943e-01 86509 1.708065e+02 8.095244e+03 4.927211e+05
5.950118e-01 90088 1.668618e+02 7.760665e+03 4.677245e+05
6.050243e-01 92524 1.623854e+02 7.431663e+03 4.437882e+05
6.150021e-01 95685 1.577458e+02 7.105471e+03 4.217014e+05
6.250268e-01 99460 1.532370e+02 6.790359e+03 3.988286e+05
6.350319e-01 101791 1.504911e+02 6.556511e+03 3.811263e+05
6.450443e-01 105940 1.458436e+02 6.221216e+03 3.582024e+05
6.550363e-01 108040 1.418609e+02 5.943019e+03 3.395071e+05
6.650248e-01 112417 1.380029e+02 5.696508e+03 3.231300e+05
6.749918e-01 114172 1.355755e+02 5.503544e+03 3.092296e+05
6.849838e-01 119989 1.323765e+02 5.281165e+03 2.939466e+05
6.950359e-01 122428 1.291223e+02 5.075123e+03 2.806372e+05
7.050021e-01 125049 1.258961e+02 4.830236e+03 2.643284e+05
7.150185e-01 130682 1.233161e+02 4.651700e+03 2.521882e+05
7.250500e-01 132820 1.201798e+02 4.447888e+03 2.391916e+05
7.350461e-01 137169 1.177700e+02 4.284352e+03 2.285656e+05
7.450354e-01 139912 1.151203e+02 4.111908e+03 2.171200e+05
7.550326e-01 145021 1.117395e+02 3.908322e+03 2.049010e+05
7.650453e-01 148000 1.095693e+02 3.766062e+03 1.956326e+05
7.750260e-01 151840 1.071764e+02 3.604386e+03 1.856136e+05
7.849916e-01 155365 1.051597e+02 3.469762e+03 1.775502e+05
7.950130e-01 161410 1.030000e+02 3.333904e+03 1.691244e+05
8.050563e-01 164341 1.010251e+02 3.201201e+03 1.608632e+05
8.150452e-01 167704 9.853170e+01 3.065241e+03 1.530312e+05
8.250456e-01 172960 9.682027e+01 2.950402e+03 1.462607e+05
8.350307e-01 175597 9.431098e+01 2.819864e+03 1.388486e+05
8.450225e-01 181552 9.267777e+01 2.716446e+03 1.327397e+05
8.550387e-01 185185 9.067139e+01 2.604893e+03 1.261584e+05
8.650410e-01 189576 8.902712e+01 2.507707e+03 1.206156e+05
8.750145e-01 192850 8.718067e+01 2.397538e+03 1.145045e+05
8.849866e-01 198481 8.565316e+01 2.310635e+03 1.094342e+05
8.950163e-01 203908 8.406931e+01 2.219266e+03 1.044670e+05
9.050183e-01 206677 8.224259e+01 2.128608e+03 9.983186e+04
9.150119e-01 212440 8.068122e+01 2.041978e+03 9.512316e+04
9.250146e-01 216544 7.915334e+01 1.960464e+03 9.070312e+04
9.350152e-01 221725 7.767886e+01 1.881013e+03 8.689680e+04
9.450189e-01 226024 7.607030e+01 1.803825e+03 8.287882e+04
9.550021e-01 230515 7.507120e+01 1.742034e+03 7.923177e+04
9.650081e-01 236548 7.328648e+01 1.658366e+03 7.534102e+04
9.750165e-01 240697 7.245155e+01 1.606872e+03 7.240277e+04
9.850258e-01 246264 7.072836e+01 1.534840e+03 6.913255e+04
9.950310e-01 250480 6.938096e+01 1.470975e+03 6.605550e+04
