# nc 512
# boxsize 1.000000e+03
8.018239e-03 9 1.095103e+04 1.032146e+06 9.728468e+07
1.659868e-02 64 1.254034e+04 1.181522e+06 1.113351e+08
2.586446e-02 157 1.012138e+04 9.496476e+05 8.915597e+07
3.529679e-02 292 9.100895e+03 8.515675e+05 7.976350e+07
4.513097e-02 529 6.778593e+03 6.296721e+05 5.860870e+07
5.555287e-02 820 5.820855e+03 5.368693e+05 4.967293e+07
6.539610e-02 1000 4.868348e+03 4.475452e+05 4.132806e+07
7.523297e-02 1483 3.873961e+03 3.539050e+05 3.254071e+07
8.527687e-02 1792 3.567935e+03 3.230474e+05 2.946997e+07
9.513029e-02 2293 2.877827e+03 2.586222e+05 2.347609e+07
1.052419e-01 2848 2.439886e+03 2.169511e+05 1.953000e+07
1.151206e-01 3232 2.153702e+03 1.906617e+05 1.712633e+07
1.250948e-01 4077 1.982796e+03 1.735014e+05 1.543981e+07
1.351559e-01 4552 1.820744e+03 1.579417e+05 1.395979e+07
1.451184e-01 5377 1.589380e+03 1.360821e+05 1.190933e+07
1.550677e-01 5974 1.412907e+03 1.199668e+05 1.044412e+07
1.650359e-01 6976 1.252926e+03 1.051567e+05 9.083474e+06
1.750550e-01 7717 1.171662e+03 9.715872e+04 8.316065e+06
1.850940e-01 8776 1.108968e+03 9.127980e+04 7.773722e+06
1.950993e-01 9553 1.038246e+03 8.446498e+04 7.131356e+06
2.050639e-01 10660 9.378504e+02 7.532597e+04 6.311834e+06
2.150232e-01 11608 8.589247e+02 6.837966e+04 5.698998e+06
2.250206e-01 12937 7.979012e+02 6.272270e+04 5.177908e+06
2.351002e-01 14062 7.407509e+02 5.746838e+04 4.704782e+06
2.450739e-01 15105 7.006181e+02 5.379280e+04 4.371104e+06
2.550522e-01 16492 6.575723e+02 4.994320e+04 4.031864e+06
2.650604e-01 17821 6.081093e+02 4.555395e+04 3.645764e+06
2.750125e-01 18940 5.739187e+02 4.247501e+04 3.374910e+06
2.850269e-01 20836 5.469716e+02 4.003661e+04 3.158014e+06
2.950518e-01 21949 5.192072e+02 3.747663e+04 2.922340e+06
3.050599e-01 23656 4.865838e+02 3.464983e+04 2.685136e+06
3.149891e-01 24727 4.687115e+02 3.298464e+04 2.534278e+06
3.250379e-01 27400 4.398970e+02 3.051725e+04 2.327188e+06
3.350922e-01 28096 4.234898e+02 2.902813e+04 2.195730e+06
3.450584e-01 30337 4.026432e+02 2.720475e+04 2.040112e+06
3.550604e-01 31696 3.840256e+02 2.556101e+04 1.897543e+06
3.650295e-01 33849 3.623380e+02 2.387019e+04 1.763574e+06
3.750722e-01 35800 3.525845e+02 2.284612e+04 1.669352e+06
3.850647e-01 37348 3.362816e+02 2.152855e+04 1.561744e+06
3.950397e-01 39535 3.281555e+02 2.068314e+04 1.483022e+06
4.050307e-01 41452 3.123300e+02 1.941507e+04 1.383472e+06
4.150177e-01 43669 2.979264e+02 1.821065e+04 1.285454e+06
4.250356e-01 45832 2.874703e+02 1.734612e+04 1.214244e+06
4.350008e-01 47524 2.778426e+02 1.653554e+04 1.146886e+06
4.450186e-01 50761 2.673999e+02 1.569667e+04 1.080422e+06
4.550579e-01 52264 2.592940e+02 1.496756e+04 1.020275e+06
4.650571e-01 54973 2.508896e+02 1.429865e+04 9.675563e+05
4.750553e-01 56890 2.421961e+02 1.357477e+04 9.089908e+05
4.849982e-01 59233 2.325237e+02 1.283159e+04 8.519868e+05
4.949997e-01 62460 2.278145e+02 1.242233e+04 8.184726e+05
5.050400e-01 64660 2.192067e+02 1.176307e+04 7.683003e+05
5.150365e-01 67105 2.121510e+02 1.118177e+04 7.226275e+05
5.250511e-01 70108 2.048467e+02 1.064172e+04 6.832309e+05
5.350611e-01 72421 1.994136e+02 1.015461e+04 6.446618e+05
5.450809e-01 75628 1.924366e+02 9.675559e+03 6.100366e+05
5.550666e-01 77374 1.893973e+02 9.366566e+03 5.836130e+05
5.650248e-01 80965 1.828330e+02 8.907680e+03 5.508889e+05
5.750209e-01 83536 1.773471e+02 8.485113e+03 5.196322e+05
5.849943e-01 86509 1.719542e+02 8.074274e+03 4.899054e+05
5.950118e-01 90088 1.682341e+02 7.793666e+03 4.688896e+05
6.050243e-01 92524 1.635084e+02 7.440123e+03 4.430856e+05
6.150021e-01 95685 1.595262e+02 7.158370e+03 4.235275e+05
6.250268e-01 99460 1.540415e+02 6.785562e+03 3.986494e+05
6.350319e-01 101791 1.517147e+02 6.574624e+03 3.817279e+05
6.450443e-01 105940 1.469411e+02 6.239308e+03 3.589324e+05
6.550363e-01 108040 1.430447e+02 5.975349e+03 3.414795e+05
6.650248e-01 112417 1.403295e+02 5.757248e+03 3.254257e+05
6.749918e-01 114172 1.356612e+02 5.459919e+03 3.064036e+05
6.849838e-01 119989 1.329295e+02 5.259362e+03 2.922686e+05
6.950359e-01 122428 1.300187e+02 5.053183e+03 2.779208e+05
7.050021e-01 125049 1.269498e+02 4.840250e+03 2.638256e+05
7.150185e-01 130682 1.249116e+02 4.694406e+03 2.536430e+05
7.250500e-01 132820 1.222776e+02 4.509164e+03 2.413943e+05
7.350461e-01 137169 1.186492e+02 4.287709e+03 2.282838e+05
7.450354e-01 139912 1.159979e+02 4.105100e+03 2.163862e+05
7.550326e-01 145021 1.135379e+02 3.947329e+03 2.063754e+05
7.650453e-01 148000 1.107338e+02 3.770458e+03 1.953722e+05
7.750260e-01 151840 1.085411e+02 3.634513e+03 1.869517e+05
7.849916e-01 155365 1.062628e+02 3.494913e+03 1.783017e+05
7.950130e-01 161410 1.039320e+02 3.337209e+03 1.685525e+05
8.050563e-01 164341 1.015749e+02 3.201601e+03 1.606911e+05
8.150452e-01 167704 9.923400e+01 3.078132e+03 1.535516e+05
8.250456e-01 172960 9.757854e+01 2.957120e+03 1.461504e+05
8.350307e-01 175597 9.523075e+01 2.837225e+03 1.395112e+05
8.450225e-01 181552 9.376669e+01 2.727219e+03 1.325396e+05
8.550387e-01 185185 9.166194e+01 2.618405e+03 1.266263e+05
8.650410e-01 189576 8.970708e+01 2.505861e+03 1.203363e+05
8.750145e-01 192850 8.768926e+01 2.404014e+03 1.147206e+05
8.849866e-01 198481 8.577521e+01 2.300915e+03 1.094172e+05
8.950163e-01 203908 8.441025e+01 2.218885e+03 1.046612e+05
9.050183e-01 206677 8.294620e+01 2.129726e+03 9.966710e+04
9.150119e-01 212440 8.133419e+01 2.043241e+03 9.506514e+04
9.250146e-01 216544 7.977847e+01 1.961046e+03 9.071431e+04
9.350152e-01 221725 7.860580e+01 1.892288e+03 8.687936e+04
9.450189e-01 226024 7.692477e+01 1.803312e+03 8.238827e+04
9.550021e-01 230515 7.538129e+01 1.730853e+03 7.888748e+04
9.650081e-01 236548 7.401708e+01 1.664958e+03 7.549343e+04
9.750165e-01 240697 7.272742e+01 1.604262e+03 7.238935e+04
9.850258e-01 246264 7.141087e+01 1.539180e+03 6.937284e+04
9.950310e-01 250480 7.015327e+01 1.473343e+03 6.594258e+04
