# nc 512
# boxsize 1.000000e+03
8.018239e-03 9 5.385055e+03 5.064093e+05 4.762522e+07
1.659868e-02 64 1.288546e+04 1.214665e+06 1.145228e+08
2.586446e-02 157 1.033468e+04 9.706580e+05 9.121388e+07
3.529679e-02 292 7.881481e+03 7.368090e+05 6.896163e+07
4.513097e-02 529 6.489512e+03 6.041820e+05 5.635468e+07
5.555287e-02 820 5.374432e+03 4.972475e+05 4.613719e+07
6.539610e-02 1000 4.640200e+03 4.270795e+05 3.946857e+07
7.523297e-02 1483 4.281387e+03 3.914528e+05 3.597921e+07
8.527687e-02 1792 3.501566e+03 3.171185e+05 2.892279e+07
9.513029e-02 2293 2.823223e+03 2.532970e+05 2.294881e+07
1.052419e-01 2848 2.474797e+03 2.205844e+05 1.988788e+07
1.151206e-01 3232 2.127643e+03 1.879967e+05 1.685494e+07
1.250948e-01 4077 1.967551e+03 1.725252e+05 1.537711e+07
1.351559e-01 4552 1.769746e+03 1.536458e+05 1.359386e+07
1.451184e-01 5377 1.610982e+03 1.388550e+05 1.222128e+07
1.550677e-01 5974 1.436773e+03 1.218371e+05 1.058659e+07
1.650359e-01 6976 1.247699e+03 1.048105e+05 9.064844e+06
1.750550e-01 7717 1.156675e+03 9.623558e+04 8.262576e+06
1.850940e-01 8776 1.093999e+03 9.003964e+04 7.669098e+06
1.950993e-01 9553 1.017769e+03 8.306141e+04 7.036004e+06
2.050639e-01 10660 9.408893e+02 7.566291e+04 6.338791e+06
2.150232e-01 11608 8.643109e+02 6.881178e+04 5.731824e+06
2.250206e-01 12937 7.871633e+02 6.188285e+04 5.113364e+06
2.351002e-01 14062 7.386002e+02 5.727584e+04 4.690049e+06
2.450739e-01 15105 6.900516e+02 5.306771e+04 4.321728e+06
2.550522e-01 16492 6.476884e+02 4.916323e+04 3.971939e+06
2.650604e-01 17821 6.109058e+02 4.580771e+04 3.667966e+06
2.750125e-01 18940 5.745104e+02 4.258822e+04 3.388639e+06
2.850269e-01 20836 5.494926e+02 4.016202e+04 3.162968e+06
2.950518e-01 21949 5.211429e+02 3.758015e+04 2.929841e+06
3.050599e-01 23656 4.896296e+02 3.494273e+04 2.712015e+06
3.149891e-01 24727 4.636950e+02 3.264713e+04 2.510662e+06
3.250379e-01 27400 4.397692e+02 3.051698e+04 2.327064e+06
3.350922e-01 28096 4.228448e+02 2.899100e+04 2.191843e+06
3.450584e-01 30337 4.006884e+02 2.708856e+04 2.030446e+06
3.550604e-01 31696 3.791613e+02 2.534053e+04 1.891475e+06
3.650295e-01 33849 3.630733e+02 2.390083e+04 1.764100e+06
3.750722e-01 35800 3.519038e+02 2.286609e+04 1.675461e+06
3.850647e-01 37348 3.385753e+02 2.168855e+04 1.572055e+06
3.950397e-01 39535 3.223802e+02 2.034659e+04 1.465162e+06
4.050307e-01 41452 3.119262e+02 1.942216e+04 1.384288e+06
4.150177e-01 43669 2.996870e+02 1.837119e+04 1.297181e+06
4.250356e-01 45832 2.866449e+02 1.734842e+04 1.217490e+06
4.350008e-01 47524 2.767595e+02 1.650492e+04 1.147684e+06
4.450186e-01 50761 2.674180e+02 1.571656e+04 1.083795e+06
4.550579e-01 52264 2.574997e+02 1.489743e+04 1.017235e+06
4.650571e-01 54973 2.495803e+02 1.419873e+04 9.593839e+05
4.750553e-01 56890 2.403132e+02 1.350571e+04 9.067541e+05
4.849982e-01 59233 2.322769e+02 1.283985e+04 8.543391e+05
4.949997e-01 62460 2.253832e+02 1.227163e+04 8.086826e+05
5.050400e-01 64660 2.177412e+02 1.167404e+04 7.632941e+05
5.150365e-01 67105 2.124078e+02 1.120668e+04 7.253001e+05
5.250511e-01 70108 2.041803e+02 1.063013e+04 6.830809e+05
5.350611e-01 72421 1.974307e+02 1.010338e+04 6.441488e+05
5.450809e-01 75628 1.921880e+02 9.662379e+03 6.099559e+05
5.550666e-01 77374 1.864331e+02 9.236168e+03 5.779194e+05
5.650248e-01 80965 1.816581e+02 8.868331e+03 5.498120e+05
5.750209e-01 83536 1.771454e+02 8.483206e+03 5.208470e+05
5.849943e-01 86509 1.722798e+02 8.135657e+03 4.950854e+05
5.950118e-01 90088 1.670229e+02 7.738549e+03 4.665998e+05
6.050243e-01 92524 1.619751e+02 7.386653e+03 4.423692e+05
6.150021e-01 95685 1.588021e+02 7.130449e+03 4.222824e+05
6.250268e-01 99460 1.533333e+02 6.750374e+03 3.969628e+05
6.350319e-01 101791 1.503235e+02 6.503005e+03 3.782546e+05
6.450443e-01 105940 1.464750e+02 6.232146e+03 3.591277e+05
6.550363e-01 108040 1.427527e+02 5.962117e+03 3.396782e+05
6.650248e-01 112417 1.394850e+02 5.731163e+03 3.247037e+05
6.749918e-01 114172 1.361698e+02 5.490114e+03 3.083502e+05
6.849838e-01 119989 1.329676e+02 5.270036e+03 2.931641e+05
6.950359e-01 122428 1.290137e+02 5.033382e+03 2.782881e+05
7.050021e-01 125049 1.266838e+02 4.847560e+03 2.650854e+05
7.150185e-01 130682 1.233763e+02 4.634468e+03 2.516048e+05
7.250500e-01 132820 1.206739e+02 4.444270e+03 2.388302e+05
7.350461e-01 137169 1.183997e+02 4.279128e+03 2.278992e+05
7.450354e-01 139912 1.153774e+02 4.091352e+03 2.163429e+05
7.550326e-01 145021 1.131617e+02 3.938498e+03 2.058355e+05
7.650453e-01 148000 1.094189e+02 3.742567e+03 1.949686e+05
7.750260e-01 151840 1.076183e+02 3.615016e+03 1.863621e+05
7.849916e-01 155365 1.052590e+02 3.454082e+03 1.768549e+05
7.950130e-01 161410 1.031595e+02 3.331431e+03 1.688193e+05
8.050563e-01 164341 1.003417e+02 3.174565e+03 1.602883e+05
8.150452e-01 167704 9.872559e+01 3.063865e+03 1.536062e+05
8.250456e-01 172960 9.668556e+01 2.940634e+03 1.459104e+05
8.350307e-01 175597 9.455591e+01 2.817179e+03 1.388427e+05
8.450225e-01 181552 9.271893e+01 2.708041e+03 1.325475e+05
8.550387e-01 185185 9.095210e+01 2.593535e+03 1.258060e+05
8.650410e-01 189576 8.959624e+01 2.506569e+03 1.204295e+05
8.750145e-01 192850 8.752253e+01 2.403997e+03 1.150154e+05
8.849866e-01 198481 8.580402e+01 2.304552e+03 1.094525e+05
8.950163e-01 203908 8.401164e+01 2.205101e+03 1.042432e+05
9.050183e-01 206677 8.241365e+01 2.120207e+03 9.964111e+04
9.150119e-01 212440 8.067483e+01 2.035764e+03 9.514595e+04
9.250146e-01 216544 7.907103e+01 1.947970e+03 9.052202e+04
9.350152e-01 221725 7.784422e+01 1.884150e+03 8.696745e+04
9.450189e-01 226024 7.621515e+01 1.801837e+03 8.288973e+04
9.550021e-01 230515 7.501545e+01 1.730023e+03 7.896373e+04
9.650081e-01 236548 7.350111e+01 1.654506e+03 7.546498e+04
9.750165e-01 240697 7.232979e+01 1.602707e+03 7.250958e+04
9.850258e-01 246264 7.085791e+01 1.527577e+03 6.899772e+04
9.950310e-01 250480 6.956411e+01 1.461965e+03 6.571393e+04
