8.018239e-03 9 1.855648e+03
1.659868e-02 64 4.763880e+03
2.586446e-02 157 3.827742e+03
3.529679e-02 292 2.927113e+03
4.513097e-02 529 2.444843e+03
5.555287e-02 820 2.002055e+03
6.539610e-02 1000 1.733883e+03
7.523297e-02 1483 1.609128e+03
8.527687e-02 1792 1.306367e+03
9.513029e-02 2293 1.054154e+03
1.052419e-01 2848 9.141080e+02
1.151206e-01 3232 7.939293e+02
1.250948e-01 4077 7.386990e+02
1.351559e-01 4552 6.632634e+02
1.451184e-01 5377 6.011655e+02
1.550677e-01 5974 5.250137e+02
1.650359e-01 6976 4.502256e+02
1.750550e-01 7717 4.221026e+02
1.850940e-01 8776 3.971001e+02
1.950993e-01 9553 3.742838e+02
2.050639e-01 10660 3.398606e+02
2.150232e-01 11608 3.091268e+02
2.250206e-01 12937 2.809381e+02
2.351002e-01 14062 2.610611e+02
2.450739e-01 15105 2.460271e+02
2.550522e-01 16492 2.277663e+02
2.650604e-01 17821 2.154330e+02
2.750125e-01 18940 2.027579e+02
2.850269e-01 20836 1.891905e+02
2.950518e-01 21949 1.799900e+02
3.050599e-01 23656 1.689892e+02
3.149891e-01 24727 1.590319e+02
3.250379e-01 27400 1.506488e+02
3.350922e-01 28096 1.442254e+02
3.450584e-01 30337 1.362082e+02
3.550604e-01 31696 1.289229e+02
3.650295e-01 33849 1.223449e+02
3.750722e-01 35800 1.173662e+02
3.850647e-01 37348 1.135350e+02
3.950397e-01 39535 1.073291e+02
4.050307e-01 41452 1.036714e+02
4.150177e-01 43669 1.001338e+02
4.250356e-01 45832 9.430171e+01
4.350008e-01 47524 9.118157e+01
4.450186e-01 50761 8.671026e+01
4.550579e-01 52264 8.338029e+01
4.650571e-01 54973 8.091075e+01
4.750553e-01 56890 7.818332e+01
4.849982e-01 59233 7.517404e+01
4.949997e-01 62460 7.283276e+01
5.050400e-01 64660 6.988859e+01
5.150365e-01 67105 6.817499e+01
5.250511e-01 70108 6.541197e+01
5.350611e-01 72421 6.316130e+01
5.450809e-01 75628 6.103975e+01
5.550666e-01 77374 5.929465e+01
5.650248e-01 80965 5.797732e+01
5.750209e-01 83536 5.617915e+01
5.849943e-01 86509 5.441821e+01
5.950118e-01 90088 5.260674e+01
6.050243e-01 92524 5.124809e+01
6.150021e-01 95685 5.023611e+01
6.250268e-01 99460 4.842919e+01
6.350319e-01 101791 4.744661e+01
6.450443e-01 105940 4.595837e+01
6.550363e-01 108040 4.478276e+01
6.650248e-01 112417 4.350020e+01
6.749918e-01 114172 4.256635e+01
6.849838e-01 119989 4.177200e+01
6.950359e-01 122428 4.052547e+01
7.050021e-01 125049 3.976307e+01
7.150185e-01 130682 3.851636e+01
7.250500e-01 132820 3.754152e+01
7.350461e-01 137169 3.688322e+01
7.450354e-01 139912 3.607957e+01
7.550326e-01 145021 3.524285e+01
7.650453e-01 148000 3.450525e+01
7.750260e-01 151840 3.382996e+01
7.849916e-01 155365 3.302254e+01
7.950130e-01 161410 3.231839e+01
8.050563e-01 164341 3.181439e+01
8.150452e-01 167704 3.113242e+01
8.250456e-01 172960 3.065727e+01
8.350307e-01 175597 2.997305e+01
8.450225e-01 181552 2.945745e+01
8.550387e-01 185185 2.890892e+01
8.650410e-01 189576 2.833149e+01
8.750145e-01 192850 2.783576e+01
8.849866e-01 198481 2.727609e+01
8.950163e-01 203908 2.690471e+01
9.050183e-01 206677 2.641800e+01
9.150119e-01 212440 2.601267e+01
9.250146e-01 216544 2.545868e+01
9.350152e-01 221725 2.502890e+01
9.450189e-01 226024 2.458998e+01
9.550021e-01 230515 2.420307e+01
9.650081e-01 236548 2.384311e+01
9.750165e-01 240697 2.349822e+01
9.850258e-01 246264 2.323703e+01
9.950310e-01 250480 2.275688e+01
