8.018239e-03 9 4.227901e+03
1.659868e-02 64 4.006527e+03
2.586446e-02 157 3.716497e+03
3.529679e-02 292 2.622483e+03
4.513097e-02 529 2.241299e+03
5.555287e-02 820 2.027379e+03
6.539610e-02 1000 1.744887e+03
7.523297e-02 1483 1.534450e+03
8.527687e-02 1792 1.362050e+03
9.513029e-02 2293 1.030390e+03
1.052419e-01 2848 9.323743e+02
1.151206e-01 3232 8.005760e+02
1.250948e-01 4077 7.754654e+02
1.351559e-01 4552 6.860004e+02
1.451184e-01 5377 6.130121e+02
1.550677e-01 5974 5.212311e+02
1.650359e-01 6976 4.561677e+02
1.750550e-01 7717 4.217097e+02
1.850940e-01 8776 3.899123e+02
1.950993e-01 9553 3.700514e+02
2.050639e-01 10660 3.424735e+02
2.150232e-01 11608 3.059346e+02
2.250206e-01 12937 2.860139e+02
2.351002e-01 14062 2.631352e+02
2.450739e-01 15105 2.479095e+02
2.550522e-01 16492 2.312869e+02
2.650604e-01 17821 2.169126e+02
2.750125e-01 18940 2.012133e+02
2.850269e-01 20836 1.887161e+02
2.950518e-01 21949 1.781756e+02
3.050599e-01 23656 1.668765e+02
3.149891e-01 24727 1.589180e+02
3.250379e-01 27400 1.516040e+02
3.350922e-01 28096 1.431796e+02
3.450584e-01 30337 1.382566e+02
3.550604e-01 31696 1.279972e+02
3.650295e-01 33849 1.234507e+02
3.750722e-01 35800 1.181955e+02
3.850647e-01 37348 1.115525e+02
3.950397e-01 39535 1.085203e+02
4.050307e-01 41452 1.036613e+02
4.150177e-01 43669 9.898170e+01
4.250356e-01 45832 9.430735e+01
4.350008e-01 47524 9.064482e+01
4.450186e-01 50761 8.781649e+01
4.550579e-01 52264 8.444170e+01
4.650571e-01 54973 8.086556e+01
4.750553e-01 56890 7.799723e+01
4.849982e-01 59233 7.511475e+01
4.949997e-01 62460 7.220205e+01
5.050400e-01 64660 7.015756e+01
5.150365e-01 67105 6.777417e+01
5.250511e-01 70108 6.549607e+01
5.350611e-01 72421 6.341648e+01
5.450809e-01 75628 6.137954e+01
5.550666e-01 77374 5.984807e+01
5.650248e-01 80965 5.757487e+01
5.750209e-01 83536 5.596162e+01
5.849943e-01 86509 5.428435e+01
5.950118e-01 90088 5.303101e+01
6.050243e-01 92524 5.129174e+01
6.150021e-01 95685 5.002253e+01
6.250268e-01 99460 4.867614e+01
6.350319e-01 101791 4.739131e+01
6.450443e-01 105940 4.579026e+01
6.550363e-01 108040 4.498962e+01
6.650248e-01 112417 4.367519e+01
6.749918e-01 114172 4.250391e+01
6.849838e-01 119989 4.152003e+01
6.950359e-01 122428 4.080847e+01
7.050021e-01 125049 3.947947e+01
7.150185e-01 130682 3.893674e+01
7.250500e-01 132820 3.793608e+01
7.350461e-01 137169 3.699916e+01
7.450354e-01 139912 3.613953e+01
7.550326e-01 145021 3.538641e+01
7.650453e-01 148000 3.466002e+01
7.750260e-01 151840 3.369341e+01
7.849916e-01 155365 3.333587e+01
7.950130e-01 161410 3.246316e+01
8.050563e-01 164341 3.181820e+01
8.150452e-01 167704 3.113799e+01
8.250456e-01 172960 3.054995e+01
8.350307e-01 175597 3.004363e+01
8.450225e-01 181552 2.946337e+01
8.550387e-01 185185 2.896424e+01
8.650410e-01 189576 2.839243e+01
8.750145e-01 192850 2.784069e+01
8.849866e-01 198481 2.731103e+01
8.950163e-01 203908 2.672311e+01
9.050183e-01 206677 2.616969e+01
9.150119e-01 212440 2.618232e+01
9.250146e-01 216544 2.536589e+01
9.350152e-01 221725 2.516380e+01
9.450189e-01 226024 2.463906e+01
9.550021e-01 230515 2.438376e+01
9.650081e-01 236548 2.393608e+01
9.750165e-01 240697 2.358149e+01
9.850258e-01 246264 2.314713e+01
9.950310e-01 250480 2.279118e+01
