# sigma2_v 7.259091962493264e+00
0.000000e+00 1.000000e+00
1.000000e-02 9.996371e-01
2.000000e-02 9.985493e-01
3.000000e-02 9.967390e-01
4.000000e-02 9.942102e-01
5.000000e-02 9.909688e-01
6.000000e-02 9.870220e-01
7.000000e-02 9.823786e-01
8.000000e-02 9.770491e-01
9.000000e-02 9.710454e-01
1.000000e-01 9.643806e-01
1.100000e-01 9.570696e-01
1.200000e-01 9.491284e-01
1.300000e-01 9.405743e-01
1.400000e-01 9.314258e-01
1.500000e-01 9.217026e-01
1.600000e-01 9.114253e-01
1.700000e-01 9.006158e-01
1.800000e-01 8.892965e-01
1.900000e-01 8.774911e-01
2.000000e-01 8.652235e-01
2.100000e-01 8.525188e-01
2.200000e-01 8.394022e-01
2.300000e-01 8.258998e-01
2.400000e-01 8.120378e-01
2.500000e-01 7.978429e-01
2.600000e-01 7.833418e-01
2.700000e-01 7.685616e-01
2.800000e-01 7.535294e-01
2.900000e-01 7.382721e-01
3.000000e-01 7.228166e-01
3.100000e-01 7.071898e-01
3.200000e-01 6.914181e-01
3.300000e-01 6.755276e-01
3.400000e-01 6.595441e-01
3.500000e-01 6.434929e-01
3.600000e-01 6.273988e-01
3.700000e-01 6.112860e-01
3.800000e-01 5.951779e-01
3.900000e-01 5.790976e-01
4.000000e-01 5.630671e-01
4.100000e-01 5.471077e-01
4.200000e-01 5.312401e-01
4.300000e-01 5.154838e-01
4.400000e-01 4.998578e-01
4.500000e-01 4.843800e-01
4.600000e-01 4.690673e-01
4.700000e-01 4.539358e-01
4.800000e-01 4.390006e-01
4.900000e-01 4.242760e-01
5.000000e-01 4.097750e-01
5.100000e-01 3.955099e-01
5.200000e-01 3.814919e-01
5.300000e-01 3.677315e-01
5.400000e-01 3.542378e-01
5.500000e-01 3.410194e-01
5.600000e-01 3.280836e-01
5.700000e-01 3.154373e-01
5.800000e-01 3.030859e-01
5.900000e-01 2.910344e-01
6.000000e-01 2.792867e-01
6.100000e-01 2.678462e-01
6.200000e-01 2.567151e-01
6.300000e-01 2.458951e-01
6.400000e-01 2.353873e-01
6.500000e-01 2.251917e-01
6.600000e-01 2.153080e-01
6.700000e-01 2.057351e-01
6.800000e-01 1.964714e-01
6.900000e-01 1.875147e-01
7.000000e-01 1.788623e-01
7.100000e-01 1.705109e-01
7.200000e-01 1.624569e-01
7.300000e-01 1.546962e-01
7.400000e-01 1.472243e-01
7.500000e-01 1.400363e-01
7.600000e-01 1.331271e-01
7.700000e-01 1.264912e-01
7.800000e-01 1.201230e-01
7.900000e-01 1.140164e-01
8.000000e-01 1.081653e-01
8.100000e-01 1.025634e-01
8.200000e-01 9.720429e-02
8.300000e-01 9.208129e-02
8.400000e-01 8.718774e-02
8.500000e-01 8.251690e-02
8.600000e-01 7.806196e-02
8.700000e-01 7.381608e-02
8.800000e-01 6.977243e-02
8.900000e-01 6.592419e-02
9.000000e-01 6.226455e-02
9.100000e-01 5.878676e-02
9.200000e-01 5.548413e-02
9.300000e-01 5.235005e-02
9.400000e-01 4.937799e-02
9.500000e-01 4.656152e-02
9.600000e-01 4.389432e-02
9.700000e-01 4.137020e-02
9.800000e-01 3.898309e-02
9.900000e-01 3.672705e-02
1.000000e+00 3.459630e-02
1.010000e+00 3.258519e-02
1.020000e+00 3.068825e-02
1.030000e+00 2.890013e-02
1.040000e+00 2.721568e-02
1.050000e+00 2.562987e-02
1.060000e+00 2.413786e-02
1.070000e+00 2.273498e-02
1.080000e+00 2.141670e-02
1.090000e+00 2.017868e-02
1.100000e+00 1.901673e-02
1.110000e+00 1.792681e-02
1.120000e+00 1.690507e-02
1.130000e+00 1.594778e-02
1.140000e+00 1.505139e-02
1.150000e+00 1.421251e-02
1.160000e+00 1.342786e-02
1.170000e+00 1.269435e-02
1.180000e+00 1.200899e-02
1.190000e+00 1.136895e-02
1.200000e+00 1.077153e-02
1.210000e+00 1.021416e-02
1.220000e+00 9.694389e-03
1.230000e+00 9.209887e-03
1.240000e+00 8.758444e-03
1.250000e+00 8.337958e-03
1.260000e+00 7.946438e-03
1.270000e+00 7.581994e-03
1.280000e+00 7.242838e-03
1.290000e+00 6.927276e-03
1.300000e+00 6.633708e-03
1.310000e+00 6.360619e-03
1.320000e+00 6.106582e-03
1.330000e+00 5.870247e-03
1.340000e+00 5.650346e-03
1.350000e+00 5.445681e-03
1.360000e+00 5.255128e-03
1.370000e+00 5.077629e-03
1.380000e+00 4.912190e-03
1.390000e+00 4.757881e-03
1.400000e+00 4.613830e-03
1.410000e+00 4.479220e-03
1.420000e+00 4.353288e-03
1.430000e+00 4.235324e-03
1.440000e+00 4.124664e-03
1.450000e+00 4.020690e-03
1.460000e+00 3.922828e-03
1.470000e+00 3.830546e-03
1.480000e+00 3.743350e-03
1.490000e+00 3.660784e-03
1.500000e+00 3.582427e-03
1.510000e+00 3.507890e-03
1.520000e+00 3.436816e-03
1.530000e+00 3.368876e-03
1.540000e+00 3.303772e-03
1.550000e+00 3.241228e-03
1.560000e+00 3.180996e-03
1.570000e+00 3.122848e-03
1.580000e+00 3.066579e-03
1.590000e+00 3.012006e-03
1.600000e+00 2.958964e-03
1.610000e+00 2.907305e-03
1.620000e+00 2.856899e-03
1.630000e+00 2.807633e-03
1.640000e+00 2.759409e-03
1.650000e+00 2.712141e-03
1.660000e+00 2.665759e-03
1.670000e+00 2.620206e-03
1.680000e+00 2.575434e-03
1.690000e+00 2.531410e-03
1.700000e+00 2.488109e-03
1.710000e+00 2.445517e-03
1.720000e+00 2.403628e-03
1.730000e+00 2.362446e-03
1.740000e+00 2.321982e-03
1.750000e+00 2.282254e-03
1.760000e+00 2.243287e-03
1.770000e+00 2.205111e-03
1.780000e+00 2.167762e-03
1.790000e+00 2.131278e-03
1.800000e+00 2.095701e-03
1.810000e+00 2.061078e-03
1.820000e+00 2.027454e-03
1.830000e+00 1.994877e-03
1.840000e+00 1.963395e-03
1.850000e+00 1.933053e-03
1.860000e+00 1.903898e-03
1.870000e+00 1.875973e-03
1.880000e+00 1.849316e-03
1.890000e+00 1.823965e-03
1.900000e+00 1.799950e-03
1.910000e+00 1.777299e-03
1.920000e+00 1.756034e-03
1.930000e+00 1.736169e-03
1.940000e+00 1.717714e-03
1.950000e+00 1.700671e-03
1.960000e+00 1.685038e-03
1.970000e+00 1.670804e-03
1.980000e+00 1.657951e-03
1.990000e+00 1.646454e-03
2.000000e+00 1.636285e-03
2.010000e+00 1.627405e-03
2.020000e+00 1.619771e-03
2.030000e+00 1.613336e-03
2.040000e+00 1.608044e-03
2.050000e+00 1.603836e-03
2.060000e+00 1.600651e-03
2.070000e+00 1.598420e-03
2.080000e+00 1.597073e-03
2.090000e+00 1.596537e-03
2.100000e+00 1.596736e-03
2.110000e+00 1.597594e-03
2.120000e+00 1.599032e-03
2.130000e+00 1.600972e-03
2.140000e+00 1.603335e-03
2.150000e+00 1.606041e-03
2.160000e+00 1.609014e-03
2.170000e+00 1.612176e-03
2.180000e+00 1.615452e-03
2.190000e+00 1.618768e-03
2.200000e+00 1.622054e-03
2.210000e+00 1.625239e-03
2.220000e+00 1.628256e-03
2.230000e+00 1.631042e-03
2.240000e+00 1.633536e-03
2.250000e+00 1.635678e-03
2.260000e+00 1.637413e-03
2.270000e+00 1.638689e-03
2.280000e+00 1.639457e-03
2.290000e+00 1.639672e-03
2.300000e+00 1.639290e-03
2.310000e+00 1.638273e-03
2.320000e+00 1.636587e-03
2.330000e+00 1.634198e-03
2.340000e+00 1.631080e-03
2.350000e+00 1.627209e-03
2.360000e+00 1.622565e-03
2.370000e+00 1.617133e-03
2.380000e+00 1.610900e-03
2.390000e+00 1.603860e-03
2.400000e+00 1.596010e-03
2.410000e+00 1.587352e-03
2.420000e+00 1.577892e-03
2.430000e+00 1.567641e-03
2.440000e+00 1.556614e-03
2.450000e+00 1.544830e-03
2.460000e+00 1.532315e-03
2.470000e+00 1.519097e-03
2.480000e+00 1.505209e-03
2.490000e+00 1.490687e-03
2.500000e+00 1.475574e-03
2.510000e+00 1.459912e-03
2.520000e+00 1.443751e-03
2.530000e+00 1.427141e-03
2.540000e+00 1.410135e-03
2.550000e+00 1.392789e-03
2.560000e+00 1.375162e-03
2.570000e+00 1.357312e-03
2.580000e+00 1.339302e-03
2.590000e+00 1.321191e-03
2.600000e+00 1.303042e-03
2.610000e+00 1.284918e-03
2.620000e+00 1.266879e-03
2.630000e+00 1.248987e-03
2.640000e+00 1.231303e-03
2.650000e+00 1.213884e-03
2.660000e+00 1.196789e-03
2.670000e+00 1.180073e-03
2.680000e+00 1.163790e-03
2.690000e+00 1.147993e-03
2.700000e+00 1.132730e-03
2.710000e+00 1.118050e-03
2.720000e+00 1.103998e-03
2.730000e+00 1.090618e-03
2.740000e+00 1.077949e-03
2.750000e+00 1.066032e-03
2.760000e+00 1.054901e-03
2.770000e+00 1.044592e-03
2.780000e+00 1.035137e-03
2.790000e+00 1.026564e-03
2.800000e+00 1.018903e-03
2.810000e+00 1.012178e-03
2.820000e+00 1.006413e-03
2.830000e+00 1.001628e-03
2.840000e+00 9.978432e-04
2.850000e+00 9.950741e-04
2.860000e+00 9.933348e-04
2.870000e+00 9.926364e-04
2.880000e+00 9.929874e-04
2.890000e+00 9.943931e-04
2.900000e+00 9.968559e-04
2.910000e+00 1.000375e-03
2.920000e+00 1.004945e-03
2.930000e+00 1.010558e-03
2.940000e+00 1.017203e-03
2.950000e+00 1.024862e-03
2.960000e+00 1.033516e-03
2.970000e+00 1.043139e-03
2.980000e+00 1.053703e-03
2.990000e+00 1.065175e-03
3.000000e+00 1.077516e-03
3.010000e+00 1.090684e-03
3.020000e+00 1.104633e-03
3.030000e+00 1.119311e-03
3.040000e+00 1.134665e-03
3.050000e+00 1.150636e-03
3.060000e+00 1.167162e-03
3.070000e+00 1.184178e-03
3.080000e+00 1.201615e-03
3.090000e+00 1.219404e-03
3.100000e+00 1.237472e-03
3.110000e+00 1.255744e-03
3.120000e+00 1.274145e-03
3.130000e+00 1.292598e-03
3.140000e+00 1.311027e-03
3.150000e+00 1.329353e-03
3.160000e+00 1.347500e-03
3.170000e+00 1.365392e-03
3.180000e+00 1.382954e-03
3.190000e+00 1.400111e-03
3.200000e+00 1.416792e-03
3.210000e+00 1.432927e-03
3.220000e+00 1.448446e-03
3.230000e+00 1.463283e-03
3.240000e+00 1.477376e-03
3.250000e+00 1.490664e-03
3.260000e+00 1.503087e-03
3.270000e+00 1.514590e-03
3.280000e+00 1.525122e-03
3.290000e+00 1.534632e-03
3.300000e+00 1.543073e-03
3.310000e+00 1.550402e-03
3.320000e+00 1.556579e-03
3.330000e+00 1.561565e-03
3.340000e+00 1.565327e-03
3.350000e+00 1.567835e-03
3.360000e+00 1.569060e-03
3.370000e+00 1.568979e-03
3.380000e+00 1.567572e-03
3.390000e+00 1.564823e-03
3.400000e+00 1.560719e-03
3.410000e+00 1.555253e-03
3.420000e+00 1.548421e-03
3.430000e+00 1.540223e-03
3.440000e+00 1.530665e-03
3.450000e+00 1.519758e-03
3.460000e+00 1.507517e-03
3.470000e+00 1.493964e-03
3.480000e+00 1.479124e-03
3.490000e+00 1.463028e-03
3.500000e+00 1.445715e-03
3.510000e+00 1.427226e-03
3.520000e+00 1.407609e-03
3.530000e+00 1.386917e-03
3.540000e+00 1.365208e-03
3.550000e+00 1.342546e-03
3.560000e+00 1.318998e-03
3.570000e+00 1.294637e-03
3.580000e+00 1.269537e-03
3.590000e+00 1.243779e-03
3.600000e+00 1.217444e-03
3.610000e+00 1.190618e-03
3.620000e+00 1.163386e-03
3.630000e+00 1.135838e-03
3.640000e+00 1.108061e-03
3.650000e+00 1.080145e-03
3.660000e+00 1.052176e-03
3.670000e+00 1.024244e-03
3.680000e+00 9.964322e-04
3.690000e+00 9.688246e-04
3.700000e+00 9.415012e-04
3.710000e+00 9.145390e-04
3.720000e+00 8.880115e-04
3.730000e+00 8.619877e-04
3.740000e+00 8.365323e-04
3.750000e+00 8.117052e-04
3.760000e+00 7.875616e-04
3.770000e+00 7.641512e-04
3.780000e+00 7.415187e-04
3.790000e+00 7.197034e-04
3.800000e+00 6.987395e-04
3.810000e+00 6.786557e-04
3.820000e+00 6.594758e-04
3.830000e+00 6.412185e-04
3.840000e+00 6.238976e-04
3.850000e+00 6.075223e-04
3.860000e+00 5.920973e-04
3.870000e+00 5.776232e-04
3.880000e+00 5.640964e-04
3.890000e+00 5.515096e-04
3.900000e+00 5.398522e-04
3.910000e+00 5.291099e-04
3.920000e+00 5.192656e-04
3.930000e+00 5.102992e-04
3.940000e+00 5.021879e-04
3.950000e+00 4.949066e-04
3.960000e+00 4.884275e-04
3.970000e+00 4.827209e-04
3.980000e+00 4.777551e-04
3.990000e+00 4.734964e-04
4.000000e+00 4.699094e-04
4.010000e+00 4.669572e-04
4.020000e+00 4.646012e-04
4.030000e+00 4.628018e-04
4.040000e+00 4.615181e-04
4.050000e+00 4.607082e-04
4.060000e+00 4.603297e-04
4.070000e+00 4.603393e-04
4.080000e+00 4.606935e-04
4.090000e+00 4.613488e-04
4.100000e+00 4.622618e-04
4.110000e+00 4.633895e-04
4.120000e+00 4.646899e-04
4.130000e+00 4.661219e-04
4.140000e+00 4.676460e-04
4.150000e+00 4.692244e-04
4.160000e+00 4.708216e-04
4.170000e+00 4.724044e-04
4.180000e+00 4.739425e-04
4.190000e+00 4.754090e-04
4.200000e+00 4.767803e-04
4.210000e+00 4.780366e-04
4.220000e+00 4.791624e-04
4.230000e+00 4.801462e-04
4.240000e+00 4.809812e-04
4.250000e+00 4.816654e-04
4.260000e+00 4.822013e-04
4.270000e+00 4.825964e-04
4.280000e+00 4.828630e-04
4.290000e+00 4.830182e-04
4.300000e+00 4.830840e-04
4.310000e+00 4.830868e-04
4.320000e+00 4.830574e-04
4.330000e+00 4.830307e-04
4.340000e+00 4.830456e-04
4.350000e+00 4.831443e-04
4.360000e+00 4.833723e-04
4.370000e+00 4.837777e-04
4.380000e+00 4.844109e-04
4.390000e+00 4.853240e-04
4.400000e+00 4.865707e-04
4.410000e+00 4.882050e-04
4.420000e+00 4.902816e-04
4.430000e+00 4.928546e-04
4.440000e+00 4.959774e-04
4.450000e+00 4.997020e-04
4.460000e+00 5.040783e-04
4.470000e+00 5.091540e-04
4.480000e+00 5.149736e-04
4.490000e+00 5.215782e-04
4.500000e+00 5.290047e-04
4.510000e+00 5.372858e-04
4.520000e+00 5.464490e-04
4.530000e+00 5.565165e-04
4.540000e+00 5.675047e-04
4.550000e+00 5.794238e-04
4.560000e+00 5.922776e-04
4.570000e+00 6.060630e-04
4.580000e+00 6.207698e-04
4.590000e+00 6.363806e-04
4.600000e+00 6.528708e-04
4.610000e+00 6.702078e-04
4.620000e+00 6.883519e-04
4.630000e+00 7.072554e-04
4.640000e+00 7.268635e-04
4.650000e+00 7.471138e-04
4.660000e+00 7.679370e-04
4.670000e+00 7.892568e-04
4.680000e+00 8.109907e-04
4.690000e+00 8.330501e-04
4.700000e+00 8.553411e-04
4.710000e+00 8.777647e-04
4.720000e+00 9.002181e-04
4.730000e+00 9.225950e-04
4.740000e+00 9.447866e-04
4.750000e+00 9.666826e-04
4.760000e+00 9.881719e-04
4.770000e+00 1.009144e-03
4.780000e+00 1.029489e-03
4.790000e+00 1.049100e-03
4.800000e+00 1.067873e-03
4.810000e+00 1.085711e-03
4.820000e+00 1.102518e-03
4.830000e+00 1.118209e-03
4.840000e+00 1.132705e-03
4.850000e+00 1.145933e-03
4.860000e+00 1.157833e-03
4.870000e+00 1.168354e-03
4.880000e+00 1.177454e-03
4.890000e+00 1.185103e-03
4.900000e+00 1.191284e-03
4.910000e+00 1.195991e-03
4.920000e+00 1.199228e-03
4.930000e+00 1.201013e-03
4.940000e+00 1.201377e-03
4.950000e+00 1.200359e-03
4.960000e+00 1.198010e-03
4.970000e+00 1.194395e-03
4.980000e+00 1.189583e-03
4.990000e+00 1.183655e-03
5.000000e+00 1.176700e-03
5.010000e+00 1.168813e-03
5.020000e+00 1.160095e-03
5.030000e+00 1.150650e-03
5.040000e+00 1.140587e-03
5.050000e+00 1.130017e-03
5.060000e+00 1.119050e-03
5.070000e+00 1.107797e-03
5.080000e+00 1.096366e-03
5.090000e+00 1.084863e-03
5.100000e+00 1.073389e-03
5.110000e+00 1.062040e-03
5.120000e+00 1.050906e-03
5.130000e+00 1.040070e-03
5.140000e+00 1.029608e-03
5.150000e+00 1.019587e-03
5.160000e+00 1.010064e-03
5.170000e+00 1.001089e-03
5.180000e+00 9.927023e-04
5.190000e+00 9.849331e-04
5.200000e+00 9.778029e-04
5.210000e+00 9.713234e-04
5.220000e+00 9.654975e-04
5.230000e+00 9.603195e-04
5.240000e+00 9.557756e-04
5.250000e+00 9.518444e-04
5.260000e+00 9.484976e-04
5.270000e+00 9.457007e-04
5.280000e+00 9.434136e-04
5.290000e+00 9.415914e-04
5.300000e+00 9.401851e-04
5.310000e+00 9.391422e-04
5.320000e+00 9.384080e-04
5.330000e+00 9.379256e-04
5.340000e+00 9.376371e-04
5.350000e+00 9.374840e-04
5.360000e+00 9.374078e-04
5.370000e+00 9.373509e-04
5.380000e+00 9.372567e-04
5.390000e+00 9.370702e-04
5.400000e+00 9.367387e-04
5.410000e+00 9.362116e-04
5.420000e+00 9.354413e-04
5.430000e+00 9.343829e-04
5.440000e+00 9.329949e-04
5.450000e+00 9.312391e-04
5.460000e+00 9.290808e-04
5.470000e+00 9.264889e-04
5.480000e+00 9.234358e-04
5.490000e+00 9.198978e-04
5.500000e+00 9.158547e-04
5.510000e+00 9.112902e-04
5.520000e+00 9.061915e-04
5.530000e+00 9.005493e-04
5.540000e+00 8.943582e-04
5.550000e+00 8.876159e-04
5.560000e+00 8.803235e-04
5.570000e+00 8.724857e-04
5.580000e+00 8.641099e-04
5.590000e+00 8.552065e-04
5.600000e+00 8.457889e-04
5.610000e+00 8.358730e-04
5.620000e+00 8.254771e-04
5.630000e+00 8.146215e-04
5.640000e+00 8.033285e-04
5.650000e+00 7.916220e-04
5.660000e+00 7.795273e-04
5.670000e+00 7.670705e-04
5.680000e+00 7.542783e-04
5.690000e+00 7.411779e-04
5.700000e+00 7.277963e-04
5.710000e+00 7.141599e-04
5.720000e+00 7.002944e-04
5.730000e+00 6.862244e-04
5.740000e+00 6.719726e-04
5.750000e+00 6.575600e-04
5.760000e+00 6.430054e-04
5.770000e+00 6.283250e-04
5.780000e+00 6.135323e-04
5.790000e+00 5.986377e-04
5.800000e+00 5.836486e-04
5.810000e+00 5.685692e-04
5.820000e+00 5.534004e-04
5.830000e+00 5.381397e-04
5.840000e+00 5.227819e-04
5.850000e+00 5.073184e-04
5.860000e+00 4.917381e-04
5.870000e+00 4.760273e-04
5.880000e+00 4.601702e-04
5.890000e+00 4.441493e-04
5.900000e+00 4.279458e-04
5.910000e+00 4.115402e-04
5.920000e+00 3.949126e-04
5.930000e+00 3.780436e-04
5.940000e+00 3.609145e-04
5.950000e+00 3.435081e-04
5.960000e+00 3.258093e-04
5.970000e+00 3.078054e-04
5.980000e+00 2.894869e-04
5.990000e+00 2.708481e-04
6.000000e+00 2.518872e-04
6.010000e+00 2.326067e-04
6.020000e+00 2.130144e-04
6.030000e+00 1.931227e-04
6.040000e+00 1.729498e-04
6.050000e+00 1.525190e-04
6.060000e+00 1.318594e-04
6.070000e+00 1.110055e-04
6.080000e+00 8.999726e-05
6.090000e+00 6.888001e-05
6.100000e+00 4.770405e-05
6.110000e+00 2.652447e-05
6.120000e+00 5.400768e-06
6.130000e+00 -1.560358e-05
6.140000e+00 -3.642158e-05
6.150000e+00 -5.698323e-05
6.160000e+00 -7.721605e-05
6.170000e+00 -9.704567e-05
6.180000e+00 -1.163964e-04
6.190000e+00 -1.351918e-04
6.200000e+00 -1.533554e-04
6.210000e+00 -1.708111e-04
6.220000e+00 -1.874839e-04
6.230000e+00 -2.033006e-04
6.240000e+00 -2.181900e-04
6.250000e+00 -2.320837e-04
6.260000e+00 -2.449164e-04
6.270000e+00 -2.566268e-04
6.280000e+00 -2.671574e-04
6.290000e+00 -2.764553e-04
6.300000e+00 -2.844724e-04
6.310000e+00 -2.911660e-04
6.320000e+00 -2.964985e-04
6.330000e+00 -3.004383e-04
6.340000e+00 -3.029595e-04
6.350000e+00 -3.040423e-04
6.360000e+00 -3.036731e-04
6.370000e+00 -3.018445e-04
6.380000e+00 -2.985556e-04
6.390000e+00 -2.938114e-04
6.400000e+00 -2.876237e-04
6.410000e+00 -2.800102e-04
6.420000e+00 -2.709948e-04
6.430000e+00 -2.606074e-04
6.440000e+00 -2.488840e-04
6.450000e+00 -2.358659e-04
6.460000e+00 -2.215999e-04
6.470000e+00 -2.061381e-04
6.480000e+00 -1.895372e-04
6.490000e+00 -1.718585e-04
6.500000e+00 -1.531673e-04
6.510000e+00 -1.335327e-04
6.520000e+00 -1.130270e-04
6.530000e+00 -9.172523e-05
6.540000e+00 -6.970477e-05
6.550000e+00 -4.704474e-05
6.560000e+00 -2.382552e-05
6.570000e+00 -1.281755e-07
6.580000e+00 2.396603e-05
6.590000e+00 4.837622e-05
6.600000e+00 7.302245e-05
6.610000e+00 9.782620e-05
6.620000e+00 1.227109e-04
6.630000e+00 1.476023e-04
6.640000e+00 1.724293e-04
6.650000e+00 1.971237e-04
6.660000e+00 2.216212e-04
6.670000e+00 2.458613e-04
6.680000e+00 2.697878e-04
6.690000e+00 2.933490e-04
6.700000e+00 3.164976e-04
6.710000e+00 3.391910e-04
6.720000e+00 3.613915e-04
6.730000e+00 3.830657e-04
6.740000e+00 4.041852e-04
6.750000e+00 4.247257e-04
6.760000e+00 4.446674e-04
6.770000e+00 4.639946e-04
6.780000e+00 4.826951e-04
6.790000e+00 5.007605e-04
6.800000e+00 5.181856e-04
6.810000e+00 5.349677e-04
6.820000e+00 5.511071e-04
6.830000e+00 5.666060e-04
6.840000e+00 5.814685e-04
6.850000e+00 5.957003e-04
6.860000e+00 6.093083e-04
6.870000e+00 6.223006e-04
6.880000e+00 6.346857e-04
6.890000e+00 6.464729e-04
6.900000e+00 6.576718e-04
6.910000e+00 6.682923e-04
6.920000e+00 6.783443e-04
6.930000e+00 6.878381e-04
6.940000e+00 6.967839e-04
6.950000e+00 7.051920e-04
6.960000e+00 7.130730e-04
6.970000e+00 7.204377e-04
6.980000e+00 7.272971e-04
6.990000e+00 7.336629e-04
7.000000e+00 7.395471e-04
7.010000e+00 7.449624e-04
7.020000e+00 7.499225e-04
7.030000e+00 7.544416e-04
7.040000e+00 7.585352e-04
7.050000e+00 7.622196e-04
7.060000e+00 7.655121e-04
7.070000e+00 7.684314e-04
7.080000e+00 7.709969e-04
7.090000e+00 7.732289e-04
7.100000e+00 7.751490e-04
7.110000e+00 7.767792e-04
7.120000e+00 7.781424e-04
7.130000e+00 7.792617e-04
7.140000e+00 7.801607e-04
7.150000e+00 7.808629e-04
7.160000e+00 7.813918e-04
7.170000e+00 7.817703e-04
7.180000e+00 7.820209e-04
7.190000e+00 7.821651e-04
7.200000e+00 7.822234e-04
7.210000e+00 7.822149e-04
7.220000e+00 7.821575e-04
7.230000e+00 7.820673e-04
7.240000e+00 7.819586e-04
7.250000e+00 7.818440e-04
7.260000e+00 7.817341e-04
7.270000e+00 7.816376e-04
7.280000e+00 7.815612e-04
7.290000e+00 7.815096e-04
7.300000e+00 7.814858e-04
7.310000e+00 7.814908e-04
7.320000e+00 7.815239e-04
7.330000e+00 7.815831e-04
7.340000e+00 7.816646e-04
7.350000e+00 7.817635e-04
7.360000e+00 7.818736e-04
7.370000e+00 7.819881e-04
7.380000e+00 7.820987e-04
7.390000e+00 7.821969e-04
7.400000e+00 7.822734e-04
7.410000e+00 7.823183e-04
7.420000e+00 7.823214e-04
7.430000e+00 7.822721e-04
7.440000e+00 7.821594e-04
7.450000e+00 7.819723e-04
7.460000e+00 7.816990e-04
7.470000e+00 7.813279e-04
7.480000e+00 7.808467e-04
7.490000e+00 7.802430e-04
7.500000e+00 7.795038e-04
7.510000e+00 7.786158e-04
7.520000e+00 7.775652e-04
7.530000e+00 7.763376e-04
7.540000e+00 7.749184e-04
7.550000e+00 7.732921e-04
7.560000e+00 7.714433e-04
7.570000e+00 7.693558e-04
7.580000e+00 7.670134e-04
7.590000e+00 7.643997e-04
7.600000e+00 7.614985e-04
7.610000e+00 7.582936e-04
7.620000e+00 7.547696e-04
7.630000e+00 7.509117e-04
7.640000e+00 7.467064e-04
7.650000e+00 7.421414e-04
7.660000e+00 7.372062e-04
7.670000e+00 7.318923e-04
7.680000e+00 7.261939e-04
7.690000e+00 7.201075e-04
7.700000e+00 7.136331e-04
7.710000e+00 7.067738e-04
7.720000e+00 6.995365e-04
7.730000e+00 6.919317e-04
7.740000e+00 6.839742e-04
7.750000e+00 6.756829e-04
7.760000e+00 6.670806e-04
7.770000e+00 6.581948e-04
7.780000e+00 6.490568e-04
7.790000e+00 6.397020e-04
7.800000e+00 6.301696e-04
7.810000e+00 6.205024e-04
7.820000e+00 6.107464e-04
7.830000e+00 6.009505e-04
7.840000e+00 5.911659e-04
7.850000e+00 5.814457e-04
7.860000e+00 5.718446e-04
7.870000e+00 5.624179e-04
7.880000e+00 5.532214e-04
7.890000e+00 5.443106e-04
7.900000e+00 5.357399e-04
7.910000e+00 5.275628e-04
7.920000e+00 5.198304e-04
7.930000e+00 5.125915e-04
7.940000e+00 5.058922e-04
7.950000e+00 4.997750e-04
7.960000e+00 4.942790e-04
7.970000e+00 4.894389e-04
7.980000e+00 4.852856e-04
7.990000e+00 4.818454e-04
8.000000e+00 4.791400e-04
8.010000e+00 4.771867e-04
8.020000e+00 4.759981e-04
8.030000e+00 4.755823e-04
8.040000e+00 4.759430e-04
8.050000e+00 4.770798e-04
8.060000e+00 4.789881e-04
8.070000e+00 4.816596e-04
8.080000e+00 4.850827e-04
8.090000e+00 4.892422e-04
8.100000e+00 4.941202e-04
8.110000e+00 4.996963e-04
8.120000e+00 5.059474e-04
8.130000e+00 5.128487e-04
8.140000e+00 5.203735e-04
8.150000e+00 5.284935e-04
8.160000e+00 5.371791e-04
8.170000e+00 5.463999e-04
8.180000e+00 5.561241e-04
8.190000e+00 5.663195e-04
8.200000e+00 5.769530e-04
8.210000e+00 5.879911e-04
8.220000e+00 5.993996e-04
8.230000e+00 6.111441e-04
8.240000e+00 6.231896e-04
8.250000e+00 6.355009e-04
8.260000e+00 6.480422e-04
8.270000e+00 6.607776e-04
8.280000e+00 6.736708e-04
8.290000e+00 6.866853e-04
8.300000e+00 6.997844e-04
8.310000e+00 7.129312e-04
8.320000e+00 7.260889e-04
8.330000e+00 7.392207e-04
8.340000e+00 7.522901e-04
8.350000e+00 7.652610e-04
8.360000e+00 7.780977e-04
8.370000e+00 7.907655e-04
8.380000e+00 8.032307e-04
8.390000e+00 8.154605e-04
8.400000e+00 8.274241e-04
8.410000e+00 8.390919e-04
8.420000e+00 8.504366e-04
8.430000e+00 8.614328e-04
8.440000e+00 8.720579e-04
8.450000e+00 8.822914e-04
8.460000e+00 8.921160e-04
8.470000e+00 9.015169e-04
8.480000e+00 9.104826e-04
8.490000e+00 9.190045e-04
8.500000e+00 9.270771e-04
8.510000e+00 9.346980e-04
8.520000e+00 9.418675e-04
8.530000e+00 9.485890e-04
8.540000e+00 9.548685e-04
8.550000e+00 9.607145e-04
8.560000e+00 9.661374e-04
8.570000e+00 9.711499e-04
8.580000e+00 9.757662e-04
8.590000e+00 9.800016e-04
8.600000e+00 9.838725e-04
8.610000e+00 9.873957e-04
8.620000e+00 9.905883e-04
8.630000e+00 9.934670e-04
8.640000e+00 9.960482e-04
8.650000e+00 9.983473e-04
8.660000e+00 1.000378e-03
8.670000e+00 1.002154e-03
8.680000e+00 1.003685e-03
8.690000e+00 1.004980e-03
8.700000e+00 1.006046e-03
8.710000e+00 1.006887e-03
8.720000e+00 1.007506e-03
8.730000e+00 1.007900e-03
8.740000e+00 1.008068e-03
8.750000e+00 1.008002e-03
8.760000e+00 1.007696e-03
8.770000e+00 1.007139e-03
8.780000e+00 1.006317e-03
8.790000e+00 1.005215e-03
8.800000e+00 1.003818e-03
8.810000e+00 1.002105e-03
8.820000e+00 1.000058e-03
8.830000e+00 9.976535e-04
8.840000e+00 9.948698e-04
8.850000e+00 9.916831e-04
8.860000e+00 9.880691e-04
8.870000e+00 9.840031e-04
8.880000e+00 9.794599e-04
8.890000e+00 9.744147e-04
8.900000e+00 9.688425e-04
8.910000e+00 9.627187e-04
8.920000e+00 9.560194e-04
8.930000e+00 9.487213e-04
8.940000e+00 9.408019e-04
8.950000e+00 9.322400e-04
8.960000e+00 9.230155e-04
8.970000e+00 9.131096e-04
8.980000e+00 9.025053e-04
8.990000e+00 8.911872e-04
9.000000e+00 8.791418e-04
9.010000e+00 8.663577e-04
9.020000e+00 8.528258e-04
9.030000e+00 8.385394e-04
9.040000e+00 8.234943e-04
9.050000e+00 8.076893e-04
9.060000e+00 7.911260e-04
9.070000e+00 7.738091e-04
9.080000e+00 7.557468e-04
9.090000e+00 7.369506e-04
9.100000e+00 7.174356e-04
9.110000e+00 6.972205e-04
9.120000e+00 6.763280e-04
9.130000e+00 6.547847e-04
9.140000e+00 6.326209e-04
9.150000e+00 6.098712e-04
9.160000e+00 5.865738e-04
9.170000e+00 5.627709e-04
9.180000e+00 5.385087e-04
9.190000e+00 5.138368e-04
9.200000e+00 4.888086e-04
9.210000e+00 4.634805e-04
9.220000e+00 4.379122e-04
9.230000e+00 4.121661e-04
9.240000e+00 3.863074e-04
9.250000e+00 3.604030e-04
9.260000e+00 3.345221e-04
9.270000e+00 3.087352e-04
9.280000e+00 2.831137e-04
9.290000e+00 2.577301e-04
9.300000e+00 2.326567e-04
9.310000e+00 2.079663e-04
9.320000e+00 1.837307e-04
9.330000e+00 1.600210e-04
9.340000e+00 1.369072e-04
9.350000e+00 1.144577e-04
9.360000e+00 9.273870e-05
9.370000e+00 7.181454e-05
9.380000e+00 5.174690e-05
9.390000e+00 3.259471e-05
9.400000e+00 1.441391e-05
9.410000e+00 -2.742758e-06
9.420000e+00 -1.882596e-05
9.430000e+00 -3.378992e-05
9.440000e+00 -4.759260e-05
9.450000e+00 -6.019582e-05
9.460000e+00 -7.156540e-05
9.470000e+00 -8.167125e-05
9.480000e+00 -9.048754e-05
9.490000e+00 -9.799277e-05
9.500000e+00 -1.041699e-04
9.510000e+00 -1.090063e-04
9.520000e+00 -1.124944e-04
9.530000e+00 -1.146310e-04
9.540000e+00 -1.154180e-04
9.550000e+00 -1.148623e-04
9.560000e+00 -1.129761e-04
9.570000e+00 -1.097766e-04
9.580000e+00 -1.052866e-04
9.590000e+00 -9.953427e-05
9.600000e+00 -9.255330e-05
9.610000e+00 -8.438305e-05
9.620000e+00 -7.506848e-05
9.630000e+00 -6.466021e-05
9.640000e+00 -5.321442e-05
9.650000e+00 -4.079282e-05
9.660000e+00 -2.746247e-05
9.670000e+00 -1.329560e-05
9.680000e+00 1.630601e-06
9.690000e+00 1.723435e-05
9.700000e+00 3.342958e-05
9.710000e+00 5.012642e-05
9.720000e+00 6.723164e-05
9.730000e+00 8.464924e-05
9.740000e+00 1.022810e-04
9.750000e+00 1.200272e-04
9.760000e+00 1.377873e-04
9.770000e+00 1.554604e-04
9.780000e+00 1.729467e-04
9.790000e+00 1.901473e-04
9.800000e+00 2.069658e-04
9.810000e+00 2.233087e-04
9.820000e+00 2.390861e-04
9.830000e+00 2.542127e-04
9.840000e+00 2.686083e-04
9.850000e+00 2.821984e-04
9.860000e+00 2.949149e-04
9.870000e+00 3.066967e-04
9.880000e+00 3.174900e-04
9.890000e+00 3.272485e-04
9.900000e+00 3.359344e-04
9.910000e+00 3.435175e-04
9.920000e+00 3.499764e-04
9.930000e+00 3.552977e-04
9.940000e+00 3.594763e-04
9.950000e+00 3.625154e-04
9.960000e+00 3.644257e-04
9.970000e+00 3.652255e-04
9.980000e+00 3.649404e-04
9.990000e+00 3.636025e-04
1.000000e+01 3.612501e-04
