# sigma2_v 8.000879497670487e+00
0.000000e+00 1.000000e+00
1.000000e-02 9.996000e-01
2.000000e-02 9.984012e-01
3.000000e-02 9.964064e-01
4.000000e-02 9.936207e-01
5.000000e-02 9.900511e-01
6.000000e-02 9.857064e-01
7.000000e-02 9.805975e-01
8.000000e-02 9.747371e-01
9.000000e-02 9.681395e-01
1.000000e-01 9.608211e-01
1.100000e-01 9.527996e-01
1.200000e-01 9.440945e-01
1.300000e-01 9.347268e-01
1.400000e-01 9.247189e-01
1.500000e-01 9.140943e-01
1.600000e-01 9.028782e-01
1.700000e-01 8.910966e-01
1.800000e-01 8.787765e-01
1.900000e-01 8.659459e-01
2.000000e-01 8.526338e-01
2.100000e-01 8.388695e-01
2.200000e-01 8.246831e-01
2.300000e-01 8.101054e-01
2.400000e-01 7.951670e-01
2.500000e-01 7.798993e-01
2.600000e-01 7.643335e-01
2.700000e-01 7.485010e-01
2.800000e-01 7.324331e-01
2.900000e-01 7.161607e-01
3.000000e-01 6.997148e-01
3.100000e-01 6.831258e-01
3.200000e-01 6.664237e-01
3.300000e-01 6.496378e-01
3.400000e-01 6.327971e-01
3.500000e-01 6.159296e-01
3.600000e-01 5.990627e-01
3.700000e-01 5.822229e-01
3.800000e-01 5.654357e-01
3.900000e-01 5.487259e-01
4.000000e-01 5.321170e-01
4.100000e-01 5.156318e-01
4.200000e-01 4.992917e-01
4.300000e-01 4.831172e-01
4.400000e-01 4.671277e-01
4.500000e-01 4.513412e-01
4.600000e-01 4.357747e-01
4.700000e-01 4.204442e-01
4.800000e-01 4.053642e-01
4.900000e-01 3.905483e-01
5.000000e-01 3.760087e-01
5.100000e-01 3.617567e-01
5.200000e-01 3.478022e-01
5.300000e-01 3.341543e-01
5.400000e-01 3.208206e-01
5.500000e-01 3.078081e-01
5.600000e-01 2.951222e-01
5.700000e-01 2.827679e-01
5.800000e-01 2.707487e-01
5.900000e-01 2.590674e-01
6.000000e-01 2.477260e-01
6.100000e-01 2.367253e-01
6.200000e-01 2.260657e-01
6.300000e-01 2.157465e-01
6.400000e-01 2.057663e-01
6.500000e-01 1.961231e-01
6.600000e-01 1.868143e-01
6.700000e-01 1.778365e-01
6.800000e-01 1.691859e-01
6.900000e-01 1.608581e-01
7.000000e-01 1.528481e-01
7.100000e-01 1.451508e-01
7.200000e-01 1.377603e-01
7.300000e-01 1.306706e-01
7.400000e-01 1.238753e-01
7.500000e-01 1.173677e-01
7.600000e-01 1.111410e-01
7.700000e-01 1.051880e-01
7.800000e-01 9.950131e-02
7.900000e-01 9.407359e-02
8.000000e-01 8.889724e-02
8.100000e-01 8.396461e-02
8.200000e-01 7.926801e-02
8.300000e-01 7.479969e-02
8.400000e-01 7.055191e-02
8.500000e-01 6.651695e-02
8.600000e-01 6.268713e-02
8.700000e-01 5.905481e-02
8.800000e-01 5.561243e-02
8.900000e-01 5.235254e-02
9.000000e-01 4.926778e-02
9.100000e-01 4.635091e-02
9.200000e-01 4.359482e-02
9.300000e-01 4.099256e-02
9.400000e-01 3.853732e-02
9.500000e-01 3.622244e-02
9.600000e-01 3.404145e-02
9.700000e-01 3.198803e-02
9.800000e-01 3.005607e-02
9.900000e-01 2.823961e-02
1.000000e+00 2.653290e-02
1.010000e+00 2.493035e-02
1.020000e+00 2.342659e-02
1.030000e+00 2.201641e-02
1.040000e+00 2.069482e-02
1.050000e+00 1.945699e-02
1.060000e+00 1.829829e-02
1.070000e+00 1.721428e-02
1.080000e+00 1.620070e-02
1.090000e+00 1.525347e-02
1.100000e+00 1.436867e-02
1.110000e+00 1.354259e-02
1.120000e+00 1.277166e-02
1.130000e+00 1.205248e-02
1.140000e+00 1.138184e-02
1.150000e+00 1.075666e-02
1.160000e+00 1.017403e-02
1.170000e+00 9.631168e-03
1.180000e+00 9.125467e-03
1.190000e+00 8.654442e-03
1.200000e+00 8.215750e-03
1.210000e+00 7.807179e-03
1.220000e+00 7.426643e-03
1.230000e+00 7.072178e-03
1.240000e+00 6.741938e-03
1.250000e+00 6.434190e-03
1.260000e+00 6.147309e-03
1.270000e+00 5.879772e-03
1.280000e+00 5.630158e-03
1.290000e+00 5.397137e-03
1.300000e+00 5.179471e-03
1.310000e+00 4.976007e-03
1.320000e+00 4.785674e-03
1.330000e+00 4.607477e-03
1.340000e+00 4.440494e-03
1.350000e+00 4.283872e-03
1.360000e+00 4.136823e-03
1.370000e+00 3.998619e-03
1.380000e+00 3.868590e-03
1.390000e+00 3.746120e-03
1.400000e+00 3.630641e-03
1.410000e+00 3.521634e-03
1.420000e+00 3.418622e-03
1.430000e+00 3.321168e-03
1.440000e+00 3.228873e-03
1.450000e+00 3.141372e-03
1.460000e+00 3.058331e-03
1.470000e+00 2.979447e-03
1.480000e+00 2.904441e-03
1.490000e+00 2.833063e-03
1.500000e+00 2.765080e-03
1.510000e+00 2.700284e-03
1.520000e+00 2.638483e-03
1.530000e+00 2.579504e-03
1.540000e+00 2.523190e-03
1.550000e+00 2.469396e-03
1.560000e+00 2.417992e-03
1.570000e+00 2.368860e-03
1.580000e+00 2.321892e-03
1.590000e+00 2.276992e-03
1.600000e+00 2.234071e-03
1.610000e+00 2.193052e-03
1.620000e+00 2.153861e-03
1.630000e+00 2.116437e-03
1.640000e+00 2.080722e-03
1.650000e+00 2.046666e-03
1.660000e+00 2.014225e-03
1.670000e+00 1.983359e-03
1.680000e+00 1.954036e-03
1.690000e+00 1.926225e-03
1.700000e+00 1.899903e-03
1.710000e+00 1.875048e-03
1.720000e+00 1.851642e-03
1.730000e+00 1.829671e-03
1.740000e+00 1.809122e-03
1.750000e+00 1.789985e-03
1.760000e+00 1.772251e-03
1.770000e+00 1.755912e-03
1.780000e+00 1.740961e-03
1.790000e+00 1.727389e-03
1.800000e+00 1.715189e-03
1.810000e+00 1.704351e-03
1.820000e+00 1.694863e-03
1.830000e+00 1.686712e-03
1.840000e+00 1.679882e-03
1.850000e+00 1.674353e-03
1.860000e+00 1.670102e-03
1.870000e+00 1.667102e-03
1.880000e+00 1.665322e-03
1.890000e+00 1.664725e-03
1.900000e+00 1.665270e-03
1.910000e+00 1.666913e-03
1.920000e+00 1.669601e-03
1.930000e+00 1.673279e-03
1.940000e+00 1.677886e-03
1.950000e+00 1.683356e-03
1.960000e+00 1.689620e-03
1.970000e+00 1.696602e-03
1.980000e+00 1.704224e-03
1.990000e+00 1.712404e-03
2.000000e+00 1.721057e-03
2.010000e+00 1.730095e-03
2.020000e+00 1.739429e-03
2.030000e+00 1.748969e-03
2.040000e+00 1.758623e-03
2.050000e+00 1.768300e-03
2.060000e+00 1.777911e-03
2.070000e+00 1.787365e-03
2.080000e+00 1.796577e-03
2.090000e+00 1.805464e-03
2.100000e+00 1.813944e-03
2.110000e+00 1.821942e-03
2.120000e+00 1.829386e-03
2.130000e+00 1.836211e-03
2.140000e+00 1.842355e-03
2.150000e+00 1.847765e-03
2.160000e+00 1.852392e-03
2.170000e+00 1.856195e-03
2.180000e+00 1.859139e-03
2.190000e+00 1.861195e-03
2.200000e+00 1.862343e-03
2.210000e+00 1.862568e-03
2.220000e+00 1.861863e-03
2.230000e+00 1.860226e-03
2.240000e+00 1.857661e-03
2.250000e+00 1.854179e-03
2.260000e+00 1.849795e-03
2.270000e+00 1.844529e-03
2.280000e+00 1.838407e-03
2.290000e+00 1.831456e-03
2.300000e+00 1.823708e-03
2.310000e+00 1.815197e-03
2.320000e+00 1.805958e-03
2.330000e+00 1.796030e-03
2.340000e+00 1.785448e-03
2.350000e+00 1.774252e-03
2.360000e+00 1.762478e-03
2.370000e+00 1.750163e-03
2.380000e+00 1.737342e-03
2.390000e+00 1.724047e-03
2.400000e+00 1.710309e-03
2.410000e+00 1.696155e-03
2.420000e+00 1.681609e-03
2.430000e+00 1.666693e-03
2.440000e+00 1.651425e-03
2.450000e+00 1.635819e-03
2.460000e+00 1.619884e-03
2.470000e+00 1.603629e-03
2.480000e+00 1.587057e-03
2.490000e+00 1.570168e-03
2.500000e+00 1.552960e-03
2.510000e+00 1.535426e-03
2.520000e+00 1.517558e-03
2.530000e+00 1.499347e-03
2.540000e+00 1.480781e-03
2.550000e+00 1.461846e-03
2.560000e+00 1.442528e-03
2.570000e+00 1.422814e-03
2.580000e+00 1.402690e-03
2.590000e+00 1.382142e-03
2.600000e+00 1.361158e-03
2.610000e+00 1.339729e-03
2.620000e+00 1.317847e-03
2.630000e+00 1.295506e-03
2.640000e+00 1.272706e-03
2.650000e+00 1.249449e-03
2.660000e+00 1.225739e-03
2.670000e+00 1.201589e-03
2.680000e+00 1.177012e-03
2.690000e+00 1.152030e-03
2.700000e+00 1.126667e-03
2.710000e+00 1.100955e-03
2.720000e+00 1.074928e-03
2.730000e+00 1.048629e-03
2.740000e+00 1.022104e-03
2.750000e+00 9.954042e-04
2.760000e+00 9.685876e-04
2.770000e+00 9.417154e-04
2.780000e+00 9.148538e-04
2.790000e+00 8.880730e-04
2.800000e+00 8.614470e-04
2.810000e+00 8.350530e-04
2.820000e+00 8.089712e-04
2.830000e+00 7.832837e-04
2.840000e+00 7.580743e-04
2.850000e+00 7.334279e-04
2.860000e+00 7.094295e-04
2.870000e+00 6.861641e-04
2.880000e+00 6.637155e-04
2.890000e+00 6.421659e-04
2.900000e+00 6.215950e-04
2.910000e+00 6.020796e-04
2.920000e+00 5.836930e-04
2.930000e+00 5.665039e-04
2.940000e+00 5.505761e-04
2.950000e+00 5.359682e-04
2.960000e+00 5.227326e-04
2.970000e+00 5.109151e-04
2.980000e+00 5.005550e-04
2.990000e+00 4.916840e-04
3.000000e+00 4.843264e-04
3.010000e+00 4.784986e-04
3.020000e+00 4.742092e-04
3.030000e+00 4.714588e-04
3.040000e+00 4.702396e-04
3.050000e+00 4.705363e-04
3.060000e+00 4.723253e-04
3.070000e+00 4.755755e-04
3.080000e+00 4.802483e-04
3.090000e+00 4.862982e-04
3.100000e+00 4.936728e-04
3.110000e+00 5.023136e-04
3.120000e+00 5.121563e-04
3.130000e+00 5.231316e-04
3.140000e+00 5.351653e-04
3.150000e+00 5.481797e-04
3.160000e+00 5.620936e-04
3.170000e+00 5.768233e-04
3.180000e+00 5.922833e-04
3.190000e+00 6.083868e-04
3.200000e+00 6.250468e-04
3.210000e+00 6.421765e-04
3.220000e+00 6.596900e-04
3.230000e+00 6.775031e-04
3.240000e+00 6.955340e-04
3.250000e+00 7.137036e-04
3.260000e+00 7.319366e-04
3.270000e+00 7.501615e-04
3.280000e+00 7.683114e-04
3.290000e+00 7.863242e-04
3.300000e+00 8.041433e-04
3.310000e+00 8.217177e-04
3.320000e+00 8.390022e-04
3.330000e+00 8.559579e-04
3.340000e+00 8.725520e-04
3.350000e+00 8.887581e-04
3.360000e+00 9.045561e-04
3.370000e+00 9.199324e-04
3.380000e+00 9.348795e-04
3.390000e+00 9.493960e-04
3.400000e+00 9.634866e-04
3.410000e+00 9.771615e-04
3.420000e+00 9.904363e-04
3.430000e+00 1.003332e-03
3.440000e+00 1.015874e-03
3.450000e+00 1.028092e-03
3.460000e+00 1.040021e-03
3.470000e+00 1.051697e-03
3.480000e+00 1.063161e-03
3.490000e+00 1.074457e-03
3.500000e+00 1.085629e-03
3.510000e+00 1.096724e-03
3.520000e+00 1.107790e-03
3.530000e+00 1.118876e-03
3.540000e+00 1.130031e-03
3.550000e+00 1.141303e-03
3.560000e+00 1.152740e-03
3.570000e+00 1.164388e-03
3.580000e+00 1.176291e-03
3.590000e+00 1.188491e-03
3.600000e+00 1.201028e-03
3.610000e+00 1.213938e-03
3.620000e+00 1.227254e-03
3.630000e+00 1.241005e-03
3.640000e+00 1.255214e-03
3.650000e+00 1.269901e-03
3.660000e+00 1.285081e-03
3.670000e+00 1.300764e-03
3.680000e+00 1.316953e-03
3.690000e+00 1.333645e-03
3.700000e+00 1.350834e-03
3.710000e+00 1.368504e-03
3.720000e+00 1.386635e-03
3.730000e+00 1.405201e-03
3.740000e+00 1.424169e-03
3.750000e+00 1.443499e-03
3.760000e+00 1.463146e-03
3.770000e+00 1.483059e-03
3.780000e+00 1.503180e-03
3.790000e+00 1.523447e-03
3.800000e+00 1.543791e-03
3.810000e+00 1.564140e-03
3.820000e+00 1.584417e-03
3.830000e+00 1.604540e-03
3.840000e+00 1.624424e-03
3.850000e+00 1.643983e-03
3.860000e+00 1.663126e-03
3.870000e+00 1.681763e-03
3.880000e+00 1.699801e-03
3.890000e+00 1.717149e-03
3.900000e+00 1.733714e-03
3.910000e+00 1.749408e-03
3.920000e+00 1.764142e-03
3.930000e+00 1.777831e-03
3.940000e+00 1.790396e-03
3.950000e+00 1.801758e-03
3.960000e+00 1.811848e-03
3.970000e+00 1.820599e-03
3.980000e+00 1.827952e-03
3.990000e+00 1.833856e-03
4.000000e+00 1.838266e-03
4.010000e+00 1.841146e-03
4.020000e+00 1.842468e-03
4.030000e+00 1.842212e-03
4.040000e+00 1.840367e-03
4.050000e+00 1.836932e-03
4.060000e+00 1.831913e-03
4.070000e+00 1.825325e-03
4.080000e+00 1.817192e-03
4.090000e+00 1.807546e-03
4.100000e+00 1.796427e-03
4.110000e+00 1.783881e-03
4.120000e+00 1.769962e-03
4.130000e+00 1.754728e-03
4.140000e+00 1.738245e-03
4.150000e+00 1.720581e-03
4.160000e+00 1.701808e-03
4.170000e+00 1.682001e-03
4.180000e+00 1.661238e-03
4.190000e+00 1.639596e-03
4.200000e+00 1.617154e-03
4.210000e+00 1.593988e-03
4.220000e+00 1.570174e-03
4.230000e+00 1.545785e-03
4.240000e+00 1.520892e-03
4.250000e+00 1.495559e-03
4.260000e+00 1.469848e-03
4.270000e+00 1.443816e-03
4.280000e+00 1.417515e-03
4.290000e+00 1.390988e-03
4.300000e+00 1.364277e-03
4.310000e+00 1.337413e-03
4.320000e+00 1.310425e-03
4.330000e+00 1.283333e-03
4.340000e+00 1.256153e-03
4.350000e+00 1.228895e-03
4.360000e+00 1.201564e-03
4.370000e+00 1.174160e-03
4.380000e+00 1.146678e-03
4.390000e+00 1.119114e-03
4.400000e+00 1.091455e-03
4.410000e+00 1.063690e-03
4.420000e+00 1.035807e-03
4.430000e+00 1.007792e-03
4.440000e+00 9.796311e-04
4.450000e+00 9.513129e-04
4.460000e+00 9.228270e-04
4.470000e+00 8.941660e-04
4.480000e+00 8.653254e-04
4.490000e+00 8.363049e-04
4.500000e+00 8.071084e-04
4.510000e+00 7.777448e-04
4.520000e+00 7.482280e-04
4.530000e+00 7.185777e-04
4.540000e+00 6.888191e-04
4.550000e+00 6.589830e-04
4.560000e+00 6.291062e-04
4.570000e+00 5.992308e-04
4.580000e+00 5.694044e-04
4.590000e+00 5.396795e-04
4.600000e+00 5.101133e-04
4.610000e+00 4.807670e-04
4.620000e+00 4.517051e-04
4.630000e+00 4.229952e-04
4.640000e+00 3.947068e-04
4.650000e+00 3.669110e-04
4.660000e+00 3.396794e-04
4.670000e+00 3.130834e-04
4.680000e+00 2.871934e-04
4.690000e+00 2.620780e-04
4.700000e+00 2.378034e-04
4.710000e+00 2.144323e-04
4.720000e+00 1.920235e-04
4.730000e+00 1.706311e-04
4.740000e+00 1.503041e-04
4.750000e+00 1.310855e-04
4.760000e+00 1.130123e-04
4.770000e+00 9.611485e-05
4.780000e+00 8.041669e-05
4.790000e+00 6.593434e-05
4.800000e+00 5.267717e-05
4.810000e+00 4.064742e-05
4.820000e+00 2.984027e-05
4.830000e+00 2.024396e-05
4.840000e+00 1.184008e-05
4.850000e+00 4.603820e-06
4.860000e+00 -1.495650e-06
4.870000e+00 -6.494738e-06
4.880000e+00 -1.043498e-05
4.890000e+00 -1.336250e-05
4.900000e+00 -1.532750e-05
4.910000e+00 -1.638367e-05
4.920000e+00 -1.658762e-05
4.930000e+00 -1.599829e-05
4.940000e+00 -1.467637e-05
4.950000e+00 -1.268377e-05
4.960000e+00 -1.008301e-05
4.970000e+00 -6.936767e-06
4.980000e+00 -3.307353e-06
4.990000e+00 7.437200e-07
5.000000e+00 5.156152e-06
5.010000e+00 9.871215e-06
5.020000e+00 1.483207e-05
5.030000e+00 1.998403e-05
5.040000e+00 2.527479e-05
5.050000e+00 3.065462e-05
5.060000e+00 3.607646e-05
5.070000e+00 4.149602e-05
5.080000e+00 4.687187e-05
5.090000e+00 5.216540e-05
5.100000e+00 5.734086e-05
5.110000e+00 6.236525e-05
5.120000e+00 6.720831e-05
5.130000e+00 7.184243e-05
5.140000e+00 7.624252e-05
5.150000e+00 8.038590e-05
5.160000e+00 8.425223e-05
5.170000e+00 8.782333e-05
5.180000e+00 9.108311e-05
5.190000e+00 9.401741e-05
5.200000e+00 9.661389e-05
5.210000e+00 9.886195e-05
5.220000e+00 1.007526e-04
5.230000e+00 1.022783e-04
5.240000e+00 1.034331e-04
5.250000e+00 1.042121e-04
5.260000e+00 1.046120e-04
5.270000e+00 1.046304e-04
5.280000e+00 1.042661e-04
5.290000e+00 1.035188e-04
5.300000e+00 1.023894e-04
5.310000e+00 1.008793e-04
5.320000e+00 9.899093e-05
5.330000e+00 9.672733e-05
5.340000e+00 9.409204e-05
5.350000e+00 9.108912e-05
5.360000e+00 8.772295e-05
5.370000e+00 8.399817e-05
5.380000e+00 7.991947e-05
5.390000e+00 7.549154e-05
5.400000e+00 7.071888e-05
5.410000e+00 6.560567e-05
5.420000e+00 6.015566e-05
5.430000e+00 5.437200e-05
5.440000e+00 4.825714e-05
5.450000e+00 4.181274e-05
5.460000e+00 3.503951e-05
5.470000e+00 2.793720e-05
5.480000e+00 2.050454e-05
5.490000e+00 1.273917e-05
5.500000e+00 4.637708e-06
5.510000e+00 -3.804239e-06
5.520000e+00 -1.259200e-05
5.530000e+00 -2.173170e-05
5.540000e+00 -3.123013e-05
5.550000e+00 -4.109453e-05
5.560000e+00 -5.133236e-05
5.570000e+00 -6.195103e-05
5.580000e+00 -7.295759e-05
5.590000e+00 -8.435837e-05
5.600000e+00 -9.615866e-05
5.610000e+00 -1.083622e-04
5.620000e+00 -1.209710e-04
5.630000e+00 -1.339846e-04
5.640000e+00 -1.474000e-04
5.650000e+00 -1.612109e-04
5.660000e+00 -1.754075e-04
5.670000e+00 -1.899761e-04
5.680000e+00 -2.048987e-04
5.690000e+00 -2.201527e-04
5.700000e+00 -2.357107e-04
5.710000e+00 -2.515400e-04
5.720000e+00 -2.676031e-04
5.730000e+00 -2.838567e-04
5.740000e+00 -3.002525e-04
5.750000e+00 -3.167368e-04
5.760000e+00 -3.332509e-04
5.770000e+00 -3.497312e-04
5.780000e+00 -3.661095e-04
5.790000e+00 -3.823137e-04
5.800000e+00 -3.982678e-04
5.810000e+00 -4.138930e-04
5.820000e+00 -4.291077e-04
5.830000e+00 -4.438291e-04
5.840000e+00 -4.579730e-04
5.850000e+00 -4.714554e-04
5.860000e+00 -4.841930e-04
5.870000e+00 -4.961038e-04
5.880000e+00 -5.071089e-04
5.890000e+00 -5.171324e-04
5.900000e+00 -5.261030e-04
5.910000e+00 -5.339546e-04
5.920000e+00 -5.406271e-04
5.930000e+00 -5.460675e-04
5.940000e+00 -5.502303e-04
5.950000e+00 -5.530784e-04
5.960000e+00 -5.545835e-04
5.970000e+00 -5.547269e-04
5.980000e+00 -5.534996e-04
5.990000e+00 -5.509028e-04
6.000000e+00 -5.469478e-04
6.010000e+00 -5.416567e-04
6.020000e+00 -5.350615e-04
6.030000e+00 -5.272047e-04
6.040000e+00 -5.181385e-04
6.050000e+00 -5.079247e-04
6.060000e+00 -4.966342e-04
6.070000e+00 -4.843461e-04
6.080000e+00 -4.711474e-04
6.090000e+00 -4.571321e-04
6.100000e+00 -4.424001e-04
6.110000e+00 -4.270568e-04
6.120000e+00 -4.112115e-04
6.130000e+00 -3.949770e-04
6.140000e+00 -3.784684e-04
6.150000e+00 -3.618019e-04
6.160000e+00 -3.450940e-04
6.170000e+00 -3.284604e-04
6.180000e+00 -3.120150e-04
6.190000e+00 -2.958694e-04
6.200000e+00 -2.801314e-04
6.210000e+00 -2.649047e-04
6.220000e+00 -2.502879e-04
6.230000e+00 -2.363740e-04
6.240000e+00 -2.232501e-04
6.250000e+00 -2.109964e-04
6.260000e+00 -1.996864e-04
6.270000e+00 -1.893863e-04
6.280000e+00 -1.801552e-04
6.290000e+00 -1.720445e-04
6.300000e+00 -1.650986e-04
6.310000e+00 -1.593545e-04
6.320000e+00 -1.548423e-04
6.330000e+00 -1.515854e-04
6.340000e+00 -1.496010e-04
6.350000e+00 -1.489002e-04
6.360000e+00 -1.494887e-04
6.370000e+00 -1.513674e-04
6.380000e+00 -1.545325e-04
6.390000e+00 -1.589766e-04
6.400000e+00 -1.646885e-04
6.410000e+00 -1.716547e-04
6.420000e+00 -1.798590e-04
6.430000e+00 -1.892836e-04
6.440000e+00 -1.999092e-04
6.450000e+00 -2.117157e-04
6.460000e+00 -2.246822e-04
6.470000e+00 -2.387878e-04
6.480000e+00 -2.540113e-04
6.490000e+00 -2.703318e-04
6.500000e+00 -2.877288e-04
6.510000e+00 -3.061820e-04
6.520000e+00 -3.256716e-04
6.530000e+00 -3.461778e-04
6.540000e+00 -3.676814e-04
6.550000e+00 -3.901628e-04
6.560000e+00 -4.136025e-04
6.570000e+00 -4.379804e-04
6.580000e+00 -4.632756e-04
6.590000e+00 -4.894660e-04
6.600000e+00 -5.165283e-04
6.610000e+00 -5.444372e-04
6.620000e+00 -5.731652e-04
6.630000e+00 -6.026824e-04
6.640000e+00 -6.329559e-04
6.650000e+00 -6.639495e-04
6.660000e+00 -6.956236e-04
6.670000e+00 -7.279347e-04
6.680000e+00 -7.608353e-04
6.690000e+00 -7.942736e-04
6.700000e+00 -8.281935e-04
6.710000e+00 -8.625343e-04
6.720000e+00 -8.972308e-04
6.730000e+00 -9.322132e-04
6.740000e+00 -9.674075e-04
6.750000e+00 -1.002735e-03
6.760000e+00 -1.038113e-03
6.770000e+00 -1.073456e-03
6.780000e+00 -1.108672e-03
6.790000e+00 -1.143669e-03
6.800000e+00 -1.178350e-03
6.810000e+00 -1.212616e-03
6.820000e+00 -1.246366e-03
6.830000e+00 -1.279499e-03
6.840000e+00 -1.311910e-03
6.850000e+00 -1.343495e-03
6.860000e+00 -1.374151e-03
6.870000e+00 -1.403774e-03
6.880000e+00 -1.432263e-03
6.890000e+00 -1.459516e-03
6.900000e+00 -1.485436e-03
6.910000e+00 -1.509928e-03
6.920000e+00 -1.532900e-03
6.930000e+00 -1.554263e-03
6.940000e+00 -1.573936e-03
6.950000e+00 -1.591838e-03
6.960000e+00 -1.607896e-03
6.970000e+00 -1.622044e-03
6.980000e+00 -1.634219e-03
6.990000e+00 -1.644367e-03
7.000000e+00 -1.652438e-03
7.010000e+00 -1.658392e-03
7.020000e+00 -1.662195e-03
7.030000e+00 -1.663819e-03
7.040000e+00 -1.663246e-03
7.050000e+00 -1.660463e-03
7.060000e+00 -1.655468e-03
7.070000e+00 -1.648263e-03
7.080000e+00 -1.638860e-03
7.090000e+00 -1.627279e-03
7.100000e+00 -1.613546e-03
7.110000e+00 -1.597696e-03
7.120000e+00 -1.579769e-03
7.130000e+00 -1.559814e-03
7.140000e+00 -1.537888e-03
7.150000e+00 -1.514050e-03
7.160000e+00 -1.488370e-03
7.170000e+00 -1.460922e-03
7.180000e+00 -1.431785e-03
7.190000e+00 -1.401044e-03
7.200000e+00 -1.368788e-03
7.210000e+00 -1.335112e-03
7.220000e+00 -1.300113e-03
7.230000e+00 -1.263892e-03
7.240000e+00 -1.226553e-03
7.250000e+00 -1.188202e-03
7.260000e+00 -1.148949e-03
7.270000e+00 -1.108903e-03
7.280000e+00 -1.068174e-03
7.290000e+00 -1.026875e-03
7.300000e+00 -9.851148e-04
7.310000e+00 -9.430054e-04
7.320000e+00 -9.006559e-04
7.330000e+00 -8.581745e-04
7.340000e+00 -8.156672e-04
7.350000e+00 -7.732378e-04
7.360000e+00 -7.309875e-04
7.370000e+00 -6.890145e-04
7.380000e+00 -6.474134e-04
7.390000e+00 -6.062756e-04
7.400000e+00 -5.656883e-04
7.410000e+00 -5.257350e-04
7.420000e+00 -4.864948e-04
7.430000e+00 -4.480426e-04
7.440000e+00 -4.104489e-04
7.450000e+00 -3.737798e-04
7.460000e+00 -3.380972e-04
7.470000e+00 -3.034583e-04
7.480000e+00 -2.699164e-04
7.490000e+00 -2.375204e-04
7.500000e+00 -2.063153e-04
7.510000e+00 -1.763421e-04
7.520000e+00 -1.476382e-04
7.530000e+00 -1.202373e-04
7.540000e+00 -9.417009e-05
7.550000e+00 -6.946378e-05
7.560000e+00 -4.614285e-05
7.570000e+00 -2.422896e-05
7.580000e+00 -3.741233e-06
7.590000e+00 1.530363e-05
7.600000e+00 3.289119e-05
7.610000e+00 4.900914e-05
7.620000e+00 6.364723e-05
7.630000e+00 7.679717e-05
7.640000e+00 8.845264e-05
7.650000e+00 9.860925e-05
7.660000e+00 1.072646e-04
7.670000e+00 1.144183e-04
7.680000e+00 1.200722e-04
7.690000e+00 1.242303e-04
7.700000e+00 1.268991e-04
7.710000e+00 1.280877e-04
7.720000e+00 1.278078e-04
7.730000e+00 1.260746e-04
7.740000e+00 1.229060e-04
7.750000e+00 1.183237e-04
7.760000e+00 1.123530e-04
7.770000e+00 1.050234e-04
7.780000e+00 9.636816e-05
7.790000e+00 8.642516e-05
7.800000e+00 7.523675e-05
7.810000e+00 6.284994e-05
7.820000e+00 4.931650e-05
7.830000e+00 3.469307e-05
7.840000e+00 1.904109e-05
7.850000e+00 2.426840e-06
7.860000e+00 -1.507869e-05
7.870000e+00 -3.339994e-05
7.880000e+00 -5.245700e-05
7.890000e+00 -7.216587e-05
7.900000e+00 -9.243878e-05
7.910000e+00 -1.131846e-04
7.920000e+00 -1.343092e-04
7.930000e+00 -1.557162e-04
7.940000e+00 -1.773071e-04
7.950000e+00 -1.989823e-04
7.960000e+00 -2.206414e-04
7.970000e+00 -2.421841e-04
7.980000e+00 -2.635107e-04
7.990000e+00 -2.845229e-04
8.000000e+00 -3.051246e-04
8.010000e+00 -3.252225e-04
8.020000e+00 -3.447267e-04
8.030000e+00 -3.635516e-04
8.040000e+00 -3.816166e-04
8.050000e+00 -3.988465e-04
8.060000e+00 -4.151723e-04
8.070000e+00 -4.305315e-04
8.080000e+00 -4.448688e-04
8.090000e+00 -4.581366e-04
8.100000e+00 -4.702949e-04
8.110000e+00 -4.813123e-04
8.120000e+00 -4.911653e-04
8.130000e+00 -4.998393e-04
8.140000e+00 -5.073280e-04
8.150000e+00 -5.136337e-04
8.160000e+00 -5.187670e-04
8.170000e+00 -5.227466e-04
8.180000e+00 -5.255991e-04
8.190000e+00 -5.273585e-04
8.200000e+00 -5.280661e-04
8.210000e+00 -5.277693e-04
8.220000e+00 -5.265219e-04
8.230000e+00 -5.243828e-04
8.240000e+00 -5.214157e-04
8.250000e+00 -5.176882e-04
8.260000e+00 -5.132713e-04
8.270000e+00 -5.082383e-04
8.280000e+00 -5.026646e-04
8.290000e+00 -4.966263e-04
8.300000e+00 -4.901999e-04
8.310000e+00 -4.834613e-04
8.320000e+00 -4.764853e-04
8.330000e+00 -4.693449e-04
8.340000e+00 -4.621102e-04
8.350000e+00 -4.548486e-04
8.360000e+00 -4.476236e-04
8.370000e+00 -4.404945e-04
8.380000e+00 -4.335160e-04
8.390000e+00 -4.267380e-04
8.400000e+00 -4.202050e-04
8.410000e+00 -4.139560e-04
8.420000e+00 -4.080242e-04
8.430000e+00 -4.024374e-04
8.440000e+00 -3.972171e-04
8.450000e+00 -3.923795e-04
8.460000e+00 -3.879350e-04
8.470000e+00 -3.838884e-04
8.480000e+00 -3.802393e-04
8.490000e+00 -3.769824e-04
8.500000e+00 -3.741076e-04
8.510000e+00 -3.716006e-04
8.520000e+00 -3.694431e-04
8.530000e+00 -3.676131e-04
8.540000e+00 -3.660859e-04
8.550000e+00 -3.648340e-04
8.560000e+00 -3.638277e-04
8.570000e+00 -3.630359e-04
8.580000e+00 -3.624260e-04
8.590000e+00 -3.619649e-04
8.600000e+00 -3.616191e-04
8.610000e+00 -3.613554e-04
8.620000e+00 -3.611412e-04
8.630000e+00 -3.609448e-04
8.640000e+00 -3.607357e-04
8.650000e+00 -3.604854e-04
8.660000e+00 -3.601671e-04
8.670000e+00 -3.597561e-04
8.680000e+00 -3.592305e-04
8.690000e+00 -3.585707e-04
8.700000e+00 -3.577599e-04
8.710000e+00 -3.567841e-04
8.720000e+00 -3.556323e-04
8.730000e+00 -3.542963e-04
8.740000e+00 -3.527709e-04
8.750000e+00 -3.510537e-04
8.760000e+00 -3.491452e-04
8.770000e+00 -3.470484e-04
8.780000e+00 -3.447692e-04
8.790000e+00 -3.423154e-04
8.800000e+00 -3.396976e-04
8.810000e+00 -3.369282e-04
8.820000e+00 -3.340215e-04
8.830000e+00 -3.309933e-04
8.840000e+00 -3.278613e-04
8.850000e+00 -3.246440e-04
8.860000e+00 -3.213611e-04
8.870000e+00 -3.180331e-04
8.880000e+00 -3.146811e-04
8.890000e+00 -3.113265e-04
8.900000e+00 -3.079909e-04
8.910000e+00 -3.046960e-04
8.920000e+00 -3.014630e-04
8.930000e+00 -2.983130e-04
8.940000e+00 -2.952664e-04
8.950000e+00 -2.923429e-04
8.960000e+00 -2.895614e-04
8.970000e+00 -2.869395e-04
8.980000e+00 -2.844941e-04
8.990000e+00 -2.822405e-04
9.000000e+00 -2.801928e-04
9.010000e+00 -2.783636e-04
9.020000e+00 -2.767639e-04
9.030000e+00 -2.754032e-04
9.040000e+00 -2.742890e-04
9.050000e+00 -2.734271e-04
9.060000e+00 -2.728215e-04
9.070000e+00 -2.724741e-04
9.080000e+00 -2.723848e-04
9.090000e+00 -2.725512e-04
9.100000e+00 -2.729690e-04
9.110000e+00 -2.736315e-04
9.120000e+00 -2.745295e-04
9.130000e+00 -2.756517e-04
9.140000e+00 -2.769841e-04
9.150000e+00 -2.785104e-04
9.160000e+00 -2.802115e-04
9.170000e+00 -2.820658e-04
9.180000e+00 -2.840491e-04
9.190000e+00 -2.861342e-04
9.200000e+00 -2.882917e-04
9.210000e+00 -2.904890e-04
9.220000e+00 -2.926911e-04
9.230000e+00 -2.948600e-04
9.240000e+00 -2.969555e-04
9.250000e+00 -2.989345e-04
9.260000e+00 -3.007514e-04
9.270000e+00 -3.023584e-04
9.280000e+00 -3.037053e-04
9.290000e+00 -3.047400e-04
9.300000e+00 -3.054085e-04
9.310000e+00 -3.056549e-04
9.320000e+00 -3.054221e-04
9.330000e+00 -3.046520e-04
9.340000e+00 -3.032854e-04
9.350000e+00 -3.012628e-04
9.360000e+00 -2.985246e-04
9.370000e+00 -2.950114e-04
9.380000e+00 -2.906646e-04
9.390000e+00 -2.854266e-04
9.400000e+00 -2.792414e-04
9.410000e+00 -2.720551e-04
9.420000e+00 -2.638162e-04
9.430000e+00 -2.544764e-04
9.440000e+00 -2.439904e-04
9.450000e+00 -2.323174e-04
9.460000e+00 -2.194206e-04
9.470000e+00 -2.052681e-04
9.480000e+00 -1.898334e-04
9.490000e+00 -1.730956e-04
9.500000e+00 -1.550400e-04
9.510000e+00 -1.356580e-04
9.520000e+00 -1.149482e-04
9.530000e+00 -9.291582e-05
9.540000e+00 -6.957346e-05
9.550000e+00 -4.494111e-05
9.560000e+00 -1.904627e-05
9.570000e+00 8.075948e-06
9.580000e+00 3.638282e-05
9.590000e+00 6.582408e-05
9.600000e+00 9.634198e-05
9.610000e+00 1.278715e-04
9.620000e+00 1.603405e-04
9.630000e+00 1.936700e-04
9.640000e+00 2.277747e-04
9.650000e+00 2.625631e-04
9.660000e+00 2.979380e-04
9.670000e+00 3.337972e-04
9.680000e+00 3.700337e-04
9.690000e+00 4.065365e-04
9.700000e+00 4.431911e-04
9.710000e+00 4.798802e-04
9.720000e+00 5.164841e-04
9.730000e+00 5.528819e-04
9.740000e+00 5.889515e-04
9.750000e+00 6.245708e-04
9.760000e+00 6.596183e-04
9.770000e+00 6.939735e-04
9.780000e+00 7.275181e-04
9.790000e+00 7.601360e-04
9.800000e+00 7.917147e-04
9.810000e+00 8.221451e-04
9.820000e+00 8.513230e-04
9.830000e+00 8.791489e-04
9.840000e+00 9.055290e-04
9.850000e+00 9.303754e-04
9.860000e+00 9.536069e-04
9.870000e+00 9.751492e-04
9.880000e+00 9.949353e-04
9.890000e+00 1.012906e-03
9.900000e+00 1.029010e-03
9.910000e+00 1.043204e-03
9.920000e+00 1.055454e-03
9.930000e+00 1.065734e-03
9.940000e+00 1.074028e-03
9.950000e+00 1.080326e-03
9.960000e+00 1.084630e-03
9.970000e+00 1.086951e-03
9.980000e+00 1.087307e-03
9.990000e+00 1.085726e-03
1.000000e+01 1.082246e-03
