# sigma2_v 8.105480164639316e+00
0.000000e+00 1.000000e+00
1.000000e-02 9.995948e-01
2.000000e-02 9.983803e-01
3.000000e-02 9.963594e-01
4.000000e-02 9.935374e-01
5.000000e-02 9.899213e-01
6.000000e-02 9.855202e-01
7.000000e-02 9.803451e-01
8.000000e-02 9.744090e-01
9.000000e-02 9.677265e-01
1.000000e-01 9.603142e-01
1.100000e-01 9.521902e-01
1.200000e-01 9.433745e-01
1.300000e-01 9.338885e-01
1.400000e-01 9.237548e-01
1.500000e-01 9.129977e-01
1.600000e-01 9.016427e-01
1.700000e-01 8.897164e-01
1.800000e-01 8.772463e-01
1.900000e-01 8.642610e-01
2.000000e-01 8.507900e-01
2.100000e-01 8.368634e-01
2.200000e-01 8.225119e-01
2.300000e-01 8.077666e-01
2.400000e-01 7.926592e-01
2.500000e-01 7.772215e-01
2.600000e-01 7.614855e-01
2.700000e-01 7.454831e-01
2.800000e-01 7.292463e-01
2.900000e-01 7.128068e-01
3.000000e-01 6.961962e-01
3.100000e-01 6.794455e-01
3.200000e-01 6.625854e-01
3.300000e-01 6.456460e-01
3.400000e-01 6.286566e-01
3.500000e-01 6.116460e-01
3.600000e-01 5.946421e-01
3.700000e-01 5.776720e-01
3.800000e-01 5.607618e-01
3.900000e-01 5.439367e-01
4.000000e-01 5.272207e-01
4.100000e-01 5.106369e-01
4.200000e-01 4.942072e-01
4.300000e-01 4.779525e-01
4.400000e-01 4.618924e-01
4.500000e-01 4.460451e-01
4.600000e-01 4.304281e-01
4.700000e-01 4.150572e-01
4.800000e-01 3.999472e-01
4.900000e-01 3.851117e-01
5.000000e-01 3.705630e-01
5.100000e-01 3.563123e-01
5.200000e-01 3.423695e-01
5.300000e-01 3.287433e-01
5.400000e-01 3.154414e-01
5.500000e-01 3.024704e-01
5.600000e-01 2.898356e-01
5.700000e-01 2.775415e-01
5.800000e-01 2.655913e-01
5.900000e-01 2.539876e-01
6.000000e-01 2.427317e-01
6.100000e-01 2.318242e-01
6.200000e-01 2.212649e-01
6.300000e-01 2.110526e-01
6.400000e-01 2.011856e-01
6.500000e-01 1.916612e-01
6.600000e-01 1.824762e-01
6.700000e-01 1.736268e-01
6.800000e-01 1.651087e-01
6.900000e-01 1.569168e-01
7.000000e-01 1.490458e-01
7.100000e-01 1.414899e-01
7.200000e-01 1.342428e-01
7.300000e-01 1.272980e-01
7.400000e-01 1.206486e-01
7.500000e-01 1.142875e-01
7.600000e-01 1.082074e-01
7.700000e-01 1.024006e-01
7.800000e-01 9.685954e-02
7.900000e-01 9.157634e-02
8.000000e-01 8.654312e-02
8.100000e-01 8.175191e-02
8.200000e-01 7.719472e-02
8.300000e-01 7.286355e-02
8.400000e-01 6.875042e-02
8.500000e-01 6.484739e-02
8.600000e-01 6.114659e-02
8.700000e-01 5.764022e-02
8.800000e-01 5.432058e-02
8.900000e-01 5.118011e-02
9.000000e-01 4.821132e-02
9.100000e-01 4.540693e-02
9.200000e-01 4.275976e-02
9.300000e-01 4.026281e-02
9.400000e-01 3.790926e-02
9.500000e-01 3.569244e-02
9.600000e-01 3.360589e-02
9.700000e-01 3.164332e-02
9.800000e-01 2.979864e-02
9.900000e-01 2.806595e-02
1.000000e+00 2.643954e-02
1.010000e+00 2.491392e-02
1.020000e+00 2.348378e-02
1.030000e+00 2.214399e-02
1.040000e+00 2.088966e-02
1.050000e+00 1.971605e-02
1.060000e+00 1.861863e-02
1.070000e+00 1.759308e-02
1.080000e+00 1.663522e-02
1.090000e+00 1.574109e-02
1.100000e+00 1.490691e-02
1.110000e+00 1.412904e-02
1.120000e+00 1.340404e-02
1.130000e+00 1.272864e-02
1.140000e+00 1.209971e-02
1.150000e+00 1.151428e-02
1.160000e+00 1.096955e-02
1.170000e+00 1.046284e-02
1.180000e+00 9.991649e-03
1.190000e+00 9.553574e-03
1.200000e+00 9.146365e-03
1.210000e+00 8.767896e-03
1.220000e+00 8.416162e-03
1.230000e+00 8.089276e-03
1.240000e+00 7.785464e-03
1.250000e+00 7.503062e-03
1.260000e+00 7.240505e-03
1.270000e+00 6.996333e-03
1.280000e+00 6.769177e-03
1.290000e+00 6.557760e-03
1.300000e+00 6.360891e-03
1.310000e+00 6.177460e-03
1.320000e+00 6.006436e-03
1.330000e+00 5.846861e-03
1.340000e+00 5.697850e-03
1.350000e+00 5.558578e-03
1.360000e+00 5.428289e-03
1.370000e+00 5.306280e-03
1.380000e+00 5.191906e-03
1.390000e+00 5.084571e-03
1.400000e+00 4.983729e-03
1.410000e+00 4.888877e-03
1.420000e+00 4.799553e-03
1.430000e+00 4.715333e-03
1.440000e+00 4.635828e-03
1.450000e+00 4.560681e-03
1.460000e+00 4.489565e-03
1.470000e+00 4.422178e-03
1.480000e+00 4.358242e-03
1.490000e+00 4.297504e-03
1.500000e+00 4.239726e-03
1.510000e+00 4.184693e-03
1.520000e+00 4.132201e-03
1.530000e+00 4.082063e-03
1.540000e+00 4.034106e-03
1.550000e+00 3.988167e-03
1.560000e+00 3.944094e-03
1.570000e+00 3.901744e-03
1.580000e+00 3.860984e-03
1.590000e+00 3.821691e-03
1.600000e+00 3.783746e-03
1.610000e+00 3.747039e-03
1.620000e+00 3.711469e-03
1.630000e+00 3.676938e-03
1.640000e+00 3.643358e-03
1.650000e+00 3.610646e-03
1.660000e+00 3.578724e-03
1.670000e+00 3.547523e-03
1.680000e+00 3.516979e-03
1.690000e+00 3.487033e-03
1.700000e+00 3.457633e-03
1.710000e+00 3.428732e-03
1.720000e+00 3.400292e-03
1.730000e+00 3.372275e-03
1.740000e+00 3.344653e-03
1.750000e+00 3.317400e-03
1.760000e+00 3.290497e-03
1.770000e+00 3.263928e-03
1.780000e+00 3.237680e-03
1.790000e+00 3.211745e-03
1.800000e+00 3.186117e-03
1.810000e+00 3.160794e-03
1.820000e+00 3.135774e-03
1.830000e+00 3.111059e-03
1.840000e+00 3.086651e-03
1.850000e+00 3.062551e-03
1.860000e+00 3.038763e-03
1.870000e+00 3.015290e-03
1.880000e+00 2.992134e-03
1.890000e+00 2.969297e-03
1.900000e+00 2.946778e-03
1.910000e+00 2.924576e-03
1.920000e+00 2.902690e-03
1.930000e+00 2.881113e-03
1.940000e+00 2.859841e-03
1.950000e+00 2.838865e-03
1.960000e+00 2.818175e-03
1.970000e+00 2.797759e-03
1.980000e+00 2.777602e-03
1.990000e+00 2.757690e-03
2.000000e+00 2.738004e-03
2.010000e+00 2.718526e-03
2.020000e+00 2.699235e-03
2.030000e+00 2.680109e-03
2.040000e+00 2.661126e-03
2.050000e+00 2.642263e-03
2.060000e+00 2.623495e-03
2.070000e+00 2.604797e-03
2.080000e+00 2.586146e-03
2.090000e+00 2.567515e-03
2.100000e+00 2.548881e-03
2.110000e+00 2.530220e-03
2.120000e+00 2.511508e-03
2.130000e+00 2.492723e-03
2.140000e+00 2.473844e-03
2.150000e+00 2.454851e-03
2.160000e+00 2.435726e-03
2.170000e+00 2.416453e-03
2.180000e+00 2.397017e-03
2.190000e+00 2.377407e-03
2.200000e+00 2.357614e-03
2.210000e+00 2.337631e-03
2.220000e+00 2.317455e-03
2.230000e+00 2.297085e-03
2.240000e+00 2.276523e-03
2.250000e+00 2.255776e-03
2.260000e+00 2.234854e-03
2.270000e+00 2.213769e-03
2.280000e+00 2.192538e-03
2.290000e+00 2.171180e-03
2.300000e+00 2.149719e-03
2.310000e+00 2.128182e-03
2.320000e+00 2.106597e-03
2.330000e+00 2.084997e-03
2.340000e+00 2.063417e-03
2.350000e+00 2.041893e-03
2.360000e+00 2.020465e-03
2.370000e+00 1.999172e-03
2.380000e+00 1.978056e-03
2.390000e+00 1.957158e-03
2.400000e+00 1.936519e-03
2.410000e+00 1.916181e-03
2.420000e+00 1.896183e-03
2.430000e+00 1.876564e-03
2.440000e+00 1.857360e-03
2.450000e+00 1.838604e-03
2.460000e+00 1.820327e-03
2.470000e+00 1.802556e-03
2.480000e+00 1.785314e-03
2.490000e+00 1.768620e-03
2.500000e+00 1.752488e-03
2.510000e+00 1.736930e-03
2.520000e+00 1.721949e-03
2.530000e+00 1.707546e-03
2.540000e+00 1.693716e-03
2.550000e+00 1.680450e-03
2.560000e+00 1.667733e-03
2.570000e+00 1.655548e-03
2.580000e+00 1.643869e-03
2.590000e+00 1.632671e-03
2.600000e+00 1.621922e-03
2.610000e+00 1.611588e-03
2.620000e+00 1.601632e-03
2.630000e+00 1.592013e-03
2.640000e+00 1.582690e-03
2.650000e+00 1.573618e-03
2.660000e+00 1.564753e-03
2.670000e+00 1.556050e-03
2.680000e+00 1.547460e-03
2.690000e+00 1.538940e-03
2.700000e+00 1.530442e-03
2.710000e+00 1.521923e-03
2.720000e+00 1.513339e-03
2.730000e+00 1.504648e-03
2.740000e+00 1.495811e-03
2.750000e+00 1.486791e-03
2.760000e+00 1.477553e-03
2.770000e+00 1.468066e-03
2.780000e+00 1.458302e-03
2.790000e+00 1.448235e-03
2.800000e+00 1.437846e-03
2.810000e+00 1.427117e-03
2.820000e+00 1.416036e-03
2.830000e+00 1.404594e-03
2.840000e+00 1.392789e-03
2.850000e+00 1.380620e-03
2.860000e+00 1.368095e-03
2.870000e+00 1.355223e-03
2.880000e+00 1.342021e-03
2.890000e+00 1.328510e-03
2.900000e+00 1.314715e-03
2.910000e+00 1.300666e-03
2.920000e+00 1.286400e-03
2.930000e+00 1.271955e-03
2.940000e+00 1.257376e-03
2.950000e+00 1.242710e-03
2.960000e+00 1.228010e-03
2.970000e+00 1.213329e-03
2.980000e+00 1.198725e-03
2.990000e+00 1.184258e-03
3.000000e+00 1.169987e-03
3.010000e+00 1.155976e-03
3.020000e+00 1.142286e-03
3.030000e+00 1.128977e-03
3.040000e+00 1.116111e-03
3.050000e+00 1.103745e-03
3.060000e+00 1.091935e-03
3.070000e+00 1.080731e-03
3.080000e+00 1.070183e-03
3.090000e+00 1.060331e-03
3.100000e+00 1.051215e-03
3.110000e+00 1.042864e-03
3.120000e+00 1.035304e-03
3.130000e+00 1.028552e-03
3.140000e+00 1.022620e-03
3.150000e+00 1.017511e-03
3.160000e+00 1.013220e-03
3.170000e+00 1.009737e-03
3.180000e+00 1.007042e-03
3.190000e+00 1.005110e-03
3.200000e+00 1.003908e-03
3.210000e+00 1.003397e-03
3.220000e+00 1.003532e-03
3.230000e+00 1.004263e-03
3.240000e+00 1.005534e-03
3.250000e+00 1.007286e-03
3.260000e+00 1.009456e-03
3.270000e+00 1.011979e-03
3.280000e+00 1.014785e-03
3.290000e+00 1.017807e-03
3.300000e+00 1.020973e-03
3.310000e+00 1.024213e-03
3.320000e+00 1.027457e-03
3.330000e+00 1.030636e-03
3.340000e+00 1.033681e-03
3.350000e+00 1.036527e-03
3.360000e+00 1.039109e-03
3.370000e+00 1.041364e-03
3.380000e+00 1.043235e-03
3.390000e+00 1.044663e-03
3.400000e+00 1.045595e-03
3.410000e+00 1.045979e-03
3.420000e+00 1.045767e-03
3.430000e+00 1.044912e-03
3.440000e+00 1.043372e-03
3.450000e+00 1.041106e-03
3.460000e+00 1.038076e-03
3.470000e+00 1.034246e-03
3.480000e+00 1.029584e-03
3.490000e+00 1.024059e-03
3.500000e+00 1.017644e-03
3.510000e+00 1.010315e-03
3.520000e+00 1.002048e-03
3.530000e+00 9.928255e-04
3.540000e+00 9.826315e-04
3.550000e+00 9.714541e-04
3.560000e+00 9.592851e-04
3.570000e+00 9.461208e-04
3.580000e+00 9.319617e-04
3.590000e+00 9.168135e-04
3.600000e+00 9.006873e-04
3.610000e+00 8.835996e-04
3.620000e+00 8.655729e-04
3.630000e+00 8.466363e-04
3.640000e+00 8.268250e-04
3.650000e+00 8.061813e-04
3.660000e+00 7.847540e-04
3.670000e+00 7.625990e-04
3.680000e+00 7.397790e-04
3.690000e+00 7.163634e-04
3.700000e+00 6.924282e-04
3.710000e+00 6.680557e-04
3.720000e+00 6.433338e-04
3.730000e+00 6.183562e-04
3.740000e+00 5.932211e-04
3.750000e+00 5.680312e-04
3.760000e+00 5.428928e-04
3.770000e+00 5.179149e-04
3.780000e+00 4.932088e-04
3.790000e+00 4.688871e-04
3.800000e+00 4.450628e-04
3.810000e+00 4.218487e-04
3.820000e+00 3.993565e-04
3.830000e+00 3.776959e-04
3.840000e+00 3.569740e-04
3.850000e+00 3.372946e-04
3.860000e+00 3.187571e-04
3.870000e+00 3.014564e-04
3.880000e+00 2.854819e-04
3.890000e+00 2.709174e-04
3.900000e+00 2.578401e-04
3.910000e+00 2.463206e-04
3.920000e+00 2.364224e-04
3.930000e+00 2.282014e-04
3.940000e+00 2.217063e-04
3.950000e+00 2.169777e-04
3.960000e+00 2.140485e-04
3.970000e+00 2.129435e-04
3.980000e+00 2.136795e-04
3.990000e+00 2.162655e-04
4.000000e+00 2.207022e-04
4.010000e+00 2.269827e-04
4.020000e+00 2.350924e-04
4.030000e+00 2.450089e-04
4.040000e+00 2.567026e-04
4.050000e+00 2.701367e-04
4.060000e+00 2.852671e-04
4.070000e+00 3.020435e-04
4.080000e+00 3.204089e-04
4.090000e+00 3.403003e-04
4.100000e+00 3.616491e-04
4.110000e+00 3.843814e-04
4.120000e+00 4.084185e-04
4.130000e+00 4.336772e-04
4.140000e+00 4.600706e-04
4.150000e+00 4.875085e-04
4.160000e+00 5.158980e-04
4.170000e+00 5.451439e-04
4.180000e+00 5.751498e-04
4.190000e+00 6.058181e-04
4.200000e+00 6.370513e-04
4.210000e+00 6.687520e-04
4.220000e+00 7.008241e-04
4.230000e+00 7.331730e-04
4.240000e+00 7.657063e-04
4.250000e+00 7.983346e-04
4.260000e+00 8.309716e-04
4.270000e+00 8.635346e-04
4.280000e+00 8.959452e-04
4.290000e+00 9.281291e-04
4.300000e+00 9.600168e-04
4.310000e+00 9.915434e-04
4.320000e+00 1.022649e-03
4.330000e+00 1.053277e-03
4.340000e+00 1.083378e-03
4.350000e+00 1.112904e-03
4.360000e+00 1.141813e-03
4.370000e+00 1.170066e-03
4.380000e+00 1.197627e-03
4.390000e+00 1.224465e-03
4.400000e+00 1.250548e-03
4.410000e+00 1.275847e-03
4.420000e+00 1.300337e-03
4.430000e+00 1.323989e-03
4.440000e+00 1.346780e-03
4.450000e+00 1.368681e-03
4.460000e+00 1.389668e-03
4.470000e+00 1.409713e-03
4.480000e+00 1.428788e-03
4.490000e+00 1.446864e-03
4.500000e+00 1.463911e-03
4.510000e+00 1.479898e-03
4.520000e+00 1.494792e-03
4.530000e+00 1.508560e-03
4.540000e+00 1.521169e-03
4.550000e+00 1.532585e-03
4.560000e+00 1.542773e-03
4.570000e+00 1.551702e-03
4.580000e+00 1.559339e-03
4.590000e+00 1.565655e-03
4.600000e+00 1.570621e-03
4.610000e+00 1.574214e-03
4.620000e+00 1.576411e-03
4.630000e+00 1.577195e-03
4.640000e+00 1.576552e-03
4.650000e+00 1.574472e-03
4.660000e+00 1.570953e-03
4.670000e+00 1.565993e-03
4.680000e+00 1.559599e-03
4.690000e+00 1.551783e-03
4.700000e+00 1.542560e-03
4.710000e+00 1.531951e-03
4.720000e+00 1.519981e-03
4.730000e+00 1.506682e-03
4.740000e+00 1.492088e-03
4.750000e+00 1.476237e-03
4.760000e+00 1.459170e-03
4.770000e+00 1.440931e-03
4.780000e+00 1.421569e-03
4.790000e+00 1.401132e-03
4.800000e+00 1.379670e-03
4.810000e+00 1.357237e-03
4.820000e+00 1.333884e-03
4.830000e+00 1.309667e-03
4.840000e+00 1.284640e-03
4.850000e+00 1.258859e-03
4.860000e+00 1.232379e-03
4.870000e+00 1.205257e-03
4.880000e+00 1.177551e-03
4.890000e+00 1.149319e-03
4.900000e+00 1.120621e-03
4.910000e+00 1.091517e-03
4.920000e+00 1.062070e-03
4.930000e+00 1.032346e-03
4.940000e+00 1.002411e-03
4.950000e+00 9.723356e-04
4.960000e+00 9.421916e-04
4.970000e+00 9.120547e-04
4.980000e+00 8.820037e-04
4.990000e+00 8.521199e-04
5.000000e+00 8.224879e-04
5.010000e+00 7.931948e-04
5.020000e+00 7.643301e-04
5.030000e+00 7.359852e-04
5.040000e+00 7.082525e-04
5.050000e+00 6.812254e-04
5.060000e+00 6.549968e-04
5.070000e+00 6.296586e-04
5.080000e+00 6.053007e-04
5.090000e+00 5.820099e-04
5.100000e+00 5.598688e-04
5.110000e+00 5.389550e-04
5.120000e+00 5.193397e-04
5.130000e+00 5.010870e-04
5.140000e+00 4.842526e-04
5.150000e+00 4.688832e-04
5.160000e+00 4.550154e-04
5.170000e+00 4.426755e-04
5.180000e+00 4.318785e-04
5.190000e+00 4.226280e-04
5.200000e+00 4.149159e-04
5.210000e+00 4.087224e-04
5.220000e+00 4.040162e-04
5.230000e+00 4.007546e-04
5.240000e+00 3.988842e-04
5.250000e+00 3.983415e-04
5.260000e+00 3.990535e-04
5.270000e+00 4.009391e-04
5.280000e+00 4.039096e-04
5.290000e+00 4.078701e-04
5.300000e+00 4.127209e-04
5.310000e+00 4.183583e-04
5.320000e+00 4.246761e-04
5.330000e+00 4.315672e-04
5.340000e+00 4.389243e-04
5.350000e+00 4.466414e-04
5.360000e+00 4.546150e-04
5.370000e+00 4.627449e-04
5.380000e+00 4.709353e-04
5.390000e+00 4.790956e-04
5.400000e+00 4.871411e-04
5.410000e+00 4.949935e-04
5.420000e+00 5.025815e-04
5.430000e+00 5.098407e-04
5.440000e+00 5.167143e-04
5.450000e+00 5.231525e-04
5.460000e+00 5.291131e-04
5.470000e+00 5.345608e-04
5.480000e+00 5.394669e-04
5.490000e+00 5.438095e-04
5.500000e+00 5.475724e-04
5.510000e+00 5.507452e-04
5.520000e+00 5.533225e-04
5.530000e+00 5.553035e-04
5.540000e+00 5.566916e-04
5.550000e+00 5.574937e-04
5.560000e+00 5.577202e-04
5.570000e+00 5.573842e-04
5.580000e+00 5.565014e-04
5.590000e+00 5.550896e-04
5.600000e+00 5.531686e-04
5.610000e+00 5.507601e-04
5.620000e+00 5.478874e-04
5.630000e+00 5.445755e-04
5.640000e+00 5.408507e-04
5.650000e+00 5.367410e-04
5.660000e+00 5.322759e-04
5.670000e+00 5.274864e-04
5.680000e+00 5.224051e-04
5.690000e+00 5.170663e-04
5.700000e+00 5.115059e-04
5.710000e+00 5.057614e-04
5.720000e+00 4.998718e-04
5.730000e+00 4.938776e-04
5.740000e+00 4.878207e-04
5.750000e+00 4.817443e-04
5.760000e+00 4.756923e-04
5.770000e+00 4.697096e-04
5.780000e+00 4.638413e-04
5.790000e+00 4.581325e-04
5.800000e+00 4.526280e-04
5.810000e+00 4.473720e-04
5.820000e+00 4.424071e-04
5.830000e+00 4.377745e-04
5.840000e+00 4.335133e-04
5.850000e+00 4.296597e-04
5.860000e+00 4.262473e-04
5.870000e+00 4.233059e-04
5.880000e+00 4.208616e-04
5.890000e+00 4.189365e-04
5.900000e+00 4.175481e-04
5.910000e+00 4.167091e-04
5.920000e+00 4.164278e-04
5.930000e+00 4.167072e-04
5.940000e+00 4.175453e-04
5.950000e+00 4.189354e-04
5.960000e+00 4.208656e-04
5.970000e+00 4.233196e-04
5.980000e+00 4.262763e-04
5.990000e+00 4.297105e-04
6.000000e+00 4.335928e-04
6.010000e+00 4.378906e-04
6.020000e+00 4.425675e-04
6.030000e+00 4.475848e-04
6.040000e+00 4.529009e-04
6.050000e+00 4.584726e-04
6.060000e+00 4.642550e-04
6.070000e+00 4.702020e-04
6.080000e+00 4.762672e-04
6.090000e+00 4.824036e-04
6.100000e+00 4.885647e-04
6.110000e+00 4.947043e-04
6.120000e+00 5.007775e-04
6.130000e+00 5.067404e-04
6.140000e+00 5.125509e-04
6.150000e+00 5.181688e-04
6.160000e+00 5.235562e-04
6.170000e+00 5.286776e-04
6.180000e+00 5.335001e-04
6.190000e+00 5.379938e-04
6.200000e+00 5.421316e-04
6.210000e+00 5.458898e-04
6.220000e+00 5.492479e-04
6.230000e+00 5.521887e-04
6.240000e+00 5.546984e-04
6.250000e+00 5.567668e-04
6.260000e+00 5.583870e-04
6.270000e+00 5.595557e-04
6.280000e+00 5.602727e-04
6.290000e+00 5.605415e-04
6.300000e+00 5.603687e-04
6.310000e+00 5.597639e-04
6.320000e+00 5.587399e-04
6.330000e+00 5.573122e-04
6.340000e+00 5.554989e-04
6.350000e+00 5.533206e-04
6.360000e+00 5.508001e-04
6.370000e+00 5.479620e-04
6.380000e+00 5.448327e-04
6.390000e+00 5.414399e-04
6.400000e+00 5.378127e-04
6.410000e+00 5.339807e-04
6.420000e+00 5.299744e-04
6.430000e+00 5.258244e-04
6.440000e+00 5.215615e-04
6.450000e+00 5.172162e-04
6.460000e+00 5.128187e-04
6.470000e+00 5.083987e-04
6.480000e+00 5.039849e-04
6.490000e+00 4.996054e-04
6.500000e+00 4.952873e-04
6.510000e+00 4.910565e-04
6.520000e+00 4.869379e-04
6.530000e+00 4.829555e-04
6.540000e+00 4.791322e-04
6.550000e+00 4.754897e-04
6.560000e+00 4.720493e-04
6.570000e+00 4.688312e-04
6.580000e+00 4.658550e-04
6.590000e+00 4.631398e-04
6.600000e+00 4.607044e-04
6.610000e+00 4.585673e-04
6.620000e+00 4.567469e-04
6.630000e+00 4.552613e-04
6.640000e+00 4.541291e-04
6.650000e+00 4.533685e-04
6.660000e+00 4.529981e-04
6.670000e+00 4.530363e-04
6.680000e+00 4.535018e-04
6.690000e+00 4.544130e-04
6.700000e+00 4.557881e-04
6.710000e+00 4.576448e-04
6.720000e+00 4.600003e-04
6.730000e+00 4.628708e-04
6.740000e+00 4.662714e-04
6.750000e+00 4.702159e-04
6.760000e+00 4.747160e-04
6.770000e+00 4.797816e-04
6.780000e+00 4.854203e-04
6.790000e+00 4.916369e-04
6.800000e+00 4.984334e-04
6.810000e+00 5.058084e-04
6.820000e+00 5.137574e-04
6.830000e+00 5.222722e-04
6.840000e+00 5.313409e-04
6.850000e+00 5.409479e-04
6.860000e+00 5.510737e-04
6.870000e+00 5.616950e-04
6.880000e+00 5.727850e-04
6.890000e+00 5.843131e-04
6.900000e+00 5.962454e-04
6.910000e+00 6.085450e-04
6.920000e+00 6.211718e-04
6.930000e+00 6.340833e-04
6.940000e+00 6.472347e-04
6.950000e+00 6.605792e-04
6.960000e+00 6.740685e-04
6.970000e+00 6.876531e-04
6.980000e+00 7.012826e-04
6.990000e+00 7.149061e-04
7.000000e+00 7.284726e-04
7.010000e+00 7.419312e-04
7.020000e+00 7.552312e-04
7.030000e+00 7.683228e-04
7.040000e+00 7.811569e-04
7.050000e+00 7.936855e-04
7.060000e+00 8.058616e-04
7.070000e+00 8.176395e-04
7.080000e+00 8.289746e-04
7.090000e+00 8.398238e-04
7.100000e+00 8.501453e-04
7.110000e+00 8.598982e-04
7.120000e+00 8.690433e-04
7.130000e+00 8.775420e-04
7.140000e+00 8.853573e-04
7.150000e+00 8.924530e-04
7.160000e+00 8.987938e-04
7.170000e+00 9.043455e-04
7.180000e+00 9.090748e-04
7.190000e+00 9.129494e-04
7.200000e+00 9.159380e-04
7.210000e+00 9.180103e-04
7.220000e+00 9.191372e-04
7.230000e+00 9.192910e-04
7.240000e+00 9.184455e-04
7.250000e+00 9.165759e-04
7.260000e+00 9.136595e-04
7.270000e+00 9.096758e-04
7.280000e+00 9.046066e-04
7.290000e+00 8.984363e-04
7.300000e+00 8.911522e-04
7.310000e+00 8.827451e-04
7.320000e+00 8.732090e-04
7.330000e+00 8.625417e-04
7.340000e+00 8.507451e-04
7.350000e+00 8.378252e-04
7.360000e+00 8.237927e-04
7.370000e+00 8.086624e-04
7.380000e+00 7.924542e-04
7.390000e+00 7.751927e-04
7.400000e+00 7.569074e-04
7.410000e+00 7.376327e-04
7.420000e+00 7.174077e-04
7.430000e+00 6.962765e-04
7.440000e+00 6.742878e-04
7.450000e+00 6.514950e-04
7.460000e+00 6.279556e-04
7.470000e+00 6.037314e-04
7.480000e+00 5.788881e-04
7.490000e+00 5.534950e-04
7.500000e+00 5.276247e-04
7.510000e+00 5.013526e-04
7.520000e+00 4.747568e-04
7.530000e+00 4.479175e-04
7.540000e+00 4.209165e-04
7.550000e+00 3.938370e-04
7.560000e+00 3.667628e-04
7.570000e+00 3.397782e-04
7.580000e+00 3.129670e-04
7.590000e+00 2.864123e-04
7.600000e+00 2.601959e-04
7.610000e+00 2.343977e-04
7.620000e+00 2.090949e-04
7.630000e+00 1.843618e-04
7.640000e+00 1.602691e-04
7.650000e+00 1.368831e-04
7.660000e+00 1.142655e-04
7.670000e+00 9.247258e-05
7.680000e+00 7.155475e-05
7.690000e+00 5.155620e-05
7.700000e+00 3.251437e-05
7.710000e+00 1.445956e-05
7.720000e+00 -2.585321e-06
7.730000e+00 -1.860502e-05
7.740000e+00 -3.359212e-05
7.750000e+00 -4.754705e-05
7.760000e+00 -6.047813e-05
7.770000e+00 -7.240138e-05
7.780000e+00 -8.334032e-05
7.790000e+00 -9.332564e-05
7.800000e+00 -1.023947e-04
7.810000e+00 -1.105912e-04
7.820000e+00 -1.179640e-04
7.830000e+00 -1.245672e-04
7.840000e+00 -1.304585e-04
7.850000e+00 -1.356988e-04
7.860000e+00 -1.403511e-04
7.870000e+00 -1.444796e-04
7.880000e+00 -1.481485e-04
7.890000e+00 -1.514211e-04
7.900000e+00 -1.543587e-04
7.910000e+00 -1.570197e-04
7.920000e+00 -1.594588e-04
7.930000e+00 -1.617256e-04
7.940000e+00 -1.638646e-04
7.950000e+00 -1.659139e-04
7.960000e+00 -1.679049e-04
7.970000e+00 -1.698619e-04
7.980000e+00 -1.718018e-04
7.990000e+00 -1.737339e-04
8.000000e+00 -1.756601e-04
8.010000e+00 -1.775751e-04
8.020000e+00 -1.794663e-04
8.030000e+00 -1.813151e-04
8.040000e+00 -1.830967e-04
8.050000e+00 -1.847813e-04
8.060000e+00 -1.863351e-04
8.070000e+00 -1.877208e-04
8.080000e+00 -1.888989e-04
8.090000e+00 -1.898287e-04
8.100000e+00 -1.904695e-04
8.110000e+00 -1.907814e-04
8.120000e+00 -1.907267e-04
8.130000e+00 -1.902707e-04
8.140000e+00 -1.893827e-04
8.150000e+00 -1.880369e-04
8.160000e+00 -1.862130e-04
8.170000e+00 -1.838969e-04
8.180000e+00 -1.810814e-04
8.190000e+00 -1.777661e-04
8.200000e+00 -1.739578e-04
8.210000e+00 -1.696707e-04
8.220000e+00 -1.649259e-04
8.230000e+00 -1.597515e-04
8.240000e+00 -1.541819e-04
8.250000e+00 -1.482573e-04
8.260000e+00 -1.420233e-04
8.270000e+00 -1.355298e-04
8.280000e+00 -1.288304e-04
8.290000e+00 -1.219814e-04
8.300000e+00 -1.150409e-04
8.310000e+00 -1.080678e-04
8.320000e+00 -1.011212e-04
8.330000e+00 -9.425883e-05
8.340000e+00 -8.753687e-05
8.350000e+00 -8.100871e-05
8.360000e+00 -7.472437e-05
8.370000e+00 -6.872983e-05
8.380000e+00 -6.306651e-05
8.390000e+00 -5.777079e-05
8.400000e+00 -5.287369e-05
8.410000e+00 -4.840067e-05
8.420000e+00 -4.437148e-05
8.430000e+00 -4.080019e-05
8.440000e+00 -3.769526e-05
8.450000e+00 -3.505969e-05
8.460000e+00 -3.289135e-05
8.470000e+00 -3.118322e-05
8.480000e+00 -2.992384e-05
8.490000e+00 -2.909768e-05
8.500000e+00 -2.868564e-05
8.510000e+00 -2.866545e-05
8.520000e+00 -2.901221e-05
8.530000e+00 -2.969879e-05
8.540000e+00 -3.069633e-05
8.550000e+00 -3.197462e-05
8.560000e+00 -3.350250e-05
8.570000e+00 -3.524821e-05
8.580000e+00 -3.717970e-05
8.590000e+00 -3.926488e-05
8.600000e+00 -4.147187e-05
8.610000e+00 -4.376917e-05
8.620000e+00 -4.612581e-05
8.630000e+00 -4.851146e-05
8.640000e+00 -5.089649e-05
8.650000e+00 -5.325207e-05
8.660000e+00 -5.555021e-05
8.670000e+00 -5.776372e-05
8.680000e+00 -5.986631e-05
8.690000e+00 -6.183257e-05
8.700000e+00 -6.363797e-05
8.710000e+00 -6.525890e-05
8.720000e+00 -6.667268e-05
8.730000e+00 -6.785760e-05
8.740000e+00 -6.879294e-05
8.750000e+00 -6.945901e-05
8.760000e+00 -6.983722e-05
8.770000e+00 -6.991007e-05
8.780000e+00 -6.966123e-05
8.790000e+00 -6.907558e-05
8.800000e+00 -6.813916e-05
8.810000e+00 -6.683929e-05
8.820000e+00 -6.516447e-05
8.830000e+00 -6.310437e-05
8.840000e+00 -6.064981e-05
8.850000e+00 -5.779267e-05
8.860000e+00 -5.452578e-05
8.870000e+00 -5.084279e-05
8.880000e+00 -4.673807e-05
8.890000e+00 -4.220653e-05
8.900000e+00 -3.724343e-05
8.910000e+00 -3.184422e-05
8.920000e+00 -2.600436e-05
8.930000e+00 -1.971916e-05
8.940000e+00 -1.298359e-05
8.950000e+00 -5.792123e-06
8.960000e+00 1.861317e-06
8.970000e+00 9.983497e-06
8.980000e+00 1.858189e-05
8.990000e+00 2.766469e-05
9.000000e+00 3.724072e-05
9.010000e+00 4.731940e-05
9.020000e+00 5.791050e-05
9.030000e+00 6.902403e-05
9.040000e+00 8.066988e-05
9.050000e+00 9.285762e-05
9.060000e+00 1.055960e-04
9.070000e+00 1.188929e-04
9.080000e+00 1.327544e-04
9.090000e+00 1.471849e-04
9.100000e+00 1.621862e-04
9.110000e+00 1.777577e-04
9.120000e+00 1.938953e-04
9.130000e+00 2.105915e-04
9.140000e+00 2.278348e-04
9.150000e+00 2.456097e-04
9.160000e+00 2.638962e-04
9.170000e+00 2.826697e-04
9.180000e+00 3.019010e-04
9.190000e+00 3.215561e-04
9.200000e+00 3.415963e-04
9.210000e+00 3.619786e-04
9.220000e+00 3.826555e-04
9.230000e+00 4.035754e-04
9.240000e+00 4.246830e-04
9.250000e+00 4.459196e-04
9.260000e+00 4.672237e-04
9.270000e+00 4.885313e-04
9.280000e+00 5.097762e-04
9.290000e+00 5.308910e-04
9.300000e+00 5.518072e-04
9.310000e+00 5.724559e-04
9.320000e+00 5.927683e-04
9.330000e+00 6.126759e-04
9.340000e+00 6.321112e-04
9.350000e+00 6.510079e-04
9.360000e+00 6.693013e-04
9.370000e+00 6.869285e-04
9.380000e+00 7.038288e-04
9.390000e+00 7.199437e-04
9.400000e+00 7.352169e-04
9.410000e+00 7.495948e-04
9.420000e+00 7.630259e-04
9.430000e+00 7.754616e-04
9.440000e+00 7.868554e-04
9.450000e+00 7.971634e-04
9.460000e+00 8.063439e-04
9.470000e+00 8.143577e-04
9.480000e+00 8.211680e-04
9.490000e+00 8.267401e-04
9.500000e+00 8.310418e-04
9.510000e+00 8.340434e-04
9.520000e+00 8.357175e-04
9.530000e+00 8.360397e-04
9.540000e+00 8.349883e-04
9.550000e+00 8.325446e-04
9.560000e+00 8.286937e-04
9.570000e+00 8.234238e-04
9.580000e+00 8.167274e-04
9.590000e+00 8.086014e-04
9.600000e+00 7.990470e-04
9.610000e+00 7.880706e-04
9.620000e+00 7.756838e-04
9.630000e+00 7.619034e-04
9.640000e+00 7.467524e-04
9.650000e+00 7.302591e-04
9.660000e+00 7.124582e-04
9.670000e+00 6.933901e-04
9.680000e+00 6.731011e-04
9.690000e+00 6.516431e-04
9.700000e+00 6.290737e-04
9.710000e+00 6.054555e-04
9.720000e+00 5.808557e-04
9.730000e+00 5.553457e-04
9.740000e+00 5.290008e-04
9.750000e+00 5.018988e-04
9.760000e+00 4.741202e-04
9.770000e+00 4.457468e-04
9.780000e+00 4.168613e-04
9.790000e+00 3.875464e-04
9.800000e+00 3.578842e-04
9.810000e+00 3.279553e-04
9.820000e+00 2.978383e-04
9.830000e+00 2.676091e-04
9.840000e+00 2.373403e-04
9.850000e+00 2.071009e-04
9.860000e+00 1.769559e-04
9.870000e+00 1.469657e-04
9.880000e+00 1.171866e-04
9.890000e+00 8.767015e-05
9.900000e+00 5.846331e-05
9.910000e+00 2.960881e-05
9.920000e+00 1.145162e-06
9.930000e+00 -2.689295e-05
9.940000e+00 -5.447429e-05
9.950000e+00 -8.157070e-05
9.960000e+00 -1.081565e-04
9.970000e+00 -1.342083e-04
9.980000e+00 -1.597039e-04
9.990000e+00 -1.846225e-04
1.000000e+01 -2.089438e-04
