# sigma2_v 6.857873162245741e+00
0.000000e+00 1.000000e+00
1.000000e-02 9.996572e-01
2.000000e-02 9.986294e-01
3.000000e-02 9.969190e-01
4.000000e-02 9.945295e-01
5.000000e-02 9.914661e-01
6.000000e-02 9.877354e-01
7.000000e-02 9.833455e-01
8.000000e-02 9.783056e-01
9.000000e-02 9.726264e-01
1.000000e-01 9.663201e-01
1.100000e-01 9.593998e-01
1.200000e-01 9.518801e-01
1.300000e-01 9.437766e-01
1.400000e-01 9.351062e-01
1.500000e-01 9.258865e-01
1.600000e-01 9.161364e-01
1.700000e-01 9.058756e-01
1.800000e-01 8.951246e-01
1.900000e-01 8.839047e-01
2.000000e-01 8.722380e-01
2.100000e-01 8.601470e-01
2.200000e-01 8.476551e-01
2.300000e-01 8.347858e-01
2.400000e-01 8.215632e-01
2.500000e-01 8.080117e-01
2.600000e-01 7.941560e-01
2.700000e-01 7.800208e-01
2.800000e-01 7.656310e-01
2.900000e-01 7.510116e-01
3.000000e-01 7.361874e-01
3.100000e-01 7.211833e-01
3.200000e-01 7.060236e-01
3.300000e-01 6.907329e-01
3.400000e-01 6.753349e-01
3.500000e-01 6.598535e-01
3.600000e-01 6.443117e-01
3.700000e-01 6.287323e-01
3.800000e-01 6.131373e-01
3.900000e-01 5.975485e-01
4.000000e-01 5.819866e-01
4.100000e-01 5.664721e-01
4.200000e-01 5.510244e-01
4.300000e-01 5.356624e-01
4.400000e-01 5.204042e-01
4.500000e-01 5.052670e-01
4.600000e-01 4.902672e-01
4.700000e-01 4.754205e-01
4.800000e-01 4.607417e-01
4.900000e-01 4.462446e-01
5.000000e-01 4.319423e-01
5.100000e-01 4.178469e-01
5.200000e-01 4.039698e-01
5.300000e-01 3.903215e-01
5.400000e-01 3.769114e-01
5.500000e-01 3.637483e-01
5.600000e-01 3.508401e-01
5.700000e-01 3.381938e-01
5.800000e-01 3.258156e-01
5.900000e-01 3.137111e-01
6.000000e-01 3.018847e-01
6.100000e-01 2.903405e-01
6.200000e-01 2.790817e-01
6.300000e-01 2.681106e-01
6.400000e-01 2.574291e-01
6.500000e-01 2.470383e-01
6.600000e-01 2.369387e-01
6.700000e-01 2.271303e-01
6.800000e-01 2.176123e-01
6.900000e-01 2.083837e-01
7.000000e-01 1.994426e-01
7.100000e-01 1.907869e-01
7.200000e-01 1.824141e-01
7.300000e-01 1.743210e-01
7.400000e-01 1.665042e-01
7.500000e-01 1.589600e-01
7.600000e-01 1.516842e-01
7.700000e-01 1.446724e-01
7.800000e-01 1.379199e-01
7.900000e-01 1.314218e-01
8.000000e-01 1.251729e-01
8.100000e-01 1.191679e-01
8.200000e-01 1.134012e-01
8.300000e-01 1.078672e-01
8.400000e-01 1.025601e-01
8.500000e-01 9.747396e-02
8.600000e-01 9.260285e-02
8.700000e-01 8.794072e-02
8.800000e-01 8.348150e-02
8.900000e-01 7.921907e-02
9.000000e-01 7.514732e-02
9.100000e-01 7.126017e-02
9.200000e-01 6.755152e-02
9.300000e-01 6.401534e-02
9.400000e-01 6.064564e-02
9.500000e-01 5.743650e-02
9.600000e-01 5.438205e-02
9.700000e-01 5.147652e-02
9.800000e-01 4.871423e-02
9.900000e-01 4.608961e-02
1.000000e+00 4.359718e-02
1.010000e+00 4.123158e-02
1.020000e+00 3.898756e-02
1.030000e+00 3.686002e-02
1.040000e+00 3.484395e-02
1.050000e+00 3.293451e-02
1.060000e+00 3.112697e-02
1.070000e+00 2.941674e-02
1.080000e+00 2.779937e-02
1.090000e+00 2.627054e-02
1.100000e+00 2.482608e-02
1.110000e+00 2.346196e-02
1.120000e+00 2.217427e-02
1.130000e+00 2.095925e-02
1.140000e+00 1.981329e-02
1.150000e+00 1.873288e-02
1.160000e+00 1.771467e-02
1.170000e+00 1.675544e-02
1.180000e+00 1.585207e-02
1.190000e+00 1.500162e-02
1.200000e+00 1.420121e-02
1.210000e+00 1.344814e-02
1.220000e+00 1.273978e-02
1.230000e+00 1.207365e-02
1.240000e+00 1.144738e-02
1.250000e+00 1.085868e-02
1.260000e+00 1.030540e-02
1.270000e+00 9.785493e-03
1.280000e+00 9.296991e-03
1.290000e+00 8.838040e-03
1.300000e+00 8.406881e-03
1.310000e+00 8.001842e-03
1.320000e+00 7.621345e-03
1.330000e+00 7.263894e-03
1.340000e+00 6.928078e-03
1.350000e+00 6.612566e-03
1.360000e+00 6.316101e-03
1.370000e+00 6.037501e-03
1.380000e+00 5.775654e-03
1.390000e+00 5.529514e-03
1.400000e+00 5.298100e-03
1.410000e+00 5.080489e-03
1.420000e+00 4.875817e-03
1.430000e+00 4.683276e-03
1.440000e+00 4.502106e-03
1.450000e+00 4.331597e-03
1.460000e+00 4.171084e-03
1.470000e+00 4.019946e-03
1.480000e+00 3.877601e-03
1.490000e+00 3.743505e-03
1.500000e+00 3.617148e-03
1.510000e+00 3.498054e-03
1.520000e+00 3.385777e-03
1.530000e+00 3.279899e-03
1.540000e+00 3.180031e-03
1.550000e+00 3.085806e-03
1.560000e+00 2.996881e-03
1.570000e+00 2.912937e-03
1.580000e+00 2.833672e-03
1.590000e+00 2.758805e-03
1.600000e+00 2.688074e-03
1.610000e+00 2.621230e-03
1.620000e+00 2.558045e-03
1.630000e+00 2.498301e-03
1.640000e+00 2.441798e-03
1.650000e+00 2.388348e-03
1.660000e+00 2.337776e-03
1.670000e+00 2.289918e-03
1.680000e+00 2.244622e-03
1.690000e+00 2.201748e-03
1.700000e+00 2.161164e-03
1.710000e+00 2.122749e-03
1.720000e+00 2.086389e-03
1.730000e+00 2.051981e-03
1.740000e+00 2.019426e-03
1.750000e+00 1.988635e-03
1.760000e+00 1.959524e-03
1.770000e+00 1.932015e-03
1.780000e+00 1.906035e-03
1.790000e+00 1.881516e-03
1.800000e+00 1.858392e-03
1.810000e+00 1.836603e-03
1.820000e+00 1.816092e-03
1.830000e+00 1.796801e-03
1.840000e+00 1.778679e-03
1.850000e+00 1.761673e-03
1.860000e+00 1.745732e-03
1.870000e+00 1.730808e-03
1.880000e+00 1.716852e-03
1.890000e+00 1.703817e-03
1.900000e+00 1.691656e-03
1.910000e+00 1.680323e-03
1.920000e+00 1.669772e-03
1.930000e+00 1.659960e-03
1.940000e+00 1.650841e-03
1.950000e+00 1.642372e-03
1.960000e+00 1.634513e-03
1.970000e+00 1.627220e-03
1.980000e+00 1.620456e-03
1.990000e+00 1.614181e-03
2.000000e+00 1.608359e-03
2.010000e+00 1.602955e-03
2.020000e+00 1.597935e-03
2.030000e+00 1.593270e-03
2.040000e+00 1.588928e-03
2.050000e+00 1.584884e-03
2.060000e+00 1.581112e-03
2.070000e+00 1.577589e-03
2.080000e+00 1.574295e-03
2.090000e+00 1.571212e-03
2.100000e+00 1.568322e-03
2.110000e+00 1.565611e-03
2.120000e+00 1.563067e-03
2.130000e+00 1.560679e-03
2.140000e+00 1.558439e-03
2.150000e+00 1.556339e-03
2.160000e+00 1.554376e-03
2.170000e+00 1.552544e-03
2.180000e+00 1.550844e-03
2.190000e+00 1.549276e-03
2.200000e+00 1.547841e-03
2.210000e+00 1.546544e-03
2.220000e+00 1.545391e-03
2.230000e+00 1.544389e-03
2.240000e+00 1.543550e-03
2.250000e+00 1.542884e-03
2.260000e+00 1.542406e-03
2.270000e+00 1.542133e-03
2.280000e+00 1.542082e-03
2.290000e+00 1.542276e-03
2.300000e+00 1.542735e-03
2.310000e+00 1.543486e-03
2.320000e+00 1.544555e-03
2.330000e+00 1.545971e-03
2.340000e+00 1.547762e-03
2.350000e+00 1.549962e-03
2.360000e+00 1.552601e-03
2.370000e+00 1.555711e-03
2.380000e+00 1.559326e-03
2.390000e+00 1.563477e-03
2.400000e+00 1.568196e-03
2.410000e+00 1.573511e-03
2.420000e+00 1.579451e-03
2.430000e+00 1.586039e-03
2.440000e+00 1.593299e-03
2.450000e+00 1.601248e-03
2.460000e+00 1.609899e-03
2.470000e+00 1.619263e-03
2.480000e+00 1.629342e-03
2.490000e+00 1.640135e-03
2.500000e+00 1.651636e-03
2.510000e+00 1.663830e-03
2.520000e+00 1.676699e-03
2.530000e+00 1.690217e-03
2.540000e+00 1.704351e-03
2.550000e+00 1.719065e-03
2.560000e+00 1.734313e-03
2.570000e+00 1.750047e-03
2.580000e+00 1.766212e-03
2.590000e+00 1.782748e-03
2.600000e+00 1.799591e-03
2.610000e+00 1.816673e-03
2.620000e+00 1.833925e-03
2.630000e+00 1.851270e-03
2.640000e+00 1.868635e-03
2.650000e+00 1.885940e-03
2.660000e+00 1.903109e-03
2.670000e+00 1.920063e-03
2.680000e+00 1.936724e-03
2.690000e+00 1.953015e-03
2.700000e+00 1.968859e-03
2.710000e+00 1.984184e-03
2.720000e+00 1.998916e-03
2.730000e+00 2.012988e-03
2.740000e+00 2.026333e-03
2.750000e+00 2.038889e-03
2.760000e+00 2.050596e-03
2.770000e+00 2.061397e-03
2.780000e+00 2.071242e-03
2.790000e+00 2.080083e-03
2.800000e+00 2.087874e-03
2.810000e+00 2.094577e-03
2.820000e+00 2.100155e-03
2.830000e+00 2.104578e-03
2.840000e+00 2.107817e-03
2.850000e+00 2.109852e-03
2.860000e+00 2.110662e-03
2.870000e+00 2.110235e-03
2.880000e+00 2.108562e-03
2.890000e+00 2.105638e-03
2.900000e+00 2.101466e-03
2.910000e+00 2.096051e-03
2.920000e+00 2.089405e-03
2.930000e+00 2.081545e-03
2.940000e+00 2.072493e-03
2.950000e+00 2.062279e-03
2.960000e+00 2.050935e-03
2.970000e+00 2.038502e-03
2.980000e+00 2.025027e-03
2.990000e+00 2.010561e-03
3.000000e+00 1.995162e-03
3.010000e+00 1.978894e-03
3.020000e+00 1.961825e-03
3.030000e+00 1.944030e-03
3.040000e+00 1.925588e-03
3.050000e+00 1.906583e-03
3.060000e+00 1.887102e-03
3.070000e+00 1.867237e-03
3.080000e+00 1.847082e-03
3.090000e+00 1.826733e-03
3.100000e+00 1.806287e-03
3.110000e+00 1.785845e-03
3.120000e+00 1.765504e-03
3.130000e+00 1.745362e-03
3.140000e+00 1.725517e-03
3.150000e+00 1.706062e-03
3.160000e+00 1.687090e-03
3.170000e+00 1.668687e-03
3.180000e+00 1.650938e-03
3.190000e+00 1.633920e-03
3.200000e+00 1.617707e-03
3.210000e+00 1.602367e-03
3.220000e+00 1.587958e-03
3.230000e+00 1.574537e-03
3.240000e+00 1.562148e-03
3.250000e+00 1.550832e-03
3.260000e+00 1.540621e-03
3.270000e+00 1.531540e-03
3.280000e+00 1.523606e-03
3.290000e+00 1.516829e-03
3.300000e+00 1.511213e-03
3.310000e+00 1.506754e-03
3.320000e+00 1.503440e-03
3.330000e+00 1.501255e-03
3.340000e+00 1.500175e-03
3.350000e+00 1.500171e-03
3.360000e+00 1.501209e-03
3.370000e+00 1.503247e-03
3.380000e+00 1.506243e-03
3.390000e+00 1.510145e-03
3.400000e+00 1.514901e-03
3.410000e+00 1.520454e-03
3.420000e+00 1.526743e-03
3.430000e+00 1.533704e-03
3.440000e+00 1.541272e-03
3.450000e+00 1.549376e-03
3.460000e+00 1.557948e-03
3.470000e+00 1.566913e-03
3.480000e+00 1.576199e-03
3.490000e+00 1.585731e-03
3.500000e+00 1.595434e-03
3.510000e+00 1.605233e-03
3.520000e+00 1.615053e-03
3.530000e+00 1.624820e-03
3.540000e+00 1.634462e-03
3.550000e+00 1.643908e-03
3.560000e+00 1.653088e-03
3.570000e+00 1.661936e-03
3.580000e+00 1.670390e-03
3.590000e+00 1.678389e-03
3.600000e+00 1.685879e-03
3.610000e+00 1.692807e-03
3.620000e+00 1.699128e-03
3.630000e+00 1.704799e-03
3.640000e+00 1.709786e-03
3.650000e+00 1.714057e-03
3.660000e+00 1.717589e-03
3.670000e+00 1.720363e-03
3.680000e+00 1.722365e-03
3.690000e+00 1.723590e-03
3.700000e+00 1.724036e-03
3.710000e+00 1.723709e-03
3.720000e+00 1.722618e-03
3.730000e+00 1.720779e-03
3.740000e+00 1.718211e-03
3.750000e+00 1.714939e-03
3.760000e+00 1.710990e-03
3.770000e+00 1.706395e-03
3.780000e+00 1.701188e-03
3.790000e+00 1.695405e-03
3.800000e+00 1.689082e-03
3.810000e+00 1.682258e-03
3.820000e+00 1.674970e-03
3.830000e+00 1.667258e-03
3.840000e+00 1.659158e-03
3.850000e+00 1.650705e-03
3.860000e+00 1.641935e-03
3.870000e+00 1.632880e-03
3.880000e+00 1.623569e-03
3.890000e+00 1.614031e-03
3.900000e+00 1.604290e-03
3.910000e+00 1.594367e-03
3.920000e+00 1.584282e-03
3.930000e+00 1.574051e-03
3.940000e+00 1.563688e-03
3.950000e+00 1.553202e-03
3.960000e+00 1.542601e-03
3.970000e+00 1.531892e-03
3.980000e+00 1.521077e-03
3.990000e+00 1.510158e-03
4.000000e+00 1.499135e-03
4.010000e+00 1.488005e-03
4.020000e+00 1.476764e-03
4.030000e+00 1.465409e-03
4.040000e+00 1.453933e-03
4.050000e+00 1.442330e-03
4.060000e+00 1.430594e-03
4.070000e+00 1.418715e-03
4.080000e+00 1.406687e-03
4.090000e+00 1.394501e-03
4.100000e+00 1.382149e-03
4.110000e+00 1.369620e-03
4.120000e+00 1.356907e-03
4.130000e+00 1.343999e-03
4.140000e+00 1.330889e-03
4.150000e+00 1.317567e-03
4.160000e+00 1.304024e-03
4.170000e+00 1.290251e-03
4.180000e+00 1.276242e-03
4.190000e+00 1.261989e-03
4.200000e+00 1.247486e-03
4.210000e+00 1.232728e-03
4.220000e+00 1.217712e-03
4.230000e+00 1.202435e-03
4.240000e+00 1.186900e-03
4.250000e+00 1.171110e-03
4.260000e+00 1.155070e-03
4.270000e+00 1.138791e-03
4.280000e+00 1.122286e-03
4.290000e+00 1.105572e-03
4.300000e+00 1.088672e-03
4.310000e+00 1.071613e-03
4.320000e+00 1.054426e-03
4.330000e+00 1.037148e-03
4.340000e+00 1.019820e-03
4.350000e+00 1.002492e-03
4.360000e+00 9.852135e-04
4.370000e+00 9.680439e-04
4.380000e+00 9.510453e-04
4.390000e+00 9.342847e-04
4.400000e+00 9.178330e-04
4.410000e+00 9.017649e-04
4.420000e+00 8.861581e-04
4.430000e+00 8.710924e-04
4.440000e+00 8.566496e-04
4.450000e+00 8.429118e-04
4.460000e+00 8.299616e-04
4.470000e+00 8.178802e-04
4.480000e+00 8.067475e-04
4.490000e+00 7.966406e-04
4.500000e+00 7.876328e-04
4.510000e+00 7.797936e-04
4.520000e+00 7.731868e-04
4.530000e+00 7.678707e-04
4.540000e+00 7.638967e-04
4.550000e+00 7.613093e-04
4.560000e+00 7.601449e-04
4.570000e+00 7.604319e-04
4.580000e+00 7.621902e-04
4.590000e+00 7.654305e-04
4.600000e+00 7.701550e-04
4.610000e+00 7.763564e-04
4.620000e+00 7.840186e-04
4.630000e+00 7.931162e-04
4.640000e+00 8.036152e-04
4.650000e+00 8.154731e-04
4.660000e+00 8.286390e-04
4.670000e+00 8.430542e-04
4.680000e+00 8.586524e-04
4.690000e+00 8.753605e-04
4.700000e+00 8.930989e-04
4.710000e+00 9.117818e-04
4.720000e+00 9.313184e-04
4.730000e+00 9.516125e-04
4.740000e+00 9.725642e-04
4.750000e+00 9.940693e-04
4.760000e+00 1.016021e-03
4.770000e+00 1.038309e-03
4.780000e+00 1.060823e-03
4.790000e+00 1.083448e-03
4.800000e+00 1.106072e-03
4.810000e+00 1.128579e-03
4.820000e+00 1.150855e-03
4.830000e+00 1.172787e-03
4.840000e+00 1.194263e-03
4.850000e+00 1.215171e-03
4.860000e+00 1.235404e-03
4.870000e+00 1.254857e-03
4.880000e+00 1.273427e-03
4.890000e+00 1.291016e-03
4.900000e+00 1.307531e-03
4.910000e+00 1.322881e-03
4.920000e+00 1.336985e-03
4.930000e+00 1.349762e-03
4.940000e+00 1.361142e-03
4.950000e+00 1.371059e-03
4.960000e+00 1.379455e-03
4.970000e+00 1.386277e-03
4.980000e+00 1.391481e-03
4.990000e+00 1.395032e-03
5.000000e+00 1.396899e-03
5.010000e+00 1.397061e-03
5.020000e+00 1.395505e-03
5.030000e+00 1.392224e-03
5.040000e+00 1.387221e-03
5.050000e+00 1.380502e-03
5.060000e+00 1.372085e-03
5.070000e+00 1.361991e-03
5.080000e+00 1.350249e-03
5.090000e+00 1.336893e-03
5.100000e+00 1.321963e-03
5.110000e+00 1.305503e-03
5.120000e+00 1.287563e-03
5.130000e+00 1.268195e-03
5.140000e+00 1.247456e-03
5.150000e+00 1.225405e-03
5.160000e+00 1.202104e-03
5.170000e+00 1.177615e-03
5.180000e+00 1.152005e-03
5.190000e+00 1.125339e-03
5.200000e+00 1.097684e-03
5.210000e+00 1.069109e-03
5.220000e+00 1.039681e-03
5.230000e+00 1.009470e-03
5.240000e+00 9.785421e-04
5.250000e+00 9.469676e-04
5.260000e+00 9.148150e-04
5.270000e+00 8.821531e-04
5.280000e+00 8.490508e-04
5.290000e+00 8.155775e-04
5.300000e+00 7.818028e-04
5.310000e+00 7.477966e-04
5.320000e+00 7.136294e-04
5.330000e+00 6.793724e-04
5.340000e+00 6.450971e-04
5.350000e+00 6.108757e-04
5.360000e+00 5.767809e-04
5.370000e+00 5.428859e-04
5.380000e+00 5.092641e-04
5.390000e+00 4.759889e-04
5.400000e+00 4.431338e-04
5.410000e+00 4.107714e-04
5.420000e+00 3.789738e-04
5.430000e+00 3.478117e-04
5.440000e+00 3.173541e-04
5.450000e+00 2.876681e-04
5.460000e+00 2.588178e-04
5.470000e+00 2.308644e-04
5.480000e+00 2.038656e-04
5.490000e+00 1.778751e-04
5.500000e+00 1.529417e-04
5.510000e+00 1.291098e-04
5.520000e+00 1.064184e-04
5.530000e+00 8.490087e-05
5.540000e+00 6.458490e-05
5.550000e+00 4.549228e-05
5.560000e+00 2.763875e-05
5.570000e+00 1.103406e-05
5.580000e+00 -4.318006e-06
5.590000e+00 -1.841945e-05
5.600000e+00 -3.127789e-05
5.610000e+00 -4.290622e-05
5.620000e+00 -5.332231e-05
5.630000e+00 -6.254859e-05
5.640000e+00 -7.061161e-05
5.650000e+00 -7.754160e-05
5.660000e+00 -8.337190e-05
5.670000e+00 -8.813857e-05
5.680000e+00 -9.187976e-05
5.690000e+00 -9.463531e-05
5.700000e+00 -9.644625e-05
5.710000e+00 -9.735434e-05
5.720000e+00 -9.740166e-05
5.730000e+00 -9.663028e-05
5.740000e+00 -9.508193e-05
5.750000e+00 -9.279769e-05
5.760000e+00 -8.981786e-05
5.770000e+00 -8.618172e-05
5.780000e+00 -8.192745e-05
5.790000e+00 -7.709210e-05
5.800000e+00 -7.171151e-05
5.810000e+00 -6.582034e-05
5.820000e+00 -5.945216e-05
5.830000e+00 -5.263946e-05
5.840000e+00 -4.541377e-05
5.850000e+00 -3.780575e-05
5.860000e+00 -2.984527e-05
5.870000e+00 -2.156154e-05
5.880000e+00 -1.298315e-05
5.890000e+00 -4.138158e-06
5.900000e+00 4.945869e-06
5.910000e+00 1.424182e-05
5.920000e+00 2.372305e-05
5.930000e+00 3.336339e-05
5.940000e+00 4.313721e-05
5.950000e+00 5.301948e-05
5.960000e+00 6.298584e-05
5.970000e+00 7.301271e-05
5.980000e+00 8.307741e-05
5.990000e+00 9.315826e-05
6.000000e+00 1.032347e-04
6.010000e+00 1.132874e-04
6.020000e+00 1.232984e-04
6.030000e+00 1.332511e-04
6.040000e+00 1.431303e-04
6.050000e+00 1.529225e-04
6.060000e+00 1.626157e-04
6.070000e+00 1.721993e-04
6.080000e+00 1.816643e-04
6.090000e+00 1.910033e-04
6.100000e+00 2.002100e-04
6.110000e+00 2.092797e-04
6.120000e+00 2.182086e-04
6.130000e+00 2.269942e-04
6.140000e+00 2.356346e-04
6.150000e+00 2.441292e-04
6.160000e+00 2.524776e-04
6.170000e+00 2.606803e-04
6.180000e+00 2.687381e-04
6.190000e+00 2.766524e-04
6.200000e+00 2.844247e-04
6.210000e+00 2.920571e-04
6.220000e+00 2.995519e-04
6.230000e+00 3.069118e-04
6.240000e+00 3.141397e-04
6.250000e+00 3.212394e-04
6.260000e+00 3.282149e-04
6.270000e+00 3.350712e-04
6.280000e+00 3.418140e-04
6.290000e+00 3.484500e-04
6.300000e+00 3.549870e-04
6.310000e+00 3.614342e-04
6.320000e+00 3.678020e-04
6.330000e+00 3.741023e-04
6.340000e+00 3.803484e-04
6.350000e+00 3.865555e-04
6.360000e+00 3.927400e-04
6.370000e+00 3.989199e-04
6.380000e+00 4.051147e-04
6.390000e+00 4.113450e-04
6.400000e+00 4.176327e-04
6.410000e+00 4.240005e-04
6.420000e+00 4.304715e-04
6.430000e+00 4.370694e-04
6.440000e+00 4.438176e-04
6.450000e+00 4.507394e-04
6.460000e+00 4.578573e-04
6.470000e+00 4.651925e-04
6.480000e+00 4.727649e-04
6.490000e+00 4.805928e-04
6.500000e+00 4.886921e-04
6.510000e+00 4.970765e-04
6.520000e+00 5.057571e-04
6.530000e+00 5.147420e-04
6.540000e+00 5.240366e-04
6.550000e+00 5.336433e-04
6.560000e+00 5.435613e-04
6.570000e+00 5.537870e-04
6.580000e+00 5.643140e-04
6.590000e+00 5.751332e-04
6.600000e+00 5.862332e-04
6.610000e+00 5.976004e-04
6.620000e+00 6.092195e-04
6.630000e+00 6.210739e-04
6.640000e+00 6.331458e-04
6.650000e+00 6.454172e-04
6.660000e+00 6.578697e-04
6.670000e+00 6.704853e-04
6.680000e+00 6.832468e-04
6.690000e+00 6.961379e-04
6.700000e+00 7.091440e-04
6.710000e+00 7.222522e-04
6.720000e+00 7.354514e-04
6.730000e+00 7.487331e-04
6.740000e+00 7.620908e-04
6.750000e+00 7.755209e-04
6.760000e+00 7.890220e-04
6.770000e+00 8.025952e-04
6.780000e+00 8.162443e-04
6.790000e+00 8.299749e-04
6.800000e+00 8.437951e-04
6.810000e+00 8.577147e-04
6.820000e+00 8.717450e-04
6.830000e+00 8.858989e-04
6.840000e+00 9.001902e-04
6.850000e+00 9.146335e-04
6.860000e+00 9.292438e-04
6.870000e+00 9.440364e-04
6.880000e+00 9.590264e-04
6.890000e+00 9.742286e-04
6.900000e+00 9.896572e-04
6.910000e+00 1.005326e-03
6.920000e+00 1.021247e-03
6.930000e+00 1.037431e-03
6.940000e+00 1.053890e-03
6.950000e+00 1.070632e-03
6.960000e+00 1.087665e-03
6.970000e+00 1.104995e-03
6.980000e+00 1.122626e-03
6.990000e+00 1.140563e-03
7.000000e+00 1.158806e-03
7.010000e+00 1.177357e-03
7.020000e+00 1.196214e-03
7.030000e+00 1.215374e-03
7.040000e+00 1.234833e-03
7.050000e+00 1.254585e-03
7.060000e+00 1.274622e-03
7.070000e+00 1.294933e-03
7.080000e+00 1.315506e-03
7.090000e+00 1.336326e-03
7.100000e+00 1.357377e-03
7.110000e+00 1.378636e-03
7.120000e+00 1.400082e-03
7.130000e+00 1.421687e-03
7.140000e+00 1.443421e-03
7.150000e+00 1.465251e-03
7.160000e+00 1.487137e-03
7.170000e+00 1.509038e-03
7.180000e+00 1.530907e-03
7.190000e+00 1.552694e-03
7.200000e+00 1.574343e-03
7.210000e+00 1.595795e-03
7.220000e+00 1.616986e-03
7.230000e+00 1.637848e-03
7.240000e+00 1.658310e-03
7.250000e+00 1.678297e-03
7.260000e+00 1.697731e-03
7.270000e+00 1.716531e-03
7.280000e+00 1.734614e-03
7.290000e+00 1.751896e-03
7.300000e+00 1.768291e-03
7.310000e+00 1.783714e-03
7.320000e+00 1.798081e-03
7.330000e+00 1.811305e-03
7.340000e+00 1.823306e-03
7.350000e+00 1.834003e-03
7.360000e+00 1.843319e-03
7.370000e+00 1.851182e-03
7.380000e+00 1.857521e-03
7.390000e+00 1.862273e-03
7.400000e+00 1.865379e-03
7.410000e+00 1.866787e-03
7.420000e+00 1.866449e-03
7.430000e+00 1.864325e-03
7.440000e+00 1.860381e-03
7.450000e+00 1.854591e-03
7.460000e+00 1.846933e-03
7.470000e+00 1.837396e-03
7.480000e+00 1.825973e-03
7.490000e+00 1.812664e-03
7.500000e+00 1.797478e-03
7.510000e+00 1.780428e-03
7.520000e+00 1.761534e-03
7.530000e+00 1.740824e-03
7.540000e+00 1.718331e-03
7.550000e+00 1.694092e-03
7.560000e+00 1.668152e-03
7.570000e+00 1.640560e-03
7.580000e+00 1.611370e-03
7.590000e+00 1.580641e-03
7.600000e+00 1.548436e-03
7.610000e+00 1.514824e-03
7.620000e+00 1.479877e-03
7.630000e+00 1.443670e-03
7.640000e+00 1.406282e-03
7.650000e+00 1.367797e-03
7.660000e+00 1.328301e-03
7.670000e+00 1.287883e-03
7.680000e+00 1.246633e-03
7.690000e+00 1.204647e-03
7.700000e+00 1.162020e-03
7.710000e+00 1.118851e-03
7.720000e+00 1.075239e-03
7.730000e+00 1.031283e-03
7.740000e+00 9.870858e-04
7.750000e+00 9.427478e-04
7.760000e+00 8.983702e-04
7.770000e+00 8.540534e-04
7.780000e+00 8.098963e-04
7.790000e+00 7.659965e-04
7.800000e+00 7.224492e-04
7.810000e+00 6.793470e-04
7.820000e+00 6.367795e-04
7.830000e+00 5.948324e-04
7.840000e+00 5.535878e-04
7.850000e+00 5.131232e-04
7.860000e+00 4.735114e-04
7.870000e+00 4.348205e-04
7.880000e+00 3.971129e-04
7.890000e+00 3.604459e-04
7.900000e+00 3.248714e-04
7.910000e+00 2.904356e-04
7.920000e+00 2.571791e-04
7.930000e+00 2.251371e-04
7.940000e+00 1.943396e-04
7.950000e+00 1.648112e-04
7.960000e+00 1.365718e-04
7.970000e+00 1.096363e-04
7.980000e+00 8.401555e-05
7.990000e+00 5.971600e-05
8.000000e+00 3.674045e-05
8.010000e+00 1.508818e-05
8.020000e+00 -5.244714e-06
8.030000e+00 -2.426503e-05
8.040000e+00 -4.198219e-05
8.050000e+00 -5.840804e-05
8.060000e+00 -7.355660e-05
8.070000e+00 -8.744394e-05
8.080000e+00 -1.000881e-04
8.090000e+00 -1.115088e-04
8.100000e+00 -1.217278e-04
8.110000e+00 -1.307684e-04
8.120000e+00 -1.386560e-04
8.130000e+00 -1.454177e-04
8.140000e+00 -1.510827e-04
8.150000e+00 -1.556820e-04
8.160000e+00 -1.592490e-04
8.170000e+00 -1.618193e-04
8.180000e+00 -1.634307e-04
8.190000e+00 -1.641234e-04
8.200000e+00 -1.639401e-04
8.210000e+00 -1.629257e-04
8.220000e+00 -1.611276e-04
8.230000e+00 -1.585954e-04
8.240000e+00 -1.553807e-04
8.250000e+00 -1.515371e-04
8.260000e+00 -1.471197e-04
8.270000e+00 -1.421851e-04
8.280000e+00 -1.367909e-04
8.290000e+00 -1.309952e-04
8.300000e+00 -1.248565e-04
8.310000e+00 -1.184328e-04
8.320000e+00 -1.117818e-04
8.330000e+00 -1.049596e-04
8.340000e+00 -9.802116e-05
8.350000e+00 -9.101905e-05
8.360000e+00 -8.400350e-05
8.370000e+00 -7.702182e-05
8.380000e+00 -7.011809e-05
8.390000e+00 -6.333283e-05
8.400000e+00 -5.670277e-05
8.410000e+00 -5.026061e-05
8.420000e+00 -4.403490e-05
8.430000e+00 -3.804997e-05
8.440000e+00 -3.232590e-05
8.450000e+00 -2.687857e-05
8.460000e+00 -2.171975e-05
8.470000e+00 -1.685726e-05
8.480000e+00 -1.229519e-05
8.490000e+00 -8.034102e-06
8.500000e+00 -4.071329e-06
8.510000e+00 -4.012515e-07
8.520000e+00 2.984382e-06
8.530000e+00 6.096147e-06
8.540000e+00 8.946625e-06
8.550000e+00 1.155010e-05
8.560000e+00 1.392228e-05
8.570000e+00 1.608000e-05
8.580000e+00 1.804102e-05
8.590000e+00 1.982377e-05
8.600000e+00 2.144722e-05
8.610000e+00 2.293067e-05
8.620000e+00 2.429366e-05
8.630000e+00 2.555589e-05
8.640000e+00 2.673711e-05
8.650000e+00 2.785710e-05
8.660000e+00 2.893562e-05
8.670000e+00 2.999240e-05
8.680000e+00 3.104709e-05
8.690000e+00 3.211925e-05
8.700000e+00 3.322829e-05
8.710000e+00 3.439348e-05
8.720000e+00 3.563379e-05
8.730000e+00 3.696787e-05
8.740000e+00 3.841390e-05
8.750000e+00 3.998947e-05
8.760000e+00 4.171138e-05
8.770000e+00 4.359548e-05
8.780000e+00 4.565641e-05
8.790000e+00 4.790744e-05
8.800000e+00 5.036015e-05
8.810000e+00 5.302423e-05
8.820000e+00 5.590722e-05
8.830000e+00 5.901424e-05
8.840000e+00 6.234780e-05
8.850000e+00 6.590761e-05
8.860000e+00 6.969036e-05
8.870000e+00 7.368964e-05
8.880000e+00 7.789583e-05
8.890000e+00 8.229609e-05
8.900000e+00 8.687436e-05
8.910000e+00 9.161145e-05
8.920000e+00 9.648518e-05
8.930000e+00 1.014706e-04
8.940000e+00 1.065402e-04
8.950000e+00 1.116642e-04
8.960000e+00 1.168110e-04
8.970000e+00 1.219476e-04
8.980000e+00 1.270398e-04
8.990000e+00 1.320530e-04
9.000000e+00 1.369524e-04
9.010000e+00 1.417035e-04
9.020000e+00 1.462728e-04
9.030000e+00 1.506281e-04
9.040000e+00 1.547390e-04
9.050000e+00 1.585771e-04
9.060000e+00 1.621168e-04
9.070000e+00 1.653352e-04
9.080000e+00 1.682128e-04
9.090000e+00 1.707331e-04
9.100000e+00 1.728836e-04
9.110000e+00 1.746551e-04
9.120000e+00 1.760423e-04
9.130000e+00 1.770436e-04
9.140000e+00 1.776608e-04
9.150000e+00 1.778994e-04
9.160000e+00 1.777684e-04
9.170000e+00 1.772797e-04
9.180000e+00 1.764483e-04
9.190000e+00 1.752920e-04
9.200000e+00 1.738309e-04
9.210000e+00 1.720875e-04
9.220000e+00 1.700863e-04
9.230000e+00 1.678532e-04
9.240000e+00 1.654160e-04
9.250000e+00 1.628035e-04
9.260000e+00 1.600458e-04
9.270000e+00 1.571736e-04
9.280000e+00 1.542186e-04
9.290000e+00 1.512131e-04
9.300000e+00 1.481898e-04
9.310000e+00 1.451818e-04
9.320000e+00 1.422226e-04
9.330000e+00 1.393461e-04
9.340000e+00 1.365862e-04
9.350000e+00 1.339771e-04
9.360000e+00 1.315530e-04
9.370000e+00 1.293483e-04
9.380000e+00 1.273971e-04
9.390000e+00 1.257335e-04
9.400000e+00 1.243913e-04
9.410000e+00 1.234040e-04
9.420000e+00 1.228045e-04
9.430000e+00 1.226248e-04
9.440000e+00 1.228961e-04
9.450000e+00 1.236486e-04
9.460000e+00 1.249110e-04
9.470000e+00 1.267103e-04
9.480000e+00 1.290719e-04
9.490000e+00 1.320190e-04
9.500000e+00 1.355727e-04
9.510000e+00 1.397514e-04
9.520000e+00 1.445712e-04
9.530000e+00 1.500451e-04
9.540000e+00 1.561834e-04
9.550000e+00 1.629933e-04
9.560000e+00 1.704792e-04
9.570000e+00 1.786423e-04
9.580000e+00 1.874811e-04
9.590000e+00 1.969912e-04
9.600000e+00 2.071655e-04
9.610000e+00 2.179945e-04
9.620000e+00 2.294665e-04
9.630000e+00 2.415677e-04
9.640000e+00 2.542827e-04
9.650000e+00 2.675947e-04
9.660000e+00 2.814858e-04
9.670000e+00 2.959370e-04
9.680000e+00 3.109292e-04
9.690000e+00 3.264426e-04
9.700000e+00 3.424576e-04
9.710000e+00 3.589546e-04
9.720000e+00 3.759143e-04
9.730000e+00 3.933176e-04
9.740000e+00 4.111461e-04
9.750000e+00 4.293816e-04
9.760000e+00 4.480063e-04
9.770000e+00 4.670024e-04
9.780000e+00 4.863525e-04
9.790000e+00 5.060388e-04
9.800000e+00 5.260430e-04
9.810000e+00 5.463463e-04
9.820000e+00 5.669289e-04
9.830000e+00 5.877695e-04
9.840000e+00 6.088454e-04
9.850000e+00 6.301319e-04
9.860000e+00 6.516022e-04
9.870000e+00 6.732270e-04
9.880000e+00 6.949745e-04
9.890000e+00 7.168101e-04
9.900000e+00 7.386964e-04
9.910000e+00 7.605933e-04
9.920000e+00 7.824578e-04
9.930000e+00 8.042443e-04
9.940000e+00 8.259048e-04
9.950000e+00 8.473892e-04
9.960000e+00 8.686454e-04
9.970000e+00 8.896200e-04
9.980000e+00 9.102588e-04
9.990000e+00 9.305068e-04
1.000000e+01 9.503094e-04
