# sigma2_v 7.752944979729333e+00
0.000000e+00 1.000000e+00
1.000000e-02 9.996124e-01
2.000000e-02 9.984507e-01
3.000000e-02 9.965176e-01
4.000000e-02 9.938178e-01
5.000000e-02 9.903579e-01
6.000000e-02 9.861463e-01
7.000000e-02 9.811932e-01
8.000000e-02 9.755105e-01
9.000000e-02 9.691117e-01
1.000000e-01 9.620122e-01
1.100000e-01 9.542288e-01
1.200000e-01 9.457799e-01
1.300000e-01 9.366851e-01
1.400000e-01 9.269656e-01
1.500000e-01 9.166438e-01
1.600000e-01 9.057431e-01
1.700000e-01 8.942884e-01
1.800000e-01 8.823050e-01
1.900000e-01 8.698196e-01
2.000000e-01 8.568594e-01
2.100000e-01 8.434523e-01
2.200000e-01 8.296269e-01
2.300000e-01 8.154121e-01
2.400000e-01 8.008372e-01
2.500000e-01 7.859320e-01
2.600000e-01 7.707261e-01
2.700000e-01 7.552493e-01
2.800000e-01 7.395315e-01
2.900000e-01 7.236024e-01
3.000000e-01 7.074912e-01
3.100000e-01 6.912272e-01
3.200000e-01 6.748391e-01
3.300000e-01 6.583550e-01
3.400000e-01 6.418026e-01
3.500000e-01 6.252091e-01
3.600000e-01 6.086006e-01
3.700000e-01 5.920029e-01
3.800000e-01 5.754406e-01
3.900000e-01 5.589377e-01
4.000000e-01 5.425172e-01
4.100000e-01 5.262011e-01
4.200000e-01 5.100104e-01
4.300000e-01 4.939653e-01
4.400000e-01 4.780847e-01
4.500000e-01 4.623865e-01
4.600000e-01 4.468876e-01
4.700000e-01 4.316039e-01
4.800000e-01 4.165499e-01
4.900000e-01 4.017393e-01
5.000000e-01 3.871847e-01
5.100000e-01 3.728974e-01
5.200000e-01 3.588879e-01
5.300000e-01 3.451656e-01
5.400000e-01 3.317386e-01
5.500000e-01 3.186143e-01
5.600000e-01 3.057990e-01
5.700000e-01 2.932982e-01
5.800000e-01 2.811162e-01
5.900000e-01 2.692565e-01
6.000000e-01 2.577219e-01
6.100000e-01 2.465143e-01
6.200000e-01 2.356346e-01
6.300000e-01 2.250832e-01
6.400000e-01 2.148597e-01
6.500000e-01 2.049630e-01
6.600000e-01 1.953914e-01
6.700000e-01 1.861426e-01
6.800000e-01 1.772137e-01
6.900000e-01 1.686013e-01
7.000000e-01 1.603015e-01
7.100000e-01 1.523100e-01
7.200000e-01 1.446220e-01
7.300000e-01 1.372323e-01
7.400000e-01 1.301356e-01
7.500000e-01 1.233261e-01
7.600000e-01 1.167977e-01
7.700000e-01 1.105441e-01
7.800000e-01 1.045588e-01
7.900000e-01 9.883522e-02
8.000000e-01 9.336646e-02
8.100000e-01 8.814560e-02
8.200000e-01 8.316559e-02
8.300000e-01 7.841930e-02
8.400000e-01 7.389956e-02
8.500000e-01 6.959918e-02
8.600000e-01 6.551094e-02
8.700000e-01 6.162765e-02
8.800000e-01 5.794213e-02
8.900000e-01 5.444727e-02
9.000000e-01 5.113599e-02
9.100000e-01 4.800132e-02
9.200000e-01 4.503636e-02
9.300000e-01 4.223429e-02
9.400000e-01 3.958845e-02
9.500000e-01 3.709225e-02
9.600000e-01 3.473927e-02
9.700000e-01 3.252321e-02
9.800000e-01 3.043790e-02
9.900000e-01 2.847734e-02
1.000000e+00 2.663570e-02
1.010000e+00 2.490726e-02
1.020000e+00 2.328652e-02
1.030000e+00 2.176811e-02
1.040000e+00 2.034684e-02
1.050000e+00 1.901769e-02
1.060000e+00 1.777581e-02
1.070000e+00 1.661652e-02
1.080000e+00 1.553530e-02
1.090000e+00 1.452783e-02
1.100000e+00 1.358993e-02
1.110000e+00 1.271760e-02
1.120000e+00 1.190701e-02
1.130000e+00 1.115447e-02
1.140000e+00 1.045649e-02
1.150000e+00 9.809705e-03
1.160000e+00 9.210914e-03
1.170000e+00 8.657070e-03
1.180000e+00 8.145272e-03
1.190000e+00 7.672763e-03
1.200000e+00 7.236927e-03
1.210000e+00 6.835281e-03
1.220000e+00 6.465476e-03
1.230000e+00 6.125290e-03
1.240000e+00 5.812622e-03
1.250000e+00 5.525492e-03
1.260000e+00 5.262034e-03
1.270000e+00 5.020491e-03
1.280000e+00 4.799210e-03
1.290000e+00 4.596640e-03
1.300000e+00 4.411329e-03
1.310000e+00 4.241912e-03
1.320000e+00 4.087116e-03
1.330000e+00 3.945750e-03
1.340000e+00 3.816703e-03
1.350000e+00 3.698938e-03
1.360000e+00 3.591492e-03
1.370000e+00 3.493469e-03
1.380000e+00 3.404035e-03
1.390000e+00 3.322420e-03
1.400000e+00 3.247907e-03
1.410000e+00 3.179837e-03
1.420000e+00 3.117598e-03
1.430000e+00 3.060629e-03
1.440000e+00 3.008410e-03
1.450000e+00 2.960465e-03
1.460000e+00 2.916359e-03
1.470000e+00 2.875690e-03
1.480000e+00 2.838095e-03
1.490000e+00 2.803239e-03
1.500000e+00 2.770822e-03
1.510000e+00 2.740570e-03
1.520000e+00 2.712236e-03
1.530000e+00 2.685598e-03
1.540000e+00 2.660459e-03
1.550000e+00 2.636642e-03
1.560000e+00 2.613993e-03
1.570000e+00 2.592376e-03
1.580000e+00 2.571675e-03
1.590000e+00 2.551789e-03
1.600000e+00 2.532636e-03
1.610000e+00 2.514148e-03
1.620000e+00 2.496271e-03
1.630000e+00 2.478965e-03
1.640000e+00 2.462202e-03
1.650000e+00 2.445968e-03
1.660000e+00 2.430257e-03
1.670000e+00 2.415075e-03
1.680000e+00 2.400438e-03
1.690000e+00 2.386368e-03
1.700000e+00 2.372899e-03
1.710000e+00 2.360069e-03
1.720000e+00 2.347922e-03
1.730000e+00 2.336510e-03
1.740000e+00 2.325887e-03
1.750000e+00 2.316113e-03
1.760000e+00 2.307249e-03
1.770000e+00 2.299360e-03
1.780000e+00 2.292511e-03
1.790000e+00 2.286769e-03
1.800000e+00 2.282198e-03
1.810000e+00 2.278863e-03
1.820000e+00 2.276826e-03
1.830000e+00 2.276147e-03
1.840000e+00 2.276882e-03
1.850000e+00 2.279081e-03
1.860000e+00 2.282792e-03
1.870000e+00 2.288054e-03
1.880000e+00 2.294902e-03
1.890000e+00 2.303364e-03
1.900000e+00 2.313458e-03
1.910000e+00 2.325198e-03
1.920000e+00 2.338585e-03
1.930000e+00 2.353616e-03
1.940000e+00 2.370276e-03
1.950000e+00 2.388543e-03
1.960000e+00 2.408385e-03
1.970000e+00 2.429761e-03
1.980000e+00 2.452621e-03
1.990000e+00 2.476907e-03
2.000000e+00 2.502553e-03
2.010000e+00 2.529482e-03
2.020000e+00 2.557613e-03
2.030000e+00 2.586856e-03
2.040000e+00 2.617114e-03
2.050000e+00 2.648285e-03
2.060000e+00 2.680262e-03
2.070000e+00 2.712931e-03
2.080000e+00 2.746178e-03
2.090000e+00 2.779883e-03
2.100000e+00 2.813925e-03
2.110000e+00 2.848181e-03
2.120000e+00 2.882528e-03
2.130000e+00 2.916844e-03
2.140000e+00 2.951007e-03
2.150000e+00 2.984897e-03
2.160000e+00 3.018399e-03
2.170000e+00 3.051398e-03
2.180000e+00 3.083785e-03
2.190000e+00 3.115458e-03
2.200000e+00 3.146317e-03
2.210000e+00 3.176269e-03
2.220000e+00 3.205229e-03
2.230000e+00 3.233118e-03
2.240000e+00 3.259864e-03
2.250000e+00 3.285401e-03
2.260000e+00 3.309674e-03
2.270000e+00 3.332632e-03
2.280000e+00 3.354234e-03
2.290000e+00 3.374445e-03
2.300000e+00 3.393239e-03
2.310000e+00 3.410596e-03
2.320000e+00 3.426501e-03
2.330000e+00 3.440949e-03
2.340000e+00 3.453939e-03
2.350000e+00 3.465474e-03
2.360000e+00 3.475564e-03
2.370000e+00 3.484223e-03
2.380000e+00 3.491468e-03
2.390000e+00 3.497319e-03
2.400000e+00 3.501800e-03
2.410000e+00 3.504934e-03
2.420000e+00 3.506747e-03
2.430000e+00 3.507266e-03
2.440000e+00 3.506518e-03
2.450000e+00 3.504528e-03
2.460000e+00 3.501321e-03
2.470000e+00 3.496920e-03
2.480000e+00 3.491347e-03
2.490000e+00 3.484622e-03
2.500000e+00 3.476762e-03
2.510000e+00 3.467781e-03
2.520000e+00 3.457690e-03
2.530000e+00 3.446500e-03
2.540000e+00 3.434217e-03
2.550000e+00 3.420845e-03
2.560000e+00 3.406385e-03
2.570000e+00 3.390838e-03
2.580000e+00 3.374201e-03
2.590000e+00 3.356472e-03
2.600000e+00 3.337647e-03
2.610000e+00 3.317721e-03
2.620000e+00 3.296691e-03
2.630000e+00 3.274554e-03
2.640000e+00 3.251309e-03
2.650000e+00 3.226955e-03
2.660000e+00 3.201496e-03
2.670000e+00 3.174938e-03
2.680000e+00 3.147293e-03
2.690000e+00 3.118574e-03
2.700000e+00 3.088802e-03
2.710000e+00 3.058000e-03
2.720000e+00 3.026200e-03
2.730000e+00 2.993438e-03
2.740000e+00 2.959758e-03
2.750000e+00 2.925207e-03
2.760000e+00 2.889842e-03
2.770000e+00 2.853725e-03
2.780000e+00 2.816924e-03
2.790000e+00 2.779513e-03
2.800000e+00 2.741573e-03
2.810000e+00 2.703187e-03
2.820000e+00 2.664447e-03
2.830000e+00 2.625447e-03
2.840000e+00 2.586283e-03
2.850000e+00 2.547057e-03
2.860000e+00 2.507871e-03
2.870000e+00 2.468828e-03
2.880000e+00 2.430032e-03
2.890000e+00 2.391585e-03
2.900000e+00 2.353589e-03
2.910000e+00 2.316143e-03
2.920000e+00 2.279341e-03
2.930000e+00 2.243274e-03
2.940000e+00 2.208028e-03
2.950000e+00 2.173681e-03
2.960000e+00 2.140306e-03
2.970000e+00 2.107967e-03
2.980000e+00 2.076720e-03
2.990000e+00 2.046614e-03
3.000000e+00 2.017686e-03
3.010000e+00 1.989966e-03
3.020000e+00 1.963472e-03
3.030000e+00 1.938214e-03
3.040000e+00 1.914192e-03
3.050000e+00 1.891396e-03
3.060000e+00 1.869805e-03
3.070000e+00 1.849392e-03
3.080000e+00 1.830118e-03
3.090000e+00 1.811938e-03
3.100000e+00 1.794799e-03
3.110000e+00 1.778641e-03
3.120000e+00 1.763398e-03
3.130000e+00 1.748997e-03
3.140000e+00 1.735363e-03
3.150000e+00 1.722416e-03
3.160000e+00 1.710074e-03
3.170000e+00 1.698252e-03
3.180000e+00 1.686866e-03
3.190000e+00 1.675828e-03
3.200000e+00 1.665056e-03
3.210000e+00 1.654466e-03
3.220000e+00 1.643975e-03
3.230000e+00 1.633507e-03
3.240000e+00 1.622987e-03
3.250000e+00 1.612343e-03
3.260000e+00 1.601509e-03
3.270000e+00 1.590422e-03
3.280000e+00 1.579027e-03
3.290000e+00 1.567271e-03
3.300000e+00 1.555108e-03
3.310000e+00 1.542496e-03
3.320000e+00 1.529399e-03
3.330000e+00 1.515786e-03
3.340000e+00 1.501631e-03
3.350000e+00 1.486911e-03
3.360000e+00 1.471610e-03
3.370000e+00 1.455713e-03
3.380000e+00 1.439212e-03
3.390000e+00 1.422099e-03
3.400000e+00 1.404371e-03
3.410000e+00 1.386027e-03
3.420000e+00 1.367068e-03
3.430000e+00 1.347497e-03
3.440000e+00 1.327321e-03
3.450000e+00 1.306544e-03
3.460000e+00 1.285175e-03
3.470000e+00 1.263222e-03
3.480000e+00 1.240697e-03
3.490000e+00 1.217610e-03
3.500000e+00 1.193974e-03
3.510000e+00 1.169802e-03
3.520000e+00 1.145109e-03
3.530000e+00 1.119913e-03
3.540000e+00 1.094232e-03
3.550000e+00 1.068086e-03
3.560000e+00 1.041500e-03
3.570000e+00 1.014498e-03
3.580000e+00 9.871105e-04
3.590000e+00 9.593694e-04
3.600000e+00 9.313110e-04
3.610000e+00 9.029753e-04
3.620000e+00 8.744068e-04
3.630000e+00 8.456540e-04
3.640000e+00 8.167704e-04
3.650000e+00 7.878136e-04
3.660000e+00 7.588463e-04
3.670000e+00 7.299353e-04
3.680000e+00 7.011520e-04
3.690000e+00 6.725717e-04
3.700000e+00 6.442736e-04
3.710000e+00 6.163402e-04
3.720000e+00 5.888566e-04
3.730000e+00 5.619104e-04
3.740000e+00 5.355905e-04
3.750000e+00 5.099867e-04
3.760000e+00 4.851887e-04
3.770000e+00 4.612852e-04
3.780000e+00 4.383634e-04
3.790000e+00 4.165075e-04
3.800000e+00 3.957982e-04
3.810000e+00 3.763116e-04
3.820000e+00 3.581182e-04
3.830000e+00 3.412822e-04
3.840000e+00 3.258606e-04
3.850000e+00 3.119022e-04
3.860000e+00 2.994473e-04
3.870000e+00 2.885266e-04
3.880000e+00 2.791610e-04
3.890000e+00 2.713612e-04
3.900000e+00 2.651271e-04
3.910000e+00 2.604480e-04
3.920000e+00 2.573021e-04
3.930000e+00 2.556570e-04
3.940000e+00 2.554697e-04
3.950000e+00 2.566870e-04
3.960000e+00 2.592457e-04
3.970000e+00 2.630737e-04
3.980000e+00 2.680902e-04
3.990000e+00 2.742068e-04
4.000000e+00 2.813285e-04
4.010000e+00 2.893541e-04
4.020000e+00 2.981780e-04
4.030000e+00 3.076908e-04
4.040000e+00 3.177806e-04
4.050000e+00 3.283342e-04
4.060000e+00 3.392384e-04
4.070000e+00 3.503806e-04
4.080000e+00 3.616509e-04
4.090000e+00 3.729422e-04
4.100000e+00 3.841518e-04
4.110000e+00 3.951824e-04
4.120000e+00 4.059428e-04
4.130000e+00 4.163486e-04
4.140000e+00 4.263231e-04
4.150000e+00 4.357979e-04
4.160000e+00 4.447132e-04
4.170000e+00 4.530181e-04
4.180000e+00 4.606712e-04
4.190000e+00 4.676401e-04
4.200000e+00 4.739020e-04
4.210000e+00 4.794430e-04
4.220000e+00 4.842583e-04
4.230000e+00 4.883514e-04
4.240000e+00 4.917340e-04
4.250000e+00 4.944253e-04
4.260000e+00 4.964514e-04
4.270000e+00 4.978445e-04
4.280000e+00 4.986425e-04
4.290000e+00 4.988876e-04
4.300000e+00 4.986263e-04
4.310000e+00 4.979077e-04
4.320000e+00 4.967835e-04
4.330000e+00 4.953066e-04
4.340000e+00 4.935306e-04
4.350000e+00 4.915090e-04
4.360000e+00 4.892944e-04
4.370000e+00 4.869381e-04
4.380000e+00 4.844890e-04
4.390000e+00 4.819936e-04
4.400000e+00 4.794953e-04
4.410000e+00 4.770340e-04
4.420000e+00 4.746459e-04
4.430000e+00 4.723630e-04
4.440000e+00 4.702133e-04
4.450000e+00 4.682204e-04
4.460000e+00 4.664035e-04
4.470000e+00 4.647777e-04
4.480000e+00 4.633538e-04
4.490000e+00 4.621385e-04
4.500000e+00 4.611347e-04
4.510000e+00 4.603416e-04
4.520000e+00 4.597551e-04
4.530000e+00 4.593679e-04
4.540000e+00 4.591698e-04
4.550000e+00 4.591483e-04
4.560000e+00 4.592885e-04
4.570000e+00 4.595737e-04
4.580000e+00 4.599855e-04
4.590000e+00 4.605043e-04
4.600000e+00 4.611093e-04
4.610000e+00 4.617790e-04
4.620000e+00 4.624912e-04
4.630000e+00 4.632236e-04
4.640000e+00 4.639535e-04
4.650000e+00 4.646581e-04
4.660000e+00 4.653150e-04
4.670000e+00 4.659019e-04
4.680000e+00 4.663969e-04
4.690000e+00 4.667785e-04
4.700000e+00 4.670260e-04
4.710000e+00 4.671192e-04
4.720000e+00 4.670384e-04
4.730000e+00 4.667652e-04
4.740000e+00 4.662816e-04
4.750000e+00 4.655710e-04
4.760000e+00 4.646176e-04
4.770000e+00 4.634069e-04
4.780000e+00 4.619258e-04
4.790000e+00 4.601625e-04
4.800000e+00 4.581068e-04
4.810000e+00 4.557504e-04
4.820000e+00 4.530868e-04
4.830000e+00 4.501114e-04
4.840000e+00 4.468222e-04
4.850000e+00 4.432194e-04
4.860000e+00 4.393057e-04
4.870000e+00 4.350868e-04
4.880000e+00 4.305712e-04
4.890000e+00 4.257702e-04
4.900000e+00 4.206984e-04
4.910000e+00 4.153737e-04
4.920000e+00 4.098169e-04
4.930000e+00 4.040524e-04
4.940000e+00 3.981073e-04
4.950000e+00 3.920122e-04
4.960000e+00 3.858005e-04
4.970000e+00 3.795081e-04
4.980000e+00 3.731737e-04
4.990000e+00 3.668382e-04
5.000000e+00 3.605440e-04
5.010000e+00 3.543352e-04
5.020000e+00 3.482569e-04
5.030000e+00 3.423547e-04
5.040000e+00 3.366739e-04
5.050000e+00 3.312595e-04
5.060000e+00 3.261553e-04
5.070000e+00 3.214032e-04
5.080000e+00 3.170429e-04
5.090000e+00 3.131109e-04
5.100000e+00 3.096403e-04
5.110000e+00 3.066600e-04
5.120000e+00 3.041943e-04
5.130000e+00 3.022622e-04
5.140000e+00 3.008771e-04
5.150000e+00 3.000464e-04
5.160000e+00 2.997710e-04
5.170000e+00 3.000455e-04
5.180000e+00 3.008573e-04
5.190000e+00 3.021873e-04
5.200000e+00 3.040092e-04
5.210000e+00 3.062900e-04
5.220000e+00 3.089902e-04
5.230000e+00 3.120636e-04
5.240000e+00 3.154585e-04
5.250000e+00 3.191172e-04
5.260000e+00 3.229772e-04
5.270000e+00 3.269715e-04
5.280000e+00 3.310294e-04
5.290000e+00 3.350772e-04
5.300000e+00 3.390390e-04
5.310000e+00 3.428374e-04
5.320000e+00 3.463946e-04
5.330000e+00 3.496331e-04
5.340000e+00 3.524767e-04
5.350000e+00 3.548513e-04
5.360000e+00 3.566858e-04
5.370000e+00 3.579130e-04
5.380000e+00 3.584701e-04
5.390000e+00 3.583001e-04
5.400000e+00 3.573516e-04
5.410000e+00 3.555802e-04
5.420000e+00 3.529487e-04
5.430000e+00 3.494274e-04
5.440000e+00 3.449947e-04
5.450000e+00 3.396373e-04
5.460000e+00 3.333504e-04
5.470000e+00 3.261375e-04
5.480000e+00 3.180106e-04
5.490000e+00 3.089902e-04
5.500000e+00 2.991046e-04
5.510000e+00 2.883900e-04
5.520000e+00 2.768896e-04
5.530000e+00 2.646538e-04
5.540000e+00 2.517387e-04
5.550000e+00 2.382062e-04
5.560000e+00 2.241231e-04
5.570000e+00 2.095600e-04
5.580000e+00 1.945909e-04
5.590000e+00 1.792923e-04
5.600000e+00 1.637421e-04
5.610000e+00 1.480192e-04
5.620000e+00 1.322022e-04
5.630000e+00 1.163690e-04
5.640000e+00 1.005956e-04
5.650000e+00 8.495577e-05
5.660000e+00 6.951994e-05
5.670000e+00 5.435481e-05
5.680000e+00 3.952266e-05
5.690000e+00 2.508078e-05
5.700000e+00 1.108108e-05
5.710000e+00 -2.430386e-06
5.720000e+00 -1.541367e-05
5.730000e+00 -2.783520e-05
5.740000e+00 -3.966793e-05
5.750000e+00 -5.089141e-05
5.760000e+00 -6.149183e-05
5.770000e+00 -7.146190e-05
5.780000e+00 -8.080073e-05
5.790000e+00 -8.951364e-05
5.800000e+00 -9.761185e-05
5.810000e+00 -1.051122e-04
5.820000e+00 -1.120367e-04
5.830000e+00 -1.184122e-04
5.840000e+00 -1.242698e-04
5.850000e+00 -1.296446e-04
5.860000e+00 -1.345748e-04
5.870000e+00 -1.391015e-04
5.880000e+00 -1.432680e-04
5.890000e+00 -1.471193e-04
5.900000e+00 -1.507014e-04
5.910000e+00 -1.540609e-04
5.920000e+00 -1.572445e-04
5.930000e+00 -1.602984e-04
5.940000e+00 -1.632676e-04
5.950000e+00 -1.661958e-04
5.960000e+00 -1.691248e-04
5.970000e+00 -1.720941e-04
5.980000e+00 -1.751403e-04
5.990000e+00 -1.782971e-04
6.000000e+00 -1.815950e-04
6.010000e+00 -1.850607e-04
6.020000e+00 -1.887173e-04
6.030000e+00 -1.925836e-04
6.040000e+00 -1.966748e-04
6.050000e+00 -2.010016e-04
6.060000e+00 -2.055705e-04
6.070000e+00 -2.103839e-04
6.080000e+00 -2.154399e-04
6.090000e+00 -2.207326e-04
6.100000e+00 -2.262520e-04
6.110000e+00 -2.319843e-04
6.120000e+00 -2.379121e-04
6.130000e+00 -2.440144e-04
6.140000e+00 -2.502671e-04
6.150000e+00 -2.566429e-04
6.160000e+00 -2.631121e-04
6.170000e+00 -2.696423e-04
6.180000e+00 -2.761993e-04
6.190000e+00 -2.827468e-04
6.200000e+00 -2.892475e-04
6.210000e+00 -2.956626e-04
6.220000e+00 -3.019527e-04
6.230000e+00 -3.080782e-04
6.240000e+00 -3.139992e-04
6.250000e+00 -3.196761e-04
6.260000e+00 -3.250700e-04
6.270000e+00 -3.301429e-04
6.280000e+00 -3.348580e-04
6.290000e+00 -3.391800e-04
6.300000e+00 -3.430754e-04
6.310000e+00 -3.465125e-04
6.320000e+00 -3.494621e-04
6.330000e+00 -3.518972e-04
6.340000e+00 -3.537935e-04
6.350000e+00 -3.551291e-04
6.360000e+00 -3.558851e-04
6.370000e+00 -3.560453e-04
6.380000e+00 -3.555965e-04
6.390000e+00 -3.545281e-04
6.400000e+00 -3.528326e-04
6.410000e+00 -3.505049e-04
6.420000e+00 -3.475428e-04
6.430000e+00 -3.439466e-04
6.440000e+00 -3.397187e-04
6.450000e+00 -3.348640e-04
6.460000e+00 -3.293891e-04
6.470000e+00 -3.233024e-04
6.480000e+00 -3.166139e-04
6.490000e+00 -3.093349e-04
6.500000e+00 -3.014775e-04
6.510000e+00 -2.930548e-04
6.520000e+00 -2.840801e-04
6.530000e+00 -2.745673e-04
6.540000e+00 -2.645299e-04
6.550000e+00 -2.539815e-04
6.560000e+00 -2.429350e-04
6.570000e+00 -2.314027e-04
6.580000e+00 -2.193962e-04
6.590000e+00 -2.069259e-04
6.600000e+00 -1.940014e-04
6.610000e+00 -1.806308e-04
6.620000e+00 -1.668211e-04
6.630000e+00 -1.525783e-04
6.640000e+00 -1.379068e-04
6.650000e+00 -1.228101e-04
6.660000e+00 -1.072906e-04
6.670000e+00 -9.134960e-05
6.680000e+00 -7.498789e-05
6.690000e+00 -5.820555e-05
6.700000e+00 -4.100238e-05
6.710000e+00 -2.337809e-05
6.720000e+00 -5.332653e-06
6.730000e+00 1.313347e-05
6.740000e+00 3.201895e-05
6.750000e+00 5.132127e-05
6.760000e+00 7.103636e-05
6.770000e+00 9.115827e-05
6.780000e+00 1.116788e-04
6.790000e+00 1.325872e-04
6.800000e+00 1.538698e-04
6.810000e+00 1.755096e-04
6.820000e+00 1.974862e-04
6.830000e+00 2.197753e-04
6.840000e+00 2.423486e-04
6.850000e+00 2.651736e-04
6.860000e+00 2.882132e-04
6.870000e+00 3.114259e-04
6.880000e+00 3.347657e-04
6.890000e+00 3.581815e-04
6.900000e+00 3.816180e-04
6.910000e+00 4.050150e-04
6.920000e+00 4.283081e-04
6.930000e+00 4.514282e-04
6.940000e+00 4.743025e-04
6.950000e+00 4.968541e-04
6.960000e+00 5.190028e-04
6.970000e+00 5.406652e-04
6.980000e+00 5.617551e-04
6.990000e+00 5.821842e-04
7.000000e+00 6.018624e-04
7.010000e+00 6.206985e-04
7.020000e+00 6.386006e-04
7.030000e+00 6.554769e-04
7.040000e+00 6.712361e-04
7.050000e+00 6.857884e-04
7.060000e+00 6.990458e-04
7.070000e+00 7.109231e-04
7.080000e+00 7.213383e-04
7.090000e+00 7.302137e-04
7.100000e+00 7.374759e-04
7.110000e+00 7.430574e-04
7.120000e+00 7.468963e-04
7.130000e+00 7.489377e-04
7.140000e+00 7.491337e-04
7.150000e+00 7.474444e-04
7.160000e+00 7.438381e-04
7.170000e+00 7.382920e-04
7.180000e+00 7.307926e-04
7.190000e+00 7.213358e-04
7.200000e+00 7.099275e-04
7.210000e+00 6.965837e-04
7.220000e+00 6.813306e-04
7.230000e+00 6.642049e-04
7.240000e+00 6.452536e-04
7.250000e+00 6.245340e-04
7.260000e+00 6.021138e-04
7.270000e+00 5.780704e-04
7.280000e+00 5.524910e-04
7.290000e+00 5.254722e-04
7.300000e+00 4.971194e-04
7.310000e+00 4.675462e-04
7.320000e+00 4.368742e-04
7.330000e+00 4.052320e-04
7.340000e+00 3.727546e-04
7.350000e+00 3.395826e-04
7.360000e+00 3.058614e-04
7.370000e+00 2.717404e-04
7.380000e+00 2.373720e-04
7.390000e+00 2.029107e-04
7.400000e+00 1.685122e-04
7.410000e+00 1.343324e-04
7.420000e+00 1.005264e-04
7.430000e+00 6.724780e-05
7.440000e+00 3.464740e-05
7.450000e+00 2.872562e-06
7.460000e+00 -2.793378e-05
7.470000e+00 -5.763391e-05
7.480000e+00 -8.609610e-05
7.490000e+00 -1.131953e-04
7.500000e+00 -1.388140e-04
7.510000e+00 -1.628423e-04
7.520000e+00 -1.851791e-04
7.530000e+00 -2.057319e-04
7.540000e+00 -2.244175e-04
7.550000e+00 -2.411621e-04
7.560000e+00 -2.559016e-04
7.570000e+00 -2.685812e-04
7.580000e+00 -2.791562e-04
7.590000e+00 -2.875911e-04
7.600000e+00 -2.938597e-04
7.610000e+00 -2.979449e-04
7.620000e+00 -2.998383e-04
7.630000e+00 -2.995399e-04
7.640000e+00 -2.970572e-04
7.650000e+00 -2.924053e-04
7.660000e+00 -2.856058e-04
7.670000e+00 -2.766867e-04
7.680000e+00 -2.656811e-04
7.690000e+00 -2.526274e-04
7.700000e+00 -2.375682e-04
7.710000e+00 -2.205495e-04
7.720000e+00 -2.016206e-04
7.730000e+00 -1.808333e-04
7.740000e+00 -1.582412e-04
7.750000e+00 -1.338996e-04
7.760000e+00 -1.078645e-04
7.770000e+00 -8.019304e-05
7.780000e+00 -5.094235e-05
7.790000e+00 -2.016987e-05
7.800000e+00 1.206706e-05
7.810000e+00 4.571120e-05
7.820000e+00 8.070551e-05
7.830000e+00 1.169931e-04
7.840000e+00 1.545169e-04
7.850000e+00 1.932200e-04
7.860000e+00 2.330449e-04
7.870000e+00 2.739335e-04
7.880000e+00 3.158267e-04
7.890000e+00 3.586640e-04
7.900000e+00 4.023834e-04
7.910000e+00 4.469207e-04
7.920000e+00 4.922090e-04
7.930000e+00 5.381791e-04
7.940000e+00 5.847580e-04
7.950000e+00 6.318694e-04
7.960000e+00 6.794332e-04
7.970000e+00 7.273651e-04
7.980000e+00 7.755767e-04
7.990000e+00 8.239749e-04
8.000000e+00 8.724625e-04
8.010000e+00 9.209375e-04
8.020000e+00 9.692940e-04
8.030000e+00 1.017422e-03
8.040000e+00 1.065207e-03
8.050000e+00 1.112531e-03
8.060000e+00 1.159275e-03
8.070000e+00 1.205315e-03
8.080000e+00 1.250526e-03
8.090000e+00 1.294782e-03
8.100000e+00 1.337957e-03
8.110000e+00 1.379925e-03
8.120000e+00 1.420560e-03
8.130000e+00 1.459739e-03
8.140000e+00 1.497343e-03
8.150000e+00 1.533254e-03
8.160000e+00 1.567361e-03
8.170000e+00 1.599557e-03
8.180000e+00 1.629742e-03
8.190000e+00 1.657823e-03
8.200000e+00 1.683716e-03
8.210000e+00 1.707342e-03
8.220000e+00 1.728634e-03
8.230000e+00 1.747534e-03
8.240000e+00 1.763993e-03
8.250000e+00 1.777972e-03
8.260000e+00 1.789445e-03
8.270000e+00 1.798393e-03
8.280000e+00 1.804809e-03
8.290000e+00 1.808697e-03
8.300000e+00 1.810070e-03
8.310000e+00 1.808951e-03
8.320000e+00 1.805372e-03
8.330000e+00 1.799375e-03
8.340000e+00 1.791008e-03
8.350000e+00 1.780330e-03
8.360000e+00 1.767402e-03
8.370000e+00 1.752297e-03
8.380000e+00 1.735088e-03
8.390000e+00 1.715854e-03
8.400000e+00 1.694679e-03
8.410000e+00 1.671649e-03
8.420000e+00 1.646851e-03
8.430000e+00 1.620374e-03
8.440000e+00 1.592307e-03
8.450000e+00 1.562738e-03
8.460000e+00 1.531755e-03
8.470000e+00 1.499444e-03
8.480000e+00 1.465890e-03
8.490000e+00 1.431172e-03
8.500000e+00 1.395371e-03
8.510000e+00 1.358560e-03
8.520000e+00 1.320812e-03
8.530000e+00 1.282196e-03
8.540000e+00 1.242776e-03
8.550000e+00 1.202614e-03
8.560000e+00 1.161769e-03
8.570000e+00 1.120295e-03
8.580000e+00 1.078248e-03
8.590000e+00 1.035675e-03
8.600000e+00 9.926270e-04
8.610000e+00 9.491500e-04
8.620000e+00 9.052903e-04
8.630000e+00 8.610931e-04
8.640000e+00 8.166036e-04
8.650000e+00 7.718673e-04
8.660000e+00 7.269304e-04
8.670000e+00 6.818401e-04
8.680000e+00 6.366454e-04
8.690000e+00 5.913969e-04
8.700000e+00 5.461473e-04
8.710000e+00 5.009516e-04
8.720000e+00 4.558675e-04
8.730000e+00 4.109550e-04
8.740000e+00 3.662766e-04
8.750000e+00 3.218975e-04
8.760000e+00 2.778852e-04
8.770000e+00 2.343094e-04
8.780000e+00 1.912416e-04
8.790000e+00 1.487549e-04
8.800000e+00 1.069236e-04
8.810000e+00 6.582304e-05
8.820000e+00 2.552842e-05
8.830000e+00 -1.388500e-05
8.840000e+00 -5.234281e-05
8.850000e+00 -8.977187e-05
8.860000e+00 -1.261010e-04
8.870000e+00 -1.612613e-04
8.880000e+00 -1.951870e-04
8.890000e+00 -2.278159e-04
8.900000e+00 -2.590898e-04
8.910000e+00 -2.889551e-04
8.920000e+00 -3.173629e-04
8.930000e+00 -3.442702e-04
8.940000e+00 -3.696392e-04
8.950000e+00 -3.934384e-04
8.960000e+00 -4.156425e-04
8.970000e+00 -4.362325e-04
8.980000e+00 -4.551958e-04
8.990000e+00 -4.725267e-04
9.000000e+00 -4.882255e-04
9.010000e+00 -5.022992e-04
9.020000e+00 -5.147608e-04
9.030000e+00 -5.256296e-04
9.040000e+00 -5.349304e-04
9.050000e+00 -5.426934e-04
9.060000e+00 -5.489539e-04
9.070000e+00 -5.537518e-04
9.080000e+00 -5.571314e-04
9.090000e+00 -5.591404e-04
9.100000e+00 -5.598298e-04
9.110000e+00 -5.592536e-04
9.120000e+00 -5.574676e-04
9.130000e+00 -5.545297e-04
9.140000e+00 -5.504987e-04
9.150000e+00 -5.454341e-04
9.160000e+00 -5.393959e-04
9.170000e+00 -5.324434e-04
9.180000e+00 -5.246355e-04
9.190000e+00 -5.160297e-04
9.200000e+00 -5.066822e-04
9.210000e+00 -4.966471e-04
9.220000e+00 -4.859764e-04
9.230000e+00 -4.747195e-04
9.240000e+00 -4.629231e-04
9.250000e+00 -4.506309e-04
9.260000e+00 -4.378832e-04
9.270000e+00 -4.247174e-04
9.280000e+00 -4.111671e-04
9.290000e+00 -3.972627e-04
9.300000e+00 -3.830308e-04
9.310000e+00 -3.684947e-04
9.320000e+00 -3.536741e-04
9.330000e+00 -3.385854e-04
9.340000e+00 -3.232414e-04
9.350000e+00 -3.076519e-04
9.360000e+00 -2.918236e-04
9.370000e+00 -2.757604e-04
9.380000e+00 -2.594634e-04
9.390000e+00 -2.429311e-04
9.400000e+00 -2.261601e-04
9.410000e+00 -2.091447e-04
9.420000e+00 -1.918779e-04
9.430000e+00 -1.743511e-04
9.440000e+00 -1.565545e-04
9.450000e+00 -1.384778e-04
9.460000e+00 -1.201103e-04
9.470000e+00 -1.014410e-04
9.480000e+00 -8.245949e-05
9.490000e+00 -6.315581e-05
9.500000e+00 -4.352115e-05
9.510000e+00 -2.354802e-05
9.520000e+00 -3.230727e-06
9.530000e+00 1.743436e-05
9.540000e+00 3.844841e-05
9.550000e+00 5.980982e-05
9.560000e+00 8.151389e-05
9.570000e+00 1.035526e-04
9.580000e+00 1.259141e-04
9.590000e+00 1.485829e-04
9.600000e+00 1.715393e-04
9.610000e+00 1.947593e-04
9.620000e+00 2.182146e-04
9.630000e+00 2.418724e-04
9.640000e+00 2.656954e-04
9.650000e+00 2.896417e-04
9.660000e+00 3.136653e-04
9.670000e+00 3.377156e-04
9.680000e+00 3.617379e-04
9.690000e+00 3.856739e-04
9.700000e+00 4.094613e-04
9.710000e+00 4.330349e-04
9.720000e+00 4.563265e-04
9.730000e+00 4.792656e-04
9.740000e+00 5.017796e-04
9.750000e+00 5.237949e-04
9.760000e+00 5.452367e-04
9.770000e+00 5.660305e-04
9.780000e+00 5.861021e-04
9.790000e+00 6.053784e-04
9.800000e+00 6.237883e-04
9.810000e+00 6.412630e-04
9.820000e+00 6.577373e-04
9.830000e+00 6.731497e-04
9.840000e+00 6.874431e-04
9.850000e+00 7.005658e-04
9.860000e+00 7.124719e-04
9.870000e+00 7.231216e-04
9.880000e+00 7.324823e-04
9.890000e+00 7.405282e-04
9.900000e+00 7.472417e-04
9.910000e+00 7.526126e-04
9.920000e+00 7.566392e-04
9.930000e+00 7.593282e-04
9.940000e+00 7.606946e-04
9.950000e+00 7.607616e-04
9.960000e+00 7.595610e-04
9.970000e+00 7.571325e-04
9.980000e+00 7.535237e-04
9.990000e+00 7.487896e-04
1.000000e+01 7.429923e-04
