# sigma2_v 7.076915918889717e+00
0.000000e+00 1.000000e+00
1.000000e-02 9.996462e-01
2.000000e-02 9.985856e-01
3.000000e-02 9.968206e-01
4.000000e-02 9.943549e-01
5.000000e-02 9.911940e-01
6.000000e-02 9.873447e-01
7.000000e-02 9.828154e-01
8.000000e-02 9.776158e-01
9.000000e-02 9.717571e-01
1.000000e-01 9.652519e-01
1.100000e-01 9.581141e-01
1.200000e-01 9.503588e-01
1.300000e-01 9.420023e-01
1.400000e-01 9.330621e-01
1.500000e-01 9.235568e-01
1.600000e-01 9.135061e-01
1.700000e-01 9.029303e-01
1.800000e-01 8.918511e-01
1.900000e-01 8.802905e-01
2.000000e-01 8.682716e-01
2.100000e-01 8.558179e-01
2.200000e-01 8.429536e-01
2.300000e-01 8.297034e-01
2.400000e-01 8.160923e-01
2.500000e-01 8.021457e-01
2.600000e-01 7.878893e-01
2.700000e-01 7.733488e-01
2.800000e-01 7.585501e-01
2.900000e-01 7.435192e-01
3.000000e-01 7.282819e-01
3.100000e-01 7.128638e-01
3.200000e-01 6.972906e-01
3.300000e-01 6.815874e-01
3.400000e-01 6.657792e-01
3.500000e-01 6.498903e-01
3.600000e-01 6.339450e-01
3.700000e-01 6.179666e-01
3.800000e-01 6.019781e-01
3.900000e-01 5.860019e-01
4.000000e-01 5.700596e-01
4.100000e-01 5.541723e-01
4.200000e-01 5.383601e-01
4.300000e-01 5.226425e-01
4.400000e-01 5.070382e-01
4.500000e-01 4.915650e-01
4.600000e-01 4.762400e-01
4.700000e-01 4.610792e-01
4.800000e-01 4.460979e-01
4.900000e-01 4.313104e-01
5.000000e-01 4.167303e-01
5.100000e-01 4.023700e-01
5.200000e-01 3.882413e-01
5.300000e-01 3.743548e-01
5.400000e-01 3.607205e-01
5.500000e-01 3.473474e-01
5.600000e-01 3.342435e-01
5.700000e-01 3.214162e-01
5.800000e-01 3.088718e-01
5.900000e-01 2.966159e-01
6.000000e-01 2.846533e-01
6.100000e-01 2.729880e-01
6.200000e-01 2.616233e-01
6.300000e-01 2.505616e-01
6.400000e-01 2.398048e-01
6.500000e-01 2.293539e-01
6.600000e-01 2.192096e-01
6.700000e-01 2.093715e-01
6.800000e-01 1.998390e-01
6.900000e-01 1.906107e-01
7.000000e-01 1.816849e-01
7.100000e-01 1.730591e-01
7.200000e-01 1.647306e-01
7.300000e-01 1.566961e-01
7.400000e-01 1.489519e-01
7.500000e-01 1.414941e-01
7.600000e-01 1.343181e-01
7.700000e-01 1.274193e-01
7.800000e-01 1.207927e-01
7.900000e-01 1.144330e-01
8.000000e-01 1.083346e-01
8.100000e-01 1.024920e-01
8.200000e-01 9.689906e-02
8.300000e-01 9.154985e-02
8.400000e-01 8.643812e-02
8.500000e-01 8.155756e-02
8.600000e-01 7.690176e-02
8.700000e-01 7.246424e-02
8.800000e-01 6.823847e-02
8.900000e-01 6.421789e-02
9.000000e-01 6.039593e-02
9.100000e-01 5.676601e-02
9.200000e-01 5.332157e-02
9.300000e-01 5.005611e-02
9.400000e-01 4.696316e-02
9.500000e-01 4.403629e-02
9.600000e-01 4.126919e-02
9.700000e-01 3.865559e-02
9.800000e-01 3.618933e-02
9.900000e-01 3.386436e-02
1.000000e+00 3.167474e-02
1.010000e+00 2.961463e-02
1.020000e+00 2.767834e-02
1.030000e+00 2.586029e-02
1.040000e+00 2.415505e-02
1.050000e+00 2.255732e-02
1.060000e+00 2.106194e-02
1.070000e+00 1.966392e-02
1.080000e+00 1.835840e-02
1.090000e+00 1.714066e-02
1.100000e+00 1.600615e-02
1.110000e+00 1.495046e-02
1.120000e+00 1.396934e-02
1.130000e+00 1.305870e-02
1.140000e+00 1.221458e-02
1.150000e+00 1.143318e-02
1.160000e+00 1.071086e-02
1.170000e+00 1.004410e-02
1.180000e+00 9.429551e-03
1.190000e+00 8.863993e-03
1.200000e+00 8.344349e-03
1.210000e+00 7.867678e-03
1.220000e+00 7.431175e-03
1.230000e+00 7.032164e-03
1.240000e+00 6.668097e-03
1.250000e+00 6.336552e-03
1.260000e+00 6.035225e-03
1.270000e+00 5.761931e-03
1.280000e+00 5.514600e-03
1.290000e+00 5.291268e-03
1.300000e+00 5.090082e-03
1.310000e+00 4.909289e-03
1.320000e+00 4.747236e-03
1.330000e+00 4.602364e-03
1.340000e+00 4.473207e-03
1.350000e+00 4.358387e-03
1.360000e+00 4.256609e-03
1.370000e+00 4.166662e-03
1.380000e+00 4.087409e-03
1.390000e+00 4.017790e-03
1.400000e+00 3.956813e-03
1.410000e+00 3.903556e-03
1.420000e+00 3.857159e-03
1.430000e+00 3.816826e-03
1.440000e+00 3.781817e-03
1.450000e+00 3.751447e-03
1.460000e+00 3.725086e-03
1.470000e+00 3.702150e-03
1.480000e+00 3.682104e-03
1.490000e+00 3.664458e-03
1.500000e+00 3.648764e-03
1.510000e+00 3.634610e-03
1.520000e+00 3.621626e-03
1.530000e+00 3.609473e-03
1.540000e+00 3.597848e-03
1.550000e+00 3.586477e-03
1.560000e+00 3.575115e-03
1.570000e+00 3.563543e-03
1.580000e+00 3.551570e-03
1.590000e+00 3.539025e-03
1.600000e+00 3.525762e-03
1.610000e+00 3.511651e-03
1.620000e+00 3.496585e-03
1.630000e+00 3.480473e-03
1.640000e+00 3.463238e-03
1.650000e+00 3.444819e-03
1.660000e+00 3.425169e-03
1.670000e+00 3.404254e-03
1.680000e+00 3.382048e-03
1.690000e+00 3.358538e-03
1.700000e+00 3.333720e-03
1.710000e+00 3.307598e-03
1.720000e+00 3.280182e-03
1.730000e+00 3.251492e-03
1.740000e+00 3.221550e-03
1.750000e+00 3.190388e-03
1.760000e+00 3.158038e-03
1.770000e+00 3.124541e-03
1.780000e+00 3.089937e-03
1.790000e+00 3.054273e-03
1.800000e+00 3.017596e-03
1.810000e+00 2.979958e-03
1.820000e+00 2.941411e-03
1.830000e+00 2.902011e-03
1.840000e+00 2.861812e-03
1.850000e+00 2.820873e-03
1.860000e+00 2.779252e-03
1.870000e+00 2.737009e-03
1.880000e+00 2.694205e-03
1.890000e+00 2.650901e-03
1.900000e+00 2.607158e-03
1.910000e+00 2.563039e-03
1.920000e+00 2.518608e-03
1.930000e+00 2.473927e-03
1.940000e+00 2.429060e-03
1.950000e+00 2.384071e-03
1.960000e+00 2.339026e-03
1.970000e+00 2.293987e-03
1.980000e+00 2.249020e-03
1.990000e+00 2.204191e-03
2.000000e+00 2.159563e-03
2.010000e+00 2.115202e-03
2.020000e+00 2.071173e-03
2.030000e+00 2.027541e-03
2.040000e+00 1.984368e-03
2.050000e+00 1.941720e-03
2.060000e+00 1.899658e-03
2.070000e+00 1.858246e-03
2.080000e+00 1.817544e-03
2.090000e+00 1.777612e-03
2.100000e+00 1.738508e-03
2.110000e+00 1.700289e-03
2.120000e+00 1.663010e-03
2.130000e+00 1.626723e-03
2.140000e+00 1.591477e-03
2.150000e+00 1.557322e-03
2.160000e+00 1.524301e-03
2.170000e+00 1.492455e-03
2.180000e+00 1.461823e-03
2.190000e+00 1.432438e-03
2.200000e+00 1.404333e-03
2.210000e+00 1.377533e-03
2.220000e+00 1.352062e-03
2.230000e+00 1.327938e-03
2.240000e+00 1.305175e-03
2.250000e+00 1.283784e-03
2.260000e+00 1.263771e-03
2.270000e+00 1.245137e-03
2.280000e+00 1.227880e-03
2.290000e+00 1.211992e-03
2.300000e+00 1.197464e-03
2.310000e+00 1.184280e-03
2.320000e+00 1.172422e-03
2.330000e+00 1.161869e-03
2.340000e+00 1.152595e-03
2.350000e+00 1.144574e-03
2.360000e+00 1.137775e-03
2.370000e+00 1.132165e-03
2.380000e+00 1.127710e-03
2.390000e+00 1.124375e-03
2.400000e+00 1.122120e-03
2.410000e+00 1.120910e-03
2.420000e+00 1.120704e-03
2.430000e+00 1.121463e-03
2.440000e+00 1.123150e-03
2.450000e+00 1.125726e-03
2.460000e+00 1.129151e-03
2.470000e+00 1.133391e-03
2.480000e+00 1.138408e-03
2.490000e+00 1.144168e-03
2.500000e+00 1.150638e-03
2.510000e+00 1.157785e-03
2.520000e+00 1.165580e-03
2.530000e+00 1.173994e-03
2.540000e+00 1.182999e-03
2.550000e+00 1.192569e-03
2.560000e+00 1.202681e-03
2.570000e+00 1.213310e-03
2.580000e+00 1.224434e-03
2.590000e+00 1.236032e-03
2.600000e+00 1.248083e-03
2.610000e+00 1.260565e-03
2.620000e+00 1.273459e-03
2.630000e+00 1.286744e-03
2.640000e+00 1.300398e-03
2.650000e+00 1.314399e-03
2.660000e+00 1.328724e-03
2.670000e+00 1.343348e-03
2.680000e+00 1.358247e-03
2.690000e+00 1.373392e-03
2.700000e+00 1.388753e-03
2.710000e+00 1.404300e-03
2.720000e+00 1.419998e-03
2.730000e+00 1.435812e-03
2.740000e+00 1.451703e-03
2.750000e+00 1.467631e-03
2.760000e+00 1.483554e-03
2.770000e+00 1.499427e-03
2.780000e+00 1.515203e-03
2.790000e+00 1.530835e-03
2.800000e+00 1.546272e-03
2.810000e+00 1.561464e-03
2.820000e+00 1.576360e-03
2.830000e+00 1.590906e-03
2.840000e+00 1.605052e-03
2.850000e+00 1.618746e-03
2.860000e+00 1.631935e-03
2.870000e+00 1.644570e-03
2.880000e+00 1.656603e-03
2.890000e+00 1.667987e-03
2.900000e+00 1.678679e-03
2.910000e+00 1.688636e-03
2.920000e+00 1.697822e-03
2.930000e+00 1.706202e-03
2.940000e+00 1.713745e-03
2.950000e+00 1.720426e-03
2.960000e+00 1.726222e-03
2.970000e+00 1.731117e-03
2.980000e+00 1.735098e-03
2.990000e+00 1.738159e-03
3.000000e+00 1.740298e-03
3.010000e+00 1.741516e-03
3.020000e+00 1.741823e-03
3.030000e+00 1.741231e-03
3.040000e+00 1.739758e-03
3.050000e+00 1.737426e-03
3.060000e+00 1.734262e-03
3.070000e+00 1.730297e-03
3.080000e+00 1.725565e-03
3.090000e+00 1.720105e-03
3.100000e+00 1.713958e-03
3.110000e+00 1.707167e-03
3.120000e+00 1.699781e-03
3.130000e+00 1.691846e-03
3.140000e+00 1.683413e-03
3.150000e+00 1.674532e-03
3.160000e+00 1.665255e-03
3.170000e+00 1.655634e-03
3.180000e+00 1.645721e-03
3.190000e+00 1.635567e-03
3.200000e+00 1.625221e-03
3.210000e+00 1.614733e-03
3.220000e+00 1.604150e-03
3.230000e+00 1.593517e-03
3.240000e+00 1.582878e-03
3.250000e+00 1.572273e-03
3.260000e+00 1.561740e-03
3.270000e+00 1.551316e-03
3.280000e+00 1.541031e-03
3.290000e+00 1.530916e-03
3.300000e+00 1.520996e-03
3.310000e+00 1.511294e-03
3.320000e+00 1.501830e-03
3.330000e+00 1.492619e-03
3.340000e+00 1.483674e-03
3.350000e+00 1.475003e-03
3.360000e+00 1.466614e-03
3.370000e+00 1.458507e-03
3.380000e+00 1.450682e-03
3.390000e+00 1.443135e-03
3.400000e+00 1.435858e-03
3.410000e+00 1.428840e-03
3.420000e+00 1.422067e-03
3.430000e+00 1.415523e-03
3.440000e+00 1.409188e-03
3.450000e+00 1.403039e-03
3.460000e+00 1.397049e-03
3.470000e+00 1.391192e-03
3.480000e+00 1.385436e-03
3.490000e+00 1.379748e-03
3.500000e+00 1.374092e-03
3.510000e+00 1.368430e-03
3.520000e+00 1.362723e-03
3.530000e+00 1.356928e-03
3.540000e+00 1.351002e-03
3.550000e+00 1.344901e-03
3.560000e+00 1.338576e-03
3.570000e+00 1.331982e-03
3.580000e+00 1.325070e-03
3.590000e+00 1.317790e-03
3.600000e+00 1.310095e-03
3.610000e+00 1.301935e-03
3.620000e+00 1.293261e-03
3.630000e+00 1.284026e-03
3.640000e+00 1.274182e-03
3.650000e+00 1.263685e-03
3.660000e+00 1.252492e-03
3.670000e+00 1.240560e-03
3.680000e+00 1.227851e-03
3.690000e+00 1.214330e-03
3.700000e+00 1.199964e-03
3.710000e+00 1.184724e-03
3.720000e+00 1.168585e-03
3.730000e+00 1.151527e-03
3.740000e+00 1.133535e-03
3.750000e+00 1.114596e-03
3.760000e+00 1.094706e-03
3.770000e+00 1.073862e-03
3.780000e+00 1.052069e-03
3.790000e+00 1.029338e-03
3.800000e+00 1.005683e-03
3.810000e+00 9.811248e-04
3.820000e+00 9.556894e-04
3.830000e+00 9.294078e-04
3.840000e+00 9.023161e-04
3.850000e+00 8.744550e-04
3.860000e+00 8.458699e-04
3.870000e+00 8.166103e-04
3.880000e+00 7.867294e-04
3.890000e+00 7.562838e-04
3.900000e+00 7.253333e-04
3.910000e+00 6.939400e-04
3.920000e+00 6.621679e-04
3.930000e+00 6.300828e-04
3.940000e+00 5.977513e-04
3.950000e+00 5.652404e-04
3.960000e+00 5.326174e-04
3.970000e+00 4.999488e-04
3.980000e+00 4.673002e-04
3.990000e+00 4.347359e-04
4.000000e+00 4.023180e-04
4.010000e+00 3.701068e-04
4.020000e+00 3.381596e-04
4.030000e+00 3.065310e-04
4.040000e+00 2.752725e-04
4.050000e+00 2.444322e-04
4.060000e+00 2.140546e-04
4.070000e+00 1.841808e-04
4.080000e+00 1.548481e-04
4.090000e+00 1.260905e-04
4.100000e+00 9.793799e-05
4.110000e+00 7.041754e-05
4.120000e+00 4.355266e-05
4.130000e+00 1.736382e-05
4.140000e+00 -8.131315e-06
4.150000e+00 -3.291768e-05
4.160000e+00 -5.698245e-05
4.170000e+00 -8.031479e-05
4.180000e+00 -1.029055e-04
4.190000e+00 -1.247466e-04
4.200000e+00 -1.458313e-04
4.210000e+00 -1.661533e-04
4.220000e+00 -1.857068e-04
4.230000e+00 -2.044859e-04
4.240000e+00 -2.224846e-04
4.250000e+00 -2.396967e-04
4.260000e+00 -2.561151e-04
4.270000e+00 -2.717323e-04
4.280000e+00 -2.865397e-04
4.290000e+00 -3.005279e-04
4.300000e+00 -3.136866e-04
4.310000e+00 -3.260046e-04
4.320000e+00 -3.374701e-04
4.330000e+00 -3.480703e-04
4.340000e+00 -3.577921e-04
4.350000e+00 -3.666221e-04
4.360000e+00 -3.745468e-04
4.370000e+00 -3.815529e-04
4.380000e+00 -3.876278e-04
4.390000e+00 -3.927594e-04
4.400000e+00 -3.969371e-04
4.410000e+00 -4.001516e-04
4.420000e+00 -4.023954e-04
4.430000e+00 -4.036633e-04
4.440000e+00 -4.039526e-04
4.450000e+00 -4.032632e-04
4.460000e+00 -4.015983e-04
4.470000e+00 -3.989643e-04
4.480000e+00 -3.953710e-04
4.490000e+00 -3.908319e-04
4.500000e+00 -3.853646e-04
4.510000e+00 -3.789902e-04
4.520000e+00 -3.717338e-04
4.530000e+00 -3.636245e-04
4.540000e+00 -3.546949e-04
4.550000e+00 -3.449816e-04
4.560000e+00 -3.345244e-04
4.570000e+00 -3.233664e-04
4.580000e+00 -3.115537e-04
4.590000e+00 -2.991350e-04
4.600000e+00 -2.861611e-04
4.610000e+00 -2.726850e-04
4.620000e+00 -2.587608e-04
4.630000e+00 -2.444439e-04
4.640000e+00 -2.297900e-04
4.650000e+00 -2.148550e-04
4.660000e+00 -1.996944e-04
4.670000e+00 -1.843627e-04
4.680000e+00 -1.689133e-04
4.690000e+00 -1.533976e-04
4.700000e+00 -1.378650e-04
4.710000e+00 -1.223621e-04
4.720000e+00 -1.069329e-04
4.730000e+00 -9.161770e-05
4.740000e+00 -7.645370e-05
4.750000e+00 -6.147414e-05
4.760000e+00 -4.670838e-05
4.770000e+00 -3.218171e-05
4.780000e+00 -1.791530e-05
4.790000e+00 -3.926167e-06
4.800000e+00 9.772811e-06
4.810000e+00 2.317280e-05
4.820000e+00 3.626889e-05
4.830000e+00 4.905993e-05
4.840000e+00 6.154829e-05
4.850000e+00 7.373964e-05
4.860000e+00 8.564264e-05
4.870000e+00 9.726864e-05
4.880000e+00 1.086313e-04
4.890000e+00 1.197463e-04
4.900000e+00 1.306308e-04
4.910000e+00 1.413034e-04
4.920000e+00 1.517834e-04
4.930000e+00 1.620904e-04
4.940000e+00 1.722443e-04
4.950000e+00 1.822646e-04
4.960000e+00 1.921703e-04
4.970000e+00 2.019792e-04
4.980000e+00 2.117081e-04
4.990000e+00 2.213721e-04
5.000000e+00 2.309847e-04
5.010000e+00 2.405572e-04
5.020000e+00 2.500990e-04
5.030000e+00 2.596173e-04
5.040000e+00 2.691169e-04
5.050000e+00 2.786000e-04
5.060000e+00 2.880669e-04
5.070000e+00 2.975152e-04
5.080000e+00 3.069402e-04
5.090000e+00 3.163353e-04
5.100000e+00 3.256916e-04
5.110000e+00 3.349984e-04
5.120000e+00 3.442434e-04
5.130000e+00 3.534126e-04
5.140000e+00 3.624909e-04
5.150000e+00 3.714622e-04
5.160000e+00 3.803096e-04
5.170000e+00 3.890158e-04
5.180000e+00 3.975632e-04
5.190000e+00 4.059344e-04
5.200000e+00 4.141124e-04
5.210000e+00 4.220805e-04
5.220000e+00 4.298233e-04
5.230000e+00 4.373262e-04
5.240000e+00 4.445763e-04
5.250000e+00 4.515619e-04
5.260000e+00 4.582732e-04
5.270000e+00 4.647025e-04
5.280000e+00 4.708440e-04
5.290000e+00 4.766940e-04
5.300000e+00 4.822511e-04
5.310000e+00 4.875165e-04
5.320000e+00 4.924933e-04
5.330000e+00 4.971872e-04
5.340000e+00 5.016062e-04
5.350000e+00 5.057603e-04
5.360000e+00 5.096619e-04
5.370000e+00 5.133251e-04
5.380000e+00 5.167662e-04
5.390000e+00 5.200026e-04
5.400000e+00 5.230537e-04
5.410000e+00 5.259396e-04
5.420000e+00 5.286817e-04
5.430000e+00 5.313018e-04
5.440000e+00 5.338222e-04
5.450000e+00 5.362650e-04
5.460000e+00 5.386524e-04
5.470000e+00 5.410057e-04
5.480000e+00 5.433453e-04
5.490000e+00 5.456905e-04
5.500000e+00 5.480589e-04
5.510000e+00 5.504661e-04
5.520000e+00 5.529256e-04
5.530000e+00 5.554484e-04
5.540000e+00 5.580427e-04
5.550000e+00 5.607135e-04
5.560000e+00 5.634627e-04
5.570000e+00 5.662888e-04
5.580000e+00 5.691863e-04
5.590000e+00 5.721464e-04
5.600000e+00 5.751561e-04
5.610000e+00 5.781985e-04
5.620000e+00 5.812530e-04
5.630000e+00 5.842949e-04
5.640000e+00 5.872957e-04
5.650000e+00 5.902231e-04
5.660000e+00 5.930414e-04
5.670000e+00 5.957115e-04
5.680000e+00 5.981911e-04
5.690000e+00 6.004353e-04
5.700000e+00 6.023966e-04
5.710000e+00 6.040252e-04
5.720000e+00 6.052699e-04
5.730000e+00 6.060780e-04
5.740000e+00 6.063961e-04
5.750000e+00 6.061702e-04
5.760000e+00 6.053467e-04
5.770000e+00 6.038724e-04
5.780000e+00 6.016954e-04
5.790000e+00 5.987652e-04
5.800000e+00 5.950336e-04
5.810000e+00 5.904549e-04
5.820000e+00 5.849864e-04
5.830000e+00 5.785889e-04
5.840000e+00 5.712272e-04
5.850000e+00 5.628701e-04
5.860000e+00 5.534913e-04
5.870000e+00 5.430691e-04
5.880000e+00 5.315869e-04
5.890000e+00 5.190335e-04
5.900000e+00 5.054029e-04
5.910000e+00 4.906947e-04
5.920000e+00 4.749137e-04
5.930000e+00 4.580705e-04
5.940000e+00 4.401805e-04
5.950000e+00 4.212646e-04
5.960000e+00 4.013483e-04
5.970000e+00 3.804619e-04
5.980000e+00 3.586398e-04
5.990000e+00 3.359204e-04
6.000000e+00 3.123455e-04
6.010000e+00 2.879600e-04
6.020000e+00 2.628112e-04
6.030000e+00 2.369486e-04
6.040000e+00 2.104231e-04
6.050000e+00 1.832864e-04
6.060000e+00 1.555911e-04
6.070000e+00 1.273892e-04
6.080000e+00 9.873232e-05
6.090000e+00 6.967104e-05
6.100000e+00 4.025418e-05
6.110000e+00 1.052859e-05
6.120000e+00 -1.946137e-05
6.130000e+00 -4.967416e-05
6.140000e+00 -8.007138e-05
6.150000e+00 -1.106181e-04
6.160000e+00 -1.412830e-04
6.170000e+00 -1.720387e-04
6.180000e+00 -2.028615e-04
6.190000e+00 -2.337320e-04
6.200000e+00 -2.646346e-04
6.210000e+00 -2.955577e-04
6.220000e+00 -3.264936e-04
6.230000e+00 -3.574382e-04
6.240000e+00 -3.883908e-04
6.250000e+00 -4.193540e-04
6.260000e+00 -4.503335e-04
6.270000e+00 -4.813372e-04
6.280000e+00 -5.123757e-04
6.290000e+00 -5.434612e-04
6.300000e+00 -5.746075e-04
6.310000e+00 -6.058294e-04
6.320000e+00 -6.371426e-04
6.330000e+00 -6.685627e-04
6.340000e+00 -7.001056e-04
6.350000e+00 -7.317864e-04
6.360000e+00 -7.636195e-04
6.370000e+00 -7.956179e-04
6.380000e+00 -8.277931e-04
6.390000e+00 -8.601548e-04
6.400000e+00 -8.927106e-04
6.410000e+00 -9.254656e-04
6.420000e+00 -9.584224e-04
6.430000e+00 -9.915810e-04
6.440000e+00 -1.024938e-03
6.450000e+00 -1.058489e-03
6.460000e+00 -1.092223e-03
6.470000e+00 -1.126130e-03
6.480000e+00 -1.160195e-03
6.490000e+00 -1.194399e-03
6.500000e+00 -1.228722e-03
6.510000e+00 -1.263142e-03
6.520000e+00 -1.297631e-03
6.530000e+00 -1.332161e-03
6.540000e+00 -1.366702e-03
6.550000e+00 -1.401220e-03
6.560000e+00 -1.435679e-03
6.570000e+00 -1.470043e-03
6.580000e+00 -1.504274e-03
6.590000e+00 -1.538329e-03
6.600000e+00 -1.572168e-03
6.610000e+00 -1.605748e-03
6.620000e+00 -1.639024e-03
6.630000e+00 -1.671952e-03
6.640000e+00 -1.704485e-03
6.650000e+00 -1.736577e-03
6.660000e+00 -1.768182e-03
6.670000e+00 -1.799251e-03
6.680000e+00 -1.829736e-03
6.690000e+00 -1.859590e-03
6.700000e+00 -1.888765e-03
6.710000e+00 -1.917213e-03
6.720000e+00 -1.944885e-03
6.730000e+00 -1.971733e-03
6.740000e+00 -1.997711e-03
6.750000e+00 -2.022770e-03
6.760000e+00 -2.046864e-03
6.770000e+00 -2.069948e-03
6.780000e+00 -2.091976e-03
6.790000e+00 -2.112904e-03
6.800000e+00 -2.132688e-03
6.810000e+00 -2.151288e-03
6.820000e+00 -2.168662e-03
6.830000e+00 -2.184772e-03
6.840000e+00 -2.199581e-03
6.850000e+00 -2.213054e-03
6.860000e+00 -2.225158e-03
6.870000e+00 -2.235865e-03
6.880000e+00 -2.245145e-03
6.890000e+00 -2.252976e-03
6.900000e+00 -2.259336e-03
6.910000e+00 -2.264206e-03
6.920000e+00 -2.267573e-03
6.930000e+00 -2.269426e-03
6.940000e+00 -2.269758e-03
6.950000e+00 -2.268566e-03
6.960000e+00 -2.265850e-03
6.970000e+00 -2.261617e-03
6.980000e+00 -2.255874e-03
6.990000e+00 -2.248636e-03
7.000000e+00 -2.239918e-03
7.010000e+00 -2.229743e-03
7.020000e+00 -2.218135e-03
7.030000e+00 -2.205122e-03
7.040000e+00 -2.190736e-03
7.050000e+00 -2.175012e-03
7.060000e+00 -2.157986e-03
7.070000e+00 -2.139699e-03
7.080000e+00 -2.120193e-03
7.090000e+00 -2.099512e-03
7.100000e+00 -2.077702e-03
7.110000e+00 -2.054807e-03
7.120000e+00 -2.030876e-03
7.130000e+00 -2.005955e-03
7.140000e+00 -1.980090e-03
7.150000e+00 -1.953329e-03
7.160000e+00 -1.925715e-03
7.170000e+00 -1.897293e-03
7.180000e+00 -1.868105e-03
7.190000e+00 -1.838192e-03
7.200000e+00 -1.807590e-03
7.210000e+00 -1.776336e-03
7.220000e+00 -1.744463e-03
7.230000e+00 -1.712001e-03
7.240000e+00 -1.678979e-03
7.250000e+00 -1.645421e-03
7.260000e+00 -1.611350e-03
7.270000e+00 -1.576786e-03
7.280000e+00 -1.541746e-03
7.290000e+00 -1.506247e-03
7.300000e+00 -1.470303e-03
7.310000e+00 -1.433924e-03
7.320000e+00 -1.397124e-03
7.330000e+00 -1.359911e-03
7.340000e+00 -1.322295e-03
7.350000e+00 -1.284287e-03
7.360000e+00 -1.245897e-03
7.370000e+00 -1.207134e-03
7.380000e+00 -1.168012e-03
7.390000e+00 -1.128544e-03
7.400000e+00 -1.088746e-03
7.410000e+00 -1.048635e-03
7.420000e+00 -1.008233e-03
7.430000e+00 -9.675632e-04
7.440000e+00 -9.266520e-04
7.450000e+00 -8.855298e-04
7.460000e+00 -8.442300e-04
7.470000e+00 -8.027895e-04
7.480000e+00 -7.612490e-04
7.490000e+00 -7.196523e-04
7.500000e+00 -6.780466e-04
7.510000e+00 -6.364823e-04
7.520000e+00 -5.950125e-04
7.530000e+00 -5.536929e-04
7.540000e+00 -5.125815e-04
7.550000e+00 -4.717378e-04
7.560000e+00 -4.312229e-04
7.570000e+00 -3.910985e-04
7.580000e+00 -3.514267e-04
7.590000e+00 -3.122694e-04
7.600000e+00 -2.736879e-04
7.610000e+00 -2.357417e-04
7.620000e+00 -1.984890e-04
7.630000e+00 -1.619851e-04
7.640000e+00 -1.262829e-04
7.650000e+00 -9.143146e-05
7.660000e+00 -5.747627e-05
7.670000e+00 -2.445856e-05
7.680000e+00 7.585054e-06
7.690000e+00 3.862276e-05
7.700000e+00 6.862784e-05
7.710000e+00 9.757882e-05
7.720000e+00 1.254595e-04
7.730000e+00 1.522592e-04
7.740000e+00 1.779723e-04
7.750000e+00 2.025986e-04
7.760000e+00 2.261427e-04
7.770000e+00 2.486140e-04
7.780000e+00 2.700266e-04
7.790000e+00 2.903983e-04
7.800000e+00 3.097507e-04
7.810000e+00 3.281088e-04
7.820000e+00 3.455000e-04
7.830000e+00 3.619540e-04
7.840000e+00 3.775021e-04
7.850000e+00 3.921769e-04
7.860000e+00 4.060111e-04
7.870000e+00 4.190377e-04
7.880000e+00 4.312889e-04
7.890000e+00 4.427959e-04
7.900000e+00 4.535882e-04
7.910000e+00 4.636934e-04
7.920000e+00 4.731363e-04
7.930000e+00 4.819393e-04
7.940000e+00 4.901213e-04
7.950000e+00 4.976980e-04
7.960000e+00 5.046815e-04
7.970000e+00 5.110802e-04
7.980000e+00 5.168989e-04
7.990000e+00 5.221384e-04
8.000000e+00 5.267961e-04
8.010000e+00 5.308660e-04
8.020000e+00 5.343386e-04
8.030000e+00 5.372015e-04
8.040000e+00 5.394399e-04
8.050000e+00 5.410363e-04
8.060000e+00 5.419716e-04
8.070000e+00 5.422252e-04
8.080000e+00 5.417758e-04
8.090000e+00 5.406014e-04
8.100000e+00 5.386803e-04
8.110000e+00 5.359915e-04
8.120000e+00 5.325152e-04
8.130000e+00 5.282332e-04
8.140000e+00 5.231297e-04
8.150000e+00 5.171916e-04
8.160000e+00 5.104090e-04
8.170000e+00 5.027756e-04
8.180000e+00 4.942892e-04
8.190000e+00 4.849520e-04
8.200000e+00 4.747706e-04
8.210000e+00 4.637568e-04
8.220000e+00 4.519273e-04
8.230000e+00 4.393040e-04
8.240000e+00 4.259142e-04
8.250000e+00 4.117901e-04
8.260000e+00 3.969695e-04
8.270000e+00 3.814949e-04
8.280000e+00 3.654139e-04
8.290000e+00 3.487787e-04
8.300000e+00 3.316457e-04
8.310000e+00 3.140754e-04
8.320000e+00 2.961321e-04
8.330000e+00 2.778829e-04
8.340000e+00 2.593981e-04
8.350000e+00 2.407497e-04
8.360000e+00 2.220120e-04
8.370000e+00 2.032601e-04
8.380000e+00 1.845698e-04
8.390000e+00 1.660171e-04
8.400000e+00 1.476775e-04
8.410000e+00 1.296254e-04
8.420000e+00 1.119338e-04
8.430000e+00 9.467358e-05
8.440000e+00 7.791290e-05
8.450000e+00 6.171696e-05
8.460000e+00 4.614746e-05
8.470000e+00 3.126212e-05
8.480000e+00 1.711437e-05
8.490000e+00 3.752999e-06
8.500000e+00 -8.778175e-06
8.510000e+00 -2.044052e-05
8.520000e+00 -3.120083e-05
8.530000e+00 -4.103144e-05
8.540000e+00 -4.991036e-05
8.550000e+00 -5.782135e-05
8.560000e+00 -6.475391e-05
8.570000e+00 -7.070324e-05
8.580000e+00 -7.567015e-05
8.590000e+00 -7.966097e-05
8.600000e+00 -8.268733e-05
8.610000e+00 -8.476595e-05
8.620000e+00 -8.591841e-05
8.630000e+00 -8.617084e-05
8.640000e+00 -8.555358e-05
8.650000e+00 -8.410084e-05
8.660000e+00 -8.185033e-05
8.670000e+00 -7.884281e-05
8.680000e+00 -7.512172e-05
8.690000e+00 -7.073268e-05
8.700000e+00 -6.572308e-05
8.710000e+00 -6.014164e-05
8.720000e+00 -5.403789e-05
8.730000e+00 -4.746175e-05
8.740000e+00 -4.046310e-05
8.750000e+00 -3.309130e-05
8.760000e+00 -2.539479e-05
8.770000e+00 -1.742067e-05
8.780000e+00 -9.214344e-06
8.790000e+00 -8.191370e-07
8.800000e+00 7.724015e-06
8.810000e+00 1.637686e-05
8.820000e+00 2.510409e-05
8.830000e+00 3.387356e-05
8.840000e+00 4.265646e-05
8.850000e+00 5.142746e-05
8.860000e+00 6.016478e-05
8.870000e+00 6.885030e-05
8.880000e+00 7.746947e-05
8.890000e+00 8.601138e-05
8.900000e+00 9.446860e-05
8.910000e+00 1.028371e-04
8.920000e+00 1.111161e-04
8.930000e+00 1.193077e-04
8.940000e+00 1.274170e-04
8.950000e+00 1.354516e-04
8.960000e+00 1.434211e-04
8.970000e+00 1.513373e-04
8.980000e+00 1.592134e-04
8.990000e+00 1.670639e-04
9.000000e+00 1.749041e-04
9.010000e+00 1.827498e-04
9.020000e+00 1.906170e-04
9.030000e+00 1.985211e-04
9.040000e+00 2.064774e-04
9.050000e+00 2.144996e-04
9.060000e+00 2.226007e-04
9.070000e+00 2.307916e-04
9.080000e+00 2.390814e-04
9.090000e+00 2.474773e-04
9.100000e+00 2.559839e-04
9.110000e+00 2.646031e-04
9.120000e+00 2.733343e-04
9.130000e+00 2.821739e-04
9.140000e+00 2.911158e-04
9.150000e+00 3.001504e-04
9.160000e+00 3.092657e-04
9.170000e+00 3.184466e-04
9.180000e+00 3.276754e-04
9.190000e+00 3.369319e-04
9.200000e+00 3.461933e-04
9.210000e+00 3.554349e-04
9.220000e+00 3.646297e-04
9.230000e+00 3.737494e-04
9.240000e+00 3.827641e-04
9.250000e+00 3.916431e-04
9.260000e+00 4.003548e-04
9.270000e+00 4.088673e-04
9.280000e+00 4.171487e-04
9.290000e+00 4.251674e-04
9.300000e+00 4.328925e-04
9.310000e+00 4.402942e-04
9.320000e+00 4.473437e-04
9.330000e+00 4.540143e-04
9.340000e+00 4.602808e-04
9.350000e+00 4.661205e-04
9.360000e+00 4.715127e-04
9.370000e+00 4.764396e-04
9.380000e+00 4.808859e-04
9.390000e+00 4.848394e-04
9.400000e+00 4.882907e-04
9.410000e+00 4.912333e-04
9.420000e+00 4.936639e-04
9.430000e+00 4.955821e-04
9.440000e+00 4.969903e-04
9.450000e+00 4.978940e-04
9.460000e+00 4.983012e-04
9.470000e+00 4.982225e-04
9.480000e+00 4.976711e-04
9.490000e+00 4.966622e-04
9.500000e+00 4.952130e-04
9.510000e+00 4.933425e-04
9.520000e+00 4.910714e-04
9.530000e+00 4.884214e-04
9.540000e+00 4.854155e-04
9.550000e+00 4.820773e-04
9.560000e+00 4.784311e-04
9.570000e+00 4.745013e-04
9.580000e+00 4.703128e-04
9.590000e+00 4.658900e-04
9.600000e+00 4.612573e-04
9.610000e+00 4.564384e-04
9.620000e+00 4.514564e-04
9.630000e+00 4.463339e-04
9.640000e+00 4.410924e-04
9.650000e+00 4.357524e-04
9.660000e+00 4.303336e-04
9.670000e+00 4.248545e-04
9.680000e+00 4.193325e-04
9.690000e+00 4.137839e-04
9.700000e+00 4.082240e-04
9.710000e+00 4.026669e-04
9.720000e+00 3.971258e-04
9.730000e+00 3.916130e-04
9.740000e+00 3.861396e-04
9.750000e+00 3.807161e-04
9.760000e+00 3.753522e-04
9.770000e+00 3.700568e-04
9.780000e+00 3.648382e-04
9.790000e+00 3.597042e-04
9.800000e+00 3.546619e-04
9.810000e+00 3.497182e-04
9.820000e+00 3.448793e-04
9.830000e+00 3.401512e-04
9.840000e+00 3.355395e-04
9.850000e+00 3.310493e-04
9.860000e+00 3.266856e-04
9.870000e+00 3.224527e-04
9.880000e+00 3.183549e-04
9.890000e+00 3.143956e-04
9.900000e+00 3.105782e-04
9.910000e+00 3.069050e-04
9.920000e+00 3.033783e-04
9.930000e+00 2.999993e-04
9.940000e+00 2.967685e-04
9.950000e+00 2.936859e-04
9.960000e+00 2.907501e-04
9.970000e+00 2.879593e-04
9.980000e+00 2.853101e-04
9.990000e+00 2.827985e-04
1.000000e+01 2.804189e-04
