# sigma2_v 7.344623294411520e+00
0.000000e+00 1.000000e+00
1.000000e-02 9.996328e-01
2.000000e-02 9.985322e-01
3.000000e-02 9.967006e-01
4.000000e-02 9.941422e-01
5.000000e-02 9.908629e-01
6.000000e-02 9.868702e-01
7.000000e-02 9.821730e-01
8.000000e-02 9.767821e-01
9.000000e-02 9.707096e-01
1.000000e-01 9.639691e-01
1.100000e-01 9.565757e-01
1.200000e-01 9.485458e-01
1.300000e-01 9.398970e-01
1.400000e-01 9.306483e-01
1.500000e-01 9.208197e-01
1.600000e-01 9.104325e-01
1.700000e-01 8.995088e-01
1.800000e-01 8.880717e-01
1.900000e-01 8.761451e-01
2.000000e-01 8.637535e-01
2.100000e-01 8.509225e-01
2.200000e-01 8.376778e-01
2.300000e-01 8.240458e-01
2.400000e-01 8.100533e-01
2.500000e-01 7.957273e-01
2.600000e-01 7.810951e-01
2.700000e-01 7.661841e-01
2.800000e-01 7.510218e-01
2.900000e-01 7.356355e-01
3.000000e-01 7.200525e-01
3.100000e-01 7.042999e-01
3.200000e-01 6.884045e-01
3.300000e-01 6.723927e-01
3.400000e-01 6.562905e-01
3.500000e-01 6.401235e-01
3.600000e-01 6.239166e-01
3.700000e-01 6.076943e-01
3.800000e-01 5.914801e-01
3.900000e-01 5.752971e-01
4.000000e-01 5.591676e-01
4.100000e-01 5.431131e-01
4.200000e-01 5.271540e-01
4.300000e-01 5.113102e-01
4.400000e-01 4.956006e-01
4.500000e-01 4.800430e-01
4.600000e-01 4.646546e-01
4.700000e-01 4.494513e-01
4.800000e-01 4.344482e-01
4.900000e-01 4.196596e-01
5.000000e-01 4.050985e-01
5.100000e-01 3.907771e-01
5.200000e-01 3.767068e-01
5.300000e-01 3.628977e-01
5.400000e-01 3.493591e-01
5.500000e-01 3.360996e-01
5.600000e-01 3.231264e-01
5.700000e-01 3.104462e-01
5.800000e-01 2.980647e-01
5.900000e-01 2.859867e-01
6.000000e-01 2.742161e-01
6.100000e-01 2.627562e-01
6.200000e-01 2.516094e-01
6.300000e-01 2.407772e-01
6.400000e-01 2.302608e-01
6.500000e-01 2.200601e-01
6.600000e-01 2.101750e-01
6.700000e-01 2.006043e-01
6.800000e-01 1.913464e-01
6.900000e-01 1.823991e-01
7.000000e-01 1.737597e-01
7.100000e-01 1.654250e-01
7.200000e-01 1.573912e-01
7.300000e-01 1.496544e-01
7.400000e-01 1.422101e-01
7.500000e-01 1.350533e-01
7.600000e-01 1.281790e-01
7.700000e-01 1.215816e-01
7.800000e-01 1.152554e-01
7.900000e-01 1.091944e-01
8.000000e-01 1.033924e-01
8.100000e-01 9.784311e-02
8.200000e-01 9.253995e-02
8.300000e-01 8.747625e-02
8.400000e-01 8.264527e-02
8.500000e-01 7.804015e-02
8.600000e-01 7.365398e-02
8.700000e-01 6.947983e-02
8.800000e-01 6.551073e-02
8.900000e-01 6.173973e-02
9.000000e-01 5.815987e-02
9.100000e-01 5.476427e-02
9.200000e-01 5.154605e-02
9.300000e-01 4.849844e-02
9.400000e-01 4.561472e-02
9.500000e-01 4.288829e-02
9.600000e-01 4.031262e-02
9.700000e-01 3.788132e-02
9.800000e-01 3.558812e-02
9.900000e-01 3.342686e-02
1.000000e+00 3.139154e-02
1.010000e+00 2.947631e-02
1.020000e+00 2.767545e-02
1.030000e+00 2.598341e-02
1.040000e+00 2.439480e-02
1.050000e+00 2.290438e-02
1.060000e+00 2.150711e-02
1.070000e+00 2.019807e-02
1.080000e+00 1.897254e-02
1.090000e+00 1.782597e-02
1.100000e+00 1.675397e-02
1.110000e+00 1.575231e-02
1.120000e+00 1.481696e-02
1.130000e+00 1.394403e-02
1.140000e+00 1.312979e-02
1.150000e+00 1.237070e-02
1.160000e+00 1.166337e-02
1.170000e+00 1.100454e-02
1.180000e+00 1.039115e-02
1.190000e+00 9.820264e-03
1.200000e+00 9.289089e-03
1.210000e+00 8.794989e-03
1.220000e+00 8.335461e-03
1.230000e+00 7.908139e-03
1.240000e+00 7.510786e-03
1.250000e+00 7.141294e-03
1.260000e+00 6.797675e-03
1.270000e+00 6.478058e-03
1.280000e+00 6.180688e-03
1.290000e+00 5.903914e-03
1.300000e+00 5.646193e-03
1.310000e+00 5.406078e-03
1.320000e+00 5.182219e-03
1.330000e+00 4.973355e-03
1.340000e+00 4.778312e-03
1.350000e+00 4.595996e-03
1.360000e+00 4.425393e-03
1.370000e+00 4.265559e-03
1.380000e+00 4.115623e-03
1.390000e+00 3.974775e-03
1.400000e+00 3.842270e-03
1.410000e+00 3.717420e-03
1.420000e+00 3.599591e-03
1.430000e+00 3.488201e-03
1.440000e+00 3.382713e-03
1.450000e+00 3.282637e-03
1.460000e+00 3.187526e-03
1.470000e+00 3.096968e-03
1.480000e+00 3.010591e-03
1.490000e+00 2.928054e-03
1.500000e+00 2.849049e-03
1.510000e+00 2.773295e-03
1.520000e+00 2.700541e-03
1.530000e+00 2.630558e-03
1.540000e+00 2.563142e-03
1.550000e+00 2.498109e-03
1.560000e+00 2.435295e-03
1.570000e+00 2.374556e-03
1.580000e+00 2.315761e-03
1.590000e+00 2.258798e-03
1.600000e+00 2.203567e-03
1.610000e+00 2.149983e-03
1.620000e+00 2.097970e-03
1.630000e+00 2.047467e-03
1.640000e+00 1.998419e-03
1.650000e+00 1.950783e-03
1.660000e+00 1.904522e-03
1.670000e+00 1.859609e-03
1.680000e+00 1.816023e-03
1.690000e+00 1.773747e-03
1.700000e+00 1.732773e-03
1.710000e+00 1.693094e-03
1.720000e+00 1.654710e-03
1.730000e+00 1.617623e-03
1.740000e+00 1.581839e-03
1.750000e+00 1.547366e-03
1.760000e+00 1.514213e-03
1.770000e+00 1.482392e-03
1.780000e+00 1.451914e-03
1.790000e+00 1.422792e-03
1.800000e+00 1.395039e-03
1.810000e+00 1.368666e-03
1.820000e+00 1.343684e-03
1.830000e+00 1.320102e-03
1.840000e+00 1.297930e-03
1.850000e+00 1.277173e-03
1.860000e+00 1.257834e-03
1.870000e+00 1.239914e-03
1.880000e+00 1.223413e-03
1.890000e+00 1.208324e-03
1.900000e+00 1.194641e-03
1.910000e+00 1.182352e-03
1.920000e+00 1.171442e-03
1.930000e+00 1.161893e-03
1.940000e+00 1.153683e-03
1.950000e+00 1.146787e-03
1.960000e+00 1.141176e-03
1.970000e+00 1.136818e-03
1.980000e+00 1.133679e-03
1.990000e+00 1.131720e-03
2.000000e+00 1.130899e-03
2.010000e+00 1.131174e-03
2.020000e+00 1.132498e-03
2.030000e+00 1.134822e-03
2.040000e+00 1.138098e-03
2.050000e+00 1.142273e-03
2.060000e+00 1.147295e-03
2.070000e+00 1.153110e-03
2.080000e+00 1.159665e-03
2.090000e+00 1.166905e-03
2.100000e+00 1.174776e-03
2.110000e+00 1.183226e-03
2.120000e+00 1.192201e-03
2.130000e+00 1.201650e-03
2.140000e+00 1.211523e-03
2.150000e+00 1.221771e-03
2.160000e+00 1.232349e-03
2.170000e+00 1.243210e-03
2.180000e+00 1.254314e-03
2.190000e+00 1.265620e-03
2.200000e+00 1.277091e-03
2.210000e+00 1.288693e-03
2.220000e+00 1.300392e-03
2.230000e+00 1.312159e-03
2.240000e+00 1.323968e-03
2.250000e+00 1.335794e-03
2.260000e+00 1.347615e-03
2.270000e+00 1.359410e-03
2.280000e+00 1.371163e-03
2.290000e+00 1.382858e-03
2.300000e+00 1.394480e-03
2.310000e+00 1.406017e-03
2.320000e+00 1.417458e-03
2.330000e+00 1.428792e-03
2.340000e+00 1.440011e-03
2.350000e+00 1.451105e-03
2.360000e+00 1.462065e-03
2.370000e+00 1.472882e-03
2.380000e+00 1.483548e-03
2.390000e+00 1.494053e-03
2.400000e+00 1.504387e-03
2.410000e+00 1.514538e-03
2.420000e+00 1.524493e-03
2.430000e+00 1.534239e-03
2.440000e+00 1.543761e-03
2.450000e+00 1.553042e-03
2.460000e+00 1.562063e-03
2.470000e+00 1.570805e-03
2.480000e+00 1.579246e-03
2.490000e+00 1.587362e-03
2.500000e+00 1.595130e-03
2.510000e+00 1.602522e-03
2.520000e+00 1.609512e-03
2.530000e+00 1.616070e-03
2.540000e+00 1.622168e-03
2.550000e+00 1.627776e-03
2.560000e+00 1.632862e-03
2.570000e+00 1.637396e-03
2.580000e+00 1.641347e-03
2.590000e+00 1.644686e-03
2.600000e+00 1.647382e-03
2.610000e+00 1.649408e-03
2.620000e+00 1.650736e-03
2.630000e+00 1.651340e-03
2.640000e+00 1.651198e-03
2.650000e+00 1.650287e-03
2.660000e+00 1.648589e-03
2.670000e+00 1.646088e-03
2.680000e+00 1.642771e-03
2.690000e+00 1.638627e-03
2.700000e+00 1.633650e-03
2.710000e+00 1.627835e-03
2.720000e+00 1.621184e-03
2.730000e+00 1.613700e-03
2.740000e+00 1.605389e-03
2.750000e+00 1.596262e-03
2.760000e+00 1.586333e-03
2.770000e+00 1.575619e-03
2.780000e+00 1.564141e-03
2.790000e+00 1.551921e-03
2.800000e+00 1.538986e-03
2.810000e+00 1.525365e-03
2.820000e+00 1.511087e-03
2.830000e+00 1.496187e-03
2.840000e+00 1.480697e-03
2.850000e+00 1.464655e-03
2.860000e+00 1.448096e-03
2.870000e+00 1.431058e-03
2.880000e+00 1.413580e-03
2.890000e+00 1.395698e-03
2.900000e+00 1.377449e-03
2.910000e+00 1.358872e-03
2.920000e+00 1.340002e-03
2.930000e+00 1.320873e-03
2.940000e+00 1.301518e-03
2.950000e+00 1.281970e-03
2.960000e+00 1.262258e-03
2.970000e+00 1.242409e-03
2.980000e+00 1.222449e-03
2.990000e+00 1.202402e-03
3.000000e+00 1.182288e-03
3.010000e+00 1.162126e-03
3.020000e+00 1.141932e-03
3.030000e+00 1.121719e-03
3.040000e+00 1.101499e-03
3.050000e+00 1.081281e-03
3.060000e+00 1.061072e-03
3.070000e+00 1.040878e-03
3.080000e+00 1.020700e-03
3.090000e+00 1.000541e-03
3.100000e+00 9.804002e-04
3.110000e+00 9.602756e-04
3.120000e+00 9.401646e-04
3.130000e+00 9.200631e-04
3.140000e+00 8.999663e-04
3.150000e+00 8.798688e-04
3.160000e+00 8.597644e-04
3.170000e+00 8.396468e-04
3.180000e+00 8.195094e-04
3.190000e+00 7.993456e-04
3.200000e+00 7.791490e-04
3.210000e+00 7.589132e-04
3.220000e+00 7.386324e-04
3.230000e+00 7.183011e-04
3.240000e+00 6.979144e-04
3.250000e+00 6.774679e-04
3.260000e+00 6.569581e-04
3.270000e+00 6.363822e-04
3.280000e+00 6.157381e-04
3.290000e+00 5.950247e-04
3.300000e+00 5.742418e-04
3.310000e+00 5.533901e-04
3.320000e+00 5.324714e-04
3.330000e+00 5.114886e-04
3.340000e+00 4.904455e-04
3.350000e+00 4.693473e-04
3.360000e+00 4.482003e-04
3.370000e+00 4.270121e-04
3.380000e+00 4.057916e-04
3.390000e+00 3.845490e-04
3.400000e+00 3.632962e-04
3.410000e+00 3.420465e-04
3.420000e+00 3.208148e-04
3.430000e+00 2.996178e-04
3.440000e+00 2.784737e-04
3.450000e+00 2.574028e-04
3.460000e+00 2.364271e-04
3.470000e+00 2.155706e-04
3.480000e+00 1.948592e-04
3.490000e+00 1.743209e-04
3.500000e+00 1.539857e-04
3.510000e+00 1.338854e-04
3.520000e+00 1.140540e-04
3.530000e+00 9.452728e-05
3.540000e+00 7.534286e-05
3.550000e+00 5.654015e-05
3.560000e+00 3.816012e-05
3.570000e+00 2.024522e-05
3.580000e+00 2.839170e-06
3.590000e+00 -1.401324e-05
3.600000e+00 -3.026638e-05
3.610000e+00 -4.587403e-05
3.620000e+00 -6.078965e-05
3.630000e+00 -7.496668e-05
3.640000e+00 -8.835882e-05
3.650000e+00 -1.009204e-04
3.660000e+00 -1.126066e-04
3.670000e+00 -1.233739e-04
3.680000e+00 -1.331803e-04
3.690000e+00 -1.419858e-04
3.700000e+00 -1.497525e-04
3.710000e+00 -1.564450e-04
3.720000e+00 -1.620306e-04
3.730000e+00 -1.664798e-04
3.740000e+00 -1.697661e-04
3.750000e+00 -1.718668e-04
3.760000e+00 -1.727624e-04
3.770000e+00 -1.724373e-04
3.780000e+00 -1.708799e-04
3.790000e+00 -1.680821e-04
3.800000e+00 -1.640399e-04
3.810000e+00 -1.587531e-04
3.820000e+00 -1.522253e-04
3.830000e+00 -1.444636e-04
3.840000e+00 -1.354788e-04
3.850000e+00 -1.252849e-04
3.860000e+00 -1.138992e-04
3.870000e+00 -1.013416e-04
3.880000e+00 -8.763490e-05
3.890000e+00 -7.280418e-05
3.900000e+00 -5.687657e-05
3.910000e+00 -3.988100e-05
3.920000e+00 -2.184791e-05
3.930000e+00 -2.808915e-06
3.940000e+00 1.720346e-05
3.950000e+00 3.815604e-05
3.960000e+00 6.001526e-05
3.970000e+00 8.274743e-05
3.980000e+00 1.063189e-04
3.990000e+00 1.306963e-04
4.000000e+00 1.558466e-04
4.010000e+00 1.817372e-04
4.020000e+00 2.083364e-04
4.030000e+00 2.356129e-04
4.040000e+00 2.635362e-04
4.050000e+00 2.920763e-04
4.060000e+00 3.212040e-04
4.070000e+00 3.508907e-04
4.080000e+00 3.811081e-04
4.090000e+00 4.118284e-04
4.100000e+00 4.430239e-04
4.110000e+00 4.746672e-04
4.120000e+00 5.067305e-04
4.130000e+00 5.391861e-04
4.140000e+00 5.720058e-04
4.150000e+00 6.051609e-04
4.160000e+00 6.386220e-04
4.170000e+00 6.723591e-04
4.180000e+00 7.063410e-04
4.190000e+00 7.405359e-04
4.200000e+00 7.749110e-04
4.210000e+00 8.094321e-04
4.220000e+00 8.440646e-04
4.230000e+00 8.787724e-04
4.240000e+00 9.135189e-04
4.250000e+00 9.482665e-04
4.260000e+00 9.829772e-04
4.270000e+00 1.017612e-03
4.280000e+00 1.052133e-03
4.290000e+00 1.086501e-03
4.300000e+00 1.120677e-03
4.310000e+00 1.154623e-03
4.320000e+00 1.188303e-03
4.330000e+00 1.221679e-03
4.340000e+00 1.254716e-03
4.350000e+00 1.287383e-03
4.360000e+00 1.319647e-03
4.370000e+00 1.351479e-03
4.380000e+00 1.382853e-03
4.390000e+00 1.413745e-03
4.400000e+00 1.444133e-03
4.410000e+00 1.474001e-03
4.420000e+00 1.503332e-03
4.430000e+00 1.532115e-03
4.440000e+00 1.560343e-03
4.450000e+00 1.588010e-03
4.460000e+00 1.615116e-03
4.470000e+00 1.641660e-03
4.480000e+00 1.667650e-03
4.490000e+00 1.693091e-03
4.500000e+00 1.717996e-03
4.510000e+00 1.742377e-03
4.520000e+00 1.766249e-03
4.530000e+00 1.789630e-03
4.540000e+00 1.812538e-03
4.550000e+00 1.834994e-03
4.560000e+00 1.857020e-03
4.570000e+00 1.878635e-03
4.580000e+00 1.899862e-03
4.590000e+00 1.920722e-03
4.600000e+00 1.941235e-03
4.610000e+00 1.961420e-03
4.620000e+00 1.981296e-03
4.630000e+00 2.000877e-03
4.640000e+00 2.020177e-03
4.650000e+00 2.039208e-03
4.660000e+00 2.057976e-03
4.670000e+00 2.076487e-03
4.680000e+00 2.094741e-03
4.690000e+00 2.112737e-03
4.700000e+00 2.130469e-03
4.710000e+00 2.147926e-03
4.720000e+00 2.165095e-03
4.730000e+00 2.181957e-03
4.740000e+00 2.198490e-03
4.750000e+00 2.214669e-03
4.760000e+00 2.230464e-03
4.770000e+00 2.245840e-03
4.780000e+00 2.260762e-03
4.790000e+00 2.275188e-03
4.800000e+00 2.289075e-03
4.810000e+00 2.302375e-03
4.820000e+00 2.315039e-03
4.830000e+00 2.327016e-03
4.840000e+00 2.338253e-03
4.850000e+00 2.348692e-03
4.860000e+00 2.358279e-03
4.870000e+00 2.366956e-03
4.880000e+00 2.374664e-03
4.890000e+00 2.381346e-03
4.900000e+00 2.386944e-03
4.910000e+00 2.391401e-03
4.920000e+00 2.394662e-03
4.930000e+00 2.396673e-03
4.940000e+00 2.397382e-03
4.950000e+00 2.396739e-03
4.960000e+00 2.394699e-03
4.970000e+00 2.391219e-03
4.980000e+00 2.386259e-03
4.990000e+00 2.379784e-03
5.000000e+00 2.371765e-03
5.010000e+00 2.362175e-03
5.020000e+00 2.350994e-03
5.030000e+00 2.338207e-03
5.040000e+00 2.323806e-03
5.050000e+00 2.307787e-03
5.060000e+00 2.290153e-03
5.070000e+00 2.270916e-03
5.080000e+00 2.250090e-03
5.090000e+00 2.227699e-03
5.100000e+00 2.203772e-03
5.110000e+00 2.178347e-03
5.120000e+00 2.151467e-03
5.130000e+00 2.123180e-03
5.140000e+00 2.093545e-03
5.150000e+00 2.062623e-03
5.160000e+00 2.030483e-03
5.170000e+00 1.997200e-03
5.180000e+00 1.962853e-03
5.190000e+00 1.927529e-03
5.200000e+00 1.891317e-03
5.210000e+00 1.854310e-03
5.220000e+00 1.816607e-03
5.230000e+00 1.778309e-03
5.240000e+00 1.739520e-03
5.250000e+00 1.700344e-03
5.260000e+00 1.660890e-03
5.270000e+00 1.621265e-03
5.280000e+00 1.581578e-03
5.290000e+00 1.541935e-03
5.300000e+00 1.502445e-03
5.310000e+00 1.463212e-03
5.320000e+00 1.424340e-03
5.330000e+00 1.385927e-03
5.340000e+00 1.348071e-03
5.350000e+00 1.310865e-03
5.360000e+00 1.274397e-03
5.370000e+00 1.238751e-03
5.380000e+00 1.204006e-03
5.390000e+00 1.170234e-03
5.400000e+00 1.137504e-03
5.410000e+00 1.105877e-03
5.420000e+00 1.075407e-03
5.430000e+00 1.046144e-03
5.440000e+00 1.018131e-03
5.450000e+00 9.914033e-04
5.460000e+00 9.659917e-04
5.470000e+00 9.419198e-04
5.480000e+00 9.192052e-04
5.490000e+00 8.978596e-04
5.500000e+00 8.778889e-04
5.510000e+00 8.592937e-04
5.520000e+00 8.420690e-04
5.530000e+00 8.262050e-04
5.540000e+00 8.116871e-04
5.550000e+00 7.984960e-04
5.560000e+00 7.866086e-04
5.570000e+00 7.759977e-04
5.580000e+00 7.666322e-04
5.590000e+00 7.584781e-04
5.600000e+00 7.514977e-04
5.610000e+00 7.456508e-04
5.620000e+00 7.408942e-04
5.630000e+00 7.371820e-04
5.640000e+00 7.344662e-04
5.650000e+00 7.326961e-04
5.660000e+00 7.318191e-04
5.670000e+00 7.317802e-04
5.680000e+00 7.325225e-04
5.690000e+00 7.339869e-04
5.700000e+00 7.361125e-04
5.710000e+00 7.388362e-04
5.720000e+00 7.420931e-04
5.730000e+00 7.458163e-04
5.740000e+00 7.499370e-04
5.750000e+00 7.543847e-04
5.760000e+00 7.590869e-04
5.770000e+00 7.639695e-04
5.780000e+00 7.689570e-04
5.790000e+00 7.739722e-04
5.800000e+00 7.789370e-04
5.810000e+00 7.837719e-04
5.820000e+00 7.883969e-04
5.830000e+00 7.927316e-04
5.840000e+00 7.966951e-04
5.850000e+00 8.002073e-04
5.860000e+00 8.031883e-04
5.870000e+00 8.055597e-04
5.880000e+00 8.072446e-04
5.890000e+00 8.081680e-04
5.900000e+00 8.082581e-04
5.910000e+00 8.074457e-04
5.920000e+00 8.056660e-04
5.930000e+00 8.028581e-04
5.940000e+00 7.989662e-04
5.950000e+00 7.939399e-04
5.960000e+00 7.877348e-04
5.970000e+00 7.803129e-04
5.980000e+00 7.716432e-04
5.990000e+00 7.617019e-04
6.000000e+00 7.504729e-04
6.010000e+00 7.379481e-04
6.020000e+00 7.241274e-04
6.030000e+00 7.090193e-04
6.040000e+00 6.926405e-04
6.050000e+00 6.750162e-04
6.060000e+00 6.561797e-04
6.070000e+00 6.361729e-04
6.080000e+00 6.150451e-04
6.090000e+00 5.928535e-04
6.100000e+00 5.696625e-04
6.110000e+00 5.455430e-04
6.120000e+00 5.205723e-04
6.130000e+00 4.948332e-04
6.140000e+00 4.684134e-04
6.150000e+00 4.414047e-04
6.160000e+00 4.139027e-04
6.170000e+00 3.860053e-04
6.180000e+00 3.578126e-04
6.190000e+00 3.294258e-04
6.200000e+00 3.009462e-04
6.210000e+00 2.724748e-04
6.220000e+00 2.441113e-04
6.230000e+00 2.159534e-04
6.240000e+00 1.880960e-04
6.250000e+00 1.606309e-04
6.260000e+00 1.336455e-04
6.270000e+00 1.072229e-04
6.280000e+00 8.144118e-05
6.290000e+00 5.637277e-05
6.300000e+00 3.208440e-05
6.310000e+00 8.636637e-06
6.320000e+00 -1.391628e-05
6.330000e+00 -3.552656e-05
6.340000e+00 -5.615296e-05
6.350000e+00 -7.576076e-05
6.360000e+00 -9.432168e-05
6.370000e+00 -1.118137e-04
6.380000e+00 -1.282211e-04
6.390000e+00 -1.435338e-04
6.400000e+00 -1.577474e-04
6.410000e+00 -1.708628e-04
6.420000e+00 -1.828855e-04
6.430000e+00 -1.938259e-04
6.440000e+00 -2.036980e-04
6.450000e+00 -2.125196e-04
6.460000e+00 -2.203118e-04
6.470000e+00 -2.270982e-04
6.480000e+00 -2.329049e-04
6.490000e+00 -2.377598e-04
6.500000e+00 -2.416922e-04
6.510000e+00 -2.447326e-04
6.520000e+00 -2.469124e-04
6.530000e+00 -2.482631e-04
6.540000e+00 -2.488166e-04
6.550000e+00 -2.486045e-04
6.560000e+00 -2.476583e-04
6.570000e+00 -2.460087e-04
6.580000e+00 -2.436858e-04
6.590000e+00 -2.407190e-04
6.600000e+00 -2.371367e-04
6.610000e+00 -2.329664e-04
6.620000e+00 -2.282345e-04
6.630000e+00 -2.229666e-04
6.640000e+00 -2.171872e-04
6.650000e+00 -2.109200e-04
6.660000e+00 -2.041877e-04
6.670000e+00 -1.970123e-04
6.680000e+00 -1.894151e-04
6.690000e+00 -1.814167e-04
6.700000e+00 -1.730372e-04
6.710000e+00 -1.642961e-04
6.720000e+00 -1.552127e-04
6.730000e+00 -1.458059e-04
6.740000e+00 -1.360942e-04
6.750000e+00 -1.260963e-04
6.760000e+00 -1.158305e-04
6.770000e+00 -1.053148e-04
6.780000e+00 -9.456760e-05
6.790000e+00 -8.360680e-05
6.800000e+00 -7.245038e-05
6.810000e+00 -6.111617e-05
6.820000e+00 -4.962185e-05
6.830000e+00 -3.798488e-05
6.840000e+00 -2.622244e-05
6.850000e+00 -1.435138e-05
6.860000e+00 -2.388087e-06
6.870000e+00 9.651576e-06
6.880000e+00 2.175239e-05
6.890000e+00 3.389988e-05
6.900000e+00 4.608046e-05
6.910000e+00 5.828150e-05
6.920000e+00 7.049151e-05
6.930000e+00 8.270020e-05
6.940000e+00 9.489866e-05
6.950000e+00 1.070794e-04
6.960000e+00 1.192366e-04
6.970000e+00 1.313660e-04
6.980000e+00 1.434653e-04
6.990000e+00 1.555339e-04
7.000000e+00 1.675731e-04
7.010000e+00 1.795866e-04
7.020000e+00 1.915797e-04
7.030000e+00 2.035601e-04
7.040000e+00 2.155375e-04
7.050000e+00 2.275239e-04
7.060000e+00 2.395332e-04
7.070000e+00 2.515814e-04
7.080000e+00 2.636868e-04
7.090000e+00 2.758692e-04
7.100000e+00 2.881505e-04
7.110000e+00 3.005542e-04
7.120000e+00 3.131054e-04
7.130000e+00 3.258305e-04
7.140000e+00 3.387569e-04
7.150000e+00 3.519131e-04
7.160000e+00 3.653280e-04
7.170000e+00 3.790310e-04
7.180000e+00 3.930514e-04
7.190000e+00 4.074182e-04
7.200000e+00 4.221598e-04
7.210000e+00 4.373033e-04
7.220000e+00 4.528745e-04
7.230000e+00 4.688973e-04
7.240000e+00 4.853932e-04
7.250000e+00 5.023812e-04
7.260000e+00 5.198770e-04
7.270000e+00 5.378927e-04
7.280000e+00 5.564367e-04
7.290000e+00 5.755127e-04
7.300000e+00 5.951200e-04
7.310000e+00 6.152527e-04
7.320000e+00 6.358996e-04
7.330000e+00 6.570439e-04
7.340000e+00 6.786631e-04
7.350000e+00 7.007284e-04
7.360000e+00 7.232052e-04
7.370000e+00 7.460525e-04
7.380000e+00 7.692234e-04
7.390000e+00 7.926649e-04
7.400000e+00 8.163178e-04
7.410000e+00 8.401176e-04
7.420000e+00 8.639943e-04
7.430000e+00 8.878726e-04
7.440000e+00 9.116731e-04
7.450000e+00 9.353120e-04
7.460000e+00 9.587020e-04
7.470000e+00 9.817532e-04
7.480000e+00 1.004373e-03
7.490000e+00 1.026468e-03
7.500000e+00 1.047945e-03
7.510000e+00 1.068708e-03
7.520000e+00 1.088664e-03
7.530000e+00 1.107724e-03
7.540000e+00 1.125797e-03
7.550000e+00 1.142800e-03
7.560000e+00 1.158652e-03
7.570000e+00 1.173278e-03
7.580000e+00 1.186609e-03
7.590000e+00 1.198583e-03
7.600000e+00 1.209146e-03
7.610000e+00 1.218251e-03
7.620000e+00 1.225861e-03
7.630000e+00 1.231947e-03
7.640000e+00 1.236490e-03
7.650000e+00 1.239481e-03
7.660000e+00 1.240921e-03
7.670000e+00 1.240821e-03
7.680000e+00 1.239203e-03
7.690000e+00 1.236096e-03
7.700000e+00 1.231542e-03
7.710000e+00 1.225590e-03
7.720000e+00 1.218300e-03
7.730000e+00 1.209738e-03
7.740000e+00 1.199978e-03
7.750000e+00 1.189104e-03
7.760000e+00 1.177201e-03
7.770000e+00 1.164364e-03
7.780000e+00 1.150690e-03
7.790000e+00 1.136280e-03
7.800000e+00 1.121236e-03
7.810000e+00 1.105664e-03
7.820000e+00 1.089668e-03
7.830000e+00 1.073353e-03
7.840000e+00 1.056821e-03
7.850000e+00 1.040173e-03
7.860000e+00 1.023505e-03
7.870000e+00 1.006910e-03
7.880000e+00 9.904733e-04
7.890000e+00 9.742770e-04
7.900000e+00 9.583953e-04
7.910000e+00 9.428953e-04
7.920000e+00 9.278365e-04
7.930000e+00 9.132703e-04
7.940000e+00 8.992399e-04
7.950000e+00 8.857797e-04
7.960000e+00 8.729158e-04
7.970000e+00 8.606654e-04
7.980000e+00 8.490375e-04
7.990000e+00 8.380328e-04
8.000000e+00 8.276437e-04
8.010000e+00 8.178556e-04
8.020000e+00 8.086464e-04
8.030000e+00 7.999876e-04
8.040000e+00 7.918447e-04
8.050000e+00 7.841778e-04
8.060000e+00 7.769427e-04
8.070000e+00 7.700910e-04
8.080000e+00 7.635712e-04
8.090000e+00 7.573296e-04
8.100000e+00 7.513108e-04
8.110000e+00 7.454584e-04
8.120000e+00 7.397162e-04
8.130000e+00 7.340284e-04
8.140000e+00 7.283404e-04
8.150000e+00 7.225998e-04
8.160000e+00 7.167565e-04
8.170000e+00 7.107636e-04
8.180000e+00 7.045776e-04
8.190000e+00 6.981590e-04
8.200000e+00 6.914727e-04
8.210000e+00 6.844882e-04
8.220000e+00 6.771796e-04
8.230000e+00 6.695261e-04
8.240000e+00 6.615118e-04
8.250000e+00 6.531261e-04
8.260000e+00 6.443630e-04
8.270000e+00 6.352216e-04
8.280000e+00 6.257056e-04
8.290000e+00 6.158232e-04
8.300000e+00 6.055867e-04
8.310000e+00 5.950124e-04
8.320000e+00 5.841199e-04
8.330000e+00 5.729321e-04
8.340000e+00 5.614746e-04
8.350000e+00 5.497753e-04
8.360000e+00 5.378639e-04
8.370000e+00 5.257717e-04
8.380000e+00 5.135310e-04
8.390000e+00 5.011744e-04
8.400000e+00 4.887351e-04
8.410000e+00 4.762457e-04
8.420000e+00 4.637385e-04
8.430000e+00 4.512447e-04
8.440000e+00 4.387942e-04
8.450000e+00 4.264157e-04
8.460000e+00 4.141358e-04
8.470000e+00 4.019793e-04
8.480000e+00 3.899687e-04
8.490000e+00 3.781247e-04
8.500000e+00 3.664651e-04
8.510000e+00 3.550059e-04
8.520000e+00 3.437603e-04
8.530000e+00 3.327396e-04
8.540000e+00 3.219525e-04
8.550000e+00 3.114060e-04
8.560000e+00 3.011048e-04
8.570000e+00 2.910522e-04
8.580000e+00 2.812497e-04
8.590000e+00 2.716974e-04
8.600000e+00 2.623947e-04
8.610000e+00 2.533399e-04
8.620000e+00 2.445308e-04
8.630000e+00 2.359652e-04
8.640000e+00 2.276405e-04
8.650000e+00 2.195549e-04
8.660000e+00 2.117069e-04
8.670000e+00 2.040959e-04
8.680000e+00 1.967225e-04
8.690000e+00 1.895885e-04
8.700000e+00 1.826974e-04
8.710000e+00 1.760543e-04
8.720000e+00 1.696661e-04
8.730000e+00 1.635417e-04
8.740000e+00 1.576923e-04
8.750000e+00 1.521309e-04
8.760000e+00 1.468727e-04
8.770000e+00 1.419351e-04
8.780000e+00 1.373372e-04
8.790000e+00 1.331003e-04
8.800000e+00 1.292472e-04
8.810000e+00 1.258026e-04
8.820000e+00 1.227921e-04
8.830000e+00 1.202428e-04
8.840000e+00 1.181822e-04
8.850000e+00 1.166385e-04
8.860000e+00 1.156402e-04
8.870000e+00 1.152152e-04
8.880000e+00 1.153912e-04
8.890000e+00 1.161947e-04
8.900000e+00 1.176510e-04
8.910000e+00 1.197834e-04
8.920000e+00 1.226135e-04
8.930000e+00 1.261601e-04
8.940000e+00 1.304391e-04
8.950000e+00 1.354634e-04
8.960000e+00 1.412423e-04
8.970000e+00 1.477813e-04
8.980000e+00 1.550818e-04
8.990000e+00 1.631411e-04
9.000000e+00 1.719518e-04
9.010000e+00 1.815022e-04
9.020000e+00 1.917758e-04
9.030000e+00 2.027516e-04
9.040000e+00 2.144039e-04
9.050000e+00 2.267023e-04
9.060000e+00 2.396122e-04
9.070000e+00 2.530948e-04
9.080000e+00 2.671070e-04
9.090000e+00 2.816024e-04
9.100000e+00 2.965311e-04
9.110000e+00 3.118401e-04
9.120000e+00 3.274741e-04
9.130000e+00 3.433755e-04
9.140000e+00 3.594853e-04
9.150000e+00 3.757434e-04
9.160000e+00 3.920892e-04
9.170000e+00 4.084622e-04
9.180000e+00 4.248024e-04
9.190000e+00 4.410514e-04
9.200000e+00 4.571522e-04
9.210000e+00 4.730504e-04
9.220000e+00 4.886945e-04
9.230000e+00 5.040364e-04
9.240000e+00 5.190321e-04
9.250000e+00 5.336420e-04
9.260000e+00 5.478312e-04
9.270000e+00 5.615703e-04
9.280000e+00 5.748353e-04
9.290000e+00 5.876083e-04
9.300000e+00 5.998774e-04
9.310000e+00 6.116369e-04
9.320000e+00 6.228876e-04
9.330000e+00 6.336366e-04
9.340000e+00 6.438976e-04
9.350000e+00 6.536904e-04
9.360000e+00 6.630411e-04
9.370000e+00 6.719816e-04
9.380000e+00 6.805498e-04
9.390000e+00 6.887886e-04
9.400000e+00 6.967459e-04
9.410000e+00 7.044742e-04
9.420000e+00 7.120301e-04
9.430000e+00 7.194734e-04
9.440000e+00 7.268670e-04
9.450000e+00 7.342762e-04
9.460000e+00 7.417678e-04
9.470000e+00 7.494099e-04
9.480000e+00 7.572706e-04
9.490000e+00 7.654182e-04
9.500000e+00 7.739197e-04
9.510000e+00 7.828408e-04
9.520000e+00 7.922447e-04
9.530000e+00 8.021921e-04
9.540000e+00 8.127399e-04
9.550000e+00 8.239413e-04
9.560000e+00 8.358450e-04
9.570000e+00 8.484944e-04
9.580000e+00 8.619279e-04
9.590000e+00 8.761779e-04
9.600000e+00 8.912707e-04
9.610000e+00 9.072262e-04
9.620000e+00 9.240579e-04
9.630000e+00 9.417725e-04
9.640000e+00 9.603699e-04
9.650000e+00 9.798432e-04
9.660000e+00 1.000179e-03
9.670000e+00 1.021357e-03
9.680000e+00 1.043350e-03
9.690000e+00 1.066126e-03
9.700000e+00 1.089646e-03
9.710000e+00 1.113866e-03
9.720000e+00 1.138735e-03
9.730000e+00 1.164201e-03
9.740000e+00 1.190204e-03
9.750000e+00 1.216682e-03
9.760000e+00 1.243569e-03
9.770000e+00 1.270797e-03
9.780000e+00 1.298296e-03
9.790000e+00 1.325992e-03
9.800000e+00 1.353813e-03
9.810000e+00 1.381685e-03
9.820000e+00 1.409534e-03
9.830000e+00 1.437285e-03
9.840000e+00 1.464866e-03
9.850000e+00 1.492205e-03
9.860000e+00 1.519232e-03
9.870000e+00 1.545880e-03
9.880000e+00 1.572082e-03
9.890000e+00 1.597775e-03
9.900000e+00 1.622898e-03
9.910000e+00 1.647393e-03
9.920000e+00 1.671204e-03
9.930000e+00 1.694280e-03
9.940000e+00 1.716571e-03
9.950000e+00 1.738028e-03
9.960000e+00 1.758607e-03
9.970000e+00 1.778266e-03
9.980000e+00 1.796963e-03
9.990000e+00 1.814660e-03
1.000000e+01 1.831318e-03
