# sigma2_v 6.970770574017305e+00
0.000000e+00 1.000000e+00
1.000000e-02 9.996515e-01
2.000000e-02 9.986069e-01
3.000000e-02 9.968684e-01
4.000000e-02 9.944398e-01
5.000000e-02 9.913266e-01
6.000000e-02 9.875355e-01
7.000000e-02 9.830749e-01
8.000000e-02 9.779546e-01
9.000000e-02 9.721856e-01
1.000000e-01 9.657804e-01
1.100000e-01 9.587530e-01
1.200000e-01 9.511182e-01
1.300000e-01 9.428924e-01
1.400000e-01 9.340929e-01
1.500000e-01 9.247382e-01
1.600000e-01 9.148478e-01
1.700000e-01 9.044419e-01
1.800000e-01 8.935419e-01
1.900000e-01 8.821698e-01
2.000000e-01 8.703483e-01
2.100000e-01 8.581007e-01
2.200000e-01 8.454510e-01
2.300000e-01 8.324234e-01
2.400000e-01 8.190427e-01
2.500000e-01 8.053340e-01
2.600000e-01 7.913226e-01
2.700000e-01 7.770338e-01
2.800000e-01 7.624931e-01
2.900000e-01 7.477261e-01
3.000000e-01 7.327580e-01
3.100000e-01 7.176143e-01
3.200000e-01 7.023198e-01
3.300000e-01 6.868993e-01
3.400000e-01 6.713773e-01
3.500000e-01 6.557776e-01
3.600000e-01 6.401239e-01
3.700000e-01 6.244391e-01
3.800000e-01 6.087457e-01
3.900000e-01 5.930653e-01
4.000000e-01 5.774193e-01
4.100000e-01 5.618280e-01
4.200000e-01 5.463112e-01
4.300000e-01 5.308877e-01
4.400000e-01 5.155759e-01
4.500000e-01 5.003930e-01
4.600000e-01 4.853555e-01
4.700000e-01 4.704791e-01
4.800000e-01 4.557785e-01
4.900000e-01 4.412678e-01
5.000000e-01 4.269599e-01
5.100000e-01 4.128670e-01
5.200000e-01 3.990003e-01
5.300000e-01 3.853703e-01
5.400000e-01 3.719865e-01
5.500000e-01 3.588574e-01
5.600000e-01 3.459909e-01
5.700000e-01 3.333940e-01
5.800000e-01 3.210727e-01
5.900000e-01 3.090323e-01
6.000000e-01 2.972775e-01
6.100000e-01 2.858119e-01
6.200000e-01 2.746385e-01
6.300000e-01 2.637597e-01
6.400000e-01 2.531770e-01
6.500000e-01 2.428914e-01
6.600000e-01 2.329030e-01
6.700000e-01 2.232117e-01
6.800000e-01 2.138165e-01
6.900000e-01 2.047160e-01
7.000000e-01 1.959080e-01
7.100000e-01 1.873903e-01
7.200000e-01 1.791597e-01
7.300000e-01 1.712130e-01
7.400000e-01 1.635464e-01
7.500000e-01 1.561558e-01
7.600000e-01 1.490365e-01
7.700000e-01 1.421839e-01
7.800000e-01 1.355930e-01
7.900000e-01 1.292582e-01
8.000000e-01 1.231741e-01
8.100000e-01 1.173350e-01
8.200000e-01 1.117349e-01
8.300000e-01 1.063678e-01
8.400000e-01 1.012274e-01
8.500000e-01 9.630746e-02
8.600000e-01 9.160163e-02
8.700000e-01 8.710348e-02
8.800000e-01 8.280656e-02
8.900000e-01 7.870441e-02
9.000000e-01 7.479057e-02
9.100000e-01 7.105859e-02
9.200000e-01 6.750209e-02
9.300000e-01 6.411471e-02
9.400000e-01 6.089017e-02
9.500000e-01 5.782228e-02
9.600000e-01 5.490493e-02
9.700000e-01 5.213211e-02
9.800000e-01 4.949793e-02
9.900000e-01 4.699662e-02
1.000000e+00 4.462253e-02
1.010000e+00 4.237015e-02
1.020000e+00 4.023411e-02
1.030000e+00 3.820918e-02
1.040000e+00 3.629030e-02
1.050000e+00 3.447253e-02
1.060000e+00 3.275111e-02
1.070000e+00 3.112143e-02
1.080000e+00 2.957903e-02
1.090000e+00 2.811962e-02
1.100000e+00 2.673905e-02
1.110000e+00 2.543336e-02
1.120000e+00 2.419870e-02
1.130000e+00 2.303142e-02
1.140000e+00 2.192799e-02
1.150000e+00 2.088505e-02
1.160000e+00 1.989937e-02
1.170000e+00 1.896787e-02
1.180000e+00 1.808763e-02
1.190000e+00 1.725583e-02
1.200000e+00 1.646982e-02
1.210000e+00 1.572705e-02
1.220000e+00 1.502510e-02
1.230000e+00 1.436170e-02
1.240000e+00 1.373466e-02
1.250000e+00 1.314192e-02
1.260000e+00 1.258152e-02
1.270000e+00 1.205161e-02
1.280000e+00 1.155043e-02
1.290000e+00 1.107634e-02
1.300000e+00 1.062775e-02
1.310000e+00 1.020318e-02
1.320000e+00 9.801241e-03
1.330000e+00 9.420599e-03
1.340000e+00 9.060007e-03
1.350000e+00 8.718286e-03
1.360000e+00 8.394323e-03
1.370000e+00 8.087065e-03
1.380000e+00 7.795524e-03
1.390000e+00 7.518763e-03
1.400000e+00 7.255901e-03
1.410000e+00 7.006107e-03
1.420000e+00 6.768596e-03
1.430000e+00 6.542630e-03
1.440000e+00 6.327511e-03
1.450000e+00 6.122584e-03
1.460000e+00 5.927231e-03
1.470000e+00 5.740869e-03
1.480000e+00 5.562952e-03
1.490000e+00 5.392965e-03
1.500000e+00 5.230425e-03
1.510000e+00 5.074879e-03
1.520000e+00 4.925903e-03
1.530000e+00 4.783099e-03
1.540000e+00 4.646096e-03
1.550000e+00 4.514550e-03
1.560000e+00 4.388138e-03
1.570000e+00 4.266563e-03
1.580000e+00 4.149548e-03
1.590000e+00 4.036841e-03
1.600000e+00 3.928207e-03
1.610000e+00 3.823434e-03
1.620000e+00 3.722326e-03
1.630000e+00 3.624707e-03
1.640000e+00 3.530418e-03
1.650000e+00 3.439317e-03
1.660000e+00 3.351275e-03
1.670000e+00 3.266181e-03
1.680000e+00 3.183935e-03
1.690000e+00 3.104451e-03
1.700000e+00 3.027652e-03
1.710000e+00 2.953476e-03
1.720000e+00 2.881867e-03
1.730000e+00 2.812777e-03
1.740000e+00 2.746169e-03
1.750000e+00 2.682010e-03
1.760000e+00 2.620270e-03
1.770000e+00 2.560928e-03
1.780000e+00 2.503964e-03
1.790000e+00 2.449358e-03
1.800000e+00 2.397096e-03
1.810000e+00 2.347160e-03
1.820000e+00 2.299535e-03
1.830000e+00 2.254203e-03
1.840000e+00 2.211146e-03
1.850000e+00 2.170340e-03
1.860000e+00 2.131764e-03
1.870000e+00 2.095387e-03
1.880000e+00 2.061180e-03
1.890000e+00 2.029107e-03
1.900000e+00 1.999128e-03
1.910000e+00 1.971200e-03
1.920000e+00 1.945276e-03
1.930000e+00 1.921303e-03
1.940000e+00 1.899225e-03
1.950000e+00 1.878984e-03
1.960000e+00 1.860516e-03
1.970000e+00 1.843755e-03
1.980000e+00 1.828633e-03
1.990000e+00 1.815077e-03
2.000000e+00 1.803014e-03
2.010000e+00 1.792371e-03
2.020000e+00 1.783070e-03
2.030000e+00 1.775037e-03
2.040000e+00 1.768194e-03
2.050000e+00 1.762467e-03
2.060000e+00 1.757779e-03
2.070000e+00 1.754056e-03
2.080000e+00 1.751228e-03
2.090000e+00 1.749223e-03
2.100000e+00 1.747972e-03
2.110000e+00 1.747411e-03
2.120000e+00 1.747476e-03
2.130000e+00 1.748106e-03
2.140000e+00 1.749244e-03
2.150000e+00 1.750837e-03
2.160000e+00 1.752831e-03
2.170000e+00 1.755178e-03
2.180000e+00 1.757833e-03
2.190000e+00 1.760753e-03
2.200000e+00 1.763898e-03
2.210000e+00 1.767230e-03
2.220000e+00 1.770713e-03
2.230000e+00 1.774316e-03
2.240000e+00 1.778007e-03
2.250000e+00 1.781757e-03
2.260000e+00 1.785540e-03
2.270000e+00 1.789330e-03
2.280000e+00 1.793102e-03
2.290000e+00 1.796836e-03
2.300000e+00 1.800509e-03
2.310000e+00 1.804100e-03
2.320000e+00 1.807592e-03
2.330000e+00 1.810967e-03
2.340000e+00 1.814206e-03
2.350000e+00 1.817295e-03
2.360000e+00 1.820217e-03
2.370000e+00 1.822960e-03
2.380000e+00 1.825511e-03
2.390000e+00 1.827856e-03
2.400000e+00 1.829987e-03
2.410000e+00 1.831892e-03
2.420000e+00 1.833565e-03
2.430000e+00 1.834997e-03
2.440000e+00 1.836183e-03
2.450000e+00 1.837119e-03
2.460000e+00 1.837802e-03
2.470000e+00 1.838230e-03
2.480000e+00 1.838403e-03
2.490000e+00 1.838321e-03
2.500000e+00 1.837988e-03
2.510000e+00 1.837406e-03
2.520000e+00 1.836580e-03
2.530000e+00 1.835516e-03
2.540000e+00 1.834220e-03
2.550000e+00 1.832699e-03
2.560000e+00 1.830961e-03
2.570000e+00 1.829014e-03
2.580000e+00 1.826867e-03
2.590000e+00 1.824527e-03
2.600000e+00 1.822002e-03
2.610000e+00 1.819302e-03
2.620000e+00 1.816432e-03
2.630000e+00 1.813401e-03
2.640000e+00 1.810214e-03
2.650000e+00 1.806876e-03
2.660000e+00 1.803392e-03
2.670000e+00 1.799765e-03
2.680000e+00 1.795997e-03
2.690000e+00 1.792090e-03
2.700000e+00 1.788042e-03
2.710000e+00 1.783854e-03
2.720000e+00 1.779523e-03
2.730000e+00 1.775045e-03
2.740000e+00 1.770418e-03
2.750000e+00 1.765636e-03
2.760000e+00 1.760694e-03
2.770000e+00 1.755587e-03
2.780000e+00 1.750308e-03
2.790000e+00 1.744852e-03
2.800000e+00 1.739212e-03
2.810000e+00 1.733383e-03
2.820000e+00 1.727359e-03
2.830000e+00 1.721136e-03
2.840000e+00 1.714709e-03
2.850000e+00 1.708074e-03
2.860000e+00 1.701231e-03
2.870000e+00 1.694176e-03
2.880000e+00 1.686909e-03
2.890000e+00 1.679431e-03
2.900000e+00 1.671743e-03
2.910000e+00 1.663847e-03
2.920000e+00 1.655748e-03
2.930000e+00 1.647449e-03
2.940000e+00 1.638955e-03
2.950000e+00 1.630272e-03
2.960000e+00 1.621405e-03
2.970000e+00 1.612361e-03
2.980000e+00 1.603147e-03
2.990000e+00 1.593768e-03
3.000000e+00 1.584230e-03
3.010000e+00 1.574539e-03
3.020000e+00 1.564700e-03
3.030000e+00 1.554716e-03
3.040000e+00 1.544592e-03
3.050000e+00 1.534328e-03
3.060000e+00 1.523926e-03
3.070000e+00 1.513384e-03
3.080000e+00 1.502702e-03
3.090000e+00 1.491876e-03
3.100000e+00 1.480902e-03
3.110000e+00 1.469773e-03
3.120000e+00 1.458483e-03
3.130000e+00 1.447025e-03
3.140000e+00 1.435388e-03
3.150000e+00 1.423564e-03
3.160000e+00 1.411542e-03
3.170000e+00 1.399312e-03
3.180000e+00 1.386864e-03
3.190000e+00 1.374188e-03
3.200000e+00 1.361273e-03
3.210000e+00 1.348112e-03
3.220000e+00 1.334696e-03
3.230000e+00 1.321019e-03
3.240000e+00 1.307076e-03
3.250000e+00 1.292865e-03
3.260000e+00 1.278384e-03
3.270000e+00 1.263636e-03
3.280000e+00 1.248624e-03
3.290000e+00 1.233354e-03
3.300000e+00 1.217835e-03
3.310000e+00 1.202080e-03
3.320000e+00 1.186101e-03
3.330000e+00 1.169917e-03
3.340000e+00 1.153546e-03
3.350000e+00 1.137009e-03
3.360000e+00 1.120330e-03
3.370000e+00 1.103535e-03
3.380000e+00 1.086650e-03
3.390000e+00 1.069703e-03
3.400000e+00 1.052724e-03
3.410000e+00 1.035741e-03
3.420000e+00 1.018784e-03
3.430000e+00 1.001882e-03
3.440000e+00 9.850631e-04
3.450000e+00 9.683548e-04
3.460000e+00 9.517824e-04
3.470000e+00 9.353693e-04
3.480000e+00 9.191365e-04
3.490000e+00 9.031023e-04
3.500000e+00 8.872817e-04
3.510000e+00 8.716864e-04
3.520000e+00 8.563245e-04
3.530000e+00 8.411999e-04
3.540000e+00 8.263126e-04
3.550000e+00 8.116586e-04
3.560000e+00 7.972293e-04
3.570000e+00 7.830121e-04
3.580000e+00 7.689902e-04
3.590000e+00 7.551424e-04
3.600000e+00 7.414439e-04
3.610000e+00 7.278660e-04
3.620000e+00 7.143765e-04
3.630000e+00 7.009400e-04
3.640000e+00 6.875183e-04
3.650000e+00 6.740707e-04
3.660000e+00 6.605543e-04
3.670000e+00 6.469248e-04
3.680000e+00 6.331365e-04
3.690000e+00 6.191430e-04
3.700000e+00 6.048975e-04
3.710000e+00 5.903537e-04
3.720000e+00 5.754656e-04
3.730000e+00 5.601885e-04
3.740000e+00 5.444791e-04
3.750000e+00 5.282963e-04
3.760000e+00 5.116009e-04
3.770000e+00 4.943568e-04
3.780000e+00 4.765306e-04
3.790000e+00 4.580922e-04
3.800000e+00 4.390153e-04
3.810000e+00 4.192769e-04
3.820000e+00 3.988583e-04
3.830000e+00 3.777444e-04
3.840000e+00 3.559244e-04
3.850000e+00 3.333916e-04
3.860000e+00 3.101433e-04
3.870000e+00 2.861808e-04
3.880000e+00 2.615097e-04
3.890000e+00 2.361391e-04
3.900000e+00 2.100821e-04
3.910000e+00 1.833551e-04
3.920000e+00 1.559782e-04
3.930000e+00 1.279745e-04
3.940000e+00 9.937016e-05
3.950000e+00 7.019420e-05
3.960000e+00 4.047813e-05
3.970000e+00 1.025583e-05
3.980000e+00 -2.043664e-05
3.990000e+00 -5.156129e-05
4.000000e+00 -8.307835e-05
4.010000e+00 -1.149465e-04
4.020000e+00 -1.471229e-04
4.030000e+00 -1.795635e-04
4.040000e+00 -2.122232e-04
4.050000e+00 -2.450556e-04
4.060000e+00 -2.780134e-04
4.070000e+00 -3.110484e-04
4.080000e+00 -3.441117e-04
4.090000e+00 -3.771533e-04
4.100000e+00 -4.101224e-04
4.110000e+00 -4.429676e-04
4.120000e+00 -4.756365e-04
4.130000e+00 -5.080758e-04
4.140000e+00 -5.402314e-04
4.150000e+00 -5.720484e-04
4.160000e+00 -6.034708e-04
4.170000e+00 -6.344420e-04
4.180000e+00 -6.649041e-04
4.190000e+00 -6.947987e-04
4.200000e+00 -7.240663e-04
4.210000e+00 -7.526468e-04
4.220000e+00 -7.804792e-04
4.230000e+00 -8.075020e-04
4.240000e+00 -8.336533e-04
4.250000e+00 -8.588709e-04
4.260000e+00 -8.830925e-04
4.270000e+00 -9.062558e-04
4.280000e+00 -9.282992e-04
4.290000e+00 -9.491615e-04
4.300000e+00 -9.687829e-04
4.310000e+00 -9.871045e-04
4.320000e+00 -1.004069e-03
4.330000e+00 -1.019623e-03
4.340000e+00 -1.033713e-03
4.350000e+00 -1.046290e-03
4.360000e+00 -1.057308e-03
4.370000e+00 -1.066726e-03
4.380000e+00 -1.074504e-03
4.390000e+00 -1.080612e-03
4.400000e+00 -1.085020e-03
4.410000e+00 -1.087705e-03
4.420000e+00 -1.088652e-03
4.430000e+00 -1.087850e-03
4.440000e+00 -1.085294e-03
4.450000e+00 -1.080988e-03
4.460000e+00 -1.074941e-03
4.470000e+00 -1.067170e-03
4.480000e+00 -1.057698e-03
4.490000e+00 -1.046556e-03
4.500000e+00 -1.033782e-03
4.510000e+00 -1.019422e-03
4.520000e+00 -1.003526e-03
4.530000e+00 -9.861549e-04
4.540000e+00 -9.673720e-04
4.550000e+00 -9.472485e-04
4.560000e+00 -9.258608e-04
4.570000e+00 -9.032906e-04
4.580000e+00 -8.796237e-04
4.590000e+00 -8.549504e-04
4.600000e+00 -8.293641e-04
4.610000e+00 -8.029611e-04
4.620000e+00 -7.758397e-04
4.630000e+00 -7.480995e-04
4.640000e+00 -7.198409e-04
4.650000e+00 -6.911643e-04
4.660000e+00 -6.621692e-04
4.670000e+00 -6.329539e-04
4.680000e+00 -6.036142e-04
4.690000e+00 -5.742436e-04
4.700000e+00 -5.449319e-04
4.710000e+00 -5.157650e-04
4.720000e+00 -4.868245e-04
4.730000e+00 -4.581868e-04
4.740000e+00 -4.299233e-04
4.750000e+00 -4.020995e-04
4.760000e+00 -3.747749e-04
4.770000e+00 -3.480029e-04
4.780000e+00 -3.218307e-04
4.790000e+00 -2.962990e-04
4.800000e+00 -2.714422e-04
4.810000e+00 -2.472883e-04
4.820000e+00 -2.238594e-04
4.830000e+00 -2.011715e-04
4.840000e+00 -1.792349e-04
4.850000e+00 -1.580546e-04
4.860000e+00 -1.376306e-04
4.870000e+00 -1.179585e-04
4.880000e+00 -9.902942e-05
4.890000e+00 -8.083109e-05
4.900000e+00 -6.334795e-05
4.910000e+00 -4.656181e-05
4.920000e+00 -3.045227e-05
4.930000e+00 -1.499730e-05
4.940000e+00 -1.736894e-07
4.950000e+00 1.404246e-05
4.960000e+00 2.767530e-05
4.970000e+00 4.074877e-05
4.980000e+00 5.328626e-05
4.990000e+00 6.531022e-05
5.000000e+00 7.684188e-05
5.010000e+00 8.790095e-05
5.020000e+00 9.850544e-05
5.030000e+00 1.086715e-04
5.040000e+00 1.184131e-04
5.050000e+00 1.277425e-04
5.060000e+00 1.366695e-04
5.070000e+00 1.452019e-04
5.080000e+00 1.533455e-04
5.090000e+00 1.611043e-04
5.100000e+00 1.684801e-04
5.110000e+00 1.754734e-04
5.120000e+00 1.820829e-04
5.130000e+00 1.883062e-04
5.140000e+00 1.941396e-04
5.150000e+00 1.995786e-04
5.160000e+00 2.046180e-04
5.170000e+00 2.092519e-04
5.180000e+00 2.134741e-04
5.190000e+00 2.172784e-04
5.200000e+00 2.206584e-04
5.210000e+00 2.236079e-04
5.220000e+00 2.261208e-04
5.230000e+00 2.281914e-04
5.240000e+00 2.298142e-04
5.250000e+00 2.309841e-04
5.260000e+00 2.316964e-04
5.270000e+00 2.319466e-04
5.280000e+00 2.317305e-04
5.290000e+00 2.310440e-04
5.300000e+00 2.298830e-04
5.310000e+00 2.282435e-04
5.320000e+00 2.261210e-04
5.330000e+00 2.235109e-04
5.340000e+00 2.204078e-04
5.350000e+00 2.168060e-04
5.360000e+00 2.126987e-04
5.370000e+00 2.080784e-04
5.380000e+00 2.029365e-04
5.390000e+00 1.972633e-04
5.400000e+00 1.910478e-04
5.410000e+00 1.842782e-04
5.420000e+00 1.769411e-04
5.430000e+00 1.690222e-04
5.440000e+00 1.605060e-04
5.450000e+00 1.513763e-04
5.460000e+00 1.416160e-04
5.470000e+00 1.312072e-04
5.480000e+00 1.201320e-04
5.490000e+00 1.083723e-04
5.500000e+00 9.591021e-05
5.510000e+00 8.272839e-05
5.520000e+00 6.881048e-05
5.530000e+00 5.414141e-05
5.540000e+00 3.870780e-05
5.550000e+00 2.249835e-05
5.560000e+00 5.504270e-06
5.570000e+00 -1.228035e-05
5.580000e+00 -3.085815e-05
5.590000e+00 -5.022813e-05
5.600000e+00 -7.038533e-05
5.610000e+00 -9.132049e-05
5.620000e+00 -1.130198e-04
5.630000e+00 -1.354648e-04
5.640000e+00 -1.586319e-04
5.650000e+00 -1.824926e-04
5.660000e+00 -2.070131e-04
5.670000e+00 -2.321548e-04
5.680000e+00 -2.578736e-04
5.690000e+00 -2.841209e-04
5.700000e+00 -3.108431e-04
5.710000e+00 -3.379821e-04
5.720000e+00 -3.654757e-04
5.730000e+00 -3.932581e-04
5.740000e+00 -4.212597e-04
5.750000e+00 -4.494083e-04
5.760000e+00 -4.776294e-04
5.770000e+00 -5.058467e-04
5.780000e+00 -5.339824e-04
5.790000e+00 -5.619586e-04
5.800000e+00 -5.896973e-04
5.810000e+00 -6.171213e-04
5.820000e+00 -6.441546e-04
5.830000e+00 -6.707238e-04
5.840000e+00 -6.967576e-04
5.850000e+00 -7.221885e-04
5.860000e+00 -7.469528e-04
5.870000e+00 -7.709911e-04
5.880000e+00 -7.942491e-04
5.890000e+00 -8.166781e-04
5.900000e+00 -8.382349e-04
5.910000e+00 -8.588826e-04
5.920000e+00 -8.785907e-04
5.930000e+00 -8.973352e-04
5.940000e+00 -9.150988e-04
5.950000e+00 -9.318711e-04
5.960000e+00 -9.476480e-04
5.970000e+00 -9.624323e-04
5.980000e+00 -9.762330e-04
5.990000e+00 -9.890652e-04
6.000000e+00 -1.000950e-03
6.010000e+00 -1.011913e-03
6.020000e+00 -1.021985e-03
6.030000e+00 -1.031203e-03
6.040000e+00 -1.039605e-03
6.050000e+00 -1.047233e-03
6.060000e+00 -1.054133e-03
6.070000e+00 -1.060351e-03
6.080000e+00 -1.065935e-03
6.090000e+00 -1.070934e-03
6.100000e+00 -1.075395e-03
6.110000e+00 -1.079366e-03
6.120000e+00 -1.082892e-03
6.130000e+00 -1.086018e-03
6.140000e+00 -1.088783e-03
6.150000e+00 -1.091225e-03
6.160000e+00 -1.093378e-03
6.170000e+00 -1.095270e-03
6.180000e+00 -1.096926e-03
6.190000e+00 -1.098364e-03
6.200000e+00 -1.099600e-03
6.210000e+00 -1.100640e-03
6.220000e+00 -1.101489e-03
6.230000e+00 -1.102142e-03
6.240000e+00 -1.102591e-03
6.250000e+00 -1.102822e-03
6.260000e+00 -1.102815e-03
6.270000e+00 -1.102546e-03
6.280000e+00 -1.101986e-03
6.290000e+00 -1.101100e-03
6.300000e+00 -1.099851e-03
6.310000e+00 -1.098198e-03
6.320000e+00 -1.096097e-03
6.330000e+00 -1.093502e-03
6.340000e+00 -1.090364e-03
6.350000e+00 -1.086636e-03
6.360000e+00 -1.082268e-03
6.370000e+00 -1.077211e-03
6.380000e+00 -1.071417e-03
6.390000e+00 -1.064841e-03
6.400000e+00 -1.057438e-03
6.410000e+00 -1.049168e-03
6.420000e+00 -1.039993e-03
6.430000e+00 -1.029880e-03
6.440000e+00 -1.018800e-03
6.450000e+00 -1.006729e-03
6.460000e+00 -9.936496e-04
6.470000e+00 -9.795485e-04
6.480000e+00 -9.644192e-04
6.490000e+00 -9.482612e-04
6.500000e+00 -9.310803e-04
6.510000e+00 -9.128887e-04
6.520000e+00 -8.937049e-04
6.530000e+00 -8.735536e-04
6.540000e+00 -8.524656e-04
6.550000e+00 -8.304776e-04
6.560000e+00 -8.076318e-04
6.570000e+00 -7.839758e-04
6.580000e+00 -7.595619e-04
6.590000e+00 -7.344466e-04
6.600000e+00 -7.086907e-04
6.610000e+00 -6.823582e-04
6.620000e+00 -6.555157e-04
6.630000e+00 -6.282325e-04
6.640000e+00 -6.005793e-04
6.650000e+00 -5.726277e-04
6.660000e+00 -5.444503e-04
6.670000e+00 -5.161192e-04
6.680000e+00 -4.877058e-04
6.690000e+00 -4.592806e-04
6.700000e+00 -4.309120e-04
6.710000e+00 -4.026664e-04
6.720000e+00 -3.746072e-04
6.730000e+00 -3.467951e-04
6.740000e+00 -3.192867e-04
6.750000e+00 -2.921354e-04
6.760000e+00 -2.653900e-04
6.770000e+00 -2.390952e-04
6.780000e+00 -2.132910e-04
6.790000e+00 -1.880129e-04
6.800000e+00 -1.632917e-04
6.810000e+00 -1.391532e-04
6.820000e+00 -1.156186e-04
6.830000e+00 -9.270459e-05
6.840000e+00 -7.042303e-05
6.850000e+00 -4.878150e-05
6.860000e+00 -2.778332e-05
6.870000e+00 -7.427767e-06
6.880000e+00 1.228965e-05
6.890000e+00 3.137698e-05
6.900000e+00 4.984549e-05
6.910000e+00 6.770943e-05
6.920000e+00 8.498571e-05
6.930000e+00 1.016936e-04
6.940000e+00 1.178543e-04
6.950000e+00 1.334910e-04
6.960000e+00 1.486280e-04
6.970000e+00 1.632912e-04
6.980000e+00 1.775069e-04
6.990000e+00 1.913023e-04
7.000000e+00 2.047050e-04
7.010000e+00 2.177426e-04
7.020000e+00 2.304426e-04
7.030000e+00 2.428325e-04
7.040000e+00 2.549391e-04
7.050000e+00 2.667888e-04
7.060000e+00 2.784072e-04
7.070000e+00 2.898191e-04
7.080000e+00 3.010484e-04
7.090000e+00 3.121181e-04
7.100000e+00 3.230500e-04
7.110000e+00 3.338650e-04
7.120000e+00 3.445828e-04
7.130000e+00 3.552219e-04
7.140000e+00 3.657999e-04
7.150000e+00 3.763330e-04
7.160000e+00 3.868366e-04
7.170000e+00 3.973248e-04
7.180000e+00 4.078109e-04
7.190000e+00 4.183068e-04
7.200000e+00 4.288240e-04
7.210000e+00 4.393727e-04
7.220000e+00 4.499624e-04
7.230000e+00 4.606018e-04
7.240000e+00 4.712991e-04
7.250000e+00 4.820615e-04
7.260000e+00 4.928959e-04
7.270000e+00 5.038087e-04
7.280000e+00 5.148057e-04
7.290000e+00 5.258927e-04
7.300000e+00 5.370749e-04
7.310000e+00 5.483575e-04
7.320000e+00 5.597456e-04
7.330000e+00 5.712444e-04
7.340000e+00 5.828589e-04
7.350000e+00 5.945944e-04
7.360000e+00 6.064566e-04
7.370000e+00 6.184510e-04
7.380000e+00 6.305838e-04
7.390000e+00 6.428615e-04
7.400000e+00 6.552909e-04
7.410000e+00 6.678793e-04
7.420000e+00 6.806343e-04
7.430000e+00 6.935640e-04
7.440000e+00 7.066769e-04
7.450000e+00 7.199817e-04
7.460000e+00 7.334874e-04
7.470000e+00 7.472031e-04
7.480000e+00 7.611381e-04
7.490000e+00 7.753014e-04
7.500000e+00 7.897017e-04
7.510000e+00 8.043473e-04
7.520000e+00 8.192459e-04
7.530000e+00 8.344040e-04
7.540000e+00 8.498274e-04
7.550000e+00 8.655199e-04
7.560000e+00 8.814841e-04
7.570000e+00 8.977202e-04
7.580000e+00 9.142264e-04
7.590000e+00 9.309982e-04
7.600000e+00 9.480281e-04
7.610000e+00 9.653055e-04
7.620000e+00 9.828164e-04
7.630000e+00 1.000543e-03
7.640000e+00 1.018463e-03
7.650000e+00 1.036552e-03
7.660000e+00 1.054778e-03
7.670000e+00 1.073107e-03
7.680000e+00 1.091500e-03
7.690000e+00 1.109912e-03
7.700000e+00 1.128294e-03
7.710000e+00 1.146593e-03
7.720000e+00 1.164751e-03
7.730000e+00 1.182706e-03
7.740000e+00 1.200391e-03
7.750000e+00 1.217734e-03
7.760000e+00 1.234663e-03
7.770000e+00 1.251098e-03
7.780000e+00 1.266960e-03
7.790000e+00 1.282165e-03
7.800000e+00 1.296629e-03
7.810000e+00 1.310266e-03
7.820000e+00 1.322987e-03
7.830000e+00 1.334707e-03
7.840000e+00 1.345337e-03
7.850000e+00 1.354794e-03
7.860000e+00 1.362991e-03
7.870000e+00 1.369849e-03
7.880000e+00 1.375288e-03
7.890000e+00 1.379233e-03
7.900000e+00 1.381615e-03
7.910000e+00 1.382366e-03
7.920000e+00 1.381428e-03
7.930000e+00 1.378746e-03
7.940000e+00 1.374271e-03
7.950000e+00 1.367964e-03
7.960000e+00 1.359790e-03
7.970000e+00 1.349722e-03
7.980000e+00 1.337742e-03
7.990000e+00 1.323840e-03
8.000000e+00 1.308012e-03
8.010000e+00 1.290264e-03
8.020000e+00 1.270609e-03
8.030000e+00 1.249068e-03
8.040000e+00 1.225670e-03
8.050000e+00 1.200451e-03
8.060000e+00 1.173455e-03
8.070000e+00 1.144733e-03
8.080000e+00 1.114341e-03
8.090000e+00 1.082343e-03
8.100000e+00 1.048808e-03
8.110000e+00 1.013810e-03
8.120000e+00 9.774280e-04
8.130000e+00 9.397456e-04
8.140000e+00 9.008496e-04
8.150000e+00 8.608301e-04
8.160000e+00 8.197798e-04
8.170000e+00 7.777938e-04
8.180000e+00 7.349685e-04
8.190000e+00 6.914016e-04
8.200000e+00 6.471912e-04
8.210000e+00 6.024360e-04
8.220000e+00 5.572340e-04
8.230000e+00 5.116826e-04
8.240000e+00 4.658785e-04
8.250000e+00 4.199166e-04
8.260000e+00 3.738902e-04
8.270000e+00 3.278909e-04
8.280000e+00 2.820077e-04
8.290000e+00 2.363273e-04
8.300000e+00 1.909338e-04
8.310000e+00 1.459085e-04
8.320000e+00 1.013297e-04
8.330000e+00 5.727290e-05
8.340000e+00 1.381028e-05
8.350000e+00 -2.898902e-05
8.360000e+00 -7.105904e-05
8.370000e+00 -1.123370e-04
8.380000e+00 -1.527634e-04
8.390000e+00 -1.922817e-04
8.400000e+00 -2.308387e-04
8.410000e+00 -2.683841e-04
8.420000e+00 -3.048709e-04
8.430000e+00 -3.402547e-04
8.440000e+00 -3.744943e-04
8.450000e+00 -4.075510e-04
8.460000e+00 -4.393892e-04
8.470000e+00 -4.699754e-04
8.480000e+00 -4.992792e-04
8.490000e+00 -5.272720e-04
8.500000e+00 -5.539278e-04
8.510000e+00 -5.792228e-04
8.520000e+00 -6.031351e-04
8.530000e+00 -6.256446e-04
8.540000e+00 -6.467331e-04
8.550000e+00 -6.663841e-04
8.560000e+00 -6.845824e-04
8.570000e+00 -7.013142e-04
8.580000e+00 -7.165671e-04
8.590000e+00 -7.303295e-04
8.600000e+00 -7.425910e-04
8.610000e+00 -7.533419e-04
8.620000e+00 -7.625732e-04
8.630000e+00 -7.702766e-04
8.640000e+00 -7.764444e-04
8.650000e+00 -7.810691e-04
8.660000e+00 -7.841439e-04
8.670000e+00 -7.856622e-04
8.680000e+00 -7.856177e-04
8.690000e+00 -7.840047e-04
8.700000e+00 -7.808177e-04
8.710000e+00 -7.760516e-04
8.720000e+00 -7.697020e-04
8.730000e+00 -7.617652e-04
8.740000e+00 -7.522381e-04
8.750000e+00 -7.411187e-04
8.760000e+00 -7.284063e-04
8.770000e+00 -7.141013e-04
8.780000e+00 -6.982060e-04
8.790000e+00 -6.807244e-04
8.800000e+00 -6.616629e-04
8.810000e+00 -6.410303e-04
8.820000e+00 -6.188380e-04
8.830000e+00 -5.951008e-04
8.840000e+00 -5.698366e-04
8.850000e+00 -5.430674e-04
8.860000e+00 -5.148187e-04
8.870000e+00 -4.851208e-04
8.880000e+00 -4.540081e-04
8.890000e+00 -4.215201e-04
8.900000e+00 -3.877011e-04
8.910000e+00 -3.526004e-04
8.920000e+00 -3.162729e-04
8.930000e+00 -2.787785e-04
8.940000e+00 -2.401826e-04
8.950000e+00 -2.005561e-04
8.960000e+00 -1.599747e-04
8.970000e+00 -1.185197e-04
8.980000e+00 -7.627713e-05
8.990000e+00 -3.333766e-05
9.000000e+00 1.020354e-05
9.010000e+00 5.424730e-05
9.020000e+00 9.869079e-05
9.030000e+00 1.434280e-04
9.040000e+00 1.883502e-04
9.050000e+00 2.333465e-04
9.060000e+00 2.783044e-04
9.070000e+00 3.231103e-04
9.080000e+00 3.676505e-04
9.090000e+00 4.118110e-04
9.100000e+00 4.554793e-04
9.110000e+00 4.985438e-04
9.120000e+00 5.408953e-04
9.130000e+00 5.824274e-04
9.140000e+00 6.230370e-04
9.150000e+00 6.626247e-04
9.160000e+00 7.010958e-04
9.170000e+00 7.383604e-04
9.180000e+00 7.743341e-04
9.190000e+00 8.089382e-04
9.200000e+00 8.421002e-04
9.210000e+00 8.737540e-04
9.220000e+00 9.038404e-04
9.230000e+00 9.323069e-04
9.240000e+00 9.591082e-04
9.250000e+00 9.842059e-04
9.260000e+00 1.007569e-03
9.270000e+00 1.029173e-03
9.280000e+00 1.049001e-03
9.290000e+00 1.067043e-03
9.300000e+00 1.083296e-03
9.310000e+00 1.097761e-03
9.320000e+00 1.110447e-03
9.330000e+00 1.121370e-03
9.340000e+00 1.130549e-03
9.350000e+00 1.138010e-03
9.360000e+00 1.143781e-03
9.370000e+00 1.147898e-03
9.380000e+00 1.150397e-03
9.390000e+00 1.151321e-03
9.400000e+00 1.150712e-03
9.410000e+00 1.148619e-03
9.420000e+00 1.145088e-03
9.430000e+00 1.140171e-03
9.440000e+00 1.133918e-03
9.450000e+00 1.126382e-03
9.460000e+00 1.117615e-03
9.470000e+00 1.107669e-03
9.480000e+00 1.096598e-03
9.490000e+00 1.084451e-03
9.500000e+00 1.071279e-03
9.510000e+00 1.057131e-03
9.520000e+00 1.042053e-03
9.530000e+00 1.026093e-03
9.540000e+00 1.009291e-03
9.550000e+00 9.916900e-04
9.560000e+00 9.733272e-04
9.570000e+00 9.542383e-04
9.580000e+00 9.344559e-04
9.590000e+00 9.140098e-04
9.600000e+00 8.929265e-04
9.610000e+00 8.712296e-04
9.620000e+00 8.489395e-04
9.630000e+00 8.260732e-04
9.640000e+00 8.026447e-04
9.650000e+00 7.786652e-04
9.660000e+00 7.541423e-04
9.670000e+00 7.290812e-04
9.680000e+00 7.034841e-04
9.690000e+00 6.773505e-04
9.700000e+00 6.506777e-04
9.710000e+00 6.234608e-04
9.720000e+00 5.956930e-04
9.730000e+00 5.673660e-04
9.740000e+00 5.384700e-04
9.750000e+00 5.089945e-04
9.760000e+00 4.789287e-04
9.770000e+00 4.482613e-04
9.780000e+00 4.169818e-04
9.790000e+00 3.850803e-04
9.800000e+00 3.525481e-04
9.810000e+00 3.193786e-04
9.820000e+00 2.855672e-04
9.830000e+00 2.511124e-04
9.840000e+00 2.160155e-04
9.850000e+00 1.802821e-04
9.860000e+00 1.439217e-04
9.870000e+00 1.069485e-04
9.880000e+00 6.938187e-05
9.890000e+00 3.124654e-05
9.900000e+00 -7.426915e-06
9.910000e+00 -4.660183e-05
9.920000e+00 -8.623523e-05
9.930000e+00 -1.262777e-04
9.940000e+00 -1.666731e-04
9.950000e+00 -2.073587e-04
9.960000e+00 -2.482653e-04
9.970000e+00 -2.893169e-04
9.980000e+00 -3.304314e-04
9.990000e+00 -3.715205e-04
1.000000e+01 -4.124902e-04
