# sigma2_v 7.704382288941213e+00
0.000000e+00 1.000000e+00
1.000000e-02 9.996149e-01
2.000000e-02 9.984604e-01
3.000000e-02 9.965396e-01
4.000000e-02 9.938573e-01
5.000000e-02 9.904203e-01
6.000000e-02 9.862372e-01
7.000000e-02 9.813186e-01
8.000000e-02 9.756767e-01
9.000000e-02 9.693256e-01
1.000000e-01 9.622809e-01
1.100000e-01 9.545599e-01
1.200000e-01 9.461815e-01
1.300000e-01 9.371658e-01
1.400000e-01 9.275345e-01
1.500000e-01 9.173103e-01
1.600000e-01 9.065171e-01
1.700000e-01 8.951799e-01
1.800000e-01 8.833247e-01
1.900000e-01 8.709782e-01
2.000000e-01 8.581677e-01
2.100000e-01 8.449214e-01
2.200000e-01 8.312677e-01
2.300000e-01 8.172357e-01
2.400000e-01 8.028543e-01
2.500000e-01 7.881531e-01
2.600000e-01 7.731615e-01
2.700000e-01 7.579087e-01
2.800000e-01 7.424240e-01
2.900000e-01 7.267365e-01
3.000000e-01 7.108748e-01
3.100000e-01 6.948673e-01
3.200000e-01 6.787417e-01
3.300000e-01 6.625252e-01
3.400000e-01 6.462445e-01
3.500000e-01 6.299256e-01
3.600000e-01 6.135935e-01
3.700000e-01 5.972727e-01
3.800000e-01 5.809867e-01
3.900000e-01 5.647582e-01
4.000000e-01 5.486089e-01
4.100000e-01 5.325594e-01
4.200000e-01 5.166297e-01
4.300000e-01 5.008385e-01
4.400000e-01 4.852035e-01
4.500000e-01 4.697416e-01
4.600000e-01 4.544684e-01
4.700000e-01 4.393987e-01
4.800000e-01 4.245461e-01
4.900000e-01 4.099233e-01
5.000000e-01 3.955419e-01
5.100000e-01 3.814125e-01
5.200000e-01 3.675449e-01
5.300000e-01 3.539479e-01
5.400000e-01 3.406291e-01
5.500000e-01 3.275954e-01
5.600000e-01 3.148530e-01
5.700000e-01 3.024068e-01
5.800000e-01 2.902613e-01
5.900000e-01 2.784201e-01
6.000000e-01 2.668857e-01
6.100000e-01 2.556604e-01
6.200000e-01 2.447455e-01
6.300000e-01 2.341416e-01
6.400000e-01 2.238488e-01
6.500000e-01 2.138665e-01
6.600000e-01 2.041937e-01
6.700000e-01 1.948286e-01
6.800000e-01 1.857693e-01
6.900000e-01 1.770129e-01
7.000000e-01 1.685566e-01
7.100000e-01 1.603967e-01
7.200000e-01 1.525296e-01
7.300000e-01 1.449509e-01
7.400000e-01 1.376562e-01
7.500000e-01 1.306407e-01
7.600000e-01 1.238993e-01
7.700000e-01 1.174267e-01
7.800000e-01 1.112173e-01
7.900000e-01 1.052654e-01
8.000000e-01 9.956507e-02
8.100000e-01 9.411027e-02
8.200000e-01 8.889479e-02
8.300000e-01 8.391232e-02
8.400000e-01 7.915646e-02
8.500000e-01 7.462073e-02
8.600000e-01 7.029861e-02
8.700000e-01 6.618352e-02
8.800000e-01 6.226887e-02
8.900000e-01 5.854805e-02
9.000000e-01 5.501449e-02
9.100000e-01 5.166160e-02
9.200000e-01 4.848284e-02
9.300000e-01 4.547174e-02
9.400000e-01 4.262186e-02
9.500000e-01 3.992685e-02
9.600000e-01 3.738043e-02
9.700000e-01 3.497641e-02
9.800000e-01 3.270873e-02
9.900000e-01 3.057140e-02
1.000000e+00 2.855859e-02
1.010000e+00 2.666455e-02
1.020000e+00 2.488370e-02
1.030000e+00 2.321058e-02
1.040000e+00 2.163988e-02
1.050000e+00 2.016644e-02
1.060000e+00 1.878523e-02
1.070000e+00 1.749140e-02
1.080000e+00 1.628026e-02
1.090000e+00 1.514725e-02
1.100000e+00 1.408799e-02
1.110000e+00 1.309827e-02
1.120000e+00 1.217402e-02
1.130000e+00 1.131135e-02
1.140000e+00 1.050651e-02
1.150000e+00 9.755940e-03
1.160000e+00 9.056206e-03
1.170000e+00 8.404047e-03
1.180000e+00 7.796351e-03
1.190000e+00 7.230158e-03
1.200000e+00 6.702656e-03
1.210000e+00 6.211176e-03
1.220000e+00 5.753193e-03
1.230000e+00 5.326320e-03
1.240000e+00 4.928305e-03
1.250000e+00 4.557025e-03
1.260000e+00 4.210488e-03
1.270000e+00 3.886822e-03
1.280000e+00 3.584277e-03
1.290000e+00 3.301219e-03
1.300000e+00 3.036124e-03
1.310000e+00 2.787579e-03
1.320000e+00 2.554272e-03
1.330000e+00 2.334994e-03
1.340000e+00 2.128631e-03
1.350000e+00 1.934162e-03
1.360000e+00 1.750653e-03
1.370000e+00 1.577256e-03
1.380000e+00 1.413205e-03
1.390000e+00 1.257809e-03
1.400000e+00 1.110451e-03
1.410000e+00 9.705814e-04
1.420000e+00 8.377187e-04
1.430000e+00 7.114411e-04
1.440000e+00 5.913846e-04
1.450000e+00 4.772389e-04
1.460000e+00 3.687436e-04
1.470000e+00 2.656839e-04
1.480000e+00 1.678870e-04
1.490000e+00 7.521843e-05
1.500000e+00 -1.242239e-05
1.510000e+00 -9.510553e-05
1.520000e+00 -1.728746e-04
1.530000e+00 -2.457503e-04
1.540000e+00 -3.137344e-04
1.550000e+00 -3.768133e-04
1.560000e+00 -4.349614e-04
1.570000e+00 -4.881450e-04
1.580000e+00 -5.363251e-04
1.590000e+00 -5.794612e-04
1.600000e+00 -6.175138e-04
1.610000e+00 -6.504477e-04
1.620000e+00 -6.782348e-04
1.630000e+00 -7.008562e-04
1.640000e+00 -7.183047e-04
1.650000e+00 -7.305870e-04
1.660000e+00 -7.377253e-04
1.670000e+00 -7.397590e-04
1.680000e+00 -7.367458e-04
1.690000e+00 -7.287627e-04
1.700000e+00 -7.159067e-04
1.710000e+00 -6.982954e-04
1.720000e+00 -6.760666e-04
1.730000e+00 -6.493783e-04
1.740000e+00 -6.184085e-04
1.750000e+00 -5.833536e-04
1.760000e+00 -5.444281e-04
1.770000e+00 -5.018626e-04
1.780000e+00 -4.559029e-04
1.790000e+00 -4.068072e-04
1.800000e+00 -3.548450e-04
1.810000e+00 -3.002943e-04
1.820000e+00 -2.434396e-04
1.830000e+00 -1.845692e-04
1.840000e+00 -1.239727e-04
1.850000e+00 -6.193877e-05
1.860000e+00 1.247825e-06
1.870000e+00 6.530853e-05
1.880000e+00 1.299735e-04
1.890000e+00 1.949838e-04
1.900000e+00 2.600939e-04
1.910000e+00 3.250734e-04
1.920000e+00 3.897090e-04
1.930000e+00 4.538058e-04
1.940000e+00 5.171892e-04
1.950000e+00 5.797055e-04
1.960000e+00 6.412226e-04
1.970000e+00 7.016308e-04
1.980000e+00 7.608431e-04
1.990000e+00 8.187946e-04
2.000000e+00 8.754423e-04
2.010000e+00 9.307649e-04
2.020000e+00 9.847610e-04
2.030000e+00 1.037449e-03
2.040000e+00 1.088864e-03
2.050000e+00 1.139059e-03
2.060000e+00 1.188099e-03
2.070000e+00 1.236065e-03
2.080000e+00 1.283044e-03
2.090000e+00 1.329136e-03
2.100000e+00 1.374444e-03
2.110000e+00 1.419076e-03
2.120000e+00 1.463142e-03
2.130000e+00 1.506753e-03
2.140000e+00 1.550016e-03
2.150000e+00 1.593036e-03
2.160000e+00 1.635910e-03
2.170000e+00 1.678729e-03
2.180000e+00 1.721576e-03
2.190000e+00 1.764521e-03
2.200000e+00 1.807625e-03
2.210000e+00 1.850936e-03
2.220000e+00 1.894490e-03
2.230000e+00 1.938308e-03
2.240000e+00 1.982397e-03
2.250000e+00 2.026753e-03
2.260000e+00 2.071354e-03
2.270000e+00 2.116167e-03
2.280000e+00 2.161145e-03
2.290000e+00 2.206229e-03
2.300000e+00 2.251345e-03
2.310000e+00 2.296410e-03
2.320000e+00 2.341330e-03
2.330000e+00 2.386002e-03
2.340000e+00 2.430313e-03
2.350000e+00 2.474145e-03
2.360000e+00 2.517370e-03
2.370000e+00 2.559860e-03
2.380000e+00 2.601479e-03
2.390000e+00 2.642092e-03
2.400000e+00 2.681560e-03
2.410000e+00 2.719748e-03
2.420000e+00 2.756518e-03
2.430000e+00 2.791738e-03
2.440000e+00 2.825279e-03
2.450000e+00 2.857018e-03
2.460000e+00 2.886835e-03
2.470000e+00 2.914622e-03
2.480000e+00 2.940275e-03
2.490000e+00 2.963701e-03
2.500000e+00 2.984817e-03
2.510000e+00 3.003549e-03
2.520000e+00 3.019835e-03
2.530000e+00 3.033625e-03
2.540000e+00 3.044879e-03
2.550000e+00 3.053569e-03
2.560000e+00 3.059681e-03
2.570000e+00 3.063210e-03
2.580000e+00 3.064165e-03
2.590000e+00 3.062564e-03
2.600000e+00 3.058437e-03
2.610000e+00 3.051825e-03
2.620000e+00 3.042777e-03
2.630000e+00 3.031351e-03
2.640000e+00 3.017615e-03
2.650000e+00 3.001641e-03
2.660000e+00 2.983510e-03
2.670000e+00 2.963306e-03
2.680000e+00 2.941120e-03
2.690000e+00 2.917045e-03
2.700000e+00 2.891176e-03
2.710000e+00 2.863610e-03
2.720000e+00 2.834447e-03
2.730000e+00 2.803785e-03
2.740000e+00 2.771724e-03
2.750000e+00 2.738361e-03
2.760000e+00 2.703794e-03
2.770000e+00 2.668119e-03
2.780000e+00 2.631430e-03
2.790000e+00 2.593823e-03
2.800000e+00 2.555389e-03
2.810000e+00 2.516220e-03
2.820000e+00 2.476407e-03
2.830000e+00 2.436042e-03
2.840000e+00 2.395215e-03
2.850000e+00 2.354018e-03
2.860000e+00 2.312545e-03
2.870000e+00 2.270890e-03
2.880000e+00 2.229150e-03
2.890000e+00 2.187424e-03
2.900000e+00 2.145813e-03
2.910000e+00 2.104422e-03
2.920000e+00 2.063358e-03
2.930000e+00 2.022730e-03
2.940000e+00 1.982650e-03
2.950000e+00 1.943231e-03
2.960000e+00 1.904590e-03
2.970000e+00 1.866842e-03
2.980000e+00 1.830102e-03
2.990000e+00 1.794483e-03
3.000000e+00 1.760097e-03
3.010000e+00 1.727051e-03
3.020000e+00 1.695447e-03
3.030000e+00 1.665380e-03
3.040000e+00 1.636939e-03
3.050000e+00 1.610199e-03
3.060000e+00 1.585229e-03
3.070000e+00 1.562083e-03
3.080000e+00 1.540801e-03
3.090000e+00 1.521410e-03
3.100000e+00 1.503922e-03
3.110000e+00 1.488329e-03
3.120000e+00 1.474611e-03
3.130000e+00 1.462727e-03
3.140000e+00 1.452622e-03
3.150000e+00 1.444221e-03
3.160000e+00 1.437435e-03
3.170000e+00 1.432157e-03
3.180000e+00 1.428266e-03
3.190000e+00 1.425627e-03
3.200000e+00 1.424092e-03
3.210000e+00 1.423502e-03
3.220000e+00 1.423690e-03
3.230000e+00 1.424478e-03
3.240000e+00 1.425686e-03
3.250000e+00 1.427128e-03
3.260000e+00 1.428618e-03
3.270000e+00 1.429968e-03
3.280000e+00 1.430994e-03
3.290000e+00 1.431515e-03
3.300000e+00 1.431357e-03
3.310000e+00 1.430352e-03
3.320000e+00 1.428344e-03
3.330000e+00 1.425184e-03
3.340000e+00 1.420737e-03
3.350000e+00 1.414881e-03
3.360000e+00 1.407506e-03
3.370000e+00 1.398518e-03
3.380000e+00 1.387836e-03
3.390000e+00 1.375396e-03
3.400000e+00 1.361147e-03
3.410000e+00 1.345054e-03
3.420000e+00 1.327097e-03
3.430000e+00 1.307271e-03
3.440000e+00 1.285584e-03
3.450000e+00 1.262057e-03
3.460000e+00 1.236725e-03
3.470000e+00 1.209634e-03
3.480000e+00 1.180842e-03
3.490000e+00 1.150417e-03
3.500000e+00 1.118436e-03
3.510000e+00 1.084987e-03
3.520000e+00 1.050163e-03
3.530000e+00 1.014066e-03
3.540000e+00 9.768035e-04
3.550000e+00 9.384874e-04
3.560000e+00 8.992352e-04
3.570000e+00 8.591675e-04
3.580000e+00 8.184076e-04
3.590000e+00 7.770808e-04
3.600000e+00 7.353130e-04
3.610000e+00 6.932306e-04
3.620000e+00 6.509589e-04
3.630000e+00 6.086216e-04
3.640000e+00 5.663396e-04
3.650000e+00 5.242304e-04
3.660000e+00 4.824068e-04
3.670000e+00 4.409761e-04
3.680000e+00 4.000392e-04
3.690000e+00 3.596895e-04
3.700000e+00 3.200119e-04
3.710000e+00 2.810822e-04
3.720000e+00 2.429659e-04
3.730000e+00 2.057175e-04
3.740000e+00 1.693799e-04
3.750000e+00 1.339835e-04
3.760000e+00 9.954600e-05
3.770000e+00 6.607165e-05
3.780000e+00 3.355122e-05
3.790000e+00 1.961775e-06
3.800000e+00 -2.873324e-05
3.810000e+00 -5.858381e-05
3.820000e+00 -8.765294e-05
3.830000e+00 -1.160161e-04
3.840000e+00 -1.437605e-04
3.850000e+00 -1.709842e-04
3.860000e+00 -1.977948e-04
3.870000e+00 -2.243084e-04
3.880000e+00 -2.506485e-04
3.890000e+00 -2.769437e-04
3.900000e+00 -3.033269e-04
3.910000e+00 -3.299332e-04
3.920000e+00 -3.568981e-04
3.930000e+00 -3.843559e-04
3.940000e+00 -4.124378e-04
3.950000e+00 -4.412702e-04
3.960000e+00 -4.709726e-04
3.970000e+00 -5.016565e-04
3.980000e+00 -5.334234e-04
3.990000e+00 -5.663634e-04
4.000000e+00 -6.005539e-04
4.010000e+00 -6.360582e-04
4.020000e+00 -6.729250e-04
4.030000e+00 -7.111870e-04
4.040000e+00 -7.508603e-04
4.050000e+00 -7.919443e-04
4.060000e+00 -8.344211e-04
4.070000e+00 -8.782553e-04
4.080000e+00 -9.233947e-04
4.090000e+00 -9.697699e-04
4.100000e+00 -1.017295e-03
4.110000e+00 -1.065869e-03
4.120000e+00 -1.115376e-03
4.130000e+00 -1.165686e-03
4.140000e+00 -1.216655e-03
4.150000e+00 -1.268130e-03
4.160000e+00 -1.319946e-03
4.170000e+00 -1.371929e-03
4.180000e+00 -1.423901e-03
4.190000e+00 -1.475675e-03
4.200000e+00 -1.527062e-03
4.210000e+00 -1.577870e-03
4.220000e+00 -1.627907e-03
4.230000e+00 -1.676981e-03
4.240000e+00 -1.724906e-03
4.250000e+00 -1.771496e-03
4.260000e+00 -1.816575e-03
4.270000e+00 -1.859972e-03
4.280000e+00 -1.901527e-03
4.290000e+00 -1.941089e-03
4.300000e+00 -1.978520e-03
4.310000e+00 -2.013692e-03
4.320000e+00 -2.046495e-03
4.330000e+00 -2.076829e-03
4.340000e+00 -2.104613e-03
4.350000e+00 -2.129780e-03
4.360000e+00 -2.152280e-03
4.370000e+00 -2.172079e-03
4.380000e+00 -2.189160e-03
4.390000e+00 -2.203521e-03
4.400000e+00 -2.215176e-03
4.410000e+00 -2.224157e-03
4.420000e+00 -2.230507e-03
4.430000e+00 -2.234284e-03
4.440000e+00 -2.235560e-03
4.450000e+00 -2.234417e-03
4.460000e+00 -2.230946e-03
4.470000e+00 -2.225250e-03
4.480000e+00 -2.217434e-03
4.490000e+00 -2.207613e-03
4.500000e+00 -2.195902e-03
4.510000e+00 -2.182419e-03
4.520000e+00 -2.167284e-03
4.530000e+00 -2.150612e-03
4.540000e+00 -2.132518e-03
4.550000e+00 -2.113108e-03
4.560000e+00 -2.092485e-03
4.570000e+00 -2.070744e-03
4.580000e+00 -2.047970e-03
4.590000e+00 -2.024238e-03
4.600000e+00 -1.999613e-03
4.610000e+00 -1.974149e-03
4.620000e+00 -1.947888e-03
4.630000e+00 -1.920862e-03
4.640000e+00 -1.893089e-03
4.650000e+00 -1.864579e-03
4.660000e+00 -1.835328e-03
4.670000e+00 -1.805325e-03
4.680000e+00 -1.774551e-03
4.690000e+00 -1.742978e-03
4.700000e+00 -1.710572e-03
4.710000e+00 -1.677296e-03
4.720000e+00 -1.643110e-03
4.730000e+00 -1.607972e-03
4.740000e+00 -1.571841e-03
4.750000e+00 -1.534680e-03
4.760000e+00 -1.496455e-03
4.770000e+00 -1.457136e-03
4.780000e+00 -1.416704e-03
4.790000e+00 -1.375147e-03
4.800000e+00 -1.332463e-03
4.810000e+00 -1.288662e-03
4.820000e+00 -1.243767e-03
4.830000e+00 -1.197811e-03
4.840000e+00 -1.150844e-03
4.850000e+00 -1.102928e-03
4.860000e+00 -1.054140e-03
4.870000e+00 -1.004569e-03
4.880000e+00 -9.543176e-04
4.890000e+00 -9.035019e-04
4.900000e+00 -8.522487e-04
4.910000e+00 -8.006953e-04
4.920000e+00 -7.489883e-04
4.930000e+00 -6.972820e-04
4.940000e+00 -6.457368e-04
4.950000e+00 -5.945176e-04
4.960000e+00 -5.437920e-04
4.970000e+00 -4.937282e-04
4.980000e+00 -4.444934e-04
4.990000e+00 -3.962520e-04
5.000000e+00 -3.491632e-04
5.010000e+00 -3.033800e-04
5.020000e+00 -2.590467e-04
5.030000e+00 -2.162976e-04
5.040000e+00 -1.752556e-04
5.050000e+00 -1.360304e-04
5.060000e+00 -9.871780e-05
5.070000e+00 -6.339811e-05
5.080000e+00 -3.013561e-05
5.090000e+00 1.022258e-06
5.100000e+00 3.004543e-05
5.110000e+00 5.692144e-05
5.120000e+00 8.165558e-05
5.130000e+00 1.042707e-04
5.140000e+00 1.248071e-04
5.150000e+00 1.433216e-04
5.160000e+00 1.598874e-04
5.170000e+00 1.745926e-04
5.180000e+00 1.875397e-04
5.190000e+00 1.988439e-04
5.200000e+00 2.086320e-04
5.210000e+00 2.170409e-04
5.220000e+00 2.242156e-04
5.230000e+00 2.303082e-04
5.240000e+00 2.354753e-04
5.250000e+00 2.398767e-04
5.260000e+00 2.436733e-04
5.270000e+00 2.470251e-04
5.280000e+00 2.500893e-04
5.290000e+00 2.530187e-04
5.300000e+00 2.559592e-04
5.310000e+00 2.590489e-04
5.320000e+00 2.624156e-04
5.330000e+00 2.661757e-04
5.340000e+00 2.704326e-04
5.350000e+00 2.752755e-04
5.360000e+00 2.807781e-04
5.370000e+00 2.869976e-04
5.380000e+00 2.939744e-04
5.390000e+00 3.017309e-04
5.400000e+00 3.102717e-04
5.410000e+00 3.195831e-04
5.420000e+00 3.296332e-04
5.430000e+00 3.403725e-04
5.440000e+00 3.517341e-04
5.450000e+00 3.636345e-04
5.460000e+00 3.759743e-04
5.470000e+00 3.886398e-04
5.480000e+00 4.015035e-04
5.490000e+00 4.144261e-04
5.500000e+00 4.272575e-04
5.510000e+00 4.398387e-04
5.520000e+00 4.520034e-04
5.530000e+00 4.635798e-04
5.540000e+00 4.743919e-04
5.550000e+00 4.842621e-04
5.560000e+00 4.930121e-04
5.570000e+00 5.004651e-04
5.580000e+00 5.064473e-04
5.590000e+00 5.107895e-04
5.600000e+00 5.133287e-04
5.610000e+00 5.139092e-04
5.620000e+00 5.123841e-04
5.630000e+00 5.086166e-04
5.640000e+00 5.024805e-04
5.650000e+00 4.938614e-04
5.660000e+00 4.826578e-04
5.670000e+00 4.687809e-04
5.680000e+00 4.521558e-04
5.690000e+00 4.327217e-04
5.700000e+00 4.104318e-04
5.710000e+00 3.852541e-04
5.720000e+00 3.571709e-04
5.730000e+00 3.261790e-04
5.740000e+00 2.922899e-04
5.750000e+00 2.555292e-04
5.760000e+00 2.159368e-04
5.770000e+00 1.735663e-04
5.780000e+00 1.284851e-04
5.790000e+00 8.077419e-05
5.800000e+00 3.052735e-05
5.810000e+00 -2.214866e-05
5.820000e+00 -7.713462e-05
5.830000e+00 -1.342992e-04
5.840000e+00 -1.934991e-04
5.850000e+00 -2.545798e-04
5.860000e+00 -3.173755e-04
5.870000e+00 -3.817100e-04
5.880000e+00 -4.473968e-04
5.890000e+00 -5.142395e-04
5.900000e+00 -5.820327e-04
5.910000e+00 -6.505625e-04
5.920000e+00 -7.196069e-04
5.930000e+00 -7.889368e-04
5.940000e+00 -8.583164e-04
5.950000e+00 -9.275047e-04
5.960000e+00 -9.962557e-04
5.970000e+00 -1.064320e-03
5.980000e+00 -1.131445e-03
5.990000e+00 -1.197379e-03
6.000000e+00 -1.261866e-03
6.010000e+00 -1.324654e-03
6.020000e+00 -1.385494e-03
6.030000e+00 -1.444138e-03
6.040000e+00 -1.500346e-03
6.050000e+00 -1.553883e-03
6.060000e+00 -1.604523e-03
6.070000e+00 -1.652047e-03
6.080000e+00 -1.696251e-03
6.090000e+00 -1.736941e-03
6.100000e+00 -1.773935e-03
6.110000e+00 -1.807070e-03
6.120000e+00 -1.836195e-03
6.130000e+00 -1.861178e-03
6.140000e+00 -1.881906e-03
6.150000e+00 -1.898285e-03
6.160000e+00 -1.910240e-03
6.170000e+00 -1.917716e-03
6.180000e+00 -1.920681e-03
6.190000e+00 -1.919125e-03
6.200000e+00 -1.913058e-03
6.210000e+00 -1.902513e-03
6.220000e+00 -1.887545e-03
6.230000e+00 -1.868231e-03
6.240000e+00 -1.844669e-03
6.250000e+00 -1.816980e-03
6.260000e+00 -1.785301e-03
6.270000e+00 -1.749794e-03
6.280000e+00 -1.710636e-03
6.290000e+00 -1.668023e-03
6.300000e+00 -1.622166e-03
6.310000e+00 -1.573292e-03
6.320000e+00 -1.521642e-03
6.330000e+00 -1.467467e-03
6.340000e+00 -1.411030e-03
6.350000e+00 -1.352601e-03
6.360000e+00 -1.292456e-03
6.370000e+00 -1.230876e-03
6.380000e+00 -1.168144e-03
6.390000e+00 -1.104544e-03
6.400000e+00 -1.040357e-03
6.410000e+00 -9.758600e-04
6.420000e+00 -9.113240e-04
6.430000e+00 -8.470121e-04
6.440000e+00 -7.831771e-04
6.450000e+00 -7.200599e-04
6.460000e+00 -6.578876e-04
6.470000e+00 -5.968722e-04
6.480000e+00 -5.372088e-04
6.490000e+00 -4.790748e-04
6.500000e+00 -4.226283e-04
6.510000e+00 -3.680078e-04
6.520000e+00 -3.153315e-04
6.530000e+00 -2.646966e-04
6.540000e+00 -2.161799e-04
6.550000e+00 -1.698373e-04
6.560000e+00 -1.257046e-04
6.570000e+00 -8.379815e-05
6.580000e+00 -4.411555e-05
6.590000e+00 -6.636995e-06
6.600000e+00 2.867349e-05
6.610000e+00 6.186654e-05
6.620000e+00 9.300578e-05
6.630000e+00 1.221661e-04
6.640000e+00 1.494315e-04
6.650000e+00 1.748938e-04
6.660000e+00 1.986498e-04
6.670000e+00 2.208000e-04
6.680000e+00 2.414465e-04
6.690000e+00 2.606911e-04
6.700000e+00 2.786335e-04
6.710000e+00 2.953700e-04
6.720000e+00 3.109920e-04
6.730000e+00 3.255844e-04
6.740000e+00 3.392251e-04
6.750000e+00 3.519842e-04
6.760000e+00 3.639228e-04
6.770000e+00 3.750933e-04
6.780000e+00 3.855392e-04
6.790000e+00 3.952949e-04
6.800000e+00 4.043865e-04
6.810000e+00 4.128317e-04
6.820000e+00 4.206413e-04
6.830000e+00 4.278195e-04
6.840000e+00 4.343650e-04
6.850000e+00 4.402722e-04
6.860000e+00 4.455323e-04
6.870000e+00 4.501347e-04
6.880000e+00 4.540680e-04
6.890000e+00 4.573211e-04
6.900000e+00 4.598848e-04
6.910000e+00 4.617525e-04
6.920000e+00 4.629213e-04
6.930000e+00 4.633929e-04
6.940000e+00 4.631746e-04
6.950000e+00 4.622794e-04
6.960000e+00 4.607269e-04
6.970000e+00 4.585434e-04
6.980000e+00 4.557623e-04
6.990000e+00 4.524238e-04
7.000000e+00 4.485750e-04
7.010000e+00 4.442696e-04
7.020000e+00 4.395674e-04
7.030000e+00 4.345341e-04
7.040000e+00 4.292403e-04
7.050000e+00 4.237616e-04
7.060000e+00 4.181770e-04
7.070000e+00 4.125690e-04
7.080000e+00 4.070222e-04
7.090000e+00 4.016232e-04
7.100000e+00 3.964595e-04
7.110000e+00 3.916187e-04
7.120000e+00 3.871882e-04
7.130000e+00 3.832544e-04
7.140000e+00 3.799020e-04
7.150000e+00 3.772139e-04
7.160000e+00 3.752702e-04
7.170000e+00 3.741482e-04
7.180000e+00 3.739216e-04
7.190000e+00 3.746607e-04
7.200000e+00 3.764318e-04
7.210000e+00 3.792969e-04
7.220000e+00 3.833136e-04
7.230000e+00 3.885347e-04
7.240000e+00 3.950083e-04
7.250000e+00 4.027773e-04
7.260000e+00 4.118795e-04
7.270000e+00 4.223471e-04
7.280000e+00 4.342069e-04
7.290000e+00 4.474799e-04
7.300000e+00 4.621811e-04
7.310000e+00 4.783196e-04
7.320000e+00 4.958985e-04
7.330000e+00 5.149146e-04
7.340000e+00 5.353584e-04
7.350000e+00 5.572145e-04
7.360000e+00 5.804611e-04
7.370000e+00 6.050707e-04
7.380000e+00 6.310098e-04
7.390000e+00 6.582395e-04
7.400000e+00 6.867158e-04
7.410000e+00 7.163899e-04
7.420000e+00 7.472087e-04
7.430000e+00 7.791155e-04
7.440000e+00 8.120506e-04
7.450000e+00 8.459516e-04
7.460000e+00 8.807547e-04
7.470000e+00 9.163948e-04
7.480000e+00 9.528068e-04
7.490000e+00 9.899257e-04
7.500000e+00 1.027688e-03
7.510000e+00 1.066030e-03
7.520000e+00 1.104893e-03
7.530000e+00 1.144219e-03
7.540000e+00 1.183954e-03
7.550000e+00 1.224044e-03
7.560000e+00 1.264441e-03
7.570000e+00 1.305100e-03
7.580000e+00 1.345976e-03
7.590000e+00 1.387028e-03
7.600000e+00 1.428215e-03
7.610000e+00 1.469498e-03
7.620000e+00 1.510836e-03
7.630000e+00 1.552188e-03
7.640000e+00 1.593510e-03
7.650000e+00 1.634754e-03
7.660000e+00 1.675867e-03
7.670000e+00 1.716790e-03
7.680000e+00 1.757457e-03
7.690000e+00 1.797792e-03
7.700000e+00 1.837710e-03
7.710000e+00 1.877117e-03
7.720000e+00 1.915904e-03
7.730000e+00 1.953954e-03
7.740000e+00 1.991136e-03
7.750000e+00 2.027308e-03
7.760000e+00 2.062315e-03
7.770000e+00 2.095991e-03
7.780000e+00 2.128160e-03
7.790000e+00 2.158636e-03
7.800000e+00 2.187227e-03
7.810000e+00 2.213733e-03
7.820000e+00 2.237951e-03
7.830000e+00 2.259676e-03
7.840000e+00 2.278703e-03
7.850000e+00 2.294830e-03
7.860000e+00 2.307862e-03
7.870000e+00 2.317613e-03
7.880000e+00 2.323905e-03
7.890000e+00 2.326577e-03
7.900000e+00 2.325483e-03
7.910000e+00 2.320498e-03
7.920000e+00 2.311517e-03
7.930000e+00 2.298457e-03
7.940000e+00 2.281263e-03
7.950000e+00 2.259904e-03
7.960000e+00 2.234377e-03
7.970000e+00 2.204709e-03
7.980000e+00 2.170954e-03
7.990000e+00 2.133194e-03
8.000000e+00 2.091539e-03
8.010000e+00 2.046128e-03
8.020000e+00 1.997123e-03
8.030000e+00 1.944709e-03
8.040000e+00 1.889097e-03
8.050000e+00 1.830513e-03
8.060000e+00 1.769201e-03
8.070000e+00 1.705420e-03
8.080000e+00 1.639439e-03
8.090000e+00 1.571533e-03
8.100000e+00 1.501984e-03
8.110000e+00 1.431073e-03
8.120000e+00 1.359078e-03
8.130000e+00 1.286275e-03
8.140000e+00 1.212927e-03
8.150000e+00 1.139289e-03
8.160000e+00 1.065600e-03
8.170000e+00 9.920833e-04
8.180000e+00 9.189434e-04
8.190000e+00 8.463647e-04
8.200000e+00 7.745094e-04
8.210000e+00 7.035170e-04
8.220000e+00 6.335034e-04
8.230000e+00 5.645605e-04
8.240000e+00 4.967561e-04
8.250000e+00 4.301345e-04
8.260000e+00 3.647169e-04
8.270000e+00 3.005025e-04
8.280000e+00 2.374698e-04
8.290000e+00 1.755782e-04
8.300000e+00 1.147694e-04
8.310000e+00 5.496993e-05
8.320000e+00 -3.907212e-06
8.330000e+00 -6.196011e-05
8.340000e+00 -1.192957e-04
8.350000e+00 -1.760273e-04
8.360000e+00 -2.322724e-04
8.370000e+00 -2.881502e-04
8.380000e+00 -3.437792e-04
8.390000e+00 -3.992754e-04
8.400000e+00 -4.547499e-04
8.410000e+00 -5.103069e-04
8.420000e+00 -5.660421e-04
8.430000e+00 -6.220411e-04
8.440000e+00 -6.783781e-04
8.450000e+00 -7.351144e-04
8.460000e+00 -7.922979e-04
8.470000e+00 -8.499619e-04
8.480000e+00 -9.081250e-04
8.490000e+00 -9.667905e-04
8.500000e+00 -1.025947e-03
8.510000e+00 -1.085567e-03
8.520000e+00 -1.145609e-03
8.530000e+00 -1.206019e-03
8.540000e+00 -1.266726e-03
8.550000e+00 -1.327650e-03
8.560000e+00 -1.388698e-03
8.570000e+00 -1.449767e-03
8.580000e+00 -1.510745e-03
8.590000e+00 -1.571513e-03
8.600000e+00 -1.631944e-03
8.610000e+00 -1.691910e-03
8.620000e+00 -1.751276e-03
8.630000e+00 -1.809907e-03
8.640000e+00 -1.867668e-03
8.650000e+00 -1.924426e-03
8.660000e+00 -1.980048e-03
8.670000e+00 -2.034408e-03
8.680000e+00 -2.087383e-03
8.690000e+00 -2.138858e-03
8.700000e+00 -2.188725e-03
8.710000e+00 -2.236883e-03
8.720000e+00 -2.283242e-03
8.730000e+00 -2.327722e-03
8.740000e+00 -2.370250e-03
8.750000e+00 -2.410768e-03
8.760000e+00 -2.449225e-03
8.770000e+00 -2.485585e-03
8.780000e+00 -2.519821e-03
8.790000e+00 -2.551916e-03
8.800000e+00 -2.581864e-03
8.810000e+00 -2.609672e-03
8.820000e+00 -2.635353e-03
8.830000e+00 -2.658931e-03
8.840000e+00 -2.680439e-03
8.850000e+00 -2.699917e-03
8.860000e+00 -2.717411e-03
8.870000e+00 -2.732974e-03
8.880000e+00 -2.746665e-03
8.890000e+00 -2.758547e-03
8.900000e+00 -2.768683e-03
8.910000e+00 -2.777144e-03
8.920000e+00 -2.783997e-03
8.930000e+00 -2.789311e-03
8.940000e+00 -2.793156e-03
8.950000e+00 -2.795598e-03
8.960000e+00 -2.796702e-03
8.970000e+00 -2.796529e-03
8.980000e+00 -2.795135e-03
8.990000e+00 -2.792573e-03
9.000000e+00 -2.788888e-03
9.010000e+00 -2.784121e-03
9.020000e+00 -2.778304e-03
9.030000e+00 -2.771464e-03
9.040000e+00 -2.763618e-03
9.050000e+00 -2.754778e-03
9.060000e+00 -2.744947e-03
9.070000e+00 -2.734117e-03
9.080000e+00 -2.722278e-03
9.090000e+00 -2.709406e-03
9.100000e+00 -2.695475e-03
9.110000e+00 -2.680448e-03
9.120000e+00 -2.664283e-03
9.130000e+00 -2.646934e-03
9.140000e+00 -2.628347e-03
9.150000e+00 -2.608466e-03
9.160000e+00 -2.587231e-03
9.170000e+00 -2.564581e-03
9.180000e+00 -2.540451e-03
9.190000e+00 -2.514781e-03
9.200000e+00 -2.487508e-03
9.210000e+00 -2.458574e-03
9.220000e+00 -2.427927e-03
9.230000e+00 -2.395515e-03
9.240000e+00 -2.361299e-03
9.250000e+00 -2.325242e-03
9.260000e+00 -2.287321e-03
9.270000e+00 -2.247519e-03
9.280000e+00 -2.205832e-03
9.290000e+00 -2.162268e-03
9.300000e+00 -2.116846e-03
9.310000e+00 -2.069599e-03
9.320000e+00 -2.020573e-03
9.330000e+00 -1.969827e-03
9.340000e+00 -1.917432e-03
9.350000e+00 -1.863475e-03
9.360000e+00 -1.808053e-03
9.370000e+00 -1.751275e-03
9.380000e+00 -1.693263e-03
9.390000e+00 -1.634147e-03
9.400000e+00 -1.574066e-03
9.410000e+00 -1.513168e-03
9.420000e+00 -1.451606e-03
9.430000e+00 -1.389538e-03
9.440000e+00 -1.327124e-03
9.450000e+00 -1.264528e-03
9.460000e+00 -1.201912e-03
9.470000e+00 -1.139437e-03
9.480000e+00 -1.077261e-03
9.490000e+00 -1.015536e-03
9.500000e+00 -9.544100e-04
9.510000e+00 -8.940234e-04
9.520000e+00 -8.345076e-04
9.530000e+00 -7.759856e-04
9.540000e+00 -7.185703e-04
9.550000e+00 -6.623642e-04
9.560000e+00 -6.074594e-04
9.570000e+00 -5.539367e-04
9.580000e+00 -5.018664e-04
9.590000e+00 -4.513080e-04
9.600000e+00 -4.023109e-04
9.610000e+00 -3.549145e-04
9.620000e+00 -3.091494e-04
9.630000e+00 -2.650375e-04
9.640000e+00 -2.225936e-04
9.650000e+00 -1.818254e-04
9.660000e+00 -1.427354e-04
9.670000e+00 -1.053211e-04
9.680000e+00 -6.957619e-05
9.690000e+00 -3.549149e-05
9.700000e+00 -3.055730e-06
9.710000e+00 2.774370e-05
9.720000e+00 5.692012e-05
9.730000e+00 8.448695e-05
9.740000e+00 1.104573e-04
9.750000e+00 1.348438e-04
9.760000e+00 1.576579e-04
9.770000e+00 1.789106e-04
9.780000e+00 1.986118e-04
9.790000e+00 2.167706e-04
9.800000e+00 2.333958e-04
9.810000e+00 2.484960e-04
9.820000e+00 2.620799e-04
9.830000e+00 2.741570e-04
9.840000e+00 2.847378e-04
9.850000e+00 2.938344e-04
9.860000e+00 3.014609e-04
9.870000e+00 3.076340e-04
9.880000e+00 3.123731e-04
9.890000e+00 3.157011e-04
9.900000e+00 3.176441e-04
9.910000e+00 3.182322e-04
9.920000e+00 3.174995e-04
9.930000e+00 3.154839e-04
9.940000e+00 3.122275e-04
9.950000e+00 3.077761e-04
9.960000e+00 3.021795e-04
9.970000e+00 2.954909e-04
9.980000e+00 2.877670e-04
9.990000e+00 2.790672e-04
1.000000e+01 2.694538e-04
