# sigma2_v 9.143841457814727e+00
0.000000e+00 1.000000e+00
1.000000e-02 9.995429e-01
2.000000e-02 9.981730e-01
3.000000e-02 9.958945e-01
4.000000e-02 9.927139e-01
5.000000e-02 9.886409e-01
6.000000e-02 9.836874e-01
7.000000e-02 9.778679e-01
8.000000e-02 9.711996e-01
9.000000e-02 9.637019e-01
1.000000e-01 9.553964e-01
1.100000e-01 9.463070e-01
1.200000e-01 9.364595e-01
1.300000e-01 9.258817e-01
1.400000e-01 9.146031e-01
1.500000e-01 9.026548e-01
1.600000e-01 8.900694e-01
1.700000e-01 8.768807e-01
1.800000e-01 8.631238e-01
1.900000e-01 8.488346e-01
2.000000e-01 8.340499e-01
2.100000e-01 8.188069e-01
2.200000e-01 8.031436e-01
2.300000e-01 7.870981e-01
2.400000e-01 7.707086e-01
2.500000e-01 7.540135e-01
2.600000e-01 7.370507e-01
2.700000e-01 7.198581e-01
2.800000e-01 7.024729e-01
2.900000e-01 6.849320e-01
3.000000e-01 6.672713e-01
3.100000e-01 6.495259e-01
3.200000e-01 6.317302e-01
3.300000e-01 6.139173e-01
3.400000e-01 5.961194e-01
3.500000e-01 5.783673e-01
3.600000e-01 5.606906e-01
3.700000e-01 5.431176e-01
3.800000e-01 5.256753e-01
3.900000e-01 5.083891e-01
4.000000e-01 4.912829e-01
4.100000e-01 4.743794e-01
4.200000e-01 4.576995e-01
4.300000e-01 4.412628e-01
4.400000e-01 4.250873e-01
4.500000e-01 4.091894e-01
4.600000e-01 3.935842e-01
4.700000e-01 3.782852e-01
4.800000e-01 3.633046e-01
4.900000e-01 3.486531e-01
5.000000e-01 3.343399e-01
5.100000e-01 3.203731e-01
5.200000e-01 3.067593e-01
5.300000e-01 2.935041e-01
5.400000e-01 2.806117e-01
5.500000e-01 2.680852e-01
5.600000e-01 2.559267e-01
5.700000e-01 2.441373e-01
5.800000e-01 2.327169e-01
5.900000e-01 2.216647e-01
6.000000e-01 2.109790e-01
6.100000e-01 2.006573e-01
6.200000e-01 1.906964e-01
6.300000e-01 1.810924e-01
6.400000e-01 1.718406e-01
6.500000e-01 1.629361e-01
6.600000e-01 1.543731e-01
6.700000e-01 1.461457e-01
6.800000e-01 1.382473e-01
6.900000e-01 1.306711e-01
7.000000e-01 1.234099e-01
7.100000e-01 1.164564e-01
7.200000e-01 1.098028e-01
7.300000e-01 1.034413e-01
7.400000e-01 9.736394e-02
7.500000e-01 9.156267e-02
7.600000e-01 8.602928e-02
7.700000e-01 8.075557e-02
7.800000e-01 7.573331e-02
7.900000e-01 7.095428e-02
8.000000e-01 6.641028e-02
8.100000e-01 6.209320e-02
8.200000e-01 5.799496e-02
8.300000e-01 5.410762e-02
8.400000e-01 5.042330e-02
8.500000e-01 4.693428e-02
8.600000e-01 4.363296e-02
8.700000e-01 4.051187e-02
8.800000e-01 3.756372e-02
8.900000e-01 3.478137e-02
9.000000e-01 3.215783e-02
9.100000e-01 2.968631e-02
9.200000e-01 2.736017e-02
9.300000e-01 2.517295e-02
9.400000e-01 2.311838e-02
9.500000e-01 2.119037e-02
9.600000e-01 1.938299e-02
9.700000e-01 1.769051e-02
9.800000e-01 1.610737e-02
9.900000e-01 1.462819e-02
1.000000e+00 1.324776e-02
1.010000e+00 1.196105e-02
1.020000e+00 1.076319e-02
1.030000e+00 9.649506e-03
1.040000e+00 8.615457e-03
1.050000e+00 7.656689e-03
1.060000e+00 6.769002e-03
1.070000e+00 5.948358e-03
1.080000e+00 5.190876e-03
1.090000e+00 4.492827e-03
1.100000e+00 3.850637e-03
1.110000e+00 3.260881e-03
1.120000e+00 2.720278e-03
1.130000e+00 2.225695e-03
1.140000e+00 1.774137e-03
1.150000e+00 1.362751e-03
1.160000e+00 9.888175e-04
1.170000e+00 6.497527e-04
1.180000e+00 3.431015e-04
1.190000e+00 6.653670e-05
1.200000e+00 -1.821449e-04
1.210000e+00 -4.050252e-04
1.220000e+00 -6.040689e-04
1.230000e+00 -7.811260e-04
1.240000e+00 -9.379366e-04
1.250000e+00 -1.076133e-03
1.260000e+00 -1.197246e-03
1.270000e+00 -1.302706e-03
1.280000e+00 -1.393848e-03
1.290000e+00 -1.471917e-03
1.300000e+00 -1.538069e-03
1.310000e+00 -1.593380e-03
1.320000e+00 -1.638845e-03
1.330000e+00 -1.675384e-03
1.340000e+00 -1.703848e-03
1.350000e+00 -1.725019e-03
1.360000e+00 -1.739619e-03
1.370000e+00 -1.748308e-03
1.380000e+00 -1.751694e-03
1.390000e+00 -1.750330e-03
1.400000e+00 -1.744725e-03
1.410000e+00 -1.735338e-03
1.420000e+00 -1.722592e-03
1.430000e+00 -1.706868e-03
1.440000e+00 -1.688511e-03
1.450000e+00 -1.667834e-03
1.460000e+00 -1.645121e-03
1.470000e+00 -1.620625e-03
1.480000e+00 -1.594573e-03
1.490000e+00 -1.567171e-03
1.500000e+00 -1.538600e-03
1.510000e+00 -1.509021e-03
1.520000e+00 -1.478578e-03
1.530000e+00 -1.447397e-03
1.540000e+00 -1.415585e-03
1.550000e+00 -1.383239e-03
1.560000e+00 -1.350440e-03
1.570000e+00 -1.317256e-03
1.580000e+00 -1.283746e-03
1.590000e+00 -1.249956e-03
1.600000e+00 -1.215923e-03
1.610000e+00 -1.181677e-03
1.620000e+00 -1.147237e-03
1.630000e+00 -1.112617e-03
1.640000e+00 -1.077823e-03
1.650000e+00 -1.042855e-03
1.660000e+00 -1.007707e-03
1.670000e+00 -9.723706e-04
1.680000e+00 -9.368298e-04
1.690000e+00 -9.010665e-04
1.700000e+00 -8.650586e-04
1.710000e+00 -8.287810e-04
1.720000e+00 -7.922063e-04
1.730000e+00 -7.553048e-04
1.740000e+00 -7.180451e-04
1.750000e+00 -6.803945e-04
1.760000e+00 -6.423196e-04
1.770000e+00 -6.037861e-04
1.780000e+00 -5.647599e-04
1.790000e+00 -5.252069e-04
1.800000e+00 -4.850938e-04
1.810000e+00 -4.443883e-04
1.820000e+00 -4.030596e-04
1.830000e+00 -3.610785e-04
1.840000e+00 -3.184184e-04
1.850000e+00 -2.750551e-04
1.860000e+00 -2.309676e-04
1.870000e+00 -1.861386e-04
1.880000e+00 -1.405544e-04
1.890000e+00 -9.420620e-05
1.900000e+00 -4.708953e-05
1.910000e+00 7.946205e-07
1.920000e+00 4.943973e-05
1.930000e+00 9.883332e-05
1.940000e+00 1.489567e-04
1.950000e+00 1.997845e-04
1.960000e+00 2.512847e-04
1.970000e+00 3.034183e-04
1.980000e+00 3.561394e-04
1.990000e+00 4.093947e-04
2.000000e+00 4.631240e-04
2.010000e+00 5.172602e-04
2.020000e+00 5.717293e-04
2.030000e+00 6.264509e-04
2.040000e+00 6.813384e-04
2.050000e+00 7.362993e-04
2.060000e+00 7.912361e-04
2.070000e+00 8.460465e-04
2.080000e+00 9.006241e-04
2.090000e+00 9.548592e-04
2.100000e+00 1.008639e-03
2.110000e+00 1.061850e-03
2.120000e+00 1.114376e-03
2.130000e+00 1.166102e-03
2.140000e+00 1.216911e-03
2.150000e+00 1.266690e-03
2.160000e+00 1.315326e-03
2.170000e+00 1.362710e-03
2.180000e+00 1.408734e-03
2.190000e+00 1.453297e-03
2.200000e+00 1.496299e-03
2.210000e+00 1.537646e-03
2.220000e+00 1.577250e-03
2.230000e+00 1.615027e-03
2.240000e+00 1.650899e-03
2.250000e+00 1.684794e-03
2.260000e+00 1.716644e-03
2.270000e+00 1.746388e-03
2.280000e+00 1.773971e-03
2.290000e+00 1.799342e-03
2.300000e+00 1.822454e-03
2.310000e+00 1.843269e-03
2.320000e+00 1.861749e-03
2.330000e+00 1.877864e-03
2.340000e+00 1.891586e-03
2.350000e+00 1.902893e-03
2.360000e+00 1.911765e-03
2.370000e+00 1.918187e-03
2.380000e+00 1.922149e-03
2.390000e+00 1.923643e-03
2.400000e+00 1.922666e-03
2.410000e+00 1.919221e-03
2.420000e+00 1.913312e-03
2.430000e+00 1.904952e-03
2.440000e+00 1.894157e-03
2.450000e+00 1.880950e-03
2.460000e+00 1.865361e-03
2.470000e+00 1.847427e-03
2.480000e+00 1.827192e-03
2.490000e+00 1.804710e-03
2.500000e+00 1.780042e-03
2.510000e+00 1.753261e-03
2.520000e+00 1.724448e-03
2.530000e+00 1.693695e-03
2.540000e+00 1.661104e-03
2.550000e+00 1.626790e-03
2.560000e+00 1.590876e-03
2.570000e+00 1.553496e-03
2.580000e+00 1.514797e-03
2.590000e+00 1.474932e-03
2.600000e+00 1.434064e-03
2.610000e+00 1.392365e-03
2.620000e+00 1.350011e-03
2.630000e+00 1.307187e-03
2.640000e+00 1.264079e-03
2.650000e+00 1.220876e-03
2.660000e+00 1.177768e-03
2.670000e+00 1.134942e-03
2.680000e+00 1.092584e-03
2.690000e+00 1.050871e-03
2.700000e+00 1.009976e-03
2.710000e+00 9.700584e-04
2.720000e+00 9.312695e-04
2.730000e+00 8.937447e-04
2.740000e+00 8.576045e-04
2.750000e+00 8.229526e-04
2.760000e+00 7.898739e-04
2.770000e+00 7.584336e-04
2.780000e+00 7.286764e-04
2.790000e+00 7.006255e-04
2.800000e+00 6.742823e-04
2.810000e+00 6.496267e-04
2.820000e+00 6.266166e-04
2.830000e+00 6.051893e-04
2.840000e+00 5.852616e-04
2.850000e+00 5.667316e-04
2.860000e+00 5.494798e-04
2.870000e+00 5.333713e-04
2.880000e+00 5.182570e-04
2.890000e+00 5.039768e-04
2.900000e+00 4.903613e-04
2.910000e+00 4.772345e-04
2.920000e+00 4.644166e-04
2.930000e+00 4.517268e-04
2.940000e+00 4.389855e-04
2.950000e+00 4.260177e-04
2.960000e+00 4.126550e-04
2.970000e+00 3.987386e-04
2.980000e+00 3.841212e-04
2.990000e+00 3.686694e-04
3.000000e+00 3.522656e-04
3.010000e+00 3.348094e-04
3.020000e+00 3.162193e-04
3.030000e+00 2.964336e-04
3.040000e+00 2.754107e-04
3.050000e+00 2.531300e-04
3.060000e+00 2.295919e-04
3.070000e+00 2.048169e-04
3.080000e+00 1.788457e-04
3.090000e+00 1.517375e-04
3.100000e+00 1.235693e-04
3.110000e+00 9.443405e-05
3.120000e+00 6.443907e-05
3.130000e+00 3.370382e-05
3.140000e+00 2.357862e-06
3.150000e+00 -2.946147e-05
3.160000e+00 -6.161144e-05
3.170000e+00 -9.394641e-05
3.180000e+00 -1.263203e-04
3.190000e+00 -1.585888e-04
3.200000e+00 -1.906122e-04
3.210000e+00 -2.222571e-04
3.220000e+00 -2.533988e-04
3.230000e+00 -2.839231e-04
3.240000e+00 -3.137280e-04
3.250000e+00 -3.427252e-04
3.260000e+00 -3.708412e-04
3.270000e+00 -3.980183e-04
3.280000e+00 -4.242150e-04
3.290000e+00 -4.494069e-04
3.300000e+00 -4.735860e-04
3.310000e+00 -4.967609e-04
3.320000e+00 -5.189564e-04
3.330000e+00 -5.402120e-04
3.340000e+00 -5.605819e-04
3.350000e+00 -5.801327e-04
3.360000e+00 -5.989425e-04
3.370000e+00 -6.170990e-04
3.380000e+00 -6.346980e-04
3.390000e+00 -6.518411e-04
3.400000e+00 -6.686336e-04
3.410000e+00 -6.851832e-04
3.420000e+00 -7.015968e-04
3.430000e+00 -7.179795e-04
3.440000e+00 -7.344319e-04
3.450000e+00 -7.510483e-04
3.460000e+00 -7.679152e-04
3.470000e+00 -7.851093e-04
3.480000e+00 -8.026959e-04
3.490000e+00 -8.207280e-04
3.500000e+00 -8.392447e-04
3.510000e+00 -8.582704e-04
3.520000e+00 -8.778144e-04
3.530000e+00 -8.978700e-04
3.540000e+00 -9.184145e-04
3.550000e+00 -9.394093e-04
3.560000e+00 -9.607999e-04
3.570000e+00 -9.825167e-04
3.580000e+00 -1.004475e-03
3.590000e+00 -1.026577e-03
3.600000e+00 -1.048713e-03
3.610000e+00 -1.070760e-03
3.620000e+00 -1.092586e-03
3.630000e+00 -1.114052e-03
3.640000e+00 -1.135011e-03
3.650000e+00 -1.155310e-03
3.660000e+00 -1.174797e-03
3.670000e+00 -1.193313e-03
3.680000e+00 -1.210705e-03
3.690000e+00 -1.226819e-03
3.700000e+00 -1.241507e-03
3.710000e+00 -1.254627e-03
3.720000e+00 -1.266043e-03
3.730000e+00 -1.275630e-03
3.740000e+00 -1.283273e-03
3.750000e+00 -1.288870e-03
3.760000e+00 -1.292330e-03
3.770000e+00 -1.293579e-03
3.780000e+00 -1.292554e-03
3.790000e+00 -1.289211e-03
3.800000e+00 -1.283520e-03
3.810000e+00 -1.275467e-03
3.820000e+00 -1.265055e-03
3.830000e+00 -1.252302e-03
3.840000e+00 -1.237243e-03
3.850000e+00 -1.219926e-03
3.860000e+00 -1.200414e-03
3.870000e+00 -1.178785e-03
3.880000e+00 -1.155127e-03
3.890000e+00 -1.129541e-03
3.900000e+00 -1.102139e-03
3.910000e+00 -1.073039e-03
3.920000e+00 -1.042369e-03
3.930000e+00 -1.010262e-03
3.940000e+00 -9.768574e-04
3.950000e+00 -9.422950e-04
3.960000e+00 -9.067184e-04
3.970000e+00 -8.702712e-04
3.980000e+00 -8.330958e-04
3.990000e+00 -7.953325e-04
4.000000e+00 -7.571182e-04
4.010000e+00 -7.185851e-04
4.020000e+00 -6.798599e-04
4.030000e+00 -6.410627e-04
4.040000e+00 -6.023065e-04
4.050000e+00 -5.636961e-04
4.060000e+00 -5.253280e-04
4.070000e+00 -4.872899e-04
4.080000e+00 -4.496602e-04
4.090000e+00 -4.125082e-04
4.100000e+00 -3.758939e-04
4.110000e+00 -3.398680e-04
4.120000e+00 -3.044726e-04
4.130000e+00 -2.697407e-04
4.140000e+00 -2.356975e-04
4.150000e+00 -2.023603e-04
4.160000e+00 -1.697391e-04
4.170000e+00 -1.378376e-04
4.180000e+00 -1.066534e-04
4.190000e+00 -7.617890e-05
4.200000e+00 -4.640214e-05
4.210000e+00 -1.730722e-05
4.220000e+00 1.112479e-05
4.230000e+00 3.891522e-05
4.240000e+00 6.608710e-05
4.250000e+00 9.266453e-05
4.260000e+00 1.186720e-04
4.270000e+00 1.441341e-04
4.280000e+00 1.690745e-04
4.290000e+00 1.935161e-04
4.300000e+00 2.174801e-04
4.310000e+00 2.409860e-04
4.320000e+00 2.640512e-04
4.330000e+00 2.866908e-04
4.340000e+00 3.089174e-04
4.350000e+00 3.307409e-04
4.360000e+00 3.521689e-04
4.370000e+00 3.732060e-04
4.380000e+00 3.938546e-04
4.390000e+00 4.141143e-04
4.400000e+00 4.339827e-04
4.410000e+00 4.534551e-04
4.420000e+00 4.725250e-04
4.430000e+00 4.911842e-04
4.440000e+00 5.094232e-04
4.450000e+00 5.272315e-04
4.460000e+00 5.445979e-04
4.470000e+00 5.615110e-04
4.480000e+00 5.779593e-04
4.490000e+00 5.939319e-04
4.500000e+00 6.094188e-04
4.510000e+00 6.244112e-04
4.520000e+00 6.389020e-04
4.530000e+00 6.528863e-04
4.540000e+00 6.663616e-04
4.550000e+00 6.793283e-04
4.560000e+00 6.917904e-04
4.570000e+00 7.037551e-04
4.580000e+00 7.152338e-04
4.590000e+00 7.262422e-04
4.600000e+00 7.368006e-04
4.610000e+00 7.469339e-04
4.620000e+00 7.566719e-04
4.630000e+00 7.660497e-04
4.640000e+00 7.751073e-04
4.650000e+00 7.838897e-04
4.660000e+00 7.924470e-04
4.670000e+00 8.008342e-04
4.680000e+00 8.091109e-04
4.690000e+00 8.173407e-04
4.700000e+00 8.255913e-04
4.710000e+00 8.339339e-04
4.720000e+00 8.424422e-04
4.730000e+00 8.511924e-04
4.740000e+00 8.602621e-04
4.750000e+00 8.697295e-04
4.760000e+00 8.796729e-04
4.770000e+00 8.901693e-04
4.780000e+00 9.012940e-04
4.790000e+00 9.131193e-04
4.800000e+00 9.257138e-04
4.810000e+00 9.391411e-04
4.820000e+00 9.534590e-04
4.830000e+00 9.687186e-04
4.840000e+00 9.849634e-04
4.850000e+00 1.002228e-03
4.860000e+00 1.020539e-03
4.870000e+00 1.039911e-03
4.880000e+00 1.060349e-03
4.890000e+00 1.081847e-03
4.900000e+00 1.104388e-03
4.910000e+00 1.127940e-03
4.920000e+00 1.152463e-03
4.930000e+00 1.177903e-03
4.940000e+00 1.204193e-03
4.950000e+00 1.231255e-03
4.960000e+00 1.259000e-03
4.970000e+00 1.287328e-03
4.980000e+00 1.316127e-03
4.990000e+00 1.345276e-03
5.000000e+00 1.374646e-03
5.010000e+00 1.404098e-03
5.020000e+00 1.433486e-03
5.030000e+00 1.462660e-03
5.040000e+00 1.491461e-03
5.050000e+00 1.519730e-03
5.060000e+00 1.547302e-03
5.070000e+00 1.574011e-03
5.080000e+00 1.599691e-03
5.090000e+00 1.624176e-03
5.100000e+00 1.647301e-03
5.110000e+00 1.668904e-03
5.120000e+00 1.688827e-03
5.130000e+00 1.706915e-03
5.140000e+00 1.723019e-03
5.150000e+00 1.736998e-03
5.160000e+00 1.748716e-03
5.170000e+00 1.758045e-03
5.180000e+00 1.764866e-03
5.190000e+00 1.769069e-03
5.200000e+00 1.770553e-03
5.210000e+00 1.769227e-03
5.220000e+00 1.765011e-03
5.230000e+00 1.757836e-03
5.240000e+00 1.747642e-03
5.250000e+00 1.734385e-03
5.260000e+00 1.718029e-03
5.270000e+00 1.698550e-03
5.280000e+00 1.675940e-03
5.290000e+00 1.650199e-03
5.300000e+00 1.621344e-03
5.310000e+00 1.589401e-03
5.320000e+00 1.554413e-03
5.330000e+00 1.516432e-03
5.340000e+00 1.475527e-03
5.350000e+00 1.431779e-03
5.360000e+00 1.385280e-03
5.370000e+00 1.336139e-03
5.380000e+00 1.284476e-03
5.390000e+00 1.230424e-03
5.400000e+00 1.174128e-03
5.410000e+00 1.115746e-03
5.420000e+00 1.055447e-03
5.430000e+00 9.934118e-04
5.440000e+00 9.298303e-04
5.450000e+00 8.649022e-04
5.460000e+00 7.988357e-04
5.470000e+00 7.318462e-04
5.480000e+00 6.641550e-04
5.490000e+00 5.959884e-04
5.500000e+00 5.275757e-04
5.510000e+00 4.591483e-04
5.520000e+00 3.909376e-04
5.530000e+00 3.231738e-04
5.540000e+00 2.560838e-04
5.550000e+00 1.898897e-04
5.560000e+00 1.248072e-04
5.570000e+00 6.104373e-05
5.580000e+00 -1.203117e-06
5.590000e+00 -6.174707e-05
5.600000e+00 -1.204147e-04
5.610000e+00 -1.770467e-04
5.620000e+00 -2.314993e-04
5.630000e+00 -2.836448e-04
5.640000e+00 -3.333728e-04
5.650000e+00 -3.805910e-04
5.660000e+00 -4.252252e-04
5.670000e+00 -4.672198e-04
5.680000e+00 -5.065377e-04
5.690000e+00 -5.431600e-04
5.700000e+00 -5.770859e-04
5.710000e+00 -6.083317e-04
5.720000e+00 -6.369299e-04
5.730000e+00 -6.629286e-04
5.740000e+00 -6.863897e-04
5.750000e+00 -7.073879e-04
5.760000e+00 -7.260089e-04
5.770000e+00 -7.423483e-04
5.780000e+00 -7.565091e-04
5.790000e+00 -7.686009e-04
5.800000e+00 -7.787373e-04
5.810000e+00 -7.870347e-04
5.820000e+00 -7.936103e-04
5.830000e+00 -7.985805e-04
5.840000e+00 -8.020596e-04
5.850000e+00 -8.041579e-04
5.860000e+00 -8.049807e-04
5.870000e+00 -8.046269e-04
5.880000e+00 -8.031883e-04
5.890000e+00 -8.007485e-04
5.900000e+00 -7.973823e-04
5.910000e+00 -7.931556e-04
5.920000e+00 -7.881243e-04
5.930000e+00 -7.823352e-04
5.940000e+00 -7.758254e-04
5.950000e+00 -7.686225e-04
5.960000e+00 -7.607457e-04
5.970000e+00 -7.522056e-04
5.980000e+00 -7.430052e-04
5.990000e+00 -7.331405e-04
6.000000e+00 -7.226014e-04
6.010000e+00 -7.113727e-04
6.020000e+00 -6.994350e-04
6.030000e+00 -6.867653e-04
6.040000e+00 -6.733386e-04
6.050000e+00 -6.591284e-04
6.060000e+00 -6.441076e-04
6.070000e+00 -6.282497e-04
6.080000e+00 -6.115294e-04
6.090000e+00 -5.939234e-04
6.100000e+00 -5.754112e-04
6.110000e+00 -5.559756e-04
6.120000e+00 -5.356034e-04
6.130000e+00 -5.142858e-04
6.140000e+00 -4.920188e-04
6.150000e+00 -4.688037e-04
6.160000e+00 -4.446471e-04
6.170000e+00 -4.195615e-04
6.180000e+00 -3.935653e-04
6.190000e+00 -3.666829e-04
6.200000e+00 -3.389447e-04
6.210000e+00 -3.103876e-04
6.220000e+00 -2.810544e-04
6.230000e+00 -2.509944e-04
6.240000e+00 -2.202631e-04
6.250000e+00 -1.889222e-04
6.260000e+00 -1.570395e-04
6.270000e+00 -1.246889e-04
6.280000e+00 -9.195016e-05
6.290000e+00 -5.890902e-05
6.300000e+00 -2.565665e-05
6.310000e+00 7.710367e-06
6.320000e+00 4.109043e-05
6.330000e+00 7.437725e-05
6.340000e+00 1.074603e-04
6.350000e+00 1.402255e-04
6.360000e+00 1.725556e-04
6.370000e+00 2.043309e-04
6.380000e+00 2.354303e-04
6.390000e+00 2.657322e-04
6.400000e+00 2.951152e-04
6.410000e+00 3.234594e-04
6.420000e+00 3.506476e-04
6.430000e+00 3.765668e-04
6.440000e+00 4.011088e-04
6.450000e+00 4.241725e-04
6.460000e+00 4.456644e-04
6.470000e+00 4.655006e-04
6.480000e+00 4.836080e-04
6.490000e+00 4.999255e-04
6.500000e+00 5.144054e-04
6.510000e+00 5.270142e-04
6.520000e+00 5.377341e-04
6.530000e+00 5.465634e-04
6.540000e+00 5.535174e-04
6.550000e+00 5.586285e-04
6.560000e+00 5.619469e-04
6.570000e+00 5.635402e-04
6.580000e+00 5.634928e-04
6.590000e+00 5.619062e-04
6.600000e+00 5.588971e-04
6.610000e+00 5.545970e-04
6.620000e+00 5.491503e-04
6.630000e+00 5.427129e-04
6.640000e+00 5.354504e-04
6.650000e+00 5.275354e-04
6.660000e+00 5.191458e-04
6.670000e+00 5.104622e-04
6.680000e+00 5.016650e-04
6.690000e+00 4.929323e-04
6.700000e+00 4.844367e-04
6.710000e+00 4.763431e-04
6.720000e+00 4.688058e-04
6.730000e+00 4.619665e-04
6.740000e+00 4.559514e-04
6.750000e+00 4.508697e-04
6.760000e+00 4.468116e-04
6.770000e+00 4.438466e-04
6.780000e+00 4.420226e-04
6.790000e+00 4.413649e-04
6.800000e+00 4.418758e-04
6.810000e+00 4.435345e-04
6.820000e+00 4.462973e-04
6.830000e+00 4.500988e-04
6.840000e+00 4.548523e-04
6.850000e+00 4.604518e-04
6.860000e+00 4.667736e-04
6.870000e+00 4.736785e-04
6.880000e+00 4.810145e-04
6.890000e+00 4.886189e-04
6.900000e+00 4.963216e-04
6.910000e+00 5.039481e-04
6.920000e+00 5.113223e-04
6.930000e+00 5.182701e-04
6.940000e+00 5.246220e-04
6.950000e+00 5.302165e-04
6.960000e+00 5.349028e-04
6.970000e+00 5.385435e-04
6.980000e+00 5.410172e-04
6.990000e+00 5.422208e-04
7.000000e+00 5.420708e-04
7.010000e+00 5.405057e-04
7.020000e+00 5.374863e-04
7.030000e+00 5.329971e-04
7.040000e+00 5.270461e-04
7.050000e+00 5.196653e-04
7.060000e+00 5.109098e-04
7.070000e+00 5.008575e-04
7.080000e+00 4.896072e-04
7.090000e+00 4.772775e-04
7.100000e+00 4.640051e-04
7.110000e+00 4.499424e-04
7.120000e+00 4.352550e-04
7.130000e+00 4.201198e-04
7.140000e+00 4.047218e-04
7.150000e+00 3.892515e-04
7.160000e+00 3.739023e-04
7.170000e+00 3.588677e-04
7.180000e+00 3.443386e-04
7.190000e+00 3.305004e-04
7.200000e+00 3.175313e-04
7.210000e+00 3.055993e-04
7.220000e+00 2.948607e-04
7.230000e+00 2.854580e-04
7.240000e+00 2.775185e-04
7.250000e+00 2.711532e-04
7.260000e+00 2.664555e-04
7.270000e+00 2.635007e-04
7.280000e+00 2.623456e-04
7.290000e+00 2.630281e-04
7.300000e+00 2.655678e-04
7.310000e+00 2.699660e-04
7.320000e+00 2.762061e-04
7.330000e+00 2.842547e-04
7.340000e+00 2.940621e-04
7.350000e+00 3.055638e-04
7.360000e+00 3.186810e-04
7.370000e+00 3.333223e-04
7.380000e+00 3.493845e-04
7.390000e+00 3.667539e-04
7.400000e+00 3.853077e-04
7.410000e+00 4.049149e-04
7.420000e+00 4.254372e-04
7.430000e+00 4.467308e-04
7.440000e+00 4.686461e-04
7.450000e+00 4.910298e-04
7.460000e+00 5.137246e-04
7.470000e+00 5.365706e-04
7.480000e+00 5.594054e-04
7.490000e+00 5.820647e-04
7.500000e+00 6.043830e-04
7.510000e+00 6.261936e-04
7.520000e+00 6.473292e-04
7.530000e+00 6.676223e-04
7.540000e+00 6.869053e-04
7.550000e+00 7.050112e-04
7.560000e+00 7.217737e-04
7.570000e+00 7.370281e-04
7.580000e+00 7.506117e-04
7.590000e+00 7.623643e-04
7.600000e+00 7.721294e-04
7.610000e+00 7.797546e-04
7.620000e+00 7.850932e-04
7.630000e+00 7.880046e-04
7.640000e+00 7.883562e-04
7.650000e+00 7.860242e-04
7.660000e+00 7.808953e-04
7.670000e+00 7.728678e-04
7.680000e+00 7.618537e-04
7.690000e+00 7.477794e-04
7.700000e+00 7.305879e-04
7.710000e+00 7.102398e-04
7.720000e+00 6.867149e-04
7.730000e+00 6.600134e-04
7.740000e+00 6.301569e-04
7.750000e+00 5.971897e-04
7.760000e+00 5.611796e-04
7.770000e+00 5.222180e-04
7.780000e+00 4.804210e-04
7.790000e+00 4.359289e-04
7.800000e+00 3.889063e-04
7.810000e+00 3.395417e-04
7.820000e+00 2.880467e-04
7.830000e+00 2.346549e-04
7.840000e+00 1.796208e-04
7.850000e+00 1.232181e-04
7.860000e+00 6.573793e-05
7.870000e+00 7.486643e-06
7.880000e+00 -5.121637e-05
7.890000e+00 -1.100412e-04
7.900000e+00 -1.686503e-04
7.910000e+00 -2.267009e-04
7.920000e+00 -2.838484e-04
7.930000e+00 -3.397491e-04
7.940000e+00 -3.940632e-04
7.950000e+00 -4.464579e-04
7.960000e+00 -4.966105e-04
7.970000e+00 -5.442111e-04
7.980000e+00 -5.889654e-04
7.990000e+00 -6.305973e-04
8.000000e+00 -6.688518e-04
8.010000e+00 -7.034964e-04
8.020000e+00 -7.343238e-04
8.030000e+00 -7.611535e-04
8.040000e+00 -7.838328e-04
8.050000e+00 -8.022388e-04
8.060000e+00 -8.162785e-04
8.070000e+00 -8.258899e-04
8.080000e+00 -8.310421e-04
8.090000e+00 -8.317351e-04
8.100000e+00 -8.279998e-04
8.110000e+00 -8.198972e-04
8.120000e+00 -8.075176e-04
8.130000e+00 -7.909794e-04
8.140000e+00 -7.704277e-04
8.150000e+00 -7.460330e-04
8.160000e+00 -7.179890e-04
8.170000e+00 -6.865110e-04
8.180000e+00 -6.518336e-04
8.190000e+00 -6.142086e-04
8.200000e+00 -5.739029e-04
8.210000e+00 -5.311957e-04
8.220000e+00 -4.863764e-04
8.230000e+00 -4.397422e-04
8.240000e+00 -3.915956e-04
8.250000e+00 -3.422422e-04
8.260000e+00 -2.919882e-04
8.270000e+00 -2.411382e-04
8.280000e+00 -1.899932e-04
8.290000e+00 -1.388484e-04
8.300000e+00 -8.799132e-05
8.310000e+00 -3.770016e-05
8.320000e+00 1.175800e-05
8.330000e+00 6.012859e-05
8.340000e+00 1.071709e-04
8.350000e+00 1.526593e-04
8.360000e+00 1.963839e-04
8.370000e+00 2.381520e-04
8.380000e+00 2.777879e-04
8.390000e+00 3.151343e-04
8.400000e+00 3.500518e-04
8.410000e+00 3.824194e-04
8.420000e+00 4.121347e-04
8.430000e+00 4.391134e-04
8.440000e+00 4.632892e-04
8.450000e+00 4.846132e-04
8.460000e+00 5.030538e-04
8.470000e+00 5.185955e-04
8.480000e+00 5.312385e-04
8.490000e+00 5.409979e-04
8.500000e+00 5.479026e-04
8.510000e+00 5.519946e-04
8.520000e+00 5.533277e-04
8.530000e+00 5.519667e-04
8.540000e+00 5.479864e-04
8.550000e+00 5.414702e-04
8.560000e+00 5.325096e-04
8.570000e+00 5.212027e-04
8.580000e+00 5.076532e-04
8.590000e+00 4.919700e-04
8.600000e+00 4.742655e-04
8.610000e+00 4.546555e-04
8.620000e+00 4.332578e-04
8.630000e+00 4.101919e-04
8.640000e+00 3.855781e-04
8.650000e+00 3.595372e-04
8.660000e+00 3.321896e-04
8.670000e+00 3.036554e-04
8.680000e+00 2.740537e-04
8.690000e+00 2.435023e-04
8.700000e+00 2.121178e-04
8.710000e+00 1.800155e-04
8.720000e+00 1.473087e-04
8.730000e+00 1.141094e-04
8.740000e+00 8.052806e-05
8.750000e+00 4.667332e-05
8.760000e+00 1.265251e-05
8.770000e+00 -2.142853e-05
8.780000e+00 -5.546536e-05
8.790000e+00 -8.935487e-05
8.800000e+00 -1.229953e-04
8.810000e+00 -1.562860e-04
8.820000e+00 -1.891280e-04
8.830000e+00 -2.214236e-04
8.840000e+00 -2.530765e-04
8.850000e+00 -2.839923e-04
8.860000e+00 -3.140784e-04
8.870000e+00 -3.432446e-04
8.880000e+00 -3.714032e-04
8.890000e+00 -3.984692e-04
8.900000e+00 -4.243612e-04
8.910000e+00 -4.490014e-04
8.920000e+00 -4.723165e-04
8.930000e+00 -4.942376e-04
8.940000e+00 -5.147015e-04
8.950000e+00 -5.336505e-04
8.960000e+00 -5.510333e-04
8.970000e+00 -5.668055e-04
8.980000e+00 -5.809299e-04
8.990000e+00 -5.933769e-04
9.000000e+00 -6.041248e-04
9.010000e+00 -6.131607e-04
9.020000e+00 -6.204797e-04
9.030000e+00 -6.260859e-04
9.040000e+00 -6.299922e-04
9.050000e+00 -6.322201e-04
9.060000e+00 -6.327997e-04
9.070000e+00 -6.317696e-04
9.080000e+00 -6.291765e-04
9.090000e+00 -6.250747e-04
9.100000e+00 -6.195260e-04
9.110000e+00 -6.125984e-04
9.120000e+00 -6.043664e-04
9.130000e+00 -5.949093e-04
9.140000e+00 -5.843115e-04
9.150000e+00 -5.726606e-04
9.160000e+00 -5.600475e-04
9.170000e+00 -5.465649e-04
9.180000e+00 -5.323068e-04
9.190000e+00 -5.173674e-04
9.200000e+00 -5.018403e-04
9.210000e+00 -4.858180e-04
9.220000e+00 -4.693904e-04
9.230000e+00 -4.526449e-04
9.240000e+00 -4.356653e-04
9.250000e+00 -4.185311e-04
9.260000e+00 -4.013173e-04
9.270000e+00 -3.840937e-04
9.280000e+00 -3.669247e-04
9.290000e+00 -3.498692e-04
9.300000e+00 -3.329800e-04
9.310000e+00 -3.163042e-04
9.320000e+00 -2.998829e-04
9.330000e+00 -2.837514e-04
9.340000e+00 -2.679397e-04
9.350000e+00 -2.524722e-04
9.360000e+00 -2.373685e-04
9.370000e+00 -2.226435e-04
9.380000e+00 -2.083083e-04
9.390000e+00 -1.943701e-04
9.400000e+00 -1.808333e-04
9.410000e+00 -1.676997e-04
9.420000e+00 -1.549691e-04
9.430000e+00 -1.426402e-04
9.440000e+00 -1.307110e-04
9.450000e+00 -1.191791e-04
9.460000e+00 -1.080427e-04
9.470000e+00 -9.730097e-05
9.480000e+00 -8.695435e-05
9.490000e+00 -7.700526e-05
9.500000e+00 -6.745835e-05
9.510000e+00 -5.832088e-05
9.520000e+00 -4.960305e-05
9.530000e+00 -4.131814e-05
9.540000e+00 -3.348279e-05
9.550000e+00 -2.611699e-05
9.560000e+00 -1.924420e-05
9.570000e+00 -1.289130e-05
9.580000e+00 -7.088467e-06
9.590000e+00 -1.869070e-06
9.600000e+00 2.730570e-06
9.610000e+00 6.671446e-06
9.620000e+00 9.912191e-06
9.630000e+00 1.240945e-05
9.640000e+00 1.411833e-05
9.650000e+00 1.499281e-05
9.660000e+00 1.498631e-05
9.670000e+00 1.405218e-05
9.680000e+00 1.214430e-05
9.690000e+00 9.217632e-06
9.700000e+00 5.228840e-06
9.710000e+00 1.368902e-07
9.720000e+00 -6.096332e-06
9.730000e+00 -1.350542e-05
9.740000e+00 -2.212085e-05
9.750000e+00 -3.196839e-05
9.760000e+00 -4.306856e-05
9.770000e+00 -5.543611e-05
9.780000e+00 -6.907951e-05
9.790000e+00 -8.400052e-05
9.800000e+00 -1.001938e-04
9.810000e+00 -1.176466e-04
9.820000e+00 -1.363384e-04
9.830000e+00 -1.562408e-04
9.840000e+00 -1.773172e-04
9.850000e+00 -1.995229e-04
9.860000e+00 -2.228052e-04
9.870000e+00 -2.471031e-04
9.880000e+00 -2.723478e-04
9.890000e+00 -2.984628e-04
9.900000e+00 -3.253643e-04
9.910000e+00 -3.529615e-04
9.920000e+00 -3.811570e-04
9.930000e+00 -4.098475e-04
9.940000e+00 -4.389244e-04
9.950000e+00 -4.682744e-04
9.960000e+00 -4.977801e-04
9.970000e+00 -5.273210e-04
9.980000e+00 -5.567741e-04
9.990000e+00 -5.860149e-04
1.000000e+01 -6.149183e-04
