# sigma2_v 8.118983632167065e+00
0.000000e+00 1.000000e+00
1.000000e-02 9.995941e-01
2.000000e-02 9.983776e-01
3.000000e-02 9.963535e-01
4.000000e-02 9.935272e-01
5.000000e-02 9.899058e-01
6.000000e-02 9.854988e-01
7.000000e-02 9.803174e-01
8.000000e-02 9.743747e-01
9.000000e-02 9.676860e-01
1.000000e-01 9.602681e-01
1.100000e-01 9.521396e-01
1.200000e-01 9.433208e-01
1.300000e-01 9.338334e-01
1.400000e-01 9.237007e-01
1.500000e-01 9.129472e-01
1.600000e-01 9.015989e-01
1.700000e-01 8.896826e-01
1.800000e-01 8.772264e-01
1.900000e-01 8.642591e-01
2.000000e-01 8.508104e-01
2.100000e-01 8.369106e-01
2.200000e-01 8.225906e-01
2.300000e-01 8.078817e-01
2.400000e-01 7.928154e-01
2.500000e-01 7.774236e-01
2.600000e-01 7.617382e-01
2.700000e-01 7.457909e-01
2.800000e-01 7.296135e-01
2.900000e-01 7.132373e-01
3.000000e-01 6.966936e-01
3.100000e-01 6.800128e-01
3.200000e-01 6.632253e-01
3.300000e-01 6.463603e-01
3.400000e-01 6.294469e-01
3.500000e-01 6.125129e-01
3.600000e-01 5.955856e-01
3.700000e-01 5.786913e-01
3.800000e-01 5.618553e-01
3.900000e-01 5.451020e-01
4.000000e-01 5.284547e-01
4.100000e-01 5.119356e-01
4.200000e-01 4.955658e-01
4.300000e-01 4.793654e-01
4.400000e-01 4.633531e-01
4.500000e-01 4.475466e-01
4.600000e-01 4.319624e-01
4.700000e-01 4.166159e-01
4.800000e-01 4.015212e-01
4.900000e-01 3.866913e-01
5.000000e-01 3.721380e-01
5.100000e-01 3.578720e-01
5.200000e-01 3.439030e-01
5.300000e-01 3.302393e-01
5.400000e-01 3.168885e-01
5.500000e-01 3.038569e-01
5.600000e-01 2.911499e-01
5.700000e-01 2.787718e-01
5.800000e-01 2.667263e-01
5.900000e-01 2.550157e-01
6.000000e-01 2.436417e-01
6.100000e-01 2.326054e-01
6.200000e-01 2.219067e-01
6.300000e-01 2.115450e-01
6.400000e-01 2.015189e-01
6.500000e-01 1.918264e-01
6.600000e-01 1.824649e-01
6.700000e-01 1.734312e-01
6.800000e-01 1.647215e-01
6.900000e-01 1.563316e-01
7.000000e-01 1.482568e-01
7.100000e-01 1.404921e-01
7.200000e-01 1.330319e-01
7.300000e-01 1.258704e-01
7.400000e-01 1.190016e-01
7.500000e-01 1.124191e-01
7.600000e-01 1.061162e-01
7.700000e-01 1.000862e-01
7.800000e-01 9.432220e-02
7.900000e-01 8.881700e-02
8.000000e-01 8.356345e-02
8.100000e-01 7.855425e-02
8.200000e-01 7.378208e-02
8.300000e-01 6.923957e-02
8.400000e-01 6.491934e-02
8.500000e-01 6.081404e-02
8.600000e-01 5.691633e-02
8.700000e-01 5.321892e-02
8.800000e-01 4.971461e-02
8.900000e-01 4.639625e-02
9.000000e-01 4.325680e-02
9.100000e-01 4.028930e-02
9.200000e-01 3.748694e-02
9.300000e-01 3.484300e-02
9.400000e-01 3.235093e-02
9.500000e-01 3.000428e-02
9.600000e-01 2.779677e-02
9.700000e-01 2.572225e-02
9.800000e-01 2.377476e-02
9.900000e-01 2.194845e-02
1.000000e+00 2.023767e-02
1.010000e+00 1.863691e-02
1.020000e+00 1.714083e-02
1.030000e+00 1.574424e-02
1.040000e+00 1.444213e-02
1.050000e+00 1.322966e-02
1.060000e+00 1.210211e-02
1.070000e+00 1.105497e-02
1.080000e+00 1.008386e-02
1.090000e+00 9.184572e-03
1.100000e+00 8.353038e-03
1.110000e+00 7.585358e-03
1.120000e+00 6.877776e-03
1.130000e+00 6.226689e-03
1.140000e+00 5.628640e-03
1.150000e+00 5.080315e-03
1.160000e+00 4.578543e-03
1.170000e+00 4.120293e-03
1.180000e+00 3.702670e-03
1.190000e+00 3.322913e-03
1.200000e+00 2.978394e-03
1.210000e+00 2.666610e-03
1.220000e+00 2.385187e-03
1.230000e+00 2.131874e-03
1.240000e+00 1.904538e-03
1.250000e+00 1.701164e-03
1.260000e+00 1.519850e-03
1.270000e+00 1.358806e-03
1.280000e+00 1.216347e-03
1.290000e+00 1.090895e-03
1.300000e+00 9.809685e-04
1.310000e+00 8.851864e-04
1.320000e+00 8.022586e-04
1.330000e+00 7.309850e-04
1.340000e+00 6.702512e-04
1.350000e+00 6.190245e-04
1.360000e+00 5.763499e-04
1.370000e+00 5.413467e-04
1.380000e+00 5.132037e-04
1.390000e+00 4.911762e-04
1.400000e+00 4.745811e-04
1.410000e+00 4.627939e-04
1.420000e+00 4.552442e-04
1.430000e+00 4.514123e-04
1.440000e+00 4.508252e-04
1.450000e+00 4.530535e-04
1.460000e+00 4.577074e-04
1.470000e+00 4.644339e-04
1.480000e+00 4.729132e-04
1.490000e+00 4.828561e-04
1.500000e+00 4.940008e-04
1.510000e+00 5.061106e-04
1.520000e+00 5.189713e-04
1.530000e+00 5.323888e-04
1.540000e+00 5.461872e-04
1.550000e+00 5.602069e-04
1.560000e+00 5.743028e-04
1.570000e+00 5.883428e-04
1.580000e+00 6.022062e-04
1.590000e+00 6.157831e-04
1.600000e+00 6.289725e-04
1.610000e+00 6.416821e-04
1.620000e+00 6.538271e-04
1.630000e+00 6.653295e-04
1.640000e+00 6.761179e-04
1.650000e+00 6.861264e-04
1.660000e+00 6.952947e-04
1.670000e+00 7.035675e-04
1.680000e+00 7.108941e-04
1.690000e+00 7.172286e-04
1.700000e+00 7.225291e-04
1.710000e+00 7.267578e-04
1.720000e+00 7.298810e-04
1.730000e+00 7.318688e-04
1.740000e+00 7.326947e-04
1.750000e+00 7.323361e-04
1.760000e+00 7.307738e-04
1.770000e+00 7.279918e-04
1.780000e+00 7.239779e-04
1.790000e+00 7.187228e-04
1.800000e+00 7.122208e-04
1.810000e+00 7.044695e-04
1.820000e+00 6.954696e-04
1.830000e+00 6.852256e-04
1.840000e+00 6.737452e-04
1.850000e+00 6.610397e-04
1.860000e+00 6.471243e-04
1.870000e+00 6.320179e-04
1.880000e+00 6.157435e-04
1.890000e+00 5.983285e-04
1.900000e+00 5.798046e-04
1.910000e+00 5.602082e-04
1.920000e+00 5.395807e-04
1.930000e+00 5.179687e-04
1.940000e+00 4.954240e-04
1.950000e+00 4.720039e-04
1.960000e+00 4.477716e-04
1.970000e+00 4.227958e-04
1.980000e+00 3.971514e-04
1.990000e+00 3.709189e-04
2.000000e+00 3.441845e-04
2.010000e+00 3.170404e-04
2.020000e+00 2.895836e-04
2.030000e+00 2.619168e-04
2.040000e+00 2.341467e-04
2.050000e+00 2.063845e-04
2.060000e+00 1.787448e-04
2.070000e+00 1.513448e-04
2.080000e+00 1.243037e-04
2.090000e+00 9.774171e-05
2.100000e+00 7.177903e-05
2.110000e+00 4.653483e-05
2.120000e+00 2.212608e-05
2.130000e+00 -1.333568e-06
2.140000e+00 -2.373502e-05
2.150000e+00 -4.497495e-05
2.160000e+00 -6.495698e-05
2.170000e+00 -8.359291e-05
2.180000e+00 -1.008038e-04
2.190000e+00 -1.165212e-04
2.200000e+00 -1.306879e-04
2.210000e+00 -1.432590e-04
2.220000e+00 -1.542028e-04
2.230000e+00 -1.635011e-04
2.240000e+00 -1.711501e-04
2.250000e+00 -1.771604e-04
2.260000e+00 -1.815573e-04
2.270000e+00 -1.843809e-04
2.280000e+00 -1.856858e-04
2.290000e+00 -1.855405e-04
2.300000e+00 -1.840273e-04
2.310000e+00 -1.812411e-04
2.320000e+00 -1.772888e-04
2.330000e+00 -1.722879e-04
2.340000e+00 -1.663656e-04
2.350000e+00 -1.596570e-04
2.360000e+00 -1.523042e-04
2.370000e+00 -1.444541e-04
2.380000e+00 -1.362571e-04
2.390000e+00 -1.278653e-04
2.400000e+00 -1.194306e-04
2.410000e+00 -1.111033e-04
2.420000e+00 -1.030299e-04
2.430000e+00 -9.535198e-05
2.440000e+00 -8.820406e-05
2.450000e+00 -8.171240e-05
2.460000e+00 -7.599351e-05
2.470000e+00 -7.115286e-05
2.480000e+00 -6.728382e-05
2.490000e+00 -6.446664e-05
2.500000e+00 -6.276775e-05
2.510000e+00 -6.223913e-05
2.520000e+00 -6.291791e-05
2.530000e+00 -6.482622e-05
2.540000e+00 -6.797115e-05
2.550000e+00 -7.234495e-05
2.560000e+00 -7.792545e-05
2.570000e+00 -8.467656e-05
2.580000e+00 -9.254900e-05
2.590000e+00 -1.014812e-04
2.600000e+00 -1.114004e-04
2.610000e+00 -1.222236e-04
2.620000e+00 -1.338587e-04
2.630000e+00 -1.462064e-04
2.640000e+00 -1.591607e-04
2.650000e+00 -1.726110e-04
2.660000e+00 -1.864432e-04
2.670000e+00 -2.005412e-04
2.680000e+00 -2.147882e-04
2.690000e+00 -2.290681e-04
2.700000e+00 -2.432669e-04
2.710000e+00 -2.572737e-04
2.720000e+00 -2.709819e-04
2.730000e+00 -2.842903e-04
2.740000e+00 -2.971039e-04
2.750000e+00 -3.093347e-04
2.760000e+00 -3.209024e-04
2.770000e+00 -3.317350e-04
2.780000e+00 -3.417691e-04
2.790000e+00 -3.509503e-04
2.800000e+00 -3.592332e-04
2.810000e+00 -3.665817e-04
2.820000e+00 -3.729686e-04
2.830000e+00 -3.783758e-04
2.840000e+00 -3.827939e-04
2.850000e+00 -3.862218e-04
2.860000e+00 -3.886665e-04
2.870000e+00 -3.901422e-04
2.880000e+00 -3.906705e-04
2.890000e+00 -3.902790e-04
2.900000e+00 -3.890014e-04
2.910000e+00 -3.868766e-04
2.920000e+00 -3.839481e-04
2.930000e+00 -3.802633e-04
2.940000e+00 -3.758731e-04
2.950000e+00 -3.708313e-04
2.960000e+00 -3.651936e-04
2.970000e+00 -3.590176e-04
2.980000e+00 -3.523619e-04
2.990000e+00 -3.452855e-04
3.000000e+00 -3.378479e-04
3.010000e+00 -3.301077e-04
3.020000e+00 -3.221230e-04
3.030000e+00 -3.139506e-04
3.040000e+00 -3.056454e-04
3.050000e+00 -2.972605e-04
3.060000e+00 -2.888465e-04
3.070000e+00 -2.804514e-04
3.080000e+00 -2.721199e-04
3.090000e+00 -2.638933e-04
3.100000e+00 -2.558095e-04
3.110000e+00 -2.479020e-04
3.120000e+00 -2.402004e-04
3.130000e+00 -2.327295e-04
3.140000e+00 -2.255094e-04
3.150000e+00 -2.185552e-04
3.160000e+00 -2.118766e-04
3.170000e+00 -2.054779e-04
3.180000e+00 -1.993578e-04
3.190000e+00 -1.935094e-04
3.200000e+00 -1.879196e-04
3.210000e+00 -1.825695e-04
3.220000e+00 -1.774343e-04
3.230000e+00 -1.724833e-04
3.240000e+00 -1.676797e-04
3.250000e+00 -1.629812e-04
3.260000e+00 -1.583401e-04
3.270000e+00 -1.537031e-04
3.280000e+00 -1.490124e-04
3.290000e+00 -1.442052e-04
3.300000e+00 -1.392152e-04
3.310000e+00 -1.339722e-04
3.320000e+00 -1.284033e-04
3.330000e+00 -1.224332e-04
3.340000e+00 -1.159850e-04
3.350000e+00 -1.089813e-04
3.360000e+00 -1.013446e-04
3.370000e+00 -9.299803e-05
3.380000e+00 -8.386679e-05
3.390000e+00 -7.387854e-05
3.400000e+00 -6.296449e-05
3.410000e+00 -5.106025e-05
3.420000e+00 -3.810673e-05
3.430000e+00 -2.405095e-05
3.440000e+00 -8.846903e-06
3.450000e+00 7.543716e-06
3.460000e+00 2.515078e-05
3.470000e+00 4.399510e-05
3.480000e+00 6.408784e-05
3.490000e+00 8.543004e-05
3.500000e+00 1.080122e-04
3.510000e+00 1.318142e-04
3.520000e+00 1.568046e-04
3.530000e+00 1.829410e-04
3.540000e+00 2.101701e-04
3.550000e+00 2.384274e-04
3.560000e+00 2.676379e-04
3.570000e+00 2.977160e-04
3.580000e+00 3.285664e-04
3.590000e+00 3.600843e-04
3.600000e+00 3.921561e-04
3.610000e+00 4.246603e-04
3.620000e+00 4.574682e-04
3.630000e+00 4.904444e-04
3.640000e+00 5.234486e-04
3.650000e+00 5.563357e-04
3.660000e+00 5.889574e-04
3.670000e+00 6.211630e-04
3.680000e+00 6.528006e-04
3.690000e+00 6.837183e-04
3.700000e+00 7.137652e-04
3.710000e+00 7.427924e-04
3.720000e+00 7.706545e-04
3.730000e+00 7.972102e-04
3.740000e+00 8.223240e-04
3.750000e+00 8.458663e-04
3.760000e+00 8.677155e-04
3.770000e+00 8.877580e-04
3.780000e+00 9.058894e-04
3.790000e+00 9.220157e-04
3.800000e+00 9.360534e-04
3.810000e+00 9.479305e-04
3.820000e+00 9.575872e-04
3.830000e+00 9.649763e-04
3.840000e+00 9.700635e-04
3.850000e+00 9.728279e-04
3.860000e+00 9.732624e-04
3.870000e+00 9.713735e-04
3.880000e+00 9.671815e-04
3.890000e+00 9.607208e-04
3.900000e+00 9.520393e-04
3.910000e+00 9.411983e-04
3.920000e+00 9.282723e-04
3.930000e+00 9.133486e-04
3.940000e+00 8.965265e-04
3.950000e+00 8.779168e-04
3.960000e+00 8.576412e-04
3.970000e+00 8.358313e-04
3.980000e+00 8.126279e-04
3.990000e+00 7.881796e-04
4.000000e+00 7.626422e-04
4.010000e+00 7.361770e-04
4.020000e+00 7.089502e-04
4.030000e+00 6.811312e-04
4.040000e+00 6.528912e-04
4.050000e+00 6.244023e-04
4.060000e+00 5.958354e-04
4.070000e+00 5.673596e-04
4.080000e+00 5.391400e-04
4.090000e+00 5.113370e-04
4.100000e+00 4.841044e-04
4.110000e+00 4.575884e-04
4.120000e+00 4.319261e-04
4.130000e+00 4.072445e-04
4.140000e+00 3.836592e-04
4.150000e+00 3.612738e-04
4.160000e+00 3.401785e-04
4.170000e+00 3.204494e-04
4.180000e+00 3.021484e-04
4.190000e+00 2.853223e-04
4.200000e+00 2.700023e-04
4.210000e+00 2.562044e-04
4.220000e+00 2.439291e-04
4.230000e+00 2.331617e-04
4.240000e+00 2.238725e-04
4.250000e+00 2.160175e-04
4.260000e+00 2.095391e-04
4.270000e+00 2.043669e-04
4.280000e+00 2.004190e-04
4.290000e+00 1.976024e-04
4.300000e+00 1.958152e-04
4.310000e+00 1.949473e-04
4.320000e+00 1.948821e-04
4.330000e+00 1.954983e-04
4.340000e+00 1.966707e-04
4.350000e+00 1.982728e-04
4.360000e+00 2.001777e-04
4.370000e+00 2.022597e-04
4.380000e+00 2.043964e-04
4.390000e+00 2.064696e-04
4.400000e+00 2.083669e-04
4.410000e+00 2.099832e-04
4.420000e+00 2.112214e-04
4.430000e+00 2.119940e-04
4.440000e+00 2.122233e-04
4.450000e+00 2.118430e-04
4.460000e+00 2.107977e-04
4.470000e+00 2.090442e-04
4.480000e+00 2.065510e-04
4.490000e+00 2.032986e-04
4.500000e+00 1.992795e-04
4.510000e+00 1.944972e-04
4.520000e+00 1.889663e-04
4.530000e+00 1.827116e-04
4.540000e+00 1.757672e-04
4.550000e+00 1.681756e-04
4.560000e+00 1.599867e-04
4.570000e+00 1.512564e-04
4.580000e+00 1.420459e-04
4.590000e+00 1.324200e-04
4.600000e+00 1.224460e-04
4.610000e+00 1.121923e-04
4.620000e+00 1.017274e-04
4.630000e+00 9.111841e-05
4.640000e+00 8.043024e-05
4.650000e+00 6.972423e-05
4.660000e+00 5.905735e-05
4.670000e+00 4.848134e-05
4.680000e+00 3.804202e-05
4.690000e+00 2.777867e-05
4.700000e+00 1.772360e-05
4.710000e+00 7.901910e-06
4.720000e+00 -1.668692e-06
4.730000e+00 -1.097787e-05
4.740000e+00 -2.002252e-05
4.750000e+00 -2.880645e-05
4.760000e+00 -3.734005e-05
4.770000e+00 -4.563968e-05
4.780000e+00 -5.372714e-05
4.790000e+00 -6.162890e-05
4.800000e+00 -6.937539e-05
4.810000e+00 -7.700016e-05
4.820000e+00 -8.453906e-05
4.830000e+00 -9.202936e-05
4.840000e+00 -9.950892e-05
4.850000e+00 -1.070154e-04
4.860000e+00 -1.145854e-04
4.870000e+00 -1.222539e-04
4.880000e+00 -1.300533e-04
4.890000e+00 -1.380133e-04
4.900000e+00 -1.461601e-04
4.910000e+00 -1.545159e-04
4.920000e+00 -1.630990e-04
4.930000e+00 -1.719236e-04
4.940000e+00 -1.809991e-04
4.950000e+00 -1.903312e-04
4.960000e+00 -1.999209e-04
4.970000e+00 -2.097658e-04
4.980000e+00 -2.198595e-04
4.990000e+00 -2.301924e-04
5.000000e+00 -2.407524e-04
5.010000e+00 -2.515248e-04
5.020000e+00 -2.624932e-04
5.030000e+00 -2.736398e-04
5.040000e+00 -2.849464e-04
5.050000e+00 -2.963942e-04
5.060000e+00 -3.079648e-04
5.070000e+00 -3.196407e-04
5.080000e+00 -3.314054e-04
5.090000e+00 -3.432438e-04
5.100000e+00 -3.551426e-04
5.110000e+00 -3.670906e-04
5.120000e+00 -3.790783e-04
5.130000e+00 -3.910985e-04
5.140000e+00 -4.031460e-04
5.150000e+00 -4.152175e-04
5.160000e+00 -4.273112e-04
5.170000e+00 -4.394267e-04
5.180000e+00 -4.515646e-04
5.190000e+00 -4.637262e-04
5.200000e+00 -4.759127e-04
5.210000e+00 -4.881250e-04
5.220000e+00 -5.003633e-04
5.230000e+00 -5.126262e-04
5.240000e+00 -5.249104e-04
5.250000e+00 -5.372103e-04
5.260000e+00 -5.495175e-04
5.270000e+00 -5.618204e-04
5.280000e+00 -5.741036e-04
5.290000e+00 -5.863483e-04
5.300000e+00 -5.985314e-04
5.310000e+00 -6.106259e-04
5.320000e+00 -6.226006e-04
5.330000e+00 -6.344205e-04
5.340000e+00 -6.460467e-04
5.350000e+00 -6.574369e-04
5.360000e+00 -6.685458e-04
5.370000e+00 -6.793253e-04
5.380000e+00 -6.897256e-04
5.390000e+00 -6.996951e-04
5.400000e+00 -7.091818e-04
5.410000e+00 -7.181337e-04
5.420000e+00 -7.264996e-04
5.430000e+00 -7.342298e-04
5.440000e+00 -7.412772e-04
5.450000e+00 -7.475978e-04
5.460000e+00 -7.531517e-04
5.470000e+00 -7.579036e-04
5.480000e+00 -7.618237e-04
5.490000e+00 -7.648881e-04
5.500000e+00 -7.670796e-04
5.510000e+00 -7.683878e-04
5.520000e+00 -7.688098e-04
5.530000e+00 -7.683500e-04
5.540000e+00 -7.670207e-04
5.550000e+00 -7.648419e-04
5.560000e+00 -7.618412e-04
5.570000e+00 -7.580534e-04
5.580000e+00 -7.535205e-04
5.590000e+00 -7.482912e-04
5.600000e+00 -7.424202e-04
5.610000e+00 -7.359678e-04
5.620000e+00 -7.289990e-04
5.630000e+00 -7.215828e-04
5.640000e+00 -7.137915e-04
5.650000e+00 -7.056998e-04
5.660000e+00 -6.973838e-04
5.670000e+00 -6.889202e-04
5.680000e+00 -6.803851e-04
5.690000e+00 -6.718537e-04
5.700000e+00 -6.633988e-04
5.710000e+00 -6.550903e-04
5.720000e+00 -6.469944e-04
5.730000e+00 -6.391726e-04
5.740000e+00 -6.316813e-04
5.750000e+00 -6.245709e-04
5.760000e+00 -6.178856e-04
5.770000e+00 -6.116626e-04
5.780000e+00 -6.059320e-04
5.790000e+00 -6.007161e-04
5.800000e+00 -5.960298e-04
5.810000e+00 -5.918797e-04
5.820000e+00 -5.882646e-04
5.830000e+00 -5.851752e-04
5.840000e+00 -5.825944e-04
5.850000e+00 -5.804970e-04
5.860000e+00 -5.788506e-04
5.870000e+00 -5.776148e-04
5.880000e+00 -5.767426e-04
5.890000e+00 -5.761799e-04
5.900000e+00 -5.758661e-04
5.910000e+00 -5.757344e-04
5.920000e+00 -5.757126e-04
5.930000e+00 -5.757228e-04
5.940000e+00 -5.756825e-04
5.950000e+00 -5.755046e-04
5.960000e+00 -5.750980e-04
5.970000e+00 -5.743683e-04
5.980000e+00 -5.732177e-04
5.990000e+00 -5.715462e-04
6.000000e+00 -5.692517e-04
6.010000e+00 -5.662305e-04
6.020000e+00 -5.623782e-04
6.030000e+00 -5.575898e-04
6.040000e+00 -5.517608e-04
6.050000e+00 -5.447873e-04
6.060000e+00 -5.365671e-04
6.070000e+00 -5.270003e-04
6.080000e+00 -5.159898e-04
6.090000e+00 -5.034421e-04
6.100000e+00 -4.892684e-04
6.110000e+00 -4.733848e-04
6.120000e+00 -4.557138e-04
6.130000e+00 -4.361843e-04
6.140000e+00 -4.147334e-04
6.150000e+00 -3.913064e-04
6.160000e+00 -3.658581e-04
6.170000e+00 -3.383533e-04
6.180000e+00 -3.087679e-04
6.190000e+00 -2.770894e-04
6.200000e+00 -2.433175e-04
6.210000e+00 -2.074652e-04
6.220000e+00 -1.695585e-04
6.230000e+00 -1.296379e-04
6.240000e+00 -8.775768e-05
6.250000e+00 -4.398699e-05
6.260000e+00 1.590535e-06
6.270000e+00 4.887659e-05
6.280000e+00 9.775842e-05
6.290000e+00 1.481091e-04
6.300000e+00 1.997878e-04
6.310000e+00 2.526408e-04
6.320000e+00 3.065018e-04
6.330000e+00 3.611929e-04
6.340000e+00 4.165258e-04
6.350000e+00 4.723025e-04
6.360000e+00 5.283173e-04
6.370000e+00 5.843573e-04
6.380000e+00 6.402045e-04
6.390000e+00 6.956369e-04
6.400000e+00 7.504307e-04
6.410000e+00 8.043611e-04
6.420000e+00 8.572047e-04
6.430000e+00 9.087408e-04
6.440000e+00 9.587531e-04
6.450000e+00 1.007032e-03
6.460000e+00 1.053373e-03
6.470000e+00 1.097585e-03
6.480000e+00 1.139484e-03
6.490000e+00 1.178899e-03
6.500000e+00 1.215672e-03
6.510000e+00 1.249658e-03
6.520000e+00 1.280728e-03
6.530000e+00 1.308767e-03
6.540000e+00 1.333679e-03
6.550000e+00 1.355381e-03
6.560000e+00 1.373809e-03
6.570000e+00 1.388915e-03
6.580000e+00 1.400667e-03
6.590000e+00 1.409050e-03
6.600000e+00 1.414065e-03
6.610000e+00 1.415727e-03
6.620000e+00 1.414067e-03
6.630000e+00 1.409129e-03
6.640000e+00 1.400971e-03
6.650000e+00 1.389662e-03
6.660000e+00 1.375280e-03
6.670000e+00 1.357916e-03
6.680000e+00 1.337668e-03
6.690000e+00 1.314641e-03
6.700000e+00 1.288947e-03
6.710000e+00 1.260703e-03
6.720000e+00 1.230031e-03
6.730000e+00 1.197053e-03
6.740000e+00 1.161896e-03
6.750000e+00 1.124687e-03
6.760000e+00 1.085554e-03
6.770000e+00 1.044623e-03
6.780000e+00 1.002020e-03
6.790000e+00 9.578684e-04
6.800000e+00 9.122903e-04
6.810000e+00 8.654038e-04
6.820000e+00 8.173246e-04
6.830000e+00 7.681645e-04
6.840000e+00 7.180319e-04
6.850000e+00 6.670313e-04
6.860000e+00 6.152634e-04
6.870000e+00 5.628247e-04
6.880000e+00 5.098079e-04
6.890000e+00 4.563016e-04
6.900000e+00 4.023906e-04
6.910000e+00 3.481555e-04
6.920000e+00 2.936735e-04
6.930000e+00 2.390178e-04
6.940000e+00 1.842577e-04
6.950000e+00 1.294592e-04
6.960000e+00 7.468452e-05
6.970000e+00 1.999223e-05
6.980000e+00 -3.456257e-05
6.990000e+00 -8.892833e-05
7.000000e+00 -1.430571e-04
7.010000e+00 -1.969043e-04
7.020000e+00 -2.504290e-04
7.030000e+00 -3.035938e-04
7.040000e+00 -3.563647e-04
7.050000e+00 -4.087110e-04
7.060000e+00 -4.606056e-04
7.070000e+00 -5.120245e-04
7.080000e+00 -5.629468e-04
7.090000e+00 -6.133546e-04
7.100000e+00 -6.632327e-04
7.110000e+00 -7.125684e-04
7.120000e+00 -7.613509e-04
7.130000e+00 -8.095717e-04
7.140000e+00 -8.572231e-04
7.150000e+00 -9.042987e-04
7.160000e+00 -9.507925e-04
7.170000e+00 -9.966983e-04
7.180000e+00 -1.042009e-03
7.190000e+00 -1.086718e-03
7.200000e+00 -1.130814e-03
7.210000e+00 -1.174287e-03
7.220000e+00 -1.217120e-03
7.230000e+00 -1.259296e-03
7.240000e+00 -1.300793e-03
7.250000e+00 -1.341584e-03
7.260000e+00 -1.381639e-03
7.270000e+00 -1.420921e-03
7.280000e+00 -1.459390e-03
7.290000e+00 -1.496999e-03
7.300000e+00 -1.533697e-03
7.310000e+00 -1.569428e-03
7.320000e+00 -1.604129e-03
7.330000e+00 -1.637735e-03
7.340000e+00 -1.670176e-03
7.350000e+00 -1.701377e-03
7.360000e+00 -1.731264e-03
7.370000e+00 -1.759756e-03
7.380000e+00 -1.786776e-03
7.390000e+00 -1.812242e-03
7.400000e+00 -1.836077e-03
7.410000e+00 -1.858203e-03
7.420000e+00 -1.878547e-03
7.430000e+00 -1.897039e-03
7.440000e+00 -1.913615e-03
7.450000e+00 -1.928218e-03
7.460000e+00 -1.940796e-03
7.470000e+00 -1.951309e-03
7.480000e+00 -1.959724e-03
7.490000e+00 -1.966019e-03
7.500000e+00 -1.970184e-03
7.510000e+00 -1.972219e-03
7.520000e+00 -1.972137e-03
7.530000e+00 -1.969963e-03
7.540000e+00 -1.965734e-03
7.550000e+00 -1.959499e-03
7.560000e+00 -1.951319e-03
7.570000e+00 -1.941269e-03
7.580000e+00 -1.929431e-03
7.590000e+00 -1.915899e-03
7.600000e+00 -1.900778e-03
7.610000e+00 -1.884179e-03
7.620000e+00 -1.866219e-03
7.630000e+00 -1.847024e-03
7.640000e+00 -1.826721e-03
7.650000e+00 -1.805442e-03
7.660000e+00 -1.783320e-03
7.670000e+00 -1.760485e-03
7.680000e+00 -1.737068e-03
7.690000e+00 -1.713197e-03
7.700000e+00 -1.688992e-03
7.710000e+00 -1.664569e-03
7.720000e+00 -1.640036e-03
7.730000e+00 -1.615493e-03
7.740000e+00 -1.591027e-03
7.750000e+00 -1.566717e-03
7.760000e+00 -1.542630e-03
7.770000e+00 -1.518820e-03
7.780000e+00 -1.495327e-03
7.790000e+00 -1.472181e-03
7.800000e+00 -1.449396e-03
7.810000e+00 -1.426976e-03
7.820000e+00 -1.404911e-03
7.830000e+00 -1.383178e-03
7.840000e+00 -1.361743e-03
7.850000e+00 -1.340563e-03
7.860000e+00 -1.319584e-03
7.870000e+00 -1.298743e-03
7.880000e+00 -1.277970e-03
7.890000e+00 -1.257188e-03
7.900000e+00 -1.236317e-03
7.910000e+00 -1.215271e-03
7.920000e+00 -1.193962e-03
7.930000e+00 -1.172304e-03
7.940000e+00 -1.150207e-03
7.950000e+00 -1.127587e-03
7.960000e+00 -1.104359e-03
7.970000e+00 -1.080444e-03
7.980000e+00 -1.055770e-03
7.990000e+00 -1.030267e-03
8.000000e+00 -1.003876e-03
8.010000e+00 -9.765440e-04
8.020000e+00 -9.482265e-04
8.030000e+00 -9.188886e-04
8.040000e+00 -8.885046e-04
8.050000e+00 -8.570585e-04
8.060000e+00 -8.245443e-04
8.070000e+00 -7.909662e-04
8.080000e+00 -7.563383e-04
8.090000e+00 -7.206846e-04
8.100000e+00 -6.840389e-04
8.110000e+00 -6.464444e-04
8.120000e+00 -6.079535e-04
8.130000e+00 -5.686275e-04
8.140000e+00 -5.285360e-04
8.150000e+00 -4.877567e-04
8.160000e+00 -4.463748e-04
8.170000e+00 -4.044826e-04
8.180000e+00 -3.621791e-04
8.190000e+00 -3.195694e-04
8.200000e+00 -2.767647e-04
8.210000e+00 -2.338812e-04
8.220000e+00 -1.910404e-04
8.230000e+00 -1.483681e-04
8.240000e+00 -1.059945e-04
8.250000e+00 -6.405354e-05
8.260000e+00 -2.268266e-05
8.270000e+00 1.797765e-05
8.280000e+00 5.778412e-05
8.290000e+00 9.659121e-05
8.300000e+00 1.342514e-04
8.310000e+00 1.706158e-04
8.320000e+00 2.055345e-04
8.330000e+00 2.388569e-04
8.340000e+00 2.704328e-04
8.350000e+00 3.001126e-04
8.360000e+00 3.277482e-04
8.370000e+00 3.531935e-04
8.380000e+00 3.763055e-04
8.390000e+00 3.969450e-04
8.400000e+00 4.149776e-04
8.410000e+00 4.302745e-04
8.420000e+00 4.427139e-04
8.430000e+00 4.521817e-04
8.440000e+00 4.585726e-04
8.450000e+00 4.617916e-04
8.460000e+00 4.617547e-04
8.470000e+00 4.583899e-04
8.480000e+00 4.516388e-04
8.490000e+00 4.414571e-04
8.500000e+00 4.278159e-04
8.510000e+00 4.107022e-04
8.520000e+00 3.901201e-04
8.530000e+00 3.660911e-04
8.540000e+00 3.386550e-04
8.550000e+00 3.078700e-04
8.560000e+00 2.738130e-04
8.570000e+00 2.365798e-04
8.580000e+00 1.962852e-04
8.590000e+00 1.530620e-04
8.600000e+00 1.070616e-04
8.610000e+00 5.845253e-05
8.620000e+00 7.420074e-06
8.630000e+00 -4.583478e-05
8.640000e+00 -1.010965e-04
8.650000e+00 -1.581363e-04
8.660000e+00 -2.167136e-04
8.670000e+00 -2.765775e-04
8.680000e+00 -3.374685e-04
8.690000e+00 -3.991203e-04
8.700000e+00 -4.612618e-04
8.710000e+00 -5.236186e-04
8.720000e+00 -5.859153e-04
8.730000e+00 -6.478773e-04
8.740000e+00 -7.092328e-04
8.750000e+00 -7.697147e-04
8.760000e+00 -8.290623e-04
8.770000e+00 -8.870232e-04
8.780000e+00 -9.433552e-04
8.790000e+00 -9.978272e-04
8.800000e+00 -1.050222e-03
8.810000e+00 -1.100335e-03
8.820000e+00 -1.147978e-03
8.830000e+00 -1.192981e-03
8.840000e+00 -1.235188e-03
8.850000e+00 -1.274464e-03
8.860000e+00 -1.310689e-03
8.870000e+00 -1.343765e-03
8.880000e+00 -1.373612e-03
8.890000e+00 -1.400168e-03
8.900000e+00 -1.423390e-03
8.910000e+00 -1.443255e-03
8.920000e+00 -1.459755e-03
8.930000e+00 -1.472902e-03
8.940000e+00 -1.482724e-03
8.950000e+00 -1.489266e-03
8.960000e+00 -1.492585e-03
8.970000e+00 -1.492757e-03
8.980000e+00 -1.489867e-03
8.990000e+00 -1.484015e-03
9.000000e+00 -1.475312e-03
9.010000e+00 -1.463878e-03
9.020000e+00 -1.449843e-03
9.030000e+00 -1.433346e-03
9.040000e+00 -1.414531e-03
9.050000e+00 -1.393551e-03
9.060000e+00 -1.370562e-03
9.070000e+00 -1.345725e-03
9.080000e+00 -1.319205e-03
9.090000e+00 -1.291168e-03
9.100000e+00 -1.261783e-03
9.110000e+00 -1.231218e-03
9.120000e+00 -1.199643e-03
9.130000e+00 -1.167225e-03
9.140000e+00 -1.134133e-03
9.150000e+00 -1.100529e-03
9.160000e+00 -1.066575e-03
9.170000e+00 -1.032429e-03
9.180000e+00 -9.982434e-04
9.190000e+00 -9.641673e-04
9.200000e+00 -9.303424e-04
9.210000e+00 -8.969047e-04
9.220000e+00 -8.639828e-04
9.230000e+00 -8.316975e-04
9.240000e+00 -8.001611e-04
9.250000e+00 -7.694769e-04
9.260000e+00 -7.397382e-04
9.270000e+00 -7.110280e-04
9.280000e+00 -6.834181e-04
9.290000e+00 -6.569690e-04
9.300000e+00 -6.317288e-04
9.310000e+00 -6.077334e-04
9.320000e+00 -5.850053e-04
9.330000e+00 -5.635542e-04
9.340000e+00 -5.433760e-04
9.350000e+00 -5.244530e-04
9.360000e+00 -5.067539e-04
9.370000e+00 -4.902335e-04
9.380000e+00 -4.748334e-04
9.390000e+00 -4.604820e-04
9.400000e+00 -4.470950e-04
9.410000e+00 -4.345758e-04
9.420000e+00 -4.228164e-04
9.430000e+00 -4.116984e-04
9.440000e+00 -4.010934e-04
9.450000e+00 -3.908646e-04
9.460000e+00 -3.808678e-04
9.470000e+00 -3.709525e-04
9.480000e+00 -3.609638e-04
9.490000e+00 -3.507433e-04
9.500000e+00 -3.401312e-04
9.510000e+00 -3.289674e-04
9.520000e+00 -3.170936e-04
9.530000e+00 -3.043545e-04
9.540000e+00 -2.905999e-04
9.550000e+00 -2.756861e-04
9.560000e+00 -2.594775e-04
9.570000e+00 -2.418483e-04
9.580000e+00 -2.226837e-04
9.590000e+00 -2.018815e-04
9.600000e+00 -1.793534e-04
9.610000e+00 -1.550259e-04
9.620000e+00 -1.288415e-04
9.630000e+00 -1.007592e-04
9.640000e+00 -7.075562e-05
9.650000e+00 -3.882525e-05
9.660000e+00 -4.980676e-06
9.670000e+00 3.074715e-05
9.680000e+00 6.830906e-05
9.690000e+00 1.076379e-04
9.700000e+00 1.486489e-04
9.710000e+00 1.912404e-04
9.720000e+00 2.352945e-04
9.730000e+00 2.806784e-04
9.740000e+00 3.272447e-04
9.750000e+00 3.748334e-04
9.760000e+00 4.232729e-04
9.770000e+00 4.723815e-04
9.780000e+00 5.219689e-04
9.790000e+00 5.718379e-04
9.800000e+00 6.217860e-04
9.810000e+00 6.716070e-04
9.820000e+00 7.210930e-04
9.830000e+00 7.700356e-04
9.840000e+00 8.182284e-04
9.850000e+00 8.654675e-04
9.860000e+00 9.115543e-04
9.870000e+00 9.562962e-04
9.880000e+00 9.995083e-04
9.890000e+00 1.041015e-03
9.900000e+00 1.080650e-03
9.910000e+00 1.118261e-03
9.920000e+00 1.153705e-03
9.930000e+00 1.186854e-03
9.940000e+00 1.217596e-03
9.950000e+00 1.245829e-03
9.960000e+00 1.271472e-03
9.970000e+00 1.294455e-03
9.980000e+00 1.314727e-03
9.990000e+00 1.332253e-03
1.000000e+01 1.347012e-03
