# sigma2_v 1.152160421990635e+01
# aH 9e+01
0.000000e+00 1.000000e+00
1.000000e-02 9.994241e-01
2.000000e-02 9.976984e-01
3.000000e-02 9.948292e-01
4.000000e-02 9.908267e-01
5.000000e-02 9.857052e-01
6.000000e-02 9.794829e-01
7.000000e-02 9.721819e-01
8.000000e-02 9.638279e-01
9.000000e-02 9.544501e-01
1.000000e-01 9.440812e-01
1.100000e-01 9.327569e-01
1.200000e-01 9.205160e-01
1.300000e-01 9.073998e-01
1.400000e-01 8.934523e-01
1.500000e-01 8.787197e-01
1.600000e-01 8.632499e-01
1.700000e-01 8.470929e-01
1.800000e-01 8.302999e-01
1.900000e-01 8.129231e-01
2.000000e-01 7.950160e-01
2.100000e-01 7.766323e-01
2.200000e-01 7.578263e-01
2.300000e-01 7.386521e-01
2.400000e-01 7.191639e-01
2.500000e-01 6.994152e-01
2.600000e-01 6.794590e-01
2.700000e-01 6.593473e-01
2.800000e-01 6.391309e-01
2.900000e-01 6.188595e-01
3.000000e-01 5.985810e-01
3.100000e-01 5.783419e-01
3.200000e-01 5.581865e-01
3.300000e-01 5.381575e-01
3.400000e-01 5.182953e-01
3.500000e-01 4.986381e-01
3.600000e-01 4.792217e-01
3.700000e-01 4.600799e-01
3.800000e-01 4.412438e-01
3.900000e-01 4.227421e-01
4.000000e-01 4.046010e-01
4.100000e-01 3.868443e-01
4.200000e-01 3.694934e-01
4.300000e-01 3.525672e-01
4.400000e-01 3.360820e-01
4.500000e-01 3.200521e-01
4.600000e-01 3.044893e-01
4.700000e-01 2.894032e-01
4.800000e-01 2.748013e-01
4.900000e-01 2.606890e-01
5.000000e-01 2.470697e-01
5.100000e-01 2.339450e-01
5.200000e-01 2.213147e-01
5.300000e-01 2.091770e-01
5.400000e-01 1.975286e-01
5.500000e-01 1.863646e-01
5.600000e-01 1.756789e-01
5.700000e-01 1.654642e-01
5.800000e-01 1.557121e-01
5.900000e-01 1.464132e-01
6.000000e-01 1.375573e-01
6.100000e-01 1.291333e-01
6.200000e-01 1.211297e-01
6.300000e-01 1.135342e-01
6.400000e-01 1.063341e-01
6.500000e-01 9.951656e-02
6.600000e-01 9.306813e-02
6.700000e-01 8.697537e-02
6.800000e-01 8.122466e-02
6.900000e-01 7.580235e-02
7.000000e-01 7.069480e-02
7.100000e-01 6.588844e-02
7.200000e-01 6.136986e-02
7.300000e-01 5.712578e-02
7.400000e-01 5.314320e-02
7.500000e-01 4.940934e-02
7.600000e-01 4.591174e-02
7.700000e-01 4.263824e-02
7.800000e-01 3.957704e-02
7.900000e-01 3.671672e-02
8.000000e-01 3.404621e-02
8.100000e-01 3.155486e-02
8.200000e-01 2.923241e-02
8.300000e-01 2.706900e-02
8.400000e-01 2.505520e-02
8.500000e-01 2.318198e-02
8.600000e-01 2.144069e-02
8.700000e-01 1.982313e-02
8.800000e-01 1.832144e-02
8.900000e-01 1.692819e-02
9.000000e-01 1.563631e-02
9.100000e-01 1.443910e-02
9.200000e-01 1.333021e-02
9.300000e-01 1.230365e-02
9.400000e-01 1.135375e-02
9.500000e-01 1.047516e-02
9.600000e-01 9.662847e-03
9.700000e-01 8.912069e-03
9.800000e-01 8.218364e-03
9.900000e-01 7.577540e-03
1.000000e+00 6.985665e-03
1.010000e+00 6.439049e-03
1.020000e+00 5.934237e-03
1.030000e+00 5.467997e-03
1.040000e+00 5.037305e-03
1.050000e+00 4.639340e-03
1.060000e+00 4.271468e-03
1.070000e+00 3.931237e-03
1.080000e+00 3.616364e-03
1.090000e+00 3.324728e-03
1.100000e+00 3.054361e-03
1.110000e+00 2.803441e-03
1.120000e+00 2.570279e-03
1.130000e+00 2.353321e-03
1.140000e+00 2.151131e-03
1.150000e+00 1.962394e-03
1.160000e+00 1.785900e-03
1.170000e+00 1.620548e-03
1.180000e+00 1.465332e-03
1.190000e+00 1.319342e-03
1.200000e+00 1.181756e-03
1.210000e+00 1.051834e-03
1.220000e+00 9.289193e-04
1.230000e+00 8.124265e-04
1.240000e+00 7.018435e-04
1.250000e+00 5.967247e-04
1.260000e+00 4.966879e-04
1.270000e+00 4.014106e-04
1.280000e+00 3.106262e-04
1.290000e+00 2.241205e-04
1.300000e+00 1.417282e-04
1.310000e+00 6.332902e-05
1.320000e+00 -1.115542e-05
1.330000e+00 -8.176553e-05
1.340000e+00 -1.485073e-04
1.350000e+00 -2.113560e-04
1.360000e+00 -2.702597e-04
1.370000e+00 -3.251436e-04
1.380000e+00 -3.759133e-04
1.390000e+00 -4.224588e-04
1.400000e+00 -4.646588e-04
1.410000e+00 -5.023839e-04
1.420000e+00 -5.355011e-04
1.430000e+00 -5.638775e-04
1.440000e+00 -5.873838e-04
1.450000e+00 -6.058985e-04
1.460000e+00 -6.193107e-04
1.470000e+00 -6.275244e-04
1.480000e+00 -6.304610e-04
1.490000e+00 -6.280622e-04
1.500000e+00 -6.202932e-04
1.510000e+00 -6.071443e-04
1.520000e+00 -5.886335e-04
1.530000e+00 -5.648075e-04
1.540000e+00 -5.357430e-04
1.550000e+00 -5.015473e-04
1.560000e+00 -4.623589e-04
1.570000e+00 -4.183465e-04
1.580000e+00 -3.697087e-04
1.590000e+00 -3.166725e-04
1.600000e+00 -2.594916e-04
1.610000e+00 -1.984440e-04
1.620000e+00 -1.338295e-04
1.630000e+00 -6.596664e-05
1.640000e+00 4.811144e-06
1.650000e+00 7.815896e-05
1.660000e+00 1.537247e-04
1.670000e+00 2.311532e-04
1.680000e+00 3.100907e-04
1.690000e+00 3.901894e-04
1.700000e+00 4.711115e-04
1.710000e+00 5.525338e-04
1.720000e+00 6.341520e-04
1.730000e+00 7.156842e-04
1.740000e+00 7.968744e-04
1.750000e+00 8.774960e-04
1.760000e+00 9.573540e-04
1.770000e+00 1.036287e-03
1.780000e+00 1.114170e-03
1.790000e+00 1.190912e-03
1.800000e+00 1.266460e-03
1.810000e+00 1.340796e-03
1.820000e+00 1.413937e-03
1.830000e+00 1.485932e-03
1.840000e+00 1.556859e-03
1.850000e+00 1.626824e-03
1.860000e+00 1.695956e-03
1.870000e+00 1.764402e-03
1.880000e+00 1.832323e-03
1.890000e+00 1.899887e-03
1.900000e+00 1.967266e-03
1.910000e+00 2.034632e-03
1.920000e+00 2.102145e-03
1.930000e+00 2.169953e-03
1.940000e+00 2.238184e-03
1.950000e+00 2.306942e-03
1.960000e+00 2.376301e-03
1.970000e+00 2.446301e-03
1.980000e+00 2.516944e-03
1.990000e+00 2.588190e-03
2.000000e+00 2.659957e-03
2.010000e+00 2.732115e-03
2.020000e+00 2.804487e-03
2.030000e+00 2.876853e-03
2.040000e+00 2.948941e-03
2.050000e+00 3.020437e-03
2.060000e+00 3.090986e-03
2.070000e+00 3.160189e-03
2.080000e+00 3.227615e-03
2.090000e+00 3.292802e-03
2.100000e+00 3.355258e-03
2.110000e+00 3.414476e-03
2.120000e+00 3.469932e-03
2.130000e+00 3.521096e-03
2.140000e+00 3.567436e-03
2.150000e+00 3.608429e-03
2.160000e+00 3.643563e-03
2.170000e+00 3.672349e-03
2.180000e+00 3.694323e-03
2.190000e+00 3.709058e-03
2.200000e+00 3.716165e-03
2.210000e+00 3.715302e-03
2.220000e+00 3.706179e-03
2.230000e+00 3.688560e-03
2.240000e+00 3.662273e-03
2.250000e+00 3.627205e-03
2.260000e+00 3.583313e-03
2.270000e+00 3.530618e-03
2.280000e+00 3.469215e-03
2.290000e+00 3.399263e-03
2.300000e+00 3.320992e-03
2.310000e+00 3.234701e-03
2.320000e+00 3.140751e-03
2.330000e+00 3.039567e-03
2.340000e+00 2.931633e-03
2.350000e+00 2.817488e-03
2.360000e+00 2.697722e-03
2.370000e+00 2.572967e-03
2.380000e+00 2.443897e-03
2.390000e+00 2.311219e-03
2.400000e+00 2.175667e-03
2.410000e+00 2.037995e-03
2.420000e+00 1.898969e-03
2.430000e+00 1.759365e-03
2.440000e+00 1.619957e-03
2.450000e+00 1.481511e-03
2.460000e+00 1.344780e-03
2.470000e+00 1.210499e-03
2.480000e+00 1.079373e-03
2.490000e+00 9.520767e-04
2.500000e+00 8.292454e-04
2.510000e+00 7.114720e-04
2.520000e+00 5.993018e-04
2.530000e+00 4.932279e-04
2.540000e+00 3.936884e-04
2.550000e+00 3.010631e-04
2.560000e+00 2.156717e-04
2.570000e+00 1.377719e-04
2.580000e+00 6.755876e-05
2.590000e+00 5.164590e-06
2.600000e+00 -4.934077e-05
2.610000e+00 -9.594861e-05
2.620000e+00 -1.347096e-04
2.630000e+00 -1.657316e-04
2.640000e+00 -1.891761e-04
2.650000e+00 -2.052556e-04
2.660000e+00 -2.142291e-04
2.670000e+00 -2.163977e-04
2.680000e+00 -2.121006e-04
2.690000e+00 -2.017094e-04
2.700000e+00 -1.856237e-04
2.710000e+00 -1.642654e-04
2.720000e+00 -1.380737e-04
2.730000e+00 -1.074999e-04
2.740000e+00 -7.300243e-05
2.750000e+00 -3.504164e-05
2.760000e+00 5.924568e-06
2.770000e+00 4.944523e-05
2.780000e+00 9.508033e-05
2.790000e+00 1.424044e-04
2.800000e+00 1.910099e-04
2.810000e+00 2.405098e-04
2.820000e+00 2.905400e-04
2.830000e+00 3.407614e-04
2.840000e+00 3.908612e-04
2.850000e+00 4.405542e-04
2.860000e+00 4.895828e-04
2.870000e+00 5.377182e-04
2.880000e+00 5.847595e-04
2.890000e+00 6.305339e-04
2.900000e+00 6.748956e-04
2.910000e+00 7.177254e-04
2.920000e+00 7.589292e-04
2.930000e+00 7.984372e-04
2.940000e+00 8.362023e-04
2.950000e+00 8.721991e-04
2.960000e+00 9.064221e-04
2.970000e+00 9.388847e-04
2.980000e+00 9.696174e-04
2.990000e+00 9.986669e-04
3.000000e+00 1.026094e-03
3.010000e+00 1.051974e-03
3.020000e+00 1.076391e-03
3.030000e+00 1.099445e-03
3.040000e+00 1.121239e-03
3.050000e+00 1.141890e-03
3.060000e+00 1.161516e-03
3.070000e+00 1.180246e-03
3.080000e+00 1.198208e-03
3.090000e+00 1.215535e-03
3.100000e+00 1.232360e-03
3.110000e+00 1.248814e-03
3.120000e+00 1.265027e-03
3.130000e+00 1.281124e-03
3.140000e+00 1.297220e-03
3.150000e+00 1.313427e-03
3.160000e+00 1.329842e-03
3.170000e+00 1.346550e-03
3.180000e+00 1.363622e-03
3.190000e+00 1.381113e-03
3.200000e+00 1.399058e-03
3.210000e+00 1.417472e-03
3.220000e+00 1.436348e-03
3.230000e+00 1.455659e-03
3.240000e+00 1.475350e-03
3.250000e+00 1.495344e-03
3.260000e+00 1.515540e-03
3.270000e+00 1.535812e-03
3.280000e+00 1.556010e-03
3.290000e+00 1.575962e-03
3.300000e+00 1.595473e-03
3.310000e+00 1.614332e-03
3.320000e+00 1.632309e-03
3.330000e+00 1.649160e-03
3.340000e+00 1.664630e-03
3.350000e+00 1.678456e-03
3.360000e+00 1.690373e-03
3.370000e+00 1.700112e-03
3.380000e+00 1.707410e-03
3.390000e+00 1.712012e-03
3.400000e+00 1.713672e-03
3.410000e+00 1.712162e-03
3.420000e+00 1.707272e-03
3.430000e+00 1.698813e-03
3.440000e+00 1.686626e-03
3.450000e+00 1.670575e-03
3.460000e+00 1.650560e-03
3.470000e+00 1.626512e-03
3.480000e+00 1.598396e-03
3.490000e+00 1.566214e-03
3.500000e+00 1.530005e-03
3.510000e+00 1.489844e-03
3.520000e+00 1.445842e-03
3.530000e+00 1.398144e-03
3.540000e+00 1.346933e-03
3.550000e+00 1.292421e-03
3.560000e+00 1.234853e-03
3.570000e+00 1.174500e-03
3.580000e+00 1.111662e-03
3.590000e+00 1.046658e-03
3.600000e+00 9.798302e-04
3.610000e+00 9.115368e-04
3.620000e+00 8.421495e-04
3.630000e+00 7.720511e-04
3.640000e+00 7.016320e-04
3.650000e+00 6.312870e-04
3.660000e+00 5.614128e-04
3.670000e+00 4.924045e-04
3.680000e+00 4.246531e-04
3.690000e+00 3.585429e-04
3.700000e+00 2.944492e-04
3.710000e+00 2.327353e-04
3.720000e+00 1.737507e-04
3.730000e+00 1.178291e-04
3.740000e+00 6.528596e-05
3.750000e+00 1.641699e-05
3.760000e+00 -2.850387e-05
3.770000e+00 -6.922605e-05
3.780000e+00 -1.055240e-04
3.790000e+00 -1.371988e-04
3.800000e+00 -1.640794e-04
3.810000e+00 -1.860242e-04
3.820000e+00 -2.029222e-04
3.830000e+00 -2.146944e-04
3.840000e+00 -2.212944e-04
3.850000e+00 -2.227098e-04
3.860000e+00 -2.189626e-04
3.870000e+00 -2.101101e-04
3.880000e+00 -1.962449e-04
3.890000e+00 -1.774952e-04
3.900000e+00 -1.540246e-04
3.910000e+00 -1.260320e-04
3.920000e+00 -9.375027e-05
3.930000e+00 -5.744583e-05
3.940000e+00 -1.741683e-05
3.950000e+00 2.600835e-05
3.960000e+00 7.247323e-05
3.970000e+00 1.215956e-04
3.980000e+00 1.729703e-04
3.990000e+00 2.261719e-04
4.000000e+00 2.807588e-04
4.010000e+00 3.362755e-04
4.020000e+00 3.922577e-04
4.030000e+00 4.482350e-04
4.040000e+00 5.037358e-04
4.050000e+00 5.582905e-04
4.060000e+00 6.114363e-04
4.070000e+00 6.627206e-04
4.080000e+00 7.117052e-04
4.090000e+00 7.579697e-04
4.100000e+00 8.011154e-04
4.110000e+00 8.407678e-04
4.120000e+00 8.765802e-04
4.130000e+00 9.082359e-04
4.140000e+00 9.354501e-04
4.150000e+00 9.579723e-04
4.160000e+00 9.755871e-04
4.170000e+00 9.881155e-04
4.180000e+00 9.954152e-04
4.190000e+00 9.973809e-04
4.200000e+00 9.939439e-04
4.210000e+00 9.850714e-04
4.220000e+00 9.707661e-04
4.230000e+00 9.510643e-04
4.240000e+00 9.260347e-04
4.250000e+00 8.957766e-04
4.260000e+00 8.604183e-04
4.270000e+00 8.201147e-04
4.280000e+00 7.750456e-04
4.290000e+00 7.254131e-04
4.300000e+00 6.714400e-04
4.310000e+00 6.133673e-04
4.320000e+00 5.514523e-04
4.330000e+00 4.859669e-04
4.340000e+00 4.171955e-04
4.350000e+00 3.454332e-04
4.360000e+00 2.709847e-04
4.370000e+00 1.941626e-04
4.380000e+00 1.152861e-04
4.390000e+00 3.468013e-05
4.400000e+00 -4.732595e-05
4.410000e+00 -1.303990e-04
4.420000e+00 -2.142030e-04
4.430000e+00 -2.983996e-04
4.440000e+00 -3.826493e-04
4.450000e+00 -4.666113e-04
4.460000e+00 -5.499449e-04
4.470000e+00 -6.323098e-04
4.480000e+00 -7.133669e-04
4.490000e+00 -7.927791e-04
4.500000e+00 -8.702122e-04
4.510000e+00 -9.453361e-04
4.520000e+00 -1.017825e-03
4.530000e+00 -1.087361e-03
4.540000e+00 -1.153631e-03
4.550000e+00 -1.216334e-03
4.560000e+00 -1.275176e-03
4.570000e+00 -1.329879e-03
4.580000e+00 -1.380177e-03
4.590000e+00 -1.425818e-03
4.600000e+00 -1.466570e-03
4.610000e+00 -1.502219e-03
4.620000e+00 -1.532574e-03
4.630000e+00 -1.557463e-03
4.640000e+00 -1.576742e-03
4.650000e+00 -1.590290e-03
4.660000e+00 -1.598016e-03
4.670000e+00 -1.599855e-03
4.680000e+00 -1.595772e-03
4.690000e+00 -1.585763e-03
4.700000e+00 -1.569854e-03
4.710000e+00 -1.548100e-03
4.720000e+00 -1.520588e-03
4.730000e+00 -1.487435e-03
4.740000e+00 -1.448786e-03
4.750000e+00 -1.404816e-03
4.760000e+00 -1.355725e-03
4.770000e+00 -1.301739e-03
4.780000e+00 -1.243107e-03
4.790000e+00 -1.180099e-03
4.800000e+00 -1.113002e-03
4.810000e+00 -1.042123e-03
4.820000e+00 -9.677772e-04
4.830000e+00 -8.902939e-04
4.840000e+00 -8.100084e-04
4.850000e+00 -7.272605e-04
4.860000e+00 -6.423918e-04
4.870000e+00 -5.557424e-04
4.880000e+00 -4.676483e-04
4.890000e+00 -3.784388e-04
4.900000e+00 -2.884337e-04
4.910000e+00 -1.979415e-04
4.920000e+00 -1.072568e-04
4.930000e+00 -1.665907e-05
4.940000e+00 7.358926e-05
4.950000e+00 1.632438e-04
4.960000e+00 2.520793e-04
4.970000e+00 3.398900e-04
4.980000e+00 4.264902e-04
4.990000e+00 5.117142e-04
5.000000e+00 5.954160e-04
5.010000e+00 6.774687e-04
5.020000e+00 7.577640e-04
5.030000e+00 8.362114e-04
5.040000e+00 9.127363e-04
5.050000e+00 9.872795e-04
5.060000e+00 1.059796e-03
5.070000e+00 1.130251e-03
5.080000e+00 1.198624e-03
5.090000e+00 1.264901e-03
5.100000e+00 1.329076e-03
5.110000e+00 1.391148e-03
5.120000e+00 1.451123e-03
5.130000e+00 1.509009e-03
5.140000e+00 1.564815e-03
5.150000e+00 1.618550e-03
5.160000e+00 1.670224e-03
5.170000e+00 1.719845e-03
5.180000e+00 1.767416e-03
5.190000e+00 1.812940e-03
5.200000e+00 1.856411e-03
5.210000e+00 1.897822e-03
5.220000e+00 1.937159e-03
5.230000e+00 1.974400e-03
5.240000e+00 2.009520e-03
5.250000e+00 2.042483e-03
5.260000e+00 2.073249e-03
5.270000e+00 2.101768e-03
5.280000e+00 2.127984e-03
5.290000e+00 2.151833e-03
5.300000e+00 2.173241e-03
5.310000e+00 2.192130e-03
5.320000e+00 2.208409e-03
5.330000e+00 2.221985e-03
5.340000e+00 2.232755e-03
5.350000e+00 2.240608e-03
5.360000e+00 2.245429e-03
5.370000e+00 2.247097e-03
5.380000e+00 2.245485e-03
5.390000e+00 2.240465e-03
5.400000e+00 2.231903e-03
5.410000e+00 2.219667e-03
5.420000e+00 2.203625e-03
5.430000e+00 2.183645e-03
5.440000e+00 2.159601e-03
5.450000e+00 2.131373e-03
5.460000e+00 2.098847e-03
5.470000e+00 2.061923e-03
5.480000e+00 2.020509e-03
5.490000e+00 1.974530e-03
5.500000e+00 1.923928e-03
5.510000e+00 1.868663e-03
5.520000e+00 1.808717e-03
5.530000e+00 1.744093e-03
5.540000e+00 1.674820e-03
5.550000e+00 1.600951e-03
5.560000e+00 1.522568e-03
5.570000e+00 1.439780e-03
5.580000e+00 1.352723e-03
5.590000e+00 1.261563e-03
5.600000e+00 1.166491e-03
5.610000e+00 1.067730e-03
5.620000e+00 9.655256e-04
5.630000e+00 8.601490e-04
5.640000e+00 7.518953e-04
5.650000e+00 6.410800e-04
5.660000e+00 5.280378e-04
5.670000e+00 4.131189e-04
5.680000e+00 2.966872e-04
5.690000e+00 1.791165e-04
5.700000e+00 6.078792e-05
5.710000e+00 -5.791334e-05
5.720000e+00 -1.766013e-04
5.730000e+00 -2.948919e-04
5.740000e+00 -4.124065e-04
5.750000e+00 -5.287742e-04
5.760000e+00 -6.436344e-04
5.770000e+00 -7.566396e-04
5.780000e+00 -8.674571e-04
5.790000e+00 -9.757708e-04
5.800000e+00 -1.081283e-03
5.810000e+00 -1.183715e-03
5.820000e+00 -1.282809e-03
5.830000e+00 -1.378328e-03
5.840000e+00 -1.470055e-03
5.850000e+00 -1.557795e-03
5.860000e+00 -1.641376e-03
5.870000e+00 -1.720643e-03
5.880000e+00 -1.795464e-03
5.890000e+00 -1.865726e-03
5.900000e+00 -1.931334e-03
5.910000e+00 -1.992212e-03
5.920000e+00 -2.048300e-03
5.930000e+00 -2.099556e-03
5.940000e+00 -2.145952e-03
5.950000e+00 -2.187476e-03
5.960000e+00 -2.224131e-03
5.970000e+00 -2.255931e-03
5.980000e+00 -2.282904e-03
5.990000e+00 -2.305094e-03
6.000000e+00 -2.322551e-03
6.010000e+00 -2.335343e-03
6.020000e+00 -2.343544e-03
6.030000e+00 -2.347243e-03
6.040000e+00 -2.346538e-03
6.050000e+00 -2.341537e-03
6.060000e+00 -2.332357e-03
6.070000e+00 -2.319126e-03
6.080000e+00 -2.301979e-03
6.090000e+00 -2.281058e-03
6.100000e+00 -2.256513e-03
6.110000e+00 -2.228498e-03
6.120000e+00 -2.197172e-03
6.130000e+00 -2.162697e-03
6.140000e+00 -2.125236e-03
6.150000e+00 -2.084952e-03
6.160000e+00 -2.042007e-03
6.170000e+00 -1.996558e-03
6.180000e+00 -1.948759e-03
6.190000e+00 -1.898757e-03
6.200000e+00 -1.846693e-03
6.210000e+00 -1.792696e-03
6.220000e+00 -1.736887e-03
6.230000e+00 -1.679377e-03
6.240000e+00 -1.620264e-03
6.250000e+00 -1.559635e-03
6.260000e+00 -1.497564e-03
6.270000e+00 -1.434116e-03
6.280000e+00 -1.369342e-03
6.290000e+00 -1.303286e-03
6.300000e+00 -1.235981e-03
6.310000e+00 -1.167453e-03
6.320000e+00 -1.097723e-03
6.330000e+00 -1.026808e-03
6.340000e+00 -9.547234e-04
6.350000e+00 -8.814841e-04
6.360000e+00 -8.071088e-04
6.370000e+00 -7.316212e-04
6.380000e+00 -6.550522e-04
6.390000e+00 -5.774419e-04
6.400000e+00 -4.988419e-04
6.410000e+00 -4.193169e-04
6.420000e+00 -3.389461e-04
6.430000e+00 -2.578243e-04
6.440000e+00 -1.760630e-04
6.450000e+00 -9.379031e-05
6.460000e+00 -1.115159e-05
6.470000e+00 7.169132e-05
6.480000e+00 1.545607e-04
6.490000e+00 2.372641e-04
6.500000e+00 3.195960e-04
6.510000e+00 4.013395e-04
6.520000e+00 4.822684e-04
6.530000e+00 5.621501e-04
6.540000e+00 6.407477e-04
6.550000e+00 7.178232e-04
6.560000e+00 7.931404e-04
6.570000e+00 8.664677e-04
6.580000e+00 9.375813e-04
6.590000e+00 1.006268e-03
6.600000e+00 1.072329e-03
6.610000e+00 1.135580e-03
6.620000e+00 1.195856e-03
6.630000e+00 1.253014e-03
6.640000e+00 1.306933e-03
6.650000e+00 1.357515e-03
6.660000e+00 1.404690e-03
6.670000e+00 1.448413e-03
6.680000e+00 1.488666e-03
6.690000e+00 1.525460e-03
6.700000e+00 1.558830e-03
6.710000e+00 1.588840e-03
6.720000e+00 1.615579e-03
6.730000e+00 1.639160e-03
6.740000e+00 1.659720e-03
6.750000e+00 1.677414e-03
6.760000e+00 1.692419e-03
6.770000e+00 1.704927e-03
6.780000e+00 1.715146e-03
6.790000e+00 1.723292e-03
6.800000e+00 1.729594e-03
6.810000e+00 1.734284e-03
6.820000e+00 1.737598e-03
6.830000e+00 1.739771e-03
6.840000e+00 1.741035e-03
6.850000e+00 1.741619e-03
6.860000e+00 1.741739e-03
6.870000e+00 1.741601e-03
6.880000e+00 1.741397e-03
6.890000e+00 1.741302e-03
6.900000e+00 1.741471e-03
6.910000e+00 1.742039e-03
6.920000e+00 1.743115e-03
6.930000e+00 1.744785e-03
6.940000e+00 1.747107e-03
6.950000e+00 1.750113e-03
6.960000e+00 1.753803e-03
6.970000e+00 1.758152e-03
6.980000e+00 1.763103e-03
6.990000e+00 1.768569e-03
7.000000e+00 1.774437e-03
7.010000e+00 1.780565e-03
7.020000e+00 1.786784e-03
7.030000e+00 1.792902e-03
7.040000e+00 1.798701e-03
7.050000e+00 1.803947e-03
7.060000e+00 1.808385e-03
7.070000e+00 1.811745e-03
7.080000e+00 1.813749e-03
7.090000e+00 1.814107e-03
7.100000e+00 1.812526e-03
7.110000e+00 1.808713e-03
7.120000e+00 1.802378e-03
7.130000e+00 1.793237e-03
7.140000e+00 1.781016e-03
7.150000e+00 1.765459e-03
7.160000e+00 1.746324e-03
7.170000e+00 1.723393e-03
7.180000e+00 1.696473e-03
7.190000e+00 1.665397e-03
7.200000e+00 1.630030e-03
7.210000e+00 1.590267e-03
7.220000e+00 1.546040e-03
7.230000e+00 1.497313e-03
7.240000e+00 1.444091e-03
7.250000e+00 1.386410e-03
7.260000e+00 1.324348e-03
7.270000e+00 1.258017e-03
7.280000e+00 1.187564e-03
7.290000e+00 1.113171e-03
7.300000e+00 1.035051e-03
7.310000e+00 9.534501e-04
7.320000e+00 8.686394e-04
7.330000e+00 7.809168e-04
7.340000e+00 6.906021e-04
7.350000e+00 5.980348e-04
7.360000e+00 5.035702e-04
7.370000e+00 4.075767e-04
7.380000e+00 3.104322e-04
7.390000e+00 2.125212e-04
7.400000e+00 1.142308e-04
7.410000e+00 1.594842e-05
7.420000e+00 -8.194167e-05
7.430000e+00 -1.790611e-04
7.440000e+00 -2.750401e-04
7.450000e+00 -3.695198e-04
7.460000e+00 -4.621547e-04
7.470000e+00 -5.526146e-04
7.480000e+00 -6.405861e-04
7.490000e+00 -7.257748e-04
7.500000e+00 -8.079059e-04
7.510000e+00 -8.867259e-04
7.520000e+00 -9.620032e-04
7.530000e+00 -1.033529e-03
7.540000e+00 -1.101118e-03
7.550000e+00 -1.164607e-03
7.560000e+00 -1.223859e-03
7.570000e+00 -1.278760e-03
7.580000e+00 -1.329220e-03
7.590000e+00 -1.375172e-03
7.600000e+00 -1.416574e-03
7.610000e+00 -1.453406e-03
7.620000e+00 -1.485672e-03
7.630000e+00 -1.513398e-03
7.640000e+00 -1.536632e-03
7.650000e+00 -1.555443e-03
7.660000e+00 -1.569921e-03
7.670000e+00 -1.580173e-03
7.680000e+00 -1.586329e-03
7.690000e+00 -1.588533e-03
7.700000e+00 -1.586948e-03
7.710000e+00 -1.581749e-03
7.720000e+00 -1.573127e-03
7.730000e+00 -1.561284e-03
7.740000e+00 -1.546434e-03
7.750000e+00 -1.528797e-03
7.760000e+00 -1.508602e-03
7.770000e+00 -1.486081e-03
7.780000e+00 -1.461468e-03
7.790000e+00 -1.434997e-03
7.800000e+00 -1.406901e-03
7.810000e+00 -1.377406e-03
7.820000e+00 -1.346732e-03
7.830000e+00 -1.315088e-03
7.840000e+00 -1.282671e-03
7.850000e+00 -1.249662e-03
7.860000e+00 -1.216226e-03
7.870000e+00 -1.182509e-03
7.880000e+00 -1.148634e-03
7.890000e+00 -1.114700e-03
7.900000e+00 -1.080784e-03
7.910000e+00 -1.046934e-03
7.920000e+00 -1.013171e-03
7.930000e+00 -9.794888e-04
7.940000e+00 -9.458538e-04
7.950000e+00 -9.122032e-04
7.960000e+00 -8.784471e-04
7.970000e+00 -8.444691e-04
7.980000e+00 -8.101278e-04
7.990000e+00 -7.752589e-04
8.000000e+00 -7.396769e-04
8.010000e+00 -7.031783e-04
8.020000e+00 -6.655446e-04
8.030000e+00 -6.265454e-04
8.040000e+00 -5.859428e-04
8.050000e+00 -5.434946e-04
8.060000e+00 -4.989594e-04
8.070000e+00 -4.521004e-04
8.080000e+00 -4.026899e-04
8.090000e+00 -3.505142e-04
8.100000e+00 -2.953779e-04
8.110000e+00 -2.371079e-04
8.120000e+00 -1.755584e-04
8.130000e+00 -1.106137e-04
8.140000e+00 -4.219304e-05
8.150000e+00 2.974733e-05
8.160000e+00 1.052107e-04
8.170000e+00 1.841580e-04
8.180000e+00 2.665058e-04
8.190000e+00 3.521258e-04
8.200000e+00 4.408438e-04
8.210000e+00 5.324401e-04
8.220000e+00 6.266505e-04
8.230000e+00 7.231676e-04
8.240000e+00 8.216430e-04
8.250000e+00 9.216903e-04
8.260000e+00 1.022888e-03
8.270000e+00 1.124783e-03
8.280000e+00 1.226897e-03
8.290000e+00 1.328728e-03
8.300000e+00 1.429759e-03
8.310000e+00 1.529461e-03
8.320000e+00 1.627297e-03
8.330000e+00 1.722733e-03
8.340000e+00 1.815238e-03
8.350000e+00 1.904294e-03
8.360000e+00 1.989400e-03
8.370000e+00 2.070074e-03
8.380000e+00 2.145864e-03
8.390000e+00 2.216348e-03
8.400000e+00 2.281140e-03
8.410000e+00 2.339894e-03
8.420000e+00 2.392306e-03
8.430000e+00 2.438120e-03
8.440000e+00 2.477125e-03
8.450000e+00 2.509161e-03
8.460000e+00 2.534119e-03
8.470000e+00 2.551940e-03
8.480000e+00 2.562617e-03
8.490000e+00 2.566193e-03
8.500000e+00 2.562764e-03
8.510000e+00 2.552470e-03
8.520000e+00 2.535501e-03
8.530000e+00 2.512092e-03
8.540000e+00 2.482519e-03
8.550000e+00 2.447099e-03
8.560000e+00 2.406186e-03
8.570000e+00 2.360168e-03
8.580000e+00 2.309463e-03
8.590000e+00 2.254519e-03
8.600000e+00 2.195807e-03
8.610000e+00 2.133821e-03
8.620000e+00 2.069071e-03
8.630000e+00 2.002082e-03
8.640000e+00 1.933392e-03
8.650000e+00 1.863545e-03
8.660000e+00 1.793090e-03
8.670000e+00 1.722577e-03
8.680000e+00 1.652555e-03
8.690000e+00 1.583567e-03
8.700000e+00 1.516147e-03
8.710000e+00 1.450817e-03
8.720000e+00 1.388085e-03
8.730000e+00 1.328439e-03
8.740000e+00 1.272345e-03
8.750000e+00 1.220247e-03
8.760000e+00 1.172558e-03
8.770000e+00 1.129661e-03
8.780000e+00 1.091907e-03
8.790000e+00 1.059609e-03
8.800000e+00 1.033041e-03
8.810000e+00 1.012439e-03
8.820000e+00 9.979922e-04
8.830000e+00 9.898482e-04
8.840000e+00 9.881079e-04
8.850000e+00 9.928255e-04
8.860000e+00 1.004009e-03
8.870000e+00 1.021618e-03
8.880000e+00 1.045567e-03
8.890000e+00 1.075724e-03
8.900000e+00 1.111914e-03
8.910000e+00 1.153919e-03
8.920000e+00 1.201479e-03
8.930000e+00 1.254301e-03
8.940000e+00 1.312055e-03
8.950000e+00 1.374380e-03
8.960000e+00 1.440889e-03
8.970000e+00 1.511172e-03
8.980000e+00 1.584801e-03
8.990000e+00 1.661330e-03
9.000000e+00 1.740307e-03
9.010000e+00 1.821270e-03
9.020000e+00 1.903757e-03
9.030000e+00 1.987307e-03
9.040000e+00 2.071464e-03
9.050000e+00 2.155781e-03
9.060000e+00 2.239822e-03
9.070000e+00 2.323165e-03
9.080000e+00 2.405405e-03
9.090000e+00 2.486153e-03
9.100000e+00 2.565042e-03
9.110000e+00 2.641721e-03
9.120000e+00 2.715863e-03
9.130000e+00 2.787158e-03
9.140000e+00 2.855317e-03
9.150000e+00 2.920069e-03
9.160000e+00 2.981163e-03
9.170000e+00 3.038361e-03
9.180000e+00 3.091444e-03
9.190000e+00 3.140204e-03
9.200000e+00 3.184447e-03
9.210000e+00 3.223988e-03
9.220000e+00 3.258654e-03
9.230000e+00 3.288279e-03
9.240000e+00 3.312704e-03
9.250000e+00 3.331778e-03
9.260000e+00 3.345354e-03
9.270000e+00 3.353295e-03
9.280000e+00 3.355466e-03
9.290000e+00 3.351743e-03
9.300000e+00 3.342007e-03
9.310000e+00 3.326148e-03
9.320000e+00 3.304068e-03
9.330000e+00 3.275679e-03
9.340000e+00 3.240907e-03
9.350000e+00 3.199695e-03
9.360000e+00 3.152002e-03
9.370000e+00 3.097807e-03
9.380000e+00 3.037109e-03
9.390000e+00 2.969934e-03
9.400000e+00 2.896329e-03
9.410000e+00 2.816370e-03
9.420000e+00 2.730161e-03
9.430000e+00 2.637835e-03
9.440000e+00 2.539555e-03
9.450000e+00 2.435513e-03
9.460000e+00 2.325935e-03
9.470000e+00 2.211073e-03
9.480000e+00 2.091211e-03
9.490000e+00 1.966662e-03
9.500000e+00 1.837765e-03
9.510000e+00 1.704886e-03
9.520000e+00 1.568414e-03
9.530000e+00 1.428760e-03
9.540000e+00 1.286355e-03
9.550000e+00 1.141646e-03
9.560000e+00 9.950941e-04
9.570000e+00 8.471717e-04
9.580000e+00 6.983589e-04
9.590000e+00 5.491408e-04
9.600000e+00 4.000045e-04
9.610000e+00 2.514356e-04
9.620000e+00 1.039154e-04
9.630000e+00 -4.208212e-05
9.640000e+00 -1.860937e-04
9.650000e+00 -3.276692e-04
9.660000e+00 -4.663749e-04
9.670000e+00 -6.017958e-04
9.680000e+00 -7.335384e-04
9.690000e+00 -8.612332e-04
9.700000e+00 -9.845369e-04
9.710000e+00 -1.103135e-03
9.720000e+00 -1.216742e-03
9.730000e+00 -1.325106e-03
9.740000e+00 -1.428009e-03
9.750000e+00 -1.525268e-03
9.760000e+00 -1.616736e-03
9.770000e+00 -1.702304e-03
9.780000e+00 -1.781901e-03
9.790000e+00 -1.855495e-03
9.800000e+00 -1.923094e-03
9.810000e+00 -1.984743e-03
9.820000e+00 -2.040527e-03
9.830000e+00 -2.090569e-03
9.840000e+00 -2.135027e-03
9.850000e+00 -2.174098e-03
9.860000e+00 -2.208010e-03
9.870000e+00 -2.237023e-03
9.880000e+00 -2.261428e-03
9.890000e+00 -2.281542e-03
9.900000e+00 -2.297703e-03
9.910000e+00 -2.310275e-03
9.920000e+00 -2.319632e-03
9.930000e+00 -2.326166e-03
9.940000e+00 -2.330275e-03
9.950000e+00 -2.332363e-03
9.960000e+00 -2.332833e-03
9.970000e+00 -2.332085e-03
9.980000e+00 -2.330511e-03
9.990000e+00 -2.328488e-03
1.000000e+01 -2.326379e-03
