# sigma2_v 8.095192532312934e+00
0.000000e+00 1.000000e+00
1.000000e-02 9.995953e-01
2.000000e-02 9.983823e-01
3.000000e-02 9.963639e-01
4.000000e-02 9.935452e-01
5.000000e-02 9.899330e-01
6.000000e-02 9.855364e-01
7.000000e-02 9.803660e-01
8.000000e-02 9.744345e-01
9.000000e-02 9.677563e-01
1.000000e-01 9.603476e-01
1.100000e-01 9.522263e-01
1.200000e-01 9.434116e-01
1.300000e-01 9.339246e-01
1.400000e-01 9.237876e-01
1.500000e-01 9.130243e-01
1.600000e-01 9.016595e-01
1.700000e-01 8.897194e-01
1.800000e-01 8.772309e-01
1.900000e-01 8.642220e-01
2.000000e-01 8.507216e-01
2.100000e-01 8.367592e-01
2.200000e-01 8.223648e-01
2.300000e-01 8.075691e-01
2.400000e-01 7.924029e-01
2.500000e-01 7.768976e-01
2.600000e-01 7.610845e-01
2.700000e-01 7.449950e-01
2.800000e-01 7.286605e-01
2.900000e-01 7.121122e-01
3.000000e-01 6.953811e-01
3.100000e-01 6.784979e-01
3.200000e-01 6.614927e-01
3.300000e-01 6.443952e-01
3.400000e-01 6.272345e-01
3.500000e-01 6.100391e-01
3.600000e-01 5.928367e-01
3.700000e-01 5.756541e-01
3.800000e-01 5.585174e-01
3.900000e-01 5.414517e-01
4.000000e-01 5.244812e-01
4.100000e-01 5.076290e-01
4.200000e-01 4.909174e-01
4.300000e-01 4.743672e-01
4.400000e-01 4.579986e-01
4.500000e-01 4.418304e-01
4.600000e-01 4.258804e-01
4.700000e-01 4.101651e-01
4.800000e-01 3.947000e-01
4.900000e-01 3.794995e-01
5.000000e-01 3.645767e-01
5.100000e-01 3.499438e-01
5.200000e-01 3.356116e-01
5.300000e-01 3.215900e-01
5.400000e-01 3.078878e-01
5.500000e-01 2.945126e-01
5.600000e-01 2.814712e-01
5.700000e-01 2.687693e-01
5.800000e-01 2.564114e-01
5.900000e-01 2.444013e-01
6.000000e-01 2.327419e-01
6.100000e-01 2.214350e-01
6.200000e-01 2.104819e-01
6.300000e-01 1.998826e-01
6.400000e-01 1.896369e-01
6.500000e-01 1.797433e-01
6.600000e-01 1.702001e-01
6.700000e-01 1.610047e-01
6.800000e-01 1.521539e-01
6.900000e-01 1.436439e-01
7.000000e-01 1.354704e-01
7.100000e-01 1.276288e-01
7.200000e-01 1.201136e-01
7.300000e-01 1.129193e-01
7.400000e-01 1.060398e-01
7.500000e-01 9.946870e-02
7.600000e-01 9.319931e-02
7.700000e-01 8.722463e-02
7.800000e-01 8.153743e-02
7.900000e-01 7.613027e-02
8.000000e-01 7.099553e-02
8.100000e-01 6.612541e-02
8.200000e-01 6.151204e-02
8.300000e-01 5.714740e-02
8.400000e-01 5.302344e-02
8.500000e-01 4.913205e-02
8.600000e-01 4.546510e-02
8.700000e-01 4.201447e-02
8.800000e-01 3.877205e-02
8.900000e-01 3.572978e-02
9.000000e-01 3.287965e-02
9.100000e-01 3.021376e-02
9.200000e-01 2.772426e-02
9.300000e-01 2.540345e-02
9.400000e-01 2.324371e-02
9.500000e-01 2.123758e-02
9.600000e-01 1.937774e-02
9.700000e-01 1.765703e-02
9.800000e-01 1.606845e-02
9.900000e-01 1.460515e-02
1.000000e+00 1.326048e-02
1.010000e+00 1.202798e-02
1.020000e+00 1.090135e-02
1.030000e+00 9.874502e-03
1.040000e+00 8.941543e-03
1.050000e+00 8.096768e-03
1.060000e+00 7.334676e-03
1.070000e+00 6.649964e-03
1.080000e+00 6.037529e-03
1.090000e+00 5.492468e-03
1.100000e+00 5.010075e-03
1.110000e+00 4.585843e-03
1.120000e+00 4.215460e-03
1.130000e+00 3.894805e-03
1.140000e+00 3.619949e-03
1.150000e+00 3.387152e-03
1.160000e+00 3.192856e-03
1.170000e+00 3.033683e-03
1.180000e+00 2.906434e-03
1.190000e+00 2.808082e-03
1.200000e+00 2.735769e-03
1.210000e+00 2.686802e-03
1.220000e+00 2.658647e-03
1.230000e+00 2.648927e-03
1.240000e+00 2.655414e-03
1.250000e+00 2.676029e-03
1.260000e+00 2.708832e-03
1.270000e+00 2.752022e-03
1.280000e+00 2.803929e-03
1.290000e+00 2.863010e-03
1.300000e+00 2.927844e-03
1.310000e+00 2.997127e-03
1.320000e+00 3.069669e-03
1.330000e+00 3.144387e-03
1.340000e+00 3.220298e-03
1.350000e+00 3.296521e-03
1.360000e+00 3.372264e-03
1.370000e+00 3.446827e-03
1.380000e+00 3.519589e-03
1.390000e+00 3.590012e-03
1.400000e+00 3.657628e-03
1.410000e+00 3.722040e-03
1.420000e+00 3.782916e-03
1.430000e+00 3.839983e-03
1.440000e+00 3.893024e-03
1.450000e+00 3.941874e-03
1.460000e+00 3.986414e-03
1.470000e+00 4.026569e-03
1.480000e+00 4.062302e-03
1.490000e+00 4.093610e-03
1.500000e+00 4.120523e-03
1.510000e+00 4.143098e-03
1.520000e+00 4.161416e-03
1.530000e+00 4.175577e-03
1.540000e+00 4.185702e-03
1.550000e+00 4.191923e-03
1.560000e+00 4.194385e-03
1.570000e+00 4.193244e-03
1.580000e+00 4.188660e-03
1.590000e+00 4.180798e-03
1.600000e+00 4.169827e-03
1.610000e+00 4.155916e-03
1.620000e+00 4.139232e-03
1.630000e+00 4.119940e-03
1.640000e+00 4.098201e-03
1.650000e+00 4.074174e-03
1.660000e+00 4.048008e-03
1.670000e+00 4.019849e-03
1.680000e+00 3.989835e-03
1.690000e+00 3.958098e-03
1.700000e+00 3.924761e-03
1.710000e+00 3.889940e-03
1.720000e+00 3.853745e-03
1.730000e+00 3.816278e-03
1.740000e+00 3.777634e-03
1.750000e+00 3.737903e-03
1.760000e+00 3.697168e-03
1.770000e+00 3.655507e-03
1.780000e+00 3.612993e-03
1.790000e+00 3.569696e-03
1.800000e+00 3.525681e-03
1.810000e+00 3.481013e-03
1.820000e+00 3.435752e-03
1.830000e+00 3.389958e-03
1.840000e+00 3.343692e-03
1.850000e+00 3.297012e-03
1.860000e+00 3.249980e-03
1.870000e+00 3.202655e-03
1.880000e+00 3.155102e-03
1.890000e+00 3.107385e-03
1.900000e+00 3.059571e-03
1.910000e+00 3.011731e-03
1.920000e+00 2.963938e-03
1.930000e+00 2.916266e-03
1.940000e+00 2.868796e-03
1.950000e+00 2.821608e-03
1.960000e+00 2.774787e-03
1.970000e+00 2.728420e-03
1.980000e+00 2.682596e-03
1.990000e+00 2.637405e-03
2.000000e+00 2.592940e-03
2.010000e+00 2.549293e-03
2.020000e+00 2.506559e-03
2.030000e+00 2.464829e-03
2.040000e+00 2.424197e-03
2.050000e+00 2.384751e-03
2.060000e+00 2.346579e-03
2.070000e+00 2.309767e-03
2.080000e+00 2.274392e-03
2.090000e+00 2.240532e-03
2.100000e+00 2.208256e-03
2.110000e+00 2.177626e-03
2.120000e+00 2.148700e-03
2.130000e+00 2.121526e-03
2.140000e+00 2.096142e-03
2.150000e+00 2.072581e-03
2.160000e+00 2.050863e-03
2.170000e+00 2.030999e-03
2.180000e+00 2.012989e-03
2.190000e+00 1.996821e-03
2.200000e+00 1.982475e-03
2.210000e+00 1.969915e-03
2.220000e+00 1.959097e-03
2.230000e+00 1.949964e-03
2.240000e+00 1.942447e-03
2.250000e+00 1.936466e-03
2.260000e+00 1.931929e-03
2.270000e+00 1.928735e-03
2.280000e+00 1.926771e-03
2.290000e+00 1.925914e-03
2.300000e+00 1.926034e-03
2.310000e+00 1.926989e-03
2.320000e+00 1.928632e-03
2.330000e+00 1.930807e-03
2.340000e+00 1.933355e-03
2.350000e+00 1.936108e-03
2.360000e+00 1.938896e-03
2.370000e+00 1.941548e-03
2.380000e+00 1.943887e-03
2.390000e+00 1.945740e-03
2.400000e+00 1.946930e-03
2.410000e+00 1.947286e-03
2.420000e+00 1.946637e-03
2.430000e+00 1.944818e-03
2.440000e+00 1.941669e-03
2.450000e+00 1.937035e-03
2.460000e+00 1.930770e-03
2.470000e+00 1.922737e-03
2.480000e+00 1.912809e-03
2.490000e+00 1.900869e-03
2.500000e+00 1.886811e-03
2.510000e+00 1.870543e-03
2.520000e+00 1.851985e-03
2.530000e+00 1.831072e-03
2.540000e+00 1.807752e-03
2.550000e+00 1.781989e-03
2.560000e+00 1.753763e-03
2.570000e+00 1.723067e-03
2.580000e+00 1.689911e-03
2.590000e+00 1.654320e-03
2.600000e+00 1.616336e-03
2.610000e+00 1.576013e-03
2.620000e+00 1.533423e-03
2.630000e+00 1.488650e-03
2.640000e+00 1.441793e-03
2.650000e+00 1.392963e-03
2.660000e+00 1.342285e-03
2.670000e+00 1.289893e-03
2.680000e+00 1.235934e-03
2.690000e+00 1.180560e-03
2.700000e+00 1.123937e-03
2.710000e+00 1.066233e-03
2.720000e+00 1.007625e-03
2.730000e+00 9.482917e-04
2.740000e+00 8.884174e-04
2.750000e+00 8.281873e-04
2.760000e+00 7.677868e-04
2.770000e+00 7.074012e-04
2.780000e+00 6.472132e-04
2.790000e+00 5.874025e-04
2.800000e+00 5.281442e-04
2.810000e+00 4.696078e-04
2.820000e+00 4.119560e-04
2.830000e+00 3.553437e-04
2.840000e+00 2.999171e-04
2.850000e+00 2.458131e-04
2.860000e+00 1.931580e-04
2.870000e+00 1.420676e-04
2.880000e+00 9.264613e-05
2.890000e+00 4.498604e-05
2.900000e+00 -8.322233e-07
2.910000e+00 -4.474044e-05
2.920000e+00 -8.668266e-05
2.930000e+00 -1.266151e-04
2.940000e+00 -1.645061e-04
2.950000e+00 -2.003357e-04
2.960000e+00 -2.340952e-04
2.970000e+00 -2.657870e-04
2.980000e+00 -2.954236e-04
2.990000e+00 -3.230274e-04
3.000000e+00 -3.486297e-04
3.010000e+00 -3.722700e-04
3.020000e+00 -3.939956e-04
3.030000e+00 -4.138600e-04
3.040000e+00 -4.319228e-04
3.050000e+00 -4.482485e-04
3.060000e+00 -4.629056e-04
3.070000e+00 -4.759661e-04
3.080000e+00 -4.875044e-04
3.090000e+00 -4.975964e-04
3.100000e+00 -5.063194e-04
3.110000e+00 -5.137509e-04
3.120000e+00 -5.199679e-04
3.130000e+00 -5.250470e-04
3.140000e+00 -5.290634e-04
3.150000e+00 -5.320905e-04
3.160000e+00 -5.342002e-04
3.170000e+00 -5.354618e-04
3.180000e+00 -5.359425e-04
3.190000e+00 -5.357074e-04
3.200000e+00 -5.348188e-04
3.210000e+00 -5.333371e-04
3.220000e+00 -5.313203e-04
3.230000e+00 -5.288248e-04
3.240000e+00 -5.259050e-04
3.250000e+00 -5.226142e-04
3.260000e+00 -5.190044e-04
3.270000e+00 -5.151270e-04
3.280000e+00 -5.110330e-04
3.290000e+00 -5.067735e-04
3.300000e+00 -5.023998e-04
3.310000e+00 -4.979639e-04
3.320000e+00 -4.935189e-04
3.330000e+00 -4.891189e-04
3.340000e+00 -4.848197e-04
3.350000e+00 -4.806786e-04
3.360000e+00 -4.767548e-04
3.370000e+00 -4.731092e-04
3.380000e+00 -4.698045e-04
3.390000e+00 -4.669052e-04
3.400000e+00 -4.644772e-04
3.410000e+00 -4.625880e-04
3.420000e+00 -4.613059e-04
3.430000e+00 -4.607002e-04
3.440000e+00 -4.608403e-04
3.450000e+00 -4.617953e-04
3.460000e+00 -4.636339e-04
3.470000e+00 -4.664234e-04
3.480000e+00 -4.702291e-04
3.490000e+00 -4.751141e-04
3.500000e+00 -4.811380e-04
3.510000e+00 -4.883569e-04
3.520000e+00 -4.968223e-04
3.530000e+00 -5.065806e-04
3.540000e+00 -5.176726e-04
3.550000e+00 -5.301327e-04
3.560000e+00 -5.439885e-04
3.570000e+00 -5.592602e-04
3.580000e+00 -5.759603e-04
3.590000e+00 -5.940932e-04
3.600000e+00 -6.136545e-04
3.610000e+00 -6.346315e-04
3.620000e+00 -6.570024e-04
3.630000e+00 -6.807366e-04
3.640000e+00 -7.057944e-04
3.650000e+00 -7.321273e-04
3.660000e+00 -7.596785e-04
3.670000e+00 -7.883824e-04
3.680000e+00 -8.181656e-04
3.690000e+00 -8.489470e-04
3.700000e+00 -8.806385e-04
3.710000e+00 -9.131452e-04
3.720000e+00 -9.463665e-04
3.730000e+00 -9.801965e-04
3.740000e+00 -1.014525e-03
3.750000e+00 -1.049237e-03
3.760000e+00 -1.084215e-03
3.770000e+00 -1.119341e-03
3.780000e+00 -1.154494e-03
3.790000e+00 -1.189551e-03
3.800000e+00 -1.224393e-03
3.810000e+00 -1.258898e-03
3.820000e+00 -1.292950e-03
3.830000e+00 -1.326433e-03
3.840000e+00 -1.359236e-03
3.850000e+00 -1.391250e-03
3.860000e+00 -1.422374e-03
3.870000e+00 -1.452509e-03
3.880000e+00 -1.481565e-03
3.890000e+00 -1.509458e-03
3.900000e+00 -1.536109e-03
3.910000e+00 -1.561448e-03
3.920000e+00 -1.585414e-03
3.930000e+00 -1.607952e-03
3.940000e+00 -1.629016e-03
3.950000e+00 -1.648569e-03
3.960000e+00 -1.666581e-03
3.970000e+00 -1.683031e-03
3.980000e+00 -1.697908e-03
3.990000e+00 -1.711208e-03
4.000000e+00 -1.722935e-03
4.010000e+00 -1.733101e-03
4.020000e+00 -1.741727e-03
4.030000e+00 -1.748838e-03
4.040000e+00 -1.754470e-03
4.050000e+00 -1.758663e-03
4.060000e+00 -1.761463e-03
4.070000e+00 -1.762923e-03
4.080000e+00 -1.763097e-03
4.090000e+00 -1.762048e-03
4.100000e+00 -1.759840e-03
4.110000e+00 -1.756539e-03
4.120000e+00 -1.752216e-03
4.130000e+00 -1.746942e-03
4.140000e+00 -1.740787e-03
4.150000e+00 -1.733824e-03
4.160000e+00 -1.726123e-03
4.170000e+00 -1.717755e-03
4.180000e+00 -1.708787e-03
4.190000e+00 -1.699285e-03
4.200000e+00 -1.689309e-03
4.210000e+00 -1.678918e-03
4.220000e+00 -1.668165e-03
4.230000e+00 -1.657097e-03
4.240000e+00 -1.645759e-03
4.250000e+00 -1.634186e-03
4.260000e+00 -1.622410e-03
4.270000e+00 -1.610457e-03
4.280000e+00 -1.598343e-03
4.290000e+00 -1.586081e-03
4.300000e+00 -1.573676e-03
4.310000e+00 -1.561128e-03
4.320000e+00 -1.548429e-03
4.330000e+00 -1.535566e-03
4.340000e+00 -1.522523e-03
4.350000e+00 -1.509275e-03
4.360000e+00 -1.495795e-03
4.370000e+00 -1.482054e-03
4.380000e+00 -1.468017e-03
4.390000e+00 -1.453648e-03
4.400000e+00 -1.438912e-03
4.410000e+00 -1.423770e-03
4.420000e+00 -1.408187e-03
4.430000e+00 -1.392128e-03
4.440000e+00 -1.375560e-03
4.450000e+00 -1.358455e-03
4.460000e+00 -1.340790e-03
4.470000e+00 -1.322545e-03
4.480000e+00 -1.303708e-03
4.490000e+00 -1.284275e-03
4.500000e+00 -1.264247e-03
4.510000e+00 -1.243637e-03
4.520000e+00 -1.222465e-03
4.530000e+00 -1.200760e-03
4.540000e+00 -1.178563e-03
4.550000e+00 -1.155923e-03
4.560000e+00 -1.132900e-03
4.570000e+00 -1.109563e-03
4.580000e+00 -1.085991e-03
4.590000e+00 -1.062274e-03
4.600000e+00 -1.038509e-03
4.610000e+00 -1.014802e-03
4.620000e+00 -9.912645e-04
4.630000e+00 -9.680165e-04
4.640000e+00 -9.451824e-04
4.650000e+00 -9.228907e-04
4.660000e+00 -9.012729e-04
4.670000e+00 -8.804618e-04
4.680000e+00 -8.605907e-04
4.690000e+00 -8.417910e-04
4.700000e+00 -8.241919e-04
4.710000e+00 -8.079177e-04
4.720000e+00 -7.930874e-04
4.730000e+00 -7.798123e-04
4.740000e+00 -7.681955e-04
4.750000e+00 -7.583298e-04
4.760000e+00 -7.502969e-04
4.770000e+00 -7.441662e-04
4.780000e+00 -7.399935e-04
4.790000e+00 -7.378208e-04
4.800000e+00 -7.376745e-04
4.810000e+00 -7.395659e-04
4.820000e+00 -7.434900e-04
4.830000e+00 -7.494259e-04
4.840000e+00 -7.573360e-04
4.850000e+00 -7.671669e-04
4.860000e+00 -7.788490e-04
4.870000e+00 -7.922977e-04
4.880000e+00 -8.074132e-04
4.890000e+00 -8.240821e-04
4.900000e+00 -8.421779e-04
4.910000e+00 -8.615621e-04
4.920000e+00 -8.820857e-04
4.930000e+00 -9.035905e-04
4.940000e+00 -9.259103e-04
4.950000e+00 -9.488727e-04
4.960000e+00 -9.723006e-04
4.970000e+00 -9.960137e-04
4.980000e+00 -1.019830e-03
4.990000e+00 -1.043570e-03
5.000000e+00 -1.067052e-03
5.010000e+00 -1.090101e-03
5.020000e+00 -1.112548e-03
5.030000e+00 -1.134227e-03
5.040000e+00 -1.154983e-03
5.050000e+00 -1.174670e-03
5.060000e+00 -1.193152e-03
5.070000e+00 -1.210307e-03
5.080000e+00 -1.226022e-03
5.090000e+00 -1.240201e-03
5.100000e+00 -1.252761e-03
5.110000e+00 -1.263634e-03
5.120000e+00 -1.272769e-03
5.130000e+00 -1.280129e-03
5.140000e+00 -1.285693e-03
5.150000e+00 -1.289456e-03
5.160000e+00 -1.291429e-03
5.170000e+00 -1.291637e-03
5.180000e+00 -1.290122e-03
5.190000e+00 -1.286939e-03
5.200000e+00 -1.282157e-03
5.210000e+00 -1.275856e-03
5.220000e+00 -1.268131e-03
5.230000e+00 -1.259085e-03
5.240000e+00 -1.248834e-03
5.250000e+00 -1.237499e-03
5.260000e+00 -1.225212e-03
5.270000e+00 -1.212110e-03
5.280000e+00 -1.198333e-03
5.290000e+00 -1.184028e-03
5.300000e+00 -1.169344e-03
5.310000e+00 -1.154428e-03
5.320000e+00 -1.139431e-03
5.330000e+00 -1.124501e-03
5.340000e+00 -1.109782e-03
5.350000e+00 -1.095416e-03
5.360000e+00 -1.081539e-03
5.370000e+00 -1.068281e-03
5.380000e+00 -1.055764e-03
5.390000e+00 -1.044105e-03
5.400000e+00 -1.033407e-03
5.410000e+00 -1.023766e-03
5.420000e+00 -1.015266e-03
5.430000e+00 -1.007981e-03
5.440000e+00 -1.001971e-03
5.450000e+00 -9.972849e-04
5.460000e+00 -9.939566e-04
5.470000e+00 -9.920083e-04
5.480000e+00 -9.914480e-04
5.490000e+00 -9.922702e-04
5.500000e+00 -9.944556e-04
5.510000e+00 -9.979713e-04
5.520000e+00 -1.002771e-03
5.530000e+00 -1.008796e-03
5.540000e+00 -1.015975e-03
5.550000e+00 -1.024223e-03
5.560000e+00 -1.033445e-03
5.570000e+00 -1.043537e-03
5.580000e+00 -1.054383e-03
5.590000e+00 -1.065858e-03
5.600000e+00 -1.077831e-03
5.610000e+00 -1.090163e-03
5.620000e+00 -1.102709e-03
5.630000e+00 -1.115322e-03
5.640000e+00 -1.127849e-03
5.650000e+00 -1.140138e-03
5.660000e+00 -1.152034e-03
5.670000e+00 -1.163384e-03
5.680000e+00 -1.174038e-03
5.690000e+00 -1.183847e-03
5.700000e+00 -1.192670e-03
5.710000e+00 -1.200369e-03
5.720000e+00 -1.206816e-03
5.730000e+00 -1.211889e-03
5.740000e+00 -1.215477e-03
5.750000e+00 -1.217477e-03
5.760000e+00 -1.217800e-03
5.770000e+00 -1.216367e-03
5.780000e+00 -1.213113e-03
5.790000e+00 -1.207985e-03
5.800000e+00 -1.200943e-03
5.810000e+00 -1.191962e-03
5.820000e+00 -1.181030e-03
5.830000e+00 -1.168148e-03
5.840000e+00 -1.153333e-03
5.850000e+00 -1.136612e-03
5.860000e+00 -1.118028e-03
5.870000e+00 -1.097634e-03
5.880000e+00 -1.075497e-03
5.890000e+00 -1.051691e-03
5.900000e+00 -1.026305e-03
5.910000e+00 -9.994326e-04
5.920000e+00 -9.711783e-04
5.930000e+00 -9.416524e-04
5.940000e+00 -9.109715e-04
5.950000e+00 -8.792565e-04
5.960000e+00 -8.466321e-04
5.970000e+00 -8.132253e-04
5.980000e+00 -7.791645e-04
5.990000e+00 -7.445779e-04
6.000000e+00 -7.095930e-04
6.010000e+00 -6.743350e-04
6.020000e+00 -6.389264e-04
6.030000e+00 -6.034856e-04
6.040000e+00 -5.681265e-04
6.050000e+00 -5.329573e-04
6.060000e+00 -4.980806e-04
6.070000e+00 -4.635921e-04
6.080000e+00 -4.295806e-04
6.090000e+00 -3.961277e-04
6.100000e+00 -3.633074e-04
6.110000e+00 -3.311860e-04
6.120000e+00 -2.998223e-04
6.130000e+00 -2.692674e-04
6.140000e+00 -2.395651e-04
6.150000e+00 -2.107519e-04
6.160000e+00 -1.828574e-04
6.170000e+00 -1.559049e-04
6.180000e+00 -1.299114e-04
6.190000e+00 -1.048883e-04
6.200000e+00 -8.084199e-05
6.210000e+00 -5.777412e-05
6.220000e+00 -3.568229e-05
6.230000e+00 -1.456055e-05
6.240000e+00 5.600103e-06
6.250000e+00 2.481121e-05
6.260000e+00 4.308634e-05
6.270000e+00 6.044066e-05
6.280000e+00 7.689052e-05
6.290000e+00 9.245303e-05
6.300000e+00 1.071458e-04
6.310000e+00 1.209865e-04
6.320000e+00 1.339929e-04
6.330000e+00 1.461824e-04
6.340000e+00 1.575719e-04
6.350000e+00 1.681778e-04
6.360000e+00 1.780161e-04
6.370000e+00 1.871022e-04
6.380000e+00 1.954506e-04
6.390000e+00 2.030757e-04
6.400000e+00 2.099912e-04
6.410000e+00 2.162108e-04
6.420000e+00 2.217477e-04
6.430000e+00 2.266152e-04
6.440000e+00 2.308268e-04
6.450000e+00 2.343962e-04
6.460000e+00 2.373375e-04
6.470000e+00 2.396655e-04
6.480000e+00 2.413957e-04
6.490000e+00 2.425444e-04
6.500000e+00 2.431289e-04
6.510000e+00 2.431677e-04
6.520000e+00 2.426805e-04
6.530000e+00 2.416881e-04
6.540000e+00 2.402127e-04
6.550000e+00 2.382779e-04
6.560000e+00 2.359086e-04
6.570000e+00 2.331310e-04
6.580000e+00 2.299727e-04
6.590000e+00 2.264626e-04
6.600000e+00 2.226308e-04
6.610000e+00 2.185085e-04
6.620000e+00 2.141282e-04
6.630000e+00 2.095233e-04
6.640000e+00 2.047281e-04
6.650000e+00 1.997777e-04
6.660000e+00 1.947081e-04
6.670000e+00 1.895558e-04
6.680000e+00 1.843577e-04
6.690000e+00 1.791512e-04
6.700000e+00 1.739741e-04
6.710000e+00 1.688640e-04
6.720000e+00 1.638588e-04
6.730000e+00 1.589960e-04
6.740000e+00 1.543130e-04
6.750000e+00 1.498467e-04
6.760000e+00 1.456335e-04
6.770000e+00 1.417089e-04
6.780000e+00 1.381074e-04
6.790000e+00 1.348625e-04
6.800000e+00 1.320064e-04
6.810000e+00 1.295695e-04
6.820000e+00 1.275807e-04
6.830000e+00 1.260666e-04
6.840000e+00 1.250519e-04
6.850000e+00 1.245584e-04
6.860000e+00 1.246053e-04
6.870000e+00 1.252090e-04
6.880000e+00 1.263822e-04
6.890000e+00 1.281344e-04
6.900000e+00 1.304711e-04
6.910000e+00 1.333941e-04
6.920000e+00 1.369007e-04
6.930000e+00 1.409838e-04
6.940000e+00 1.456320e-04
6.950000e+00 1.508290e-04
6.960000e+00 1.565538e-04
6.970000e+00 1.627805e-04
6.980000e+00 1.694784e-04
6.990000e+00 1.766121e-04
7.000000e+00 1.841414e-04
7.010000e+00 1.920216e-04
7.020000e+00 2.002036e-04
7.030000e+00 2.086344e-04
7.040000e+00 2.172570e-04
7.050000e+00 2.260111e-04
7.060000e+00 2.348337e-04
7.070000e+00 2.436590e-04
7.080000e+00 2.524194e-04
7.090000e+00 2.610459e-04
7.100000e+00 2.694686e-04
7.110000e+00 2.776175e-04
7.120000e+00 2.854231e-04
7.130000e+00 2.928169e-04
7.140000e+00 2.997323e-04
7.150000e+00 3.061049e-04
7.160000e+00 3.118736e-04
7.170000e+00 3.169808e-04
7.180000e+00 3.213730e-04
7.190000e+00 3.250016e-04
7.200000e+00 3.278232e-04
7.210000e+00 3.298000e-04
7.220000e+00 3.309001e-04
7.230000e+00 3.310980e-04
7.240000e+00 3.303745e-04
7.250000e+00 3.287172e-04
7.260000e+00 3.261200e-04
7.270000e+00 3.225836e-04
7.280000e+00 3.181152e-04
7.290000e+00 3.127280e-04
7.300000e+00 3.064415e-04
7.310000e+00 2.992804e-04
7.320000e+00 2.912749e-04
7.330000e+00 2.824596e-04
7.340000e+00 2.728736e-04
7.350000e+00 2.625591e-04
7.360000e+00 2.515617e-04
7.370000e+00 2.399288e-04
7.380000e+00 2.277098e-04
7.390000e+00 2.149549e-04
7.400000e+00 2.017146e-04
7.410000e+00 1.880391e-04
7.420000e+00 1.739776e-04
7.430000e+00 1.595778e-04
7.440000e+00 1.448853e-04
7.450000e+00 1.299433e-04
7.460000e+00 1.147919e-04
7.470000e+00 9.946814e-05
7.480000e+00 8.400533e-05
7.490000e+00 6.843315e-05
7.500000e+00 5.277746e-05
7.510000e+00 3.706023e-05
7.520000e+00 2.129963e-05
7.530000e+00 5.510144e-06
7.540000e+00 -1.029723e-05
7.550000e+00 -2.611471e-05
7.560000e+00 -4.193741e-05
7.570000e+00 -5.776296e-05
7.580000e+00 -7.359105e-05
7.590000e+00 -8.942300e-05
7.600000e+00 -1.052612e-04
7.610000e+00 -1.211087e-04
7.620000e+00 -1.369685e-04
7.630000e+00 -1.528433e-04
7.640000e+00 -1.687348e-04
7.650000e+00 -1.846430e-04
7.660000e+00 -2.005663e-04
7.670000e+00 -2.165006e-04
7.680000e+00 -2.324391e-04
7.690000e+00 -2.483719e-04
7.700000e+00 -2.642857e-04
7.710000e+00 -2.801639e-04
7.720000e+00 -2.959861e-04
7.730000e+00 -3.117281e-04
7.740000e+00 -3.273621e-04
7.750000e+00 -3.428566e-04
7.760000e+00 -3.581765e-04
7.770000e+00 -3.732833e-04
7.780000e+00 -3.881357e-04
7.790000e+00 -4.026894e-04
7.800000e+00 -4.168978e-04
7.810000e+00 -4.307123e-04
7.820000e+00 -4.440828e-04
7.830000e+00 -4.569582e-04
7.840000e+00 -4.692867e-04
7.850000e+00 -4.810166e-04
7.860000e+00 -4.920966e-04
7.870000e+00 -5.024766e-04
7.880000e+00 -5.121077e-04
7.890000e+00 -5.209432e-04
7.900000e+00 -5.289389e-04
7.910000e+00 -5.360533e-04
7.920000e+00 -5.422485e-04
7.930000e+00 -5.474899e-04
7.940000e+00 -5.517472e-04
7.950000e+00 -5.549943e-04
7.960000e+00 -5.572095e-04
7.970000e+00 -5.583758e-04
7.980000e+00 -5.584810e-04
7.990000e+00 -5.575180e-04
8.000000e+00 -5.554843e-04
8.010000e+00 -5.523824e-04
8.020000e+00 -5.482199e-04
8.030000e+00 -5.430089e-04
8.040000e+00 -5.367664e-04
8.050000e+00 -5.295138e-04
8.060000e+00 -5.212767e-04
8.070000e+00 -5.120852e-04
8.080000e+00 -5.019731e-04
8.090000e+00 -4.909780e-04
8.100000e+00 -4.791409e-04
8.110000e+00 -4.665062e-04
8.120000e+00 -4.531214e-04
8.130000e+00 -4.390364e-04
8.140000e+00 -4.243042e-04
8.150000e+00 -4.089797e-04
8.160000e+00 -3.931202e-04
8.170000e+00 -3.767849e-04
8.180000e+00 -3.600347e-04
8.190000e+00 -3.429321e-04
8.200000e+00 -3.255411e-04
8.210000e+00 -3.079268e-04
8.220000e+00 -2.901554e-04
8.230000e+00 -2.722942e-04
8.240000e+00 -2.544112e-04
8.250000e+00 -2.365751e-04
8.260000e+00 -2.188549e-04
8.270000e+00 -2.013204e-04
8.280000e+00 -1.840411e-04
8.290000e+00 -1.670869e-04
8.300000e+00 -1.505275e-04
8.310000e+00 -1.344322e-04
8.320000e+00 -1.188699e-04
8.330000e+00 -1.039086e-04
8.340000e+00 -8.961550e-05
8.350000e+00 -7.605661e-05
8.360000e+00 -6.329644e-05
8.370000e+00 -5.139778e-05
8.380000e+00 -4.042146e-05
8.390000e+00 -3.042601e-05
8.400000e+00 -2.146735e-05
8.410000e+00 -1.359857e-05
8.420000e+00 -6.869517e-06
8.430000e+00 -1.326591e-06
8.440000e+00 2.987611e-06
8.450000e+00 6.034554e-06
8.460000e+00 7.780046e-06
8.470000e+00 8.194489e-06
8.480000e+00 7.253108e-06
8.490000e+00 4.936161e-06
8.500000e+00 1.229117e-06
8.510000e+00 -3.877202e-06
8.520000e+00 -1.038651e-05
8.530000e+00 -1.829700e-05
8.540000e+00 -2.760128e-05
8.550000e+00 -3.828643e-05
8.560000e+00 -5.033401e-05
8.570000e+00 -6.372019e-05
8.580000e+00 -7.841590e-05
8.590000e+00 -9.438698e-05
8.600000e+00 -1.115944e-04
8.610000e+00 -1.299946e-04
8.620000e+00 -1.495398e-04
8.630000e+00 -1.701780e-04
8.640000e+00 -1.918540e-04
8.650000e+00 -2.145091e-04
8.660000e+00 -2.380821e-04
8.670000e+00 -2.625092e-04
8.680000e+00 -2.877250e-04
8.690000e+00 -3.136625e-04
8.700000e+00 -3.402537e-04
8.710000e+00 -3.674301e-04
8.720000e+00 -3.951233e-04
8.730000e+00 -4.232651e-04
8.740000e+00 -4.517881e-04
8.750000e+00 -4.806261e-04
8.760000e+00 -5.097144e-04
8.770000e+00 -5.389903e-04
8.780000e+00 -5.683931e-04
8.790000e+00 -5.978647e-04
8.800000e+00 -6.273497e-04
8.810000e+00 -6.567954e-04
8.820000e+00 -6.861522e-04
8.830000e+00 -7.153736e-04
8.840000e+00 -7.444162e-04
8.850000e+00 -7.732399e-04
8.860000e+00 -8.018075e-04
8.870000e+00 -8.300850e-04
8.880000e+00 -8.580413e-04
8.890000e+00 -8.856480e-04
8.900000e+00 -9.128793e-04
8.910000e+00 -9.397119e-04
8.920000e+00 -9.661244e-04
8.930000e+00 -9.920973e-04
8.940000e+00 -1.017613e-03
8.950000e+00 -1.042654e-03
8.960000e+00 -1.067206e-03
8.970000e+00 -1.091252e-03
8.980000e+00 -1.114778e-03
8.990000e+00 -1.137770e-03
9.000000e+00 -1.160212e-03
9.010000e+00 -1.182088e-03
9.020000e+00 -1.203381e-03
9.030000e+00 -1.224074e-03
9.040000e+00 -1.244148e-03
9.050000e+00 -1.263582e-03
9.060000e+00 -1.282353e-03
9.070000e+00 -1.300437e-03
9.080000e+00 -1.317809e-03
9.090000e+00 -1.334441e-03
9.100000e+00 -1.350302e-03
9.110000e+00 -1.365361e-03
9.120000e+00 -1.379585e-03
9.130000e+00 -1.392939e-03
9.140000e+00 -1.405385e-03
9.150000e+00 -1.416886e-03
9.160000e+00 -1.427404e-03
9.170000e+00 -1.436897e-03
9.180000e+00 -1.445327e-03
9.190000e+00 -1.452653e-03
9.200000e+00 -1.458834e-03
9.210000e+00 -1.463830e-03
9.220000e+00 -1.467602e-03
9.230000e+00 -1.470113e-03
9.240000e+00 -1.471325e-03
9.250000e+00 -1.471205e-03
9.260000e+00 -1.469719e-03
9.270000e+00 -1.466837e-03
9.280000e+00 -1.462532e-03
9.290000e+00 -1.456779e-03
9.300000e+00 -1.449557e-03
9.310000e+00 -1.440849e-03
9.320000e+00 -1.430639e-03
9.330000e+00 -1.418917e-03
9.340000e+00 -1.405676e-03
9.350000e+00 -1.390913e-03
9.360000e+00 -1.374627e-03
9.370000e+00 -1.356823e-03
9.380000e+00 -1.337509e-03
9.390000e+00 -1.316696e-03
9.400000e+00 -1.294398e-03
9.410000e+00 -1.270633e-03
9.420000e+00 -1.245421e-03
9.430000e+00 -1.218786e-03
9.440000e+00 -1.190753e-03
9.450000e+00 -1.161350e-03
9.460000e+00 -1.130609e-03
9.470000e+00 -1.098559e-03
9.480000e+00 -1.065236e-03
9.490000e+00 -1.030673e-03
9.500000e+00 -9.949073e-04
9.510000e+00 -9.579753e-04
9.520000e+00 -9.199154e-04
9.530000e+00 -8.807664e-04
9.540000e+00 -8.405681e-04
9.550000e+00 -7.993613e-04
9.560000e+00 -7.571875e-04
9.570000e+00 -7.140893e-04
9.580000e+00 -6.701107e-04
9.590000e+00 -6.252968e-04
9.600000e+00 -5.796946e-04
9.610000e+00 -5.333530e-04
9.620000e+00 -4.863229e-04
9.630000e+00 -4.386582e-04
9.640000e+00 -3.904156e-04
9.650000e+00 -3.416551e-04
9.660000e+00 -2.924406e-04
9.670000e+00 -2.428402e-04
9.680000e+00 -1.929263e-04
9.690000e+00 -1.427766e-04
9.700000e+00 -9.247362e-05
9.710000e+00 -4.210565e-05
9.720000e+00 8.233358e-06
9.730000e+00 5.844351e-05
9.740000e+00 1.084189e-04
9.750000e+00 1.580476e-04
9.760000e+00 2.072116e-04
9.770000e+00 2.557873e-04
9.780000e+00 3.036451e-04
9.790000e+00 3.506506e-04
9.800000e+00 3.966643e-04
9.810000e+00 4.415425e-04
9.820000e+00 4.851380e-04
9.830000e+00 5.273007e-04
9.840000e+00 5.678783e-04
9.850000e+00 6.067176e-04
9.860000e+00 6.436651e-04
9.870000e+00 6.785683e-04
9.880000e+00 7.112768e-04
9.890000e+00 7.416432e-04
9.900000e+00 7.695246e-04
9.910000e+00 7.947838e-04
9.920000e+00 8.172902e-04
9.930000e+00 8.369213e-04
9.940000e+00 8.535637e-04
9.950000e+00 8.671144e-04
9.960000e+00 8.774816e-04
9.970000e+00 8.845858e-04
9.980000e+00 8.883607e-04
9.990000e+00 8.887542e-04
1.000000e+01 8.857288e-04
