# sigma2_v 8.465259129846810e+00
# aH 9e+01
0.000000e+00 1.000000e+00
1.000000e-02 9.995768e-01
2.000000e-02 9.983085e-01
3.000000e-02 9.961984e-01
4.000000e-02 9.932523e-01
5.000000e-02 9.894783e-01
6.000000e-02 9.848864e-01
7.000000e-02 9.794891e-01
8.000000e-02 9.733008e-01
9.000000e-02 9.663381e-01
1.000000e-01 9.586194e-01
1.100000e-01 9.501650e-01
1.200000e-01 9.409971e-01
1.300000e-01 9.311394e-01
1.400000e-01 9.206173e-01
1.500000e-01 9.094575e-01
1.600000e-01 8.976881e-01
1.700000e-01 8.853384e-01
1.800000e-01 8.724387e-01
1.900000e-01 8.590203e-01
2.000000e-01 8.451154e-01
2.100000e-01 8.307566e-01
2.200000e-01 8.159772e-01
2.300000e-01 8.008109e-01
2.400000e-01 7.852916e-01
2.500000e-01 7.694535e-01
2.600000e-01 7.533306e-01
2.700000e-01 7.369569e-01
2.800000e-01 7.203661e-01
2.900000e-01 7.035916e-01
3.000000e-01 6.866665e-01
3.100000e-01 6.696229e-01
3.200000e-01 6.524928e-01
3.300000e-01 6.353071e-01
3.400000e-01 6.180958e-01
3.500000e-01 6.008884e-01
3.600000e-01 5.837130e-01
3.700000e-01 5.665969e-01
3.800000e-01 5.495662e-01
3.900000e-01 5.326458e-01
4.000000e-01 5.158597e-01
4.100000e-01 4.992304e-01
4.200000e-01 4.827792e-01
4.300000e-01 4.665261e-01
4.400000e-01 4.504900e-01
4.500000e-01 4.346883e-01
4.600000e-01 4.191372e-01
4.700000e-01 4.038517e-01
4.800000e-01 3.888452e-01
4.900000e-01 3.741303e-01
5.000000e-01 3.597178e-01
5.100000e-01 3.456178e-01
5.200000e-01 3.318388e-01
5.300000e-01 3.183883e-01
5.400000e-01 3.052727e-01
5.500000e-01 2.924972e-01
5.600000e-01 2.800659e-01
5.700000e-01 2.679821e-01
5.800000e-01 2.562478e-01
5.900000e-01 2.448643e-01
6.000000e-01 2.338320e-01
6.100000e-01 2.231503e-01
6.200000e-01 2.128180e-01
6.300000e-01 2.028330e-01
6.400000e-01 1.931925e-01
6.500000e-01 1.838932e-01
6.600000e-01 1.749310e-01
6.700000e-01 1.663015e-01
6.800000e-01 1.579996e-01
6.900000e-01 1.500198e-01
7.000000e-01 1.423561e-01
7.100000e-01 1.350022e-01
7.200000e-01 1.279515e-01
7.300000e-01 1.211972e-01
7.400000e-01 1.147319e-01
7.500000e-01 1.085484e-01
7.600000e-01 1.026391e-01
7.700000e-01 9.699632e-02
7.800000e-01 9.161221e-02
7.900000e-01 8.647893e-02
8.000000e-01 8.158853e-02
8.100000e-01 7.693308e-02
8.200000e-01 7.250463e-02
8.300000e-01 6.829527e-02
8.400000e-01 6.429712e-02
8.500000e-01 6.050238e-02
8.600000e-01 5.690336e-02
8.700000e-01 5.349243e-02
8.800000e-01 5.026210e-02
8.900000e-01 4.720501e-02
9.000000e-01 4.431395e-02
9.100000e-01 4.158184e-02
9.200000e-01 3.900179e-02
9.300000e-01 3.656705e-02
9.400000e-01 3.427108e-02
9.500000e-01 3.210748e-02
9.600000e-01 3.007006e-02
9.700000e-01 2.815283e-02
9.800000e-01 2.634995e-02
9.900000e-01 2.465581e-02
1.000000e+00 2.306498e-02
1.010000e+00 2.157221e-02
1.020000e+00 2.017247e-02
1.030000e+00 1.886088e-02
1.040000e+00 1.763279e-02
1.050000e+00 1.648372e-02
1.060000e+00 1.540936e-02
1.070000e+00 1.440561e-02
1.080000e+00 1.346852e-02
1.090000e+00 1.259433e-02
1.100000e+00 1.177944e-02
1.110000e+00 1.102044e-02
1.120000e+00 1.031404e-02
1.130000e+00 9.657147e-03
1.140000e+00 9.046794e-03
1.150000e+00 8.480174e-03
1.160000e+00 7.954617e-03
1.170000e+00 7.467591e-03
1.180000e+00 7.016698e-03
1.190000e+00 6.599662e-03
1.200000e+00 6.214335e-03
1.210000e+00 5.858679e-03
1.220000e+00 5.530772e-03
1.230000e+00 5.228795e-03
1.240000e+00 4.951032e-03
1.250000e+00 4.695862e-03
1.260000e+00 4.461756e-03
1.270000e+00 4.247272e-03
1.280000e+00 4.051050e-03
1.290000e+00 3.871806e-03
1.300000e+00 3.708332e-03
1.310000e+00 3.559490e-03
1.320000e+00 3.424206e-03
1.330000e+00 3.301469e-03
1.340000e+00 3.190329e-03
1.350000e+00 3.089891e-03
1.360000e+00 2.999313e-03
1.370000e+00 2.917804e-03
1.380000e+00 2.844623e-03
1.390000e+00 2.779075e-03
1.400000e+00 2.720507e-03
1.410000e+00 2.668312e-03
1.420000e+00 2.621924e-03
1.430000e+00 2.580815e-03
1.440000e+00 2.544497e-03
1.450000e+00 2.512520e-03
1.460000e+00 2.484471e-03
1.470000e+00 2.459970e-03
1.480000e+00 2.438675e-03
1.490000e+00 2.420276e-03
1.500000e+00 2.404496e-03
1.510000e+00 2.391091e-03
1.520000e+00 2.379846e-03
1.530000e+00 2.370579e-03
1.540000e+00 2.363134e-03
1.550000e+00 2.357382e-03
1.560000e+00 2.353224e-03
1.570000e+00 2.350582e-03
1.580000e+00 2.349401e-03
1.590000e+00 2.349650e-03
1.600000e+00 2.351315e-03
1.610000e+00 2.354398e-03
1.620000e+00 2.358920e-03
1.630000e+00 2.364913e-03
1.640000e+00 2.372418e-03
1.650000e+00 2.381486e-03
1.660000e+00 2.392173e-03
1.670000e+00 2.404540e-03
1.680000e+00 2.418648e-03
1.690000e+00 2.434554e-03
1.700000e+00 2.452315e-03
1.710000e+00 2.471980e-03
1.720000e+00 2.493590e-03
1.730000e+00 2.517175e-03
1.740000e+00 2.542754e-03
1.750000e+00 2.570331e-03
1.760000e+00 2.599894e-03
1.770000e+00 2.631418e-03
1.780000e+00 2.664855e-03
1.790000e+00 2.700143e-03
1.800000e+00 2.737197e-03
1.810000e+00 2.775916e-03
1.820000e+00 2.816177e-03
1.830000e+00 2.857840e-03
1.840000e+00 2.900745e-03
1.850000e+00 2.944713e-03
1.860000e+00 2.989551e-03
1.870000e+00 3.035046e-03
1.880000e+00 3.080974e-03
1.890000e+00 3.127097e-03
1.900000e+00 3.173165e-03
1.910000e+00 3.218921e-03
1.920000e+00 3.264097e-03
1.930000e+00 3.308423e-03
1.940000e+00 3.351625e-03
1.950000e+00 3.393427e-03
1.960000e+00 3.433556e-03
1.970000e+00 3.471741e-03
1.980000e+00 3.507718e-03
1.990000e+00 3.541229e-03
2.000000e+00 3.572027e-03
2.010000e+00 3.599877e-03
2.020000e+00 3.624554e-03
2.030000e+00 3.645852e-03
2.040000e+00 3.663580e-03
2.050000e+00 3.677563e-03
2.060000e+00 3.687646e-03
2.070000e+00 3.693694e-03
2.080000e+00 3.695592e-03
2.090000e+00 3.693246e-03
2.100000e+00 3.686584e-03
2.110000e+00 3.675554e-03
2.120000e+00 3.660126e-03
2.130000e+00 3.640293e-03
2.140000e+00 3.616067e-03
2.150000e+00 3.587481e-03
2.160000e+00 3.554588e-03
2.170000e+00 3.517461e-03
2.180000e+00 3.476190e-03
2.190000e+00 3.430883e-03
2.200000e+00 3.381664e-03
2.210000e+00 3.328671e-03
2.220000e+00 3.272059e-03
2.230000e+00 3.211993e-03
2.240000e+00 3.148650e-03
2.250000e+00 3.082218e-03
2.260000e+00 3.012894e-03
2.270000e+00 2.940881e-03
2.280000e+00 2.866391e-03
2.290000e+00 2.789639e-03
2.300000e+00 2.710846e-03
2.310000e+00 2.630235e-03
2.320000e+00 2.548032e-03
2.330000e+00 2.464462e-03
2.340000e+00 2.379751e-03
2.350000e+00 2.294125e-03
2.360000e+00 2.207808e-03
2.370000e+00 2.121019e-03
2.380000e+00 2.033978e-03
2.390000e+00 1.946896e-03
2.400000e+00 1.859984e-03
2.410000e+00 1.773444e-03
2.420000e+00 1.687474e-03
2.430000e+00 1.602267e-03
2.440000e+00 1.518005e-03
2.450000e+00 1.434867e-03
2.460000e+00 1.353022e-03
2.470000e+00 1.272631e-03
2.480000e+00 1.193846e-03
2.490000e+00 1.116812e-03
2.500000e+00 1.041662e-03
2.510000e+00 9.685215e-04
2.520000e+00 8.975044e-04
2.530000e+00 8.287155e-04
2.540000e+00 7.622483e-04
2.550000e+00 6.981859e-04
2.560000e+00 6.366002e-04
2.570000e+00 5.775519e-04
2.580000e+00 5.210905e-04
2.590000e+00 4.672540e-04
2.600000e+00 4.160689e-04
2.610000e+00 3.675503e-04
2.620000e+00 3.217019e-04
2.630000e+00 2.785163e-04
2.640000e+00 2.379750e-04
2.650000e+00 2.000485e-04
2.660000e+00 1.646973e-04
2.670000e+00 1.318716e-04
2.680000e+00 1.015122e-04
2.690000e+00 7.355101e-05
2.700000e+00 4.791151e-05
2.710000e+00 2.450961e-05
2.720000e+00 3.254294e-06
2.730000e+00 -1.595152e-05
2.740000e+00 -3.321016e-05
2.750000e+00 -4.862833e-05
2.760000e+00 -6.231621e-05
2.770000e+00 -7.438651e-05
2.780000e+00 -8.495355e-05
2.790000e+00 -9.413235e-05
2.800000e+00 -1.020377e-04
2.810000e+00 -1.087834e-04
2.820000e+00 -1.144813e-04
2.830000e+00 -1.192404e-04
2.840000e+00 -1.231665e-04
2.850000e+00 -1.263610e-04
2.860000e+00 -1.289211e-04
2.870000e+00 -1.309382e-04
2.880000e+00 -1.324986e-04
2.890000e+00 -1.336825e-04
2.900000e+00 -1.345638e-04
2.910000e+00 -1.352101e-04
2.920000e+00 -1.356827e-04
2.930000e+00 -1.360365e-04
2.940000e+00 -1.363199e-04
2.950000e+00 -1.365754e-04
2.960000e+00 -1.368394e-04
2.970000e+00 -1.371428e-04
2.980000e+00 -1.375112e-04
2.990000e+00 -1.379652e-04
3.000000e+00 -1.385207e-04
3.010000e+00 -1.391896e-04
3.020000e+00 -1.399800e-04
3.030000e+00 -1.408965e-04
3.040000e+00 -1.419406e-04
3.050000e+00 -1.431111e-04
3.060000e+00 -1.444044e-04
3.070000e+00 -1.458147e-04
3.080000e+00 -1.473339e-04
3.090000e+00 -1.489523e-04
3.100000e+00 -1.506582e-04
3.110000e+00 -1.524381e-04
3.120000e+00 -1.542767e-04
3.130000e+00 -1.561568e-04
3.140000e+00 -1.580589e-04
3.150000e+00 -1.599614e-04
3.160000e+00 -1.618403e-04
3.170000e+00 -1.636689e-04
3.180000e+00 -1.654175e-04
3.190000e+00 -1.670532e-04
3.200000e+00 -1.685400e-04
3.210000e+00 -1.698381e-04
3.220000e+00 -1.709040e-04
3.230000e+00 -1.716905e-04
3.240000e+00 -1.721462e-04
3.250000e+00 -1.722162e-04
3.260000e+00 -1.718415e-04
3.270000e+00 -1.709596e-04
3.280000e+00 -1.695046e-04
3.290000e+00 -1.674075e-04
3.300000e+00 -1.645969e-04
3.310000e+00 -1.609992e-04
3.320000e+00 -1.565392e-04
3.330000e+00 -1.511413e-04
3.340000e+00 -1.447295e-04
3.350000e+00 -1.372288e-04
3.360000e+00 -1.285661e-04
3.370000e+00 -1.186706e-04
3.380000e+00 -1.074753e-04
3.390000e+00 -9.491775e-05
3.400000e+00 -8.094098e-05
3.410000e+00 -6.549450e-05
3.420000e+00 -4.853519e-05
3.430000e+00 -3.002818e-05
3.440000e+00 -9.947649e-06
3.450000e+00 1.172247e-05
3.460000e+00 3.498785e-05
3.470000e+00 5.984324e-05
3.480000e+00 8.627205e-05
3.490000e+00 1.142461e-04
3.500000e+00 1.437253e-04
3.510000e+00 1.746578e-04
3.520000e+00 2.069801e-04
3.530000e+00 2.406169e-04
3.540000e+00 2.754819e-04
3.550000e+00 3.114781e-04
3.560000e+00 3.484984e-04
3.570000e+00 3.864261e-04
3.580000e+00 4.251361e-04
3.590000e+00 4.644953e-04
3.600000e+00 5.043642e-04
3.610000e+00 5.445970e-04
3.620000e+00 5.850438e-04
3.630000e+00 6.255507e-04
3.640000e+00 6.659615e-04
3.650000e+00 7.061186e-04
3.660000e+00 7.458642e-04
3.670000e+00 7.850414e-04
3.680000e+00 8.234955e-04
3.690000e+00 8.610743e-04
3.700000e+00 8.976300e-04
3.710000e+00 9.330197e-04
3.720000e+00 9.671059e-04
3.730000e+00 9.997580e-04
3.740000e+00 1.030853e-03
3.750000e+00 1.060274e-03
3.760000e+00 1.087915e-03
3.770000e+00 1.113678e-03
3.780000e+00 1.137473e-03
3.790000e+00 1.159222e-03
3.800000e+00 1.178854e-03
3.810000e+00 1.196312e-03
3.820000e+00 1.211545e-03
3.830000e+00 1.224514e-03
3.840000e+00 1.235192e-03
3.850000e+00 1.243559e-03
3.860000e+00 1.249608e-03
3.870000e+00 1.253339e-03
3.880000e+00 1.254763e-03
3.890000e+00 1.253902e-03
3.900000e+00 1.250785e-03
3.910000e+00 1.245451e-03
3.920000e+00 1.237947e-03
3.930000e+00 1.228327e-03
3.940000e+00 1.216655e-03
3.950000e+00 1.203001e-03
3.960000e+00 1.187442e-03
3.970000e+00 1.170061e-03
3.980000e+00 1.150946e-03
3.990000e+00 1.130191e-03
4.000000e+00 1.107896e-03
4.010000e+00 1.084160e-03
4.020000e+00 1.059091e-03
4.030000e+00 1.032794e-03
4.040000e+00 1.005381e-03
4.050000e+00 9.769605e-04
4.060000e+00 9.476433e-04
4.070000e+00 9.175393e-04
4.080000e+00 8.867569e-04
4.090000e+00 8.554025e-04
4.100000e+00 8.235793e-04
4.110000e+00 7.913872e-04
4.120000e+00 7.589214e-04
4.130000e+00 7.262723e-04
4.140000e+00 6.935245e-04
4.150000e+00 6.607561e-04
4.160000e+00 6.280386e-04
4.170000e+00 5.954362e-04
4.180000e+00 5.630053e-04
4.190000e+00 5.307944e-04
4.200000e+00 4.988437e-04
4.210000e+00 4.671854e-04
4.220000e+00 4.358430e-04
4.230000e+00 4.048318e-04
4.240000e+00 3.741591e-04
4.250000e+00 3.438244e-04
4.260000e+00 3.138194e-04
4.270000e+00 2.841290e-04
4.280000e+00 2.547316e-04
4.290000e+00 2.255994e-04
4.300000e+00 1.966997e-04
4.310000e+00 1.679949e-04
4.320000e+00 1.394438e-04
4.330000e+00 1.110021e-04
4.340000e+00 8.262364e-05
4.350000e+00 5.426060e-05
4.360000e+00 2.586486e-05
4.370000e+00 -2.611356e-06
4.380000e+00 -3.121471e-05
4.390000e+00 -5.998995e-05
4.400000e+00 -8.897918e-05
4.410000e+00 -1.182212e-04
4.420000e+00 -1.477511e-04
4.430000e+00 -1.775993e-04
4.440000e+00 -2.077915e-04
4.450000e+00 -2.383484e-04
4.460000e+00 -2.692849e-04
4.470000e+00 -3.006105e-04
4.480000e+00 -3.323288e-04
4.490000e+00 -3.644377e-04
4.500000e+00 -3.969294e-04
4.510000e+00 -4.297905e-04
4.520000e+00 -4.630022e-04
4.530000e+00 -4.965409e-04
4.540000e+00 -5.303780e-04
4.550000e+00 -5.644808e-04
4.560000e+00 -5.988128e-04
4.570000e+00 -6.333337e-04
4.580000e+00 -6.680008e-04
4.590000e+00 -7.027689e-04
4.600000e+00 -7.375907e-04
4.610000e+00 -7.724179e-04
4.620000e+00 -8.072013e-04
4.630000e+00 -8.418915e-04
4.640000e+00 -8.764391e-04
4.650000e+00 -9.107956e-04
4.660000e+00 -9.449136e-04
4.670000e+00 -9.787470e-04
4.680000e+00 -1.012252e-03
4.690000e+00 -1.045387e-03
4.700000e+00 -1.078112e-03
4.710000e+00 -1.110391e-03
4.720000e+00 -1.142190e-03
4.730000e+00 -1.173480e-03
4.740000e+00 -1.204232e-03
4.750000e+00 -1.234425e-03
4.760000e+00 -1.264037e-03
4.770000e+00 -1.293053e-03
4.780000e+00 -1.321460e-03
4.790000e+00 -1.349248e-03
4.800000e+00 -1.376414e-03
4.810000e+00 -1.402954e-03
4.820000e+00 -1.428870e-03
4.830000e+00 -1.454168e-03
4.840000e+00 -1.478857e-03
4.850000e+00 -1.502948e-03
4.860000e+00 -1.526457e-03
4.870000e+00 -1.549400e-03
4.880000e+00 -1.571800e-03
4.890000e+00 -1.593678e-03
4.900000e+00 -1.615062e-03
4.910000e+00 -1.635978e-03
4.920000e+00 -1.656457e-03
4.930000e+00 -1.676529e-03
4.940000e+00 -1.696226e-03
4.950000e+00 -1.715583e-03
4.960000e+00 -1.734631e-03
4.970000e+00 -1.753406e-03
4.980000e+00 -1.771939e-03
4.990000e+00 -1.790264e-03
5.000000e+00 -1.808412e-03
5.010000e+00 -1.826411e-03
5.020000e+00 -1.844289e-03
5.030000e+00 -1.862069e-03
5.040000e+00 -1.879771e-03
5.050000e+00 -1.897413e-03
5.060000e+00 -1.915007e-03
5.070000e+00 -1.932560e-03
5.080000e+00 -1.950075e-03
5.090000e+00 -1.967547e-03
5.100000e+00 -1.984967e-03
5.110000e+00 -2.002320e-03
5.120000e+00 -2.019582e-03
5.130000e+00 -2.036725e-03
5.140000e+00 -2.053712e-03
5.150000e+00 -2.070501e-03
5.160000e+00 -2.087041e-03
5.170000e+00 -2.103275e-03
5.180000e+00 -2.119142e-03
5.190000e+00 -2.134572e-03
5.200000e+00 -2.149490e-03
5.210000e+00 -2.163816e-03
5.220000e+00 -2.177466e-03
5.230000e+00 -2.190351e-03
5.240000e+00 -2.202380e-03
5.250000e+00 -2.213458e-03
5.260000e+00 -2.223489e-03
5.270000e+00 -2.232377e-03
5.280000e+00 -2.240026e-03
5.290000e+00 -2.246340e-03
5.300000e+00 -2.251225e-03
5.310000e+00 -2.254593e-03
5.320000e+00 -2.256355e-03
5.330000e+00 -2.256430e-03
5.340000e+00 -2.254741e-03
5.350000e+00 -2.251219e-03
5.360000e+00 -2.245800e-03
5.370000e+00 -2.238428e-03
5.380000e+00 -2.229056e-03
5.390000e+00 -2.217645e-03
5.400000e+00 -2.204163e-03
5.410000e+00 -2.188590e-03
5.420000e+00 -2.170912e-03
5.430000e+00 -2.151127e-03
5.440000e+00 -2.129240e-03
5.450000e+00 -2.105265e-03
5.460000e+00 -2.079224e-03
5.470000e+00 -2.051149e-03
5.480000e+00 -2.021076e-03
5.490000e+00 -1.989052e-03
5.500000e+00 -1.955126e-03
5.510000e+00 -1.919355e-03
5.520000e+00 -1.881800e-03
5.530000e+00 -1.842526e-03
5.540000e+00 -1.801601e-03
5.550000e+00 -1.759096e-03
5.560000e+00 -1.715083e-03
5.570000e+00 -1.669634e-03
5.580000e+00 -1.622823e-03
5.590000e+00 -1.574721e-03
5.600000e+00 -1.525400e-03
5.610000e+00 -1.474929e-03
5.620000e+00 -1.423374e-03
5.630000e+00 -1.370802e-03
5.640000e+00 -1.317272e-03
5.650000e+00 -1.262845e-03
5.660000e+00 -1.207575e-03
5.670000e+00 -1.151515e-03
5.680000e+00 -1.094714e-03
5.690000e+00 -1.037220e-03
5.700000e+00 -9.790754e-04
5.710000e+00 -9.203232e-04
5.720000e+00 -8.610035e-04
5.730000e+00 -8.011554e-04
5.740000e+00 -7.408172e-04
5.750000e+00 -6.800272e-04
5.760000e+00 -6.188244e-04
5.770000e+00 -5.572486e-04
5.780000e+00 -4.953416e-04
5.790000e+00 -4.331475e-04
5.800000e+00 -3.707136e-04
5.810000e+00 -3.080906e-04
5.820000e+00 -2.453332e-04
5.830000e+00 -1.825009e-04
5.840000e+00 -1.196582e-04
5.850000e+00 -5.687466e-05
5.860000e+00 5.774237e-06
5.870000e+00 6.820735e-05
5.880000e+00 1.303376e-04
5.890000e+00 1.920718e-04
5.900000e+00 2.533111e-04
5.910000e+00 3.139507e-04
5.920000e+00 3.738802e-04
5.930000e+00 4.329840e-04
5.940000e+00 4.911414e-04
5.950000e+00 5.482274e-04
5.960000e+00 6.041128e-04
5.970000e+00 6.586649e-04
5.980000e+00 7.117480e-04
5.990000e+00 7.632242e-04
6.000000e+00 8.129536e-04
6.010000e+00 8.607956e-04
6.020000e+00 9.066088e-04
6.030000e+00 9.502525e-04
6.040000e+00 9.915866e-04
6.050000e+00 1.030473e-03
6.060000e+00 1.066775e-03
6.070000e+00 1.100360e-03
6.080000e+00 1.131098e-03
6.090000e+00 1.158864e-03
6.100000e+00 1.183537e-03
6.110000e+00 1.205002e-03
6.120000e+00 1.223149e-03
6.130000e+00 1.237874e-03
6.140000e+00 1.249082e-03
6.150000e+00 1.256684e-03
6.160000e+00 1.260598e-03
6.170000e+00 1.260753e-03
6.180000e+00 1.257084e-03
6.190000e+00 1.249537e-03
6.200000e+00 1.238067e-03
6.210000e+00 1.222640e-03
6.220000e+00 1.203232e-03
6.230000e+00 1.179829e-03
6.240000e+00 1.152431e-03
6.250000e+00 1.121048e-03
6.260000e+00 1.085703e-03
6.270000e+00 1.046433e-03
6.280000e+00 1.003285e-03
6.290000e+00 9.563232e-04
6.300000e+00 9.056230e-04
6.310000e+00 8.512750e-04
6.320000e+00 7.933838e-04
6.330000e+00 7.320689e-04
6.340000e+00 6.674639e-04
6.350000e+00 5.997174e-04
6.360000e+00 5.289923e-04
6.370000e+00 4.554660e-04
6.380000e+00 3.793302e-04
6.390000e+00 3.007901e-04
6.400000e+00 2.200644e-04
6.410000e+00 1.373843e-04
6.420000e+00 5.299325e-05
6.430000e+00 -3.285439e-05
6.440000e+00 -1.198940e-04
6.450000e+00 -2.078518e-04
6.460000e+00 -2.964463e-04
6.470000e+00 -3.853893e-04
6.480000e+00 -4.743873e-04
6.490000e+00 -5.631432e-04
6.500000e+00 -6.513579e-04
6.510000e+00 -7.387316e-04
6.520000e+00 -8.249658e-04
6.530000e+00 -9.097650e-04
6.540000e+00 -9.928382e-04
6.550000e+00 -1.073901e-03
6.560000e+00 -1.152677e-03
6.570000e+00 -1.228899e-03
6.580000e+00 -1.302313e-03
6.590000e+00 -1.372677e-03
6.600000e+00 -1.439762e-03
6.610000e+00 -1.503357e-03
6.620000e+00 -1.563269e-03
6.630000e+00 -1.619319e-03
6.640000e+00 -1.671352e-03
6.650000e+00 -1.719231e-03
6.660000e+00 -1.762839e-03
6.670000e+00 -1.802082e-03
6.680000e+00 -1.836886e-03
6.690000e+00 -1.867200e-03
6.700000e+00 -1.892995e-03
6.710000e+00 -1.914262e-03
6.720000e+00 -1.931016e-03
6.730000e+00 -1.943289e-03
6.740000e+00 -1.951137e-03
6.750000e+00 -1.954634e-03
6.760000e+00 -1.953872e-03
6.770000e+00 -1.948961e-03
6.780000e+00 -1.940028e-03
6.790000e+00 -1.927215e-03
6.800000e+00 -1.910678e-03
6.810000e+00 -1.890585e-03
6.820000e+00 -1.867116e-03
6.830000e+00 -1.840461e-03
6.840000e+00 -1.810818e-03
6.850000e+00 -1.778394e-03
6.860000e+00 -1.743397e-03
6.870000e+00 -1.706045e-03
6.880000e+00 -1.666555e-03
6.890000e+00 -1.625146e-03
6.900000e+00 -1.582039e-03
6.910000e+00 -1.537452e-03
6.920000e+00 -1.491601e-03
6.930000e+00 -1.444701e-03
6.940000e+00 -1.396958e-03
6.950000e+00 -1.348578e-03
6.960000e+00 -1.299757e-03
6.970000e+00 -1.250685e-03
6.980000e+00 -1.201546e-03
6.990000e+00 -1.152511e-03
7.000000e+00 -1.103748e-03
7.010000e+00 -1.055412e-03
7.020000e+00 -1.007648e-03
7.030000e+00 -9.605931e-04
7.040000e+00 -9.143726e-04
7.050000e+00 -8.691024e-04
7.060000e+00 -8.248876e-04
7.070000e+00 -7.818235e-04
7.080000e+00 -7.399953e-04
7.090000e+00 -6.994783e-04
7.100000e+00 -6.603386e-04
7.110000e+00 -6.226331e-04
7.120000e+00 -5.864103e-04
7.130000e+00 -5.517108e-04
7.140000e+00 -5.185674e-04
7.150000e+00 -4.870067e-04
7.160000e+00 -4.570487e-04
7.170000e+00 -4.287083e-04
7.180000e+00 -4.019958e-04
7.190000e+00 -3.769176e-04
7.200000e+00 -3.534769e-04
7.210000e+00 -3.316745e-04
7.220000e+00 -3.115097e-04
7.230000e+00 -2.929806e-04
7.240000e+00 -2.760851e-04
7.250000e+00 -2.608212e-04
7.260000e+00 -2.471878e-04
7.270000e+00 -2.351848e-04
7.280000e+00 -2.248137e-04
7.290000e+00 -2.160776e-04
7.300000e+00 -2.089818e-04
7.310000e+00 -2.035333e-04
7.320000e+00 -1.997410e-04
7.330000e+00 -1.976158e-04
7.340000e+00 -1.971698e-04
7.350000e+00 -1.984163e-04
7.360000e+00 -2.013690e-04
7.370000e+00 -2.060420e-04
7.380000e+00 -2.124486e-04
7.390000e+00 -2.206010e-04
7.400000e+00 -2.305093e-04
7.410000e+00 -2.421809e-04
7.420000e+00 -2.556197e-04
7.430000e+00 -2.708251e-04
7.440000e+00 -2.877916e-04
7.450000e+00 -3.065078e-04
7.460000e+00 -3.269559e-04
7.470000e+00 -3.491110e-04
7.480000e+00 -3.729406e-04
7.490000e+00 -3.984044e-04
7.500000e+00 -4.254538e-04
7.510000e+00 -4.540318e-04
7.520000e+00 -4.840731e-04
7.530000e+00 -5.155043e-04
7.540000e+00 -5.482438e-04
7.550000e+00 -5.822029e-04
7.560000e+00 -6.172857e-04
7.570000e+00 -6.533900e-04
7.580000e+00 -6.904085e-04
7.590000e+00 -7.282291e-04
7.600000e+00 -7.667364e-04
7.610000e+00 -8.058127e-04
7.620000e+00 -8.453388e-04
7.630000e+00 -8.851956e-04
7.640000e+00 -9.252650e-04
7.650000e+00 -9.654312e-04
7.660000e+00 -1.005582e-03
7.670000e+00 -1.045608e-03
7.680000e+00 -1.085407e-03
7.690000e+00 -1.124883e-03
7.700000e+00 -1.163944e-03
7.710000e+00 -1.202509e-03
7.720000e+00 -1.240503e-03
7.730000e+00 -1.277857e-03
7.740000e+00 -1.314514e-03
7.750000e+00 -1.350422e-03
7.760000e+00 -1.385538e-03
7.770000e+00 -1.419825e-03
7.780000e+00 -1.453253e-03
7.790000e+00 -1.485798e-03
7.800000e+00 -1.517440e-03
7.810000e+00 -1.548166e-03
7.820000e+00 -1.577961e-03
7.830000e+00 -1.606816e-03
7.840000e+00 -1.634722e-03
7.850000e+00 -1.661668e-03
7.860000e+00 -1.687642e-03
7.870000e+00 -1.712633e-03
7.880000e+00 -1.736622e-03
7.890000e+00 -1.759591e-03
7.900000e+00 -1.781513e-03
7.910000e+00 -1.802361e-03
7.920000e+00 -1.822098e-03
7.930000e+00 -1.840686e-03
7.940000e+00 -1.858080e-03
7.950000e+00 -1.874232e-03
7.960000e+00 -1.889088e-03
7.970000e+00 -1.902594e-03
7.980000e+00 -1.914690e-03
7.990000e+00 -1.925319e-03
8.000000e+00 -1.934421e-03
8.010000e+00 -1.941942e-03
8.020000e+00 -1.947825e-03
8.030000e+00 -1.952025e-03
8.040000e+00 -1.954497e-03
8.050000e+00 -1.955209e-03
8.060000e+00 -1.954135e-03
8.070000e+00 -1.951261e-03
8.080000e+00 -1.946587e-03
8.090000e+00 -1.940123e-03
8.100000e+00 -1.931897e-03
8.110000e+00 -1.921950e-03
8.120000e+00 -1.910339e-03
8.130000e+00 -1.897136e-03
8.140000e+00 -1.882431e-03
8.150000e+00 -1.866328e-03
8.160000e+00 -1.848947e-03
8.170000e+00 -1.830421e-03
8.180000e+00 -1.810897e-03
8.190000e+00 -1.790533e-03
8.200000e+00 -1.769498e-03
8.210000e+00 -1.747968e-03
8.220000e+00 -1.726127e-03
8.230000e+00 -1.704161e-03
8.240000e+00 -1.682259e-03
8.250000e+00 -1.660610e-03
8.260000e+00 -1.639397e-03
8.270000e+00 -1.618803e-03
8.280000e+00 -1.598997e-03
8.290000e+00 -1.580145e-03
8.300000e+00 -1.562395e-03
8.310000e+00 -1.545886e-03
8.320000e+00 -1.530739e-03
8.330000e+00 -1.517058e-03
8.340000e+00 -1.504929e-03
8.350000e+00 -1.494421e-03
8.360000e+00 -1.485582e-03
8.370000e+00 -1.478438e-03
8.380000e+00 -1.472998e-03
8.390000e+00 -1.469251e-03
8.400000e+00 -1.467164e-03
8.410000e+00 -1.466690e-03
8.420000e+00 -1.467761e-03
8.430000e+00 -1.470295e-03
8.440000e+00 -1.474196e-03
8.450000e+00 -1.479355e-03
8.460000e+00 -1.485653e-03
8.470000e+00 -1.492963e-03
8.480000e+00 -1.501148e-03
8.490000e+00 -1.510072e-03
8.500000e+00 -1.519592e-03
8.510000e+00 -1.529569e-03
8.520000e+00 -1.539862e-03
8.530000e+00 -1.550336e-03
8.540000e+00 -1.560862e-03
8.550000e+00 -1.571317e-03
8.560000e+00 -1.581586e-03
8.570000e+00 -1.591565e-03
8.580000e+00 -1.601161e-03
8.590000e+00 -1.610291e-03
8.600000e+00 -1.618887e-03
8.610000e+00 -1.626892e-03
8.620000e+00 -1.634261e-03
8.630000e+00 -1.640962e-03
8.640000e+00 -1.646977e-03
8.650000e+00 -1.652298e-03
8.660000e+00 -1.656930e-03
8.670000e+00 -1.660888e-03
8.680000e+00 -1.664195e-03
8.690000e+00 -1.666884e-03
8.700000e+00 -1.668997e-03
8.710000e+00 -1.670580e-03
8.720000e+00 -1.671685e-03
8.730000e+00 -1.672368e-03
8.740000e+00 -1.672687e-03
8.750000e+00 -1.672702e-03
8.760000e+00 -1.672473e-03
8.770000e+00 -1.672059e-03
8.780000e+00 -1.671517e-03
8.790000e+00 -1.670900e-03
8.800000e+00 -1.670258e-03
8.810000e+00 -1.669635e-03
8.820000e+00 -1.669071e-03
8.830000e+00 -1.668596e-03
8.840000e+00 -1.668237e-03
8.850000e+00 -1.668009e-03
8.860000e+00 -1.667921e-03
8.870000e+00 -1.667974e-03
8.880000e+00 -1.668158e-03
8.890000e+00 -1.668456e-03
8.900000e+00 -1.668838e-03
8.910000e+00 -1.669268e-03
8.920000e+00 -1.669700e-03
8.930000e+00 -1.670077e-03
8.940000e+00 -1.670335e-03
8.950000e+00 -1.670397e-03
8.960000e+00 -1.670183e-03
8.970000e+00 -1.669600e-03
8.980000e+00 -1.668549e-03
8.990000e+00 -1.666923e-03
9.000000e+00 -1.664609e-03
9.010000e+00 -1.661489e-03
9.020000e+00 -1.657438e-03
9.030000e+00 -1.652327e-03
9.040000e+00 -1.646024e-03
9.050000e+00 -1.638397e-03
9.060000e+00 -1.629311e-03
9.070000e+00 -1.618630e-03
9.080000e+00 -1.606222e-03
9.090000e+00 -1.591958e-03
9.100000e+00 -1.575712e-03
9.110000e+00 -1.557366e-03
9.120000e+00 -1.536806e-03
9.130000e+00 -1.513929e-03
9.140000e+00 -1.488644e-03
9.150000e+00 -1.460869e-03
9.160000e+00 -1.430536e-03
9.170000e+00 -1.397591e-03
9.180000e+00 -1.361997e-03
9.190000e+00 -1.323733e-03
9.200000e+00 -1.282795e-03
9.210000e+00 -1.239198e-03
9.220000e+00 -1.192975e-03
9.230000e+00 -1.144181e-03
9.240000e+00 -1.092887e-03
9.250000e+00 -1.039186e-03
9.260000e+00 -9.831903e-04
9.270000e+00 -9.250293e-04
9.280000e+00 -8.648520e-04
9.290000e+00 -8.028242e-04
9.300000e+00 -7.391277e-04
9.310000e+00 -6.739595e-04
9.320000e+00 -6.075297e-04
9.330000e+00 -5.400600e-04
9.340000e+00 -4.717824e-04
9.350000e+00 -4.029366e-04
9.360000e+00 -3.337688e-04
9.370000e+00 -2.645291e-04
9.380000e+00 -1.954695e-04
9.390000e+00 -1.268425e-04
9.400000e+00 -5.889826e-05
9.410000e+00 8.116622e-06
9.420000e+00 7.396130e-05
9.430000e+00 1.384022e-04
9.440000e+00 2.012148e-04
9.450000e+00 2.621846e-04
9.460000e+00 3.211087e-04
9.470000e+00 3.777966e-04
9.480000e+00 4.320710e-04
9.490000e+00 4.837685e-04
9.500000e+00 5.327399e-04
9.510000e+00 5.788502e-04
9.520000e+00 6.219791e-04
9.530000e+00 6.620200e-04
9.540000e+00 6.988803e-04
9.550000e+00 7.324805e-04
9.560000e+00 7.627540e-04
9.570000e+00 7.896455e-04
9.580000e+00 8.131111e-04
9.590000e+00 8.331169e-04
9.600000e+00 8.496382e-04
9.610000e+00 8.626586e-04
9.620000e+00 8.721693e-04
9.630000e+00 8.781682e-04
9.640000e+00 8.806591e-04
9.650000e+00 8.796512e-04
9.660000e+00 8.751585e-04
9.670000e+00 8.671998e-04
9.680000e+00 8.557978e-04
9.690000e+00 8.409797e-04
9.700000e+00 8.227770e-04
9.710000e+00 8.012256e-04
9.720000e+00 7.763664e-04
9.730000e+00 7.482456e-04
9.740000e+00 7.169153e-04
9.750000e+00 6.824344e-04
9.760000e+00 6.448693e-04
9.770000e+00 6.042945e-04
9.780000e+00 5.607935e-04
9.790000e+00 5.144601e-04
9.800000e+00 4.653987e-04
9.810000e+00 4.137251e-04
9.820000e+00 3.595675e-04
9.830000e+00 3.030669e-04
9.840000e+00 2.443775e-04
9.850000e+00 1.836671e-04
9.860000e+00 1.211171e-04
9.870000e+00 5.692280e-05
9.880000e+00 -8.707353e-06
9.890000e+00 -7.555184e-05
9.900000e+00 -1.433769e-04
9.910000e+00 -2.119372e-04
9.920000e+00 -2.809772e-04
9.930000e+00 -3.502321e-04
9.940000e+00 -4.194297e-04
9.950000e+00 -4.882913e-04
9.960000e+00 -5.565342e-04
9.970000e+00 -6.238734e-04
9.980000e+00 -6.900231e-04
9.990000e+00 -7.546994e-04
1.000000e+01 -8.176222e-04
