# sigma2_v 8.595244388583410e+00
# aH 9e+01
0.000000e+00 1.000000e+00
1.000000e-02 9.995703e-01
2.000000e-02 9.982825e-01
3.000000e-02 9.961400e-01
4.000000e-02 9.931488e-01
5.000000e-02 9.893168e-01
6.000000e-02 9.846544e-01
7.000000e-02 9.791744e-01
8.000000e-02 9.728913e-01
9.000000e-02 9.658219e-01
1.000000e-01 9.579850e-01
1.100000e-01 9.494014e-01
1.200000e-01 9.400934e-01
1.300000e-01 9.300852e-01
1.400000e-01 9.194027e-01
1.500000e-01 9.080730e-01
1.600000e-01 8.961247e-01
1.700000e-01 8.835876e-01
1.800000e-01 8.704927e-01
1.900000e-01 8.568717e-01
2.000000e-01 8.427574e-01
2.100000e-01 8.281830e-01
2.200000e-01 8.131826e-01
2.300000e-01 7.977905e-01
2.400000e-01 7.820412e-01
2.500000e-01 7.659696e-01
2.600000e-01 7.496105e-01
2.700000e-01 7.329985e-01
2.800000e-01 7.161682e-01
2.900000e-01 6.991537e-01
3.000000e-01 6.819886e-01
3.100000e-01 6.647062e-01
3.200000e-01 6.473390e-01
3.300000e-01 6.299186e-01
3.400000e-01 6.124761e-01
3.500000e-01 5.950414e-01
3.600000e-01 5.776435e-01
3.700000e-01 5.603105e-01
3.800000e-01 5.430691e-01
3.900000e-01 5.259451e-01
4.000000e-01 5.089630e-01
4.100000e-01 4.921460e-01
4.200000e-01 4.755161e-01
4.300000e-01 4.590939e-01
4.400000e-01 4.428988e-01
4.500000e-01 4.269488e-01
4.600000e-01 4.112607e-01
4.700000e-01 3.958496e-01
4.800000e-01 3.807298e-01
4.900000e-01 3.659138e-01
5.000000e-01 3.514131e-01
5.100000e-01 3.372379e-01
5.200000e-01 3.233969e-01
5.300000e-01 3.098979e-01
5.400000e-01 2.967473e-01
5.500000e-01 2.839504e-01
5.600000e-01 2.715115e-01
5.700000e-01 2.594336e-01
5.800000e-01 2.477189e-01
5.900000e-01 2.363685e-01
6.000000e-01 2.253825e-01
6.100000e-01 2.147603e-01
6.200000e-01 2.045004e-01
6.300000e-01 1.946004e-01
6.400000e-01 1.850572e-01
6.500000e-01 1.758671e-01
6.600000e-01 1.670258e-01
6.700000e-01 1.585282e-01
6.800000e-01 1.503689e-01
6.900000e-01 1.425418e-01
7.000000e-01 1.350405e-01
7.100000e-01 1.278582e-01
7.200000e-01 1.209876e-01
7.300000e-01 1.144214e-01
7.400000e-01 1.081516e-01
7.500000e-01 1.021703e-01
7.600000e-01 9.646930e-02
7.700000e-01 9.104028e-02
7.800000e-01 8.587477e-02
7.900000e-01 8.096422e-02
8.000000e-01 7.630004e-02
8.100000e-01 7.187360e-02
8.200000e-01 6.767630e-02
8.300000e-01 6.369955e-02
8.400000e-01 5.993483e-02
8.500000e-01 5.637368e-02
8.600000e-01 5.300777e-02
8.700000e-01 4.982885e-02
8.800000e-01 4.682883e-02
8.900000e-01 4.399977e-02
9.000000e-01 4.133389e-02
9.100000e-01 3.882358e-02
9.200000e-01 3.646143e-02
9.300000e-01 3.424021e-02
9.400000e-01 3.215291e-02
9.500000e-01 3.019273e-02
9.600000e-01 2.835306e-02
9.700000e-01 2.662754e-02
9.800000e-01 2.501002e-02
9.900000e-01 2.349456e-02
1.000000e+00 2.207544e-02
1.010000e+00 2.074719e-02
1.020000e+00 1.950453e-02
1.030000e+00 1.834240e-02
1.040000e+00 1.725596e-02
1.050000e+00 1.624059e-02
1.060000e+00 1.529186e-02
1.070000e+00 1.440555e-02
1.080000e+00 1.357762e-02
1.090000e+00 1.280424e-02
1.100000e+00 1.208177e-02
1.110000e+00 1.140673e-02
1.120000e+00 1.077584e-02
1.130000e+00 1.018596e-02
1.140000e+00 9.634155e-03
1.150000e+00 9.117618e-03
1.160000e+00 8.633712e-03
1.170000e+00 8.179948e-03
1.180000e+00 7.753984e-03
1.190000e+00 7.353619e-03
1.200000e+00 6.976789e-03
1.210000e+00 6.621564e-03
1.220000e+00 6.286144e-03
1.230000e+00 5.968851e-03
1.240000e+00 5.668130e-03
1.250000e+00 5.382544e-03
1.260000e+00 5.110767e-03
1.270000e+00 4.851585e-03
1.280000e+00 4.603887e-03
1.290000e+00 4.366666e-03
1.300000e+00 4.139011e-03
1.310000e+00 3.920105e-03
1.320000e+00 3.709220e-03
1.330000e+00 3.505715e-03
1.340000e+00 3.309027e-03
1.350000e+00 3.118674e-03
1.360000e+00 2.934242e-03
1.370000e+00 2.755388e-03
1.380000e+00 2.581830e-03
1.390000e+00 2.413346e-03
1.400000e+00 2.249769e-03
1.410000e+00 2.090980e-03
1.420000e+00 1.936907e-03
1.430000e+00 1.787516e-03
1.440000e+00 1.642813e-03
1.450000e+00 1.502833e-03
1.460000e+00 1.367638e-03
1.470000e+00 1.237316e-03
1.480000e+00 1.111973e-03
1.490000e+00 9.917286e-04
1.500000e+00 8.767153e-04
1.510000e+00 7.670722e-04
1.520000e+00 6.629426e-04
1.530000e+00 5.644694e-04
1.540000e+00 4.717927e-04
1.550000e+00 3.850459e-04
1.560000e+00 3.043526e-04
1.570000e+00 2.298242e-04
1.580000e+00 1.615565e-04
1.590000e+00 9.962725e-05
1.600000e+00 4.409408e-05
1.610000e+00 -5.008092e-06
1.620000e+00 -4.766884e-05
1.630000e+00 -8.390399e-05
1.640000e+00 -1.137571e-04
1.650000e+00 -1.373007e-04
1.660000e+00 -1.546372e-04
1.670000e+00 -1.658991e-04
1.680000e+00 -1.712501e-04
1.690000e+00 -1.708840e-04
1.700000e+00 -1.650251e-04
1.710000e+00 -1.539270e-04
1.720000e+00 -1.378716e-04
1.730000e+00 -1.171675e-04
1.740000e+00 -9.214855e-05
1.750000e+00 -6.317116e-05
1.760000e+00 -3.061227e-05
1.770000e+00 5.133572e-06
1.780000e+00 4.365711e-05
1.790000e+00 8.453763e-05
1.800000e+00 1.273463e-04
1.810000e+00 1.716498e-04
1.820000e+00 2.170136e-04
1.830000e+00 2.630059e-04
1.840000e+00 3.092012e-04
1.850000e+00 3.551837e-04
1.860000e+00 4.005509e-04
1.870000e+00 4.449166e-04
1.880000e+00 4.879145e-04
1.890000e+00 5.292005e-04
1.900000e+00 5.684555e-04
1.910000e+00 6.053878e-04
1.920000e+00 6.397348e-04
1.930000e+00 6.712645e-04
1.940000e+00 6.997772e-04
1.950000e+00 7.251058e-04
1.960000e+00 7.471166e-04
1.970000e+00 7.657096e-04
1.980000e+00 7.808178e-04
1.990000e+00 7.924070e-04
2.000000e+00 8.004752e-04
2.010000e+00 8.050511e-04
2.020000e+00 8.061927e-04
2.030000e+00 8.039862e-04
2.040000e+00 7.985437e-04
2.050000e+00 7.900017e-04
2.060000e+00 7.785187e-04
2.070000e+00 7.642731e-04
2.080000e+00 7.474612e-04
2.090000e+00 7.282943e-04
2.100000e+00 7.069973e-04
2.110000e+00 6.838051e-04
2.120000e+00 6.589615e-04
2.130000e+00 6.327160e-04
2.140000e+00 6.053218e-04
2.150000e+00 5.770334e-04
2.160000e+00 5.481045e-04
2.170000e+00 5.187857e-04
2.180000e+00 4.893226e-04
2.190000e+00 4.599534e-04
2.200000e+00 4.309071e-04
2.210000e+00 4.024017e-04
2.220000e+00 3.746420e-04
2.230000e+00 3.478184e-04
2.240000e+00 3.221050e-04
2.250000e+00 2.976580e-04
2.260000e+00 2.746148e-04
2.270000e+00 2.530923e-04
2.280000e+00 2.331860e-04
2.290000e+00 2.149696e-04
2.300000e+00 1.984939e-04
2.310000e+00 1.837863e-04
2.320000e+00 1.708513e-04
2.330000e+00 1.596696e-04
2.340000e+00 1.501993e-04
2.350000e+00 1.423760e-04
2.360000e+00 1.361138e-04
2.370000e+00 1.313062e-04
2.380000e+00 1.278278e-04
2.390000e+00 1.255356e-04
2.400000e+00 1.242710e-04
2.410000e+00 1.238618e-04
2.420000e+00 1.241245e-04
2.430000e+00 1.248663e-04
2.440000e+00 1.258882e-04
2.450000e+00 1.269871e-04
2.460000e+00 1.279583e-04
2.470000e+00 1.285989e-04
2.480000e+00 1.287092e-04
2.490000e+00 1.280964e-04
2.500000e+00 1.265760e-04
2.510000e+00 1.239745e-04
2.520000e+00 1.201314e-04
2.530000e+00 1.149009e-04
2.540000e+00 1.081536e-04
2.550000e+00 9.977749e-05
2.560000e+00 8.967944e-05
2.570000e+00 7.778556e-05
2.580000e+00 6.404182e-05
2.590000e+00 4.841418e-05
2.600000e+00 3.088851e-05
2.610000e+00 1.147024e-05
2.620000e+00 -9.816294e-06
2.630000e+00 -3.292857e-05
2.640000e+00 -5.780691e-05
2.650000e+00 -8.437565e-05
2.660000e+00 -1.125443e-04
2.670000e+00 -1.422091e-04
2.680000e+00 -1.732541e-04
2.690000e+00 -2.055529e-04
2.700000e+00 -2.389701e-04
2.710000e+00 -2.733622e-04
2.720000e+00 -3.085796e-04
2.730000e+00 -3.444674e-04
2.740000e+00 -3.808671e-04
2.750000e+00 -4.176168e-04
2.760000e+00 -4.545531e-04
2.770000e+00 -4.915115e-04
2.780000e+00 -5.283272e-04
2.790000e+00 -5.648358e-04
2.800000e+00 -6.008739e-04
2.810000e+00 -6.362796e-04
2.820000e+00 -6.708927e-04
2.830000e+00 -7.045556e-04
2.840000e+00 -7.371130e-04
2.850000e+00 -7.684126e-04
2.860000e+00 -7.983055e-04
2.870000e+00 -8.266462e-04
2.880000e+00 -8.532932e-04
2.890000e+00 -8.781095e-04
2.900000e+00 -9.009627e-04
2.910000e+00 -9.217260e-04
2.920000e+00 -9.402781e-04
2.930000e+00 -9.565046e-04
2.940000e+00 -9.702980e-04
2.950000e+00 -9.815587e-04
2.960000e+00 -9.901957e-04
2.970000e+00 -9.961276e-04
2.980000e+00 -9.992829e-04
2.990000e+00 -9.996013e-04
3.000000e+00 -9.970339e-04
3.010000e+00 -9.915446e-04
3.020000e+00 -9.831102e-04
3.030000e+00 -9.717215e-04
3.040000e+00 -9.573832e-04
3.050000e+00 -9.401150e-04
3.060000e+00 -9.199516e-04
3.070000e+00 -8.969429e-04
3.080000e+00 -8.711541e-04
3.090000e+00 -8.426660e-04
3.100000e+00 -8.115741e-04
3.110000e+00 -7.779890e-04
3.120000e+00 -7.420357e-04
3.130000e+00 -7.038527e-04
3.140000e+00 -6.635918e-04
3.150000e+00 -6.214171e-04
3.160000e+00 -5.775038e-04
3.170000e+00 -5.320375e-04
3.180000e+00 -4.852130e-04
3.190000e+00 -4.372328e-04
3.200000e+00 -3.883063e-04
3.210000e+00 -3.386479e-04
3.220000e+00 -2.884763e-04
3.230000e+00 -2.380124e-04
3.240000e+00 -1.874784e-04
3.250000e+00 -1.370961e-04
3.260000e+00 -8.708567e-05
3.270000e+00 -3.766411e-05
3.280000e+00 1.095600e-05
3.290000e+00 5.856787e-05
3.300000e+00 1.049717e-04
3.310000e+00 1.499759e-04
3.320000e+00 1.933983e-04
3.330000e+00 2.350670e-04
3.340000e+00 2.748215e-04
3.350000e+00 3.125134e-04
3.360000e+00 3.480075e-04
3.370000e+00 3.811819e-04
3.380000e+00 4.119292e-04
3.390000e+00 4.401565e-04
3.400000e+00 4.657860e-04
3.410000e+00 4.887551e-04
3.420000e+00 5.090166e-04
3.430000e+00 5.265387e-04
3.440000e+00 5.413052e-04
3.450000e+00 5.533149e-04
3.460000e+00 5.625817e-04
3.470000e+00 5.691342e-04
3.480000e+00 5.730154e-04
3.490000e+00 5.742819e-04
3.500000e+00 5.730038e-04
3.510000e+00 5.692640e-04
3.520000e+00 5.631575e-04
3.530000e+00 5.547909e-04
3.540000e+00 5.442818e-04
3.550000e+00 5.317580e-04
3.560000e+00 5.173567e-04
3.570000e+00 5.012245e-04
3.580000e+00 4.835157e-04
3.590000e+00 4.643925e-04
3.600000e+00 4.440239e-04
3.610000e+00 4.225853e-04
3.620000e+00 4.002576e-04
3.630000e+00 3.772266e-04
3.640000e+00 3.536825e-04
3.650000e+00 3.298190e-04
3.660000e+00 3.058326e-04
3.670000e+00 2.819223e-04
3.680000e+00 2.582882e-04
3.690000e+00 2.351313e-04
3.700000e+00 2.126523e-04
3.710000e+00 1.910506e-04
3.720000e+00 1.705239e-04
3.730000e+00 1.512667e-04
3.740000e+00 1.334694e-04
3.750000e+00 1.173170e-04
3.760000e+00 1.029886e-04
3.770000e+00 9.065510e-05
3.780000e+00 8.047897e-05
3.790000e+00 7.261237e-05
3.800000e+00 6.719605e-05
3.810000e+00 6.435807e-05
3.820000e+00 6.421249e-05
3.830000e+00 6.685820e-05
3.840000e+00 7.237772e-05
3.850000e+00 8.083615e-05
3.860000e+00 9.228017e-05
3.870000e+00 1.067372e-04
3.880000e+00 1.242148e-04
3.890000e+00 1.446998e-04
3.900000e+00 1.681585e-04
3.910000e+00 1.945357e-04
3.920000e+00 2.237557e-04
3.930000e+00 2.557216e-04
3.940000e+00 2.903164e-04
3.950000e+00 3.274033e-04
3.960000e+00 3.668268e-04
3.970000e+00 4.084137e-04
3.980000e+00 4.519743e-04
3.990000e+00 4.973038e-04
4.000000e+00 5.441843e-04
4.010000e+00 5.923860e-04
4.020000e+00 6.416695e-04
4.030000e+00 6.917876e-04
4.040000e+00 7.424873e-04
4.050000e+00 7.935121e-04
4.060000e+00 8.446038e-04
4.070000e+00 8.955048e-04
4.080000e+00 9.459603e-04
4.090000e+00 9.957198e-04
4.100000e+00 1.044539e-03
4.110000e+00 1.092184e-03
4.120000e+00 1.138428e-03
4.130000e+00 1.183057e-03
4.140000e+00 1.225872e-03
4.150000e+00 1.266684e-03
4.160000e+00 1.305323e-03
4.170000e+00 1.341634e-03
4.180000e+00 1.375478e-03
4.190000e+00 1.406734e-03
4.200000e+00 1.435299e-03
4.210000e+00 1.461088e-03
4.220000e+00 1.484032e-03
4.230000e+00 1.504082e-03
4.240000e+00 1.521206e-03
4.250000e+00 1.535386e-03
4.260000e+00 1.546624e-03
4.270000e+00 1.554936e-03
4.280000e+00 1.560351e-03
4.290000e+00 1.562914e-03
4.300000e+00 1.562682e-03
4.310000e+00 1.559723e-03
4.320000e+00 1.554118e-03
4.330000e+00 1.545953e-03
4.340000e+00 1.535327e-03
4.350000e+00 1.522343e-03
4.360000e+00 1.507111e-03
4.370000e+00 1.489746e-03
4.380000e+00 1.470367e-03
4.390000e+00 1.449095e-03
4.400000e+00 1.426053e-03
4.410000e+00 1.401364e-03
4.420000e+00 1.375153e-03
4.430000e+00 1.347542e-03
4.440000e+00 1.318653e-03
4.450000e+00 1.288606e-03
4.460000e+00 1.257518e-03
4.470000e+00 1.225502e-03
4.480000e+00 1.192672e-03
4.490000e+00 1.159134e-03
4.500000e+00 1.124995e-03
4.510000e+00 1.090356e-03
4.520000e+00 1.055317e-03
4.530000e+00 1.019974e-03
4.540000e+00 9.844223e-04
4.550000e+00 9.487535e-04
4.560000e+00 9.130587e-04
4.570000e+00 8.774276e-04
4.580000e+00 8.419493e-04
4.590000e+00 8.067127e-04
4.600000e+00 7.718066e-04
4.610000e+00 7.373207e-04
4.620000e+00 7.033452e-04
4.630000e+00 6.699716e-04
4.640000e+00 6.372926e-04
4.650000e+00 6.054020e-04
4.660000e+00 5.743951e-04
4.670000e+00 5.443682e-04
4.680000e+00 5.154182e-04
4.690000e+00 4.876429e-04
4.700000e+00 4.611395e-04
4.710000e+00 4.360051e-04
4.720000e+00 4.123351e-04
4.730000e+00 3.902230e-04
4.740000e+00 3.697593e-04
4.750000e+00 3.510307e-04
4.760000e+00 3.341191e-04
4.770000e+00 3.191009e-04
4.780000e+00 3.060456e-04
4.790000e+00 2.950153e-04
4.800000e+00 2.860638e-04
4.810000e+00 2.792354e-04
4.820000e+00 2.745646e-04
4.830000e+00 2.720752e-04
4.840000e+00 2.717798e-04
4.850000e+00 2.736794e-04
4.860000e+00 2.777631e-04
4.870000e+00 2.840081e-04
4.880000e+00 2.923794e-04
4.890000e+00 3.028299e-04
4.900000e+00 3.153010e-04
4.910000e+00 3.297226e-04
4.920000e+00 3.460137e-04
4.930000e+00 3.640832e-04
4.940000e+00 3.838302e-04
4.950000e+00 4.051451e-04
4.960000e+00 4.279104e-04
4.970000e+00 4.520015e-04
4.980000e+00 4.772877e-04
4.990000e+00 5.036332e-04
5.000000e+00 5.308980e-04
5.010000e+00 5.589389e-04
5.020000e+00 5.876108e-04
5.030000e+00 6.167669e-04
5.040000e+00 6.462602e-04
5.050000e+00 6.759444e-04
5.060000e+00 7.056741e-04
5.070000e+00 7.353063e-04
5.080000e+00 7.647004e-04
5.090000e+00 7.937195e-04
5.100000e+00 8.222303e-04
5.110000e+00 8.501043e-04
5.120000e+00 8.772176e-04
5.130000e+00 9.034516e-04
5.140000e+00 9.286936e-04
5.150000e+00 9.528367e-04
5.160000e+00 9.757802e-04
5.170000e+00 9.974298e-04
5.180000e+00 1.017698e-03
5.190000e+00 1.036504e-03
5.200000e+00 1.053773e-03
5.210000e+00 1.069439e-03
5.220000e+00 1.083442e-03
5.230000e+00 1.095728e-03
5.240000e+00 1.106252e-03
5.250000e+00 1.114975e-03
5.260000e+00 1.121865e-03
5.270000e+00 1.126898e-03
5.280000e+00 1.130055e-03
5.290000e+00 1.131325e-03
5.300000e+00 1.130704e-03
5.310000e+00 1.128194e-03
5.320000e+00 1.123804e-03
5.330000e+00 1.117548e-03
5.340000e+00 1.109447e-03
5.350000e+00 1.099528e-03
5.360000e+00 1.087824e-03
5.370000e+00 1.074372e-03
5.380000e+00 1.059215e-03
5.390000e+00 1.042402e-03
5.400000e+00 1.023985e-03
5.410000e+00 1.004023e-03
5.420000e+00 9.825750e-04
5.430000e+00 9.597088e-04
5.440000e+00 9.354932e-04
5.450000e+00 9.100011e-04
5.460000e+00 8.833088e-04
5.470000e+00 8.554949e-04
5.480000e+00 8.266409e-04
5.490000e+00 7.968303e-04
5.500000e+00 7.661483e-04
5.510000e+00 7.346813e-04
5.520000e+00 7.025167e-04
5.530000e+00 6.697421e-04
5.540000e+00 6.364449e-04
5.550000e+00 6.027117e-04
5.560000e+00 5.686278e-04
5.570000e+00 5.342764e-04
5.580000e+00 4.997381e-04
5.590000e+00 4.650901e-04
5.600000e+00 4.304057e-04
5.610000e+00 3.957536e-04
5.620000e+00 3.611970e-04
5.630000e+00 3.267935e-04
5.640000e+00 2.925941e-04
5.650000e+00 2.586429e-04
5.660000e+00 2.249767e-04
5.670000e+00 1.916247e-04
5.680000e+00 1.586081e-04
5.690000e+00 1.259401e-04
5.700000e+00 9.362604e-05
5.710000e+00 6.166336e-05
5.720000e+00 3.004195e-05
5.730000e+00 -1.255454e-06
5.740000e+00 -3.225271e-05
5.750000e+00 -6.297965e-05
5.760000e+00 -9.347125e-05
5.770000e+00 -1.237668e-04
5.780000e+00 -1.539090e-04
5.790000e+00 -1.839428e-04
5.800000e+00 -2.139145e-04
5.810000e+00 -2.438706e-04
5.820000e+00 -2.738567e-04
5.830000e+00 -3.039166e-04
5.840000e+00 -3.340912e-04
5.850000e+00 -3.644177e-04
5.860000e+00 -3.949287e-04
5.870000e+00 -4.256518e-04
5.880000e+00 -4.566087e-04
5.890000e+00 -4.878150e-04
5.900000e+00 -5.192802e-04
5.910000e+00 -5.510074e-04
5.920000e+00 -5.829935e-04
5.930000e+00 -6.152293e-04
5.940000e+00 -6.477002e-04
5.950000e+00 -6.803866e-04
5.960000e+00 -7.132645e-04
5.970000e+00 -7.463064e-04
5.980000e+00 -7.794817e-04
5.990000e+00 -8.127582e-04
6.000000e+00 -8.461022e-04
6.010000e+00 -8.794798e-04
6.020000e+00 -9.128574e-04
6.030000e+00 -9.462026e-04
6.040000e+00 -9.794846e-04
6.050000e+00 -1.012674e-03
6.060000e+00 -1.045746e-03
6.070000e+00 -1.078675e-03
6.080000e+00 -1.111441e-03
6.090000e+00 -1.144025e-03
6.100000e+00 -1.176409e-03
6.110000e+00 -1.208580e-03
6.120000e+00 -1.240522e-03
6.130000e+00 -1.272223e-03
6.140000e+00 -1.303670e-03
6.150000e+00 -1.334846e-03
6.160000e+00 -1.365737e-03
6.170000e+00 -1.396322e-03
6.180000e+00 -1.426580e-03
6.190000e+00 -1.456483e-03
6.200000e+00 -1.486002e-03
6.210000e+00 -1.515099e-03
6.220000e+00 -1.543735e-03
6.230000e+00 -1.571862e-03
6.240000e+00 -1.599429e-03
6.250000e+00 -1.626378e-03
6.260000e+00 -1.652650e-03
6.270000e+00 -1.678178e-03
6.280000e+00 -1.702894e-03
6.290000e+00 -1.726729e-03
6.300000e+00 -1.749610e-03
6.310000e+00 -1.771467e-03
6.320000e+00 -1.792231e-03
6.330000e+00 -1.811835e-03
6.340000e+00 -1.830215e-03
6.350000e+00 -1.847315e-03
6.360000e+00 -1.863085e-03
6.370000e+00 -1.877481e-03
6.380000e+00 -1.890469e-03
6.390000e+00 -1.902025e-03
6.400000e+00 -1.912134e-03
6.410000e+00 -1.920791e-03
6.420000e+00 -1.928004e-03
6.430000e+00 -1.933789e-03
6.440000e+00 -1.938175e-03
6.450000e+00 -1.941198e-03
6.460000e+00 -1.942906e-03
6.470000e+00 -1.943355e-03
6.480000e+00 -1.942606e-03
6.490000e+00 -1.940728e-03
6.500000e+00 -1.937797e-03
6.510000e+00 -1.933888e-03
6.520000e+00 -1.929081e-03
6.530000e+00 -1.923458e-03
6.540000e+00 -1.917099e-03
6.550000e+00 -1.910080e-03
6.560000e+00 -1.902479e-03
6.570000e+00 -1.894365e-03
6.580000e+00 -1.885805e-03
6.590000e+00 -1.876860e-03
6.600000e+00 -1.867584e-03
6.610000e+00 -1.858023e-03
6.620000e+00 -1.848217e-03
6.630000e+00 -1.838201e-03
6.640000e+00 -1.827998e-03
6.650000e+00 -1.817630e-03
6.660000e+00 -1.807107e-03
6.670000e+00 -1.796439e-03
6.680000e+00 -1.785625e-03
6.690000e+00 -1.774664e-03
6.700000e+00 -1.763549e-03
6.710000e+00 -1.752272e-03
6.720000e+00 -1.740823e-03
6.730000e+00 -1.729190e-03
6.740000e+00 -1.717361e-03
6.750000e+00 -1.705327e-03
6.760000e+00 -1.693078e-03
6.770000e+00 -1.680609e-03
6.780000e+00 -1.667916e-03
6.790000e+00 -1.655000e-03
6.800000e+00 -1.641867e-03
6.810000e+00 -1.628526e-03
6.820000e+00 -1.614992e-03
6.830000e+00 -1.601288e-03
6.840000e+00 -1.587438e-03
6.850000e+00 -1.573476e-03
6.860000e+00 -1.559440e-03
6.870000e+00 -1.545376e-03
6.880000e+00 -1.531334e-03
6.890000e+00 -1.517371e-03
6.900000e+00 -1.503549e-03
6.910000e+00 -1.489937e-03
6.920000e+00 -1.476608e-03
6.930000e+00 -1.463639e-03
6.940000e+00 -1.451112e-03
6.950000e+00 -1.439114e-03
6.960000e+00 -1.427734e-03
6.970000e+00 -1.417063e-03
6.980000e+00 -1.407193e-03
6.990000e+00 -1.398217e-03
7.000000e+00 -1.390229e-03
7.010000e+00 -1.383320e-03
7.020000e+00 -1.377578e-03
7.030000e+00 -1.373089e-03
7.040000e+00 -1.369930e-03
7.050000e+00 -1.368175e-03
7.060000e+00 -1.367889e-03
7.070000e+00 -1.369127e-03
7.080000e+00 -1.371935e-03
7.090000e+00 -1.376344e-03
7.100000e+00 -1.382376e-03
7.110000e+00 -1.390034e-03
7.120000e+00 -1.399311e-03
7.130000e+00 -1.410180e-03
7.140000e+00 -1.422599e-03
7.150000e+00 -1.436508e-03
7.160000e+00 -1.451831e-03
7.170000e+00 -1.468473e-03
7.180000e+00 -1.486322e-03
7.190000e+00 -1.505252e-03
7.200000e+00 -1.525118e-03
7.210000e+00 -1.545760e-03
7.220000e+00 -1.567007e-03
7.230000e+00 -1.588674e-03
7.240000e+00 -1.610565e-03
7.250000e+00 -1.632476e-03
7.260000e+00 -1.654197e-03
7.270000e+00 -1.675511e-03
7.280000e+00 -1.696200e-03
7.290000e+00 -1.716047e-03
7.300000e+00 -1.734834e-03
7.310000e+00 -1.752349e-03
7.320000e+00 -1.768386e-03
7.330000e+00 -1.782748e-03
7.340000e+00 -1.795248e-03
7.350000e+00 -1.805711e-03
7.360000e+00 -1.813977e-03
7.370000e+00 -1.819901e-03
7.380000e+00 -1.823354e-03
7.390000e+00 -1.824226e-03
7.400000e+00 -1.822426e-03
7.410000e+00 -1.817881e-03
7.420000e+00 -1.810541e-03
7.430000e+00 -1.800372e-03
7.440000e+00 -1.787365e-03
7.450000e+00 -1.771527e-03
7.460000e+00 -1.752889e-03
7.470000e+00 -1.731497e-03
7.480000e+00 -1.707421e-03
7.490000e+00 -1.680745e-03
7.500000e+00 -1.651573e-03
7.510000e+00 -1.620024e-03
7.520000e+00 -1.586234e-03
7.530000e+00 -1.550351e-03
7.540000e+00 -1.512540e-03
7.550000e+00 -1.472973e-03
7.560000e+00 -1.431837e-03
7.570000e+00 -1.389327e-03
7.580000e+00 -1.345644e-03
7.590000e+00 -1.300997e-03
7.600000e+00 -1.255601e-03
7.610000e+00 -1.209672e-03
7.620000e+00 -1.163430e-03
7.630000e+00 -1.117093e-03
7.640000e+00 -1.070880e-03
7.650000e+00 -1.025005e-03
7.660000e+00 -9.796777e-04
7.670000e+00 -9.351024e-04
7.680000e+00 -8.914750e-04
7.690000e+00 -8.489818e-04
7.700000e+00 -8.077987e-04
7.710000e+00 -7.680891e-04
7.720000e+00 -7.300032e-04
7.730000e+00 -6.936767e-04
7.740000e+00 -6.592298e-04
7.750000e+00 -6.267666e-04
7.760000e+00 -5.963744e-04
7.770000e+00 -5.681234e-04
7.780000e+00 -5.420667e-04
7.790000e+00 -5.182401e-04
7.800000e+00 -4.966626e-04
7.810000e+00 -4.773371e-04
7.820000e+00 -4.602509e-04
7.830000e+00 -4.453766e-04
7.840000e+00 -4.326738e-04
7.850000e+00 -4.220896e-04
7.860000e+00 -4.135605e-04
7.870000e+00 -4.070141e-04
7.880000e+00 -4.023701e-04
7.890000e+00 -3.995425e-04
7.900000e+00 -3.984406e-04
7.910000e+00 -3.989714e-04
7.920000e+00 -4.010399e-04
7.930000e+00 -4.045516e-04
7.940000e+00 -4.094128e-04
7.950000e+00 -4.155322e-04
7.960000e+00 -4.228212e-04
7.970000e+00 -4.311950e-04
7.980000e+00 -4.405727e-04
7.990000e+00 -4.508774e-04
8.000000e+00 -4.620362e-04
8.010000e+00 -4.739802e-04
8.020000e+00 -4.866437e-04
8.030000e+00 -4.999636e-04
8.040000e+00 -5.138789e-04
8.050000e+00 -5.283297e-04
8.060000e+00 -5.432565e-04
8.070000e+00 -5.585988e-04
8.080000e+00 -5.742947e-04
8.090000e+00 -5.902798e-04
8.100000e+00 -6.064865e-04
8.110000e+00 -6.228432e-04
8.120000e+00 -6.392740e-04
8.130000e+00 -6.556983e-04
8.140000e+00 -6.720304e-04
8.150000e+00 -6.881803e-04
8.160000e+00 -7.040530e-04
8.170000e+00 -7.195497e-04
8.180000e+00 -7.345684e-04
8.190000e+00 -7.490042e-04
8.200000e+00 -7.627513e-04
8.210000e+00 -7.757031e-04
8.220000e+00 -7.877543e-04
8.230000e+00 -7.988018e-04
8.240000e+00 -8.087462e-04
8.250000e+00 -8.174934e-04
8.260000e+00 -8.249554e-04
8.270000e+00 -8.310522e-04
8.280000e+00 -8.357126e-04
8.290000e+00 -8.388755e-04
8.300000e+00 -8.404905e-04
8.310000e+00 -8.405189e-04
8.320000e+00 -8.389341e-04
8.330000e+00 -8.357222e-04
8.340000e+00 -8.308819e-04
8.350000e+00 -8.244244e-04
8.360000e+00 -8.163737e-04
8.370000e+00 -8.067657e-04
8.380000e+00 -7.956479e-04
8.390000e+00 -7.830789e-04
8.400000e+00 -7.691274e-04
8.410000e+00 -7.538714e-04
8.420000e+00 -7.373976e-04
8.430000e+00 -7.198002e-04
8.440000e+00 -7.011801e-04
8.450000e+00 -6.816439e-04
8.460000e+00 -6.613034e-04
8.470000e+00 -6.402740e-04
8.480000e+00 -6.186749e-04
8.490000e+00 -5.966276e-04
8.500000e+00 -5.742556e-04
8.510000e+00 -5.516838e-04
8.520000e+00 -5.290378e-04
8.530000e+00 -5.064435e-04
8.540000e+00 -4.840267e-04
8.550000e+00 -4.619124e-04
8.560000e+00 -4.402246e-04
8.570000e+00 -4.190854e-04
8.580000e+00 -3.986152e-04
8.590000e+00 -3.789314e-04
8.600000e+00 -3.601482e-04
8.610000e+00 -3.423759e-04
8.620000e+00 -3.257199e-04
8.630000e+00 -3.102803e-04
8.640000e+00 -2.961510e-04
8.650000e+00 -2.834184e-04
8.660000e+00 -2.721609e-04
8.670000e+00 -2.624479e-04
8.680000e+00 -2.543386e-04
8.690000e+00 -2.478816e-04
8.700000e+00 -2.431133e-04
8.710000e+00 -2.400581e-04
8.720000e+00 -2.387268e-04
8.730000e+00 -2.391167e-04
8.740000e+00 -2.412110e-04
8.750000e+00 -2.449786e-04
8.760000e+00 -2.503742e-04
8.770000e+00 -2.573385e-04
8.780000e+00 -2.657983e-04
8.790000e+00 -2.756676e-04
8.800000e+00 -2.868483e-04
8.810000e+00 -2.992309e-04
8.820000e+00 -3.126961e-04
8.830000e+00 -3.271160e-04
8.840000e+00 -3.423558e-04
8.850000e+00 -3.582749e-04
8.860000e+00 -3.747294e-04
8.870000e+00 -3.915729e-04
8.880000e+00 -4.086589e-04
8.890000e+00 -4.258421e-04
8.900000e+00 -4.429804e-04
8.910000e+00 -4.599358e-04
8.920000e+00 -4.765763e-04
8.930000e+00 -4.927768e-04
8.940000e+00 -5.084202e-04
8.950000e+00 -5.233985e-04
8.960000e+00 -5.376127e-04
8.970000e+00 -5.509742e-04
8.980000e+00 -5.634040e-04
8.990000e+00 -5.748335e-04
9.000000e+00 -5.852039e-04
9.010000e+00 -5.944660e-04
9.020000e+00 -6.025796e-04
9.030000e+00 -6.095131e-04
9.040000e+00 -6.152427e-04
9.050000e+00 -6.197516e-04
9.060000e+00 -6.230293e-04
9.070000e+00 -6.250710e-04
9.080000e+00 -6.258766e-04
9.090000e+00 -6.254502e-04
9.100000e+00 -6.237992e-04
9.110000e+00 -6.209345e-04
9.120000e+00 -6.168693e-04
9.130000e+00 -6.116193e-04
9.140000e+00 -6.052023e-04
9.150000e+00 -5.976385e-04
9.160000e+00 -5.889502e-04
9.170000e+00 -5.791621e-04
9.180000e+00 -5.683017e-04
9.190000e+00 -5.563994e-04
9.200000e+00 -5.434888e-04
9.210000e+00 -5.296077e-04
9.220000e+00 -5.147975e-04
9.230000e+00 -4.991045e-04
9.240000e+00 -4.825798e-04
9.250000e+00 -4.652796e-04
9.260000e+00 -4.472653e-04
9.270000e+00 -4.286039e-04
9.280000e+00 -4.093678e-04
9.290000e+00 -3.896348e-04
9.300000e+00 -3.694877e-04
9.310000e+00 -3.490141e-04
9.320000e+00 -3.283060e-04
9.330000e+00 -3.074592e-04
9.340000e+00 -2.865728e-04
9.350000e+00 -2.657483e-04
9.360000e+00 -2.450889e-04
9.370000e+00 -2.246989e-04
9.380000e+00 -2.046826e-04
9.390000e+00 -1.851436e-04
9.400000e+00 -1.661840e-04
9.410000e+00 -1.479037e-04
9.420000e+00 -1.303993e-04
9.430000e+00 -1.137637e-04
9.440000e+00 -9.808535e-05
9.450000e+00 -8.344759e-05
9.460000e+00 -6.992824e-05
9.470000e+00 -5.759909e-05
9.480000e+00 -4.652551e-05
9.490000e+00 -3.676618e-05
9.500000e+00 -2.837281e-05
9.510000e+00 -2.138996e-05
9.520000e+00 -1.585492e-05
9.530000e+00 -1.179756e-05
9.540000e+00 -9.240368e-06
9.550000e+00 -8.198342e-06
9.560000e+00 -8.679043e-06
9.570000e+00 -1.068262e-05
9.580000e+00 -1.420184e-05
9.590000e+00 -1.922222e-05
9.600000e+00 -2.572204e-05
9.610000e+00 -3.367254e-05
9.620000e+00 -4.303806e-05
9.630000e+00 -5.377620e-05
9.640000e+00 -6.583810e-05
9.650000e+00 -7.916868e-05
9.660000e+00 -9.370704e-05
9.670000e+00 -1.093868e-04
9.680000e+00 -1.261366e-04
9.690000e+00 -1.438808e-04
9.700000e+00 -1.625397e-04
9.710000e+00 -1.820308e-04
9.720000e+00 -2.022690e-04
9.730000e+00 -2.231679e-04
9.740000e+00 -2.446405e-04
9.750000e+00 -2.666002e-04
9.760000e+00 -2.889615e-04
9.770000e+00 -3.116414e-04
9.780000e+00 -3.345603e-04
9.790000e+00 -3.576428e-04
9.800000e+00 -3.808186e-04
9.810000e+00 -4.040237e-04
9.820000e+00 -4.272006e-04
9.830000e+00 -4.502996e-04
9.840000e+00 -4.732789e-04
9.850000e+00 -4.961051e-04
9.860000e+00 -5.187536e-04
9.870000e+00 -5.412083e-04
9.880000e+00 -5.634621e-04
9.890000e+00 -5.855159e-04
9.900000e+00 -6.073790e-04
9.910000e+00 -6.290676e-04
9.920000e+00 -6.506049e-04
9.930000e+00 -6.720196e-04
9.940000e+00 -6.933453e-04
9.950000e+00 -7.146194e-04
9.960000e+00 -7.358814e-04
9.970000e+00 -7.571727e-04
9.980000e+00 -7.785343e-04
9.990000e+00 -8.000065e-04
1.000000e+01 -8.216271e-04
