8.018239e-03 9 1.752445e+03
1.659868e-02 64 2.429107e+03
2.586446e-02 157 2.191009e+03
3.529679e-02 292 1.755193e+03
4.513097e-02 529 1.299327e+03
5.555287e-02 820 1.109803e+03
6.539610e-02 1000 9.861277e+02
7.523297e-02 1483 9.046018e+02
8.527687e-02 1792 7.056667e+02
9.513029e-02 2293 6.141371e+02
1.052419e-01 2848 4.897699e+02
1.151206e-01 3232 4.566128e+02
1.250948e-01 4077 4.292487e+02
1.351559e-01 4552 3.779267e+02
1.451184e-01 5377 3.370632e+02
1.550677e-01 5974 2.985001e+02
1.650359e-01 6976 2.593158e+02
1.750550e-01 7717 2.367593e+02
1.850940e-01 8776 2.210285e+02
1.950993e-01 9553 2.051977e+02
2.050639e-01 10660 1.924702e+02
2.150232e-01 11608 1.723259e+02
2.250206e-01 12937 1.560153e+02
2.351002e-01 14062 1.447099e+02
2.450739e-01 15105 1.354352e+02
2.550522e-01 16492 1.279938e+02
2.650604e-01 17821 1.204220e+02
2.750125e-01 18940 1.125103e+02
2.850269e-01 20836 1.045570e+02
2.950518e-01 21949 9.710976e+01
3.050599e-01 23656 9.129096e+01
3.149891e-01 24727 8.693752e+01
3.250379e-01 27400 8.261034e+01
3.350922e-01 28096 7.688227e+01
3.450584e-01 30337 7.315435e+01
3.550604e-01 31696 6.992148e+01
3.650295e-01 33849 6.566074e+01
3.750722e-01 35800 6.281609e+01
3.850647e-01 37348 6.029269e+01
3.950397e-01 39535 5.733998e+01
4.050307e-01 41452 5.433331e+01
4.150177e-01 43669 5.227822e+01
4.250356e-01 45832 4.926480e+01
4.350008e-01 47524 4.781802e+01
4.450186e-01 50761 4.552272e+01
4.550579e-01 52264 4.378566e+01
4.650571e-01 54973 4.219574e+01
4.750553e-01 56890 4.025804e+01
4.849982e-01 59233 3.854651e+01
4.949997e-01 62460 3.714671e+01
5.050400e-01 64660 3.574833e+01
5.150365e-01 67105 3.432750e+01
5.250511e-01 70108 3.312979e+01
5.350611e-01 72421 3.217160e+01
5.450809e-01 75628 3.101888e+01
5.550666e-01 77374 2.995096e+01
5.650248e-01 80965 2.882256e+01
5.750209e-01 83536 2.799733e+01
5.849943e-01 86509 2.708629e+01
5.950118e-01 90088 2.638193e+01
6.050243e-01 92524 2.548273e+01
6.150021e-01 95685 2.455404e+01
6.250268e-01 99460 2.395433e+01
6.350319e-01 101791 2.317815e+01
6.450443e-01 105940 2.244431e+01
6.550363e-01 108040 2.175845e+01
6.650248e-01 112417 2.113569e+01
6.749918e-01 114172 2.048896e+01
6.849838e-01 119989 2.007721e+01
6.950359e-01 122428 1.963803e+01
7.050021e-01 125049 1.887700e+01
7.150185e-01 130682 1.834885e+01
7.250500e-01 132820 1.802447e+01
7.350461e-01 137169 1.763148e+01
7.450354e-01 139912 1.693740e+01
7.550326e-01 145021 1.673219e+01
7.650453e-01 148000 1.624807e+01
7.750260e-01 151840 1.578970e+01
7.849916e-01 155365 1.543198e+01
7.950130e-01 161410 1.509499e+01
8.050563e-01 164341 1.484646e+01
8.150452e-01 167704 1.442841e+01
8.250456e-01 172960 1.406414e+01
8.350307e-01 175597 1.383143e+01
8.450225e-01 181552 1.354765e+01
8.550387e-01 185185 1.327251e+01
8.650410e-01 189576 1.292615e+01
8.750145e-01 192850 1.276464e+01
8.849866e-01 198481 1.247070e+01
8.950163e-01 203908 1.219311e+01
9.050183e-01 206677 1.193704e+01
9.150119e-01 212440 1.163603e+01
9.250146e-01 216544 1.146820e+01
9.350152e-01 221725 1.123789e+01
9.450189e-01 226024 1.102381e+01
9.550021e-01 230515 1.086020e+01
9.650081e-01 236548 1.064781e+01
9.750165e-01 240697 1.040465e+01
9.850258e-01 246264 1.019805e+01
9.950310e-01 250480 1.005658e+01
