8.018239e-03 9 1.689466e+03
1.659868e-02 64 2.249211e+03
2.586446e-02 157 2.054210e+03
3.529679e-02 292 1.697510e+03
4.513097e-02 529 1.326795e+03
5.555287e-02 820 1.086418e+03
6.539610e-02 1000 1.032328e+03
7.523297e-02 1483 8.682661e+02
8.527687e-02 1792 7.311381e+02
9.513029e-02 2293 6.123209e+02
1.052419e-01 2848 5.073265e+02
1.151206e-01 3232 4.591627e+02
1.250948e-01 4077 4.320316e+02
1.351559e-01 4552 3.883424e+02
1.451184e-01 5377 3.416501e+02
1.550677e-01 5974 2.946984e+02
1.650359e-01 6976 2.639214e+02
1.750550e-01 7717 2.435352e+02
1.850940e-01 8776 2.244075e+02
1.950993e-01 9553 2.088289e+02
2.050639e-01 10660 1.891025e+02
2.150232e-01 11608 1.726743e+02
2.250206e-01 12937 1.584973e+02
2.351002e-01 14062 1.442864e+02
2.450739e-01 15105 1.357143e+02
2.550522e-01 16492 1.283312e+02
2.650604e-01 17821 1.218837e+02
2.750125e-01 18940 1.131660e+02
2.850269e-01 20836 1.045574e+02
2.950518e-01 21949 9.606186e+01
3.050599e-01 23656 9.207470e+01
3.149891e-01 24727 8.736178e+01
3.250379e-01 27400 8.256483e+01
3.350922e-01 28096 7.766160e+01
3.450584e-01 30337 7.339793e+01
3.550604e-01 31696 7.017284e+01
3.650295e-01 33849 6.593591e+01
3.750722e-01 35800 6.336444e+01
3.850647e-01 37348 6.007335e+01
3.950397e-01 39535 5.718631e+01
4.050307e-01 41452 5.426194e+01
4.150177e-01 43669 5.215076e+01
4.250356e-01 45832 4.998572e+01
4.350008e-01 47524 4.773377e+01
4.450186e-01 50761 4.541294e+01
4.550579e-01 52264 4.364405e+01
4.650571e-01 54973 4.176252e+01
4.750553e-01 56890 3.992327e+01
4.849982e-01 59233 3.879517e+01
4.949997e-01 62460 3.756993e+01
5.050400e-01 64660 3.583321e+01
5.150365e-01 67105 3.462556e+01
5.250511e-01 70108 3.293524e+01
5.350611e-01 72421 3.221899e+01
5.450809e-01 75628 3.118596e+01
5.550666e-01 77374 2.987535e+01
5.650248e-01 80965 2.886813e+01
5.750209e-01 83536 2.785471e+01
5.849943e-01 86509 2.709241e+01
5.950118e-01 90088 2.624651e+01
6.050243e-01 92524 2.556674e+01
6.150021e-01 95685 2.479202e+01
6.250268e-01 99460 2.386783e+01
6.350319e-01 101791 2.315528e+01
6.450443e-01 105940 2.247041e+01
6.550363e-01 108040 2.188958e+01
6.650248e-01 112417 2.134081e+01
6.749918e-01 114172 2.069879e+01
6.849838e-01 119989 2.004250e+01
6.950359e-01 122428 1.940054e+01
7.050021e-01 125049 1.903860e+01
7.150185e-01 130682 1.859825e+01
7.250500e-01 132820 1.795269e+01
7.350461e-01 137169 1.759898e+01
7.450354e-01 139912 1.712546e+01
7.550326e-01 145021 1.674875e+01
7.650453e-01 148000 1.624895e+01
7.750260e-01 151840 1.597762e+01
7.849916e-01 155365 1.544334e+01
7.950130e-01 161410 1.517141e+01
8.050563e-01 164341 1.468955e+01
8.150452e-01 167704 1.437714e+01
8.250456e-01 172960 1.412106e+01
8.350307e-01 175597 1.402073e+01
8.450225e-01 181552 1.351910e+01
8.550387e-01 185185 1.317824e+01
8.650410e-01 189576 1.304009e+01
8.750145e-01 192850 1.271520e+01
8.849866e-01 198481 1.245858e+01
8.950163e-01 203908 1.222785e+01
9.050183e-01 206677 1.194689e+01
9.150119e-01 212440 1.166333e+01
9.250146e-01 216544 1.144135e+01
9.350152e-01 221725 1.128825e+01
9.450189e-01 226024 1.096736e+01
9.550021e-01 230515 1.083107e+01
9.650081e-01 236548 1.067095e+01
9.750165e-01 240697 1.042386e+01
9.850258e-01 246264 1.020764e+01
9.950310e-01 250480 9.962034e+00
