8.018239e-03 9 3.023802e+03
1.659868e-02 64 3.094111e+03
2.586446e-02 157 2.430490e+03
3.529679e-02 292 1.736717e+03
4.513097e-02 529 1.495582e+03
5.555287e-02 820 1.181652e+03
6.539610e-02 1000 1.026360e+03
7.523297e-02 1483 8.690483e+02
8.527687e-02 1792 7.258076e+02
9.513029e-02 2293 5.813715e+02
1.052419e-01 2848 4.965012e+02
1.151206e-01 3232 4.689180e+02
1.250948e-01 4077 4.344070e+02
1.351559e-01 4552 3.821165e+02
1.451184e-01 5377 3.401772e+02
1.550677e-01 5974 2.940718e+02
1.650359e-01 6976 2.633125e+02
1.750550e-01 7717 2.403424e+02
1.850940e-01 8776 2.223306e+02
1.950993e-01 9553 2.101959e+02
2.050639e-01 10660 1.939588e+02
2.150232e-01 11608 1.717509e+02
2.250206e-01 12937 1.553731e+02
2.351002e-01 14062 1.464351e+02
2.450739e-01 15105 1.350867e+02
2.550522e-01 16492 1.291529e+02
2.650604e-01 17821 1.199606e+02
2.750125e-01 18940 1.124458e+02
2.850269e-01 20836 1.058386e+02
2.950518e-01 21949 9.778782e+01
3.050599e-01 23656 9.136377e+01
3.149891e-01 24727 8.767571e+01
3.250379e-01 27400 8.371646e+01
3.350922e-01 28096 7.759678e+01
3.450584e-01 30337 7.294164e+01
3.550604e-01 31696 7.004238e+01
3.650295e-01 33849 6.583249e+01
3.750722e-01 35800 6.223449e+01
3.850647e-01 37348 5.985154e+01
3.950397e-01 39535 5.660870e+01
4.050307e-01 41452 5.470549e+01
4.150177e-01 43669 5.195565e+01
4.250356e-01 45832 4.941191e+01
4.350008e-01 47524 4.791157e+01
4.450186e-01 50761 4.531755e+01
4.550579e-01 52264 4.321982e+01
4.650571e-01 54973 4.167875e+01
4.750553e-01 56890 4.032333e+01
4.849982e-01 59233 3.860646e+01
4.949997e-01 62460 3.708728e+01
5.050400e-01 64660 3.573712e+01
5.150365e-01 67105 3.455451e+01
5.250511e-01 70108 3.299462e+01
5.350611e-01 72421 3.189102e+01
5.450809e-01 75628 3.124371e+01
5.550666e-01 77374 2.979893e+01
5.650248e-01 80965 2.891521e+01
5.750209e-01 83536 2.797251e+01
5.849943e-01 86509 2.718326e+01
5.950118e-01 90088 2.614903e+01
6.050243e-01 92524 2.557238e+01
6.150021e-01 95685 2.476283e+01
6.250268e-01 99460 2.396161e+01
6.350319e-01 101791 2.323215e+01
6.450443e-01 105940 2.253379e+01
6.550363e-01 108040 2.170138e+01
6.650248e-01 112417 2.115637e+01
6.749918e-01 114172 2.056489e+01
6.849838e-01 119989 2.010082e+01
6.950359e-01 122428 1.958134e+01
7.050021e-01 125049 1.909674e+01
7.150185e-01 130682 1.850964e+01
7.250500e-01 132820 1.814209e+01
7.350461e-01 137169 1.767478e+01
7.450354e-01 139912 1.700657e+01
7.550326e-01 145021 1.669210e+01
7.650453e-01 148000 1.627934e+01
7.750260e-01 151840 1.579260e+01
7.849916e-01 155365 1.540499e+01
7.950130e-01 161410 1.498788e+01
8.050563e-01 164341 1.492299e+01
8.150452e-01 167704 1.450792e+01
8.250456e-01 172960 1.416498e+01
8.350307e-01 175597 1.388064e+01
8.450225e-01 181552 1.352303e+01
8.550387e-01 185185 1.321433e+01
8.650410e-01 189576 1.287172e+01
8.750145e-01 192850 1.272498e+01
8.849866e-01 198481 1.239059e+01
8.950163e-01 203908 1.212913e+01
9.050183e-01 206677 1.187200e+01
9.150119e-01 212440 1.161908e+01
9.250146e-01 216544 1.145778e+01
9.350152e-01 221725 1.122654e+01
9.450189e-01 226024 1.100067e+01
9.550021e-01 230515 1.074133e+01
9.650081e-01 236548 1.069120e+01
9.750165e-01 240697 1.045513e+01
9.850258e-01 246264 1.033876e+01
9.950310e-01 250480 1.003478e+01
