8.018239e-03 9 1.347900e+03
1.659868e-02 64 2.284483e+03
2.586446e-02 157 2.041213e+03
3.529679e-02 292 1.705464e+03
4.513097e-02 529 1.434661e+03
5.555287e-02 820 1.168061e+03
6.539610e-02 1000 1.037967e+03
7.523297e-02 1483 8.687214e+02
8.527687e-02 1792 7.528143e+02
9.513029e-02 2293 5.887496e+02
1.052419e-01 2848 5.178817e+02
1.151206e-01 3232 4.459348e+02
1.250948e-01 4077 4.290540e+02
1.351559e-01 4552 3.908227e+02
1.451184e-01 5377 3.354315e+02
1.550677e-01 5974 2.927643e+02
1.650359e-01 6976 2.601161e+02
1.750550e-01 7717 2.385021e+02
1.850940e-01 8776 2.237460e+02
1.950993e-01 9553 2.110059e+02
2.050639e-01 10660 1.906877e+02
2.150232e-01 11608 1.695066e+02
2.250206e-01 12937 1.566411e+02
2.351002e-01 14062 1.456991e+02
2.450739e-01 15105 1.369111e+02
2.550522e-01 16492 1.273795e+02
2.650604e-01 17821 1.203266e+02
2.750125e-01 18940 1.109456e+02
2.850269e-01 20836 1.042123e+02
2.950518e-01 21949 9.608749e+01
3.050599e-01 23656 9.208244e+01
3.149891e-01 24727 8.667557e+01
3.250379e-01 27400 8.232453e+01
3.350922e-01 28096 7.835735e+01
3.450584e-01 30337 7.376606e+01
3.550604e-01 31696 6.890520e+01
3.650295e-01 33849 6.659521e+01
3.750722e-01 35800 6.239168e+01
3.850647e-01 37348 6.001765e+01
3.950397e-01 39535 5.700153e+01
4.050307e-01 41452 5.425703e+01
4.150177e-01 43669 5.188483e+01
4.250356e-01 45832 4.898963e+01
4.350008e-01 47524 4.757883e+01
4.450186e-01 50761 4.541725e+01
4.550579e-01 52264 4.361459e+01
4.650571e-01 54973 4.171544e+01
4.750553e-01 56890 3.970575e+01
4.849982e-01 59233 3.846292e+01
4.949997e-01 62460 3.710936e+01
5.050400e-01 64660 3.589346e+01
5.150365e-01 67105 3.457263e+01
5.250511e-01 70108 3.305990e+01
5.350611e-01 72421 3.185707e+01
5.450809e-01 75628 3.101527e+01
5.550666e-01 77374 2.999759e+01
5.650248e-01 80965 2.908513e+01
5.750209e-01 83536 2.781714e+01
5.849943e-01 86509 2.698735e+01
5.950118e-01 90088 2.603154e+01
6.050243e-01 92524 2.531533e+01
6.150021e-01 95685 2.465334e+01
6.250268e-01 99460 2.371680e+01
6.350319e-01 101791 2.323675e+01
6.450443e-01 105940 2.226149e+01
6.550363e-01 108040 2.172358e+01
6.650248e-01 112417 2.118489e+01
6.749918e-01 114172 2.064958e+01
6.849838e-01 119989 1.995772e+01
6.950359e-01 122428 1.950457e+01
7.050021e-01 125049 1.902349e+01
7.150185e-01 130682 1.848646e+01
7.250500e-01 132820 1.795906e+01
7.350461e-01 137169 1.757795e+01
7.450354e-01 139912 1.707639e+01
7.550326e-01 145021 1.665909e+01
7.650453e-01 148000 1.628268e+01
7.750260e-01 151840 1.586680e+01
7.849916e-01 155365 1.555992e+01
7.950130e-01 161410 1.508302e+01
8.050563e-01 164341 1.477602e+01
8.150452e-01 167704 1.443062e+01
8.250456e-01 172960 1.414175e+01
8.350307e-01 175597 1.382551e+01
8.450225e-01 181552 1.345725e+01
8.550387e-01 185185 1.323161e+01
8.650410e-01 189576 1.300450e+01
8.750145e-01 192850 1.268312e+01
8.849866e-01 198481 1.239615e+01
8.950163e-01 203908 1.212678e+01
9.050183e-01 206677 1.197628e+01
9.150119e-01 212440 1.172604e+01
9.250146e-01 216544 1.146768e+01
9.350152e-01 221725 1.121729e+01
9.450189e-01 226024 1.097652e+01
9.550021e-01 230515 1.083311e+01
9.650081e-01 236548 1.060686e+01
9.750165e-01 240697 1.037250e+01
9.850258e-01 246264 1.017538e+01
9.950310e-01 250480 9.953409e+00
