# h 0.705000
# omega_m 0.273000
# omega_b 0.045600
1.000000e-04 5.617200e+02
1.020200e-04 5.726030e+02
1.040800e-04 5.836923e+02
1.061800e-04 5.949876e+02
1.083300e-04 6.065422e+02
1.105200e-04 6.183019e+02
1.127500e-04 6.302664e+02
1.150300e-04 6.424890e+02
1.173500e-04 6.549156e+02
1.197200e-04 6.675993e+02
1.221400e-04 6.805398e+02
1.246100e-04 6.937365e+02
1.271200e-04 7.071356e+02
1.296900e-04 7.208435e+02
1.323100e-04 7.348062e+02
1.349900e-04 7.490765e+02
1.377100e-04 7.635475e+02
1.404900e-04 7.783251e+02
1.433300e-04 7.934087e+02
1.462300e-04 8.087978e+02
1.491800e-04 8.244388e+02
1.522000e-04 8.404372e+02
1.552700e-04 8.566863e+02
1.584100e-04 8.732916e+02
1.616100e-04 8.901994e+02
1.648700e-04 9.074093e+02
1.682000e-04 9.249734e+02
1.716000e-04 9.428909e+02
1.750700e-04 9.611612e+02
1.786000e-04 9.797311e+02
1.822100e-04 9.987049e+02
1.858900e-04 1.018029e+03
1.896500e-04 1.037756e+03
1.934800e-04 1.057833e+03
1.973900e-04 1.078310e+03
2.013800e-04 1.099187e+03
2.054400e-04 1.120411e+03
2.095900e-04 1.142086e+03
2.138300e-04 1.164211e+03
2.181500e-04 1.186732e+03
2.225500e-04 1.209649e+03
2.270500e-04 1.233065e+03
2.316400e-04 1.256927e+03
2.363200e-04 1.281234e+03
2.410900e-04 1.305985e+03
2.459600e-04 1.331231e+03
2.509300e-04 1.356971e+03
2.560000e-04 1.383203e+03
2.611700e-04 1.409927e+03
2.664500e-04 1.437192e+03
2.718300e-04 1.464947e+03
2.773200e-04 1.493241e+03
2.829200e-04 1.522074e+03
2.886400e-04 1.551494e+03
2.944700e-04 1.581450e+03
3.004200e-04 1.611991e+03
3.064900e-04 1.643117e+03
3.126800e-04 1.674824e+03
3.189900e-04 1.707113e+03
3.254400e-04 1.740083e+03
3.320100e-04 1.773631e+03
3.387200e-04 1.807857e+03
3.455600e-04 1.842708e+03
3.525400e-04 1.878234e+03
3.596600e-04 1.914432e+03
3.669300e-04 1.951351e+03
3.743400e-04 1.988939e+03
3.819000e-04 2.027245e+03
3.896200e-04 2.066315e+03
3.974900e-04 2.106099e+03
4.055200e-04 2.146643e+03
4.137100e-04 2.187946e+03
4.220700e-04 2.230056e+03
4.306000e-04 2.272969e+03
4.392900e-04 2.316633e+03
4.481700e-04 2.361196e+03
4.572200e-04 2.406554e+03
4.664600e-04 2.452805e+03
4.758800e-04 2.499896e+03
4.855000e-04 2.547923e+03
4.953000e-04 2.596783e+03
5.053100e-04 2.646623e+03
5.155200e-04 2.697388e+03
5.259300e-04 2.749075e+03
5.365600e-04 2.801779e+03
5.473900e-04 2.855398e+03
5.584500e-04 2.910075e+03
5.697300e-04 2.965758e+03
5.812400e-04 3.022489e+03
5.929900e-04 3.080315e+03
6.049600e-04 3.139131e+03
6.171900e-04 3.199129e+03
6.296500e-04 3.260157e+03
6.423700e-04 3.322357e+03
6.553500e-04 3.385721e+03
6.685900e-04 3.450245e+03
6.821000e-04 3.515971e+03
6.958800e-04 3.582891e+03
7.099300e-04 3.651001e+03
7.242700e-04 3.720389e+03
7.389100e-04 3.791097e+03
7.538300e-04 3.863020e+03
7.690600e-04 3.936295e+03
7.846000e-04 4.010914e+03
8.004500e-04 4.086868e+03
8.166200e-04 4.164197e+03
8.331100e-04 4.242890e+03
8.499400e-04 4.323034e+03
8.671100e-04 4.404619e+03
8.846300e-04 4.487682e+03
9.025000e-04 4.572211e+03
9.207300e-04 4.658243e+03
9.393300e-04 4.745813e+03
9.583100e-04 4.834955e+03
9.776700e-04 4.925657e+03
9.974200e-04 5.017952e+03
1.017600e-03 5.112013e+03
1.038100e-03 5.207314e+03
1.059100e-03 5.304676e+03
1.080500e-03 5.403618e+03
1.102300e-03 5.504125e+03
1.124600e-03 5.606642e+03
1.147300e-03 5.710689e+03
1.170500e-03 5.816708e+03
1.194100e-03 5.924222e+03
1.218200e-03 6.033668e+03
1.242900e-03 6.145477e+03
1.268000e-03 6.258721e+03
1.293600e-03 6.373831e+03
1.319700e-03 6.490784e+03
1.346400e-03 6.610002e+03
1.373600e-03 6.731013e+03
1.401300e-03 6.853793e+03
1.429600e-03 6.978758e+03
1.458500e-03 7.105877e+03
1.488000e-03 7.235119e+03
1.518000e-03 7.366018e+03
1.548700e-03 7.499415e+03
1.580000e-03 7.634840e+03
1.611900e-03 7.772259e+03
1.644500e-03 7.912066e+03
1.677700e-03 8.053797e+03
1.711600e-03 8.197839e+03
1.746200e-03 8.344151e+03
1.781400e-03 8.492271e+03
1.817400e-03 8.642999e+03
1.854100e-03 8.795868e+03
1.891600e-03 8.951247e+03
1.929800e-03 9.108674e+03
1.968800e-03 9.268511e+03
2.008600e-03 9.430706e+03
2.049100e-03 9.594801e+03
2.090500e-03 9.761550e+03
2.132800e-03 9.930892e+03
2.175800e-03 1.010197e+04
2.219800e-03 1.027591e+04
2.264600e-03 1.045187e+04
2.310400e-03 1.063055e+04
2.357100e-03 1.081151e+04
2.404700e-03 1.099466e+04
2.453300e-03 1.118033e+04
2.502800e-03 1.136805e+04
2.553400e-03 1.155851e+04
2.605000e-03 1.175125e+04
2.657600e-03 1.194618e+04
2.711300e-03 1.214359e+04
2.766000e-03 1.234302e+04
2.821900e-03 1.254512e+04
2.878900e-03 1.274942e+04
2.937100e-03 1.295618e+04
2.996400e-03 1.316495e+04
3.056900e-03 1.337598e+04
3.118700e-03 1.358951e+04
3.181700e-03 1.380507e+04
3.246000e-03 1.402291e+04
3.311500e-03 1.424257e+04
3.378400e-03 1.446460e+04
3.446700e-03 1.468887e+04
3.516300e-03 1.491493e+04
3.587400e-03 1.514329e+04
3.659800e-03 1.537318e+04
3.733800e-03 1.560542e+04
3.809200e-03 1.583924e+04
3.886100e-03 1.607480e+04
3.964600e-03 1.631226e+04
4.044700e-03 1.655147e+04
4.126400e-03 1.679227e+04
4.209800e-03 1.703479e+04
4.294800e-03 1.727858e+04
4.381600e-03 1.752404e+04
4.470100e-03 1.777072e+04
4.560400e-03 1.801873e+04
4.652500e-03 1.826787e+04
4.746500e-03 1.851824e+04
4.842400e-03 1.876964e+04
4.940200e-03 1.902189e+04
5.040000e-03 1.927504e+04
5.141900e-03 1.952914e+04
5.245700e-03 1.978349e+04
5.351700e-03 2.003862e+04
5.459800e-03 2.029407e+04
5.570100e-03 2.054985e+04
5.682600e-03 2.080575e+04
5.797400e-03 2.106176e+04
5.914500e-03 2.131766e+04
6.034000e-03 2.157342e+04
6.155900e-03 2.182880e+04
6.280300e-03 2.208377e+04
6.407200e-03 2.233806e+04
6.536600e-03 2.259144e+04
6.668600e-03 2.284385e+04
6.803300e-03 2.309520e+04
6.940800e-03 2.334542e+04
7.081000e-03 2.359404e+04
7.224000e-03 2.384098e+04
7.370000e-03 2.408628e+04
7.518900e-03 2.432950e+04
7.670800e-03 2.457051e+04
7.825700e-03 2.480900e+04
7.983800e-03 2.504500e+04
8.145100e-03 2.527818e+04
8.309600e-03 2.550823e+04
8.477500e-03 2.573512e+04
8.648800e-03 2.595851e+04
8.823500e-03 2.617807e+04
9.001700e-03 2.639361e+04
9.183600e-03 2.660501e+04
9.369100e-03 2.681181e+04
9.558300e-03 2.701376e+04
9.751400e-03 2.721073e+04
9.948400e-03 2.740234e+04
1.014900e-02 2.758794e+04
1.035400e-02 2.776789e+04
1.056400e-02 2.794224e+04
1.077700e-02 2.810897e+04
1.099500e-02 2.826927e+04
1.121700e-02 2.842198e+04
1.144300e-02 2.856674e+04
1.167500e-02 2.870433e+04
1.191000e-02 2.883258e+04
1.215100e-02 2.895270e+04
1.239700e-02 2.906368e+04
1.264700e-02 2.916467e+04
1.290200e-02 2.925571e+04
1.316300e-02 2.933665e+04
1.342900e-02 2.940672e+04
1.370000e-02 2.946551e+04
1.397700e-02 2.951282e+04
1.425900e-02 2.954805e+04
1.454700e-02 2.957095e+04
1.484100e-02 2.958111e+04
1.514100e-02 2.957815e+04
1.544700e-02 2.956175e+04
1.575900e-02 2.953160e+04
1.607700e-02 2.948750e+04
1.640200e-02 2.942906e+04
1.673400e-02 2.935606e+04
1.707200e-02 2.926862e+04
1.741600e-02 2.916677e+04
1.776800e-02 2.904992e+04
1.812700e-02 2.891843e+04
1.849300e-02 2.877248e+04
1.886700e-02 2.861189e+04
1.924800e-02 2.843737e+04
1.963700e-02 2.824888e+04
2.003400e-02 2.804685e+04
2.043800e-02 2.783236e+04
2.085100e-02 2.760495e+04
2.127200e-02 2.736584e+04
2.170200e-02 2.711519e+04
2.214100e-02 2.685376e+04
2.258800e-02 2.658298e+04
2.304400e-02 2.630312e+04
2.351000e-02 2.601445e+04
2.398500e-02 2.571848e+04
2.446900e-02 2.541613e+04
2.496400e-02 2.510704e+04
2.546800e-02 2.479335e+04
2.598200e-02 2.447531e+04
2.650700e-02 2.415312e+04
2.704300e-02 2.382761e+04
2.758900e-02 2.350013e+04
2.814600e-02 2.317081e+04
2.871500e-02 2.283972e+04
2.929500e-02 2.250808e+04
2.988700e-02 2.217589e+04
3.049000e-02 2.184424e+04
3.110600e-02 2.151250e+04
3.173500e-02 2.118115e+04
3.237600e-02 2.085109e+04
3.303000e-02 2.052217e+04
3.369700e-02 2.019472e+04
3.437800e-02 1.986853e+04
3.507200e-02 1.954435e+04
3.578100e-02 1.922150e+04
3.650400e-02 1.890066e+04
3.724100e-02 1.858201e+04
3.799300e-02 1.826530e+04
3.876100e-02 1.795030e+04
3.954400e-02 1.763759e+04
4.034300e-02 1.732692e+04
4.115800e-02 1.701844e+04
4.198900e-02 1.671230e+04
4.283800e-02 1.640790e+04
4.370300e-02 1.610611e+04
4.458600e-02 1.580636e+04
4.548600e-02 1.550913e+04
4.640500e-02 1.521391e+04
4.734300e-02 1.492085e+04
4.829900e-02 1.463041e+04
4.927500e-02 1.434212e+04
5.027000e-02 1.405643e+04
5.128600e-02 1.377291e+04
5.232200e-02 1.349201e+04
5.337900e-02 1.321360e+04
5.445700e-02 1.293782e+04
5.555700e-02 1.266459e+04
5.668000e-02 1.239382e+04
5.782500e-02 1.212591e+04
5.899300e-02 1.186078e+04
6.018400e-02 1.159857e+04
6.140000e-02 1.133900e+04
6.264100e-02 1.108225e+04
6.390600e-02 1.082866e+04
6.519700e-02 1.057799e+04
6.651400e-02 1.033039e+04
6.785800e-02 1.008581e+04
6.922900e-02 9.844420e+03
7.062700e-02 9.606339e+03
7.205400e-02 9.371371e+03
7.351000e-02 9.139661e+03
7.499400e-02 8.911490e+03
7.650900e-02 8.686524e+03
7.805500e-02 8.464900e+03
7.963200e-02 8.246738e+03
8.124100e-02 8.032019e+03
8.288200e-02 7.820853e+03
8.455600e-02 7.613215e+03
8.626400e-02 7.409086e+03
8.800700e-02 7.208451e+03
8.978500e-02 7.011406e+03
9.159800e-02 6.818037e+03
9.344900e-02 6.628113e+03
9.533700e-02 6.441823e+03
9.726300e-02 6.259144e+03
9.922700e-02 6.080142e+03
1.012300e-01 5.904786e+03
1.032800e-01 5.732471e+03
1.053600e-01 5.564661e+03
1.074900e-01 5.399781e+03
1.096600e-01 5.238679e+03
1.118800e-01 5.080676e+03
1.141400e-01 4.926531e+03
1.164400e-01 4.776239e+03
1.188000e-01 4.628560e+03
1.212000e-01 4.484803e+03
1.236500e-01 4.344370e+03
1.261400e-01 4.207830e+03
1.286900e-01 4.074109e+03
1.312900e-01 3.943777e+03
1.339400e-01 3.816836e+03
1.366500e-01 3.692831e+03
1.394100e-01 3.572233e+03
1.422300e-01 3.454611e+03
1.451000e-01 3.340376e+03
1.480300e-01 3.229117e+03
1.510200e-01 3.120842e+03
1.540700e-01 3.015546e+03
1.571800e-01 2.913220e+03
1.603600e-01 2.813538e+03
1.636000e-01 2.716812e+03
1.669000e-01 2.623008e+03
1.702800e-01 2.531561e+03
1.737100e-01 2.443257e+03
1.772200e-01 2.357293e+03
1.808000e-01 2.273915e+03
1.844600e-01 2.192881e+03
1.881800e-01 2.114604e+03
1.919800e-01 2.038627e+03
1.958600e-01 1.964941e+03
1.998200e-01 1.893528e+03
2.038600e-01 1.824366e+03
2.079700e-01 1.757588e+03
2.121800e-01 1.692686e+03
2.164600e-01 1.630100e+03
2.208300e-01 1.569498e+03
2.253000e-01 1.510730e+03
2.298500e-01 1.454034e+03
2.344900e-01 1.399246e+03
2.392300e-01 1.346224e+03
2.440600e-01 1.295052e+03
2.489900e-01 1.245595e+03
2.540200e-01 1.197825e+03
2.591500e-01 1.151716e+03
2.643900e-01 1.107151e+03
2.697300e-01 1.064189e+03
2.751800e-01 1.022720e+03
2.807400e-01 9.827158e+02
2.864100e-01 9.441491e+02
2.921900e-01 9.069887e+02
2.981000e-01 8.710837e+02
3.041200e-01 8.365314e+02
3.102600e-01 8.032427e+02
3.165300e-01 7.711396e+02
3.229200e-01 7.402477e+02
3.294500e-01 7.104468e+02
3.361000e-01 6.818032e+02
3.428900e-01 6.542041e+02
3.498200e-01 6.276288e+02
3.568900e-01 6.020546e+02
3.640900e-01 5.774908e+02
3.714500e-01 5.538132e+02
3.789500e-01 5.310656e+02
3.866100e-01 5.091657e+02
3.944200e-01 4.881221e+02
4.023900e-01 4.678865e+02
4.105200e-01 4.484390e+02
4.188100e-01 4.297588e+02
4.272700e-01 4.118040e+02
4.359000e-01 3.945560e+02
4.447100e-01 3.779776e+02
4.536900e-01 3.620694e+02
4.628600e-01 3.467787e+02
4.722100e-01 3.321060e+02
4.817400e-01 3.180329e+02
4.914800e-01 3.045002e+02
5.014100e-01 2.915218e+02
5.115300e-01 2.790806e+02
5.218700e-01 2.671255e+02
5.324100e-01 2.556664e+02
5.431700e-01 2.446676e+02
5.541400e-01 2.341260e+02
5.653300e-01 2.240183e+02
5.767500e-01 2.143232e+02
5.884000e-01 2.050288e+02
6.002900e-01 1.961158e+02
6.124200e-01 1.875731e+02
6.247900e-01 1.793894e+02
6.374100e-01 1.715473e+02
6.502900e-01 1.640304e+02
6.634200e-01 1.568345e+02
6.768300e-01 1.499338e+02
6.905000e-01 1.433294e+02
7.044500e-01 1.370026e+02
7.186800e-01 1.309447e+02
7.332000e-01 1.251433e+02
7.480100e-01 1.195901e+02
7.631200e-01 1.142737e+02
7.785400e-01 1.091832e+02
7.942600e-01 1.043146e+02
8.103100e-01 9.965160e+01
8.266800e-01 9.519065e+01
8.433800e-01 9.092246e+01
8.604100e-01 8.684061e+01
8.778000e-01 8.293214e+01
8.955300e-01 7.919588e+01
9.136200e-01 7.562187e+01
9.320800e-01 7.220292e+01
9.509100e-01 6.893393e+01
9.701100e-01 6.580974e+01
9.897100e-01 6.282074e+01
1.009700e+00 5.996398e+01
1.030100e+00 5.723220e+01
1.050900e+00 5.462246e+01
1.072100e+00 5.213032e+01
1.093800e+00 4.974068e+01
1.115900e+00 4.746118e+01
1.138400e+00 4.528736e+01
1.161400e+00 4.320610e+01
1.184900e+00 4.121477e+01
1.208800e+00 3.931835e+01
1.233300e+00 3.749821e+01
1.258200e+00 3.576642e+01
1.283600e+00 3.411252e+01
1.309500e+00 3.253372e+01
1.336000e+00 3.102169e+01
1.363000e+00 2.957988e+01
1.390500e+00 2.820547e+01
1.418600e+00 2.689116e+01
1.447200e+00 2.563933e+01
1.476500e+00 2.443935e+01
1.506300e+00 2.329752e+01
1.536700e+00 2.220770e+01
1.567800e+00 2.116475e+01
1.599400e+00 2.017345e+01
1.631800e+00 1.922279e+01
1.664700e+00 1.831995e+01
1.698400e+00 1.745507e+01
1.732700e+00 1.663192e+01
1.767700e+00 1.584649e+01
1.803400e+00 1.509739e+01
1.839800e+00 1.438326e+01
1.877000e+00 1.370094e+01
1.914900e+00 1.305110e+01
1.953600e+00 1.243082e+01
1.993000e+00 1.184052e+01
2.033300e+00 1.127619e+01
2.074400e+00 1.073833e+01
2.116300e+00 1.022591e+01
2.159000e+00 9.737900e+00
2.202600e+00 9.272268e+00
2.247100e+00 8.828223e+00
2.292500e+00 8.404969e+00
2.338800e+00 8.001713e+00
2.386100e+00 7.616878e+00
2.434300e+00 7.250573e+00
2.483500e+00 6.901330e+00
2.533600e+00 6.569161e+00
2.584800e+00 6.252113e+00
2.637000e+00 5.950245e+00
2.690300e+00 5.662414e+00
2.744700e+00 5.388113e+00
2.800100e+00 5.127287e+00
2.856700e+00 4.878488e+00
2.914400e+00 4.641697e+00
2.973300e+00 4.416046e+00
3.033300e+00 4.201463e+00
3.094600e+00 3.996817e+00
3.157100e+00 3.802065e+00
3.220900e+00 3.616516e+00
3.286000e+00 3.439824e+00
3.352300e+00 3.271886e+00
3.420100e+00 3.111624e+00
3.489200e+00 2.959219e+00
3.559600e+00 2.814334e+00
3.631600e+00 2.676080e+00
3.704900e+00 2.544767e+00
3.779800e+00 2.419588e+00
3.856100e+00 2.300630e+00
3.934000e+00 2.187333e+00
4.013500e+00 2.079485e+00
4.094600e+00 1.976870e+00
4.177300e+00 1.879277e+00
4.261700e+00 1.786388e+00
4.347800e+00 1.698019e+00
4.435600e+00 1.613984e+00
4.525200e+00 1.534017e+00
4.616600e+00 1.457954e+00
4.709900e+00 1.385561e+00
4.805000e+00 1.316764e+00
4.902100e+00 1.251277e+00
5.001100e+00 1.189032e+00
5.102100e+00 1.129835e+00
5.205200e+00 1.073507e+00
5.310400e+00 1.019935e+00
5.417600e+00 9.690541e-01
5.527100e+00 9.206142e-01
5.638700e+00 8.746042e-01
5.752600e+00 8.308418e-01
5.868900e+00 7.892022e-01
5.987400e+00 7.496675e-01
6.108400e+00 7.120520e-01
6.231800e+00 6.763092e-01
6.357700e+00 6.423329e-01
6.486100e+00 6.100497e-01
6.617100e+00 5.793645e-01
6.750800e+00 5.501896e-01
6.887200e+00 5.224638e-01
7.026300e+00 4.961260e-01
7.168200e+00 4.710994e-01
7.313000e+00 4.473127e-01
7.460800e+00 4.246997e-01
7.611500e+00 4.032266e-01
7.765300e+00 3.828176e-01
7.922100e+00 3.634409e-01
8.082200e+00 3.450173e-01
8.245400e+00 3.275296e-01
8.412000e+00 3.109068e-01
8.581900e+00 2.951229e-01
8.755300e+00 2.801245e-01
8.932200e+00 2.658790e-01
9.112600e+00 2.523544e-01
9.296700e+00 2.395055e-01
9.484500e+00 2.273040e-01
9.676100e+00 2.157162e-01
9.871600e+00 2.047105e-01
1.007100e+01 1.942621e-01
1.027400e+01 1.843608e-01
1.048200e+01 1.749186e-01
1.069400e+01 1.659628e-01
1.091000e+01 1.574713e-01
1.113000e+01 1.494221e-01
1.135500e+01 1.417611e-01
1.158400e+01 1.345052e-01
1.181800e+01 1.276058e-01
1.205700e+01 1.210491e-01
1.230100e+01 1.148215e-01
1.254900e+01 1.089323e-01
1.280300e+01 1.033206e-01
1.306100e+01 9.801747e-02
1.332500e+01 9.296890e-02
1.359400e+01 8.818339e-02
1.386900e+01 8.363256e-02
1.414900e+01 7.932250e-02
1.443500e+01 7.522748e-02
1.472700e+01 7.133891e-02
1.502400e+01 6.766013e-02
1.532800e+01 6.415793e-02
1.563700e+01 6.084710e-02
1.595300e+01 5.769803e-02
1.627500e+01 5.471379e-02
1.660400e+01 5.187824e-02
1.694000e+01 4.918552e-02
1.728200e+01 4.663698e-02
1.763100e+01 4.421860e-02
1.798700e+01 4.192474e-02
1.835100e+01 3.974408e-02
1.872100e+01 3.768313e-02
1.909900e+01 3.572537e-02
1.948500e+01 3.386668e-02
1.987900e+01 3.210297e-02
2.028000e+01 3.043416e-02
2.069000e+01 2.884794e-02
2.110800e+01 2.734465e-02
2.153500e+01 2.591723e-02
2.197000e+01 2.456558e-02
2.241300e+01 2.328601e-02
2.286600e+01 2.206976e-02
2.332800e+01 2.091686e-02
2.379900e+01 1.982443e-02
2.428000e+01 1.878756e-02
2.477100e+01 1.780393e-02
2.527100e+01 1.687305e-02
2.578200e+01 1.598892e-02
2.630200e+01 1.515281e-02
2.683400e+01 1.435789e-02
2.737600e+01 1.360536e-02
2.792900e+01 1.289190e-02
2.849300e+01 1.221575e-02
2.906900e+01 1.157413e-02
2.965600e+01 1.096659e-02
3.025500e+01 1.039056e-02
3.086600e+01 9.844637e-03
3.149000e+01 9.326655e-03
3.212600e+01 8.836178e-03
3.277500e+01 8.371195e-03
3.343700e+01 7.930571e-03
3.411200e+01 7.513190e-03
3.480100e+01 7.117408e-03
3.550400e+01 6.742281e-03
3.622200e+01 6.386401e-03
3.695300e+01 6.049846e-03
3.770000e+01 5.730387e-03
3.846200e+01 5.427717e-03
3.923900e+01 5.141064e-03
4.003100e+01 4.869675e-03
4.084000e+01 4.612203e-03
4.166500e+01 4.368350e-03
4.250700e+01 4.137214e-03
4.336500e+01 3.918475e-03
4.424100e+01 3.711068e-03
4.513500e+01 3.514502e-03
4.604700e+01 3.328292e-03
4.697700e+01 3.151961e-03
4.792600e+01 2.984875e-03
4.889400e+01 2.826615e-03
4.988200e+01 2.676627e-03
5.089000e+01 2.534543e-03
5.191800e+01 2.399999e-03
5.296600e+01 2.272643e-03
5.403600e+01 2.151911e-03
5.512800e+01 2.037514e-03
5.624200e+01 1.929167e-03
5.737800e+01 1.826591e-03
5.853700e+01 1.729432e-03
5.972000e+01 1.637365e-03
6.092600e+01 1.550234e-03
6.215700e+01 1.467670e-03
6.341200e+01 1.389529e-03
6.469300e+01 1.315488e-03
6.600000e+01 1.245363e-03
6.733400e+01 1.178925e-03
6.869400e+01 1.116055e-03
7.008200e+01 1.056496e-03
7.149700e+01 1.000138e-03
7.294200e+01 9.467183e-04
7.441500e+01 8.961758e-04
7.591800e+01 8.483088e-04
7.745200e+01 8.029660e-04
7.901700e+01 7.600335e-04
8.061300e+01 7.193993e-04
8.224100e+01 6.809311e-04
8.390300e+01 6.444852e-04
8.559800e+01 6.099911e-04
8.732700e+01 5.773378e-04
8.909100e+01 5.464220e-04
9.089100e+01 5.171472e-04
9.272700e+01 4.894381e-04
9.460000e+01 4.632071e-04
9.651100e+01 4.383727e-04
9.846100e+01 4.148583e-04
1.004500e+02 3.926032e-04
1.024800e+02 3.715277e-04
1.045500e+02 3.515874e-04
1.066600e+02 3.327277e-04
1.088200e+02 3.148153e-04
1.110100e+02 2.979644e-04
1.132600e+02 2.819015e-04
1.155400e+02 2.667999e-04
1.178800e+02 2.524199e-04
1.202600e+02 2.388518e-04
1.226900e+02 2.259997e-04
1.251700e+02 2.138316e-04
1.277000e+02 2.023161e-04
1.302800e+02 1.914225e-04
1.329100e+02 1.811207e-04
1.355900e+02 1.713816e-04
1.383300e+02 1.621445e-04
1.411300e+02 1.533890e-04
1.439800e+02 1.451228e-04
1.468900e+02 1.372937e-04
1.498500e+02 1.299063e-04
1.528800e+02 1.228915e-04
1.559700e+02 1.162564e-04
1.591200e+02 1.099828e-04
1.623300e+02 1.040526e-04
1.656100e+02 9.843213e-05
1.689600e+02 9.310826e-05
1.723700e+02 8.808211e-05
1.758500e+02 8.332458e-05
1.794100e+02 7.881103e-05
1.830300e+02 7.455461e-05
1.867300e+02 7.051979e-05
1.905000e+02 6.670710e-05
1.943500e+02 6.309618e-05
1.982800e+02 5.967808e-05
2.022800e+02 5.645175e-05
2.063700e+02 5.339242e-05
2.105400e+02 5.050002e-05
2.147900e+02 4.776632e-05
2.191300e+02 4.517759e-05
2.235600e+02 4.272737e-05
2.280700e+02 4.041424e-05
2.326800e+02 3.822171e-05
2.373800e+02 3.614901e-05
2.421700e+02 3.419022e-05
2.470700e+02 3.233228e-05
2.520600e+02 3.057802e-05
2.571500e+02 2.891882e-05
2.623400e+02 2.735011e-05
2.676400e+02 2.586477e-05
2.730500e+02 2.445905e-05
2.785700e+02 2.312930e-05
2.841900e+02 2.187406e-05
2.899400e+02 2.068339e-05
2.957900e+02 1.956030e-05
3.017700e+02 1.849593e-05
3.078600e+02 1.749099e-05
3.140800e+02 1.653941e-05
3.204300e+02 1.563882e-05
3.269000e+02 1.478816e-05
3.335100e+02 1.398250e-05
3.402400e+02 1.322207e-05
3.471200e+02 1.250141e-05
3.541300e+02 1.182075e-05
3.612800e+02 1.117716e-05
3.685800e+02 1.056803e-05
3.760300e+02 9.991795e-06
3.836200e+02 9.447605e-06
3.913700e+02 8.932517e-06
3.992800e+02 8.445213e-06
4.073400e+02 7.984946e-06
4.155700e+02 7.549308e-06
4.239700e+02 7.137181e-06
4.325300e+02 6.747908e-06
4.412700e+02 6.379504e-06
4.501900e+02 6.031020e-06
4.592800e+02 5.701869e-06
4.685600e+02 5.390415e-06
4.780200e+02 5.096143e-06
4.876800e+02 4.817634e-06
4.975300e+02 4.554431e-06
5.075800e+02 4.305537e-06
5.178400e+02 4.070047e-06
5.283000e+02 3.847547e-06
5.389700e+02 3.637198e-06
5.498600e+02 3.438233e-06
5.609700e+02 3.250119e-06
5.723000e+02 3.072333e-06
5.838600e+02 2.904225e-06
5.956500e+02 2.745333e-06
6.076900e+02 2.594965e-06
6.199600e+02 2.452956e-06
6.324900e+02 2.318569e-06
6.452600e+02 2.191649e-06
6.583000e+02 2.071548e-06
6.716000e+02 1.958038e-06
6.851600e+02 1.850795e-06
6.990100e+02 1.749295e-06
7.131300e+02 1.653409e-06
7.275300e+02 1.562796e-06
7.422300e+02 1.477083e-06
7.572200e+02 1.396093e-06
7.725200e+02 1.319497e-06
7.881300e+02 1.247087e-06
8.040500e+02 1.178662e-06
8.202900e+02 1.113987e-06
8.368600e+02 1.052843e-06
8.537700e+02 9.950286e-07
8.710100e+02 9.404157e-07
8.886100e+02 8.887585e-07
9.065600e+02 8.399456e-07
9.248800e+02 7.937884e-07
9.435600e+02 7.501836e-07
9.626200e+02 7.089619e-07
9.820700e+02 6.699895e-07
1.001900e+03 6.331770e-07
1.022100e+03 5.984319e-07
1.042800e+03 5.654462e-07
1.063900e+03 5.343011e-07
1.085400e+03 5.049024e-07
1.107300e+03 4.771590e-07
1.129600e+03 4.509834e-07
1.152500e+03 4.260820e-07
1.175700e+03 4.027112e-07
1.199500e+03 3.804996e-07
1.223700e+03 3.595779e-07
1.248500e+03 3.397174e-07
1.273700e+03 3.210244e-07
1.299400e+03 3.033630e-07
1.325700e+03 2.866210e-07
1.352400e+03 2.708756e-07
1.379800e+03 2.559077e-07
1.407600e+03 2.418404e-07
1.436100e+03 2.284814e-07
1.465100e+03 2.158906e-07
1.494700e+03 2.039864e-07
1.524900e+03 1.927363e-07
1.555700e+03 1.821085e-07
1.587100e+03 1.720721e-07
1.619200e+03 1.625686e-07
1.651900e+03 1.536017e-07
1.685200e+03 1.451430e-07
1.719300e+03 1.371198e-07
1.754000e+03 1.295580e-07
1.789400e+03 1.224122e-07
1.825600e+03 1.156443e-07
1.862500e+03 1.092550e-07
1.900100e+03 1.032250e-07
1.938500e+03 9.752118e-08
1.977600e+03 9.214187e-08
2.017600e+03 8.704494e-08
2.058300e+03 8.224169e-08
2.099900e+03 7.769458e-08
2.142400e+03 7.339253e-08
2.185600e+03 6.934259e-08
2.229800e+03 6.550487e-08
2.274800e+03 6.188632e-08
2.320800e+03 5.846064e-08
2.367700e+03 5.522616e-08
2.415500e+03 5.217318e-08
2.464300e+03 4.928661e-08
2.514100e+03 4.655864e-08
2.564900e+03 4.398165e-08
2.616700e+03 4.154817e-08
2.669500e+03 3.925098e-08
2.723500e+03 3.707530e-08
2.778500e+03 3.502328e-08
2.834600e+03 3.308494e-08
2.891900e+03 3.125157e-08
2.950300e+03 2.952125e-08
3.009900e+03 2.788598e-08
3.070700e+03 2.634120e-08
3.132700e+03 2.488245e-08
3.196000e+03 2.350331e-08
3.260600e+03 2.220004e-08
3.326400e+03 2.097078e-08
3.393600e+03 1.980826e-08
3.462200e+03 1.870939e-08
3.532100e+03 1.767259e-08
3.603500e+03 1.669196e-08
3.676300e+03 1.576616e-08
3.750600e+03 1.489127e-08
3.826300e+03 1.406590e-08
3.903600e+03 1.328549e-08
3.982500e+03 1.254794e-08
4.062900e+03 1.185204e-08
4.145000e+03 1.119407e-08
4.228700e+03 1.057298e-08
4.314200e+03 9.985549e-09
4.401300e+03 9.431482e-09
4.490200e+03 8.907862e-09
4.580900e+03 8.413234e-09
4.673500e+03 7.945688e-09
4.767900e+03 7.504397e-09
4.864200e+03 7.087596e-09
4.962500e+03 6.693688e-09
5.062700e+03 6.321939e-09
5.165000e+03 5.970543e-09
5.269300e+03 5.638847e-09
5.375800e+03 5.325278e-09
5.484400e+03 5.029251e-09
5.595200e+03 4.749634e-09
5.708200e+03 4.485621e-09
5.823500e+03 4.236219e-09
5.941200e+03 4.000521e-09
6.061200e+03 3.778053e-09
6.183600e+03 3.567973e-09
6.308500e+03 3.369510e-09
6.436000e+03 3.181957e-09
6.566000e+03 3.004925e-09
6.698600e+03 2.837756e-09
6.834000e+03 2.679733e-09
6.972000e+03 2.530636e-09
7.112900e+03 2.389711e-09
7.256600e+03 2.256661e-09
