# nc 324
# boxsize 6.000000e+02
# nbar 0.000000e+00
1.483274e-02 13 2.449165e+04 2.448865e+04 -8.065877e+03 -2.786273e+03
2.513187e-02 33 2.397645e+04 2.396820e+04 -3.252678e+02 6.854732e+02
3.574650e-02 79 1.959029e+04 1.957620e+04 1.709562e+03 8.450971e+03
4.583347e-02 105 1.357870e+04 1.356258e+04 -5.314861e+03 1.675914e+03
5.486964e-02 145 1.183857e+04 1.181831e+04 -3.360143e+03 6.828685e+03
6.471857e-02 243 1.076269e+04 1.073700e+04 2.601046e+02 -2.503663e+03
7.503996e-02 313 8.372213e+03 8.345332e+03 8.377869e+02 8.690563e+02
8.485495e-02 369 7.137418e+03 7.108254e+03 -1.247961e+02 2.141987e+03
9.528688e-02 571 5.778314e+03 5.748556e+03 8.194742e+02 1.575741e+02
1.059290e-01 601 5.102462e+03 5.069795e+03 -3.484109e+02 6.772335e+02
1.156806e-01 705 4.718794e+03 4.682864e+03 -1.562555e+02 1.083153e+03
1.255756e-01 883 4.470587e+03 4.430555e+03 4.059204e+01 2.476077e+02
1.352378e-01 909 3.762473e+03 3.723389e+03 3.068824e+02 5.040366e+01
1.449493e-01 1177 3.399765e+03 3.359156e+03 8.554815e+00 -7.708631e+01
1.550659e-01 1323 3.078589e+03 3.036616e+03 -3.500999e+01 -4.361869e+02
1.649601e-01 1453 2.876103e+03 2.831744e+03 -2.357572e+02 -2.345428e+02
1.749597e-01 1701 2.669817e+03 2.623528e+03 -1.640779e+02 -5.378725e+01
1.852437e-01 1963 2.514404e+03 2.465534e+03 -4.011830e+01 -2.016554e+00
1.951071e-01 1933 2.268480e+03 2.219627e+03 -9.302477e+01 -4.886665e+01
2.049888e-01 2397 2.271125e+03 2.217170e+03 -2.638752e+02 -1.092946e+01
2.151844e-01 2539 1.920891e+03 1.870722e+03 -4.509015e+01 -9.501067e+01
2.250745e-01 2694 1.881247e+03 1.827518e+03 -1.452858e+01 9.300570e+01
2.350927e-01 3121 1.756825e+03 1.702149e+03 -8.373219e-01 -1.728782e+02
2.451974e-01 3255 1.683236e+03 1.626333e+03 -6.111336e+01 -8.602644e+01
2.550872e-01 3517 1.620100e+03 1.560890e+03 2.127828e+01 6.436587e+01
2.649947e-01 3813 1.528832e+03 1.468622e+03 -4.132226e+01 5.487445e+01
2.750606e-01 4231 1.455068e+03 1.393435e+03 -2.974659e+01 2.796235e+01
2.851157e-01 4389 1.378467e+03 1.315782e+03 -8.517137e+00 3.394327e+01
2.950080e-01 4717 1.331874e+03 1.267155e+03 -6.284779e+01 2.972935e+01
3.050474e-01 5191 1.265157e+03 1.199510e+03 3.063481e+01 5.348862e+01
3.151078e-01 5373 1.219016e+03 1.151701e+03 3.425133e+00 1.046342e+02
3.251295e-01 5893 1.202066e+03 1.131477e+03 -1.275759e+01 -5.537319e+00
3.352591e-01 6183 1.156744e+03 1.084650e+03 -8.415294e+01 -5.637592e+01
3.451640e-01 6349 1.077681e+03 1.006601e+03 -2.946835e+01 5.569949e+01
3.550965e-01 6993 1.076049e+03 1.001065e+03 3.564971e+00 -3.764953e+01
3.649687e-01 7003 1.023109e+03 9.479739e+02 -5.862217e+00 2.892029e+01
3.749450e-01 7941 9.916229e+02 9.148763e+02 -4.198566e+00 -2.699418e+01
3.851630e-01 8221 9.738781e+02 8.945255e+02 -2.596218e+01 4.766751e+00
3.951752e-01 8449 9.565367e+02 8.746636e+02 5.258011e+00 7.034088e+01
4.050872e-01 8931 9.266819e+02 8.435172e+02 -5.019073e+00 -5.664016e+01
4.149904e-01 9289 8.817892e+02 7.988878e+02 -1.087234e+01 3.862539e+00
4.250484e-01 10113 8.827678e+02 7.959125e+02 1.200617e-01 4.178289e+01
4.350196e-01 10087 8.686821e+02 7.793508e+02 -1.518531e+01 -7.639534e-01
4.449689e-01 10998 8.292516e+02 7.402573e+02 -3.166098e+01 -1.939326e+01
4.550136e-01 11233 8.091519e+02 7.185692e+02 3.324929e-01 -3.834694e+01
4.650240e-01 11991 8.061074e+02 7.120840e+02 -2.925851e+01 -6.614777e+01
4.750600e-01 12241 7.871083e+02 6.915358e+02 -2.767944e+01 1.356444e+01
4.850824e-01 13033 7.624418e+02 6.661393e+02 -2.774093e+01 -2.289507e+00
4.950626e-01 13227 7.533414e+02 6.545320e+02 -1.590288e+01 -4.581504e+01
5.050218e-01 13993 7.364269e+02 6.361762e+02 -2.071555e+01 -2.830799e+01
5.149626e-01 14301 7.214069e+02 6.195468e+02 -2.958696e+01 -6.251399e+00
5.249789e-01 15355 6.971479e+02 5.951190e+02 -3.135052e+01 -1.572122e+01
5.350486e-01 15585 6.922467e+02 5.873191e+02 -4.597456e+00 -5.477417e+00
5.451135e-01 16549 6.884810e+02 5.804685e+02 -8.756006e+00 8.707506e+00
5.551181e-01 16587 6.735171e+02 5.642676e+02 -1.444769e+01 -9.798595e+00
5.650424e-01 17461 6.587672e+02 5.483727e+02 -1.551944e+01 3.519210e+00
5.750589e-01 18177 6.505602e+02 5.379769e+02 -2.247641e+01 -2.277938e+01
5.850828e-01 18739 6.239546e+02 5.125390e+02 -7.941611e+00 -3.016681e+01
5.950416e-01 19165 6.266814e+02 5.112912e+02 -1.108566e+01 -5.525061e+00
6.049746e-01 20013 6.163595e+02 4.994117e+02 -1.650392e+01 -2.375011e+01
6.149470e-01 20587 5.969064e+02 4.802664e+02 4.267004e+00 -1.915027e+01
6.249968e-01 21657 5.954079e+02 4.756181e+02 -4.827726e+00 -1.296908e+01
6.350666e-01 22129 5.837225e+02 4.628655e+02 -1.645860e+01 -5.109463e+00
6.450498e-01 22611 5.818774e+02 4.580118e+02 -1.456176e+01 -1.454475e+00
6.549912e-01 23317 5.665717e+02 4.426469e+02 -7.027168e+00 -9.431555e+00
6.649535e-01 24222 5.688153e+02 4.410130e+02 -1.149224e+01 -5.936362e+00
6.749660e-01 24943 5.602023e+02 4.309894e+02 -1.841853e+01 1.824941e+01
6.850252e-01 25921 5.415641e+02 4.133555e+02 -3.598519e+00 1.061214e+00
6.950284e-01 26253 5.441929e+02 4.120520e+02 -3.077180e+00 -1.702826e+01
7.049900e-01 27139 5.329338e+02 4.002926e+02 -1.941085e+00 1.829304e+01
7.150256e-01 28185 5.225435e+02 3.892471e+02 -6.562129e+00 4.325574e+00
7.250860e-01 28969 5.217739e+02 3.854267e+02 1.112212e+01 5.054030e-01
7.350183e-01 28887 5.160194e+02 3.779919e+02 -5.175351e+00 1.117547e+01
7.450018e-01 30937 5.026503e+02 3.650538e+02 3.176928e+00 -2.287355e+01
7.551045e-01 31341 5.010854e+02 3.607328e+02 -6.583789e+00 -1.320889e+01
7.650666e-01 31555 4.937102e+02 3.523062e+02 -1.022389e+01 -2.220636e+01
7.750154e-01 33025 4.867514e+02 3.442691e+02 -2.065578e+00 -6.666374e+00
7.850634e-01 33921 4.816760e+02 3.375893e+02 -1.635138e+00 5.471906e+00
7.950596e-01 34285 4.776395e+02 3.317112e+02 -5.719006e+00 -1.662573e+01
8.050450e-01 35703 4.696539e+02 3.231486e+02 1.504604e+00 -1.130484e+01
8.150563e-01 36205 4.685029e+02 3.193336e+02 -1.790193e+00 -9.284010e+00
8.250795e-01 37485 4.594488e+02 3.101832e+02 -1.311976e+00 -2.225673e+01
8.350885e-01 38047 4.553419e+02 3.044507e+02 5.432379e+00 -2.468742e+00
8.450499e-01 38913 4.490462e+02 2.973336e+02 3.305288e+00 -8.130447e+00
8.550252e-01 39853 4.450785e+02 2.918220e+02 2.725762e+00 -9.044424e+00
8.650455e-01 41367 4.391364e+02 2.850553e+02 -3.981739e+00 -7.878403e+00
8.750680e-01 41617 4.352853e+02 2.797059e+02 -5.462736e+00 -1.559337e+01
8.849916e-01 42430 4.316951e+02 2.745975e+02 7.683433e-01 -1.035701e+01
8.949944e-01 44367 4.235983e+02 2.666670e+02 -6.823038e+00 -3.937001e+00
9.050336e-01 44569 4.214232e+02 2.625281e+02 -8.386668e+00 9.228114e+00
9.150411e-01 46089 4.159572e+02 2.564017e+02 4.609258e+00 -5.865033e+00
9.250625e-01 46819 4.109917e+02 2.506323e+02 -6.381204e+00 6.013459e+00
9.350607e-01 47793 4.081842e+02 2.462469e+02 -2.906955e+00 -7.127596e+00
9.450463e-01 48697 4.055868e+02 2.420248e+02 -6.342236e+00 -3.758206e+00
9.549734e-01 49443 4.011645e+02 2.367789e+02 4.706861e+00 -2.387905e+00
9.649510e-01 51097 3.973673e+02 2.319405e+02 -5.305654e+00 7.454501e-02
9.750082e-01 52453 3.906812e+02 2.254649e+02 -6.083868e+00 9.623786e-01
9.850290e-01 52947 3.880104e+02 2.213858e+02 -2.652482e+00 -9.158992e+00
9.950258e-01 54193 3.863932e+02 2.179429e+02 -2.942370e+00 2.873302e+00
