# nc 324
# boxsize 6.000000e+02
# nbar 0.000000e+00
1.483274e-02 13 5.200654e+04 5.199989e+04 2.173315e+04 -8.376788e+04
2.513187e-02 33 2.963964e+04 2.962890e+04 -8.880623e+03 -1.580171e+04
3.574650e-02 79 1.663004e+04 1.661828e+04 2.939161e+02 -8.099880e+03
4.583347e-02 105 1.187246e+04 1.185831e+04 -1.960658e+03 3.662811e+01
5.486964e-02 145 1.082582e+04 1.080719e+04 3.477961e+03 7.706779e+02
6.471857e-02 243 9.974224e+03 9.950414e+03 -3.110377e+02 6.397753e+02
7.503996e-02 313 9.703554e+03 9.672305e+03 -1.070374e+03 1.438328e+03
8.485495e-02 369 7.467891e+03 7.437119e+03 2.189939e+02 1.237439e+03
9.528688e-02 571 6.006833e+03 5.975831e+03 -6.413090e+02 -5.015591e+02
1.059290e-01 601 5.434238e+03 5.399539e+03 2.156573e+02 -7.625494e+02
1.156806e-01 705 5.106753e+03 5.067784e+03 -2.287872e+02 -2.237677e+02
1.255756e-01 883 4.352526e+03 4.313431e+03 2.350912e+02 -1.716190e+02
1.352378e-01 909 3.937326e+03 3.896412e+03 -6.498917e+01 2.395768e+01
1.449493e-01 1177 3.695908e+03 3.651794e+03 -1.926196e+02 3.136067e+02
1.550659e-01 1323 3.199671e+03 3.156071e+03 3.389520e+01 -2.903486e+02
1.649601e-01 1453 2.949742e+03 2.904237e+03 1.410617e+02 -2.004312e+02
1.749597e-01 1701 2.615872e+03 2.570441e+03 -1.415660e+01 -4.846852e+02
1.852437e-01 1963 2.550555e+03 2.501045e+03 -1.957184e+01 -1.636856e+02
1.951071e-01 1933 2.308042e+03 2.258374e+03 1.367454e+01 1.640272e+00
2.049888e-01 2397 2.165617e+03 2.114276e+03 -1.416793e+02 -1.379919e+02
2.151844e-01 2539 2.113038e+03 2.057837e+03 -5.632140e+01 -3.064651e+00
2.250745e-01 2694 1.932061e+03 1.876850e+03 1.935378e+02 1.960929e+02
2.350927e-01 3121 1.890907e+03 1.832070e+03 6.794551e+01 -2.526957e+02
2.451974e-01 3255 1.711068e+03 1.653218e+03 -8.556433e+00 1.209861e+02
2.550872e-01 3517 1.619455e+03 1.560302e+03 4.119187e+01 1.398791e+02
2.649947e-01 3813 1.566156e+03 1.504495e+03 3.589325e+00 -2.941364e+01
2.750606e-01 4231 1.490393e+03 1.427245e+03 -4.404971e+01 2.359331e+00
2.851157e-01 4389 1.410891e+03 1.346749e+03 5.234847e+01 8.746607e+01
2.950080e-01 4717 1.338179e+03 1.273194e+03 8.744397e+01 5.761771e+01
3.050474e-01 5191 1.285198e+03 1.218552e+03 -3.564882e+01 1.519658e+02
3.151078e-01 5373 1.254466e+03 1.185191e+03 5.127768e+01 -5.706639e+01
3.251295e-01 5893 1.209365e+03 1.138347e+03 1.014813e+01 3.977131e+01
3.352591e-01 6183 1.190510e+03 1.116309e+03 7.577339e+01 3.686055e+01
3.451640e-01 6349 1.151131e+03 1.075228e+03 3.747146e+01 9.861900e+01
3.550965e-01 6993 1.109195e+03 1.031929e+03 1.278685e+01 -1.056503e+02
3.649687e-01 7003 1.074657e+03 9.957326e+02 4.641260e+00 1.094031e+02
3.749450e-01 7941 1.027602e+03 9.480754e+02 1.212756e+01 -1.955626e+01
3.851630e-01 8221 9.906746e+02 9.099478e+02 -9.066420e+00 4.369294e-02
3.951752e-01 8449 9.759564e+02 8.924167e+02 8.861083e+00 1.750182e+01
4.050872e-01 8931 9.244770e+02 8.415275e+02 -1.068257e+01 -3.487627e+01
4.149904e-01 9289 9.242428e+02 8.373769e+02 3.507146e+00 9.268046e+01
4.250484e-01 10113 8.920251e+02 8.042689e+02 -7.811321e+00 1.189348e+01
4.350196e-01 10087 8.980518e+02 8.057247e+02 2.161959e+01 1.860256e+01
4.449689e-01 10998 8.462499e+02 7.554174e+02 -1.871990e+01 1.856374e+01
4.550136e-01 11233 8.555537e+02 7.597733e+02 2.946579e+00 4.880536e+01
4.650240e-01 11991 8.200876e+02 7.244268e+02 1.361400e+01 -1.889821e+00
4.750600e-01 12241 8.141698e+02 7.152938e+02 2.625827e+01 3.072620e+01
4.850824e-01 13033 7.811523e+02 6.824929e+02 -2.186047e+01 -1.754047e+01
4.950626e-01 13227 7.724946e+02 6.711436e+02 -1.896079e+00 -1.099319e+01
5.050218e-01 13993 7.596160e+02 6.561691e+02 2.856293e+01 -3.977867e+00
5.149626e-01 14301 7.374377e+02 6.333208e+02 1.594479e+01 1.853686e+01
5.249789e-01 15355 7.313193e+02 6.243118e+02 -6.441187e+00 -9.617243e+00
5.350486e-01 15585 7.213243e+02 6.119769e+02 -6.062653e+00 2.355594e+01
5.451135e-01 16549 6.937606e+02 5.849239e+02 2.482623e+01 3.156323e+01
5.551181e-01 16587 6.923116e+02 5.799835e+02 1.745341e+00 2.082496e+00
5.650424e-01 17461 6.934669e+02 5.772404e+02 2.829153e+00 8.311888e+00
5.750589e-01 18177 6.674329e+02 5.519423e+02 4.462027e+00 2.066141e+01
5.850828e-01 18739 6.587905e+02 5.411450e+02 1.629198e+01 4.219992e+00
5.950416e-01 19165 6.489172e+02 5.294354e+02 1.484960e+01 -1.919830e+00
6.049746e-01 20013 6.403062e+02 5.188148e+02 2.207037e+00 -2.843969e+01
6.149470e-01 20587 6.171788e+02 4.965822e+02 1.137414e+01 -1.496088e+01
6.249968e-01 21657 6.159437e+02 4.920356e+02 1.890885e+00 1.263955e+01
6.350666e-01 22129 6.026187e+02 4.778536e+02 8.514894e+00 -8.283834e+00
6.450498e-01 22611 5.991781e+02 4.716190e+02 -3.604954e+00 -1.193449e+01
6.549912e-01 23317 5.813937e+02 4.542141e+02 1.223193e+01 1.628922e+00
6.649535e-01 24222 5.829172e+02 4.519720e+02 5.625473e+00 -1.763582e+01
6.749660e-01 24943 5.751901e+02 4.425061e+02 2.655526e+00 3.581690e+00
6.850252e-01 25921 5.660731e+02 4.320622e+02 -1.692585e-01 -1.688239e+00
6.950284e-01 26253 5.513914e+02 4.175012e+02 4.250248e+00 -2.081478e+00
7.049900e-01 27139 5.483904e+02 4.118837e+02 2.201079e+00 6.844326e+00
7.150256e-01 28185 5.419692e+02 4.037243e+02 -5.057866e-02 4.427689e+00
7.250860e-01 28969 5.360530e+02 3.959757e+02 4.999775e+00 -1.186384e+01
7.350183e-01 28887 5.295060e+02 3.878562e+02 -6.108542e+00 7.005300e+00
7.450018e-01 30937 5.207297e+02 3.781821e+02 8.480794e+00 1.009993e+01
7.551045e-01 31341 5.130601e+02 3.693464e+02 4.844804e+00 -2.289335e+01
7.650666e-01 31555 5.084877e+02 3.628516e+02 -4.018179e+00 -1.766247e+01
7.750154e-01 33025 5.025962e+02 3.554698e+02 1.764879e+01 -4.294691e+00
7.850634e-01 33921 4.941237e+02 3.463023e+02 -5.159307e+00 1.556251e+01
7.950596e-01 34285 4.902508e+02 3.404664e+02 1.660867e+01 2.972007e+00
8.050450e-01 35703 4.804205e+02 3.305405e+02 6.885564e+00 1.132045e+01
8.150563e-01 36205 4.787360e+02 3.263093e+02 5.120348e+00 -1.140017e+01
8.250795e-01 37485 4.709524e+02 3.179441e+02 9.815152e+00 1.156418e+00
8.350885e-01 38047 4.689456e+02 3.135500e+02 1.151794e+01 4.083591e-01
8.450499e-01 38913 4.583331e+02 3.034818e+02 4.519652e+00 7.990345e+00
8.550252e-01 39853 4.542040e+02 2.978023e+02 4.634211e+00 -2.204084e+00
8.650455e-01 41367 4.508654e+02 2.926796e+02 5.567363e+00 -9.882976e+00
8.750680e-01 41617 4.465538e+02 2.869433e+02 1.163924e+01 2.430552e+00
8.849916e-01 42430 4.440839e+02 2.824733e+02 6.269322e+00 -8.185128e+00
8.949944e-01 44367 4.397512e+02 2.768300e+02 5.938951e+00 1.247814e+01
9.050336e-01 44569 4.344699e+02 2.706466e+02 8.328608e+00 5.274712e+00
9.150411e-01 46089 4.291119e+02 2.644970e+02 5.713811e+00 -2.596651e+00
9.250625e-01 46819 4.247140e+02 2.589972e+02 8.668740e+00 6.969118e+00
9.350607e-01 47793 4.198625e+02 2.532828e+02 1.156244e-01 1.523231e+01
9.450463e-01 48697 4.172572e+02 2.489898e+02 1.909720e+00 3.925869e+00
9.549734e-01 49443 4.068932e+02 2.401459e+02 7.196621e+00 9.402658e+00
9.649510e-01 51097 4.074523e+02 2.378241e+02 1.364884e+00 9.326829e-01
9.750082e-01 52453 4.030219e+02 2.325876e+02 1.797664e+00 -2.534043e+00
9.850290e-01 52947 3.973401e+02 2.267091e+02 3.259737e+00 1.198824e+00
9.950258e-01 54193 3.960562e+02 2.233963e+02 5.961645e+00 6.146616e+00
