# nc 324
# boxsize 6.000000e+02
# nbar 0.000000e+00
1.483274e-02 13 1.930934e+04 1.930736e+04 5.507991e+03 4.923912e+04
2.513187e-02 33 3.473911e+04 3.472678e+04 -1.027698e+04 -4.830718e+03
3.574650e-02 79 1.992625e+04 1.991179e+04 -8.343706e+02 2.828464e+02
4.583347e-02 105 1.324840e+04 1.323264e+04 1.753933e+03 4.035448e+03
5.486964e-02 145 1.304945e+04 1.302689e+04 -7.321345e+01 -1.761994e+03
6.471857e-02 243 1.041404e+04 1.038925e+04 1.439715e+03 -4.881415e+03
7.503996e-02 313 9.634858e+03 9.604057e+03 1.999717e+02 1.715118e+03
8.485495e-02 369 7.772992e+03 7.741049e+03 1.744021e+03 1.139247e+02
9.528688e-02 571 6.120960e+03 6.089469e+03 9.828773e+02 -1.244602e+03
1.059290e-01 601 5.292203e+03 5.258417e+03 2.892641e+02 -4.490873e+02
1.156806e-01 705 4.701547e+03 4.665682e+03 2.100030e+01 4.290988e+02
1.255756e-01 883 4.423387e+03 4.383794e+03 2.233886e+02 -3.677311e+02
1.352378e-01 909 4.058325e+03 4.016193e+03 4.066632e+01 -1.767888e+00
1.449493e-01 1177 3.538371e+03 3.496190e+03 -1.851640e+01 -3.196239e+02
1.550659e-01 1323 3.012243e+03 2.971130e+03 3.171535e+02 -4.109128e+02
1.649601e-01 1453 2.956205e+03 2.910574e+03 5.127556e+01 -9.887866e+01
1.749597e-01 1701 2.630294e+03 2.584704e+03 2.236346e+02 3.222641e+01
1.852437e-01 1963 2.556438e+03 2.506790e+03 3.051899e+02 4.420137e+01
1.951071e-01 1933 2.362574e+03 2.311710e+03 -2.400360e+01 1.908084e+02
2.049888e-01 2397 2.134147e+03 2.083513e+03 -3.419942e+01 7.082548e+01
2.151844e-01 2539 2.020911e+03 1.968141e+03 -5.890535e+01 -3.310518e+02
2.250745e-01 2694 1.928379e+03 1.873302e+03 -3.202254e+00 6.192624e+01
2.350927e-01 3121 1.838797e+03 1.781525e+03 1.125943e+02 1.036443e+02
2.451974e-01 3255 1.780160e+03 1.720006e+03 -3.129798e+01 3.261635e+01
2.550872e-01 3517 1.641606e+03 1.581615e+03 6.897102e+01 -1.020021e+02
2.649947e-01 3813 1.558390e+03 1.497021e+03 -1.112916e+02 -8.284222e+01
2.750606e-01 4231 1.478223e+03 1.415584e+03 5.721421e+01 -2.059058e+01
2.851157e-01 4389 1.391749e+03 1.328482e+03 1.020065e+02 2.221674e+01
2.950080e-01 4717 1.375376e+03 1.308555e+03 -2.990330e+01 -6.752538e+01
3.050474e-01 5191 1.337867e+03 1.268486e+03 -2.298092e+01 4.054167e+01
3.151078e-01 5373 1.284802e+03 1.213798e+03 4.666235e+01 3.935256e+01
3.251295e-01 5893 1.226608e+03 1.154589e+03 4.977283e+01 -4.975349e+01
3.352591e-01 6183 1.175059e+03 1.101794e+03 6.256929e+01 1.854155e+01
3.451640e-01 6349 1.119994e+03 1.046119e+03 2.791785e+01 4.579845e+01
3.550965e-01 6993 1.084862e+03 1.009267e+03 -1.169593e+01 -2.024704e+01
3.649687e-01 7003 1.070172e+03 9.915571e+02 -3.734514e+00 9.588647e+01
3.749450e-01 7941 9.994504e+02 9.221102e+02 6.443593e+00 1.331745e-01
3.851630e-01 8221 9.710275e+02 8.919304e+02 4.706150e-01 -8.278033e+01
3.951752e-01 8449 9.975499e+02 9.121729e+02 2.626547e+01 3.102183e+01
4.050872e-01 8931 9.569181e+02 8.710277e+02 1.157259e+01 -1.563367e+01
4.149904e-01 9289 9.245823e+02 8.376652e+02 -1.041226e+01 5.680447e+01
4.250484e-01 10113 8.838795e+02 7.969094e+02 7.578718e+00 -2.876711e+01
4.350196e-01 10087 8.513322e+02 7.638051e+02 -1.735538e+01 -9.164770e-01
4.449689e-01 10998 8.454052e+02 7.546948e+02 1.937165e+01 -1.608529e+01
4.550136e-01 11233 8.344749e+02 7.410351e+02 -1.385841e+01 2.831975e+01
4.650240e-01 11991 8.043785e+02 7.105535e+02 1.292758e+01 3.154854e+01
4.750600e-01 12241 7.943727e+02 6.979133e+02 -3.795711e+01 -2.577460e+00
4.850824e-01 13033 7.883227e+02 6.887551e+02 -8.951896e+00 -9.084136e+00
4.950626e-01 13227 7.728987e+02 6.714818e+02 2.135287e+01 -3.631575e+01
5.050218e-01 13993 7.483702e+02 6.464387e+02 1.015690e+01 -1.821757e+01
5.149626e-01 14301 7.324248e+02 6.290201e+02 9.292199e-01 -2.092541e+01
5.249789e-01 15355 7.172778e+02 6.123150e+02 1.564147e+01 -1.317713e+01
5.350486e-01 15585 7.023833e+02 5.959047e+02 -3.460357e+00 1.315686e+01
5.451135e-01 16549 6.846906e+02 5.772859e+02 6.467332e-01 -2.655747e+01
5.551181e-01 16587 6.741398e+02 5.647852e+02 -1.714913e+00 6.046001e+00
5.650424e-01 17461 6.734797e+02 5.606163e+02 1.039084e+01 -1.762876e+01
5.750589e-01 18177 6.539403e+02 5.407769e+02 4.008924e+00 1.514163e+00
5.850828e-01 18739 6.416089e+02 5.270374e+02 -1.591797e+01 -8.427679e+00
5.950416e-01 19165 6.254227e+02 5.102587e+02 2.309303e+00 -3.181283e+01
6.049746e-01 20013 6.189532e+02 5.015118e+02 8.278427e+00 -1.333747e+01
6.149470e-01 20587 6.149080e+02 4.947552e+02 2.614740e+01 2.145295e+00
6.249968e-01 21657 5.949588e+02 4.752639e+02 -9.084902e-01 -2.135152e+01
6.350666e-01 22129 5.874941e+02 4.658653e+02 1.821320e+01 -1.090548e+01
6.450498e-01 22611 5.798027e+02 4.563764e+02 -4.781680e+00 -2.783129e+00
6.549912e-01 23317 5.772368e+02 4.509814e+02 8.687439e-01 -2.818562e+01
6.649535e-01 24222 5.686095e+02 4.408687e+02 1.111386e+01 -2.099710e+01
6.749660e-01 24943 5.644686e+02 4.342624e+02 8.757710e+00 -3.150012e-01
6.850252e-01 25921 5.525020e+02 4.216991e+02 -9.719714e+00 -2.393471e+00
6.950284e-01 26253 5.430589e+02 4.111980e+02 -5.429336e+00 -1.083978e+01
7.049900e-01 27139 5.373042e+02 4.035699e+02 -9.795924e+00 -1.115056e+00
7.150256e-01 28185 5.309163e+02 3.954930e+02 4.910697e+00 4.936723e-01
7.250860e-01 28969 5.299669e+02 3.914667e+02 4.543094e+00 -1.287242e+01
7.350183e-01 28887 5.149238e+02 3.771750e+02 4.381310e+00 -1.885378e+01
7.450018e-01 30937 5.094879e+02 3.700144e+02 2.512051e+00 -1.383082e+01
7.551045e-01 31341 5.161217e+02 3.715447e+02 3.429137e+00 4.385342e+00
7.650666e-01 31555 4.982981e+02 3.555655e+02 -3.349202e+00 6.016745e+00
7.750154e-01 33025 4.897462e+02 3.463893e+02 9.289344e-01 -1.522503e+01
7.850634e-01 33921 4.830053e+02 3.385196e+02 1.414728e+01 2.667064e+00
7.950596e-01 34285 4.784365e+02 3.322573e+02 3.108910e+00 -1.124147e+01
8.050450e-01 35703 4.707630e+02 3.238995e+02 -1.190678e+00 -7.086338e+00
8.150563e-01 36205 4.641255e+02 3.163467e+02 2.236868e+00 -1.571098e+01
8.250795e-01 37485 4.620071e+02 3.119066e+02 5.191390e+00 -1.020050e+01
8.350885e-01 38047 4.626458e+02 3.093422e+02 -2.511539e+00 -1.228671e+01
8.450499e-01 38913 4.489185e+02 2.972552e+02 -1.562154e+00 -3.403369e+00
8.550252e-01 39853 4.527842e+02 2.968702e+02 3.016279e+00 -4.895593e+00
8.650455e-01 41367 4.425437e+02 2.872626e+02 -1.513512e+00 -4.704663e-01
8.750680e-01 41617 4.373384e+02 2.810220e+02 -3.836120e+00 1.826725e+00
8.849916e-01 42430 4.354992e+02 2.770121e+02 -1.508958e+00 1.409399e+00
8.949944e-01 44367 4.305782e+02 2.710577e+02 1.107600e+00 1.020627e+01
9.050336e-01 44569 4.255406e+02 2.650872e+02 4.827061e+00 7.061629e+00
9.150411e-01 46089 4.204736e+02 2.591749e+02 -3.055663e+00 5.312129e-01
9.250625e-01 46819 4.165229e+02 2.540023e+02 2.693688e+00 4.228176e+00
9.350607e-01 47793 4.132676e+02 2.493032e+02 -2.801979e+00 9.737022e+00
9.450463e-01 48697 4.081607e+02 2.435576e+02 8.985021e+00 1.038639e+00
9.549734e-01 49443 4.028664e+02 2.377734e+02 -2.885918e+00 3.505866e+00
9.649510e-01 51097 4.025170e+02 2.349437e+02 2.358512e+00 -4.602622e+00
9.750082e-01 52453 3.952651e+02 2.281073e+02 -2.005282e+00 6.990539e+00
9.850290e-01 52947 3.889903e+02 2.219482e+02 2.518516e+00 4.959688e-01
9.950258e-01 54193 3.887641e+02 2.192859e+02 -6.449358e-01 3.103200e+00
