# nc 324
# boxsize 6.000000e+02
# nbar 0.000000e+00
1.483274e-02 13 3.073376e+04 3.072994e+04 1.508252e+04 -2.458923e+04
2.513187e-02 33 2.455726e+04 2.454866e+04 -7.122951e+03 1.233815e+04
3.574650e-02 79 1.711227e+04 1.709992e+04 2.784145e+03 -9.819778e+03
4.583347e-02 105 1.595393e+04 1.593488e+04 -8.506042e+02 -4.939435e+03
5.486964e-02 145 1.281139e+04 1.278950e+04 -5.432343e+02 5.462287e+03
6.471857e-02 243 1.081133e+04 1.078519e+04 2.618502e+03 -1.038996e+03
7.503996e-02 313 9.038032e+03 9.009076e+03 9.042726e+02 -1.001003e+03
8.485495e-02 369 7.838366e+03 7.806284e+03 -1.111244e+03 -1.725921e+03
9.528688e-02 571 5.906920e+03 5.876531e+03 -6.599833e+02 6.700735e+01
1.059290e-01 601 5.577559e+03 5.541903e+03 2.361922e+02 9.652617e+02
1.156806e-01 705 5.086601e+03 5.047793e+03 4.823694e+01 1.799765e+02
1.255756e-01 883 4.198733e+03 4.160978e+03 1.508980e+02 -6.087800e+02
1.352378e-01 909 3.767798e+03 3.728574e+03 2.600599e+02 -4.887854e+02
1.449493e-01 1177 3.554413e+03 3.512018e+03 -1.557895e+02 -1.877110e+02
1.550659e-01 1323 3.210158e+03 3.166399e+03 -5.120126e+01 -1.918257e+02
1.649601e-01 1453 2.942946e+03 2.897448e+03 -1.147243e+01 3.390981e+02
1.749597e-01 1701 2.730193e+03 2.682880e+03 3.399224e+01 -7.301173e+01
1.852437e-01 1963 2.504558e+03 2.455929e+03 3.971740e+01 -1.166053e+02
1.951071e-01 1933 2.307632e+03 2.257922e+03 -1.323927e+02 1.293905e+01
2.049888e-01 2397 2.225242e+03 2.172446e+03 1.444340e+01 3.349705e+00
2.151844e-01 2539 2.052914e+03 1.999251e+03 3.768997e+02 -1.815937e+01
2.250745e-01 2694 1.914358e+03 1.859708e+03 9.827335e+00 2.522970e+02
2.350927e-01 3121 1.826002e+03 1.769149e+03 1.181225e+01 -1.873700e+02
2.451974e-01 3255 1.704153e+03 1.646527e+03 3.609767e+01 8.237351e+01
2.550872e-01 3517 1.671229e+03 1.610157e+03 3.583163e+00 7.196342e+01
2.649947e-01 3813 1.580878e+03 1.518624e+03 7.671239e+01 9.132951e+00
2.750606e-01 4231 1.464608e+03 1.402575e+03 2.414905e+01 7.468709e+01
2.851157e-01 4389 1.427716e+03 1.362847e+03 1.453737e+01 2.282799e+02
2.950080e-01 4717 1.369771e+03 1.303194e+03 -5.392766e+01 -9.634451e+01
3.050474e-01 5191 1.291482e+03 1.224509e+03 5.258411e+01 -4.418362e+01
3.151078e-01 5373 1.254004e+03 1.184704e+03 6.572576e+01 7.697318e+01
3.251295e-01 5893 1.196076e+03 1.125827e+03 3.783476e+01 9.503956e+01
3.352591e-01 6183 1.134349e+03 1.063656e+03 -4.209807e-01 -3.859231e+01
3.451640e-01 6349 1.112358e+03 1.038980e+03 3.496146e+01 3.964736e+00
3.550965e-01 6993 1.060242e+03 9.863697e+02 1.263532e+00 1.650039e+01
3.649687e-01 7003 1.051539e+03 9.742815e+02 9.759311e-01 7.056850e+01
3.749450e-01 7941 1.031337e+03 9.515222e+02 2.042516e+01 4.865018e+00
3.851630e-01 8221 9.829655e+02 9.028706e+02 9.435371e+00 2.381665e+01
3.951752e-01 8449 9.469107e+02 8.658800e+02 2.439091e+01 5.230275e+01
4.050872e-01 8931 9.311729e+02 8.475852e+02 1.457056e+00 -2.568804e+01
4.149904e-01 9289 9.150187e+02 8.290250e+02 2.185645e+01 6.720180e+01
4.250484e-01 10113 8.871815e+02 7.999233e+02 -4.203503e+00 -1.847220e+01
4.350196e-01 10087 8.785635e+02 7.882420e+02 4.631715e+01 4.145915e+01
4.449689e-01 10998 8.571176e+02 7.651181e+02 1.894744e+01 1.787969e+01
4.550136e-01 11233 8.368245e+02 7.431045e+02 1.283182e+01 5.243676e+01
4.650240e-01 11991 8.028325e+02 7.091870e+02 1.777131e+01 2.230904e+01
4.750600e-01 12241 7.928795e+02 6.965917e+02 -6.585149e+00 3.684121e+01
4.850824e-01 13033 7.912168e+02 6.913000e+02 2.929748e+01 3.337309e+01
4.950626e-01 13227 7.735128e+02 6.720294e+02 1.480467e+01 -4.464772e+00
5.050218e-01 13993 7.442253e+02 6.428885e+02 6.580067e+00 -3.415830e+01
5.149626e-01 14301 7.353853e+02 6.315382e+02 8.863288e+00 3.369632e+01
5.249789e-01 15355 7.084296e+02 6.047751e+02 1.119957e+01 1.763005e+00
5.350486e-01 15585 7.033047e+02 5.967112e+02 3.129115e+01 9.934688e+00
5.451135e-01 16549 6.919620e+02 5.834266e+02 2.518127e+01 6.004069e+00
5.551181e-01 16587 6.780081e+02 5.680188e+02 4.050831e+01 -2.567211e+01
5.650424e-01 17461 6.682603e+02 5.562791e+02 6.821318e+00 7.684379e+00
5.750589e-01 18177 6.501684e+02 5.376781e+02 3.271010e+00 -1.448884e+01
5.850828e-01 18739 6.477896e+02 5.321126e+02 7.842130e+00 4.219438e+00
5.950416e-01 19165 6.363317e+02 5.191528e+02 1.550107e+01 -1.303749e+00
6.049746e-01 20013 6.187612e+02 5.013625e+02 -1.287417e+01 1.283994e+00
6.149470e-01 20587 6.147155e+02 4.945875e+02 1.617877e+01 1.632382e+01
6.249968e-01 21657 6.035601e+02 4.821253e+02 2.228502e+01 -3.378653e-01
6.350666e-01 22129 5.912603e+02 4.688475e+02 1.798108e+01 4.394783e+00
6.450498e-01 22611 5.925140e+02 4.663852e+02 6.973619e+00 -3.816466e-01
6.549912e-01 23317 5.784110e+02 4.518893e+02 -7.168999e-01 8.576288e+00
6.649535e-01 24222 5.719249e+02 4.434395e+02 1.678410e+01 1.310964e+01
6.749660e-01 24943 5.604571e+02 4.311783e+02 9.389027e+00 -2.726532e+01
6.850252e-01 25921 5.521439e+02 4.214487e+02 1.015331e+01 1.131411e+01
6.950284e-01 26253 5.490427e+02 4.157196e+02 6.694007e+00 -4.320529e+00
7.049900e-01 27139 5.411943e+02 4.064822e+02 5.078048e+00 1.146465e+01
7.150256e-01 28185 5.309611e+02 3.955266e+02 1.979163e+01 -2.141574e+01
7.250860e-01 28969 5.253262e+02 3.880503e+02 7.509091e+00 -8.127086e+00
7.350183e-01 28887 5.180062e+02 3.794407e+02 2.188181e+01 -9.579889e+00
7.450018e-01 30937 5.111363e+02 3.711946e+02 3.437945e+00 5.705162e+00
7.551045e-01 31341 5.065784e+02 3.646813e+02 1.089253e+01 2.561759e+00
7.650666e-01 31555 5.002971e+02 3.569992e+02 8.889264e+00 1.141399e+01
7.750154e-01 33025 4.922997e+02 3.481921e+02 1.475778e+01 -2.860715e+01
7.850634e-01 33921 4.879955e+02 3.420157e+02 1.128738e+01 1.779415e+01
7.950596e-01 34285 4.797560e+02 3.331722e+02 5.634768e+00 2.390386e+00
8.050450e-01 35703 4.763453e+02 3.277435e+02 3.195576e+00 5.159800e+00
8.150563e-01 36205 4.738125e+02 3.229506e+02 6.753885e+00 -1.839168e+01
8.250795e-01 37485 4.624225e+02 3.121844e+02 1.123243e+01 -6.615614e+00
8.350885e-01 38047 4.590983e+02 3.069691e+02 2.655391e+00 -1.126962e+01
8.450499e-01 38913 4.536356e+02 3.003698e+02 3.236435e+00 -3.343775e+00
8.550252e-01 39853 4.490415e+02 2.944143e+02 5.857867e-01 9.515411e-01
8.650455e-01 41367 4.438711e+02 2.881216e+02 4.432868e+00 -1.451956e+00
8.750680e-01 41617 4.375888e+02 2.811804e+02 9.528341e+00 -7.057740e+00
8.849916e-01 42430 4.342313e+02 2.762053e+02 1.333221e+01 -2.856761e+00
8.949944e-01 44367 4.310085e+02 2.713367e+02 7.040091e+00 -5.463120e+00
9.050336e-01 44569 4.238210e+02 2.640130e+02 5.865933e+00 4.987199e+00
9.150411e-01 46089 4.241958e+02 2.614773e+02 5.769425e+00 -3.688096e+00
9.250625e-01 46819 4.224764e+02 2.576333e+02 4.715223e+00 -4.771421e+00
9.350607e-01 47793 4.134685e+02 2.494288e+02 5.129630e+00 -2.452145e+00
9.450463e-01 48697 4.070488e+02 2.428990e+02 7.564420e+00 -1.400802e+01
9.549734e-01 49443 4.021783e+02 2.373714e+02 2.829847e+00 4.056728e+00
9.649510e-01 51097 3.977075e+02 2.321331e+02 1.862955e+00 -6.604036e+00
9.750082e-01 52453 3.963018e+02 2.287118e+02 5.046758e+00 2.254826e+00
9.850290e-01 52947 3.938743e+02 2.247385e+02 1.134887e+01 -4.320040e+00
9.950258e-01 54193 3.893242e+02 2.195950e+02 1.002402e+01 1.081813e+01
