# nc 324
# boxsize 6.000000e+02
# nbar 0.000000e+00
1.483274e-02 13 2.866675e+04 2.866338e+04 -1.950168e+04 2.111787e+04
2.513187e-02 33 2.499445e+04 2.498544e+04 1.221354e+04 6.930015e+03
3.574650e-02 79 1.771008e+04 1.769704e+04 -5.553849e+02 -1.489442e+03
4.583347e-02 105 1.324227e+04 1.322665e+04 -4.077055e+03 2.736137e+03
5.486964e-02 145 1.007729e+04 1.006002e+04 1.849940e+03 -3.025355e+03
6.471857e-02 243 9.574996e+03 9.551960e+03 2.277129e+03 4.243544e+03
7.503996e-02 313 8.236311e+03 8.209880e+03 -5.554503e+02 3.341860e+03
8.485495e-02 369 7.194083e+03 7.164632e+03 9.041744e+02 1.618692e+03
9.528688e-02 571 6.224050e+03 6.191809e+03 1.335147e+03 -1.183316e+03
1.059290e-01 601 4.995130e+03 4.963254e+03 1.570180e+02 -1.935499e+02
1.156806e-01 705 4.681119e+03 4.645377e+03 -9.274989e+01 2.302336e+02
1.255756e-01 883 4.153917e+03 4.116724e+03 -7.211438e+01 4.656786e+02
1.352378e-01 909 3.935268e+03 3.894437e+03 6.074549e+01 5.572237e+02
1.449493e-01 1177 3.589736e+03 3.546918e+03 3.206535e+02 -6.953174e+00
1.550659e-01 1323 3.124847e+03 3.082135e+03 3.545668e+02 -1.476991e+02
1.649601e-01 1453 3.017913e+03 2.971253e+03 -1.796936e+02 3.406054e+02
1.749597e-01 1701 2.669777e+03 2.623414e+03 1.823707e+02 2.204754e+02
1.852437e-01 1963 2.470302e+03 2.422331e+03 2.912049e+01 -4.571374e+02
1.951071e-01 1933 2.316280e+03 2.266368e+03 8.166975e+01 -1.210227e+00
2.049888e-01 2397 2.166439e+03 2.115050e+03 3.851076e+01 -8.944379e+01
2.151844e-01 2539 2.058584e+03 2.004746e+03 7.571114e+01 -1.955163e+02
2.250745e-01 2694 1.935452e+03 1.880198e+03 1.224322e+02 3.610514e+02
2.350927e-01 3121 1.813517e+03 1.757103e+03 9.183303e+01 -5.943352e+00
2.451974e-01 3255 1.733520e+03 1.674896e+03 7.730305e+01 4.131935e+01
2.550872e-01 3517 1.625756e+03 1.566343e+03 6.333374e+01 7.906683e+01
2.649947e-01 3813 1.522020e+03 1.462095e+03 1.733759e+01 7.074698e+01
2.750606e-01 4231 1.446348e+03 1.385062e+03 9.045375e+01 -4.612434e+01
2.851157e-01 4389 1.423740e+03 1.359027e+03 -4.287571e+01 1.160045e+01
2.950080e-01 4717 1.317441e+03 1.253447e+03 -3.619501e+01 1.022799e+02
3.050474e-01 5191 1.295466e+03 1.228259e+03 -7.406354e+00 1.021874e+02
3.151078e-01 5373 1.258064e+03 1.188556e+03 -2.836174e+00 4.330414e+01
3.251295e-01 5893 1.186759e+03 1.117057e+03 8.793008e+01 -3.189572e+01
3.352591e-01 6183 1.163127e+03 1.090618e+03 1.176233e+01 7.414629e+01
3.451640e-01 6349 1.107891e+03 1.034820e+03 3.519693e+01 -2.394674e+01
3.550965e-01 6993 1.095529e+03 1.019212e+03 4.856074e-01 -1.038492e+01
3.649687e-01 7003 1.023329e+03 9.481492e+02 6.338656e+01 6.123886e+01
3.749450e-01 7941 1.021021e+03 9.420010e+02 1.963951e+00 5.923378e+00
3.851630e-01 8221 9.776140e+02 8.979486e+02 2.923045e+01 -8.483020e+01
3.951752e-01 8449 9.716494e+02 8.884794e+02 1.455180e+01 4.145803e+01
4.050872e-01 8931 9.467321e+02 8.617565e+02 2.143804e+01 5.429062e+01
4.149904e-01 9289 9.193671e+02 8.329216e+02 4.135337e+01 7.713552e+00
4.250484e-01 10113 8.803284e+02 7.937258e+02 2.113827e+01 7.681435e-01
4.350196e-01 10087 8.608279e+02 7.723198e+02 2.144296e+01 -2.626275e+01
4.449689e-01 10998 8.440709e+02 7.534886e+02 8.529565e+00 6.411854e+00
4.550136e-01 11233 8.155092e+02 7.242186e+02 -3.205554e+00 1.464350e+01
4.650240e-01 11991 8.038481e+02 7.100671e+02 3.225618e+01 1.636518e+01
4.750600e-01 12241 7.850477e+02 6.897133e+02 1.249823e+01 4.661684e+01
4.850824e-01 13033 7.718805e+02 6.744081e+02 -8.262015e+00 -1.131481e+00
4.950626e-01 13227 7.471490e+02 6.491342e+02 1.080075e+01 5.657914e+00
5.050218e-01 13993 7.428895e+02 6.417255e+02 2.325657e+01 -8.417613e+00
5.149626e-01 14301 7.232731e+02 6.211350e+02 -1.987631e+00 3.540004e+01
5.249789e-01 15355 7.090605e+02 6.053011e+02 7.198479e+00 -1.335373e-01
5.350486e-01 15585 7.050595e+02 5.981957e+02 2.465761e+01 3.159643e+00
5.451135e-01 16549 6.879463e+02 5.800171e+02 1.706045e+01 3.159739e+01
5.551181e-01 16587 6.689595e+02 5.604360e+02 2.700242e+01 -3.048759e+00
5.650424e-01 17461 6.582235e+02 5.479031e+02 -2.442863e+00 4.065754e+01
5.750589e-01 18177 6.515204e+02 5.387767e+02 -1.698965e+01 2.216934e+01
5.850828e-01 18739 6.369944e+02 5.232419e+02 1.129952e+01 -1.148208e+01
5.950416e-01 19165 6.298066e+02 5.138265e+02 1.941961e+01 8.376085e+00
6.049746e-01 20013 6.218342e+02 5.038528e+02 -1.258572e+01 -6.260180e+00
6.149470e-01 20587 6.141953e+02 4.941783e+02 6.042015e-01 1.100060e+01
6.249968e-01 21657 5.998996e+02 4.791982e+02 -3.424464e+00 2.436320e+01
6.350666e-01 22129 5.946852e+02 4.715883e+02 9.436154e-01 -8.278686e+00
6.450498e-01 22611 5.859331e+02 4.612016e+02 1.389258e+01 -2.110608e+00
6.549912e-01 23317 5.759550e+02 4.499691e+02 1.526268e+01 -2.534009e+00
6.649535e-01 24222 5.655085e+02 4.384787e+02 1.215360e+01 8.643296e+00
6.749660e-01 24943 5.637134e+02 4.336874e+02 1.293240e+01 -4.811242e-01
6.850252e-01 25921 5.563113e+02 4.246129e+02 3.482984e+00 9.885169e+00
6.950284e-01 26253 5.449156e+02 4.125928e+02 3.125299e+00 6.796835e+00
7.049900e-01 27139 5.386641e+02 4.045943e+02 1.488677e+00 3.416964e+00
7.150256e-01 28185 5.320902e+02 3.963535e+02 -4.872999e-01 -4.309338e-01
7.250860e-01 28969 5.264162e+02 3.888517e+02 1.005528e+01 1.644471e+00
7.350183e-01 28887 5.264568e+02 3.856210e+02 -3.237148e+00 1.198948e+01
7.450018e-01 30937 5.099240e+02 3.703333e+02 3.386942e-03 -5.558819e+00
7.551045e-01 31341 4.996377e+02 3.596762e+02 9.433356e+00 2.320592e+00
7.650666e-01 31555 4.983924e+02 3.556501e+02 8.344082e+00 1.099500e+01
7.750154e-01 33025 4.900734e+02 3.466133e+02 -1.922877e+00 -8.702260e+00
7.850634e-01 33921 4.918054e+02 3.446817e+02 1.058390e+01 7.000849e+00
7.950596e-01 34285 4.818051e+02 3.345895e+02 4.708405e+00 8.698421e+00
8.050450e-01 35703 4.767113e+02 3.280020e+02 -1.637877e+00 -2.583609e+00
8.150563e-01 36205 4.728423e+02 3.222883e+02 -3.317650e+00 1.141795e+00
8.250795e-01 37485 4.640813e+02 3.132973e+02 6.252669e+00 5.099908e+00
8.350885e-01 38047 4.594586e+02 3.072085e+02 1.212510e+01 7.295684e+00
8.450499e-01 38913 4.560576e+02 3.019711e+02 1.116907e+01 -7.973673e-01
8.550252e-01 39853 4.508741e+02 2.956234e+02 5.975098e+00 -3.437440e+00
8.650455e-01 41367 4.420761e+02 2.869652e+02 1.291599e+00 -3.678123e-01
8.750680e-01 41617 4.387624e+02 2.819427e+02 -2.658567e+00 -1.077387e+01
8.849916e-01 42430 4.354784e+02 2.769993e+02 9.641876e+00 -6.283376e+00
8.949944e-01 44367 4.298380e+02 2.705862e+02 -3.104703e-02 2.044926e+00
9.050336e-01 44569 4.229001e+02 2.634475e+02 9.202837e+00 8.533273e+00
9.150411e-01 46089 4.214486e+02 2.597848e+02 1.736843e+00 -5.119469e+00
9.250625e-01 46819 4.183718e+02 2.551293e+02 2.311683e+00 4.931446e-02
9.350607e-01 47793 4.115608e+02 2.482796e+02 5.772939e+00 5.891572e+00
9.450463e-01 48697 4.042507e+02 2.412214e+02 5.981190e-01 -1.076312e+00
9.549734e-01 49443 4.034548e+02 2.381212e+02 6.375803e+00 1.504371e+01
9.649510e-01 51097 3.993737e+02 2.331038e+02 -6.932381e+00 1.346268e+00
9.750082e-01 52453 3.962161e+02 2.286600e+02 1.441610e-01 2.821618e+00
9.850290e-01 52947 3.943902e+02 2.250294e+02 -6.877765e-01 4.398561e-01
9.950258e-01 54193 3.916182e+02 2.208965e+02 -3.312515e+00 2.816564e+00
