# nc 324
# boxsize 6.000000e+02
# nbar 0.000000e+00
1.483274e-02 13 1.918702e+04 1.918415e+04 -7.815780e+03 -2.180448e+04
2.513187e-02 33 2.824619e+04 2.823661e+04 -8.547609e+03 2.670802e+04
3.574650e-02 79 1.626137e+04 1.624952e+04 1.648290e+03 8.388574e+01
4.583347e-02 105 1.276571e+04 1.275038e+04 5.287003e+03 2.996591e+03
5.486964e-02 145 1.127539e+04 1.125608e+04 -5.899670e+01 3.206795e+03
6.471857e-02 243 1.048970e+04 1.046493e+04 -2.555817e+03 8.748742e+02
7.503996e-02 313 1.012288e+04 1.009052e+04 -3.549084e+03 3.602553e+01
8.485495e-02 369 7.467477e+03 7.436868e+03 2.088836e+03 1.649011e+03
9.528688e-02 571 6.006337e+03 5.975198e+03 4.602707e+02 -7.744442e+01
1.059290e-01 601 5.486116e+03 5.451209e+03 5.172847e+02 -1.553770e+02
1.156806e-01 705 5.043743e+03 5.005414e+03 3.494272e+02 4.878813e+02
1.255756e-01 883 4.637758e+03 4.596158e+03 2.760293e+02 -3.025917e+02
1.352378e-01 909 3.777405e+03 3.738143e+03 3.232712e+02 4.164893e+01
1.449493e-01 1177 3.707109e+03 3.662979e+03 -8.227807e+01 3.789485e+02
1.550659e-01 1323 3.215700e+03 3.171837e+03 -1.239229e+02 -1.073469e+03
1.649601e-01 1453 2.931948e+03 2.886779e+03 1.894992e+02 6.904147e+01
1.749597e-01 1701 2.800655e+03 2.752077e+03 -1.586779e+02 -2.237792e+02
1.852437e-01 1963 2.639777e+03 2.588512e+03 2.343782e+02 -2.902641e+02
1.951071e-01 1933 2.299200e+03 2.249701e+03 -2.035839e+02 1.899776e+02
2.049888e-01 2397 2.229742e+03 2.176831e+03 1.640746e+02 -1.176163e+02
2.151844e-01 2539 2.012062e+03 1.959497e+03 -1.955050e+01 -1.411905e+02
2.250745e-01 2694 1.921114e+03 1.866222e+03 -4.242233e+00 -4.722677e+01
2.350927e-01 3121 1.877102e+03 1.818700e+03 -4.516614e+01 -2.205675e+01
2.451974e-01 3255 1.768913e+03 1.709095e+03 2.443350e+01 -5.017915e+01
2.550872e-01 3517 1.609988e+03 1.551125e+03 -1.022910e+01 1.973222e+02
2.649947e-01 3813 1.577867e+03 1.515753e+03 8.881326e+01 -3.565703e+01
2.750606e-01 4231 1.500517e+03 1.436947e+03 8.587872e+01 8.411292e+01
2.851157e-01 4389 1.421401e+03 1.356783e+03 9.594357e+01 4.307043e+00
2.950080e-01 4717 1.367688e+03 1.301241e+03 5.835196e+01 1.570288e+01
3.050474e-01 5191 1.306767e+03 1.238990e+03 2.835569e+01 -2.610460e+01
3.151078e-01 5373 1.243524e+03 1.174814e+03 1.257092e+01 3.630973e+01
3.251295e-01 5893 1.234211e+03 1.161740e+03 4.415652e+01 1.005110e+01
3.352591e-01 6183 1.170301e+03 1.097362e+03 5.215778e+00 2.208138e+01
3.451640e-01 6349 1.130776e+03 1.056192e+03 2.460823e+01 7.620511e+01
3.550965e-01 6993 1.112723e+03 1.035210e+03 -2.697630e+01 2.348460e+01
3.649687e-01 7003 1.062032e+03 9.840227e+02 4.916379e+01 4.499955e+01
3.749450e-01 7941 1.047174e+03 9.661431e+02 -1.184323e+01 -2.315841e+01
3.851630e-01 8221 9.986208e+02 9.172216e+02 -3.816917e+00 -3.464464e+01
3.951752e-01 8449 9.692093e+02 8.862461e+02 8.802025e+00 6.982095e+01
4.050872e-01 8931 9.532715e+02 8.676949e+02 2.748511e+01 -6.366376e+00
4.149904e-01 9289 9.473079e+02 8.582740e+02 9.302052e+00 3.484491e+01
4.250484e-01 10113 8.849393e+02 7.978737e+02 3.058481e+01 -2.734533e+00
4.350196e-01 10087 8.599952e+02 7.715688e+02 1.032507e+01 1.222541e+01
4.449689e-01 10998 8.376370e+02 7.477193e+02 2.433626e+01 3.186899e+01
4.550136e-01 11233 8.482998e+02 7.533212e+02 4.813352e+00 1.698185e+01
4.650240e-01 11991 8.147117e+02 7.196733e+02 2.422574e+01 1.227123e+00
4.750600e-01 12241 8.052583e+02 7.074935e+02 3.997575e+00 3.812020e+01
4.850824e-01 13033 7.865561e+02 6.872220e+02 5.989802e+00 8.036140e+00
4.950626e-01 13227 7.664393e+02 6.658788e+02 2.916193e+00 -2.887040e+00
5.050218e-01 13993 7.418157e+02 6.408041e+02 -7.155594e+00 1.205543e+01
5.149626e-01 14301 7.353655e+02 6.315312e+02 -2.657762e-02 1.704009e+01
5.249789e-01 15355 7.132712e+02 6.088969e+02 -7.727886e+00 -2.420749e+01
5.350486e-01 15585 7.017719e+02 5.954118e+02 1.189189e+01 1.729160e+01
5.451135e-01 16549 6.908461e+02 5.824705e+02 -1.166585e+01 -1.510193e+01
5.551181e-01 16587 6.758281e+02 5.661949e+02 -1.891982e+01 2.766808e+01
5.650424e-01 17461 6.720148e+02 5.593922e+02 2.375747e+01 2.060892e+01
5.750589e-01 18177 6.672476e+02 5.517675e+02 3.809910e+00 8.270926e+00
5.850828e-01 18739 6.464219e+02 5.309859e+02 1.044632e+01 5.807772e-01
5.950416e-01 19165 6.380858e+02 5.205901e+02 -3.934489e+00 -2.058736e+00
6.049746e-01 20013 6.331368e+02 5.129862e+02 -2.217178e-01 3.373416e+01
6.149470e-01 20587 6.108635e+02 4.914929e+02 1.172562e+01 -2.243912e+01
6.249968e-01 21657 6.074656e+02 4.852504e+02 1.181976e+00 1.468393e+01
6.350666e-01 22129 5.984720e+02 4.745760e+02 1.086578e+01 -5.843383e+00
6.450498e-01 22611 5.860116e+02 4.612540e+02 3.067004e+00 1.550027e+01
6.549912e-01 23317 5.795092e+02 4.527393e+02 8.162804e+00 1.594560e+01
6.649535e-01 24222 5.761691e+02 4.467310e+02 1.873825e+01 1.659051e+00
6.749660e-01 24943 5.649382e+02 4.346427e+02 2.327986e-01 2.646891e+01
6.850252e-01 25921 5.554102e+02 4.239297e+02 -4.671819e+00 -1.007243e+01
6.950284e-01 26253 5.518905e+02 4.178888e+02 3.782781e+00 1.082336e+01
7.049900e-01 27139 5.449861e+02 4.093304e+02 1.158556e+01 1.465975e+01
7.150256e-01 28185 5.336199e+02 3.975016e+02 7.765574e+00 1.205838e+01
7.250860e-01 28969 5.335471e+02 3.941114e+02 2.852551e+00 6.236448e+00
7.350183e-01 28887 5.234828e+02 3.834456e+02 1.180474e+01 1.130396e+01
7.450018e-01 30937 5.103678e+02 3.706434e+02 6.621972e+00 4.897095e+00
7.551045e-01 31341 5.029821e+02 3.620794e+02 1.571487e+01 4.353972e+00
7.650666e-01 31555 5.035651e+02 3.593343e+02 9.151332e+00 -7.221305e-01
7.750154e-01 33025 4.928816e+02 3.485999e+02 -2.661702e+00 -6.627156e+00
7.850634e-01 33921 4.921242e+02 3.449114e+02 8.946520e+00 5.350338e+00
7.950596e-01 34285 4.808232e+02 3.339167e+02 1.159717e+01 1.233476e+00
8.050450e-01 35703 4.801980e+02 3.303999e+02 8.886179e-01 -1.221775e+01
8.150563e-01 36205 4.680725e+02 3.190389e+02 7.390934e+00 -9.915617e-01
8.250795e-01 37485 4.682785e+02 3.161440e+02 4.574054e+00 4.544836e+00
8.350885e-01 38047 4.618314e+02 3.087917e+02 1.067852e+01 -3.589011e+00
8.450499e-01 38913 4.538368e+02 3.005009e+02 7.444633e+00 7.071893e+00
8.550252e-01 39853 4.525635e+02 2.967287e+02 2.272784e+00 -3.773082e+00
8.650455e-01 41367 4.386745e+02 2.847567e+02 1.021499e+01 -5.573894e+00
8.750680e-01 41617 4.381668e+02 2.815546e+02 -5.961519e+00 -4.510957e+00
8.849916e-01 42430 4.325078e+02 2.751088e+02 4.036257e+00 -8.866959e+00
8.949944e-01 44367 4.325029e+02 2.722739e+02 8.026262e+00 1.883199e+00
9.050336e-01 44569 4.271711e+02 2.661153e+02 3.189650e+00 5.282979e+00
9.150411e-01 46089 4.188763e+02 2.581928e+02 5.861240e+00 4.554884e+00
9.250625e-01 46819 4.201026e+02 2.561829e+02 1.369684e+01 1.063993e+01
9.350607e-01 47793 4.140259e+02 2.497676e+02 2.342810e+00 9.114754e+00
9.450463e-01 48697 4.084929e+02 2.437542e+02 1.137745e+01 1.459376e-01
9.549734e-01 49443 4.066038e+02 2.399825e+02 7.932489e+00 -1.855680e+00
9.649510e-01 51097 4.021716e+02 2.347425e+02 1.053130e+01 -1.989395e+00
9.750082e-01 52453 3.994562e+02 2.305296e+02 9.344296e+00 -1.820278e+00
9.850290e-01 52947 3.957744e+02 2.258142e+02 7.576063e+00 -1.645661e+00
9.950258e-01 54193 3.878798e+02 2.187838e+02 3.106584e+00 8.606246e+00
