# nc 324
# boxsize 6.000000e+02
# nbar 0.000000e+00
1.483274e-02 13 1.874172e+04 1.873940e+04 -3.266200e+03 -1.042294e+04
2.513187e-02 33 2.237847e+04 2.237035e+04 -9.316439e+02 1.011575e+03
3.574650e-02 79 1.543258e+04 1.542161e+04 4.110789e+03 1.412129e+03
4.583347e-02 105 1.442341e+04 1.440585e+04 -6.557003e+02 -3.183208e+03
5.486964e-02 145 1.168185e+04 1.166191e+04 -2.197317e+03 2.586195e+03
6.471857e-02 243 1.098562e+04 1.095915e+04 -1.301371e+03 -6.296349e+03
7.503996e-02 313 9.540998e+03 9.510439e+03 9.783088e+02 2.727726e+02
8.485495e-02 369 7.218164e+03 7.188683e+03 -3.556972e+02 8.671841e+02
9.528688e-02 571 6.082940e+03 6.051513e+03 -9.048562e+02 -7.166132e+02
1.059290e-01 601 5.355229e+03 5.320982e+03 3.750016e+02 -9.333078e+02
1.156806e-01 705 4.899772e+03 4.862467e+03 4.231041e+02 -3.660924e+02
1.255756e-01 883 4.125043e+03 4.088067e+03 6.947833e+01 -1.140950e+03
1.352378e-01 909 3.774826e+03 3.735645e+03 -4.149454e+02 4.957033e+02
1.449493e-01 1177 3.496196e+03 3.454513e+03 4.677300e+02 -3.857691e+02
1.550659e-01 1323 3.061286e+03 3.019587e+03 4.192468e+01 -2.739824e+02
1.649601e-01 1453 2.856383e+03 2.812336e+03 -7.646837e+01 1.282787e+02
1.749597e-01 1701 2.763159e+03 2.715314e+03 -2.578106e+01 -7.385899e+01
1.852437e-01 1963 2.431669e+03 2.384447e+03 5.770649e-01 -3.119019e+02
1.951071e-01 1933 2.236606e+03 2.188426e+03 1.451668e+02 -7.238512e+01
2.049888e-01 2397 2.164887e+03 2.113555e+03 -2.271350e+01 -3.518745e+02
2.151844e-01 2539 2.010132e+03 1.957596e+03 -4.528188e+01 -3.021967e+02
2.250745e-01 2694 1.938841e+03 1.883509e+03 -6.830028e+00 1.374928e+01
2.350927e-01 3121 1.778498e+03 1.723146e+03 7.677236e+01 -1.442353e+02
2.451974e-01 3255 1.683626e+03 1.626698e+03 -1.089947e+02 -4.839462e+01
2.550872e-01 3517 1.618020e+03 1.558878e+03 1.546935e+02 3.698059e+01
2.649947e-01 3813 1.517485e+03 1.457735e+03 6.473582e+01 -2.390504e+01
2.750606e-01 4231 1.462522e+03 1.400543e+03 -5.260869e+00 -2.714107e-01
2.851157e-01 4389 1.376650e+03 1.314090e+03 -1.348815e+01 -5.622717e+01
2.950080e-01 4717 1.382290e+03 1.315124e+03 -3.516657e+00 -1.347356e+02
3.050474e-01 5191 1.256849e+03 1.191654e+03 6.778783e+01 -5.418380e+01
3.151078e-01 5373 1.252754e+03 1.183548e+03 -6.381599e+00 -5.272068e+01
3.251295e-01 5893 1.169008e+03 1.100347e+03 -8.070571e+01 1.460406e+00
3.352591e-01 6183 1.146078e+03 1.074651e+03 1.818415e+00 -3.368879e+01
3.451640e-01 6349 1.123364e+03 1.049294e+03 4.179990e+01 1.893953e+01
3.550965e-01 6993 1.060082e+03 9.862262e+02 6.719930e+01 -7.661884e+01
3.649687e-01 7003 1.046560e+03 9.696865e+02 5.746070e+01 -4.127741e+00
3.749450e-01 7941 1.029065e+03 9.494304e+02 2.894292e+01 -2.423790e+01
3.851630e-01 8221 9.530692e+02 8.754004e+02 3.800584e+01 -1.934242e+01
3.951752e-01 8449 9.604721e+02 8.782725e+02 -9.447921e+00 2.915671e+01
4.050872e-01 8931 9.323392e+02 8.486597e+02 3.672687e+01 -8.423286e+01
4.149904e-01 9289 9.028242e+02 8.179690e+02 2.284728e+01 4.798687e+01
4.250484e-01 10113 8.840904e+02 7.971017e+02 4.040158e+01 -2.843242e+00
4.350196e-01 10087 8.601418e+02 7.716927e+02 2.071867e+01 3.298654e+00
4.449689e-01 10998 8.328531e+02 7.434581e+02 1.985599e+01 4.614398e+01
4.550136e-01 11233 8.221302e+02 7.300859e+02 1.927074e+01 2.033072e+01
4.650240e-01 11991 8.064292e+02 7.123704e+02 -2.599184e+01 -7.189414e+00
4.750600e-01 12241 7.690034e+02 6.756242e+02 5.570970e+00 1.715081e+00
4.850824e-01 13033 7.583329e+02 6.625634e+02 1.653820e+01 4.597974e+01
4.950626e-01 13227 7.356467e+02 6.391412e+02 1.861143e+01 5.783142e+00
5.050218e-01 13993 7.205995e+02 6.224890e+02 -1.116829e+01 -2.152355e+01
5.149626e-01 14301 7.246174e+02 6.223132e+02 1.736392e+01 5.523808e+00
5.249789e-01 15355 7.032776e+02 6.003552e+02 -1.348657e+01 -1.766032e+01
5.350486e-01 15585 6.874756e+02 5.832678e+02 -3.502987e+00 2.053234e+01
5.451135e-01 16549 6.731533e+02 5.675568e+02 -6.860670e+00 -1.716349e+01
5.551181e-01 16587 6.664747e+02 5.583675e+02 9.713642e+00 -4.422707e+00
5.650424e-01 17461 6.493030e+02 5.404935e+02 2.918967e+01 -1.133399e+01
5.750589e-01 18177 6.384052e+02 5.279207e+02 2.279486e+01 4.716156e+00
5.850828e-01 18739 6.347208e+02 5.213737e+02 -4.055719e+00 -6.097088e+00
5.950416e-01 19165 6.221613e+02 5.075898e+02 2.105083e+01 2.646599e+00
6.049746e-01 20013 6.257845e+02 5.070635e+02 -5.618478e+00 -4.053524e+01
6.149470e-01 20587 6.089098e+02 4.899207e+02 -2.866113e+00 -1.037467e+00
6.249968e-01 21657 5.963223e+02 4.763372e+02 -8.788457e+00 4.076404e+00
6.350666e-01 22129 5.934589e+02 4.705962e+02 1.656830e+01 8.178004e+00
6.450498e-01 22611 5.759019e+02 4.533001e+02 1.232964e+01 1.644706e+01
6.549912e-01 23317 5.753083e+02 4.494708e+02 1.117437e+01 -4.276632e+00
6.649535e-01 24222 5.606323e+02 4.346746e+02 -8.043925e+00 1.252998e+01
6.749660e-01 24943 5.518909e+02 4.245891e+02 -1.414967e+00 3.489534e+01
6.850252e-01 25921 5.474844e+02 4.178745e+02 3.041836e+00 2.122859e+01
6.950284e-01 26253 5.386488e+02 4.078596e+02 3.094965e+00 1.533538e+01
7.049900e-01 27139 5.384551e+02 4.044315e+02 1.649751e+00 -5.240464e-01
7.150256e-01 28185 5.254155e+02 3.913883e+02 -1.698763e+01 -4.759498e+00
7.250860e-01 28969 5.168566e+02 3.818029e+02 5.510064e+00 4.524200e+00
7.350183e-01 28887 5.110306e+02 3.743262e+02 6.788029e+00 -1.106059e+01
7.450018e-01 30937 5.109938e+02 3.711000e+02 9.612264e+00 -4.631445e-01
7.551045e-01 31341 5.017172e+02 3.611815e+02 -2.717869e+00 9.864426e+00
7.650666e-01 31555 4.954331e+02 3.535372e+02 6.843482e+00 2.537015e+00
7.750154e-01 33025 4.850921e+02 3.430886e+02 3.392457e+00 2.095661e+00
7.850634e-01 33921 4.843653e+02 3.394699e+02 -1.020124e+01 2.145845e+01
7.950596e-01 34285 4.778811e+02 3.318607e+02 5.658028e+00 2.457740e+00
8.050450e-01 35703 4.722821e+02 3.249549e+02 9.704806e+00 1.399600e+01
8.150563e-01 36205 4.635516e+02 3.159503e+02 -8.434117e+00 2.420189e+01
8.250795e-01 37485 4.595138e+02 3.102280e+02 4.603104e+00 4.573439e-01
8.350885e-01 38047 4.563860e+02 3.051478e+02 -5.713626e+00 4.197045e+00
8.450499e-01 38913 4.488705e+02 2.972246e+02 9.963962e+00 -9.574542e+00
8.550252e-01 39853 4.482159e+02 2.938716e+02 1.759833e+00 1.403610e+01
8.650455e-01 41367 4.372099e+02 2.837976e+02 -5.881727e+00 5.082642e+00
8.750680e-01 41617 4.346865e+02 2.793184e+02 1.659388e+00 -2.034669e+00
8.849916e-01 42430 4.321329e+02 2.748671e+02 3.554764e+00 -1.359498e+00
8.949944e-01 44367 4.233073e+02 2.664882e+02 4.160771e+00 -1.323700e+00
9.050336e-01 44569 4.242611e+02 2.642983e+02 8.180261e+00 1.141037e+01
9.150411e-01 46089 4.228809e+02 2.606570e+02 2.870732e+00 9.492563e+00
9.250625e-01 46819 4.119817e+02 2.512325e+02 5.929605e+00 1.467458e+01
9.350607e-01 47793 4.091781e+02 2.468432e+02 -8.433131e-02 5.828135e+00
9.450463e-01 48697 4.081409e+02 2.435493e+02 -2.998377e+00 -2.557838e+00
9.549734e-01 49443 4.028553e+02 2.377704e+02 2.135798e+00 3.576934e+00
9.649510e-01 51097 4.009078e+02 2.340030e+02 1.994846e+00 6.167155e+00
9.750082e-01 52453 3.963854e+02 2.287541e+02 -1.804831e+00 4.752515e+00
9.850290e-01 52947 3.872233e+02 2.209389e+02 9.144285e+00 -2.168973e+00
9.950258e-01 54193 3.881582e+02 2.189366e+02 -1.642701e+00 3.623026e+00
