# nc 324
# boxsize 6.000000e+02
# nbar 0.000000e+00
1.483274e-02 13 3.894733e+04 3.894276e+04 4.090605e+03 5.478805e+04
2.513187e-02 33 2.930394e+04 2.929319e+04 1.723514e+04 -6.033556e+03
3.574650e-02 79 1.787540e+04 1.786236e+04 -4.691256e+03 -1.031210e+04
4.583347e-02 105 1.380101e+04 1.378483e+04 5.142257e+03 2.469274e+03
5.486964e-02 145 1.375830e+04 1.373454e+04 -4.196056e+03 4.510208e+03
6.471857e-02 243 1.145153e+04 1.142408e+04 -9.127691e+02 1.863875e+03
7.503996e-02 313 9.511756e+03 9.481209e+03 1.313167e+03 3.029559e+02
8.485495e-02 369 8.432008e+03 8.397490e+03 -1.107342e+03 9.486838e+02
9.528688e-02 571 6.511313e+03 6.477766e+03 3.675086e+02 1.354371e+03
1.059290e-01 601 5.846090e+03 5.808867e+03 6.056824e+02 -3.591968e+02
1.156806e-01 705 4.705430e+03 4.669576e+03 -8.060560e+02 4.175701e+02
1.255756e-01 883 4.232581e+03 4.194703e+03 5.136996e+01 -7.512994e+02
1.352378e-01 909 4.075170e+03 4.032714e+03 1.900408e+02 4.524485e+02
1.449493e-01 1177 3.696317e+03 3.652195e+03 7.283971e+01 3.695455e+02
1.550659e-01 1323 3.222727e+03 3.178797e+03 6.079673e+01 1.383499e+02
1.649601e-01 1453 3.044752e+03 2.997825e+03 -1.282224e+01 -2.373258e+02
1.749597e-01 1701 2.749951e+03 2.702247e+03 1.253388e+02 -2.261873e+02
1.852437e-01 1963 2.554416e+03 2.504784e+03 2.427856e+01 3.971877e+02
1.951071e-01 1933 2.374421e+03 2.323312e+03 3.290162e+01 3.894957e+02
2.049888e-01 2397 2.232858e+03 2.179845e+03 -3.290686e+01 -3.401799e+02
2.151844e-01 2539 2.084518e+03 2.030031e+03 2.943569e+01 -1.526745e+02
2.250745e-01 2694 1.932290e+03 1.877094e+03 -4.160069e+01 2.663192e+02
2.350927e-01 3121 1.916906e+03 1.857235e+03 9.189257e+01 -7.575352e+00
2.451974e-01 3255 1.792313e+03 1.731765e+03 7.178839e+01 1.345862e+02
2.550872e-01 3517 1.679870e+03 1.618457e+03 4.746592e+01 -5.978372e+00
2.649947e-01 3813 1.561739e+03 1.500272e+03 -1.837661e+01 -1.480322e+02
2.750606e-01 4231 1.490234e+03 1.427095e+03 -5.467152e+01 4.641378e+01
2.851157e-01 4389 1.442056e+03 1.376522e+03 -3.468061e+01 1.360775e+02
2.950080e-01 4717 1.409950e+03 1.341453e+03 -2.008458e+00 -5.860117e+01
3.050474e-01 5191 1.328928e+03 1.260001e+03 -5.290904e+01 1.749708e+01
3.151078e-01 5373 1.300235e+03 1.228405e+03 3.300435e+01 6.242214e+01
3.251295e-01 5893 1.246578e+03 1.173364e+03 2.905972e+01 7.752044e+01
3.352591e-01 6183 1.229972e+03 1.153325e+03 -5.061447e+00 -2.142157e+00
3.451640e-01 6349 1.176251e+03 1.098670e+03 -8.600969e+01 7.753088e+00
3.550965e-01 6993 1.106517e+03 1.029425e+03 2.905762e+01 -7.605494e+01
3.649687e-01 7003 1.097369e+03 1.016731e+03 4.603713e+01 8.902905e+01
3.749450e-01 7941 1.089611e+03 1.005305e+03 -1.563854e-01 9.636103e+00
3.851630e-01 8221 1.040791e+03 9.559863e+02 3.298374e+01 -3.890334e+01
3.951752e-01 8449 1.026412e+03 9.385475e+02 3.352032e+00 -1.156466e+01
4.050872e-01 8931 9.775153e+02 8.897698e+02 -2.332596e+01 -3.380768e+01
4.149904e-01 9289 9.548206e+02 8.650795e+02 -2.222230e+01 -1.693490e+01
4.250484e-01 10113 9.395195e+02 8.471086e+02 -4.977309e+01 -1.030428e+01
4.350196e-01 10087 9.089183e+02 8.154473e+02 -7.042366e+00 -1.826454e+01
4.449689e-01 10998 8.829536e+02 7.881892e+02 -2.841969e+01 -1.967270e+00
4.550136e-01 11233 8.715145e+02 7.739328e+02 -1.955102e+01 4.213210e+00
4.650240e-01 11991 8.427479e+02 7.444452e+02 2.326767e+00 1.749314e+00
4.750600e-01 12241 8.221643e+02 7.223269e+02 2.246982e+01 7.692132e+00
4.850824e-01 13033 8.115773e+02 7.090810e+02 -1.040459e+01 1.708782e+01
4.950626e-01 13227 7.805921e+02 6.781753e+02 -6.520246e+00 -2.056306e+01
5.050218e-01 13993 7.796964e+02 6.735146e+02 -1.587785e+01 -3.181597e+01
5.149626e-01 14301 7.586992e+02 6.515576e+02 -2.776685e+01 -4.170665e-01
5.249789e-01 15355 7.438405e+02 6.349817e+02 1.175964e+01 -1.848594e+01
5.350486e-01 15585 7.292831e+02 6.187446e+02 -6.471912e+00 9.587307e+00
5.451135e-01 16549 7.177972e+02 6.051904e+02 2.662584e+00 -1.406263e+01
5.551181e-01 16587 7.104749e+02 5.951938e+02 -2.348727e+01 -9.171932e-01
5.650424e-01 17461 6.872519e+02 5.720818e+02 -3.670255e+00 1.378313e+01
5.750589e-01 18177 6.861727e+02 5.674335e+02 -1.404842e+01 4.283375e-01
5.850828e-01 18739 6.659785e+02 5.470493e+02 9.497128e+00 -3.192408e+01
5.950416e-01 19165 6.603860e+02 5.387925e+02 -1.164955e+01 1.421255e+00
6.049746e-01 20013 6.414109e+02 5.197096e+02 -9.146447e+00 1.638063e+01
6.149470e-01 20587 6.410416e+02 5.157617e+02 1.175833e+00 3.317159e+00
6.249968e-01 21657 6.307280e+02 5.038256e+02 -2.114059e+01 1.371632e+01
6.350666e-01 22129 6.175448e+02 4.896933e+02 -9.239763e+00 -1.691037e+01
6.450498e-01 22611 6.132738e+02 4.827228e+02 -6.030777e+00 1.811737e+01
6.549912e-01 23317 6.030896e+02 4.711736e+02 -3.136417e+00 1.792797e+01
6.649535e-01 24222 5.910594e+02 4.582713e+02 1.053776e+01 2.351652e+00
6.749660e-01 24943 5.850051e+02 4.500675e+02 -2.786747e+00 3.371576e+00
6.850252e-01 25921 5.736619e+02 4.378636e+02 7.069413e+00 -5.294189e+00
6.950284e-01 26253 5.765776e+02 4.365804e+02 -1.144970e+01 2.380967e+00
7.049900e-01 27139 5.552996e+02 4.170765e+02 -7.872619e+00 2.597435e+00
7.150256e-01 28185 5.535696e+02 4.123587e+02 1.838657e+00 -4.487823e+00
7.250860e-01 28969 5.484425e+02 4.051256e+02 3.874720e+00 2.252905e-01
7.350183e-01 28887 5.356835e+02 3.923897e+02 -9.909240e+00 4.523594e+00
7.450018e-01 30937 5.278558e+02 3.833411e+02 3.180140e+00 5.974796e-01
7.551045e-01 31341 5.254789e+02 3.782856e+02 1.545442e+00 -4.126923e+00
7.650666e-01 31555 5.223464e+02 3.727406e+02 -5.025864e+00 3.560506e+00
7.750154e-01 33025 5.071603e+02 3.586942e+02 -7.168360e+00 -1.611518e+01
7.850634e-01 33921 5.063199e+02 3.548602e+02 -5.701452e+00 6.414752e+00
7.950596e-01 34285 5.024747e+02 3.489388e+02 -4.688432e+00 1.556673e+01
8.050450e-01 35703 4.905031e+02 3.374803e+02 -5.980075e+00 4.824868e+00
8.150563e-01 36205 4.890873e+02 3.333634e+02 -5.196562e+00 -1.118536e+01
8.250795e-01 37485 4.795304e+02 3.237330e+02 -2.743492e+00 9.781831e+00
8.350885e-01 38047 4.768433e+02 3.188353e+02 -2.891575e+00 -1.475571e+01
8.450499e-01 38913 4.690903e+02 3.106080e+02 6.081055e+00 -8.270525e+00
8.550252e-01 39853 4.656880e+02 3.053329e+02 -7.742168e+00 -1.227283e+01
8.650455e-01 41367 4.562084e+02 2.961443e+02 -4.531323e+00 -1.262758e+01
8.750680e-01 41617 4.575292e+02 2.939960e+02 -4.333713e+00 9.165037e+00
8.849916e-01 42430 4.525167e+02 2.878351e+02 -5.010914e-01 -2.636894e+00
8.949944e-01 44367 4.487819e+02 2.825252e+02 -7.571391e-01 -6.400890e+00
9.050336e-01 44569 4.397445e+02 2.739343e+02 -5.441731e+00 1.302960e+01
9.150411e-01 46089 4.390732e+02 2.706424e+02 -2.720991e+00 5.800707e+00
9.250625e-01 46819 4.330340e+02 2.640739e+02 -1.484013e+00 9.810649e+00
9.350607e-01 47793 4.263376e+02 2.571890e+02 3.813324e+00 5.101399e+00
9.450463e-01 48697 4.222313e+02 2.519564e+02 8.065697e+00 7.067906e+00
9.549734e-01 49443 4.183500e+02 2.469191e+02 -3.795387e+00 -4.976762e+00
9.649510e-01 51097 4.144357e+02 2.418970e+02 -1.418367e-01 1.176282e+00
9.750082e-01 52453 4.098837e+02 2.365429e+02 1.402231e+00 3.733742e+00
9.850290e-01 52947 4.082481e+02 2.329258e+02 1.727213e+00 1.868317e+00
9.950258e-01 54193 4.058946e+02 2.289415e+02 -3.450190e+00 2.313823e+00
