# nc 324
# boxsize 6.000000e+02
# nbar 0.000000e+00
1.483274e-02 13 3.389127e+04 3.388739e+04 -6.433564e+02 7.360133e+04
2.513187e-02 33 3.653844e+04 3.652602e+04 -7.556515e+03 1.340739e+04
3.574650e-02 79 1.905526e+04 1.904182e+04 7.349801e+03 -9.894786e+03
4.583347e-02 105 1.685122e+04 1.683097e+04 4.279592e+03 5.443513e+03
5.486964e-02 145 1.250359e+04 1.248202e+04 -1.213992e+03 5.207410e+02
6.471857e-02 243 1.148489e+04 1.145746e+04 1.429504e+03 1.799963e+03
7.503996e-02 313 9.871911e+03 9.840452e+03 -1.722367e+03 3.623830e+02
8.485495e-02 369 7.540317e+03 7.509498e+03 -3.286524e+02 -1.459153e+03
9.528688e-02 571 6.525312e+03 6.491645e+03 -1.214821e+02 -1.669339e+03
1.059290e-01 601 5.732629e+03 5.695926e+03 5.048117e+02 -3.543016e+02
1.156806e-01 705 4.891231e+03 4.854012e+03 -2.499505e+02 3.404013e+02
1.255756e-01 883 4.459603e+03 4.419657e+03 -2.717282e+02 1.590656e+02
1.352378e-01 909 4.053312e+03 4.011244e+03 3.291686e+02 -3.977370e+02
1.449493e-01 1177 3.752309e+03 3.707543e+03 -1.020469e+02 1.509749e+01
1.550659e-01 1323 3.258810e+03 3.214383e+03 -8.100674e+01 2.472578e+02
1.649601e-01 1453 3.076983e+03 3.029469e+03 -2.444502e+02 2.604567e+02
1.749597e-01 1701 2.695631e+03 2.648801e+03 -1.184585e+02 1.727457e+02
1.852437e-01 1963 2.591255e+03 2.540855e+03 7.066660e+01 -1.851609e+02
1.951071e-01 1933 2.443972e+03 2.391350e+03 -7.719320e+01 1.737973e+02
2.049888e-01 2397 2.297215e+03 2.242669e+03 9.252521e+00 7.034441e+01
2.151844e-01 2539 2.036666e+03 1.983454e+03 -8.403053e+01 -3.418003e+02
2.250745e-01 2694 1.994441e+03 1.937485e+03 4.861931e+01 2.838426e+02
2.350927e-01 3121 1.900147e+03 1.840988e+03 2.575281e+01 -1.242697e+02
2.451974e-01 3255 1.781755e+03 1.721482e+03 3.446655e+01 -3.300447e+01
2.550872e-01 3517 1.714209e+03 1.651572e+03 -9.046557e+01 1.585598e+02
2.649947e-01 3813 1.610079e+03 1.546697e+03 -7.023244e+01 4.057108e+01
2.750606e-01 4231 1.555371e+03 1.489494e+03 -9.908354e+01 3.172533e+00
2.851157e-01 4389 1.495957e+03 1.427958e+03 -2.787472e+01 5.735734e+01
2.950080e-01 4717 1.398367e+03 1.330419e+03 5.989609e+01 1.156723e+02
3.050474e-01 5191 1.316863e+03 1.248560e+03 3.539859e+01 5.516587e+00
3.151078e-01 5373 1.327015e+03 1.253689e+03 4.914161e+01 1.360669e+02
3.251295e-01 5893 1.257660e+03 1.183774e+03 1.872586e+01 -4.576646e+00
3.352591e-01 6183 1.212694e+03 1.137120e+03 5.662138e+01 -5.261790e+01
3.451640e-01 6349 1.173138e+03 1.095779e+03 -4.623707e+00 6.583147e+01
3.550965e-01 6993 1.137010e+03 1.057750e+03 -1.597777e+01 -7.527829e+00
3.649687e-01 7003 1.089767e+03 1.009707e+03 1.141350e+00 3.840543e+01
3.749450e-01 7941 1.068437e+03 9.857909e+02 3.305500e+01 -5.240835e+01
3.851630e-01 8221 1.044678e+03 9.595627e+02 -1.308738e+01 -1.244259e+02
3.951752e-01 8449 1.005653e+03 9.195918e+02 -4.143736e+01 -1.347039e+01
4.050872e-01 8931 9.861876e+02 8.976693e+02 1.923975e+01 -3.142518e+01
4.149904e-01 9289 9.472654e+02 8.582308e+02 -2.701386e+01 3.309509e+01
4.250484e-01 10113 9.430416e+02 8.502573e+02 5.034381e-01 -3.411454e+00
4.350196e-01 10087 9.030645e+02 8.102177e+02 2.856115e-01 4.609621e+00
4.449689e-01 10998 8.868343e+02 7.916490e+02 -7.783469e+00 1.390993e+01
4.550136e-01 11233 8.601003e+02 7.637967e+02 1.413025e+00 6.074896e+01
4.650240e-01 11991 8.422545e+02 7.440155e+02 -6.008936e+00 -3.456507e+01
4.750600e-01 12241 8.281304e+02 7.275434e+02 -3.080370e+01 -1.400255e+00
4.850824e-01 13033 8.053898e+02 7.037035e+02 3.650651e+00 8.404889e+00
4.950626e-01 13227 7.919023e+02 6.880109e+02 -1.179248e+01 -5.710906e+00
5.050218e-01 13993 7.927296e+02 6.847929e+02 -3.400461e+00 3.018725e+01
5.149626e-01 14301 7.629461e+02 6.552318e+02 -3.775752e+01 1.816913e+01
5.249789e-01 15355 7.566895e+02 6.459486e+02 -1.887089e+01 2.387469e+01
5.350486e-01 15585 7.361849e+02 6.245977e+02 -3.558804e+01 3.408041e+01
5.451135e-01 16549 7.201981e+02 6.072048e+02 -1.417927e+01 -2.099126e-01
5.551181e-01 16587 7.071746e+02 5.924641e+02 -5.678974e+00 -1.630309e+01
5.650424e-01 17461 6.905174e+02 5.748057e+02 -1.169819e+01 3.937139e+00
5.750589e-01 18177 6.901337e+02 5.706943e+02 -1.501544e+01 2.840500e+01
5.850828e-01 18739 6.729982e+02 5.528148e+02 -6.122149e+00 1.845629e+01
5.950416e-01 19165 6.707504e+02 5.472504e+02 -2.691070e+01 -1.003208e+01
6.049746e-01 20013 6.427025e+02 5.207522e+02 5.659978e+00 2.065650e+01
6.149470e-01 20587 6.328508e+02 5.091818e+02 -1.049463e+01 -2.016030e+01
6.249968e-01 21657 6.299556e+02 5.032139e+02 -7.696620e+00 1.418323e+01
6.350666e-01 22129 6.213403e+02 4.927097e+02 -1.242929e+01 -1.305468e+01
6.450498e-01 22611 6.182014e+02 4.866154e+02 -6.671004e-01 2.529770e+00
6.549912e-01 23317 6.026438e+02 4.708184e+02 7.588985e+00 -2.549717e+00
6.649535e-01 24222 5.968389e+02 4.627546e+02 -1.426414e+01 1.200452e+01
6.749660e-01 24943 5.870491e+02 4.516422e+02 -5.712179e+00 8.856920e+00
6.850252e-01 25921 5.770056e+02 4.404005e+02 -9.625602e+00 4.787985e+00
6.950284e-01 26253 5.658926e+02 4.284983e+02 -1.320705e-01 -1.473414e+01
7.049900e-01 27139 5.591974e+02 4.200075e+02 -7.578287e-02 7.666760e+00
7.150256e-01 28185 5.562725e+02 4.143765e+02 3.370198e+00 -2.466012e+00
7.250860e-01 28969 5.395095e+02 3.985241e+02 -2.409680e+01 -5.594214e+00
7.350183e-01 28887 5.385939e+02 3.945133e+02 1.216998e+00 -4.062851e+00
7.450018e-01 30937 5.314045e+02 3.859295e+02 -1.606587e+01 -7.809540e+00
7.551045e-01 31341 5.220182e+02 3.757895e+02 -9.027971e+00 1.451498e+01
7.650666e-01 31555 5.178768e+02 3.695553e+02 -4.486939e+00 -8.920928e+00
7.750154e-01 33025 5.161307e+02 3.650332e+02 -9.798556e+00 -2.314209e+00
7.850634e-01 33921 5.077227e+02 3.558376e+02 1.347467e+00 2.512025e+00
7.950596e-01 34285 5.071918e+02 3.522318e+02 -1.452435e+01 -1.450806e+01
8.050450e-01 35703 4.919417e+02 3.384796e+02 2.746328e+00 1.821607e+00
8.150563e-01 36205 4.891965e+02 3.334265e+02 -6.216239e+00 2.508490e+00
8.250795e-01 37485 4.839854e+02 3.267445e+02 -8.181507e+00 -1.534570e+00
8.350885e-01 38047 4.791141e+02 3.203476e+02 3.072881e-01 -3.796079e-01
8.450499e-01 38913 4.725875e+02 3.129219e+02 -4.147626e+00 7.178409e+00
8.550252e-01 39853 4.660899e+02 3.055875e+02 -7.868203e+00 8.346464e+00
8.650455e-01 41367 4.665164e+02 3.028297e+02 -1.371012e+01 5.237526e-01
8.750680e-01 41617 4.576309e+02 2.940617e+02 -1.102938e+01 -1.234399e+00
8.849916e-01 42430 4.527795e+02 2.880036e+02 -9.213045e+00 1.640442e+01
8.949944e-01 44367 4.474300e+02 2.816701e+02 -7.609374e+00 2.927385e+00
9.050336e-01 44569 4.431317e+02 2.760437e+02 -5.670622e+00 1.161370e+01
9.150411e-01 46089 4.383815e+02 2.702078e+02 -1.013303e+01 1.467932e+01
9.250625e-01 46819 4.296168e+02 2.619904e+02 -2.515440e+00 1.544706e-01
9.350607e-01 47793 4.258982e+02 2.569217e+02 -3.409993e+00 8.440682e-01
9.450463e-01 48697 4.258363e+02 2.541018e+02 -4.573286e+00 7.822912e+00
9.549734e-01 49443 4.195157e+02 2.476064e+02 3.065129e+00 1.608363e+01
9.649510e-01 51097 4.135244e+02 2.413703e+02 1.965574e+00 -5.478773e+00
9.750082e-01 52453 4.106538e+02 2.369915e+02 1.348429e+00 4.248975e+00
9.850290e-01 52947 4.055487e+02 2.313936e+02 -4.387152e+00 1.144209e+01
9.950258e-01 54193 4.060976e+02 2.290604e+02 -8.164628e+00 1.028395e+01
