# nc 324
# boxsize 6.000000e+02
# nbar 0.000000e+00
1.483274e-02 13 4.192479e+04 4.191957e+04 -1.039012e+04 2.342829e+03
2.513187e-02 33 2.611319e+04 2.610357e+04 -2.691641e+03 3.055274e+03
3.574650e-02 79 1.715657e+04 1.714447e+04 2.217119e+03 1.253277e+04
4.583347e-02 105 1.209730e+04 1.208281e+04 -3.089505e+03 5.682250e+03
5.486964e-02 145 1.187441e+04 1.185405e+04 6.637799e+03 9.035344e+03
6.471857e-02 243 1.037746e+04 1.035289e+04 6.636779e+02 -1.874737e+03
7.503996e-02 313 8.116892e+03 8.090765e+03 1.312660e+03 1.688260e+03
8.485495e-02 369 7.853973e+03 7.821525e+03 -1.894696e+03 1.556095e+03
9.528688e-02 571 5.983898e+03 5.953101e+03 4.204102e+02 1.908165e+02
1.059290e-01 601 5.026154e+03 4.994036e+03 2.197063e+02 6.607310e+02
1.156806e-01 705 4.792820e+03 4.756258e+03 6.814407e+01 6.914055e+02
1.255756e-01 883 4.588990e+03 4.547911e+03 2.162336e+02 -5.505983e+02
1.352378e-01 909 3.967037e+03 3.925742e+03 -1.590804e+02 2.967921e+01
1.449493e-01 1177 3.569682e+03 3.527067e+03 3.987163e+02 4.554542e+02
1.550659e-01 1323 3.065380e+03 3.023581e+03 -7.074033e+00 -2.382712e+02
1.649601e-01 1453 2.912356e+03 2.867398e+03 5.534731e+01 3.105371e+02
1.749597e-01 1701 2.755776e+03 2.707925e+03 -2.628383e+00 -2.105542e+02
1.852437e-01 1963 2.581897e+03 2.531721e+03 1.186138e+02 7.448199e+01
1.951071e-01 1933 2.353628e+03 2.302995e+03 5.079627e+01 1.585937e+02
2.049888e-01 2397 2.171102e+03 2.119518e+03 -1.592228e+01 -2.011554e+02
2.151844e-01 2539 2.000195e+03 1.947962e+03 6.718381e+01 -1.520500e+02
2.250745e-01 2694 1.884366e+03 1.830560e+03 1.523054e+02 9.335896e+00
2.350927e-01 3121 1.791793e+03 1.736112e+03 -6.564978e+01 -1.339244e+02
2.451974e-01 3255 1.708017e+03 1.650238e+03 1.206856e+02 -3.966265e+01
2.550872e-01 3517 1.595486e+03 1.537188e+03 3.557154e+01 1.428755e+02
2.649947e-01 3813 1.581293e+03 1.518999e+03 4.349929e+01 -1.429903e+02
2.750606e-01 4231 1.470434e+03 1.408123e+03 -3.999435e+01 3.418111e+01
2.851157e-01 4389 1.376854e+03 1.314233e+03 9.262806e+01 -5.626846e+00
2.950080e-01 4717 1.369675e+03 1.303132e+03 3.826538e+01 -9.448700e+01
3.050474e-01 5191 1.308738e+03 1.240835e+03 1.303867e+01 -7.964494e+01
3.151078e-01 5373 1.280462e+03 1.209693e+03 3.671563e+01 4.011332e-01
3.251295e-01 5893 1.250096e+03 1.176700e+03 1.066129e+01 -5.143878e+01
3.352591e-01 6183 1.157180e+03 1.085060e+03 -4.195597e+01 -7.531777e+01
3.451640e-01 6349 1.116470e+03 1.042826e+03 9.682606e+01 -5.696058e+00
3.550965e-01 6993 1.097308e+03 1.020834e+03 2.738445e+01 -2.579468e+01
3.649687e-01 7003 1.066386e+03 9.880636e+02 -1.798222e+01 -1.233524e+01
3.749450e-01 7941 1.035336e+03 9.552211e+02 -1.191080e+01 2.628779e+01
3.851630e-01 8221 9.952889e+02 9.141896e+02 2.926588e+01 -4.986587e+01
3.951752e-01 8449 9.550336e+02 8.732928e+02 -1.032657e+01 -1.656610e+01
4.050872e-01 8931 9.416998e+02 8.571688e+02 -1.341096e+01 -4.422270e+01
4.149904e-01 9289 9.405808e+02 8.521860e+02 2.996679e+01 -6.761023e+01
4.250484e-01 10113 8.956581e+02 8.075488e+02 2.499570e+01 -3.816085e+01
4.350196e-01 10087 8.868610e+02 7.956712e+02 -1.603557e+01 2.112844e+01
4.449689e-01 10998 8.488505e+02 7.577576e+02 7.146731e+00 1.702223e+01
4.550136e-01 11233 8.553002e+02 7.595401e+02 1.411633e+01 -2.537838e+01
4.650240e-01 11991 8.104507e+02 7.159159e+02 3.372375e+00 -5.454190e+00
4.750600e-01 12241 8.015683e+02 7.042222e+02 4.094147e+01 -1.330532e+01
4.850824e-01 13033 7.865789e+02 6.872267e+02 5.083249e+00 -9.870865e+00
4.950626e-01 13227 7.639972e+02 6.637648e+02 -1.702783e+01 -6.446498e+00
5.050218e-01 13993 7.538489e+02 6.511884e+02 7.841987e+00 -2.705974e+01
5.149626e-01 14301 7.424058e+02 6.375826e+02 -1.407751e+00 -3.579685e+00
5.249789e-01 15355 7.104136e+02 6.064445e+02 4.139300e+00 -2.201496e+01
5.350486e-01 15585 7.160464e+02 6.074988e+02 5.518342e+00 1.515664e+01
5.451135e-01 16549 7.053484e+02 5.947048e+02 -3.765937e+00 1.945817e+01
5.551181e-01 16587 6.952161e+02 5.824302e+02 -2.516772e+01 1.363341e+01
5.650424e-01 17461 6.736824e+02 5.607947e+02 -7.127115e+00 -2.251326e+01
5.750589e-01 18177 6.614254e+02 5.469698e+02 -2.379954e+01 2.538903e+01
5.850828e-01 18739 6.512144e+02 5.349135e+02 -1.641677e+01 2.914920e+01
5.950416e-01 19165 6.446630e+02 5.259640e+02 7.138689e-02 -2.041986e+01
6.049746e-01 20013 6.291954e+02 5.098025e+02 6.867902e+00 -1.114313e+01
6.149470e-01 20587 6.276563e+02 5.049958e+02 -7.677918e+00 -1.514888e+00
6.249968e-01 21657 6.108507e+02 4.879574e+02 -1.374364e+01 -2.108283e+00
6.350666e-01 22129 5.985634e+02 4.746288e+02 -4.616004e+00 -8.550627e+00
6.450498e-01 22611 5.955853e+02 4.688159e+02 1.844199e+01 -8.962025e+00
6.549912e-01 23317 5.905194e+02 4.613565e+02 4.470888e+00 -2.530345e+00
6.649535e-01 24222 5.723079e+02 4.437265e+02 4.342455e-01 2.565451e+01
6.749660e-01 24943 5.676137e+02 4.366833e+02 -9.033875e-01 8.238809e+00
6.850252e-01 25921 5.593193e+02 4.269079e+02 -9.080375e+00 -7.323743e+00
6.950284e-01 26253 5.490973e+02 4.157568e+02 4.062598e+00 1.203312e+01
7.049900e-01 27139 5.429833e+02 4.078233e+02 3.678789e+00 2.144263e+00
7.150256e-01 28185 5.381276e+02 4.008540e+02 3.369358e+00 -5.078048e+00
7.250860e-01 28969 5.350656e+02 3.952412e+02 -5.289751e+00 1.092101e+01
7.350183e-01 28887 5.294904e+02 3.878483e+02 3.227190e+00 1.712017e+01
7.450018e-01 30937 5.150213e+02 3.740342e+02 -1.402747e+01 -7.070243e+00
7.551045e-01 31341 5.093600e+02 3.666794e+02 3.052659e-01 -2.578747e+00
7.650666e-01 31555 5.056098e+02 3.607962e+02 6.559840e+00 6.619270e+00
7.750154e-01 33025 4.965294e+02 3.511873e+02 6.388004e+00 -1.911407e+01
7.850634e-01 33921 4.951886e+02 3.470535e+02 5.161925e+00 1.750281e+01
7.950596e-01 34285 4.902795e+02 3.404782e+02 -6.358424e-01 -2.634759e+00
8.050450e-01 35703 4.825352e+02 3.319973e+02 2.184417e+00 -1.506781e+00
8.150563e-01 36205 4.778506e+02 3.257017e+02 -5.647586e+00 -1.095775e+01
8.250795e-01 37485 4.651242e+02 3.140062e+02 -2.570043e+00 -1.883830e+01
8.350885e-01 38047 4.636664e+02 3.100186e+02 3.640096e+00 -6.057696e+00
8.450499e-01 38913 4.599406e+02 3.045495e+02 1.931707e+00 -4.052212e+00
8.550252e-01 39853 4.586342e+02 3.007014e+02 1.399432e+00 8.611910e-01
8.650455e-01 41367 4.476184e+02 2.905676e+02 1.488834e+00 -9.012248e+00
8.750680e-01 41617 4.420715e+02 2.840695e+02 7.724212e-01 -7.368670e+00
8.849916e-01 42430 4.419890e+02 2.811389e+02 1.002760e+00 7.460450e+00
8.949944e-01 44367 4.360141e+02 2.744833e+02 6.301445e+00 5.785812e-01
9.050336e-01 44569 4.295122e+02 2.675735e+02 5.327307e+00 2.551950e+00
9.150411e-01 46089 4.269717e+02 2.631843e+02 -1.131134e-01 1.172222e+00
9.250625e-01 46819 4.190997e+02 2.555804e+02 6.828334e+00 -1.296621e+01
9.350607e-01 47793 4.161957e+02 2.510704e+02 3.710104e+00 1.053706e+01
9.450463e-01 48697 4.140799e+02 2.470847e+02 1.508430e+00 -5.762475e+00
9.549734e-01 49443 4.077570e+02 2.406627e+02 -5.209859e-01 -3.321691e+00
9.649510e-01 51097 4.053790e+02 2.366133e+02 1.078784e+00 -2.592594e+00
9.750082e-01 52453 4.020965e+02 2.320529e+02 -2.583269e+00 -3.020639e+00
9.850290e-01 52947 3.951733e+02 2.254707e+02 3.267674e+00 -1.280458e+01
9.950258e-01 54193 3.942159e+02 2.223571e+02 -2.535489e-01 -7.041855e+00
