# nc 512
# boxsize 1.000000e+03
8.018239e-03 9 2.408797e+03 3.992746e+05 6.618339e+07
1.659868e-02 64 3.998069e+03 6.629726e+05 1.099425e+08
2.586446e-02 157 3.555726e+03 5.893888e+05 9.771242e+07
3.529679e-02 292 2.975844e+03 4.929732e+05 8.169624e+07
4.513097e-02 529 2.520625e+03 4.161350e+05 6.875014e+07
5.555287e-02 820 2.038361e+03 3.358974e+05 5.540954e+07
6.539610e-02 1000 1.804251e+03 2.964825e+05 4.879096e+07
7.523297e-02 1483 1.509153e+03 2.476799e+05 4.072821e+07
8.527687e-02 1792 1.304590e+03 2.131095e+05 3.489966e+07
9.513029e-02 2293 1.015299e+03 1.652416e+05 2.698837e+07
1.052419e-01 2848 8.942767e+02 1.451630e+05 2.366293e+07
1.151206e-01 3232 7.732317e+02 1.251459e+05 2.035851e+07
1.250948e-01 4077 7.374855e+02 1.189693e+05 1.929595e+07
1.351559e-01 4552 6.674684e+02 1.072645e+05 1.734515e+07
1.451184e-01 5377 5.760976e+02 9.230748e+04 1.490165e+07
1.550677e-01 5974 5.022451e+02 8.010209e+04 1.288622e+07
1.650359e-01 6976 4.450574e+02 7.085618e+04 1.139334e+07
1.750550e-01 7717 4.086973e+02 6.467330e+04 1.034643e+07
1.850940e-01 8776 3.798293e+02 5.999039e+04 9.588685e+06
1.950993e-01 9553 3.589504e+02 5.647622e+04 8.998398e+06
2.050639e-01 10660 3.220838e+02 5.041944e+04 8.005734e+06
2.150232e-01 11608 2.882511e+02 4.495016e+04 7.121397e+06
2.250206e-01 12937 2.665944e+02 4.134110e+04 6.521742e+06
2.351002e-01 14062 2.477511e+02 3.826467e+04 6.019623e+06
2.450739e-01 15105 2.307084e+02 3.553386e+04 5.582844e+06
2.550522e-01 16492 2.140730e+02 3.288211e+04 5.159164e+06
2.650604e-01 17821 2.007042e+02 3.067037e+04 4.793370e+06
2.750125e-01 18940 1.869432e+02 2.842461e+04 4.428352e+06
2.850269e-01 20836 1.741433e+02 2.636429e+04 4.094956e+06
2.950518e-01 21949 1.604811e+02 2.416871e+04 3.742759e+06
3.050599e-01 23656 1.528060e+02 2.294467e+04 3.546867e+06
3.149891e-01 24727 1.429001e+02 2.137081e+04 3.296430e+06
3.250379e-01 27400 1.350968e+02 2.010322e+04 3.090274e+06
3.350922e-01 28096 1.283878e+02 1.901428e+04 2.913222e+06
3.450584e-01 30337 1.207862e+02 1.781869e+04 2.724101e+06
3.550604e-01 31696 1.123927e+02 1.651300e+04 2.520303e+06
3.650295e-01 33849 1.082504e+02 1.581638e+04 2.403180e+06
3.750722e-01 35800 1.010869e+02 1.469468e+04 2.227915e+06
3.850647e-01 37348 9.651681e+01 1.397968e+04 2.114399e+06
3.950397e-01 39535 9.124122e+01 1.314863e+04 1.983584e+06
4.050307e-01 41452 8.663244e+01 1.241822e+04 1.867397e+06
4.150177e-01 43669 8.232170e+01 1.174432e+04 1.761836e+06
4.250356e-01 45832 7.796131e+01 1.106467e+04 1.655736e+06
4.350008e-01 47524 7.542824e+01 1.064453e+04 1.586122e+06
4.450186e-01 50761 7.128970e+01 1.003041e+04 1.493514e+06
4.550579e-01 52264 6.800296e+01 9.508590e+03 1.411043e+06
4.650571e-01 54973 6.483360e+01 9.024858e+03 1.336634e+06
4.750553e-01 56890 6.190058e+01 8.584932e+03 1.270195e+06
4.849982e-01 59233 5.940370e+01 8.176131e+03 1.203121e+06
4.949997e-01 62460 5.663748e+01 7.771853e+03 1.143450e+06
5.050400e-01 64660 5.450980e+01 7.427188e+03 1.087308e+06
5.150365e-01 67105 5.231750e+01 7.094674e+03 1.036741e+06
5.250511e-01 70108 4.963471e+01 6.697913e+03 9.769515e+05
5.350611e-01 72421 4.756028e+01 6.379890e+03 9.277991e+05
5.450809e-01 75628 4.589510e+01 6.132787e+03 8.912196e+05
5.550666e-01 77374 4.416007e+01 5.856267e+03 8.467552e+05
5.650248e-01 80965 4.242162e+01 5.599675e+03 8.084553e+05
5.750209e-01 83536 4.062225e+01 5.323311e+03 7.657399e+05
5.849943e-01 86509 3.919836e+01 5.112138e+03 7.335451e+05
5.950118e-01 90088 3.737571e+01 4.849198e+03 6.954377e+05
6.050243e-01 92524 3.628140e+01 4.678659e+03 6.684964e+05
6.150021e-01 95685 3.508301e+01 4.498948e+03 6.413652e+05
6.250268e-01 99460 3.355926e+01 4.275398e+03 6.079451e+05
6.350319e-01 101791 3.239816e+01 4.099945e+03 5.812150e+05
6.450443e-01 105940 3.108766e+01 3.909973e+03 5.535107e+05
6.550363e-01 108040 2.983331e+01 3.731345e+03 5.270645e+05
6.650248e-01 112417 2.900257e+01 3.604279e+03 5.079976e+05
6.749918e-01 114172 2.792318e+01 3.453356e+03 4.861182e+05
6.849838e-01 119989 2.692862e+01 3.308787e+03 4.646166e+05
6.950359e-01 122428 2.605634e+01 3.179918e+03 4.451958e+05
7.050021e-01 125049 2.513295e+01 3.045942e+03 4.253901e+05
7.150185e-01 130682 2.421914e+01 2.913496e+03 4.059426e+05
7.250500e-01 132820 2.352505e+01 2.808837e+03 3.899888e+05
7.350461e-01 137169 2.264421e+01 2.689493e+03 3.731204e+05
7.450354e-01 139912 2.196880e+01 2.591169e+03 3.587918e+05
7.550326e-01 145021 2.118408e+01 2.477700e+03 3.421146e+05
7.650453e-01 148000 2.056791e+01 2.393487e+03 3.299023e+05
7.750260e-01 151840 1.983522e+01 2.287702e+03 3.145035e+05
7.849916e-01 155365 1.913472e+01 2.192257e+03 3.009267e+05
7.950130e-01 161410 1.853565e+01 2.106992e+03 2.884721e+05
8.050563e-01 164341 1.799725e+01 2.028817e+03 2.771002e+05
8.150452e-01 167704 1.743237e+01 1.952457e+03 2.663115e+05
8.250456e-01 172960 1.688893e+01 1.877130e+03 2.555648e+05
8.350307e-01 175597 1.633916e+01 1.801666e+03 2.448014e+05
8.450225e-01 181552 1.586317e+01 1.734321e+03 2.347704e+05
8.550387e-01 185185 1.541049e+01 1.670464e+03 2.258972e+05
8.650410e-01 189576 1.494826e+01 1.605483e+03 2.164685e+05
8.750145e-01 192850 1.448987e+01 1.545099e+03 2.081216e+05
8.849866e-01 198481 1.402113e+01 1.480412e+03 1.990525e+05
8.950163e-01 203908 1.367158e+01 1.432262e+03 1.920438e+05
9.050183e-01 206677 1.325917e+01 1.379653e+03 1.848775e+05
9.150119e-01 212440 1.287436e+01 1.326478e+03 1.773189e+05
9.250146e-01 216544 1.248515e+01 1.274271e+03 1.700757e+05
9.350152e-01 221725 1.214875e+01 1.229557e+03 1.639207e+05
9.450189e-01 226024 1.181969e+01 1.185053e+03 1.575110e+05
9.550021e-01 230515 1.146097e+01 1.138296e+03 1.511762e+05
9.650081e-01 236548 1.110866e+01 1.093109e+03 1.450850e+05
9.750165e-01 240697 1.085801e+01 1.058945e+03 1.401082e+05
9.850258e-01 246264 1.052691e+01 1.016457e+03 1.344483e+05
9.950310e-01 250480 1.023925e+01 9.781740e+02 1.291783e+05
