# nc 512
# boxsize 1.000000e+03
8.018239e-03 9 4.530579e+03 7.527436e+05 1.250674e+08
1.659868e-02 64 4.844549e+03 8.040041e+05 1.334436e+08
2.586446e-02 157 3.977125e+03 6.583078e+05 1.089837e+08
3.529679e-02 292 3.007043e+03 4.983159e+05 8.261058e+07
4.513097e-02 529 2.412591e+03 3.975304e+05 6.555093e+07
5.555287e-02 820 1.940179e+03 3.194148e+05 5.264749e+07
6.539610e-02 1000 1.813149e+03 2.977425e+05 4.896983e+07
7.523297e-02 1483 1.573497e+03 2.577909e+05 4.231772e+07
8.527687e-02 1792 1.251497e+03 2.043882e+05 3.347071e+07
9.513029e-02 2293 1.066520e+03 1.738189e+05 2.842519e+07
1.052419e-01 2848 8.789624e+02 1.428603e+05 2.332259e+07
1.151206e-01 3232 7.870798e+02 1.272717e+05 2.068730e+07
1.250948e-01 4077 7.455288e+02 1.203822e+05 1.954612e+07
1.351559e-01 4552 6.710672e+02 1.080189e+05 1.749889e+07
1.451184e-01 5377 5.896934e+02 9.461694e+04 1.529434e+07
1.550677e-01 5974 5.082123e+02 8.099954e+04 1.302370e+07
1.650359e-01 6976 4.493994e+02 7.157573e+04 1.151337e+07
1.750550e-01 7717 4.099237e+02 6.499627e+04 1.041986e+07
1.850940e-01 8776 3.824932e+02 6.052486e+04 9.692177e+06
1.950993e-01 9553 3.509445e+02 5.525223e+04 8.811884e+06
2.050639e-01 10660 3.248567e+02 5.091958e+04 8.093909e+06
2.150232e-01 11608 2.950334e+02 4.601467e+04 7.287725e+06
2.250206e-01 12937 2.657280e+02 4.126814e+04 6.519819e+06
2.351002e-01 14062 2.506998e+02 3.872948e+04 6.093001e+06
2.450739e-01 15105 2.306255e+02 3.551359e+04 5.576760e+06
2.550522e-01 16492 2.149151e+02 3.296524e+04 5.163856e+06
2.650604e-01 17821 2.038878e+02 3.114598e+04 4.864602e+06
2.750125e-01 18940 1.861962e+02 2.830668e+04 4.409751e+06
2.850269e-01 20836 1.713613e+02 2.592014e+04 4.025565e+06
2.950518e-01 21949 1.640650e+02 2.470194e+04 3.820959e+06
3.050599e-01 23656 1.522306e+02 2.287607e+04 3.539474e+06
3.149891e-01 24727 1.438835e+02 2.149260e+04 3.309943e+06
3.250379e-01 27400 1.350783e+02 2.009218e+04 3.086942e+06
3.350922e-01 28096 1.278368e+02 1.890671e+04 2.892287e+06
3.450584e-01 30337 1.189299e+02 1.751828e+04 2.676410e+06
3.550604e-01 31696 1.128090e+02 1.654937e+04 2.522086e+06
3.650295e-01 33849 1.073699e+02 1.568829e+04 2.385101e+06
3.750722e-01 35800 1.021367e+02 1.484092e+04 2.247734e+06
3.850647e-01 37348 9.600505e+01 1.389849e+04 2.102462e+06
3.950397e-01 39535 9.153539e+01 1.318789e+04 1.988500e+06
4.050307e-01 41452 8.654952e+01 1.238571e+04 1.859627e+06
4.150177e-01 43669 8.245599e+01 1.175211e+04 1.761473e+06
4.250356e-01 45832 7.881538e+01 1.120808e+04 1.679521e+06
4.350008e-01 47524 7.461355e+01 1.053405e+04 1.570527e+06
4.450186e-01 50761 7.116482e+01 1.000989e+04 1.490553e+06
4.550579e-01 52264 6.831815e+01 9.559212e+03 1.418706e+06
4.650571e-01 54973 6.463192e+01 8.991369e+03 1.330741e+06
4.750553e-01 56890 6.190466e+01 8.566228e+03 1.264142e+06
4.849982e-01 59233 5.980651e+01 8.243058e+03 1.213968e+06
4.949997e-01 62460 5.676732e+01 7.776820e+03 1.141991e+06
5.050400e-01 64660 5.456801e+01 7.435611e+03 1.088476e+06
5.150365e-01 67105 5.189647e+01 7.029594e+03 1.026190e+06
5.250511e-01 70108 4.984552e+01 6.726300e+03 9.804862e+05
5.350611e-01 72421 4.772192e+01 6.411752e+03 9.331714e+05
5.450809e-01 75628 4.589223e+01 6.127126e+03 8.890469e+05
5.550666e-01 77374 4.409847e+01 5.857570e+03 8.486542e+05
5.650248e-01 80965 4.234073e+01 5.582975e+03 8.053779e+05
5.750209e-01 83536 4.070804e+01 5.342646e+03 7.691124e+05
5.849943e-01 86509 3.922949e+01 5.116640e+03 7.344440e+05
5.950118e-01 90088 3.768998e+01 4.894098e+03 7.018485e+05
6.050243e-01 92524 3.614346e+01 4.667657e+03 6.678086e+05
6.150021e-01 95685 3.479333e+01 4.461428e+03 6.362572e+05
6.250268e-01 99460 3.347799e+01 4.268345e+03 6.073729e+05
6.350319e-01 101791 3.235359e+01 4.100426e+03 5.820064e+05
6.450443e-01 105940 3.121356e+01 3.936527e+03 5.580284e+05
6.550363e-01 108040 3.000055e+01 3.750436e+03 5.290172e+05
6.650248e-01 112417 2.886204e+01 3.582898e+03 5.042010e+05
6.749918e-01 114172 2.801209e+01 3.459842e+03 4.861538e+05
6.849838e-01 119989 2.694092e+01 3.306222e+03 4.634149e+05
6.950359e-01 122428 2.607822e+01 3.189210e+03 4.471816e+05
7.050021e-01 125049 2.494799e+01 3.023072e+03 4.220787e+05
7.150185e-01 130682 2.422339e+01 2.918282e+03 4.067366e+05
7.250500e-01 132820 2.335602e+01 2.790529e+03 3.877613e+05
7.350461e-01 137169 2.262958e+01 2.688454e+03 3.731937e+05
7.450354e-01 139912 2.199696e+01 2.591790e+03 3.582102e+05
7.550326e-01 145021 2.115314e+01 2.478885e+03 3.424938e+05
7.650453e-01 148000 2.048608e+01 2.383039e+03 3.282322e+05
7.750260e-01 151840 1.984498e+01 2.288263e+03 3.139804e+05
7.849916e-01 155365 1.913958e+01 2.194883e+03 3.013679e+05
7.950130e-01 161410 1.852357e+01 2.108677e+03 2.890134e+05
8.050563e-01 164341 1.795535e+01 2.024927e+03 2.764607e+05
8.150452e-01 167704 1.740975e+01 1.954674e+03 2.670658e+05
8.250456e-01 172960 1.683154e+01 1.872577e+03 2.549480e+05
8.350307e-01 175597 1.637054e+01 1.803335e+03 2.447932e+05
8.450225e-01 181552 1.579445e+01 1.728289e+03 2.343488e+05
8.550387e-01 185185 1.539659e+01 1.669688e+03 2.257420e+05
8.650410e-01 189576 1.492246e+01 1.604619e+03 2.164358e+05
8.750145e-01 192850 1.450637e+01 1.547732e+03 2.080872e+05
8.849866e-01 198481 1.403025e+01 1.485789e+03 1.999956e+05
8.950163e-01 203908 1.365158e+01 1.433644e+03 1.924566e+05
9.050183e-01 206677 1.324798e+01 1.381266e+03 1.853859e+05
9.150119e-01 212440 1.286438e+01 1.327222e+03 1.775681e+05
9.250146e-01 216544 1.248350e+01 1.275821e+03 1.703500e+05
9.350152e-01 221725 1.212916e+01 1.228528e+03 1.637687e+05
9.450189e-01 226024 1.178749e+01 1.182822e+03 1.575330e+05
9.550021e-01 230515 1.145072e+01 1.138967e+03 1.514017e+05
9.650081e-01 236548 1.110697e+01 1.095329e+03 1.455620e+05
9.750165e-01 240697 1.083202e+01 1.055881e+03 1.396670e+05
9.850258e-01 246264 1.052723e+01 1.015900e+03 1.343272e+05
9.950310e-01 250480 1.019147e+01 9.762085e+02 1.290115e+05
