# nc 512
# boxsize 1.000000e+03
8.018239e-03 9 4.329386e+03 7.186115e+05 1.192799e+08
1.659868e-02 64 3.978500e+03 6.592352e+05 1.092411e+08
2.586446e-02 157 3.743370e+03 6.204262e+05 1.028462e+08
3.529679e-02 292 2.590948e+03 4.284268e+05 7.086905e+07
4.513097e-02 529 2.224374e+03 3.672802e+05 6.068951e+07
5.555287e-02 820 2.013385e+03 3.316783e+05 5.469924e+07
6.539610e-02 1000 1.740574e+03 2.857200e+05 4.697002e+07
7.523297e-02 1483 1.528003e+03 2.508084e+05 4.125058e+07
8.527687e-02 1792 1.343924e+03 2.197187e+05 3.601018e+07
9.513029e-02 2293 1.017898e+03 1.657053e+05 2.707094e+07
1.052419e-01 2848 9.188141e+02 1.490142e+05 2.427200e+07
1.151206e-01 3232 7.873016e+02 1.274127e+05 2.072381e+07
1.250948e-01 4077 7.580493e+02 1.221660e+05 1.979370e+07
1.351559e-01 4552 6.726040e+02 1.081255e+05 1.749400e+07
1.451184e-01 5377 5.986064e+02 9.573468e+04 1.542361e+07
1.550677e-01 5974 5.080558e+02 8.100034e+04 1.302740e+07
1.650359e-01 6976 4.433599e+02 7.042359e+04 1.130079e+07
1.750550e-01 7717 4.073288e+02 6.446433e+04 1.031677e+07
1.850940e-01 8776 3.772802e+02 5.950322e+04 9.499963e+06
1.950993e-01 9553 3.546795e+02 5.576786e+04 8.884451e+06
2.050639e-01 10660 3.260649e+02 5.105195e+04 8.105318e+06
2.150232e-01 11608 2.910783e+02 4.544770e+04 7.209546e+06
2.250206e-01 12937 2.715666e+02 4.211682e+04 6.644699e+06
2.351002e-01 14062 2.475836e+02 3.823841e+04 6.017783e+06
2.450739e-01 15105 2.332687e+02 3.596196e+04 5.652755e+06
2.550522e-01 16492 2.157907e+02 3.307923e+04 5.178529e+06
2.650604e-01 17821 2.008615e+02 3.070237e+04 4.799949e+06
2.750125e-01 18940 1.859975e+02 2.829534e+04 4.410004e+06
2.850269e-01 20836 1.731006e+02 2.617349e+04 4.060356e+06
2.950518e-01 21949 1.624311e+02 2.451496e+04 3.803375e+06
3.050599e-01 23656 1.507848e+02 2.264174e+04 3.501278e+06
3.149891e-01 24727 1.433329e+02 2.143974e+04 3.307365e+06
3.250379e-01 27400 1.353009e+02 2.012915e+04 3.093186e+06
3.350922e-01 28096 1.277789e+02 1.893209e+04 2.902776e+06
3.450584e-01 30337 1.217694e+02 1.790676e+04 2.729221e+06
3.550604e-01 31696 1.125968e+02 1.649129e+04 2.510870e+06
3.650295e-01 33849 1.076429e+02 1.571860e+04 2.388752e+06
3.750722e-01 35800 1.020338e+02 1.482137e+04 2.245037e+06
3.850647e-01 37348 9.557246e+01 1.383659e+04 2.093424e+06
3.950397e-01 39535 9.252779e+01 1.334350e+04 2.013574e+06
4.050307e-01 41452 8.765598e+01 1.257312e+04 1.890800e+06
4.150177e-01 43669 8.323470e+01 1.187579e+04 1.780901e+06
4.250356e-01 45832 7.863853e+01 1.115131e+04 1.666866e+06
4.350008e-01 47524 7.495449e+01 1.059909e+04 1.582497e+06
4.450186e-01 50761 7.192387e+01 1.009924e+04 1.500810e+06
4.550579e-01 52264 6.858881e+01 9.579473e+03 1.420080e+06
4.650571e-01 54973 6.523255e+01 9.063088e+03 1.340265e+06
4.750553e-01 56890 6.221703e+01 8.614896e+03 1.272072e+06
4.849982e-01 59233 5.959330e+01 8.209799e+03 1.209249e+06
4.949997e-01 62460 5.655910e+01 7.755138e+03 1.140759e+06
5.050400e-01 64660 5.470139e+01 7.461399e+03 1.093666e+06
5.150365e-01 67105 5.211551e+01 7.062240e+03 1.031716e+06
5.250511e-01 70108 5.009861e+01 6.760895e+03 9.863776e+05
5.350611e-01 72421 4.794646e+01 6.419681e+03 9.326757e+05
5.450809e-01 75628 4.605066e+01 6.136507e+03 8.891782e+05
5.550666e-01 77374 4.441442e+01 5.885584e+03 8.504506e+05
5.650248e-01 80965 4.230349e+01 5.574300e+03 8.040860e+05
5.750209e-01 83536 4.078637e+01 5.341460e+03 7.681219e+05
5.849943e-01 86509 3.923199e+01 5.107022e+03 7.320276e+05
5.950118e-01 90088 3.793780e+01 4.912754e+03 7.029226e+05
6.050243e-01 92524 3.627030e+01 4.677158e+03 6.687616e+05
6.150021e-01 95685 3.507103e+01 4.488868e+03 6.391334e+05
6.250268e-01 99460 3.375525e+01 4.288459e+03 6.086404e+05
6.350319e-01 101791 3.254287e+01 4.116986e+03 5.839401e+05
6.450443e-01 105940 3.122709e+01 3.918845e+03 5.534536e+05
6.550363e-01 108040 3.019893e+01 3.768693e+03 5.313095e+05
6.650248e-01 112417 2.906998e+01 3.606284e+03 5.075606e+05
6.749918e-01 114172 2.806513e+01 3.459484e+03 4.855846e+05
6.849838e-01 119989 2.700130e+01 3.307174e+03 4.631377e+05
6.950359e-01 122428 2.620979e+01 3.192462e+03 4.463535e+05
7.050021e-01 125049 2.522128e+01 3.049598e+03 4.256208e+05
7.150185e-01 130682 2.451933e+01 2.942403e+03 4.089908e+05
7.250500e-01 132820 2.364243e+01 2.817902e+03 3.907946e+05
7.350461e-01 137169 2.287366e+01 2.710267e+03 3.751964e+05
7.450354e-01 139912 2.207738e+01 2.595086e+03 3.583004e+05
7.550326e-01 145021 2.130936e+01 2.488672e+03 3.432091e+05
7.650453e-01 148000 2.059518e+01 2.387020e+03 3.284092e+05
7.750260e-01 151840 1.988182e+01 2.286609e+03 3.137603e+05
7.849916e-01 155365 1.931620e+01 2.208939e+03 3.026525e+05
7.950130e-01 161410 1.868937e+01 2.118862e+03 2.897267e+05
8.050563e-01 164341 1.810429e+01 2.036706e+03 2.777239e+05
8.150452e-01 167704 1.758280e+01 1.962094e+03 2.669933e+05
8.250456e-01 172960 1.703181e+01 1.886125e+03 2.563176e+05
8.350307e-01 175597 1.648289e+01 1.811631e+03 2.458294e+05
8.450225e-01 181552 1.595553e+01 1.739978e+03 2.355045e+05
8.550387e-01 185185 1.546891e+01 1.670446e+03 2.253518e+05
8.650410e-01 189576 1.504088e+01 1.614454e+03 2.176240e+05
8.750145e-01 192850 1.462266e+01 1.553840e+03 2.087488e+05
8.849866e-01 198481 1.415226e+01 1.492001e+03 2.002222e+05
8.950163e-01 203908 1.366081e+01 1.426701e+03 1.911732e+05
9.050183e-01 206677 1.326113e+01 1.373245e+03 1.836855e+05
9.150119e-01 212440 1.296698e+01 1.334445e+03 1.783233e+05
9.250146e-01 216544 1.251227e+01 1.273902e+03 1.700147e+05
9.350152e-01 221725 1.225313e+01 1.236931e+03 1.646172e+05
9.450189e-01 226024 1.184143e+01 1.186377e+03 1.578166e+05
9.550021e-01 230515 1.153971e+01 1.143186e+03 1.515216e+05
9.650081e-01 236548 1.122252e+01 1.101795e+03 1.458474e+05
9.750165e-01 240697 1.092072e+01 1.062793e+03 1.405412e+05
9.850258e-01 246264 1.058213e+01 1.018584e+03 1.345574e+05
9.950310e-01 250480 1.028263e+01 9.790552e+02 1.290880e+05
