# nc 512
# boxsize 1.000000e+03
8.018239e-03 9 6.676618e+03 1.107309e+06 1.836463e+08
1.659868e-02 64 4.457791e+03 7.375532e+05 1.220396e+08
2.586446e-02 157 3.958251e+03 6.554427e+05 1.085556e+08
3.529679e-02 292 3.100835e+03 5.128628e+05 8.485575e+07
4.513097e-02 529 2.404529e+03 3.966849e+05 6.548919e+07
5.555287e-02 820 2.001118e+03 3.293100e+05 5.425092e+07
6.539610e-02 1000 1.855059e+03 3.047470e+05 5.013684e+07
7.523297e-02 1483 1.572270e+03 2.576192e+05 4.229672e+07
8.527687e-02 1792 1.273556e+03 2.083755e+05 3.418915e+07
9.513029e-02 2293 1.039415e+03 1.691105e+05 2.761194e+07
1.052419e-01 2848 9.005658e+02 1.459624e+05 2.375687e+07
1.151206e-01 3232 7.999445e+02 1.294621e+05 2.105797e+07
1.250948e-01 4077 7.246091e+02 1.168174e+05 1.894133e+07
1.351559e-01 4552 6.650900e+02 1.067908e+05 1.726308e+07
1.451184e-01 5377 5.623387e+02 8.995373e+04 1.450435e+07
1.550677e-01 5974 5.167120e+02 8.243047e+04 1.326513e+07
1.650359e-01 6976 4.462970e+02 7.089304e+04 1.137806e+07
1.750550e-01 7717 4.114355e+02 6.516588e+04 1.043653e+07
1.850940e-01 8776 3.827683e+02 6.034308e+04 9.629408e+06
1.950993e-01 9553 3.548272e+02 5.588710e+04 8.918126e+06
2.050639e-01 10660 3.249250e+02 5.090868e+04 8.091051e+06
2.150232e-01 11608 2.967882e+02 4.618383e+04 7.299252e+06
2.250206e-01 12937 2.663235e+02 4.131457e+04 6.521650e+06
2.351002e-01 14062 2.471843e+02 3.817150e+04 6.006429e+06
2.450739e-01 15105 2.280622e+02 3.510307e+04 5.514930e+06
2.550522e-01 16492 2.149666e+02 3.296748e+04 5.164156e+06
2.650604e-01 17821 2.021813e+02 3.087995e+04 4.823034e+06
2.750125e-01 18940 1.865395e+02 2.835764e+04 4.416637e+06
2.850269e-01 20836 1.731628e+02 2.618471e+04 4.064094e+06
2.950518e-01 21949 1.647246e+02 2.479706e+04 3.836686e+06
3.050599e-01 23656 1.531167e+02 2.295059e+04 3.542302e+06
3.149891e-01 24727 1.447476e+02 2.159753e+04 3.323740e+06
3.250379e-01 27400 1.372995e+02 2.040831e+04 3.133047e+06
3.350922e-01 28096 1.278865e+02 1.890197e+04 2.890882e+06
3.450584e-01 30337 1.195586e+02 1.760645e+04 2.688513e+06
3.550604e-01 31696 1.131672e+02 1.656465e+04 2.518735e+06
3.650295e-01 33849 1.066571e+02 1.553734e+04 2.356120e+06
3.750722e-01 35800 1.018695e+02 1.480764e+04 2.244852e+06
3.850647e-01 37348 9.645515e+01 1.394833e+04 2.108408e+06
3.950397e-01 39535 9.232085e+01 1.330617e+04 2.006830e+06
4.050307e-01 41452 8.704658e+01 1.247168e+04 1.875058e+06
4.150177e-01 43669 8.345537e+01 1.189819e+04 1.783929e+06
4.250356e-01 45832 7.899536e+01 1.120491e+04 1.675179e+06
4.350008e-01 47524 7.525405e+01 1.060935e+04 1.580361e+06
4.450186e-01 50761 7.131416e+01 1.001603e+04 1.490223e+06
4.550579e-01 52264 6.815301e+01 9.513809e+03 1.410341e+06
4.650571e-01 54973 6.543865e+01 9.099266e+03 1.346124e+06
4.750553e-01 56890 6.225243e+01 8.601477e+03 1.268294e+06
4.849982e-01 59233 5.982969e+01 8.232402e+03 1.211348e+06
4.949997e-01 62460 5.672059e+01 7.758532e+03 1.138696e+06
5.050400e-01 64660 5.477823e+01 7.460776e+03 1.092630e+06
5.150365e-01 67105 5.244602e+01 7.098216e+03 1.036038e+06
5.250511e-01 70108 5.005441e+01 6.738840e+03 9.814199e+05
5.350611e-01 72421 4.808086e+01 6.440016e+03 9.353238e+05
5.450809e-01 75628 4.627565e+01 6.158183e+03 8.915521e+05
5.550666e-01 77374 4.447361e+01 5.886945e+03 8.504223e+05
5.650248e-01 80965 4.246277e+01 5.590402e+03 8.058976e+05
5.750209e-01 83536 4.078140e+01 5.341168e+03 7.681192e+05
5.849943e-01 86509 3.927374e+01 5.115063e+03 7.345687e+05
5.950118e-01 90088 3.780050e+01 4.892887e+03 7.009960e+05
6.050243e-01 92524 3.639097e+01 4.681029e+03 6.676182e+05
6.150021e-01 95685 3.497611e+01 4.468932e+03 6.358399e+05
6.250268e-01 99460 3.354111e+01 4.258039e+03 6.047295e+05
6.350319e-01 101791 3.255342e+01 4.110937e+03 5.820079e+05
6.450443e-01 105940 3.135177e+01 3.937115e+03 5.564690e+05
6.550363e-01 108040 3.011895e+01 3.753021e+03 5.290420e+05
6.650248e-01 112417 2.901451e+01 3.596921e+03 5.061075e+05
6.749918e-01 114172 2.807286e+01 3.461265e+03 4.863102e+05
6.849838e-01 119989 2.701740e+01 3.305243e+03 4.626397e+05
6.950359e-01 122428 2.609286e+01 3.179815e+03 4.450154e+05
7.050021e-01 125049 2.518720e+01 3.044127e+03 4.245656e+05
7.150185e-01 130682 2.446218e+01 2.935693e+03 4.082266e+05
7.250500e-01 132820 2.352156e+01 2.807068e+03 3.901362e+05
7.350461e-01 137169 2.276447e+01 2.692081e+03 3.723845e+05
7.450354e-01 139912 2.215959e+01 2.603523e+03 3.593050e+05
7.550326e-01 145021 2.128356e+01 2.482694e+03 3.422094e+05
7.650453e-01 148000 2.067848e+01 2.401083e+03 3.308912e+05
7.750260e-01 151840 1.999035e+01 2.300961e+03 3.158750e+05
7.849916e-01 155365 1.922640e+01 2.193561e+03 3.005168e+05
7.950130e-01 161410 1.860838e+01 2.110189e+03 2.888128e+05
8.050563e-01 164341 1.808070e+01 2.034287e+03 2.775908e+05
8.150452e-01 167704 1.755714e+01 1.958792e+03 2.663792e+05
8.250456e-01 172960 1.695144e+01 1.877098e+03 2.550146e+05
8.350307e-01 175597 1.644269e+01 1.802504e+03 2.439860e+05
8.450225e-01 181552 1.596493e+01 1.739638e+03 2.352736e+05
8.550387e-01 185185 1.548349e+01 1.674951e+03 2.261905e+05
8.650410e-01 189576 1.501202e+01 1.608291e+03 2.167739e+05
8.750145e-01 192850 1.449349e+01 1.539779e+03 2.071515e+05
8.849866e-01 198481 1.419524e+01 1.494707e+03 2.005057e+05
8.950163e-01 203908 1.368591e+01 1.430839e+03 1.916595e+05
9.050183e-01 206677 1.333697e+01 1.380938e+03 1.845180e+05
9.150119e-01 212440 1.297152e+01 1.332339e+03 1.777189e+05
9.250146e-01 216544 1.252865e+01 1.276000e+03 1.703524e+05
9.350152e-01 221725 1.214495e+01 1.224673e+03 1.632092e+05
9.450189e-01 226024 1.184509e+01 1.183995e+03 1.572182e+05
9.550021e-01 230515 1.151593e+01 1.138050e+03 1.508195e+05
9.650081e-01 236548 1.120321e+01 1.097433e+03 1.452677e+05
9.750165e-01 240697 1.092487e+01 1.059942e+03 1.399459e+05
9.850258e-01 246264 1.061413e+01 1.020644e+03 1.346219e+05
9.950310e-01 250480 1.029977e+01 9.813968e+02 1.295893e+05
