# nc 512
# boxsize 1.000000e+03
8.018239e-03 9 4.052200e+03 6.721370e+05 1.114898e+08
1.659868e-02 64 4.646811e+03 7.703915e+05 1.277298e+08
2.586446e-02 157 3.753524e+03 6.212206e+05 1.028368e+08
3.529679e-02 292 3.398057e+03 5.619134e+05 9.295543e+07
4.513097e-02 529 2.516795e+03 4.148405e+05 6.842863e+07
5.555287e-02 820 2.158751e+03 3.548422e+05 5.839531e+07
6.539610e-02 1000 1.811862e+03 2.976330e+05 4.897245e+07
7.523297e-02 1483 1.445260e+03 2.369199e+05 3.892844e+07
8.527687e-02 1792 1.323035e+03 2.160116e+05 3.536428e+07
9.513029e-02 2293 1.064763e+03 1.734822e+05 2.836797e+07
1.052419e-01 2848 8.944752e+02 1.451003e+05 2.364209e+07
1.151206e-01 3232 7.906243e+02 1.281162e+05 2.086811e+07
1.250948e-01 4077 7.304660e+02 1.178311e+05 1.912046e+07
1.351559e-01 4552 6.645421e+02 1.068033e+05 1.728010e+07
1.451184e-01 5377 5.709136e+02 9.131339e+04 1.472005e+07
1.550677e-01 5974 5.059209e+02 8.065859e+04 1.297515e+07
1.650359e-01 6976 4.425517e+02 7.019541e+04 1.124830e+07
1.750550e-01 7717 4.130948e+02 6.527043e+04 1.042849e+07
1.850940e-01 8776 3.874321e+02 6.109185e+04 9.749557e+06
1.950993e-01 9553 3.613733e+02 5.671640e+04 9.018234e+06
2.050639e-01 10660 3.248780e+02 5.077172e+04 8.052188e+06
2.150232e-01 11608 2.930848e+02 4.570570e+04 7.242366e+06
2.250206e-01 12937 2.672774e+02 4.148362e+04 6.550818e+06
2.351002e-01 14062 2.473476e+02 3.821266e+04 6.014802e+06
2.450739e-01 15105 2.326040e+02 3.579134e+04 5.617116e+06
2.550522e-01 16492 2.173715e+02 3.332591e+04 5.218201e+06
2.650604e-01 17821 1.990069e+02 3.034503e+04 4.734680e+06
2.750125e-01 18940 1.865534e+02 2.834695e+04 4.414722e+06
2.850269e-01 20836 1.738434e+02 2.630280e+04 4.085391e+06
2.950518e-01 21949 1.635913e+02 2.461442e+04 3.806140e+06
3.050599e-01 23656 1.507410e+02 2.260192e+04 3.491183e+06
3.149891e-01 24727 1.455593e+02 2.173773e+04 3.347282e+06
3.250379e-01 27400 1.349231e+02 2.006415e+04 3.084256e+06
3.350922e-01 28096 1.278468e+02 1.891226e+04 2.896563e+06
3.450584e-01 30337 1.201780e+02 1.769455e+04 2.703060e+06
3.550604e-01 31696 1.136304e+02 1.665784e+04 2.537256e+06
3.650295e-01 33849 1.069549e+02 1.561941e+04 2.374777e+06
3.750722e-01 35800 1.025684e+02 1.487863e+04 2.251778e+06
3.850647e-01 37348 9.664922e+01 1.398073e+04 2.113828e+06
3.950397e-01 39535 9.273853e+01 1.332462e+04 2.004208e+06
4.050307e-01 41452 8.749528e+01 1.252258e+04 1.881685e+06
4.150177e-01 43669 8.241694e+01 1.173537e+04 1.758417e+06
4.250356e-01 45832 7.857999e+01 1.114159e+04 1.665737e+06
4.350008e-01 47524 7.533049e+01 1.062951e+04 1.584320e+06
4.450186e-01 50761 7.165798e+01 1.006229e+04 1.495868e+06
4.550579e-01 52264 6.854423e+01 9.570204e+03 1.418557e+06
4.650571e-01 54973 6.548090e+01 9.093884e+03 1.344578e+06
4.750553e-01 56890 6.267186e+01 8.663086e+03 1.276741e+06
4.849982e-01 59233 5.975050e+01 8.220157e+03 1.209134e+06
4.949997e-01 62460 5.757135e+01 7.872653e+03 1.154611e+06
5.050400e-01 64660 5.451826e+01 7.420946e+03 1.086500e+06
5.150365e-01 67105 5.245857e+01 7.090953e+03 1.033962e+06
5.250511e-01 70108 5.024340e+01 6.770950e+03 9.870318e+05
5.350611e-01 72421 4.795126e+01 6.418837e+03 9.325479e+05
5.450809e-01 75628 4.594765e+01 6.121151e+03 8.874965e+05
5.550666e-01 77374 4.453524e+01 5.893794e+03 8.508156e+05
5.650248e-01 80965 4.250573e+01 5.595818e+03 8.061195e+05
5.750209e-01 83536 4.090117e+01 5.350927e+03 7.685771e+05
5.849943e-01 86509 3.921479e+01 5.096999e+03 7.304753e+05
5.950118e-01 90088 3.793657e+01 4.909087e+03 7.022341e+05
6.050243e-01 92524 3.629357e+01 4.667155e+03 6.656989e+05
6.150021e-01 95685 3.514875e+01 4.497140e+03 6.402096e+05
6.250268e-01 99460 3.387551e+01 4.306993e+03 6.116864e+05
6.350319e-01 101791 3.257711e+01 4.117639e+03 5.836307e+05
6.450443e-01 105940 3.137694e+01 3.941955e+03 5.573407e+05
6.550363e-01 108040 3.011859e+01 3.758913e+03 5.303404e+05
6.650248e-01 112417 2.914664e+01 3.613203e+03 5.079756e+05
6.749918e-01 114172 2.796603e+01 3.442030e+03 4.830787e+05
6.849838e-01 119989 2.711718e+01 3.319927e+03 4.647264e+05
6.950359e-01 122428 2.615738e+01 3.182642e+03 4.448664e+05
7.050021e-01 125049 2.522153e+01 3.041739e+03 4.235234e+05
7.150185e-01 130682 2.445632e+01 2.932092e+03 4.074646e+05
7.250500e-01 132820 2.358191e+01 2.809906e+03 3.898148e+05
7.350461e-01 137169 2.283339e+01 2.699903e+03 3.736086e+05
7.450354e-01 139912 2.208613e+01 2.597911e+03 3.587385e+05
7.550326e-01 145021 2.128873e+01 2.485760e+03 3.428201e+05
7.650453e-01 148000 2.062138e+01 2.390467e+03 3.289596e+05
7.750260e-01 151840 1.996349e+01 2.296023e+03 3.153316e+05
7.849916e-01 155365 1.929919e+01 2.203553e+03 3.017538e+05
7.950130e-01 161410 1.876264e+01 2.128095e+03 2.907868e+05
8.050563e-01 164341 1.813303e+01 2.039050e+03 2.781520e+05
8.150452e-01 167704 1.755088e+01 1.959254e+03 2.667141e+05
8.250456e-01 172960 1.697603e+01 1.879437e+03 2.553569e+05
8.350307e-01 175597 1.638252e+01 1.799250e+03 2.441473e+05
8.450225e-01 181552 1.596955e+01 1.741197e+03 2.355040e+05
8.550387e-01 185185 1.549303e+01 1.676046e+03 2.266011e+05
8.650410e-01 189576 1.501360e+01 1.607789e+03 2.163780e+05
8.750145e-01 192850 1.459244e+01 1.549835e+03 2.082662e+05
8.849866e-01 198481 1.409188e+01 1.486986e+03 1.997885e+05
8.950163e-01 203908 1.376630e+01 1.435979e+03 1.920883e+05
9.050183e-01 206677 1.329754e+01 1.376569e+03 1.841778e+05
9.150119e-01 212440 1.295026e+01 1.330050e+03 1.777129e+05
9.250146e-01 216544 1.257123e+01 1.279302e+03 1.703666e+05
9.350152e-01 221725 1.223111e+01 1.234509e+03 1.641930e+05
9.450189e-01 226024 1.186834e+01 1.184035e+03 1.571194e+05
9.550021e-01 230515 1.151019e+01 1.136058e+03 1.503606e+05
9.650081e-01 236548 1.120596e+01 1.096480e+03 1.451367e+05
9.750165e-01 240697 1.088157e+01 1.057807e+03 1.400186e+05
9.850258e-01 246264 1.062303e+01 1.022060e+03 1.348440e+05
9.950310e-01 250480 1.033629e+01 9.847383e+02 1.296049e+05
