# nc 512
# boxsize 1.000000e+03
8.018239e-03 9 5.273507e+03 8.749253e+05 1.451600e+08
1.659868e-02 64 5.463531e+03 9.042890e+05 1.496816e+08
2.586446e-02 157 4.205711e+03 6.959423e+05 1.151856e+08
3.529679e-02 292 3.038343e+03 5.015404e+05 8.282650e+07
4.513097e-02 529 2.586626e+03 4.261683e+05 7.026720e+07
5.555287e-02 820 2.060916e+03 3.390537e+05 5.584258e+07
6.539610e-02 1000 1.787957e+03 2.933003e+05 4.819337e+07
7.523297e-02 1483 1.521642e+03 2.491181e+05 4.087226e+07
8.527687e-02 1792 1.266902e+03 2.066636e+05 3.380341e+07
9.513029e-02 2293 1.007927e+03 1.636884e+05 2.668097e+07
1.052419e-01 2848 8.594956e+02 1.395579e+05 2.275687e+07
1.151206e-01 3232 8.030084e+02 1.300098e+05 2.115572e+07
1.250948e-01 4077 7.467346e+02 1.205450e+05 1.956908e+07
1.351559e-01 4552 6.577067e+02 1.057850e+05 1.712592e+07
1.451184e-01 5377 5.859597e+02 9.387882e+04 1.515246e+07
1.550677e-01 5974 5.074418e+02 8.085677e+04 1.299550e+07
1.650359e-01 6976 4.517984e+02 7.178047e+04 1.152008e+07
1.750550e-01 7717 4.114329e+02 6.516773e+04 1.043686e+07
1.850940e-01 8776 3.792510e+02 5.987748e+04 9.566545e+06
1.950993e-01 9553 3.575998e+02 5.627362e+04 8.971972e+06
2.050639e-01 10660 3.278719e+02 5.136738e+04 8.162841e+06
2.150232e-01 11608 2.913985e+02 4.544553e+04 7.199564e+06
2.250206e-01 12937 2.641208e+02 4.103875e+04 6.488580e+06
2.351002e-01 14062 2.474911e+02 3.824180e+04 6.019136e+06
2.450739e-01 15105 2.277963e+02 3.508391e+04 5.512790e+06
2.550522e-01 16492 2.158817e+02 3.313177e+04 5.192806e+06
2.650604e-01 17821 2.008396e+02 3.065966e+04 4.789740e+06
2.750125e-01 18940 1.889269e+02 2.869683e+04 4.465609e+06
2.850269e-01 20836 1.753181e+02 2.649430e+04 4.109011e+06
2.950518e-01 21949 1.626192e+02 2.444750e+04 3.779843e+06
3.050599e-01 23656 1.520387e+02 2.280670e+04 3.523476e+06
3.149891e-01 24727 1.453091e+02 2.168361e+04 3.335817e+06
3.250379e-01 27400 1.372411e+02 2.043495e+04 3.141836e+06
3.350922e-01 28096 1.268641e+02 1.877646e+04 2.876666e+06
3.450584e-01 30337 1.197775e+02 1.765266e+04 2.697652e+06
3.550604e-01 31696 1.142575e+02 1.674441e+04 2.549668e+06
3.650295e-01 33849 1.074216e+02 1.568317e+04 2.383647e+06
3.750722e-01 35800 1.010798e+02 1.468464e+04 2.225679e+06
3.850647e-01 37348 9.655959e+01 1.397009e+04 2.111743e+06
3.950397e-01 39535 9.110098e+01 1.310631e+04 1.975697e+06
4.050307e-01 41452 8.734920e+01 1.252814e+04 1.884592e+06
4.150177e-01 43669 8.288277e+01 1.181404e+04 1.770873e+06
4.250356e-01 45832 7.828143e+01 1.111316e+04 1.663002e+06
4.350008e-01 47524 7.556444e+01 1.066615e+04 1.589786e+06
4.450186e-01 50761 7.095859e+01 9.963759e+03 1.482343e+06
4.550579e-01 52264 6.774724e+01 9.460018e+03 1.403216e+06
4.650571e-01 54973 6.480382e+01 9.012526e+03 1.334216e+06
4.750553e-01 56890 6.239024e+01 8.635510e+03 1.274473e+06
4.849982e-01 59233 5.933809e+01 8.176321e+03 1.204682e+06
4.949997e-01 62460 5.673144e+01 7.762961e+03 1.139163e+06
5.050400e-01 64660 5.414790e+01 7.374987e+03 1.080231e+06
5.150365e-01 67105 5.229304e+01 7.078988e+03 1.033707e+06
5.250511e-01 70108 4.979755e+01 6.708814e+03 9.779845e+05
5.350611e-01 72421 4.751920e+01 6.373556e+03 9.276681e+05
5.450809e-01 75628 4.618558e+01 6.158402e+03 8.930512e+05
5.550666e-01 77374 4.426072e+01 5.866961e+03 8.482294e+05
5.650248e-01 80965 4.236632e+01 5.591348e+03 8.075816e+05
5.750209e-01 83536 4.082512e+01 5.351910e+03 7.701874e+05
5.849943e-01 86509 3.933803e+01 5.127336e+03 7.358482e+05
5.950118e-01 90088 3.788640e+01 4.902319e+03 7.006714e+05
6.050243e-01 92524 3.641191e+01 4.689124e+03 6.690301e+05
6.150021e-01 95685 3.491258e+01 4.474015e+03 6.383604e+05
6.250268e-01 99460 3.364162e+01 4.282582e+03 6.088796e+05
6.350319e-01 101791 3.238174e+01 4.094603e+03 5.805659e+05
6.450443e-01 105940 3.120285e+01 3.920050e+03 5.544148e+05
6.550363e-01 108040 3.009121e+01 3.757738e+03 5.300869e+05
6.650248e-01 112417 2.889363e+01 3.592007e+03 5.067707e+05
6.749918e-01 114172 2.805393e+01 3.457701e+03 4.853490e+05
6.849838e-01 119989 2.699077e+01 3.303984e+03 4.627491e+05
6.950359e-01 122428 2.612635e+01 3.179179e+03 4.443359e+05
7.050021e-01 125049 2.528932e+01 3.060694e+03 4.269977e+05
7.150185e-01 130682 2.434673e+01 2.922454e+03 4.069079e+05
7.250500e-01 132820 2.355952e+01 2.810508e+03 3.900719e+05
7.350461e-01 137169 2.283683e+01 2.704677e+03 3.745572e+05
7.450354e-01 139912 2.191845e+01 2.580490e+03 3.572002e+05
7.550326e-01 145021 2.129740e+01 2.486663e+03 3.427298e+05
7.650453e-01 148000 2.056733e+01 2.387121e+03 3.290766e+05
7.750260e-01 151840 1.977761e+01 2.275625e+03 3.127537e+05
7.849916e-01 155365 1.920704e+01 2.193730e+03 3.009465e+05
7.950130e-01 161410 1.861497e+01 2.112045e+03 2.887779e+05
8.050563e-01 164341 1.812470e+01 2.039253e+03 2.779000e+05
8.150452e-01 167704 1.748632e+01 1.951351e+03 2.655216e+05
8.250456e-01 172960 1.688947e+01 1.869744e+03 2.541497e+05
8.350307e-01 175597 1.646023e+01 1.806474e+03 2.448782e+05
8.450225e-01 181552 1.588710e+01 1.734899e+03 2.351381e+05
8.550387e-01 185185 1.541543e+01 1.665373e+03 2.248364e+05
8.650410e-01 189576 1.499627e+01 1.607000e+03 2.166038e+05
8.750145e-01 192850 1.453537e+01 1.545321e+03 2.078253e+05
8.849866e-01 198481 1.411907e+01 1.486516e+03 1.994625e+05
8.950163e-01 203908 1.365724e+01 1.427020e+03 1.911199e+05
9.050183e-01 206677 1.328609e+01 1.377109e+03 1.842846e+05
9.150119e-01 212440 1.291746e+01 1.326138e+03 1.770464e+05
9.250146e-01 216544 1.258452e+01 1.281791e+03 1.708207e+05
9.350152e-01 221725 1.218159e+01 1.228117e+03 1.633661e+05
9.450189e-01 226024 1.181839e+01 1.181742e+03 1.571041e+05
9.550021e-01 230515 1.150811e+01 1.141127e+03 1.515994e+05
9.650081e-01 236548 1.119820e+01 1.097900e+03 1.453328e+05
9.750165e-01 240697 1.084079e+01 1.056142e+03 1.399205e+05
9.850258e-01 246264 1.060203e+01 1.020344e+03 1.346456e+05
9.950310e-01 250480 1.023489e+01 9.750972e+02 1.287492e+05
