# text fof file
# logMmin 1.200000e+01 -> nfof_min 133
# boxsize 600.000000
# density total 3.958300e+04 3.958300e+04; rel difference 4.022408e-10
# nbar 1.832546e-04
1.483274e-02 13 4.943979e+04 5.488986e+04 -3.289914e+02 -5.262652e+04
2.513187e-02 33 6.908723e+04 7.451630e+04 -1.169467e+04 -1.508565e+04
3.574650e-02 79 3.922954e+04 4.465452e+04 1.860477e+04 2.932457e+03
4.583347e-02 105 4.386125e+04 4.925853e+04 -2.524940e+03 -1.027840e+04
5.486964e-02 145 3.429207e+04 3.968045e+04 -1.389945e+04 8.738201e+03
6.471857e-02 243 3.270862e+04 3.807439e+04 -1.758979e+03 -2.271283e+04
7.503996e-02 313 3.044204e+04 3.578375e+04 6.538308e+03 -5.141369e+02
8.485495e-02 369 2.356333e+04 2.890117e+04 6.523506e+02 3.767120e+03
9.528688e-02 571 2.178442e+04 2.710047e+04 -1.141006e+03 -8.332224e+02
1.059290e-01 601 1.771046e+04 2.301941e+04 1.176276e+03 -7.765430e+02
1.156806e-01 705 1.651432e+04 2.180389e+04 3.845442e+03 6.512434e+01
1.255756e-01 883 1.430858e+04 1.958828e+04 -1.056914e+03 -1.854619e+03
1.352378e-01 909 1.370596e+04 1.896423e+04 1.492145e+03 8.621092e+02
1.449493e-01 1177 1.424477e+04 1.946657e+04 1.588680e+03 -6.973975e+02
1.550659e-01 1323 1.174769e+04 1.696948e+04 -1.273246e+03 8.598780e+02
1.649601e-01 1453 1.125722e+04 1.645617e+04 -8.231278e+02 4.924157e+01
1.749597e-01 1701 1.055360e+04 1.573326e+04 -1.466732e+03 -1.060908e+03
1.852437e-01 1963 9.971130e+03 1.512838e+04 -4.897378e+02 -6.753751e+02
1.951071e-01 1933 9.302432e+03 1.444141e+04 4.519587e+02 8.095572e+02
2.049888e-01 2397 8.614438e+03 1.373743e+04 -8.901957e+02 -1.065971e+03
2.151844e-01 2539 7.997551e+03 1.310255e+04 -9.319133e+02 -5.863404e+02
2.250745e-01 2694 7.676834e+03 1.275888e+04 2.526920e+01 5.967452e+02
2.350927e-01 3121 7.266845e+03 1.232775e+04 -5.663007e+01 -1.033593e+03
2.451974e-01 3255 6.883993e+03 1.192375e+04 4.843100e+02 4.672380e+02
2.550872e-01 3517 6.674427e+03 1.168810e+04 -4.378661e+02 -8.470424e+01
2.649947e-01 3813 6.177814e+03 1.117705e+04 -7.562355e+02 -8.063488e+02
2.750606e-01 4231 5.858169e+03 1.083602e+04 2.944374e+02 -6.291357e+01
2.851157e-01 4389 5.727558e+03 1.067656e+04 -8.618544e+01 4.025361e+02
2.950080e-01 4717 5.780815e+03 1.069215e+04 5.892759e+00 5.054120e+02
3.050474e-01 5191 5.437333e+03 1.032926e+04 2.283628e+02 -3.538641e+01
3.151078e-01 5373 5.139554e+03 1.001155e+04 4.094209e+02 5.803156e+02
3.251295e-01 5893 5.056153e+03 9.896304e+03 -3.839388e+02 -5.068428e+02
3.352591e-01 6183 4.859711e+03 9.674252e+03 -8.632887e+01 1.693439e+02
3.451640e-01 6349 4.829536e+03 9.608612e+03 1.576726e+02 1.261066e+02
3.550965e-01 6993 4.396400e+03 9.167764e+03 -2.763949e+02 -1.340974e+02
3.649687e-01 7003 4.331011e+03 9.069730e+03 1.968007e+02 -2.488215e+02
3.749450e-01 7941 4.359113e+03 9.057604e+03 -1.918246e+02 -2.164383e+02
3.851630e-01 8221 4.034680e+03 8.719307e+03 3.182027e+01 -1.786490e+02
3.951752e-01 8449 4.175670e+03 8.809217e+03 -9.663084e+01 -3.522868e+02
4.050872e-01 8931 3.917794e+03 8.534572e+03 -1.946348e+02 -2.234089e+02
4.149904e-01 9289 3.723618e+03 8.319136e+03 -7.614993e+01 -2.380095e+01
4.250484e-01 10113 3.688361e+03 8.247173e+03 5.334989e+01 1.042755e+02
4.350196e-01 10087 3.527309e+03 8.062296e+03 3.223677e+02 2.467588e+02
4.449689e-01 10998 3.431488e+03 7.936520e+03 4.849700e+02 -1.714402e+02
4.550136e-01 11233 3.397696e+03 7.865343e+03 2.279843e+02 -1.180950e+02
4.650240e-01 11991 3.373121e+03 7.802280e+03 -2.367548e+02 9.078005e+01
4.750600e-01 12241 3.258320e+03 7.659454e+03 3.143072e+02 2.791494e+02
4.850824e-01 13033 2.961521e+03 7.358014e+03 -2.142959e+02 8.903249e+01
4.950626e-01 13227 2.995807e+03 7.346918e+03 4.905444e+01 -3.520215e+02
5.050218e-01 13993 2.933334e+03 7.251191e+03 1.055343e+02 -2.943990e+02
5.149626e-01 14301 2.898541e+03 7.179211e+03 -8.626986e+01 1.516444e+02
5.249789e-01 15355 2.836640e+03 7.083568e+03 -3.130327e+02 6.205033e+01
5.350486e-01 15585 2.726168e+03 6.946821e+03 7.240106e+01 7.299305e+01
5.451135e-01 16549 2.765958e+03 6.937205e+03 -1.552010e+02 -7.078044e+01
5.551181e-01 16587 2.630693e+03 6.780359e+03 2.382002e+01 -2.126345e+02
5.650424e-01 17461 2.609503e+03 6.719832e+03 1.191397e+02 -2.324845e+01
5.750589e-01 18177 2.485463e+03 6.573422e+03 9.118127e+01 -2.387916e+02
5.850828e-01 18739 2.444241e+03 6.495814e+03 -9.263688e+01 -1.112607e+02
5.950416e-01 19165 2.194860e+03 6.249073e+03 -6.668840e+01 -1.757823e+02
6.049746e-01 20013 2.393668e+03 6.367544e+03 -1.456493e+02 -2.355657e+02
6.149470e-01 20587 2.186083e+03 6.156578e+03 6.011972e+00 2.002593e+02
6.249968e-01 21657 2.381959e+03 6.269186e+03 -1.664957e+02 -1.436803e+01
6.350666e-01 22129 2.176422e+03 6.060942e+03 1.361201e+02 -7.293162e+01
6.450498e-01 22611 2.145633e+03 5.992750e+03 -8.531316e+01 -4.053668e+02
6.549912e-01 23317 2.093962e+03 5.908334e+03 -1.202977e+02 -1.412618e+02
6.649535e-01 24222 2.000759e+03 5.791689e+03 1.125938e+02 -2.189605e+00
6.749660e-01 24943 2.064367e+03 5.796511e+03 1.633279e+02 -1.129004e+02
6.850252e-01 25921 2.061869e+03 5.749524e+03 -3.397064e+01 -9.417634e+01
6.950284e-01 26253 1.920213e+03 5.597000e+03 -9.944978e+01 4.587132e+00
7.049900e-01 27139 1.895879e+03 5.534532e+03 -1.771076e+02 -5.680722e+01
7.150256e-01 28185 1.862646e+03 5.464755e+03 -1.762297e+02 3.704179e+01
7.250860e-01 28969 1.858935e+03 5.417233e+03 8.563052e+01 7.520314e+01
7.350183e-01 28887 1.790760e+03 5.322986e+03 -8.728481e+01 6.888229e+01
7.450018e-01 30937 1.806179e+03 5.289241e+03 -5.950190e+01 -7.683357e+01
7.551045e-01 31341 1.750802e+03 5.204014e+03 -1.403208e+02 -1.394390e+02
7.650666e-01 31555 1.779288e+03 5.179883e+03 4.286581e+01 1.041984e+00
7.750154e-01 33025 1.665483e+03 5.054379e+03 -1.365241e+00 -1.498651e+01
7.850634e-01 33921 1.682829e+03 5.021701e+03 1.242149e+01 -8.236980e+01
7.950596e-01 34285 1.667612e+03 4.966355e+03 1.431381e+01 7.092337e+00
8.050450e-01 35703 1.626479e+03 4.893224e+03 -1.857135e+01 7.310152e+01
8.150563e-01 36205 1.574970e+03 4.813208e+03 -6.953317e+00 -1.633456e+01
8.250795e-01 37485 1.538270e+03 4.743881e+03 1.833717e+00 5.698437e+00
8.350885e-01 38047 1.478285e+03 4.659372e+03 1.213227e+02 -2.370955e+01
8.450499e-01 38913 1.498912e+03 4.628945e+03 -8.503725e+01 -5.340947e+01
8.550252e-01 39853 1.493762e+03 4.581496e+03 1.420970e-01 1.565795e+02
8.650455e-01 41367 1.470243e+03 4.521784e+03 -1.231775e+02 3.449840e+00
8.750680e-01 41617 1.389912e+03 4.425783e+03 -8.034133e+01 -7.713554e+01
8.849916e-01 42430 1.366302e+03 4.367525e+03 9.234337e+01 2.059422e+02
8.949944e-01 44367 1.331673e+03 4.302192e+03 -5.157874e+01 -1.043088e+02
9.050336e-01 44569 1.311994e+03 4.246428e+03 5.973751e+01 1.027865e+02
9.150411e-01 46089 1.339149e+03 4.219837e+03 -3.191363e+01 -5.899683e+01
9.250625e-01 46819 1.348911e+03 4.182309e+03 1.974355e+02 7.243314e+01
9.350607e-01 47793 1.287124e+03 4.101724e+03 -6.354634e+01 1.412944e+02
9.450463e-01 48697 1.250344e+03 4.036852e+03 3.218887e+01 1.328638e+02
9.549734e-01 49443 1.220026e+03 3.976611e+03 8.628645e+01 4.688446e+01
9.649510e-01 51097 1.250507e+03 3.952060e+03 -6.115305e+01 1.161948e+02
9.750082e-01 52453 1.188065e+03 3.873228e+03 3.114999e+01 1.160444e+02
9.850290e-01 52947 1.139068e+03 3.803193e+03 2.999339e+01 -2.388057e+01
9.950258e-01 54193 1.166301e+03 3.776892e+03 8.943719e+01 1.932110e+02
