# text fof file
# logMmin 1.200000e+01 -> nfof_min 133
# boxsize 600.000000
# density total 3.966900e+04 3.966900e+04; rel difference 1.984496e-11
# nbar 1.836528e-04
1.483274e-02 13 1.207752e+05 1.262047e+05 3.233326e+04 -3.552143e+04
2.513187e-02 33 8.129513e+04 8.670871e+04 -7.222788e+03 2.654597e+04
3.574650e-02 79 5.190301e+04 5.730770e+04 1.795181e+04 4.654320e+04
4.583347e-02 105 3.937935e+04 4.477052e+04 -9.027635e+03 1.834847e+04
5.486964e-02 145 3.648496e+04 4.185802e+04 2.392494e+04 2.847094e+04
6.471857e-02 243 3.369921e+04 3.905110e+04 -5.359824e+03 -3.460930e+03
7.503996e-02 313 2.616579e+04 3.150933e+04 4.854734e+03 6.852330e+03
8.485495e-02 369 2.542676e+04 3.074484e+04 -4.424346e+03 3.164368e+02
9.528688e-02 571 2.165933e+04 2.696491e+04 3.637946e+03 1.087227e+02
1.059290e-01 601 1.686452e+04 2.216741e+04 1.422298e+03 2.498649e+03
1.156806e-01 705 1.690108e+04 2.217574e+04 8.721403e+02 3.305939e+03
1.255756e-01 883 1.632514e+04 2.157512e+04 1.418818e+03 -6.803898e+03
1.352378e-01 909 1.589548e+04 2.111848e+04 3.474293e+02 1.376811e+03
1.449493e-01 1177 1.320077e+04 1.842337e+04 2.334369e+03 1.928463e+03
1.550659e-01 1323 1.182478e+04 1.703442e+04 -2.618823e+02 -2.399655e+03
1.649601e-01 1453 1.040919e+04 1.560974e+04 6.897548e+02 -1.079897e+03
1.749597e-01 1701 1.079303e+04 1.595600e+04 -5.425378e+02 4.773765e+02
1.852437e-01 1963 9.820149e+03 1.496857e+04 -3.143159e+02 -9.224429e+02
1.951071e-01 1933 9.411618e+03 1.453702e+04 -4.743779e+02 -2.194491e+02
2.049888e-01 2397 9.112731e+03 1.421222e+04 9.835421e+02 -7.847081e+01
2.151844e-01 2539 8.198806e+03 1.328764e+04 9.199432e+02 -3.512595e+02
2.250745e-01 2694 7.887159e+03 1.295165e+04 1.074051e+03 4.388125e+02
2.350927e-01 3121 7.206208e+03 1.225744e+04 3.373136e+02 -4.779288e+02
2.451974e-01 3255 7.612043e+03 1.261568e+04 -7.349967e+02 6.959103e+02
2.550872e-01 3517 6.788991e+03 1.178732e+04 -5.644566e+02 5.044246e+02
2.649947e-01 3813 6.980421e+03 1.193624e+04 1.250415e+02 4.324432e+02
2.750606e-01 4231 6.239383e+03 1.118955e+04 5.526509e+02 -3.245174e+02
2.851157e-01 4389 5.786264e+03 1.072096e+04 -1.961927e+02 6.033449e+01
2.950080e-01 4717 5.765931e+03 1.066650e+04 4.766575e+01 -5.047810e+02
3.050474e-01 5191 5.188333e+03 1.008212e+04 -4.111492e+01 2.429219e+02
3.151078e-01 5373 5.478457e+03 1.032026e+04 6.912209e+01 1.270039e+01
3.251295e-01 5893 5.108578e+03 9.934672e+03 -1.729937e+02 -8.872202e+02
3.352591e-01 6183 4.820836e+03 9.626554e+03 -3.117114e+02 -4.314368e+02
3.451640e-01 6349 4.734464e+03 9.508750e+03 3.604639e+02 -5.071025e+01
3.550965e-01 6993 4.723798e+03 9.461106e+03 -3.083689e+02 3.054680e+02
3.649687e-01 7003 4.490005e+03 9.206248e+03 -1.558357e+01 -1.294679e+02
3.749450e-01 7941 4.444535e+03 9.125178e+03 3.721804e+02 3.784899e+02
3.851630e-01 8221 4.196909e+03 8.857473e+03 -3.108065e+02 -2.072092e+02
3.951752e-01 8449 4.035078e+03 8.670055e+03 2.596523e+02 -1.624658e+02
4.050872e-01 8931 3.772578e+03 8.391491e+03 -2.050142e-01 -4.491638e+02
4.149904e-01 9289 3.781584e+03 8.360752e+03 -5.929752e+01 -5.797280e+02
4.250484e-01 10113 3.695620e+03 8.242964e+03 -9.959910e+01 -4.092859e+02
4.350196e-01 10087 3.526923e+03 8.051217e+03 4.013833e+02 3.315889e+02
4.449689e-01 10998 3.528821e+03 8.012827e+03 -1.619887e+02 -4.208512e+02
4.550136e-01 11233 3.512363e+03 7.956668e+03 4.198544e+02 6.685598e+02
4.650240e-01 11991 3.325715e+03 7.749991e+03 2.537164e+01 2.174326e+02
4.750600e-01 12241 3.282638e+03 7.670455e+03 -2.358462e+00 -1.314632e+02
4.850824e-01 13033 3.204056e+03 7.559677e+03 2.963249e+02 -3.738959e+02
4.950626e-01 13227 3.157470e+03 7.476710e+03 2.100235e+01 -4.154112e+02
5.050218e-01 13993 2.975366e+03 7.277167e+03 2.049626e+01 -1.135833e+02
5.149626e-01 14301 2.948188e+03 7.211572e+03 1.100502e+02 -1.316934e+02
5.249789e-01 15355 2.861065e+03 7.094290e+03 -3.203239e+02 -3.265722e+01
5.350486e-01 15585 2.706757e+03 6.920392e+03 1.690147e+02 -1.927701e+02
5.451135e-01 16549 2.779947e+03 6.939056e+03 -1.189990e+02 1.737444e+01
5.551181e-01 16587 2.729675e+03 6.853209e+03 -1.869927e+02 -2.959468e+01
5.650424e-01 17461 2.646599e+03 6.740685e+03 -1.648078e+02 -3.168512e+02
5.750589e-01 18177 2.474404e+03 6.554493e+03 -1.727240e+02 -3.130803e+02
5.850828e-01 18739 2.604682e+03 6.618023e+03 -1.174252e+02 -1.181373e+02
5.950416e-01 19165 2.417362e+03 6.420961e+03 1.033581e+01 -4.853911e+02
6.049746e-01 20013 2.353582e+03 6.325634e+03 -6.438678e+01 -1.405899e+02
6.149470e-01 20587 2.266396e+03 6.211543e+03 -1.124356e+02 -2.425422e+02
6.249968e-01 21657 2.270168e+03 6.170567e+03 8.374015e+01 -7.307862e+01
6.350666e-01 22129 2.174554e+03 6.049966e+03 1.289297e+02 4.450150e+01
6.450498e-01 22611 2.171223e+03 6.003480e+03 5.208097e+01 5.393875e+01
6.549912e-01 23317 2.096413e+03 5.900736e+03 -8.026000e+01 -2.367178e+02
6.649535e-01 24222 2.093774e+03 5.854775e+03 5.001437e+01 -2.179355e+02
6.749660e-01 24943 2.064516e+03 5.787441e+03 2.126425e+02 -1.888731e+02
6.850252e-01 25921 1.936852e+03 5.645066e+03 5.805385e+01 -2.430438e+02
6.950284e-01 26253 1.937248e+03 5.601054e+03 -2.977374e+01 -5.155624e+01
7.049900e-01 27139 1.985468e+03 5.592760e+03 1.518678e+02 8.520266e+00
7.150256e-01 28185 1.875089e+03 5.465312e+03 6.577287e+01 -8.752427e+01
7.250860e-01 28969 1.877528e+03 5.422329e+03 3.055110e+01 -1.675291e+02
7.350183e-01 28887 1.819327e+03 5.335104e+03 1.840304e+02 -2.084541e+02
7.450018e-01 30937 1.799497e+03 5.275887e+03 5.205910e+01 -5.718573e+01
7.551045e-01 31341 1.760963e+03 5.202804e+03 4.370839e-01 1.027732e+02
7.650666e-01 31555 1.774284e+03 5.167670e+03 5.904286e+01 -1.914149e+02
7.750154e-01 33025 1.703812e+03 5.073057e+03 -2.141372e+01 -3.128394e+02
7.850634e-01 33921 1.700442e+03 5.025758e+03 -7.325770e+01 -5.344554e+01
7.950596e-01 34285 1.629661e+03 4.931592e+03 1.259155e+01 1.730214e+01
8.050450e-01 35703 1.577462e+03 4.851323e+03 1.115449e+02 2.725410e+01
8.150563e-01 36205 1.574409e+03 4.804714e+03 7.209439e+01 -1.628965e+02
8.250795e-01 37485 1.594768e+03 4.773990e+03 1.166909e+02 -5.258517e+01
8.350885e-01 38047 1.465660e+03 4.642922e+03 1.907470e+02 -1.274496e+02
8.450499e-01 38913 1.451613e+03 4.589854e+03 2.338236e+02 -6.448277e+01
8.550252e-01 39853 1.490901e+03 4.571742e+03 -5.638700e+01 3.580985e+01
8.650455e-01 41367 1.373438e+03 4.451310e+03 -1.619010e+01 -9.978685e+01
8.750680e-01 41617 1.390384e+03 4.418478e+03 1.191667e+02 9.869479e+01
8.849916e-01 42430 1.338431e+03 4.342080e+03 1.016287e+02 -4.364663e+01
8.949944e-01 44367 1.350466e+03 4.306513e+03 1.143719e+02 1.068467e+01
9.050336e-01 44569 1.331062e+03 4.250830e+03 -1.663050e+01 -4.010905e+01
9.150411e-01 46089 1.266013e+03 4.167491e+03 4.409100e+01 -3.166694e+00
9.250625e-01 46819 1.256698e+03 4.118832e+03 4.760342e+01 -2.340445e+02
9.350607e-01 47793 1.212251e+03 4.049350e+03 -6.400397e+01 1.040872e+02
9.450463e-01 48697 1.124233e+03 3.954448e+03 4.258725e+01 -6.741971e+00
9.549734e-01 49443 1.141204e+03 3.923073e+03 -3.831735e+01 -5.210046e+01
9.649510e-01 51097 1.218194e+03 3.926231e+03 9.563011e+01 -5.007120e+01
9.750082e-01 52453 1.133764e+03 3.834995e+03 -2.765231e+01 -1.162592e+02
9.850290e-01 52947 1.140032e+03 3.796939e+03 7.348977e+01 4.323722e+01
9.950258e-01 54193 1.112536e+03 3.739878e+03 -9.219674e+00 -1.426055e+02
