8.018239e-03 9 1.175763e+04
1.659868e-02 64 1.718303e+04
2.586446e-02 157 1.626185e+04
3.529679e-02 292 1.138135e+04
4.513097e-02 529 8.282752e+03
5.555287e-02 820 7.208368e+03
6.539610e-02 1000 6.752199e+03
7.523297e-02 1483 5.555890e+03
8.527687e-02 1792 4.743505e+03
9.513029e-02 2293 3.817221e+03
1.052419e-01 2848 3.184959e+03
1.151206e-01 3232 3.001563e+03
1.250948e-01 4077 2.708700e+03
1.351559e-01 4552 2.460616e+03
1.451184e-01 5377 2.256833e+03
1.550677e-01 5974 1.952934e+03
1.650359e-01 6976 1.774254e+03
1.750550e-01 7717 1.628754e+03
1.850940e-01 8776 1.549235e+03
1.950993e-01 9553 1.455753e+03
2.050639e-01 10660 1.315744e+03
2.150232e-01 11608 1.215281e+03
2.250206e-01 12937 1.135929e+03
2.351002e-01 14062 1.072634e+03
2.450739e-01 15105 1.026437e+03
2.550522e-01 16492 9.618437e+02
2.650604e-01 17821 8.930941e+02
2.750125e-01 18940 8.540267e+02
2.850269e-01 20836 8.117689e+02
2.950518e-01 21949 7.757012e+02
3.050599e-01 23656 7.481397e+02
3.149891e-01 24727 7.136770e+02
3.250379e-01 27400 6.709197e+02
3.350922e-01 28096 6.600053e+02
3.450584e-01 30337 6.283245e+02
3.550604e-01 31696 6.052284e+02
3.650295e-01 33849 5.787459e+02
3.750722e-01 35800 5.630621e+02
3.850647e-01 37348 5.465198e+02
3.950397e-01 39535 5.306708e+02
4.050307e-01 41452 5.052143e+02
4.150177e-01 43669 4.954781e+02
4.250356e-01 45832 4.787178e+02
4.350008e-01 47524 4.645428e+02
4.450186e-01 50761 4.523079e+02
4.550579e-01 52264 4.400599e+02
4.650571e-01 54973 4.292829e+02
4.750553e-01 56890 4.191044e+02
4.849982e-01 59233 4.046906e+02
4.949997e-01 62460 3.977855e+02
5.050400e-01 64660 3.869950e+02
5.150365e-01 67105 3.767986e+02
5.250511e-01 70108 3.690614e+02
5.350611e-01 72421 3.593814e+02
5.450809e-01 75628 3.534105e+02
5.550666e-01 77374 3.457542e+02
5.650248e-01 80965 3.387393e+02
5.750209e-01 83536 3.313599e+02
5.849943e-01 86509 3.268140e+02
5.950118e-01 90088 3.197893e+02
6.050243e-01 92524 3.115188e+02
6.150021e-01 95685 3.064992e+02
6.250268e-01 99460 3.015799e+02
6.350319e-01 101791 2.963023e+02
6.450443e-01 105940 2.899790e+02
6.550363e-01 108040 2.857330e+02
6.650248e-01 112417 2.807393e+02
6.749918e-01 114172 2.773982e+02
6.849838e-01 119989 2.723730e+02
6.950359e-01 122428 2.669664e+02
7.050021e-01 125049 2.632677e+02
7.150185e-01 130682 2.577010e+02
7.250500e-01 132820 2.544204e+02
7.350461e-01 137169 2.504651e+02
7.450354e-01 139912 2.477496e+02
7.550326e-01 145021 2.428734e+02
7.650453e-01 148000 2.393647e+02
7.750260e-01 151840 2.377785e+02
7.849916e-01 155365 2.337335e+02
7.950130e-01 161410 2.309340e+02
8.050563e-01 164341 2.272244e+02
8.150452e-01 167704 2.247327e+02
8.250456e-01 172960 2.220338e+02
8.350307e-01 175597 2.185380e+02
8.450225e-01 181552 2.159592e+02
8.550387e-01 185185 2.133706e+02
8.650410e-01 189576 2.106094e+02
8.750145e-01 192850 2.087057e+02
8.849866e-01 198481 2.065349e+02
8.950163e-01 203908 2.029022e+02
9.050183e-01 206677 2.015669e+02
9.150119e-01 212440 1.981911e+02
9.250146e-01 216544 1.961389e+02
9.350152e-01 221725 1.947321e+02
9.450189e-01 226024 1.913454e+02
9.550021e-01 230515 1.897518e+02
9.650081e-01 236548 1.876861e+02
9.750165e-01 240697 1.852576e+02
9.850258e-01 246264 1.836852e+02
9.950310e-01 250480 1.806838e+02
