8.018239e-03 9 1.934848e+04
1.659868e-02 64 1.961440e+04
2.586446e-02 157 1.501916e+04
3.529679e-02 292 1.085440e+04
4.513097e-02 529 9.234376e+03
5.555287e-02 820 7.399526e+03
6.539610e-02 1000 6.448938e+03
7.523297e-02 1483 5.468571e+03
8.527687e-02 1792 4.588715e+03
9.513029e-02 2293 3.704416e+03
1.052419e-01 2848 3.177175e+03
1.151206e-01 3232 2.949946e+03
1.250948e-01 4077 2.747427e+03
1.351559e-01 4552 2.439225e+03
1.451184e-01 5377 2.240927e+03
1.550677e-01 5974 1.948849e+03
1.650359e-01 6976 1.775720e+03
1.750550e-01 7717 1.616084e+03
1.850940e-01 8776 1.501851e+03
1.950993e-01 9553 1.417249e+03
2.050639e-01 10660 1.318037e+03
2.150232e-01 11608 1.219462e+03
2.250206e-01 12937 1.116156e+03
2.351002e-01 14062 1.067168e+03
2.450739e-01 15105 9.961584e+02
2.550522e-01 16492 9.411030e+02
2.650604e-01 17821 9.000081e+02
2.750125e-01 18940 8.586466e+02
2.850269e-01 20836 8.235464e+02
2.950518e-01 21949 7.738663e+02
3.050599e-01 23656 7.367357e+02
3.149891e-01 24727 7.196396e+02
3.250379e-01 27400 6.828207e+02
3.350922e-01 28096 6.451342e+02
3.450584e-01 30337 6.238180e+02
3.550604e-01 31696 6.107314e+02
3.650295e-01 33849 5.813080e+02
3.750722e-01 35800 5.618271e+02
3.850647e-01 37348 5.466606e+02
3.950397e-01 39535 5.205173e+02
4.050307e-01 41452 5.025765e+02
4.150177e-01 43669 4.944409e+02
4.250356e-01 45832 4.802346e+02
4.350008e-01 47524 4.626250e+02
4.450186e-01 50761 4.489906e+02
4.550579e-01 52264 4.341246e+02
4.650571e-01 54973 4.253026e+02
4.750553e-01 56890 4.127178e+02
4.849982e-01 59233 4.042626e+02
4.949997e-01 62460 3.935660e+02
5.050400e-01 64660 3.842917e+02
5.150365e-01 67105 3.758104e+02
5.250511e-01 70108 3.649503e+02
5.350611e-01 72421 3.578384e+02
5.450809e-01 75628 3.518845e+02
5.550666e-01 77374 3.441022e+02
5.650248e-01 80965 3.358982e+02
5.750209e-01 83536 3.288863e+02
5.849943e-01 86509 3.236650e+02
5.950118e-01 90088 3.180172e+02
6.050243e-01 92524 3.114703e+02
6.150021e-01 95685 3.043792e+02
6.250268e-01 99460 2.983546e+02
6.350319e-01 101791 2.933329e+02
6.450443e-01 105940 2.876317e+02
6.550363e-01 108040 2.846045e+02
6.650248e-01 112417 2.805789e+02
6.749918e-01 114172 2.736457e+02
6.849838e-01 119989 2.695072e+02
6.950359e-01 122428 2.653882e+02
7.050021e-01 125049 2.619666e+02
7.150185e-01 130682 2.582028e+02
7.250500e-01 132820 2.534053e+02
7.350461e-01 137169 2.500410e+02
7.450354e-01 139912 2.461398e+02
7.550326e-01 145021 2.434148e+02
7.650453e-01 148000 2.390864e+02
7.750260e-01 151840 2.359094e+02
7.849916e-01 155365 2.317789e+02
7.950130e-01 161410 2.281706e+02
8.050563e-01 164341 2.261899e+02
8.150452e-01 167704 2.233246e+02
8.250456e-01 172960 2.199421e+02
8.350307e-01 175597 2.165387e+02
8.450225e-01 181552 2.149016e+02
8.550387e-01 185185 2.114974e+02
8.650410e-01 189576 2.097977e+02
8.750145e-01 192850 2.066357e+02
8.849866e-01 198481 2.047792e+02
8.950163e-01 203908 2.016224e+02
9.050183e-01 206677 1.998169e+02
9.150119e-01 212440 1.971842e+02
9.250146e-01 216544 1.949386e+02
9.350152e-01 221725 1.926056e+02
9.450189e-01 226024 1.910021e+02
9.550021e-01 230515 1.886575e+02
9.650081e-01 236548 1.866518e+02
9.750165e-01 240697 1.847580e+02
9.850258e-01 246264 1.824494e+02
9.950310e-01 250480 1.810461e+02
