8.018239e-03 9 1.086593e+04
1.659868e-02 64 1.519930e+04
2.586446e-02 157 1.375992e+04
3.529679e-02 292 1.086745e+04
4.513097e-02 529 8.093699e+03
5.555287e-02 820 6.824568e+03
6.539610e-02 1000 6.129737e+03
7.523297e-02 1483 5.632071e+03
8.527687e-02 1792 4.387367e+03
9.513029e-02 2293 3.806642e+03
1.052419e-01 2848 3.117676e+03
1.151206e-01 3232 2.899074e+03
1.250948e-01 4077 2.714100e+03
1.351559e-01 4552 2.430826e+03
1.451184e-01 5377 2.178245e+03
1.550677e-01 5974 1.955257e+03
1.650359e-01 6976 1.739082e+03
1.750550e-01 7717 1.602474e+03
1.850940e-01 8776 1.488922e+03
1.950993e-01 9553 1.384254e+03
2.050639e-01 10660 1.313972e+03
2.150232e-01 11608 1.221843e+03
2.250206e-01 12937 1.131396e+03
2.351002e-01 14062 1.069702e+03
2.450739e-01 15105 9.836662e+02
2.550522e-01 16492 9.505319e+02
2.650604e-01 17821 9.025054e+02
2.750125e-01 18940 8.552911e+02
2.850269e-01 20836 8.148419e+02
2.950518e-01 21949 7.736320e+02
3.050599e-01 23656 7.388881e+02
3.149891e-01 24727 7.091789e+02
3.250379e-01 27400 6.787744e+02
3.350922e-01 28096 6.443214e+02
3.450584e-01 30337 6.188224e+02
3.550604e-01 31696 6.020477e+02
3.650295e-01 33849 5.780325e+02
3.750722e-01 35800 5.594202e+02
3.850647e-01 37348 5.423068e+02
3.950397e-01 39535 5.212801e+02
4.050307e-01 41452 5.028125e+02
4.150177e-01 43669 4.877127e+02
4.250356e-01 45832 4.728267e+02
4.350008e-01 47524 4.593376e+02
4.450186e-01 50761 4.484650e+02
4.550579e-01 52264 4.329127e+02
4.650571e-01 54973 4.241886e+02
4.750553e-01 56890 4.122179e+02
4.849982e-01 59233 4.011430e+02
4.949997e-01 62460 3.902318e+02
5.050400e-01 64660 3.812481e+02
5.150365e-01 67105 3.758353e+02
5.250511e-01 70108 3.673286e+02
5.350611e-01 72421 3.563374e+02
5.450809e-01 75628 3.492375e+02
5.550666e-01 77374 3.403756e+02
5.650248e-01 80965 3.362399e+02
5.750209e-01 83536 3.260580e+02
5.849943e-01 86509 3.232313e+02
5.950118e-01 90088 3.165389e+02
6.050243e-01 92524 3.099083e+02
6.150021e-01 95685 3.035575e+02
6.250268e-01 99460 2.982704e+02
6.350319e-01 101791 2.918953e+02
6.450443e-01 105940 2.883859e+02
6.550363e-01 108040 2.827507e+02
6.650248e-01 112417 2.774321e+02
6.749918e-01 114172 2.722851e+02
6.849838e-01 119989 2.668254e+02
6.950359e-01 122428 2.648816e+02
7.050021e-01 125049 2.599985e+02
7.150185e-01 130682 2.555027e+02
7.250500e-01 132820 2.524068e+02
7.350461e-01 137169 2.483698e+02
7.450354e-01 139912 2.439826e+02
7.550326e-01 145021 2.414093e+02
7.650453e-01 148000 2.378457e+02
7.750260e-01 151840 2.345327e+02
7.849916e-01 155365 2.304284e+02
7.950130e-01 161410 2.275865e+02
8.050563e-01 164341 2.251726e+02
8.150452e-01 167704 2.216552e+02
8.250456e-01 172960 2.187610e+02
8.350307e-01 175597 2.163813e+02
8.450225e-01 181552 2.130067e+02
8.550387e-01 185185 2.110887e+02
8.650410e-01 189576 2.080309e+02
8.750145e-01 192850 2.055335e+02
8.849866e-01 198481 2.032155e+02
8.950163e-01 203908 2.010208e+02
9.050183e-01 206677 1.978588e+02
9.150119e-01 212440 1.962673e+02
9.250146e-01 216544 1.936550e+02
9.350152e-01 221725 1.925114e+02
9.450189e-01 226024 1.895165e+02
9.550021e-01 230515 1.872792e+02
9.650081e-01 236548 1.851177e+02
9.750165e-01 240697 1.832655e+02
9.850258e-01 246264 1.814817e+02
9.950310e-01 250480 1.794116e+02
