8.018239e-03 9 1.595107e+04
1.659868e-02 64 1.429314e+04
2.586446e-02 157 1.338155e+04
3.529679e-02 292 9.233558e+03
4.513097e-02 529 7.916049e+03
5.555287e-02 820 7.193347e+03
6.539610e-02 1000 6.145105e+03
7.523297e-02 1483 5.426986e+03
8.527687e-02 1792 4.803001e+03
9.513029e-02 2293 3.724152e+03
1.052419e-01 2848 3.359113e+03
1.151206e-01 3232 2.885246e+03
1.250948e-01 4077 2.782627e+03
1.351559e-01 4552 2.499837e+03
1.451184e-01 5377 2.243489e+03
1.550677e-01 5974 1.944051e+03
1.650359e-01 6976 1.738688e+03
1.750550e-01 7717 1.613554e+03
1.850940e-01 8776 1.510082e+03
1.950993e-01 9553 1.418968e+03
2.050639e-01 10660 1.323380e+03
2.150232e-01 11608 1.195287e+03
2.250206e-01 12937 1.153855e+03
2.351002e-01 14062 1.080536e+03
2.450739e-01 15105 1.013654e+03
2.550522e-01 16492 9.513759e+02
2.650604e-01 17821 9.028051e+02
2.750125e-01 18940 8.479171e+02
2.850269e-01 20836 8.116765e+02
2.950518e-01 21949 7.743468e+02
3.050599e-01 23656 7.376414e+02
3.149891e-01 24727 7.024575e+02
3.250379e-01 27400 6.747216e+02
3.350922e-01 28096 6.439328e+02
3.450584e-01 30337 6.333828e+02
3.550604e-01 31696 5.947516e+02
3.650295e-01 33849 5.807296e+02
3.750722e-01 35800 5.598301e+02
3.850647e-01 37348 5.365749e+02
3.950397e-01 39535 5.202325e+02
4.050307e-01 41452 5.088599e+02
4.150177e-01 43669 4.867841e+02
4.250356e-01 45832 4.767540e+02
4.350008e-01 47524 4.616069e+02
4.450186e-01 50761 4.491848e+02
4.550579e-01 52264 4.328610e+02
4.650571e-01 54973 4.245153e+02
4.750553e-01 56890 4.123970e+02
4.849982e-01 59233 4.019830e+02
4.949997e-01 62460 3.930789e+02
5.050400e-01 64660 3.798202e+02
5.150365e-01 67105 3.723025e+02
5.250511e-01 70108 3.646100e+02
5.350611e-01 72421 3.555107e+02
5.450809e-01 75628 3.480519e+02
5.550666e-01 77374 3.430525e+02
5.650248e-01 80965 3.343611e+02
5.750209e-01 83536 3.283617e+02
5.849943e-01 86509 3.207995e+02
5.950118e-01 90088 3.159557e+02
6.050243e-01 92524 3.104340e+02
6.150021e-01 95685 3.043223e+02
6.250268e-01 99460 2.965638e+02
6.350319e-01 101791 2.945043e+02
6.450443e-01 105940 2.868535e+02
6.550363e-01 108040 2.817141e+02
6.650248e-01 112417 2.766463e+02
6.749918e-01 114172 2.733531e+02
6.849838e-01 119989 2.703024e+02
6.950359e-01 122428 2.653511e+02
7.050021e-01 125049 2.604338e+02
7.150185e-01 130682 2.571979e+02
7.250500e-01 132820 2.526877e+02
7.350461e-01 137169 2.494236e+02
7.450354e-01 139912 2.453306e+02
7.550326e-01 145021 2.403396e+02
7.650453e-01 148000 2.373965e+02
7.750260e-01 151840 2.343707e+02
7.849916e-01 155365 2.315182e+02
7.950130e-01 161410 2.286586e+02
8.050563e-01 164341 2.252643e+02
8.150452e-01 167704 2.218202e+02
8.250456e-01 172960 2.201823e+02
8.350307e-01 175597 2.166285e+02
8.450225e-01 181552 2.137915e+02
8.550387e-01 185185 2.109874e+02
8.650410e-01 189576 2.084473e+02
8.750145e-01 192850 2.062490e+02
8.849866e-01 198481 2.037276e+02
8.950163e-01 203908 2.011933e+02
9.050183e-01 206677 1.988398e+02
9.150119e-01 212440 1.969621e+02
9.250146e-01 216544 1.948503e+02
9.350152e-01 221725 1.923832e+02
9.450189e-01 226024 1.899326e+02
9.550021e-01 230515 1.882906e+02
9.650081e-01 236548 1.863185e+02
9.750165e-01 240697 1.851141e+02
9.850258e-01 246264 1.824074e+02
9.950310e-01 250480 1.803993e+02
