8.018239e-03 9 1.010186e+04
1.659868e-02 64 1.392613e+04
2.586446e-02 157 1.287717e+04
3.529679e-02 292 1.059311e+04
4.513097e-02 529 8.360868e+03
5.555287e-02 820 6.812067e+03
6.539610e-02 1000 6.392175e+03
7.523297e-02 1483 5.404605e+03
8.527687e-02 1792 4.508411e+03
9.513029e-02 2293 3.836937e+03
1.052419e-01 2848 3.188074e+03
1.151206e-01 3232 2.885158e+03
1.250948e-01 4077 2.747380e+03
1.351559e-01 4552 2.490770e+03
1.451184e-01 5377 2.201027e+03
1.550677e-01 5974 1.917480e+03
1.650359e-01 6976 1.771450e+03
1.750550e-01 7717 1.646910e+03
1.850940e-01 8776 1.515970e+03
1.950993e-01 9553 1.394892e+03
2.050639e-01 10660 1.315967e+03
2.150232e-01 11608 1.205344e+03
2.250206e-01 12937 1.140495e+03
2.351002e-01 14062 1.063430e+03
2.450739e-01 15105 9.949763e+02
2.550522e-01 16492 9.578405e+02
2.650604e-01 17821 9.027282e+02
2.750125e-01 18940 8.613389e+02
2.850269e-01 20836 8.103170e+02
2.950518e-01 21949 7.665079e+02
3.050599e-01 23656 7.363647e+02
3.149891e-01 24727 7.074520e+02
3.250379e-01 27400 6.837166e+02
3.350922e-01 28096 6.505046e+02
3.450584e-01 30337 6.234260e+02
3.550604e-01 31696 6.054502e+02
3.650295e-01 33849 5.829989e+02
3.750722e-01 35800 5.566160e+02
3.850647e-01 37348 5.422256e+02
3.950397e-01 39535 5.244122e+02
4.050307e-01 41452 5.054287e+02
4.150177e-01 43669 4.906219e+02
4.250356e-01 45832 4.751342e+02
4.350008e-01 47524 4.654529e+02
4.450186e-01 50761 4.469328e+02
4.550579e-01 52264 4.383986e+02
4.650571e-01 54973 4.257581e+02
4.750553e-01 56890 4.165657e+02
4.849982e-01 59233 4.035426e+02
4.949997e-01 62460 3.946379e+02
5.050400e-01 64660 3.805106e+02
5.150365e-01 67105 3.762049e+02
5.250511e-01 70108 3.657924e+02
5.350611e-01 72421 3.557506e+02
5.450809e-01 75628 3.480882e+02
5.550666e-01 77374 3.413282e+02
5.650248e-01 80965 3.342667e+02
5.750209e-01 83536 3.284132e+02
5.849943e-01 86509 3.237989e+02
5.950118e-01 90088 3.147294e+02
6.050243e-01 92524 3.096820e+02
6.150021e-01 95685 3.045084e+02
6.250268e-01 99460 2.997028e+02
6.350319e-01 101791 2.943352e+02
6.450443e-01 105940 2.880513e+02
6.550363e-01 108040 2.839442e+02
6.650248e-01 112417 2.793944e+02
6.749918e-01 114172 2.752752e+02
6.849838e-01 119989 2.703965e+02
6.950359e-01 122428 2.660665e+02
7.050021e-01 125049 2.610114e+02
7.150185e-01 130682 2.568611e+02
7.250500e-01 132820 2.520610e+02
7.350461e-01 137169 2.504505e+02
7.450354e-01 139912 2.456986e+02
7.550326e-01 145021 2.416896e+02
7.650453e-01 148000 2.391830e+02
7.750260e-01 151840 2.355947e+02
7.849916e-01 155365 2.323743e+02
7.950130e-01 161410 2.287351e+02
8.050563e-01 164341 2.259874e+02
8.150452e-01 167704 2.232455e+02
8.250456e-01 172960 2.199326e+02
8.350307e-01 175597 2.168224e+02
8.450225e-01 181552 2.142540e+02
8.550387e-01 185185 2.114289e+02
8.650410e-01 189576 2.087706e+02
8.750145e-01 192850 2.059303e+02
8.849866e-01 198481 2.041754e+02
8.950163e-01 203908 2.012779e+02
9.050183e-01 206677 1.993016e+02
9.150119e-01 212440 1.976659e+02
9.250146e-01 216544 1.944534e+02
9.350152e-01 221725 1.926003e+02
9.450189e-01 226024 1.908566e+02
9.550021e-01 230515 1.878450e+02
9.650081e-01 236548 1.859022e+02
9.750165e-01 240697 1.843020e+02
9.850258e-01 246264 1.821262e+02
9.950310e-01 250480 1.801269e+02
