# text fof file
# logMmin 1.200000e+01 -> nfof_min 133
# boxsize 600.000000
# density total 3.967470e+05 3.967470e+05; rel difference 4.159220e-11
# nbar 1.836792e-03
1.483274e-02 13 5.291955e+04 5.345778e+04 8.415396e+03 7.661489e+04
2.513187e-02 33 3.964391e+04 4.017354e+04 1.935688e+04 -9.552322e+03
3.574650e-02 79 2.214624e+04 2.267406e+04 -4.658401e+03 -1.216306e+04
4.583347e-02 105 1.824502e+04 1.876728e+04 8.032018e+03 2.289688e+03
5.486964e-02 145 1.913389e+04 1.964443e+04 -5.586984e+03 5.018585e+03
6.471857e-02 243 1.551130e+04 1.601728e+04 -2.105325e+03 4.349431e+03
7.503996e-02 313 1.314550e+04 1.364592e+04 1.045380e+03 1.151818e+03
8.485495e-02 369 1.142321e+04 1.191867e+04 -1.964495e+03 -5.017477e+01
9.528688e-02 571 8.866857e+03 9.362753e+03 1.526073e+03 2.204176e+03
1.059290e-01 601 7.758040e+03 8.249496e+03 4.409491e+02 -2.328832e+02
1.156806e-01 705 6.413899e+03 6.905303e+03 -1.121941e+03 6.225266e+02
1.255756e-01 883 5.558145e+03 6.047970e+03 -7.865945e+02 -9.922398e+02
1.352378e-01 909 5.383229e+03 5.865967e+03 -1.368927e+02 5.729456e+02
1.449493e-01 1177 4.925349e+03 5.404465e+03 2.612433e+02 9.723019e+01
1.550659e-01 1323 4.249504e+03 4.728614e+03 2.746149e+02 1.095421e+02
1.649601e-01 1453 3.793191e+03 4.270741e+03 3.996832e+01 -2.276833e+02
1.749597e-01 1701 3.589612e+03 4.062300e+03 -5.558260e+01 -3.429378e+02
1.852437e-01 1963 3.318244e+03 3.787740e+03 -2.788493e+02 8.022758e+02
1.951071e-01 1933 3.159467e+03 3.624077e+03 -1.140395e+02 2.562048e+02
2.049888e-01 2397 2.806655e+03 3.271482e+03 -2.558004e+02 -4.321058e+02
2.151844e-01 2539 2.564932e+03 3.028082e+03 -6.299841e+01 4.094656e+01
2.250745e-01 2694 2.363207e+03 2.824631e+03 2.064354e+01 4.596711e+02
2.350927e-01 3121 2.199264e+03 2.658361e+03 3.452285e+01 -9.460342e+01
2.451974e-01 3255 2.143205e+03 2.596787e+03 4.359716e+01 1.492242e+02
2.550872e-01 3517 2.043816e+03 2.493666e+03 2.336683e+01 -5.740348e+01
2.649947e-01 3813 1.814331e+03 2.265901e+03 -4.821431e+01 -3.644901e+01
2.750606e-01 4231 1.776499e+03 2.222595e+03 -1.019446e+02 2.458589e+01
2.851157e-01 4389 1.649273e+03 2.094019e+03 -1.349951e+02 2.184842e+01
2.950080e-01 4717 1.587190e+03 2.028068e+03 2.426133e+01 -3.733543e+00
3.050474e-01 5191 1.538955e+03 1.975396e+03 -1.027097e+02 6.625446e+01
3.151078e-01 5373 1.475795e+03 1.908654e+03 2.372306e+00 3.224331e+00
3.251295e-01 5893 1.396224e+03 1.826686e+03 1.762669e+01 1.174573e+02
3.352591e-01 6183 1.341984e+03 1.768897e+03 4.129086e+01 -2.301509e+01
3.451640e-01 6349 1.220601e+03 1.648655e+03 -1.438385e+02 8.266864e+00
3.550965e-01 6993 1.159054e+03 1.584929e+03 3.917882e+01 1.689175e+01
3.649687e-01 7003 1.152271e+03 1.572144e+03 1.901430e+00 2.077493e+01
3.749450e-01 7941 1.104513e+03 1.521440e+03 1.115907e+00 3.872478e+01
3.851630e-01 8221 1.051934e+03 1.466410e+03 -8.277473e+01 1.725709e+01
3.951752e-01 8449 9.759086e+02 1.390329e+03 -1.704411e+01 1.015654e+02
4.050872e-01 8931 9.410838e+02 1.352372e+03 4.578304e+00 -4.491418e+01
4.149904e-01 9289 9.051828e+02 1.313498e+03 1.427485e+01 -7.820702e+01
4.250484e-01 10113 8.741422e+02 1.279190e+03 1.543823e+01 -3.043197e+01
4.350196e-01 10087 8.354908e+02 1.238229e+03 -2.797780e+01 2.717928e+01
4.449689e-01 10998 8.006044e+02 1.200874e+03 -4.681628e+01 -4.121251e+00
4.550136e-01 11233 7.849904e+02 1.180784e+03 1.504000e+01 -2.879811e+00
4.650240e-01 11991 7.446921e+02 1.138977e+03 -3.130879e+01 2.644692e+01
4.750600e-01 12241 7.530574e+02 1.140202e+03 -2.091035e+01 2.108534e+01
4.850824e-01 13033 6.960154e+02 1.084097e+03 -7.246201e+00 8.771651e+01
4.950626e-01 13227 6.780382e+02 1.062394e+03 -2.915482e+01 -6.096700e+01
5.050218e-01 13993 6.563314e+02 1.037576e+03 -1.202849e-01 4.365004e+01
5.149626e-01 14301 6.636164e+02 1.037807e+03 -6.959608e+00 4.583655e+01
5.249789e-01 15355 6.156832e+02 9.907322e+02 -1.510333e+01 -1.509014e+01
5.350486e-01 15585 6.222432e+02 9.902531e+02 -1.910164e+01 1.066528e+01
5.451135e-01 16549 5.748746e+02 9.441255e+02 1.929252e+01 -1.529806e+00
5.551181e-01 16587 5.786838e+02 9.413942e+02 1.785380e-01 2.256681e+01
5.650424e-01 17461 5.576848e+02 9.179339e+02 -2.825907e+01 4.135830e+00
5.750589e-01 18177 5.437504e+02 9.004185e+02 2.331651e+01 -2.662267e+01
5.850828e-01 18739 5.282474e+02 8.817052e+02 1.125206e+01 2.571817e+01
5.950416e-01 19165 4.990202e+02 8.519311e+02 -1.295188e+01 1.632521e+01
6.049746e-01 20013 4.824181e+02 8.326721e+02 -6.526647e+00 5.010961e+01
6.149470e-01 20587 4.774191e+02 8.228698e+02 -7.915837e+00 1.580607e+01
6.249968e-01 21657 4.659571e+02 8.078610e+02 1.166506e+01 3.337567e+01
6.350666e-01 22129 4.393027e+02 7.808594e+02 1.741722e+01 -1.248058e+01
6.450498e-01 22611 4.383907e+02 7.744221e+02 1.838020e+01 1.051180e+01
6.549912e-01 23317 4.390865e+02 7.692819e+02 -1.323970e+01 3.997441e+00
6.649535e-01 24222 4.290011e+02 7.556862e+02 1.167532e+01 1.021719e+01
6.749660e-01 24943 4.097733e+02 7.351036e+02 -1.067742e+01 8.729242e+00
6.850252e-01 25921 3.982201e+02 7.205463e+02 9.275518e+00 3.296802e+00
6.950284e-01 26253 3.815717e+02 7.022772e+02 1.356912e+01 2.023007e+00
7.049900e-01 27139 3.771488e+02 6.933732e+02 -1.196189e+01 1.489335e+01
7.150256e-01 28185 3.636194e+02 6.776584e+02 1.631345e+01 -1.414029e+01
7.250860e-01 28969 3.586526e+02 6.683989e+02 -8.981243e+00 1.819386e+01
7.350183e-01 28887 3.564134e+02 6.612479e+02 7.126000e+00 2.015817e+01
7.450018e-01 30937 3.437263e+02 6.464949e+02 1.021538e+01 -2.173176e+01
7.551045e-01 31341 3.396979e+02 6.379952e+02 1.109658e+01 1.598858e+01
7.650666e-01 31555 3.216030e+02 6.196096e+02 -1.928203e+01 -2.493142e+01
7.750154e-01 33025 3.247717e+02 6.164550e+02 1.608729e+00 2.602855e+00
7.850634e-01 33921 3.134753e+02 6.030330e+02 -5.510694e+00 -1.010274e+01
7.950596e-01 34285 3.103916e+02 5.954957e+02 -3.930358e+00 -9.232082e+00
8.050450e-01 35703 2.922140e+02 5.775849e+02 1.746959e+01 -1.748696e+00
8.150563e-01 36205 2.971193e+02 5.756350e+02 4.727515e+00 -2.562948e+00
8.250795e-01 37485 2.896426e+02 5.652073e+02 -6.477787e+00 -1.080681e+01
8.350885e-01 38047 2.801285e+02 5.535447e+02 4.528539e+00 -1.503074e+01
8.450499e-01 38913 2.735509e+02 5.439608e+02 -3.902794e+00 -5.910158e+00
8.550252e-01 39853 2.695116e+02 5.360820e+02 6.284658e+00 6.769603e+00
8.650455e-01 41367 2.634966e+02 5.269517e+02 4.142772e+00 1.609312e+01
8.750680e-01 41617 2.572162e+02 5.177412e+02 1.024357e+00 -1.301191e+01
8.849916e-01 42430 2.453816e+02 5.051187e+02 -2.872635e+00 1.584315e+01
8.949944e-01 44367 2.489502e+02 5.022978e+02 1.190113e+01 1.220471e+01
9.050336e-01 44569 2.387249e+02 4.908336e+02 1.985675e+00 -6.272366e+00
9.150411e-01 46089 2.281197e+02 4.792737e+02 8.295555e+00 5.830888e-01
9.250625e-01 46819 2.276461e+02 4.740219e+02 4.791623e+00 -8.992036e+00
9.350607e-01 47793 2.272222e+02 4.688350e+02 -9.841319e-01 -8.934557e-01
9.450463e-01 48697 2.190737e+02 4.590388e+02 6.145586e+00 1.383392e+01
9.549734e-01 49443 2.112709e+02 4.495971e+02 -2.371929e-01 1.186719e+01
9.649510e-01 51097 2.120263e+02 4.452263e+02 2.002006e+00 5.910207e-01
9.750082e-01 52453 2.011034e+02 4.340904e+02 1.925349e+00 -8.208302e+00
9.850290e-01 52947 1.985556e+02 4.279013e+02 1.379904e+00 7.210609e-01
9.950258e-01 54193 2.031447e+02 4.257844e+02 -4.399720e+00 7.605991e+00
