# text fof file
# logMmin 1.200000e+01 -> nfof_min 133
# boxsize 600.000000
# density total 3.968000e+05 3.968000e+05; rel difference 3.971411e-11
# nbar 1.837037e-03
1.483274e-02 13 2.469819e+04 2.524009e+04 8.949606e+03 7.550225e+04
2.513187e-02 33 4.847132e+04 4.899832e+04 -1.599298e+04 -5.759104e+03
3.574650e-02 79 2.671363e+04 2.723820e+04 -1.197288e+03 3.626004e+02
4.583347e-02 105 1.824795e+04 1.876992e+04 -1.289605e+02 4.378677e+03
5.486964e-02 145 1.780349e+04 1.831603e+04 3.288614e+02 -2.871242e+03
6.471857e-02 243 1.453883e+04 1.504727e+04 1.692880e+03 -6.748139e+03
7.503996e-02 313 1.311412e+04 1.361469e+04 9.317612e+01 2.740914e+03
8.485495e-02 369 1.051489e+04 1.101377e+04 1.646979e+03 -5.229113e+02
9.528688e-02 571 8.164478e+03 8.664120e+03 7.346268e+02 -2.209341e+03
1.059290e-01 601 6.920026e+03 7.416764e+03 1.240308e+02 5.095567e+02
1.156806e-01 705 6.417974e+03 6.909225e+03 -1.599130e+02 9.561447e+02
1.255756e-01 883 5.954312e+03 6.440538e+03 2.467239e+02 -5.276129e+02
1.352378e-01 909 5.586657e+03 6.067315e+03 -1.494612e+02 -8.726932e+01
1.449493e-01 1177 4.704689e+03 5.186546e+03 -3.893779e+01 -9.000531e+02
1.550659e-01 1323 3.938089e+03 4.421278e+03 7.885899e+01 -6.020736e+02
1.649601e-01 1453 3.763609e+03 4.241519e+03 3.850727e+02 4.039436e+02
1.749597e-01 1701 3.405685e+03 3.881611e+03 7.191680e+01 1.189298e+02
1.852437e-01 1963 3.427711e+03 3.894894e+03 1.596375e+02 -3.395203e+02
1.951071e-01 1933 3.038466e+03 3.505699e+03 -5.498864e+00 2.498614e+02
2.049888e-01 2397 2.764487e+03 3.230354e+03 -1.572979e+01 1.036686e+02
2.151844e-01 2539 2.528876e+03 2.992901e+03 -2.523895e+01 -2.425366e+02
2.250745e-01 2694 2.349787e+03 2.811544e+03 5.256752e+01 -9.634859e+01
2.350927e-01 3121 2.226652e+03 2.684731e+03 1.114609e+02 -5.867400e+01
2.451974e-01 3255 2.116512e+03 2.570938e+03 6.488558e+00 2.083865e+01
2.550872e-01 3517 2.022270e+03 2.472844e+03 2.100010e+02 9.961793e+01
2.649947e-01 3813 1.834374e+03 2.285114e+03 7.480986e+00 -2.158574e+02
2.750606e-01 4231 1.677849e+03 2.128099e+03 4.309488e-01 1.745977e+02
2.851157e-01 4389 1.638762e+03 2.083930e+03 -5.203613e+01 2.271596e+02
2.950080e-01 4717 1.540894e+03 1.983982e+03 -1.107493e+02 -1.175090e+01
3.050474e-01 5191 1.516455e+03 1.953935e+03 8.176057e+00 8.227595e+01
3.151078e-01 5373 1.449397e+03 1.883662e+03 -9.025473e+00 7.236406e+00
3.251295e-01 5893 1.363905e+03 1.796258e+03 4.319718e+01 2.279353e+00
3.352591e-01 6183 1.280261e+03 1.710921e+03 -9.614287e+01 1.754564e+00
3.451640e-01 6349 1.230517e+03 1.657911e+03 -4.540164e+01 7.437457e+01
3.550965e-01 6993 1.155993e+03 1.581966e+03 -5.184574e+01 8.173814e+01
3.649687e-01 7003 1.083588e+03 1.508453e+03 7.367316e+01 5.089568e+01
3.749450e-01 7941 1.078619e+03 1.497520e+03 -3.789228e+01 -1.660420e+02
3.851630e-01 8221 9.906790e+02 1.410068e+03 -1.985019e+01 -1.539778e+00
3.951752e-01 8449 9.777800e+02 1.391958e+03 1.720193e+01 1.117417e+02
4.050872e-01 8931 9.503016e+02 1.360657e+03 -4.174956e+01 1.485918e+01
4.149904e-01 9289 8.886144e+02 1.298422e+03 -1.542547e+01 -2.927616e+01
4.250484e-01 10113 8.774752e+02 1.282131e+03 -7.466593e+00 5.755000e+01
4.350196e-01 10087 8.293679e+02 1.232682e+03 2.916467e+01 -1.798191e+01
4.449689e-01 10998 8.277744e+02 1.225044e+03 7.498595e+01 -2.367582e+01
4.550136e-01 11233 7.899773e+02 1.185163e+03 -5.609714e+01 -7.528487e+01
4.650240e-01 11991 7.553801e+02 1.148376e+03 -7.605520e+00 -3.597525e+01
4.750600e-01 12241 7.284977e+02 1.118561e+03 -1.384116e+01 -2.389943e+01
4.850824e-01 13033 7.082642e+02 1.094704e+03 1.646738e+01 7.770880e+00
4.950626e-01 13227 6.758922e+02 1.060491e+03 1.674107e+01 -2.810527e+01
5.050218e-01 13993 6.503510e+02 1.032341e+03 -2.460500e+01 -2.420864e+01
5.149626e-01 14301 6.410978e+02 1.018401e+03 3.418211e+01 2.442812e+01
5.249789e-01 15355 5.947288e+02 9.727593e+02 1.591405e+01 3.397910e+01
5.350486e-01 15585 5.995544e+02 9.709347e+02 1.161146e+01 3.823954e+01
5.451135e-01 16549 5.825873e+02 9.505802e+02 5.602823e+00 -9.931935e+00
5.551181e-01 16587 5.548410e+02 9.213687e+02 -1.383024e+01 7.245038e+01
5.650424e-01 17461 5.434639e+02 9.060287e+02 3.280111e+01 -3.375963e+00
5.750589e-01 18177 5.319446e+02 8.905959e+02 1.686564e+01 -1.295924e+00
5.850828e-01 18739 5.175391e+02 8.728448e+02 -1.014827e+01 -1.566782e+01
5.950416e-01 19165 4.937672e+02 8.475977e+02 -2.549850e+00 -9.040208e+00
6.049746e-01 20013 4.822299e+02 8.324743e+02 -1.340787e+01 -2.132370e+01
6.149470e-01 20587 4.889833e+02 8.321068e+02 -2.332589e+01 -1.169529e+01
6.249968e-01 21657 4.606086e+02 8.034956e+02 -1.152513e+00 -1.490743e+01
6.350666e-01 22129 4.411448e+02 7.822782e+02 -2.146649e+01 -3.332719e+01
6.450498e-01 22611 4.337196e+02 7.707145e+02 3.819483e+01 -1.983055e+00
6.549912e-01 23317 4.321176e+02 7.637752e+02 5.896929e+00 7.540078e+00
6.649535e-01 24222 4.171047e+02 7.463902e+02 -1.163287e+01 4.699833e+01
6.749660e-01 24943 4.017218e+02 7.288802e+02 2.064571e+01 2.574689e+01
6.850252e-01 25921 3.969848e+02 7.195511e+02 -1.033083e+01 2.354561e+01
6.950284e-01 26253 3.888684e+02 7.077531e+02 1.426246e+01 -1.749622e+01
7.049900e-01 27139 3.757462e+02 6.922655e+02 -8.591100e+00 2.208624e+01
7.150256e-01 28185 3.691849e+02 6.817592e+02 5.576375e-01 -1.256292e+01
7.250860e-01 28969 3.502581e+02 6.621456e+02 1.704270e+01 7.233754e+00
7.350183e-01 28887 3.513315e+02 6.574881e+02 -1.135197e+01 8.122315e+00
7.450018e-01 30937 3.488045e+02 6.500966e+02 1.686922e+01 -1.333195e+01
7.551045e-01 31341 3.325726e+02 6.328090e+02 -6.780658e+00 1.210389e+01
7.650666e-01 31555 3.232138e+02 6.206978e+02 1.740364e+01 -1.130703e+01
7.750154e-01 33025 3.170635e+02 6.109501e+02 5.846345e+00 1.385664e+01
7.850634e-01 33921 3.057561e+02 5.975662e+02 8.448218e+00 1.107293e+00
7.950596e-01 34285 3.052534e+02 5.918754e+02 5.022853e+00 1.584084e+01
8.050450e-01 35703 2.904957e+02 5.763642e+02 2.567354e+00 -7.939526e-01
8.150563e-01 36205 2.893048e+02 5.702557e+02 -2.780254e+00 -8.705691e+00
8.250795e-01 37485 2.824851e+02 5.603367e+02 -5.849366e+00 -1.308221e+01
8.350885e-01 38047 2.788906e+02 5.526620e+02 1.545000e+00 2.254711e+01
8.450499e-01 38913 2.684970e+02 5.405468e+02 5.596551e+00 1.652766e+01
8.550252e-01 39853 2.676033e+02 5.347791e+02 4.706337e+00 1.485800e+01
8.650455e-01 41367 2.560459e+02 5.220806e+02 8.037669e+00 7.952201e+00
8.750680e-01 41617 2.491252e+02 5.124935e+02 -6.890655e+00 1.629443e+00
8.849916e-01 42430 2.500422e+02 5.080349e+02 -6.998418e+00 1.937978e+01
8.949944e-01 44367 2.364864e+02 4.944149e+02 -5.398092e+00 7.358184e+00
9.050336e-01 44569 2.341022e+02 4.879112e+02 8.506694e+00 7.845125e+00
9.150411e-01 46089 2.300850e+02 4.804311e+02 -5.563536e+00 1.298679e-01
9.250625e-01 46819 2.309433e+02 4.759873e+02 7.417083e-01 -2.577993e+00
9.350607e-01 47793 2.218609e+02 4.655477e+02 5.529737e+00 -2.833054e-01
9.450463e-01 48697 2.177359e+02 4.581904e+02 -3.607463e-01 -2.516534e+00
9.549734e-01 49443 2.144448e+02 4.514377e+02 9.707233e+00 3.523658e+00
9.649510e-01 51097 2.143612e+02 4.465431e+02 -6.354914e+00 -3.171325e+00
9.750082e-01 52453 2.088600e+02 4.385135e+02 7.178220e-01 2.177993e+01
9.850290e-01 52947 1.977136e+02 4.273601e+02 -5.834133e+00 4.174224e+00
9.950258e-01 54193 1.998205e+02 4.238561e+02 1.000246e+00 -7.803056e+00
