8.018239e-03 9 6.349491e+03
1.659868e-02 64 7.068666e+03
2.586446e-02 157 5.715755e+03
3.529679e-02 292 5.170287e+03
4.513097e-02 529 3.853168e+03
5.555287e-02 820 3.308826e+03
6.539610e-02 1000 2.761112e+03
7.523297e-02 1483 2.213477e+03
8.527687e-02 1792 2.030818e+03
9.513029e-02 2293 1.631521e+03
1.052419e-01 2848 1.382924e+03
1.151206e-01 3232 1.225710e+03
1.250948e-01 4077 1.126204e+03
1.351559e-01 4552 1.039189e+03
1.451184e-01 5377 8.977803e+02
1.550677e-01 5974 7.981594e+02
1.650359e-01 6976 7.092912e+02
1.750550e-01 7717 6.584525e+02
1.850940e-01 8776 6.216091e+02
1.950993e-01 9553 5.850573e+02
2.050639e-01 10660 5.302622e+02
2.150232e-01 11608 4.808541e+02
2.250206e-01 12937 4.453528e+02
2.351002e-01 14062 4.114706e+02
2.450739e-01 15105 3.896319e+02
2.550522e-01 16492 3.674406e+02
2.650604e-01 17821 3.381382e+02
2.750125e-01 18940 3.193021e+02
2.850269e-01 20836 3.018442e+02
2.950518e-01 21949 2.870474e+02
3.050599e-01 23656 2.672216e+02
3.149891e-01 24727 2.588974e+02
3.250379e-01 27400 2.430730e+02
3.350922e-01 28096 2.322405e+02
3.450584e-01 30337 2.206167e+02
3.550604e-01 31696 2.110079e+02
3.650295e-01 33849 1.997415e+02
3.750722e-01 35800 1.931614e+02
3.850647e-01 37348 1.842563e+02
3.950397e-01 39535 1.792469e+02
4.050307e-01 41452 1.712529e+02
4.150177e-01 43669 1.628893e+02
4.250356e-01 45832 1.570719e+02
4.350008e-01 47524 1.519083e+02
4.450186e-01 50761 1.458725e+02
4.550579e-01 52264 1.411959e+02
4.650571e-01 54973 1.372077e+02
4.750553e-01 56890 1.323936e+02
4.849982e-01 59233 1.274773e+02
4.949997e-01 62460 1.247934e+02
5.050400e-01 64660 1.195174e+02
5.150365e-01 67105 1.163282e+02
5.250511e-01 70108 1.128664e+02
5.350611e-01 72421 1.090996e+02
5.450809e-01 75628 1.052467e+02
5.550666e-01 77374 1.038877e+02
5.650248e-01 80965 1.006675e+02
5.750209e-01 83536 9.783495e+01
5.849943e-01 86509 9.468356e+01
5.950118e-01 90088 9.300396e+01
6.050243e-01 92524 9.047156e+01
6.150021e-01 95685 8.866528e+01
6.250268e-01 99460 8.624668e+01
6.350319e-01 101791 8.466934e+01
6.450443e-01 105940 8.214655e+01
6.550363e-01 108040 7.980055e+01
6.650248e-01 112417 7.862032e+01
6.749918e-01 114172 7.626244e+01
6.849838e-01 119989 7.492297e+01
6.950359e-01 122428 7.354036e+01
7.050021e-01 125049 7.173556e+01
7.150185e-01 130682 7.090202e+01
7.250500e-01 132820 6.925288e+01
7.350461e-01 137169 6.790334e+01
7.450354e-01 139912 6.635710e+01
7.550326e-01 145021 6.498903e+01
7.650453e-01 148000 6.353914e+01
7.750260e-01 151840 6.263111e+01
7.849916e-01 155365 6.142716e+01
7.950130e-01 161410 6.051495e+01
8.050563e-01 164341 5.926265e+01
8.150452e-01 167704 5.829866e+01
8.250456e-01 172960 5.711789e+01
8.350307e-01 175597 5.596255e+01
8.450225e-01 181552 5.528934e+01
8.550387e-01 185185 5.417801e+01
8.650410e-01 189576 5.341008e+01
8.750145e-01 192850 5.274133e+01
8.849866e-01 198481 5.159469e+01
8.950163e-01 203908 5.107741e+01
9.050183e-01 206677 5.012531e+01
9.150119e-01 212440 4.958446e+01
9.250146e-01 216544 4.888007e+01
9.350152e-01 221725 4.812271e+01
9.450189e-01 226024 4.738851e+01
9.550021e-01 230515 4.639648e+01
9.650081e-01 236548 4.605519e+01
9.750165e-01 240697 4.544144e+01
9.850258e-01 246264 4.501416e+01
9.950310e-01 250480 4.421215e+01
