8.018239e-03 9 3.758232e+03
1.659868e-02 64 6.002984e+03
2.586446e-02 157 5.420783e+03
3.529679e-02 292 4.540101e+03
4.513097e-02 529 3.868081e+03
5.555287e-02 820 3.098079e+03
6.539610e-02 1000 2.745375e+03
7.523297e-02 1483 2.291014e+03
8.527687e-02 1792 1.991023e+03
9.513029e-02 2293 1.558837e+03
1.052419e-01 2848 1.383857e+03
1.151206e-01 3232 1.195927e+03
1.250948e-01 4077 1.144627e+03
1.351559e-01 4552 1.038768e+03
1.451184e-01 5377 9.026522e+02
1.550677e-01 5974 7.898473e+02
1.650359e-01 6976 7.052382e+02
1.750550e-01 7717 6.535680e+02
1.850940e-01 8776 6.086274e+02
1.950993e-01 9553 5.775627e+02
2.050639e-01 10660 5.232205e+02
2.150232e-01 11608 4.723994e+02
2.250206e-01 12937 4.398043e+02
2.351002e-01 14062 4.128465e+02
2.450739e-01 15105 3.865187e+02
2.550522e-01 16492 3.606030e+02
2.650604e-01 17821 3.398058e+02
2.750125e-01 18940 3.207131e+02
2.850269e-01 20836 3.003733e+02
2.950518e-01 21949 2.804828e+02
3.050599e-01 23656 2.701891e+02
3.149891e-01 24727 2.538610e+02
3.250379e-01 27400 2.434620e+02
3.350922e-01 28096 2.328830e+02
3.450584e-01 30337 2.214764e+02
3.550604e-01 31696 2.082153e+02
3.650295e-01 33849 2.027460e+02
3.750722e-01 35800 1.916132e+02
3.850647e-01 37348 1.842592e+02
3.950397e-01 39535 1.762496e+02
4.050307e-01 41452 1.687705e+02
4.150177e-01 43669 1.620899e+02
4.250356e-01 45832 1.563664e+02
4.350008e-01 47524 1.519650e+02
4.450186e-01 50761 1.449073e+02
4.550579e-01 52264 1.401521e+02
4.650571e-01 54973 1.348743e+02
4.750553e-01 56890 1.306953e+02
4.849982e-01 59233 1.268280e+02
4.949997e-01 62460 1.225165e+02
5.050400e-01 64660 1.190307e+02
5.150365e-01 67105 1.157144e+02
5.250511e-01 70108 1.110386e+02
5.350611e-01 72421 1.079298e+02
5.450809e-01 75628 1.054723e+02
5.550666e-01 77374 1.029797e+02
5.650248e-01 80965 9.982237e+01
5.750209e-01 83536 9.669120e+01
5.849943e-01 86509 9.470407e+01
5.950118e-01 90088 9.192212e+01
6.050243e-01 92524 9.004050e+01
6.150021e-01 95685 8.827895e+01
6.250268e-01 99460 8.564931e+01
6.350319e-01 101791 8.385744e+01
6.450443e-01 105940 8.160774e+01
6.550363e-01 108040 7.948740e+01
6.650248e-01 112417 7.796847e+01
6.749918e-01 114172 7.606164e+01
6.849838e-01 119989 7.463777e+01
6.950359e-01 122428 7.299726e+01
7.050021e-01 125049 7.154610e+01
7.150185e-01 130682 6.985984e+01
7.250500e-01 132820 6.873199e+01
7.350461e-01 137169 6.701051e+01
7.450354e-01 139912 6.582339e+01
7.550326e-01 145021 6.473908e+01
7.650453e-01 148000 6.354776e+01
7.750260e-01 151840 6.232766e+01
7.849916e-01 155365 6.102612e+01
7.950130e-01 161410 5.995283e+01
8.050563e-01 164341 5.880491e+01
8.150452e-01 167704 5.798032e+01
8.250456e-01 172960 5.688280e+01
8.350307e-01 175597 5.563297e+01
8.450225e-01 181552 5.483694e+01
8.550387e-01 185185 5.386662e+01
8.650410e-01 189576 5.345959e+01
8.750145e-01 192850 5.248063e+01
8.849866e-01 198481 5.142633e+01
8.950163e-01 203908 5.055828e+01
9.050183e-01 206677 5.002691e+01
9.150119e-01 212440 4.922606e+01
9.250146e-01 216544 4.847390e+01
9.350152e-01 221725 4.783601e+01
9.450189e-01 226024 4.718142e+01
9.550021e-01 230515 4.653824e+01
9.650081e-01 236548 4.574574e+01
9.750165e-01 240697 4.533648e+01
9.850258e-01 246264 4.459336e+01
9.950310e-01 250480 4.405366e+01
