8.018239e-03 9 6.749387e+03
1.659868e-02 64 6.063023e+03
2.586446e-02 157 5.661231e+03
3.529679e-02 292 3.914653e+03
4.513097e-02 529 3.395643e+03
5.555287e-02 820 3.078222e+03
6.539610e-02 1000 2.649623e+03
7.523297e-02 1483 2.322638e+03
8.527687e-02 1792 2.057525e+03
9.513029e-02 2293 1.563763e+03
1.052419e-01 2848 1.422340e+03
1.151206e-01 3232 1.215069e+03
1.250948e-01 4077 1.175062e+03
1.351559e-01 4552 1.047991e+03
1.451184e-01 5377 9.360103e+02
1.550677e-01 5974 8.009326e+02
1.650359e-01 6976 7.043077e+02
1.750550e-01 7717 6.523230e+02
1.850940e-01 8776 6.059230e+02
1.950993e-01 9553 5.723270e+02
2.050639e-01 10660 5.285988e+02
2.150232e-01 11608 4.738637e+02
2.250206e-01 12937 4.495991e+02
2.351002e-01 14062 4.132698e+02
2.450739e-01 15105 3.918165e+02
2.550522e-01 16492 3.632959e+02
2.650604e-01 17821 3.416365e+02
2.750125e-01 18940 3.185228e+02
2.850269e-01 20836 3.000135e+02
2.950518e-01 21949 2.837458e+02
3.050599e-01 23656 2.661529e+02
3.149891e-01 24727 2.549521e+02
3.250379e-01 27400 2.419300e+02
3.350922e-01 28096 2.310098e+02
3.450584e-01 30337 2.235230e+02
3.550604e-01 31696 2.091084e+02
3.650295e-01 33849 2.018795e+02
3.750722e-01 35800 1.933195e+02
3.850647e-01 37348 1.826104e+02
3.950397e-01 39535 1.781174e+02
4.050307e-01 41452 1.708261e+02
4.150177e-01 43669 1.647527e+02
4.250356e-01 45832 1.566544e+02
4.350008e-01 47524 1.510699e+02
4.450186e-01 50761 1.466774e+02
4.550579e-01 52264 1.410653e+02
4.650571e-01 54973 1.365340e+02
4.750553e-01 56890 1.314537e+02
4.849982e-01 59233 1.269365e+02
4.949997e-01 62460 1.219191e+02
5.050400e-01 64660 1.194958e+02
5.150365e-01 67105 1.150380e+02
5.250511e-01 70108 1.119761e+02
5.350611e-01 72421 1.088440e+02
5.450809e-01 75628 1.056176e+02
5.550666e-01 77374 1.034586e+02
5.650248e-01 80965 9.992422e+01
5.750209e-01 83536 9.723252e+01
5.849943e-01 86509 9.470915e+01
5.950118e-01 90088 9.293632e+01
6.050243e-01 92524 9.027220e+01
6.150021e-01 95685 8.810493e+01
6.250268e-01 99460 8.583179e+01
6.350319e-01 101791 8.417847e+01
6.450443e-01 105940 8.174534e+01
6.550363e-01 108040 7.963552e+01
6.650248e-01 112417 7.807011e+01
6.749918e-01 114172 7.654494e+01
6.849838e-01 119989 7.474187e+01
6.950359e-01 122428 7.360633e+01
7.050021e-01 125049 7.145624e+01
7.150185e-01 130682 7.067580e+01
7.250500e-01 132820 6.885214e+01
7.350461e-01 137169 6.791734e+01
7.450354e-01 139912 6.655886e+01
7.550326e-01 145021 6.487383e+01
7.650453e-01 148000 6.368733e+01
7.750260e-01 151840 6.238097e+01
7.849916e-01 155365 6.127711e+01
7.950130e-01 161410 6.010067e+01
8.050563e-01 164341 5.907216e+01
8.150452e-01 167704 5.816742e+01
8.250456e-01 172960 5.725539e+01
8.350307e-01 175597 5.601408e+01
8.450225e-01 181552 5.528124e+01
8.550387e-01 185185 5.425970e+01
8.650410e-01 189576 5.349839e+01
8.750145e-01 192850 5.263684e+01
8.849866e-01 198481 5.177885e+01
8.950163e-01 203908 5.088488e+01
9.050183e-01 206677 4.991200e+01
9.150119e-01 212440 4.965139e+01
9.250146e-01 216544 4.861424e+01
9.350152e-01 221725 4.823223e+01
9.450189e-01 226024 4.730932e+01
9.550021e-01 230515 4.671548e+01
9.650081e-01 236548 4.587006e+01
9.750165e-01 240697 4.548824e+01
9.850258e-01 246264 4.482227e+01
9.950310e-01 250480 4.410448e+01
