# nc 512
# boxsize 1.000000e+03
8.018239e-03 9 1.606572e+03 3.559733e+05 7.887445e+07
1.659868e-02 64 2.241539e+03 4.963986e+05 1.099345e+08
2.586446e-02 157 2.045037e+03 4.521128e+05 9.996411e+07
3.529679e-02 292 1.685533e+03 3.720675e+05 8.214868e+07
4.513097e-02 529 1.337219e+03 2.953958e+05 6.527726e+07
5.555287e-02 820 1.079217e+03 2.381251e+05 5.257606e+07
6.539610e-02 1000 1.032288e+03 2.275269e+05 5.018773e+07
7.523297e-02 1483 8.580291e+02 1.887305e+05 4.155970e+07
8.527687e-02 1792 7.253425e+02 1.595187e+05 3.513340e+07
9.513029e-02 2293 6.056334e+02 1.328648e+05 2.920351e+07
1.052419e-01 2848 5.007005e+02 1.097425e+05 2.411060e+07
1.151206e-01 3232 4.526759e+02 9.899984e+04 2.171292e+07
1.250948e-01 4077 4.243794e+02 9.253630e+04 2.023977e+07
1.351559e-01 4552 3.810784e+02 8.291388e+04 1.810413e+07
1.451184e-01 5377 3.324502e+02 7.229436e+04 1.578692e+07
1.550677e-01 5974 2.861718e+02 6.212594e+04 1.355252e+07
1.650359e-01 6976 2.555103e+02 5.524580e+04 1.201119e+07
1.750550e-01 7717 2.354925e+02 5.081818e+04 1.103244e+07
1.850940e-01 8776 2.154757e+02 4.650109e+04 1.010091e+07
1.950993e-01 9553 1.987894e+02 4.278816e+04 9.275256e+06
2.050639e-01 10660 1.805956e+02 3.877552e+04 8.392379e+06
2.150232e-01 11608 1.624819e+02 3.479970e+04 7.518246e+06
2.250206e-01 12937 1.496550e+02 3.202279e+04 6.916968e+06
2.351002e-01 14062 1.363888e+02 2.909400e+04 6.269520e+06
2.450739e-01 15105 1.268731e+02 2.703528e+04 5.823808e+06
2.550522e-01 16492 1.192324e+02 2.535217e+04 5.453378e+06
2.650604e-01 17821 1.117873e+02 2.371601e+04 5.093000e+06
2.750125e-01 18940 1.032976e+02 2.187076e+04 4.691112e+06
2.850269e-01 20836 9.475639e+01 1.999486e+04 4.278894e+06
2.950518e-01 21949 8.749298e+01 1.846463e+04 3.955949e+06
3.050599e-01 23656 8.227539e+01 1.730880e+04 3.699398e+06
3.149891e-01 24727 7.831474e+01 1.645281e+04 3.513642e+06
3.250379e-01 27400 7.324329e+01 1.536401e+04 3.279243e+06
3.350922e-01 28096 6.832345e+01 1.429509e+04 3.045842e+06
3.450584e-01 30337 6.437807e+01 1.344303e+04 2.862034e+06
3.550604e-01 31696 6.057137e+01 1.262373e+04 2.685030e+06
3.650295e-01 33849 5.658360e+01 1.176801e+04 2.500465e+06
3.750722e-01 35800 5.402810e+01 1.120996e+04 2.378434e+06
3.850647e-01 37348 5.051265e+01 1.046492e+04 2.219465e+06
3.950397e-01 39535 4.788912e+01 9.906542e+03 2.100211e+06
4.050307e-01 41452 4.493152e+01 9.263263e+03 1.960048e+06
4.150177e-01 43669 4.306771e+01 8.864783e+03 1.874048e+06
4.250356e-01 45832 4.073037e+01 8.370328e+03 1.768493e+06
4.350008e-01 47524 3.858775e+01 7.908505e+03 1.668610e+06
4.450186e-01 50761 3.667178e+01 7.502135e+03 1.582056e+06
4.550579e-01 52264 3.468440e+01 7.083629e+03 1.493207e+06
4.650571e-01 54973 3.275443e+01 6.685320e+03 1.410543e+06
4.750553e-01 56890 3.110079e+01 6.327597e+03 1.332892e+06
4.849982e-01 59233 2.978482e+01 6.055672e+03 1.275691e+06
4.949997e-01 62460 2.847326e+01 5.770398e+03 1.213869e+06
5.050400e-01 64660 2.686932e+01 5.437618e+03 1.143943e+06
5.150365e-01 67105 2.569991e+01 5.187592e+03 1.089816e+06
5.250511e-01 70108 2.431230e+01 4.899478e+03 1.029668e+06
5.350611e-01 72421 2.334809e+01 4.697204e+03 9.869263e+05
5.450809e-01 75628 2.236986e+01 4.490789e+03 9.432438e+05
5.550666e-01 77374 2.124095e+01 4.255155e+03 8.934963e+05
5.650248e-01 80965 2.018965e+01 4.045325e+03 8.508253e+05
5.750209e-01 83536 1.933722e+01 3.861014e+03 8.109165e+05
5.849943e-01 86509 1.853584e+01 3.691586e+03 7.742978e+05
5.950118e-01 90088 1.770615e+01 3.520112e+03 7.387588e+05
6.050243e-01 92524 1.702116e+01 3.377940e+03 7.089268e+05
6.150021e-01 95685 1.627153e+01 3.222648e+03 6.765359e+05
6.250268e-01 99460 1.552351e+01 3.069991e+03 6.447286e+05
6.350319e-01 101791 1.487158e+01 2.936056e+03 6.168898e+05
6.450443e-01 105940 1.415950e+01 2.786486e+03 5.851834e+05
6.550363e-01 108040 1.365191e+01 2.681363e+03 5.630208e+05
6.650248e-01 112417 1.309882e+01 2.568887e+03 5.399628e+05
6.749918e-01 114172 1.252968e+01 2.452080e+03 5.155096e+05
6.849838e-01 119989 1.196467e+01 2.335043e+03 4.908678e+05
6.950359e-01 122428 1.143234e+01 2.224393e+03 4.676703e+05
7.050021e-01 125049 1.104395e+01 2.144721e+03 4.510501e+05
7.150185e-01 130682 1.064555e+01 2.065602e+03 4.350356e+05
7.250500e-01 132820 1.013950e+01 1.960245e+03 4.127784e+05
7.350461e-01 137169 9.736400e+00 1.880449e+03 3.964813e+05
7.450354e-01 139912 9.394133e+00 1.810272e+03 3.819730e+05
7.550326e-01 145021 8.982151e+00 1.725433e+03 3.643705e+05
7.650453e-01 148000 8.591478e+00 1.647398e+03 3.483999e+05
7.750260e-01 151840 8.332696e+00 1.592452e+03 3.364474e+05
7.849916e-01 155365 7.946528e+00 1.517242e+03 3.215942e+05
7.950130e-01 161410 7.669187e+00 1.458237e+03 3.089867e+05
8.050563e-01 164341 7.356358e+00 1.394997e+03 2.959325e+05
8.150452e-01 167704 7.068588e+00 1.338898e+03 2.845043e+05
8.250456e-01 172960 6.807252e+00 1.283746e+03 2.727293e+05
8.350307e-01 175597 6.560908e+00 1.233628e+03 2.623778e+05
8.450225e-01 181552 6.297877e+00 1.180856e+03 2.512477e+05
8.550387e-01 185185 6.034757e+00 1.129053e+03 2.410824e+05
8.650410e-01 189576 5.829741e+00 1.087266e+03 2.322552e+05
8.750145e-01 192850 5.611319e+00 1.043580e+03 2.231660e+05
8.849866e-01 198481 5.412621e+00 1.004151e+03 2.154048e+05
8.950163e-01 203908 5.226045e+00 9.649429e+02 2.068659e+05
9.050183e-01 206677 5.009760e+00 9.219855e+02 1.978932e+05
9.150119e-01 212440 4.811049e+00 8.829497e+02 1.902427e+05
9.250146e-01 216544 4.656771e+00 8.495842e+02 1.826619e+05
9.350152e-01 221725 4.482211e+00 8.169531e+02 1.763968e+05
9.450189e-01 226024 4.314444e+00 7.829463e+02 1.691966e+05
9.550021e-01 230515 4.174727e+00 7.554791e+02 1.636213e+05
9.650081e-01 236548 4.030106e+00 7.258333e+02 1.573304e+05
9.750165e-01 240697 3.872409e+00 6.949628e+02 1.511629e+05
9.850258e-01 246264 3.732316e+00 6.670764e+02 1.454026e+05
9.950310e-01 250480 3.593302e+00 6.400351e+02 1.398420e+05
