# nc 512
# boxsize 1.000000e+03
8.018239e-03 9 2.475553e+03 5.490935e+05 1.217932e+08
1.659868e-02 64 2.278843e+03 5.044816e+05 1.116840e+08
2.586446e-02 157 2.144351e+03 4.750896e+05 1.052677e+08
3.529679e-02 292 1.485384e+03 3.286299e+05 7.272266e+07
4.513097e-02 529 1.273917e+03 2.816077e+05 6.227814e+07
5.555287e-02 820 1.152471e+03 2.544827e+05 5.622852e+07
6.539610e-02 1000 9.999425e+02 2.202451e+05 4.855077e+07
7.523297e-02 1483 8.772204e+02 1.933222e+05 4.265306e+07
8.527687e-02 1792 7.708627e+02 1.694643e+05 3.730659e+07
9.513029e-02 2293 5.812446e+02 1.274473e+05 2.800090e+07
1.052419e-01 2848 5.239731e+02 1.146443e+05 2.514580e+07
1.151206e-01 3232 4.497540e+02 9.829588e+04 2.154401e+07
1.250948e-01 4077 4.324946e+02 9.428136e+04 2.061475e+07
1.351559e-01 4552 3.833439e+02 8.349912e+04 1.825305e+07
1.451184e-01 5377 3.403138e+02 7.388398e+04 1.610646e+07
1.550677e-01 5974 2.878696e+02 6.239910e+04 1.359163e+07
1.650359e-01 6976 2.499221e+02 5.407345e+04 1.176615e+07
1.750550e-01 7717 2.294720e+02 4.956175e+04 1.077096e+07
1.850940e-01 8776 2.120229e+02 4.572341e+04 9.927265e+06
1.950993e-01 9553 1.997025e+02 4.299456e+04 9.323630e+06
2.050639e-01 10660 1.831264e+02 3.933527e+04 8.513853e+06
2.150232e-01 11608 1.633229e+02 3.504163e+04 7.583620e+06
2.250206e-01 12937 1.504957e+02 3.216550e+04 6.939939e+06
2.351002e-01 14062 1.369517e+02 2.921992e+04 6.298760e+06
2.450739e-01 15105 1.289803e+02 2.749147e+04 5.922108e+06
2.550522e-01 16492 1.194549e+02 2.538834e+04 5.457897e+06
2.650604e-01 17821 1.106094e+02 2.348475e+04 5.047784e+06
2.750125e-01 18940 1.021549e+02 2.164445e+04 4.646506e+06
2.850269e-01 20836 9.413046e+01 1.986468e+04 4.251198e+06
2.950518e-01 21949 8.814889e+01 1.860464e+04 3.985792e+06
3.050599e-01 23656 8.157114e+01 1.716973e+04 3.671659e+06
3.149891e-01 24727 7.758798e+01 1.630491e+04 3.483894e+06
3.250379e-01 27400 7.286528e+01 1.527585e+04 3.258676e+06
3.350922e-01 28096 6.870464e+01 1.437677e+04 3.064315e+06
3.450584e-01 30337 6.478921e+01 1.350567e+04 2.870193e+06
3.550604e-01 31696 5.967720e+01 1.242164e+04 2.639940e+06
3.650295e-01 33849 5.688762e+01 1.182571e+04 2.511578e+06
3.750722e-01 35800 5.368049e+01 1.113342e+04 2.361640e+06
3.850647e-01 37348 5.015284e+01 1.039524e+04 2.205734e+06
3.950397e-01 39535 4.840580e+01 1.001321e+04 2.122072e+06
4.050307e-01 41452 4.565536e+01 9.426710e+03 1.996178e+06
4.150177e-01 43669 4.304140e+01 8.861166e+03 1.873520e+06
4.250356e-01 45832 4.033994e+01 8.286764e+03 1.751145e+06
4.350008e-01 47524 3.843941e+01 7.888299e+03 1.666401e+06
4.450186e-01 50761 3.668001e+01 7.497634e+03 1.579761e+06
4.550579e-01 52264 3.493254e+01 7.128312e+03 1.501304e+06
4.650571e-01 54973 3.288167e+01 6.701903e+03 1.412479e+06
4.750553e-01 56890 3.122797e+01 6.360201e+03 1.340520e+06
4.849982e-01 59233 2.981035e+01 6.053862e+03 1.274296e+06
4.949997e-01 62460 2.820537e+01 5.720659e+03 1.204610e+06
5.050400e-01 64660 2.709779e+01 5.486568e+03 1.154341e+06
5.150365e-01 67105 2.561756e+01 5.172359e+03 1.087285e+06
5.250511e-01 70108 2.457113e+01 4.956056e+03 1.042165e+06
5.350611e-01 72421 2.326690e+01 4.676881e+03 9.822798e+05
5.450809e-01 75628 2.230703e+01 4.478238e+03 9.405341e+05
5.550666e-01 77374 2.131262e+01 4.266760e+03 8.950232e+05
5.650248e-01 80965 2.022117e+01 4.045107e+03 8.496064e+05
5.750209e-01 83536 1.935430e+01 3.862558e+03 8.108288e+05
5.849943e-01 86509 1.849358e+01 3.679051e+03 7.713106e+05
5.950118e-01 90088 1.777780e+01 3.532914e+03 7.412646e+05
6.050243e-01 92524 1.694735e+01 3.365704e+03 7.070344e+05
6.150021e-01 95685 1.626422e+01 3.219254e+03 6.753536e+05
6.250268e-01 99460 1.555436e+01 3.067654e+03 6.428544e+05
6.350319e-01 101791 1.491026e+01 2.941744e+03 6.179005e+05
6.450443e-01 105940 1.423414e+01 2.800310e+03 5.875178e+05
6.550363e-01 108040 1.368010e+01 2.685403e+03 5.635821e+05
6.650248e-01 112417 1.305818e+01 2.558856e+03 5.376446e+05
6.749918e-01 114172 1.251064e+01 2.446956e+03 5.143416e+05
6.849838e-01 119989 1.198324e+01 2.338621e+03 4.915769e+05
6.950359e-01 122428 1.155385e+01 2.249707e+03 4.731083e+05
7.050021e-01 125049 1.107129e+01 2.151097e+03 4.526430e+05
7.150185e-01 130682 1.063894e+01 2.063324e+03 4.344421e+05
7.250500e-01 132820 1.017600e+01 1.966221e+03 4.137827e+05
7.350461e-01 137169 9.808638e+00 1.891041e+03 3.980793e+05
7.450354e-01 139912 9.369387e+00 1.801261e+03 3.796022e+05
7.550326e-01 145021 8.992213e+00 1.727262e+03 3.646470e+05
7.650453e-01 148000 8.643250e+00 1.656495e+03 3.500491e+05
7.750260e-01 151840 8.288659e+00 1.583385e+03 3.346254e+05
7.849916e-01 155365 7.972755e+00 1.521145e+03 3.221713e+05
7.950130e-01 161410 7.681422e+00 1.460599e+03 3.093659e+05
8.050563e-01 164341 7.368647e+00 1.398033e+03 2.964156e+05
8.150452e-01 167704 7.116690e+00 1.345408e+03 2.853563e+05
8.250456e-01 172960 6.832545e+00 1.288612e+03 2.738662e+05
8.350307e-01 175597 6.571644e+00 1.235699e+03 2.628562e+05
8.450225e-01 181552 6.303645e+00 1.183210e+03 2.522170e+05
8.550387e-01 185185 6.060322e+00 1.132135e+03 2.412895e+05
8.650410e-01 189576 5.842706e+00 1.090192e+03 2.329991e+05
8.750145e-01 192850 5.624010e+00 1.045171e+03 2.234434e+05
8.849866e-01 198481 5.429666e+00 1.005978e+03 2.154542e+05
8.950163e-01 203908 5.180001e+00 9.566448e+02 2.052801e+05
9.050183e-01 206677 5.018198e+00 9.229173e+02 1.981338e+05
9.150119e-01 212440 4.831984e+00 8.874669e+02 1.910967e+05
9.250146e-01 216544 4.646197e+00 8.495472e+02 1.831985e+05
9.350152e-01 221725 4.498133e+00 8.195302e+02 1.768862e+05
9.450189e-01 226024 4.321957e+00 7.856883e+02 1.701090e+05
9.550021e-01 230515 4.165143e+00 7.528797e+02 1.630848e+05
9.650081e-01 236548 4.038328e+00 7.279532e+02 1.580743e+05
9.750165e-01 240697 3.898357e+00 7.002644e+02 1.523296e+05
9.850258e-01 246264 3.733297e+00 6.675725e+02 1.455760e+05
9.950310e-01 250480 3.594707e+00 6.395333e+02 1.396815e+05
