# nc 512
# boxsize 1.000000e+03
8.018239e-03 9 2.319784e+03 5.140534e+05 1.139132e+08
1.659868e-02 64 2.656488e+03 5.887672e+05 1.304945e+08
2.586446e-02 157 2.148702e+03 4.754786e+05 1.052308e+08
3.529679e-02 292 1.948986e+03 4.312334e+05 9.543578e+07
4.513097e-02 529 1.440780e+03 3.180614e+05 7.024386e+07
5.555287e-02 820 1.235333e+03 2.722900e+05 6.005760e+07
6.539610e-02 1000 1.038277e+03 2.288394e+05 5.048408e+07
7.523297e-02 1483 8.287951e+02 1.825126e+05 4.024483e+07
8.527687e-02 1792 7.568031e+02 1.662119e+05 3.656074e+07
9.513029e-02 2293 6.093557e+02 1.337304e+05 2.940874e+07
1.052419e-01 2848 5.101237e+02 1.116540e+05 2.449903e+07
1.151206e-01 3232 4.515394e+02 9.878878e+04 2.167603e+07
1.250948e-01 4077 4.177411e+02 9.116836e+04 1.996287e+07
1.351559e-01 4552 3.783876e+02 8.239633e+04 1.800968e+07
1.451184e-01 5377 3.238293e+02 7.032909e+04 1.534136e+07
1.550677e-01 5974 2.863897e+02 6.210112e+04 1.353379e+07
1.650359e-01 6976 2.493603e+02 5.389784e+04 1.171596e+07
1.750550e-01 7717 2.327866e+02 5.022160e+04 1.090217e+07
1.850940e-01 8776 2.178379e+02 4.696375e+04 1.019230e+07
1.950993e-01 9553 2.025505e+02 4.355640e+04 9.433872e+06
2.050639e-01 10660 1.822942e+02 3.911049e+04 8.458803e+06
2.150232e-01 11608 1.635690e+02 3.506952e+04 7.584787e+06
2.250206e-01 12937 1.483370e+02 3.173379e+04 6.853450e+06
2.351002e-01 14062 1.372757e+02 2.928858e+04 6.312925e+06
2.450739e-01 15105 1.284740e+02 2.735544e+04 5.887879e+06
2.550522e-01 16492 1.201602e+02 2.554747e+04 5.494167e+06
2.650604e-01 17821 1.097568e+02 2.326284e+04 4.992352e+06
2.750125e-01 18940 1.024890e+02 2.169722e+04 4.654996e+06
2.850269e-01 20836 9.459982e+01 1.997919e+04 4.280034e+06
2.950518e-01 21949 8.860501e+01 1.866469e+04 3.990480e+06
3.050599e-01 23656 8.148414e+01 1.714204e+04 3.664772e+06
3.149891e-01 24727 7.856378e+01 1.649851e+04 3.522307e+06
3.250379e-01 27400 7.266093e+01 1.523653e+04 3.252333e+06
3.350922e-01 28096 6.847178e+01 1.431354e+04 3.048402e+06
3.450584e-01 30337 6.399353e+01 1.335709e+04 2.843648e+06
3.550604e-01 31696 6.038424e+01 1.257508e+04 2.672920e+06
3.650295e-01 33849 5.668711e+01 1.178685e+04 2.504145e+06
3.750722e-01 35800 5.402818e+01 1.119845e+04 2.374304e+06
3.850647e-01 37348 5.073355e+01 1.050946e+04 2.228870e+06
3.950397e-01 39535 4.819189e+01 9.948694e+03 2.104870e+06
4.050307e-01 41452 4.533522e+01 9.345629e+03 1.977510e+06
4.150177e-01 43669 4.268387e+01 8.779962e+03 1.855554e+06
4.250356e-01 45832 4.034590e+01 8.288031e+03 1.751272e+06
4.350008e-01 47524 3.859485e+01 7.910742e+03 1.669348e+06
4.450186e-01 50761 3.653219e+01 7.477083e+03 1.577526e+06
4.550579e-01 52264 3.475538e+01 7.093972e+03 1.495114e+06
4.650571e-01 54973 3.292187e+01 6.710156e+03 1.414218e+06
4.750553e-01 56890 3.144480e+01 6.393021e+03 1.345097e+06
4.849982e-01 59233 2.995471e+01 6.084187e+03 1.280506e+06
4.949997e-01 62460 2.848168e+01 5.770853e+03 1.213899e+06
5.050400e-01 64660 2.689118e+01 5.439474e+03 1.143970e+06
5.150365e-01 67105 2.570874e+01 5.182135e+03 1.087868e+06
5.250511e-01 70108 2.454742e+01 4.949445e+03 1.040722e+06
5.350611e-01 72421 2.331677e+01 4.686905e+03 9.840768e+05
5.450809e-01 75628 2.225929e+01 4.469213e+03 9.387830e+05
5.550666e-01 77374 2.134162e+01 4.270085e+03 8.953675e+05
5.650248e-01 80965 2.028030e+01 4.050169e+03 8.491636e+05
5.750209e-01 83536 1.942149e+01 3.873235e+03 8.123861e+05
5.849943e-01 86509 1.849527e+01 3.679565e+03 7.717538e+05
5.950118e-01 90088 1.782480e+01 3.540304e+03 7.423362e+05
6.050243e-01 92524 1.691637e+01 3.354113e+03 7.035226e+05
6.150021e-01 95685 1.631736e+01 3.228305e+03 6.769075e+05
6.250268e-01 99460 1.558443e+01 3.077661e+03 6.456066e+05
6.350319e-01 101791 1.488184e+01 2.932438e+03 6.153386e+05
6.450443e-01 105940 1.429284e+01 2.811989e+03 5.902738e+05
6.550363e-01 108040 1.364572e+01 2.678446e+03 5.623557e+05
6.650248e-01 112417 1.306796e+01 2.559560e+03 5.375431e+05
6.749918e-01 114172 1.247333e+01 2.436997e+03 5.119559e+05
6.849838e-01 119989 1.205404e+01 2.349612e+03 4.932278e+05
6.950359e-01 122428 1.151972e+01 2.243351e+03 4.719628e+05
7.050021e-01 125049 1.101891e+01 2.137036e+03 4.491612e+05
7.150185e-01 130682 1.058037e+01 2.049034e+03 4.311443e+05
7.250500e-01 132820 1.015710e+01 1.962624e+03 4.129723e+05
7.350461e-01 137169 9.756586e+00 1.882108e+03 3.967217e+05
7.450354e-01 139912 9.385854e+00 1.806676e+03 3.809113e+05
7.550326e-01 145021 8.998838e+00 1.728507e+03 3.648338e+05
7.650453e-01 148000 8.692583e+00 1.665549e+03 3.517750e+05
7.750260e-01 151840 8.308538e+00 1.587850e+03 3.359360e+05
7.849916e-01 155365 7.986052e+00 1.522221e+03 3.221652e+05
7.950130e-01 161410 7.671919e+00 1.458390e+03 3.089222e+05
8.050563e-01 164341 7.381477e+00 1.398301e+03 2.962030e+05
8.150452e-01 167704 7.082456e+00 1.339674e+03 2.845702e+05
8.250456e-01 172960 6.836129e+00 1.288132e+03 2.735198e+05
8.350307e-01 175597 6.524868e+00 1.226847e+03 2.611627e+05
8.450225e-01 181552 6.306808e+00 1.182086e+03 2.516871e+05
8.550387e-01 185185 6.087830e+00 1.138231e+03 2.427809e+05
8.650410e-01 189576 5.847075e+00 1.089360e+03 2.324649e+05
8.750145e-01 192850 5.623993e+00 1.043236e+03 2.227700e+05
8.849866e-01 198481 5.409662e+00 1.001846e+03 2.144652e+05
8.950163e-01 203908 5.222178e+00 9.628829e+02 2.062958e+05
9.050183e-01 206677 5.018428e+00 9.232284e+02 1.983797e+05
9.150119e-01 212440 4.844174e+00 8.882878e+02 1.911428e+05
9.250146e-01 216544 4.661245e+00 8.510732e+02 1.832451e+05
9.350152e-01 221725 4.504528e+00 8.198243e+02 1.768004e+05
9.450189e-01 226024 4.322613e+00 7.830530e+02 1.691359e+05
9.550021e-01 230515 4.172878e+00 7.529588e+02 1.627859e+05
9.650081e-01 236548 4.016423e+00 7.221113e+02 1.566204e+05
9.750165e-01 240697 3.886413e+00 6.971830e+02 1.514621e+05
9.850258e-01 246264 3.746029e+00 6.687269e+02 1.456171e+05
9.950310e-01 250480 3.617131e+00 6.430737e+02 1.402637e+05
