# nc 512
# boxsize 1.000000e+03
8.018239e-03 9 1.846644e+03 4.090009e+05 9.058756e+07
1.659868e-02 64 2.741793e+03 6.073510e+05 1.345427e+08
2.586446e-02 157 2.592890e+03 5.739303e+05 1.270505e+08
3.529679e-02 292 1.813400e+03 4.004934e+05 8.847284e+07
4.513097e-02 529 1.313531e+03 2.895727e+05 6.386792e+07
5.555287e-02 820 1.156778e+03 2.551322e+05 5.630853e+07
6.539610e-02 1000 1.077385e+03 2.373750e+05 5.234282e+07
7.523297e-02 1483 8.772619e+02 1.929265e+05 4.248080e+07
8.527687e-02 1792 7.502592e+02 1.646512e+05 3.619263e+07
9.513029e-02 2293 6.015387e+02 1.318391e+05 2.895694e+07
1.052419e-01 2848 4.996437e+02 1.093219e+05 2.398099e+07
1.151206e-01 3232 4.567630e+02 9.973822e+04 2.184219e+07
1.250948e-01 4077 4.163730e+02 9.087590e+04 1.989858e+07
1.351559e-01 4552 3.769958e+02 8.216483e+04 1.797279e+07
1.451184e-01 5377 3.415555e+02 7.422858e+04 1.619904e+07
1.550677e-01 5974 2.845214e+02 6.168919e+04 1.344314e+07
1.650359e-01 6976 2.510743e+02 5.427056e+04 1.179703e+07
1.750550e-01 7717 2.269812e+02 4.895543e+04 1.062657e+07
1.850940e-01 8776 2.178541e+02 4.699000e+04 1.020255e+07
1.950993e-01 9553 2.045072e+02 4.400188e+04 9.533726e+06
2.050639e-01 10660 1.808813e+02 3.886159e+04 8.415185e+06
2.150232e-01 11608 1.626335e+02 3.483239e+04 7.525842e+06
2.250206e-01 12937 1.469552e+02 3.141975e+04 6.781742e+06
2.351002e-01 14062 1.348754e+02 2.878005e+04 6.206420e+06
2.450739e-01 15105 1.285535e+02 2.737722e+04 5.892909e+06
2.550522e-01 16492 1.205277e+02 2.563150e+04 5.513376e+06
2.650604e-01 17821 1.096490e+02 2.327073e+04 5.001020e+06
2.750125e-01 18940 1.024111e+02 2.169031e+04 4.654852e+06
2.850269e-01 20836 9.466669e+01 1.998903e+04 4.279988e+06
2.950518e-01 21949 8.731113e+01 1.838535e+04 3.930056e+06
3.050599e-01 23656 8.172433e+01 1.717911e+04 3.669659e+06
3.149891e-01 24727 7.761983e+01 1.627601e+04 3.469994e+06
3.250379e-01 27400 7.295358e+01 1.528970e+04 3.261608e+06
3.350922e-01 28096 6.884569e+01 1.438315e+04 3.061166e+06
3.450584e-01 30337 6.464617e+01 1.350492e+04 2.876722e+06
3.550604e-01 31696 6.041626e+01 1.257935e+04 2.673347e+06
3.650295e-01 33849 5.591236e+01 1.162426e+04 2.470174e+06
3.750722e-01 35800 5.363580e+01 1.112735e+04 2.360964e+06
3.850647e-01 37348 5.061998e+01 1.047564e+04 2.219645e+06
3.950397e-01 39535 4.783622e+01 9.881062e+03 2.092124e+06
4.050307e-01 41452 4.514233e+01 9.315783e+03 1.972336e+06
4.150177e-01 43669 4.302320e+01 8.856883e+03 1.873015e+06
4.250356e-01 45832 4.053337e+01 8.325878e+03 1.759182e+06
4.350008e-01 47524 3.836860e+01 7.865318e+03 1.660218e+06
4.450186e-01 50761 3.642670e+01 7.460310e+03 1.575359e+06
4.550579e-01 52264 3.446915e+01 7.040574e+03 1.485038e+06
4.650571e-01 54973 3.292987e+01 6.711205e+03 1.413908e+06
4.750553e-01 56890 3.136648e+01 6.385747e+03 1.345657e+06
4.849982e-01 59233 2.956242e+01 6.007868e+03 1.265862e+06
4.949997e-01 62460 2.822536e+01 5.724134e+03 1.205148e+06
5.050400e-01 64660 2.712996e+01 5.495952e+03 1.157219e+06
5.150365e-01 67105 2.564670e+01 5.174330e+03 1.087157e+06
5.250511e-01 70108 2.431687e+01 4.900598e+03 1.030015e+06
5.350611e-01 72421 2.329342e+01 4.678788e+03 9.815282e+05
5.450809e-01 75628 2.231669e+01 4.482212e+03 9.416446e+05
5.550666e-01 77374 2.116830e+01 4.240544e+03 8.906561e+05
5.650248e-01 80965 2.029559e+01 4.061811e+03 8.532209e+05
5.750209e-01 83536 1.945752e+01 3.882174e+03 8.144127e+05
5.849943e-01 86509 1.857852e+01 3.700247e+03 7.762466e+05
5.950118e-01 90088 1.779628e+01 3.539791e+03 7.432289e+05
6.050243e-01 92524 1.691375e+01 3.354973e+03 7.040388e+05
6.150021e-01 95685 1.619374e+01 3.204537e+03 6.721462e+05
6.250268e-01 99460 1.547933e+01 3.059468e+03 6.424869e+05
6.350319e-01 101791 1.484991e+01 2.931711e+03 6.160124e+05
6.450443e-01 105940 1.415364e+01 2.785928e+03 5.853087e+05
6.550363e-01 108040 1.357677e+01 2.667205e+03 5.605969e+05
6.650248e-01 112417 1.301177e+01 2.548662e+03 5.353672e+05
6.749918e-01 114172 1.253469e+01 2.448708e+03 5.140702e+05
6.849838e-01 119989 1.200328e+01 2.340750e+03 4.917751e+05
6.950359e-01 122428 1.151477e+01 2.241845e+03 4.714288e+05
7.050021e-01 125049 1.101898e+01 2.140501e+03 4.503880e+05
7.150185e-01 130682 1.057515e+01 2.051317e+03 4.322320e+05
7.250500e-01 132820 1.016355e+01 1.966832e+03 4.147705e+05
7.350461e-01 137169 9.773463e+00 1.886439e+03 3.977805e+05
7.450354e-01 139912 9.400578e+00 1.810927e+03 3.821694e+05
7.550326e-01 145021 9.049838e+00 1.739504e+03 3.672004e+05
7.650453e-01 148000 8.602453e+00 1.648967e+03 3.487436e+05
7.750260e-01 151840 8.304560e+00 1.586293e+03 3.350744e+05
7.849916e-01 155365 7.931672e+00 1.510675e+03 3.197578e+05
7.950130e-01 161410 7.668369e+00 1.458377e+03 3.089768e+05
8.050563e-01 164341 7.343297e+00 1.390788e+03 2.946389e+05
8.150452e-01 167704 7.070779e+00 1.337113e+03 2.838394e+05
8.250456e-01 172960 6.805363e+00 1.283674e+03 2.729568e+05
8.350307e-01 175597 6.558939e+00 1.234927e+03 2.628828e+05
8.450225e-01 181552 6.306123e+00 1.183627e+03 2.521812e+05
8.550387e-01 185185 6.075295e+00 1.137896e+03 2.429036e+05
8.650410e-01 189576 5.828315e+00 1.085894e+03 2.318790e+05
8.750145e-01 192850 5.602838e+00 1.041653e+03 2.229470e+05
8.849866e-01 198481 5.420808e+00 1.004712e+03 2.151876e+05
8.950163e-01 203908 5.201450e+00 9.608328e+02 2.061572e+05
9.050183e-01 206677 5.023981e+00 9.242922e+02 1.983401e+05
9.150119e-01 212440 4.828739e+00 8.858307e+02 1.906761e+05
9.250146e-01 216544 4.656705e+00 8.501066e+02 1.830389e+05
9.350152e-01 221725 4.476772e+00 8.157634e+02 1.762612e+05
9.450189e-01 226024 4.315660e+00 7.830584e+02 1.693758e+05
9.550021e-01 230515 4.170144e+00 7.541320e+02 1.633136e+05
9.650081e-01 236548 4.019020e+00 7.242009e+02 1.573304e+05
9.750165e-01 240697 3.858036e+00 6.929559e+02 1.508913e+05
9.850258e-01 246264 3.735281e+00 6.673287e+02 1.454446e+05
9.950310e-01 250480 3.609500e+00 6.417410e+02 1.400438e+05
