# sigma2_v 7.623422578260529e+00
0.000000e+00 1.000000e+00
1.000000e-02 9.996189e-01
2.000000e-02 9.984766e-01
3.000000e-02 9.965758e-01
4.000000e-02 9.939212e-01
5.000000e-02 9.905194e-01
6.000000e-02 9.863787e-01
7.000000e-02 9.815091e-01
8.000000e-02 9.759224e-01
9.000000e-02 9.696321e-01
1.000000e-01 9.626534e-01
1.100000e-01 9.550029e-01
1.200000e-01 9.466987e-01
1.300000e-01 9.377602e-01
1.400000e-01 9.282084e-01
1.500000e-01 9.180653e-01
1.600000e-01 9.073541e-01
1.700000e-01 8.960990e-01
1.800000e-01 8.843251e-01
1.900000e-01 8.720585e-01
2.000000e-01 8.593260e-01
2.100000e-01 8.461548e-01
2.200000e-01 8.325730e-01
2.300000e-01 8.186089e-01
2.400000e-01 8.042911e-01
2.500000e-01 7.896486e-01
2.600000e-01 7.747105e-01
2.700000e-01 7.595057e-01
2.800000e-01 7.440634e-01
2.900000e-01 7.284125e-01
3.000000e-01 7.125814e-01
3.100000e-01 6.965987e-01
3.200000e-01 6.804922e-01
3.300000e-01 6.642893e-01
3.400000e-01 6.480170e-01
3.500000e-01 6.317015e-01
3.600000e-01 6.153685e-01
3.700000e-01 5.990428e-01
3.800000e-01 5.827486e-01
3.900000e-01 5.665091e-01
4.000000e-01 5.503466e-01
4.100000e-01 5.342827e-01
4.200000e-01 5.183380e-01
4.300000e-01 5.025318e-01
4.400000e-01 4.868829e-01
4.500000e-01 4.714088e-01
4.600000e-01 4.561260e-01
4.700000e-01 4.410499e-01
4.800000e-01 4.261950e-01
4.900000e-01 4.115747e-01
5.000000e-01 3.972013e-01
5.100000e-01 3.830860e-01
5.200000e-01 3.692393e-01
5.300000e-01 3.556702e-01
5.400000e-01 3.423872e-01
5.500000e-01 3.293973e-01
5.600000e-01 3.167070e-01
5.700000e-01 3.043216e-01
5.800000e-01 2.922456e-01
5.900000e-01 2.804825e-01
6.000000e-01 2.690351e-01
6.100000e-01 2.579053e-01
6.200000e-01 2.470942e-01
6.300000e-01 2.366023e-01
6.400000e-01 2.264291e-01
6.500000e-01 2.165737e-01
6.600000e-01 2.070344e-01
6.700000e-01 1.978090e-01
6.800000e-01 1.888947e-01
6.900000e-01 1.802881e-01
7.000000e-01 1.719855e-01
7.100000e-01 1.639825e-01
7.200000e-01 1.562745e-01
7.300000e-01 1.488565e-01
7.400000e-01 1.417230e-01
7.500000e-01 1.348683e-01
7.600000e-01 1.282866e-01
7.700000e-01 1.219715e-01
7.800000e-01 1.159167e-01
7.900000e-01 1.101155e-01
8.000000e-01 1.045613e-01
8.100000e-01 9.924720e-02
8.200000e-01 9.416622e-02
8.300000e-01 8.931135e-02
8.400000e-01 8.467555e-02
8.500000e-01 8.025172e-02
8.600000e-01 7.603278e-02
8.700000e-01 7.201167e-02
8.800000e-01 6.818135e-02
8.900000e-01 6.453485e-02
9.000000e-01 6.106527e-02
9.100000e-01 5.776578e-02
9.200000e-01 5.462965e-02
9.300000e-01 5.165028e-02
9.400000e-01 4.882115e-02
9.500000e-01 4.613592e-02
9.600000e-01 4.358835e-02
9.700000e-01 4.117236e-02
9.800000e-01 3.888202e-02
9.900000e-01 3.671157e-02
1.000000e+00 3.465540e-02
1.010000e+00 3.270808e-02
1.020000e+00 3.086436e-02
1.030000e+00 2.911913e-02
1.040000e+00 2.746750e-02
1.050000e+00 2.590472e-02
1.060000e+00 2.442626e-02
1.070000e+00 2.302772e-02
1.080000e+00 2.170492e-02
1.090000e+00 2.045384e-02
1.100000e+00 1.927062e-02
1.110000e+00 1.815158e-02
1.120000e+00 1.709324e-02
1.130000e+00 1.609223e-02
1.140000e+00 1.514538e-02
1.150000e+00 1.424968e-02
1.160000e+00 1.340225e-02
1.170000e+00 1.260037e-02
1.180000e+00 1.184147e-02
1.190000e+00 1.112311e-02
1.200000e+00 1.044300e-02
1.210000e+00 9.798954e-03
1.220000e+00 9.188925e-03
1.230000e+00 8.610980e-03
1.240000e+00 8.063299e-03
1.250000e+00 7.544169e-03
1.260000e+00 7.051977e-03
1.270000e+00 6.585210e-03
1.280000e+00 6.142442e-03
1.290000e+00 5.722335e-03
1.300000e+00 5.323632e-03
1.310000e+00 4.945154e-03
1.320000e+00 4.585791e-03
1.330000e+00 4.244502e-03
1.340000e+00 3.920309e-03
1.350000e+00 3.612293e-03
1.360000e+00 3.319590e-03
1.370000e+00 3.041388e-03
1.380000e+00 2.776920e-03
1.390000e+00 2.525466e-03
1.400000e+00 2.286346e-03
1.410000e+00 2.058919e-03
1.420000e+00 1.842577e-03
1.430000e+00 1.636745e-03
1.440000e+00 1.440878e-03
1.450000e+00 1.254459e-03
1.460000e+00 1.076994e-03
1.470000e+00 9.080123e-04
1.480000e+00 7.470650e-04
1.490000e+00 5.937216e-04
1.500000e+00 4.475689e-04
1.510000e+00 3.082100e-04
1.520000e+00 1.752625e-04
1.530000e+00 4.835782e-05
1.540000e+00 -7.286004e-05
1.550000e+00 -1.887351e-04
1.560000e+00 -2.996000e-04
1.570000e+00 -4.057763e-04
1.580000e+00 -5.075749e-04
1.590000e+00 -6.052962e-04
1.600000e+00 -6.992297e-04
1.610000e+00 -7.896542e-04
1.620000e+00 -8.768370e-04
1.630000e+00 -9.610343e-04
1.640000e+00 -1.042490e-03
1.650000e+00 -1.121435e-03
1.660000e+00 -1.198088e-03
1.670000e+00 -1.272652e-03
1.680000e+00 -1.345319e-03
1.690000e+00 -1.416262e-03
1.700000e+00 -1.485642e-03
1.710000e+00 -1.553601e-03
1.720000e+00 -1.620267e-03
1.730000e+00 -1.685750e-03
1.740000e+00 -1.750144e-03
1.750000e+00 -1.813526e-03
1.760000e+00 -1.875957e-03
1.770000e+00 -1.937481e-03
1.780000e+00 -1.998126e-03
1.790000e+00 -2.057905e-03
1.800000e+00 -2.116817e-03
1.810000e+00 -2.174848e-03
1.820000e+00 -2.231969e-03
1.830000e+00 -2.288142e-03
1.840000e+00 -2.343319e-03
1.850000e+00 -2.397440e-03
1.860000e+00 -2.450441e-03
1.870000e+00 -2.502250e-03
1.880000e+00 -2.552792e-03
1.890000e+00 -2.601987e-03
1.900000e+00 -2.649755e-03
1.910000e+00 -2.696012e-03
1.920000e+00 -2.740679e-03
1.930000e+00 -2.783676e-03
1.940000e+00 -2.824927e-03
1.950000e+00 -2.864357e-03
1.960000e+00 -2.901900e-03
1.970000e+00 -2.937490e-03
1.980000e+00 -2.971070e-03
1.990000e+00 -3.002587e-03
2.000000e+00 -3.031993e-03
2.010000e+00 -3.059246e-03
2.020000e+00 -3.084311e-03
2.030000e+00 -3.107156e-03
2.040000e+00 -3.127755e-03
2.050000e+00 -3.146086e-03
2.060000e+00 -3.162130e-03
2.070000e+00 -3.175873e-03
2.080000e+00 -3.187302e-03
2.090000e+00 -3.196406e-03
2.100000e+00 -3.203175e-03
2.110000e+00 -3.207602e-03
2.120000e+00 -3.209677e-03
2.130000e+00 -3.209392e-03
2.140000e+00 -3.206738e-03
2.150000e+00 -3.201705e-03
2.160000e+00 -3.194283e-03
2.170000e+00 -3.184460e-03
2.180000e+00 -3.172224e-03
2.190000e+00 -3.157562e-03
2.200000e+00 -3.140462e-03
2.210000e+00 -3.120909e-03
2.220000e+00 -3.098894e-03
2.230000e+00 -3.074404e-03
2.240000e+00 -3.047431e-03
2.250000e+00 -3.017970e-03
2.260000e+00 -2.986019e-03
2.270000e+00 -2.951579e-03
2.280000e+00 -2.914657e-03
2.290000e+00 -2.875269e-03
2.300000e+00 -2.833432e-03
2.310000e+00 -2.789175e-03
2.320000e+00 -2.742534e-03
2.330000e+00 -2.693553e-03
2.340000e+00 -2.642286e-03
2.350000e+00 -2.588795e-03
2.360000e+00 -2.533154e-03
2.370000e+00 -2.475446e-03
2.380000e+00 -2.415765e-03
2.390000e+00 -2.354213e-03
2.400000e+00 -2.290906e-03
2.410000e+00 -2.225965e-03
2.420000e+00 -2.159523e-03
2.430000e+00 -2.091724e-03
2.440000e+00 -2.022716e-03
2.450000e+00 -1.952657e-03
2.460000e+00 -1.881714e-03
2.470000e+00 -1.810056e-03
2.480000e+00 -1.737862e-03
2.490000e+00 -1.665313e-03
2.500000e+00 -1.592594e-03
2.510000e+00 -1.519892e-03
2.520000e+00 -1.447399e-03
2.530000e+00 -1.375305e-03
2.540000e+00 -1.303800e-03
2.550000e+00 -1.233074e-03
2.560000e+00 -1.163314e-03
2.570000e+00 -1.094705e-03
2.580000e+00 -1.027427e-03
2.590000e+00 -9.616554e-04
2.600000e+00 -8.975600e-04
2.610000e+00 -8.353038e-04
2.620000e+00 -7.750426e-04
2.630000e+00 -7.169238e-04
2.640000e+00 -6.610861e-04
2.650000e+00 -6.076583e-04
2.660000e+00 -5.567592e-04
2.670000e+00 -5.084968e-04
2.680000e+00 -4.629679e-04
2.690000e+00 -4.202575e-04
2.700000e+00 -3.804385e-04
2.710000e+00 -3.435715e-04
2.720000e+00 -3.097047e-04
2.730000e+00 -2.788733e-04
2.740000e+00 -2.511000e-04
2.750000e+00 -2.263948e-04
2.760000e+00 -2.047550e-04
2.770000e+00 -1.861658e-04
2.780000e+00 -1.706003e-04
2.790000e+00 -1.580199e-04
2.800000e+00 -1.483752e-04
2.810000e+00 -1.416060e-04
2.820000e+00 -1.376427e-04
2.830000e+00 -1.364062e-04
2.840000e+00 -1.378095e-04
2.850000e+00 -1.417581e-04
2.860000e+00 -1.481512e-04
2.870000e+00 -1.568825e-04
2.880000e+00 -1.678413e-04
2.890000e+00 -1.809135e-04
2.900000e+00 -1.959829e-04
2.910000e+00 -2.129317e-04
2.920000e+00 -2.316422e-04
2.930000e+00 -2.519970e-04
2.940000e+00 -2.738807e-04
2.950000e+00 -2.971803e-04
2.960000e+00 -3.217864e-04
2.970000e+00 -3.475935e-04
2.980000e+00 -3.745010e-04
2.990000e+00 -4.024136e-04
3.000000e+00 -4.312419e-04
3.010000e+00 -4.609026e-04
3.020000e+00 -4.913189e-04
3.030000e+00 -5.224204e-04
3.040000e+00 -5.541435e-04
3.050000e+00 -5.864309e-04
3.060000e+00 -6.192316e-04
3.070000e+00 -6.525009e-04
3.080000e+00 -6.861992e-04
3.090000e+00 -7.202926e-04
3.100000e+00 -7.547513e-04
3.110000e+00 -7.895498e-04
3.120000e+00 -8.246656e-04
3.130000e+00 -8.600791e-04
3.140000e+00 -8.957721e-04
3.150000e+00 -9.317275e-04
3.160000e+00 -9.679286e-04
3.170000e+00 -1.004358e-03
3.180000e+00 -1.040996e-03
3.190000e+00 -1.077822e-03
3.200000e+00 -1.114812e-03
3.210000e+00 -1.151938e-03
3.220000e+00 -1.189168e-03
3.230000e+00 -1.226465e-03
3.240000e+00 -1.263786e-03
3.250000e+00 -1.301082e-03
3.260000e+00 -1.338300e-03
3.270000e+00 -1.375378e-03
3.280000e+00 -1.412248e-03
3.290000e+00 -1.448834e-03
3.300000e+00 -1.485056e-03
3.310000e+00 -1.520823e-03
3.320000e+00 -1.556041e-03
3.330000e+00 -1.590609e-03
3.340000e+00 -1.624418e-03
3.350000e+00 -1.657355e-03
3.360000e+00 -1.689303e-03
3.370000e+00 -1.720138e-03
3.380000e+00 -1.749735e-03
3.390000e+00 -1.777965e-03
3.400000e+00 -1.804698e-03
3.410000e+00 -1.829803e-03
3.420000e+00 -1.853149e-03
3.430000e+00 -1.874605e-03
3.440000e+00 -1.894045e-03
3.450000e+00 -1.911344e-03
3.460000e+00 -1.926384e-03
3.470000e+00 -1.939052e-03
3.480000e+00 -1.949242e-03
3.490000e+00 -1.956854e-03
3.500000e+00 -1.961802e-03
3.510000e+00 -1.964006e-03
3.520000e+00 -1.963400e-03
3.530000e+00 -1.959929e-03
3.540000e+00 -1.953552e-03
3.550000e+00 -1.944239e-03
3.560000e+00 -1.931980e-03
3.570000e+00 -1.916774e-03
3.580000e+00 -1.898639e-03
3.590000e+00 -1.877607e-03
3.600000e+00 -1.853727e-03
3.610000e+00 -1.827061e-03
3.620000e+00 -1.797690e-03
3.630000e+00 -1.765707e-03
3.640000e+00 -1.731220e-03
3.650000e+00 -1.694353e-03
3.660000e+00 -1.655239e-03
3.670000e+00 -1.614028e-03
3.680000e+00 -1.570877e-03
3.690000e+00 -1.525956e-03
3.700000e+00 -1.479442e-03
3.710000e+00 -1.431520e-03
3.720000e+00 -1.382382e-03
3.730000e+00 -1.332225e-03
3.740000e+00 -1.281248e-03
3.750000e+00 -1.229653e-03
3.760000e+00 -1.177642e-03
3.770000e+00 -1.125418e-03
3.780000e+00 -1.073180e-03
3.790000e+00 -1.021124e-03
3.800000e+00 -9.694429e-04
3.810000e+00 -9.183221e-04
3.820000e+00 -8.679412e-04
3.830000e+00 -8.184721e-04
3.840000e+00 -7.700780e-04
3.850000e+00 -7.229129e-04
3.860000e+00 -6.771209e-04
3.870000e+00 -6.328355e-04
3.880000e+00 -5.901797e-04
3.890000e+00 -5.492648e-04
3.900000e+00 -5.101909e-04
3.910000e+00 -4.730466e-04
3.920000e+00 -4.379087e-04
3.930000e+00 -4.048421e-04
3.940000e+00 -3.739006e-04
3.950000e+00 -3.451260e-04
3.960000e+00 -3.185490e-04
3.970000e+00 -2.941893e-04
3.980000e+00 -2.720553e-04
3.990000e+00 -2.521451e-04
4.000000e+00 -2.344462e-04
4.010000e+00 -2.189361e-04
4.020000e+00 -2.055824e-04
4.030000e+00 -1.943432e-04
4.040000e+00 -1.851674e-04
4.050000e+00 -1.779949e-04
4.060000e+00 -1.727571e-04
4.070000e+00 -1.693769e-04
4.080000e+00 -1.677695e-04
4.090000e+00 -1.678425e-04
4.100000e+00 -1.694961e-04
4.110000e+00 -1.726241e-04
4.120000e+00 -1.771136e-04
4.130000e+00 -1.828462e-04
4.140000e+00 -1.896981e-04
4.150000e+00 -1.975409e-04
4.160000e+00 -2.062423e-04
4.170000e+00 -2.156667e-04
4.180000e+00 -2.256759e-04
4.190000e+00 -2.361302e-04
4.200000e+00 -2.468892e-04
4.210000e+00 -2.578125e-04
4.220000e+00 -2.687612e-04
4.230000e+00 -2.795984e-04
4.240000e+00 -2.901906e-04
4.250000e+00 -3.004087e-04
4.260000e+00 -3.101291e-04
4.270000e+00 -3.192348e-04
4.280000e+00 -3.276165e-04
4.290000e+00 -3.351734e-04
4.300000e+00 -3.418148e-04
4.310000e+00 -3.474602e-04
4.320000e+00 -3.520409e-04
4.330000e+00 -3.555001e-04
4.340000e+00 -3.577942e-04
4.350000e+00 -3.588929e-04
4.360000e+00 -3.587795e-04
4.370000e+00 -3.574516e-04
4.380000e+00 -3.549207e-04
4.390000e+00 -3.512126e-04
4.400000e+00 -3.463668e-04
4.410000e+00 -3.404363e-04
4.420000e+00 -3.334871e-04
4.430000e+00 -3.255974e-04
4.440000e+00 -3.168566e-04
4.450000e+00 -3.073648e-04
4.460000e+00 -2.972311e-04
4.470000e+00 -2.865726e-04
4.480000e+00 -2.755131e-04
4.490000e+00 -2.641816e-04
4.500000e+00 -2.527105e-04
4.510000e+00 -2.412347e-04
4.520000e+00 -2.298891e-04
4.530000e+00 -2.188076e-04
4.540000e+00 -2.081213e-04
4.550000e+00 -1.979570e-04
4.560000e+00 -1.884353e-04
4.570000e+00 -1.796696e-04
4.580000e+00 -1.717644e-04
4.590000e+00 -1.648140e-04
4.600000e+00 -1.589017e-04
4.610000e+00 -1.540982e-04
4.620000e+00 -1.504613e-04
4.630000e+00 -1.480350e-04
4.640000e+00 -1.468487e-04
4.650000e+00 -1.469173e-04
4.660000e+00 -1.482408e-04
4.670000e+00 -1.508041e-04
4.680000e+00 -1.545778e-04
4.690000e+00 -1.595179e-04
4.700000e+00 -1.655670e-04
4.710000e+00 -1.726546e-04
4.720000e+00 -1.806981e-04
4.730000e+00 -1.896040e-04
4.740000e+00 -1.992687e-04
4.750000e+00 -2.095804e-04
4.760000e+00 -2.204198e-04
4.770000e+00 -2.316620e-04
4.780000e+00 -2.431779e-04
4.790000e+00 -2.548358e-04
4.800000e+00 -2.665028e-04
4.810000e+00 -2.780466e-04
4.820000e+00 -2.893369e-04
4.830000e+00 -3.002472e-04
4.840000e+00 -3.106555e-04
4.850000e+00 -3.204466e-04
4.860000e+00 -3.295127e-04
4.870000e+00 -3.377546e-04
4.880000e+00 -3.450829e-04
4.890000e+00 -3.514190e-04
4.900000e+00 -3.566951e-04
4.910000e+00 -3.608558e-04
4.920000e+00 -3.638573e-04
4.930000e+00 -3.656688e-04
4.940000e+00 -3.662716e-04
4.950000e+00 -3.656595e-04
4.960000e+00 -3.638386e-04
4.970000e+00 -3.608264e-04
4.980000e+00 -3.566517e-04
4.990000e+00 -3.513540e-04
5.000000e+00 -3.449823e-04
5.010000e+00 -3.375945e-04
5.020000e+00 -3.292563e-04
5.030000e+00 -3.200404e-04
5.040000e+00 -3.100251e-04
5.050000e+00 -2.992935e-04
5.060000e+00 -2.879324e-04
5.070000e+00 -2.760307e-04
5.080000e+00 -2.636789e-04
5.090000e+00 -2.509678e-04
5.100000e+00 -2.379873e-04
5.110000e+00 -2.248260e-04
5.120000e+00 -2.115696e-04
5.130000e+00 -1.983007e-04
5.140000e+00 -1.850978e-04
5.150000e+00 -1.720347e-04
5.160000e+00 -1.591800e-04
5.170000e+00 -1.465967e-04
5.180000e+00 -1.343418e-04
5.190000e+00 -1.224661e-04
5.200000e+00 -1.110138e-04
5.210000e+00 -1.000228e-04
5.220000e+00 -8.952434e-05
5.230000e+00 -7.954313e-05
5.240000e+00 -7.009749e-05
5.250000e+00 -6.119948e-05
5.260000e+00 -5.285504e-05
5.270000e+00 -4.506424e-05
5.280000e+00 -3.782152e-05
5.290000e+00 -3.111592e-05
5.300000e+00 -2.493141e-05
5.310000e+00 -1.924711e-05
5.320000e+00 -1.403762e-05
5.330000e+00 -9.273284e-06
5.340000e+00 -4.920515e-06
5.350000e+00 -9.420678e-07
5.360000e+00 2.702649e-06
5.370000e+00 6.057267e-06
5.380000e+00 9.168138e-06
5.390000e+00 1.208401e-05
5.400000e+00 1.485567e-05
5.410000e+00 1.753559e-05
5.420000e+00 2.017754e-05
5.430000e+00 2.283614e-05
5.440000e+00 2.556645e-05
5.450000e+00 2.842348e-05
5.460000e+00 3.146166e-05
5.470000e+00 3.473433e-05
5.480000e+00 3.829315e-05
5.490000e+00 4.218752e-05
5.500000e+00 4.646394e-05
5.510000e+00 5.116542e-05
5.520000e+00 5.633080e-05
5.530000e+00 6.199416e-05
5.540000e+00 6.818420e-05
5.550000e+00 7.492361e-05
5.560000e+00 8.222859e-05
5.570000e+00 9.010830e-05
5.580000e+00 9.856443e-05
5.590000e+00 1.075909e-04
5.600000e+00 1.171734e-04
5.610000e+00 1.272895e-04
5.620000e+00 1.379085e-04
5.630000e+00 1.489912e-04
5.640000e+00 1.604905e-04
5.650000e+00 1.723513e-04
5.660000e+00 1.845114e-04
5.670000e+00 1.969016e-04
5.680000e+00 2.094464e-04
5.690000e+00 2.220653e-04
5.700000e+00 2.346730e-04
5.710000e+00 2.471808e-04
5.720000e+00 2.594977e-04
5.730000e+00 2.715313e-04
5.740000e+00 2.831891e-04
5.750000e+00 2.943797e-04
5.760000e+00 3.050140e-04
5.770000e+00 3.150065e-04
5.780000e+00 3.242761e-04
5.790000e+00 3.327478e-04
5.800000e+00 3.403532e-04
5.810000e+00 3.470316e-04
5.820000e+00 3.527309e-04
5.830000e+00 3.574082e-04
5.840000e+00 3.610305e-04
5.850000e+00 3.635747e-04
5.860000e+00 3.650281e-04
5.870000e+00 3.653886e-04
5.880000e+00 3.646641e-04
5.890000e+00 3.628729e-04
5.900000e+00 3.600425e-04
5.910000e+00 3.562094e-04
5.920000e+00 3.514183e-04
5.930000e+00 3.457213e-04
5.940000e+00 3.391766e-04
5.950000e+00 3.318476e-04
5.960000e+00 3.238017e-04
5.970000e+00 3.151088e-04
5.980000e+00 3.058405e-04
5.990000e+00 2.960682e-04
6.000000e+00 2.858621e-04
6.010000e+00 2.752901e-04
6.020000e+00 2.644160e-04
6.030000e+00 2.532991e-04
6.040000e+00 2.419923e-04
6.050000e+00 2.305417e-04
6.060000e+00 2.189857e-04
6.070000e+00 2.073541e-04
6.080000e+00 1.956676e-04
6.090000e+00 1.839372e-04
6.100000e+00 1.721645e-04
6.110000e+00 1.603410e-04
6.120000e+00 1.484485e-04
6.130000e+00 1.364593e-04
6.140000e+00 1.243363e-04
6.150000e+00 1.120342e-04
6.160000e+00 9.949930e-05
6.170000e+00 8.667120e-05
6.180000e+00 7.348311e-05
6.190000e+00 5.986319e-05
6.200000e+00 4.573562e-05
6.210000e+00 3.102182e-05
6.220000e+00 1.564178e-05
6.230000e+00 -4.846830e-07
6.240000e+00 -1.743649e-05
6.250000e+00 -3.528997e-05
6.260000e+00 -5.411751e-05
6.270000e+00 -7.398618e-05
6.280000e+00 -9.495644e-05
6.290000e+00 -1.170809e-04
6.300000e+00 -1.404032e-04
6.310000e+00 -1.649569e-04
6.320000e+00 -1.907643e-04
6.330000e+00 -2.178361e-04
6.340000e+00 -2.461699e-04
6.350000e+00 -2.757505e-04
6.360000e+00 -3.065487e-04
6.370000e+00 -3.385214e-04
6.380000e+00 -3.716114e-04
6.390000e+00 -4.057474e-04
6.400000e+00 -4.408445e-04
6.410000e+00 -4.768042e-04
6.420000e+00 -5.135151e-04
6.430000e+00 -5.508539e-04
6.440000e+00 -5.886860e-04
6.450000e+00 -6.268668e-04
6.460000e+00 -6.652428e-04
6.470000e+00 -7.036530e-04
6.480000e+00 -7.419304e-04
6.490000e+00 -7.799036e-04
6.500000e+00 -8.173983e-04
6.510000e+00 -8.542395e-04
6.520000e+00 -8.902527e-04
6.530000e+00 -9.252660e-04
6.540000e+00 -9.591120e-04
6.550000e+00 -9.916295e-04
6.560000e+00 -1.022665e-03
6.570000e+00 -1.052074e-03
6.580000e+00 -1.079725e-03
6.590000e+00 -1.105495e-03
6.600000e+00 -1.129279e-03
6.610000e+00 -1.150983e-03
6.620000e+00 -1.170531e-03
6.630000e+00 -1.187862e-03
6.640000e+00 -1.202930e-03
6.650000e+00 -1.215708e-03
6.660000e+00 -1.226184e-03
6.670000e+00 -1.234364e-03
6.680000e+00 -1.240267e-03
6.690000e+00 -1.243930e-03
6.700000e+00 -1.245401e-03
6.710000e+00 -1.244742e-03
6.720000e+00 -1.242028e-03
6.730000e+00 -1.237341e-03
6.740000e+00 -1.230773e-03
6.750000e+00 -1.222422e-03
6.760000e+00 -1.212393e-03
6.770000e+00 -1.200790e-03
6.780000e+00 -1.187721e-03
6.790000e+00 -1.173295e-03
6.800000e+00 -1.157615e-03
6.810000e+00 -1.140783e-03
6.820000e+00 -1.122896e-03
6.830000e+00 -1.104045e-03
6.840000e+00 -1.084312e-03
6.850000e+00 -1.063773e-03
6.860000e+00 -1.042495e-03
6.870000e+00 -1.020537e-03
6.880000e+00 -9.979473e-04
6.890000e+00 -9.747672e-04
6.900000e+00 -9.510290e-04
6.910000e+00 -9.267579e-04
6.920000e+00 -9.019718e-04
6.930000e+00 -8.766835e-04
6.940000e+00 -8.509009e-04
6.950000e+00 -8.246288e-04
6.960000e+00 -7.978703e-04
6.970000e+00 -7.706283e-04
6.980000e+00 -7.429066e-04
6.990000e+00 -7.147120e-04
7.000000e+00 -6.860552e-04
7.010000e+00 -6.569525e-04
7.020000e+00 -6.274265e-04
7.030000e+00 -5.975079e-04
7.040000e+00 -5.672356e-04
7.050000e+00 -5.366577e-04
7.060000e+00 -5.058320e-04
7.070000e+00 -4.748260e-04
7.080000e+00 -4.437167e-04
7.090000e+00 -4.125907e-04
7.100000e+00 -3.815432e-04
7.110000e+00 -3.506772e-04
7.120000e+00 -3.201029e-04
7.130000e+00 -2.899358e-04
7.140000e+00 -2.602959e-04
7.150000e+00 -2.313058e-04
7.160000e+00 -2.030890e-04
7.170000e+00 -1.757683e-04
7.180000e+00 -1.494640e-04
7.190000e+00 -1.242921e-04
7.200000e+00 -1.003623e-04
7.210000e+00 -7.777700e-05
7.220000e+00 -5.662900e-05
7.230000e+00 -3.700059e-05
7.240000e+00 -1.896216e-05
7.250000e+00 -2.571233e-06
7.260000e+00 1.212832e-05
7.270000e+00 2.510682e-05
7.280000e+00 3.634904e-05
7.290000e+00 4.585425e-05
7.300000e+00 5.363596e-05
7.310000e+00 5.972142e-05
7.320000e+00 6.415093e-05
7.330000e+00 6.697682e-05
7.340000e+00 6.826234e-05
7.350000e+00 6.808032e-05
7.360000e+00 6.651165e-05
7.370000e+00 6.364376e-05
7.380000e+00 5.956885e-05
7.390000e+00 5.438226e-05
7.400000e+00 4.818068e-05
7.410000e+00 4.106046e-05
7.420000e+00 3.311599e-05
7.430000e+00 2.443809e-05
7.440000e+00 1.511263e-05
7.450000e+00 5.219171e-06
7.460000e+00 -5.170102e-06
7.470000e+00 -1.599137e-05
7.480000e+00 -2.718994e-05
7.490000e+00 -3.872076e-05
7.500000e+00 -5.054882e-05
7.510000e+00 -6.264923e-05
7.520000e+00 -7.500725e-05
7.530000e+00 -8.761799e-05
7.540000e+00 -1.004860e-04
7.550000e+00 -1.136248e-04
7.560000e+00 -1.270560e-04
7.570000e+00 -1.408086e-04
7.580000e+00 -1.549182e-04
7.590000e+00 -1.694257e-04
7.600000e+00 -1.843767e-04
7.610000e+00 -1.998200e-04
7.620000e+00 -2.158071e-04
7.630000e+00 -2.323907e-04
7.640000e+00 -2.496243e-04
7.650000e+00 -2.675606e-04
7.660000e+00 -2.862513e-04
7.670000e+00 -3.057462e-04
7.680000e+00 -3.260925e-04
7.690000e+00 -3.473342e-04
7.700000e+00 -3.695119e-04
7.710000e+00 -3.926623e-04
7.720000e+00 -4.168177e-04
7.730000e+00 -4.420066e-04
7.740000e+00 -4.682528e-04
7.750000e+00 -4.955759e-04
7.760000e+00 -5.239908e-04
7.770000e+00 -5.535085e-04
7.780000e+00 -5.841356e-04
7.790000e+00 -6.158746e-04
7.800000e+00 -6.487239e-04
7.810000e+00 -6.826779e-04
7.820000e+00 -7.177272e-04
7.830000e+00 -7.538584e-04
7.840000e+00 -7.910541e-04
7.850000e+00 -8.292930e-04
7.860000e+00 -8.685493e-04
7.870000e+00 -9.087932e-04
7.880000e+00 -9.499901e-04
7.890000e+00 -9.921005e-04
7.900000e+00 -1.035080e-03
7.910000e+00 -1.078878e-03
7.920000e+00 -1.123439e-03
7.930000e+00 -1.168700e-03
7.940000e+00 -1.214593e-03
7.950000e+00 -1.261043e-03
7.960000e+00 -1.307967e-03
7.970000e+00 -1.355275e-03
7.980000e+00 -1.402869e-03
7.990000e+00 -1.450646e-03
8.000000e+00 -1.498494e-03
8.010000e+00 -1.546293e-03
8.020000e+00 -1.593917e-03
8.030000e+00 -1.641234e-03
8.040000e+00 -1.688104e-03
8.050000e+00 -1.734384e-03
8.060000e+00 -1.779924e-03
8.070000e+00 -1.824572e-03
8.080000e+00 -1.868172e-03
8.090000e+00 -1.910565e-03
8.100000e+00 -1.951593e-03
8.110000e+00 -1.991096e-03
8.120000e+00 -2.028917e-03
8.130000e+00 -2.064902e-03
8.140000e+00 -2.098898e-03
8.150000e+00 -2.130760e-03
8.160000e+00 -2.160348e-03
8.170000e+00 -2.187527e-03
8.180000e+00 -2.212174e-03
8.190000e+00 -2.234173e-03
8.200000e+00 -2.253418e-03
8.210000e+00 -2.269816e-03
8.220000e+00 -2.283281e-03
8.230000e+00 -2.293745e-03
8.240000e+00 -2.301147e-03
8.250000e+00 -2.305443e-03
8.260000e+00 -2.306600e-03
8.270000e+00 -2.304596e-03
8.280000e+00 -2.299426e-03
8.290000e+00 -2.291095e-03
8.300000e+00 -2.279619e-03
8.310000e+00 -2.265029e-03
8.320000e+00 -2.247366e-03
8.330000e+00 -2.226680e-03
8.340000e+00 -2.203033e-03
8.350000e+00 -2.176496e-03
8.360000e+00 -2.147148e-03
8.370000e+00 -2.115076e-03
8.380000e+00 -2.080374e-03
8.390000e+00 -2.043143e-03
8.400000e+00 -2.003489e-03
8.410000e+00 -1.961523e-03
8.420000e+00 -1.917360e-03
8.430000e+00 -1.871118e-03
8.440000e+00 -1.822918e-03
8.450000e+00 -1.772886e-03
8.460000e+00 -1.721147e-03
8.470000e+00 -1.667828e-03
8.480000e+00 -1.613058e-03
8.490000e+00 -1.556965e-03
8.500000e+00 -1.499681e-03
8.510000e+00 -1.441334e-03
8.520000e+00 -1.382054e-03
8.530000e+00 -1.321971e-03
8.540000e+00 -1.261214e-03
8.550000e+00 -1.199910e-03
8.560000e+00 -1.138187e-03
8.570000e+00 -1.076170e-03
8.580000e+00 -1.013983e-03
8.590000e+00 -9.517479e-04
8.600000e+00 -8.895844e-04
8.610000e+00 -8.276092e-04
8.620000e+00 -7.659359e-04
8.630000e+00 -7.046742e-04
8.640000e+00 -6.439297e-04
8.650000e+00 -5.838028e-04
8.660000e+00 -5.243888e-04
8.670000e+00 -4.657767e-04
8.680000e+00 -4.080487e-04
8.690000e+00 -3.512796e-04
8.700000e+00 -2.955361e-04
8.710000e+00 -2.408764e-04
8.720000e+00 -1.873491e-04
8.730000e+00 -1.349934e-04
8.740000e+00 -8.383787e-05
8.750000e+00 -3.390057e-05
8.760000e+00 1.481144e-05
8.770000e+00 6.230229e-05
8.780000e+00 1.085873e-04
8.790000e+00 1.536932e-04
8.800000e+00 1.976574e-04
8.810000e+00 2.405283e-04
8.820000e+00 2.823646e-04
8.830000e+00 3.232345e-04
8.840000e+00 3.632153e-04
8.850000e+00 4.023922e-04
8.860000e+00 4.408576e-04
8.870000e+00 4.787096e-04
8.880000e+00 5.160515e-04
8.890000e+00 5.529894e-04
8.900000e+00 5.896319e-04
8.910000e+00 6.260878e-04
8.920000e+00 6.624651e-04
8.930000e+00 6.988692e-04
8.940000e+00 7.354019e-04
8.950000e+00 7.721590e-04
8.960000e+00 8.092298e-04
8.970000e+00 8.466953e-04
8.980000e+00 8.846267e-04
8.990000e+00 9.230849e-04
9.000000e+00 9.621186e-04
9.010000e+00 1.001764e-03
9.020000e+00 1.042045e-03
9.030000e+00 1.082969e-03
9.040000e+00 1.124530e-03
9.050000e+00 1.166710e-03
9.060000e+00 1.209472e-03
9.070000e+00 1.252767e-03
9.080000e+00 1.296532e-03
9.090000e+00 1.340688e-03
9.100000e+00 1.385144e-03
9.110000e+00 1.429797e-03
9.120000e+00 1.474531e-03
9.130000e+00 1.519222e-03
9.140000e+00 1.563733e-03
9.150000e+00 1.607922e-03
9.160000e+00 1.651638e-03
9.170000e+00 1.694725e-03
9.180000e+00 1.737024e-03
9.190000e+00 1.778370e-03
9.200000e+00 1.818600e-03
9.210000e+00 1.857548e-03
9.220000e+00 1.895052e-03
9.230000e+00 1.930949e-03
9.240000e+00 1.965081e-03
9.250000e+00 1.997296e-03
9.260000e+00 2.027445e-03
9.270000e+00 2.055389e-03
9.280000e+00 2.080992e-03
9.290000e+00 2.104132e-03
9.300000e+00 2.124690e-03
9.310000e+00 2.142561e-03
9.320000e+00 2.157648e-03
9.330000e+00 2.169864e-03
9.340000e+00 2.179134e-03
9.350000e+00 2.185395e-03
9.360000e+00 2.188592e-03
9.370000e+00 2.188684e-03
9.380000e+00 2.185640e-03
9.390000e+00 2.179443e-03
9.400000e+00 2.170085e-03
9.410000e+00 2.157570e-03
9.420000e+00 2.141914e-03
9.430000e+00 2.123143e-03
9.440000e+00 2.101296e-03
9.450000e+00 2.076421e-03
9.460000e+00 2.048577e-03
9.470000e+00 2.017835e-03
9.480000e+00 1.984274e-03
9.490000e+00 1.947983e-03
9.500000e+00 1.909060e-03
9.510000e+00 1.867613e-03
9.520000e+00 1.823757e-03
9.530000e+00 1.777613e-03
9.540000e+00 1.729313e-03
9.550000e+00 1.678989e-03
9.560000e+00 1.626784e-03
9.570000e+00 1.572842e-03
9.580000e+00 1.517310e-03
9.590000e+00 1.460338e-03
9.600000e+00 1.402078e-03
9.610000e+00 1.342680e-03
9.620000e+00 1.282295e-03
9.630000e+00 1.221068e-03
9.640000e+00 1.159144e-03
9.650000e+00 1.096661e-03
9.660000e+00 1.033751e-03
9.670000e+00 9.705406e-04
9.680000e+00 9.071451e-04
9.690000e+00 8.436724e-04
9.700000e+00 7.802197e-04
9.710000e+00 7.168730e-04
9.720000e+00 6.537067e-04
9.730000e+00 5.907833e-04
9.740000e+00 5.281526e-04
9.750000e+00 4.658518e-04
9.760000e+00 4.039057e-04
9.770000e+00 3.423267e-04
9.780000e+00 2.811156e-04
9.790000e+00 2.202617e-04
9.800000e+00 1.597444e-04
9.810000e+00 9.953353e-05
9.820000e+00 3.959109e-05
9.830000e+00 -2.012768e-05
9.840000e+00 -7.967269e-05
9.850000e+00 -1.390973e-04
9.860000e+00 -1.984568e-04
9.870000e+00 -2.578063e-04
9.880000e+00 -3.171991e-04
9.890000e+00 -3.766849e-04
9.900000e+00 -4.363080e-04
9.910000e+00 -4.961051e-04
9.920000e+00 -5.561045e-04
9.930000e+00 -6.163236e-04
9.940000e+00 -6.767681e-04
9.950000e+00 -7.374308e-04
9.960000e+00 -7.982902e-04
9.970000e+00 -8.593100e-04
9.980000e+00 -9.204384e-04
9.990000e+00 -9.816079e-04
1.000000e+01 -1.042735e-03
