# sigma2_v 1.114136705691099e+01
# aH 9e+01
0.000000e+00 1.000000e+00
1.000000e-02 9.994431e-01
2.000000e-02 9.977743e-01
3.000000e-02 9.949996e-01
4.000000e-02 9.911285e-01
5.000000e-02 9.861747e-01
6.000000e-02 9.801552e-01
7.000000e-02 9.730910e-01
8.000000e-02 9.650064e-01
9.000000e-02 9.559289e-01
1.000000e-01 9.458893e-01
1.100000e-01 9.349212e-01
1.200000e-01 9.230613e-01
1.300000e-01 9.103484e-01
1.400000e-01 8.968238e-01
1.500000e-01 8.825310e-01
1.600000e-01 8.675152e-01
1.700000e-01 8.518231e-01
1.800000e-01 8.355028e-01
1.900000e-01 8.186035e-01
2.000000e-01 8.011751e-01
2.100000e-01 7.832683e-01
2.200000e-01 7.649337e-01
2.300000e-01 7.462225e-01
2.400000e-01 7.271852e-01
2.500000e-01 7.078723e-01
2.600000e-01 6.883335e-01
2.700000e-01 6.686178e-01
2.800000e-01 6.487732e-01
2.900000e-01 6.288465e-01
3.000000e-01 6.088832e-01
3.100000e-01 5.889272e-01
3.200000e-01 5.690209e-01
3.300000e-01 5.492049e-01
3.400000e-01 5.295180e-01
3.500000e-01 5.099970e-01
3.600000e-01 4.906768e-01
3.700000e-01 4.715900e-01
3.800000e-01 4.527673e-01
3.900000e-01 4.342370e-01
4.000000e-01 4.160255e-01
4.100000e-01 3.981567e-01
4.200000e-01 3.806525e-01
4.300000e-01 3.635326e-01
4.400000e-01 3.468144e-01
4.500000e-01 3.305133e-01
4.600000e-01 3.146427e-01
4.700000e-01 2.992138e-01
4.800000e-01 2.842360e-01
4.900000e-01 2.697166e-01
5.000000e-01 2.556613e-01
5.100000e-01 2.420739e-01
5.200000e-01 2.289567e-01
5.300000e-01 2.163103e-01
5.400000e-01 2.041339e-01
5.500000e-01 1.924253e-01
5.600000e-01 1.811810e-01
5.700000e-01 1.703963e-01
5.800000e-01 1.600655e-01
5.900000e-01 1.501818e-01
6.000000e-01 1.407374e-01
6.100000e-01 1.317240e-01
6.200000e-01 1.231322e-01
6.300000e-01 1.149522e-01
6.400000e-01 1.071736e-01
6.500000e-01 9.978544e-02
6.600000e-01 9.277649e-02
6.700000e-01 8.613509e-02
6.800000e-01 7.984936e-02
6.900000e-01 7.390723e-02
7.000000e-01 6.829648e-02
7.100000e-01 6.300484e-02
7.200000e-01 5.802002e-02
7.300000e-01 5.332973e-02
7.400000e-01 4.892179e-02
7.500000e-01 4.478411e-02
7.600000e-01 4.090478e-02
7.700000e-01 3.727206e-02
7.800000e-01 3.387445e-02
7.900000e-01 3.070067e-02
8.000000e-01 2.773974e-02
8.100000e-01 2.498095e-02
8.200000e-01 2.241392e-02
8.300000e-01 2.002859e-02
8.400000e-01 1.781522e-02
8.500000e-01 1.576444e-02
8.600000e-01 1.386723e-02
8.700000e-01 1.211490e-02
8.800000e-01 1.049915e-02
8.900000e-01 9.012013e-03
9.000000e-01 7.645891e-03
9.100000e-01 6.393528e-03
9.200000e-01 5.248011e-03
9.300000e-01 4.202764e-03
9.400000e-01 3.251536e-03
9.500000e-01 2.388392e-03
9.600000e-01 1.607701e-03
9.700000e-01 9.041282e-04
9.800000e-01 2.726169e-04
9.900000e-01 -2.916185e-04
1.000000e+00 -7.931069e-04
1.010000e+00 -1.236132e-03
1.020000e+00 -1.624746e-03
1.030000e+00 -1.962779e-03
1.040000e+00 -2.253850e-03
1.050000e+00 -2.501381e-03
1.060000e+00 -2.708602e-03
1.070000e+00 -2.878566e-03
1.080000e+00 -3.014155e-03
1.090000e+00 -3.118087e-03
1.100000e+00 -3.192930e-03
1.110000e+00 -3.241103e-03
1.120000e+00 -3.264886e-03
1.130000e+00 -3.266428e-03
1.140000e+00 -3.247753e-03
1.150000e+00 -3.210765e-03
1.160000e+00 -3.157256e-03
1.170000e+00 -3.088913e-03
1.180000e+00 -3.007320e-03
1.190000e+00 -2.913969e-03
1.200000e+00 -2.810262e-03
1.210000e+00 -2.697521e-03
1.220000e+00 -2.576988e-03
1.230000e+00 -2.449837e-03
1.240000e+00 -2.317174e-03
1.250000e+00 -2.180046e-03
1.260000e+00 -2.039442e-03
1.270000e+00 -1.896301e-03
1.280000e+00 -1.751511e-03
1.290000e+00 -1.605919e-03
1.300000e+00 -1.460325e-03
1.310000e+00 -1.315494e-03
1.320000e+00 -1.172147e-03
1.330000e+00 -1.030972e-03
1.340000e+00 -8.926132e-04
1.350000e+00 -7.576814e-04
1.360000e+00 -6.267455e-04
1.370000e+00 -5.003347e-04
1.380000e+00 -3.789353e-04
1.390000e+00 -2.629899e-04
1.400000e+00 -1.528946e-04
1.410000e+00 -4.899745e-05
1.420000e+00 4.840372e-05
1.430000e+00 1.390626e-04
1.440000e+00 2.227861e-04
1.450000e+00 2.994345e-04
1.460000e+00 3.689227e-04
1.470000e+00 4.312190e-04
1.480000e+00 4.863447e-04
1.490000e+00 5.343725e-04
1.500000e+00 5.754242e-04
1.510000e+00 6.096675e-04
1.520000e+00 6.373130e-04
1.530000e+00 6.586101e-04
1.540000e+00 6.738424e-04
1.550000e+00 6.833231e-04
1.560000e+00 6.873896e-04
1.570000e+00 6.863988e-04
1.580000e+00 6.807216e-04
1.590000e+00 6.707376e-04
1.600000e+00 6.568304e-04
1.610000e+00 6.393830e-04
1.620000e+00 6.187728e-04
1.630000e+00 5.953685e-04
1.640000e+00 5.695260e-04
1.650000e+00 5.415858e-04
1.660000e+00 5.118703e-04
1.670000e+00 4.806821e-04
1.680000e+00 4.483025e-04
1.690000e+00 4.149908e-04
1.700000e+00 3.809832e-04
1.710000e+00 3.464934e-04
1.720000e+00 3.117124e-04
1.730000e+00 2.768092e-04
1.740000e+00 2.419313e-04
1.750000e+00 2.072058e-04
1.760000e+00 1.727403e-04
1.770000e+00 1.386240e-04
1.780000e+00 1.049283e-04
1.790000e+00 7.170885e-05
1.800000e+00 3.900548e-05
1.810000e+00 6.844000e-06
1.820000e+00 -2.476315e-05
1.830000e+00 -5.581581e-05
1.840000e+00 -8.632511e-05
1.850000e+00 -1.163124e-04
1.860000e+00 -1.458084e-04
1.870000e+00 -1.748515e-04
1.880000e+00 -2.034871e-04
1.890000e+00 -2.317659e-04
1.900000e+00 -2.597425e-04
1.910000e+00 -2.874735e-04
1.920000e+00 -3.150162e-04
1.930000e+00 -3.424262e-04
1.940000e+00 -3.697560e-04
1.950000e+00 -3.970524e-04
1.960000e+00 -4.243548e-04
1.970000e+00 -4.516933e-04
1.980000e+00 -4.790868e-04
1.990000e+00 -5.065409e-04
2.000000e+00 -5.340471e-04
2.010000e+00 -5.615809e-04
2.020000e+00 -5.891014e-04
2.030000e+00 -6.165506e-04
2.040000e+00 -6.438534e-04
2.050000e+00 -6.709177e-04
2.060000e+00 -6.976354e-04
2.070000e+00 -7.238836e-04
2.080000e+00 -7.495262e-04
2.090000e+00 -7.744158e-04
2.100000e+00 -7.983964e-04
2.110000e+00 -8.213057e-04
2.120000e+00 -8.429782e-04
2.130000e+00 -8.632484e-04
2.140000e+00 -8.819536e-04
2.150000e+00 -8.989370e-04
2.160000e+00 -9.140511e-04
2.170000e+00 -9.271601e-04
2.180000e+00 -9.381425e-04
2.190000e+00 -9.468936e-04
2.200000e+00 -9.533269e-04
2.210000e+00 -9.573761e-04
2.220000e+00 -9.589956e-04
2.230000e+00 -9.581611e-04
2.240000e+00 -9.548701e-04
2.250000e+00 -9.491406e-04
2.260000e+00 -9.410113e-04
2.270000e+00 -9.305397e-04
2.280000e+00 -9.178007e-04
2.290000e+00 -9.028852e-04
2.300000e+00 -8.858976e-04
2.310000e+00 -8.669540e-04
2.320000e+00 -8.461799e-04
2.330000e+00 -8.237084e-04
2.340000e+00 -7.996775e-04
2.350000e+00 -7.742287e-04
2.360000e+00 -7.475050e-04
2.370000e+00 -7.196493e-04
2.380000e+00 -6.908035e-04
2.390000e+00 -6.611067e-04
2.400000e+00 -6.306952e-04
2.410000e+00 -5.997014e-04
2.420000e+00 -5.682538e-04
2.430000e+00 -5.364766e-04
2.440000e+00 -5.044901e-04
2.450000e+00 -4.724103e-04
2.460000e+00 -4.403497e-04
2.470000e+00 -4.084172e-04
2.480000e+00 -3.767184e-04
2.490000e+00 -3.453558e-04
2.500000e+00 -3.144291e-04
2.510000e+00 -2.840346e-04
2.520000e+00 -2.542657e-04
2.530000e+00 -2.252122e-04
2.540000e+00 -1.969602e-04
2.550000e+00 -1.695912e-04
2.560000e+00 -1.431815e-04
2.570000e+00 -1.178018e-04
2.580000e+00 -9.351620e-05
2.590000e+00 -7.038148e-05
2.600000e+00 -4.844645e-05
2.610000e+00 -2.775136e-05
2.620000e+00 -8.327488e-06
2.630000e+00 9.803127e-06
2.640000e+00 2.662770e-05
2.650000e+00 4.214246e-05
2.660000e+00 5.635218e-05
2.670000e+00 6.926935e-05
2.680000e+00 8.091317e-05
2.690000e+00 9.130823e-05
2.700000e+00 1.004830e-04
2.710000e+00 1.084680e-04
2.720000e+00 1.152941e-04
2.730000e+00 1.209907e-04
2.740000e+00 1.255832e-04
2.750000e+00 1.290919e-04
2.760000e+00 1.315297e-04
2.770000e+00 1.329008e-04
2.780000e+00 1.331994e-04
2.790000e+00 1.324087e-04
2.800000e+00 1.305005e-04
2.810000e+00 1.274347e-04
2.820000e+00 1.231605e-04
2.830000e+00 1.176163e-04
2.840000e+00 1.107318e-04
2.850000e+00 1.024294e-04
2.860000e+00 9.262663e-05
2.870000e+00 8.123872e-05
2.880000e+00 6.818174e-05
2.890000e+00 5.337579e-05
2.900000e+00 3.674843e-05
2.910000e+00 1.823825e-05
2.920000e+00 -2.201587e-06
2.930000e+00 -2.459999e-05
2.940000e+00 -4.896470e-05
2.950000e+00 -7.527940e-05
2.960000e+00 -1.035013e-04
2.970000e+00 -1.335590e-04
2.980000e+00 -1.653512e-04
2.990000e+00 -1.987458e-04
3.000000e+00 -2.335799e-04
3.010000e+00 -2.696599e-04
3.020000e+00 -3.067631e-04
3.030000e+00 -3.446394e-04
3.040000e+00 -3.830138e-04
3.050000e+00 -4.215896e-04
3.060000e+00 -4.600520e-04
3.070000e+00 -4.980719e-04
3.080000e+00 -5.353110e-04
3.090000e+00 -5.714258e-04
3.100000e+00 -6.060731e-04
3.110000e+00 -6.389147e-04
3.120000e+00 -6.696222e-04
3.130000e+00 -6.978821e-04
3.140000e+00 -7.234003e-04
3.150000e+00 -7.459058e-04
3.160000e+00 -7.651552e-04
3.170000e+00 -7.809356e-04
3.180000e+00 -7.930676e-04
3.190000e+00 -8.014072e-04
3.200000e+00 -8.058476e-04
3.210000e+00 -8.063202e-04
3.220000e+00 -8.027949e-04
3.230000e+00 -7.952798e-04
3.240000e+00 -7.838206e-04
3.250000e+00 -7.684990e-04
3.260000e+00 -7.494312e-04
3.270000e+00 -7.267654e-04
3.280000e+00 -7.006796e-04
3.290000e+00 -6.713780e-04
3.300000e+00 -6.390887e-04
3.310000e+00 -6.040598e-04
3.320000e+00 -5.665566e-04
3.330000e+00 -5.268575e-04
3.340000e+00 -4.852511e-04
3.350000e+00 -4.420325e-04
3.360000e+00 -3.975003e-04
3.370000e+00 -3.519535e-04
3.380000e+00 -3.056882e-04
3.390000e+00 -2.589953e-04
3.400000e+00 -2.121576e-04
3.410000e+00 -1.654477e-04
3.420000e+00 -1.191258e-04
3.430000e+00 -7.343808e-05
3.440000e+00 -2.861465e-05
3.450000e+00 1.513141e-05
3.460000e+00 5.760536e-05
3.470000e+00 9.863170e-05
3.480000e+00 1.380548e-04
3.490000e+00 1.757394e-04
3.500000e+00 2.115708e-04
3.510000e+00 2.454549e-04
3.520000e+00 2.773179e-04
3.530000e+00 3.071062e-04
3.540000e+00 3.347853e-04
3.550000e+00 3.603395e-04
3.560000e+00 3.837706e-04
3.570000e+00 4.050967e-04
3.580000e+00 4.243513e-04
3.590000e+00 4.415814e-04
3.600000e+00 4.568464e-04
3.610000e+00 4.702161e-04
3.620000e+00 4.817691e-04
3.630000e+00 4.915912e-04
3.640000e+00 4.997738e-04
3.650000e+00 5.064121e-04
3.660000e+00 5.116033e-04
3.670000e+00 5.154457e-04
3.680000e+00 5.180371e-04
3.690000e+00 5.194735e-04
3.700000e+00 5.198485e-04
3.710000e+00 5.192525e-04
3.720000e+00 5.177720e-04
3.730000e+00 5.154896e-04
3.740000e+00 5.124842e-04
3.750000e+00 5.088308e-04
3.760000e+00 5.046011e-04
3.770000e+00 4.998642e-04
3.780000e+00 4.946877e-04
3.790000e+00 4.891379e-04
3.800000e+00 4.832816e-04
3.810000e+00 4.771865e-04
3.820000e+00 4.709228e-04
3.830000e+00 4.645640e-04
3.840000e+00 4.581876e-04
3.850000e+00 4.518764e-04
3.860000e+00 4.457189e-04
3.870000e+00 4.398097e-04
3.880000e+00 4.342501e-04
3.890000e+00 4.291479e-04
3.900000e+00 4.246173e-04
3.910000e+00 4.207788e-04
3.920000e+00 4.177581e-04
3.930000e+00 4.156861e-04
3.940000e+00 4.146972e-04
3.950000e+00 4.149289e-04
3.960000e+00 4.165203e-04
3.970000e+00 4.196108e-04
3.980000e+00 4.243392e-04
3.990000e+00 4.308419e-04
4.000000e+00 4.392522e-04
4.010000e+00 4.496985e-04
4.020000e+00 4.623036e-04
4.030000e+00 4.771834e-04
4.040000e+00 4.944457e-04
4.050000e+00 5.141898e-04
4.060000e+00 5.365050e-04
4.070000e+00 5.614702e-04
4.080000e+00 5.891530e-04
4.090000e+00 6.196091e-04
4.100000e+00 6.528812e-04
4.110000e+00 6.889989e-04
4.120000e+00 7.279771e-04
4.130000e+00 7.698160e-04
4.140000e+00 8.144995e-04
4.150000e+00 8.619949e-04
4.160000e+00 9.122512e-04
4.170000e+00 9.651986e-04
4.180000e+00 1.020747e-03
4.190000e+00 1.078786e-03
4.200000e+00 1.139182e-03
4.210000e+00 1.201778e-03
4.220000e+00 1.266395e-03
4.230000e+00 1.332826e-03
4.240000e+00 1.400842e-03
4.250000e+00 1.470188e-03
4.260000e+00 1.540582e-03
4.270000e+00 1.611721e-03
4.280000e+00 1.683275e-03
4.290000e+00 1.754895e-03
4.300000e+00 1.826210e-03
4.310000e+00 1.896833e-03
4.320000e+00 1.966358e-03
4.330000e+00 2.034373e-03
4.340000e+00 2.100452e-03
4.350000e+00 2.164168e-03
4.360000e+00 2.225093e-03
4.370000e+00 2.282802e-03
4.380000e+00 2.336879e-03
4.390000e+00 2.386920e-03
4.400000e+00 2.432539e-03
4.410000e+00 2.473369e-03
4.420000e+00 2.509069e-03
4.430000e+00 2.539327e-03
4.440000e+00 2.563860e-03
4.450000e+00 2.582421e-03
4.460000e+00 2.594798e-03
4.470000e+00 2.600816e-03
4.480000e+00 2.600340e-03
4.490000e+00 2.593275e-03
4.500000e+00 2.579562e-03
4.510000e+00 2.559186e-03
4.520000e+00 2.532165e-03
4.530000e+00 2.498558e-03
4.540000e+00 2.458460e-03
4.550000e+00 2.411998e-03
4.560000e+00 2.359333e-03
4.570000e+00 2.300657e-03
4.580000e+00 2.236193e-03
4.590000e+00 2.166188e-03
4.600000e+00 2.090918e-03
4.610000e+00 2.010682e-03
4.620000e+00 1.925804e-03
4.630000e+00 1.836629e-03
4.640000e+00 1.743521e-03
4.650000e+00 1.646868e-03
4.660000e+00 1.547074e-03
4.670000e+00 1.444562e-03
4.680000e+00 1.339770e-03
4.690000e+00 1.233156e-03
4.700000e+00 1.125187e-03
4.710000e+00 1.016346e-03
4.720000e+00 9.071263e-04
4.730000e+00 7.980276e-04
4.740000e+00 6.895571e-04
4.750000e+00 5.822237e-04
4.760000e+00 4.765359e-04
4.770000e+00 3.729973e-04
4.780000e+00 2.721031e-04
4.790000e+00 1.743355e-04
4.800000e+00 8.015937e-05
4.810000e+00 -9.982432e-06
4.820000e+00 -9.567333e-05
4.830000e+00 -1.765275e-04
4.840000e+00 -2.521940e-04
4.850000e+00 -3.223606e-04
4.860000e+00 -3.867566e-04
4.870000e+00 -4.451564e-04
4.880000e+00 -4.973808e-04
4.890000e+00 -5.432990e-04
4.900000e+00 -5.828286e-04
4.910000e+00 -6.159363e-04
4.920000e+00 -6.426364e-04
4.930000e+00 -6.629893e-04
4.940000e+00 -6.770993e-04
4.950000e+00 -6.851118e-04
4.960000e+00 -6.872091e-04
4.970000e+00 -6.836074e-04
4.980000e+00 -6.745517e-04
4.990000e+00 -6.603116e-04
5.000000e+00 -6.411768e-04
5.010000e+00 -6.174522e-04
5.020000e+00 -5.894536e-04
5.030000e+00 -5.575038e-04
5.040000e+00 -5.219280e-04
5.050000e+00 -4.830511e-04
5.060000e+00 -4.411944e-04
5.070000e+00 -3.966730e-04
5.080000e+00 -3.497942e-04
5.090000e+00 -3.008560e-04
5.100000e+00 -2.501459e-04
5.110000e+00 -1.979412e-04
5.120000e+00 -1.445082e-04
5.130000e+00 -9.010290e-05
5.140000e+00 -3.497170e-05
5.150000e+00 2.064806e-05
5.160000e+00 7.652714e-05
5.170000e+00 1.324435e-04
5.180000e+00 1.881816e-04
5.190000e+00 2.435313e-04
5.200000e+00 2.982880e-04
5.210000e+00 3.522516e-04
5.220000e+00 4.052268e-04
5.230000e+00 4.570231e-04
5.240000e+00 5.074552e-04
5.250000e+00 5.563436e-04
5.260000e+00 6.035151e-04
5.270000e+00 6.488039e-04
5.280000e+00 6.920524e-04
5.290000e+00 7.331120e-04
5.300000e+00 7.718442e-04
5.310000e+00 8.081212e-04
5.320000e+00 8.418266e-04
5.330000e+00 8.728556e-04
5.340000e+00 9.011157e-04
5.350000e+00 9.265261e-04
5.360000e+00 9.490179e-04
5.370000e+00 9.685334e-04
5.380000e+00 9.850254e-04
5.390000e+00 9.984565e-04
5.400000e+00 1.008798e-03
5.410000e+00 1.016029e-03
5.420000e+00 1.020135e-03
5.430000e+00 1.021107e-03
5.440000e+00 1.018943e-03
5.450000e+00 1.013642e-03
5.460000e+00 1.005209e-03
5.470000e+00 9.936517e-04
5.480000e+00 9.789823e-04
5.490000e+00 9.612165e-04
5.500000e+00 9.403752e-04
5.510000e+00 9.164850e-04
5.520000e+00 8.895795e-04
5.530000e+00 8.597009e-04
5.540000e+00 8.269014e-04
5.550000e+00 7.912445e-04
5.560000e+00 7.528071e-04
5.570000e+00 7.116804e-04
5.580000e+00 6.679715e-04
5.590000e+00 6.218042e-04
5.600000e+00 5.733196e-04
5.610000e+00 5.226769e-04
5.620000e+00 4.700525e-04
5.630000e+00 4.156399e-04
5.640000e+00 3.596485e-04
5.650000e+00 3.023020e-04
5.660000e+00 2.438368e-04
5.670000e+00 1.844994e-04
5.680000e+00 1.245437e-04
5.690000e+00 6.422858e-05
5.700000e+00 3.814548e-06
5.710000e+00 -5.643919e-05
5.720000e+00 -1.162778e-04
5.730000e+00 -1.754537e-04
5.740000e+00 -2.337294e-04
5.750000e+00 -2.908796e-04
5.760000e+00 -3.466937e-04
5.770000e+00 -4.009772e-04
5.780000e+00 -4.535529e-04
5.790000e+00 -5.042619e-04
5.800000e+00 -5.529638e-04
5.810000e+00 -5.995366e-04
5.820000e+00 -6.438763e-04
5.830000e+00 -6.858960e-04
5.840000e+00 -7.255247e-04
5.850000e+00 -7.627062e-04
5.860000e+00 -7.973974e-04
5.870000e+00 -8.295671e-04
5.880000e+00 -8.591940e-04
5.890000e+00 -8.862660e-04
5.900000e+00 -9.107782e-04
5.910000e+00 -9.327325e-04
5.920000e+00 -9.521364e-04
5.930000e+00 -9.690027e-04
5.940000e+00 -9.833489e-04
5.950000e+00 -9.951977e-04
5.960000e+00 -1.004577e-03
5.970000e+00 -1.011519e-03
5.980000e+00 -1.016065e-03
5.990000e+00 -1.018259e-03
6.000000e+00 -1.018156e-03
6.010000e+00 -1.015816e-03
6.020000e+00 -1.011310e-03
6.030000e+00 -1.004715e-03
6.040000e+00 -9.961207e-04
6.050000e+00 -9.856215e-04
6.060000e+00 -9.733223e-04
6.070000e+00 -9.593351e-04
6.080000e+00 -9.437784e-04
6.090000e+00 -9.267761e-04
6.100000e+00 -9.084560e-04
6.110000e+00 -8.889481e-04
6.120000e+00 -8.683832e-04
6.130000e+00 -8.468907e-04
6.140000e+00 -8.245974e-04
6.150000e+00 -8.016255e-04
6.160000e+00 -7.780917e-04
6.170000e+00 -7.541057e-04
6.180000e+00 -7.297695e-04
6.190000e+00 -7.051775e-04
6.200000e+00 -6.804157e-04
6.210000e+00 -6.555625e-04
6.220000e+00 -6.306893e-04
6.230000e+00 -6.058617e-04
6.240000e+00 -5.811409e-04
6.250000e+00 -5.565850e-04
6.260000e+00 -5.322510e-04
6.270000e+00 -5.081969e-04
6.280000e+00 -4.844828e-04
6.290000e+00 -4.611735e-04
6.300000e+00 -4.383389e-04
6.310000e+00 -4.160563e-04
6.320000e+00 -3.944100e-04
6.330000e+00 -3.734926e-04
6.340000e+00 -3.534043e-04
6.350000e+00 -3.342522e-04
6.360000e+00 -3.161493e-04
6.370000e+00 -2.992125e-04
6.380000e+00 -2.835606e-04
6.390000e+00 -2.693118e-04
6.400000e+00 -2.565806e-04
6.410000e+00 -2.454747e-04
6.420000e+00 -2.360917e-04
6.430000e+00 -2.285163e-04
6.440000e+00 -2.228166e-04
6.450000e+00 -2.190417e-04
6.460000e+00 -2.172191e-04
6.470000e+00 -2.173524e-04
6.480000e+00 -2.194201e-04
6.490000e+00 -2.233748e-04
6.500000e+00 -2.291422e-04
6.510000e+00 -2.366226e-04
6.520000e+00 -2.456908e-04
6.530000e+00 -2.561984e-04
6.540000e+00 -2.679761e-04
6.550000e+00 -2.808357e-04
6.560000e+00 -2.945738e-04
6.570000e+00 -3.089751e-04
6.580000e+00 -3.238155e-04
6.590000e+00 -3.388660e-04
6.600000e+00 -3.538962e-04
6.610000e+00 -3.686775e-04
6.620000e+00 -3.829862e-04
6.630000e+00 -3.966062e-04
6.640000e+00 -4.093311e-04
6.650000e+00 -4.209659e-04
6.660000e+00 -4.313287e-04
6.670000e+00 -4.402509e-04
6.680000e+00 -4.475775e-04
6.690000e+00 -4.531673e-04
6.700000e+00 -4.568919e-04
6.710000e+00 -4.586353e-04
6.720000e+00 -4.582923e-04
6.730000e+00 -4.557678e-04
6.740000e+00 -4.509753e-04
6.750000e+00 -4.438363e-04
6.760000e+00 -4.342789e-04
6.770000e+00 -4.222378e-04
6.780000e+00 -4.076538e-04
6.790000e+00 -3.904737e-04
6.800000e+00 -3.706517e-04
6.810000e+00 -3.481496e-04
6.820000e+00 -3.229391e-04
6.830000e+00 -2.950027e-04
6.840000e+00 -2.643366e-04
6.850000e+00 -2.309529e-04
6.860000e+00 -1.948816e-04
6.870000e+00 -1.561739e-04
6.880000e+00 -1.149036e-04
6.890000e+00 -7.117037e-05
6.900000e+00 -2.510068e-05
6.910000e+00 2.315033e-05
6.920000e+00 7.339818e-05
6.930000e+00 1.254287e-04
6.940000e+00 1.789988e-04
6.950000e+00 2.338369e-04
6.960000e+00 2.896457e-04
6.970000e+00 3.461041e-04
6.980000e+00 4.028707e-04
6.990000e+00 4.595877e-04
7.000000e+00 5.158849e-04
7.010000e+00 5.713851e-04
7.020000e+00 6.257084e-04
7.030000e+00 6.784781e-04
7.040000e+00 7.293255e-04
7.050000e+00 7.778954e-04
7.060000e+00 8.238510e-04
7.070000e+00 8.668781e-04
7.080000e+00 9.066901e-04
7.090000e+00 9.430308e-04
7.100000e+00 9.756777e-04
7.110000e+00 1.004445e-03
7.120000e+00 1.029183e-03
7.130000e+00 1.049784e-03
7.140000e+00 1.066175e-03
7.150000e+00 1.078326e-03
7.160000e+00 1.086242e-03
7.170000e+00 1.089966e-03
7.180000e+00 1.089574e-03
7.190000e+00 1.085176e-03
7.200000e+00 1.076910e-03
7.210000e+00 1.064942e-03
7.220000e+00 1.049463e-03
7.230000e+00 1.030684e-03
7.240000e+00 1.008837e-03
7.250000e+00 9.841689e-04
7.260000e+00 9.569406e-04
7.270000e+00 9.274251e-04
7.280000e+00 8.959047e-04
7.290000e+00 8.626693e-04
7.300000e+00 8.280151e-04
7.310000e+00 7.922425e-04
7.320000e+00 7.556550e-04
7.330000e+00 7.185577e-04
7.340000e+00 6.812559e-04
7.350000e+00 6.440537e-04
7.360000e+00 6.072527e-04
7.370000e+00 5.711503e-04
7.380000e+00 5.360380e-04
7.390000e+00 5.021997e-04
7.400000e+00 4.699097e-04
7.410000e+00 4.394303e-04
7.420000e+00 4.110101e-04
7.430000e+00 3.848810e-04
7.440000e+00 3.612561e-04
7.450000e+00 3.403276e-04
7.460000e+00 3.222637e-04
7.470000e+00 3.072072e-04
7.480000e+00 2.952726e-04
7.490000e+00 2.865452e-04
7.500000e+00 2.810789e-04
7.510000e+00 2.788954e-04
7.520000e+00 2.799837e-04
7.530000e+00 2.842996e-04
7.540000e+00 2.917662e-04
7.550000e+00 3.022745e-04
7.560000e+00 3.156851e-04
7.570000e+00 3.318295e-04
7.580000e+00 3.505130e-04
7.590000e+00 3.715168e-04
7.600000e+00 3.946017e-04
7.610000e+00 4.195110e-04
7.620000e+00 4.459746e-04
7.630000e+00 4.737124e-04
7.640000e+00 5.024389e-04
7.650000e+00 5.318663e-04
7.660000e+00 5.617092e-04
7.670000e+00 5.916879e-04
7.680000e+00 6.215322e-04
7.690000e+00 6.509846e-04
7.700000e+00 6.798031e-04
7.710000e+00 7.077643e-04
7.720000e+00 7.346653e-04
7.730000e+00 7.603258e-04
7.740000e+00 7.845891e-04
7.750000e+00 8.073236e-04
7.760000e+00 8.284232e-04
7.770000e+00 8.478071e-04
7.780000e+00 8.654203e-04
7.790000e+00 8.812325e-04
7.800000e+00 8.952376e-04
7.810000e+00 9.074520e-04
7.820000e+00 9.179137e-04
7.830000e+00 9.266805e-04
7.840000e+00 9.338279e-04
7.850000e+00 9.394474e-04
7.860000e+00 9.436445e-04
7.870000e+00 9.465361e-04
7.880000e+00 9.482485e-04
7.890000e+00 9.489154e-04
7.900000e+00 9.486751e-04
7.910000e+00 9.476689e-04
7.920000e+00 9.460385e-04
7.930000e+00 9.439241e-04
7.940000e+00 9.414627e-04
7.950000e+00 9.387860e-04
7.960000e+00 9.360188e-04
7.970000e+00 9.332779e-04
7.980000e+00 9.306704e-04
7.990000e+00 9.282931e-04
8.000000e+00 9.262315e-04
8.010000e+00 9.245596e-04
8.020000e+00 9.233393e-04
8.030000e+00 9.226206e-04
8.040000e+00 9.224422e-04
8.050000e+00 9.228316e-04
8.060000e+00 9.238064e-04
8.070000e+00 9.253751e-04
8.080000e+00 9.275383e-04
8.090000e+00 9.302905e-04
8.100000e+00 9.336213e-04
8.110000e+00 9.375175e-04
8.120000e+00 9.419643e-04
8.130000e+00 9.469474e-04
8.140000e+00 9.524544e-04
8.150000e+00 9.584764e-04
8.160000e+00 9.650094e-04
8.170000e+00 9.720553e-04
8.180000e+00 9.796226e-04
8.190000e+00 9.877272e-04
8.200000e+00 9.963927e-04
8.210000e+00 1.005650e-03
8.220000e+00 1.015536e-03
8.230000e+00 1.026095e-03
8.240000e+00 1.037376e-03
8.250000e+00 1.049429e-03
8.260000e+00 1.062308e-03
8.270000e+00 1.076066e-03
8.280000e+00 1.090750e-03
8.290000e+00 1.106407e-03
8.300000e+00 1.123070e-03
8.310000e+00 1.140768e-03
8.320000e+00 1.159513e-03
8.330000e+00 1.179303e-03
8.340000e+00 1.200120e-03
8.350000e+00 1.221929e-03
8.360000e+00 1.244671e-03
8.370000e+00 1.268269e-03
8.380000e+00 1.292625e-03
8.390000e+00 1.317619e-03
8.400000e+00 1.343108e-03
8.410000e+00 1.368930e-03
8.420000e+00 1.394906e-03
8.430000e+00 1.420837e-03
8.440000e+00 1.446510e-03
8.450000e+00 1.471701e-03
8.460000e+00 1.496174e-03
8.470000e+00 1.519689e-03
8.480000e+00 1.542002e-03
8.490000e+00 1.562870e-03
8.500000e+00 1.582055e-03
8.510000e+00 1.599325e-03
8.520000e+00 1.614463e-03
8.530000e+00 1.627264e-03
8.540000e+00 1.637544e-03
8.550000e+00 1.645138e-03
8.560000e+00 1.649909e-03
8.570000e+00 1.651743e-03
8.580000e+00 1.650558e-03
8.590000e+00 1.646302e-03
8.600000e+00 1.638955e-03
8.610000e+00 1.628530e-03
8.620000e+00 1.615075e-03
8.630000e+00 1.598670e-03
8.640000e+00 1.579429e-03
8.650000e+00 1.557499e-03
8.660000e+00 1.533059e-03
8.670000e+00 1.506317e-03
8.680000e+00 1.477509e-03
8.690000e+00 1.446896e-03
8.700000e+00 1.414766e-03
8.710000e+00 1.381422e-03
8.720000e+00 1.347189e-03
8.730000e+00 1.312403e-03
8.740000e+00 1.277413e-03
8.750000e+00 1.242572e-03
8.760000e+00 1.208238e-03
8.770000e+00 1.174770e-03
8.780000e+00 1.142521e-03
8.790000e+00 1.111836e-03
8.800000e+00 1.083049e-03
8.810000e+00 1.056478e-03
8.820000e+00 1.032423e-03
8.830000e+00 1.011162e-03
8.840000e+00 9.929475e-04
8.850000e+00 9.780057e-04
8.860000e+00 9.665313e-04
8.870000e+00 9.586873e-04
8.880000e+00 9.546025e-04
8.890000e+00 9.543708e-04
8.900000e+00 9.580492e-04
8.910000e+00 9.656584e-04
8.920000e+00 9.771819e-04
8.930000e+00 9.925665e-04
8.940000e+00 1.011723e-03
8.950000e+00 1.034528e-03
8.960000e+00 1.060824e-03
8.970000e+00 1.090422e-03
8.980000e+00 1.123105e-03
8.990000e+00 1.158627e-03
9.000000e+00 1.196720e-03
9.010000e+00 1.237092e-03
9.020000e+00 1.279436e-03
9.030000e+00 1.323426e-03
9.040000e+00 1.368728e-03
9.050000e+00 1.414994e-03
9.060000e+00 1.461874e-03
9.070000e+00 1.509014e-03
9.080000e+00 1.556058e-03
9.090000e+00 1.602655e-03
9.100000e+00 1.648456e-03
9.110000e+00 1.693121e-03
9.120000e+00 1.736319e-03
9.130000e+00 1.777730e-03
9.140000e+00 1.817043e-03
9.150000e+00 1.853967e-03
9.160000e+00 1.888220e-03
9.170000e+00 1.919539e-03
9.180000e+00 1.947678e-03
9.190000e+00 1.972405e-03
9.200000e+00 1.993510e-03
9.210000e+00 2.010800e-03
9.220000e+00 2.024099e-03
9.230000e+00 2.033253e-03
9.240000e+00 2.038128e-03
9.250000e+00 2.038610e-03
9.260000e+00 2.034604e-03
9.270000e+00 2.026041e-03
9.280000e+00 2.012872e-03
9.290000e+00 1.995073e-03
9.300000e+00 1.972642e-03
9.310000e+00 1.945606e-03
9.320000e+00 1.914015e-03
9.330000e+00 1.877949e-03
9.340000e+00 1.837514e-03
9.350000e+00 1.792845e-03
9.360000e+00 1.744109e-03
9.370000e+00 1.691498e-03
9.380000e+00 1.635239e-03
9.390000e+00 1.575585e-03
9.400000e+00 1.512820e-03
9.410000e+00 1.447255e-03
9.420000e+00 1.379229e-03
9.430000e+00 1.309105e-03
9.440000e+00 1.237272e-03
9.450000e+00 1.164135e-03
9.460000e+00 1.090120e-03
9.470000e+00 1.015664e-03
9.480000e+00 9.412165e-04
9.490000e+00 8.672307e-04
9.500000e+00 7.941624e-04
9.510000e+00 7.224636e-04
9.520000e+00 6.525783e-04
9.530000e+00 5.849378e-04
9.540000e+00 5.199555e-04
9.550000e+00 4.580224e-04
9.560000e+00 3.995032e-04
9.570000e+00 3.447314e-04
9.580000e+00 2.940065e-04
9.590000e+00 2.475902e-04
9.600000e+00 2.057039e-04
9.610000e+00 1.685270e-04
9.620000e+00 1.361953e-04
9.630000e+00 1.088006e-04
9.640000e+00 8.639042e-05
9.650000e+00 6.896904e-05
9.660000e+00 5.649895e-05
9.670000e+00 4.890290e-05
9.680000e+00 4.606663e-05
9.690000e+00 4.784217e-05
9.700000e+00 5.405150e-05
9.710000e+00 6.449069e-05
9.720000e+00 7.893423e-05
9.730000e+00 9.713959e-05
9.740000e+00 1.188518e-04
9.750000e+00 1.438082e-04
9.760000e+00 1.717427e-04
9.770000e+00 2.023899e-04
9.780000e+00 2.354894e-04
9.790000e+00 2.707891e-04
9.800000e+00 3.080484e-04
9.810000e+00 3.470404e-04
9.820000e+00 3.875547e-04
9.830000e+00 4.293985e-04
9.840000e+00 4.723973e-04
9.850000e+00 5.163961e-04
9.860000e+00 5.612589e-04
9.870000e+00 6.068684e-04
9.880000e+00 6.531248e-04
9.890000e+00 6.999452e-04
9.900000e+00 7.472615e-04
9.910000e+00 7.950189e-04
9.920000e+00 8.431745e-04
9.930000e+00 8.916944e-04
9.940000e+00 9.405530e-04
9.950000e+00 9.897303e-04
9.960000e+00 1.039211e-03
9.970000e+00 1.088980e-03
9.980000e+00 1.139028e-03
9.990000e+00 1.189341e-03
1.000000e+01 1.239908e-03
