# sigma2_v 8.376034646840326e+00
0.000000e+00 1.000000e+00
1.000000e-02 9.995813e-01
2.000000e-02 9.983263e-01
3.000000e-02 9.962383e-01
4.000000e-02 9.933228e-01
5.000000e-02 9.895875e-01
6.000000e-02 9.850423e-01
7.000000e-02 9.796991e-01
8.000000e-02 9.735717e-01
9.000000e-02 9.666761e-01
1.000000e-01 9.590302e-01
1.100000e-01 9.506535e-01
1.200000e-01 9.415674e-01
1.300000e-01 9.317948e-01
1.400000e-01 9.213603e-01
1.500000e-01 9.102896e-01
1.600000e-01 8.986102e-01
1.700000e-01 8.863503e-01
1.800000e-01 8.735393e-01
1.900000e-01 8.602078e-01
2.000000e-01 8.463869e-01
2.100000e-01 8.321085e-01
2.200000e-01 8.174051e-01
2.300000e-01 8.023096e-01
2.400000e-01 7.868553e-01
2.500000e-01 7.710755e-01
2.600000e-01 7.550037e-01
2.700000e-01 7.386735e-01
2.800000e-01 7.221179e-01
2.900000e-01 7.053701e-01
3.000000e-01 6.884626e-01
3.100000e-01 6.714277e-01
3.200000e-01 6.542968e-01
3.300000e-01 6.371010e-01
3.400000e-01 6.198702e-01
3.500000e-01 6.026339e-01
3.600000e-01 5.854205e-01
3.700000e-01 5.682574e-01
3.800000e-01 5.511711e-01
3.900000e-01 5.341869e-01
4.000000e-01 5.173290e-01
4.100000e-01 5.006206e-01
4.200000e-01 4.840835e-01
4.300000e-01 4.677384e-01
4.400000e-01 4.516046e-01
4.500000e-01 4.357003e-01
4.600000e-01 4.200424e-01
4.700000e-01 4.046464e-01
4.800000e-01 3.895268e-01
4.900000e-01 3.746966e-01
5.000000e-01 3.601676e-01
5.100000e-01 3.459504e-01
5.200000e-01 3.320543e-01
5.300000e-01 3.184877e-01
5.400000e-01 3.052573e-01
5.500000e-01 2.923693e-01
5.600000e-01 2.798283e-01
5.700000e-01 2.676381e-01
5.800000e-01 2.558015e-01
5.900000e-01 2.443202e-01
6.000000e-01 2.331949e-01
6.100000e-01 2.224258e-01
6.200000e-01 2.120117e-01
6.300000e-01 2.019512e-01
6.400000e-01 1.922416e-01
6.500000e-01 1.828799e-01
6.600000e-01 1.738623e-01
6.700000e-01 1.651845e-01
6.800000e-01 1.568415e-01
6.900000e-01 1.488278e-01
7.000000e-01 1.411376e-01
7.100000e-01 1.337646e-01
7.200000e-01 1.267021e-01
7.300000e-01 1.199431e-01
7.400000e-01 1.134803e-01
7.500000e-01 1.073063e-01
7.600000e-01 1.014132e-01
7.700000e-01 9.579309e-02
7.800000e-01 9.043803e-02
7.900000e-01 8.533983e-02
8.000000e-01 8.049026e-02
8.100000e-01 7.588106e-02
8.200000e-01 7.150394e-02
8.300000e-01 6.735064e-02
8.400000e-01 6.341289e-02
8.500000e-01 5.968252e-02
8.600000e-01 5.615141e-02
8.700000e-01 5.281153e-02
8.800000e-01 4.965497e-02
8.900000e-01 4.667394e-02
9.000000e-01 4.386079e-02
9.100000e-01 4.120803e-02
9.200000e-01 3.870833e-02
9.300000e-01 3.635451e-02
9.400000e-01 3.413962e-02
9.500000e-01 3.205685e-02
9.600000e-01 3.009963e-02
9.700000e-01 2.826156e-02
9.800000e-01 2.653648e-02
9.900000e-01 2.491840e-02
1.000000e+00 2.340160e-02
1.010000e+00 2.198051e-02
1.020000e+00 2.064984e-02
1.030000e+00 1.940448e-02
1.040000e+00 1.823956e-02
1.050000e+00 1.715039e-02
1.060000e+00 1.613255e-02
1.070000e+00 1.518177e-02
1.080000e+00 1.429405e-02
1.090000e+00 1.346555e-02
1.100000e+00 1.269264e-02
1.110000e+00 1.197191e-02
1.120000e+00 1.130010e-02
1.130000e+00 1.067418e-02
1.140000e+00 1.009126e-02
1.150000e+00 9.548636e-03
1.160000e+00 9.043773e-03
1.170000e+00 8.574288e-03
1.180000e+00 8.137949e-03
1.190000e+00 7.732666e-03
1.200000e+00 7.356485e-03
1.210000e+00 7.007580e-03
1.220000e+00 6.684244e-03
1.230000e+00 6.384881e-03
1.240000e+00 6.108003e-03
1.250000e+00 5.852218e-03
1.260000e+00 5.616224e-03
1.270000e+00 5.398806e-03
1.280000e+00 5.198825e-03
1.290000e+00 5.015214e-03
1.300000e+00 4.846971e-03
1.310000e+00 4.693158e-03
1.320000e+00 4.552888e-03
1.330000e+00 4.425328e-03
1.340000e+00 4.309690e-03
1.350000e+00 4.205230e-03
1.360000e+00 4.111243e-03
1.370000e+00 4.027058e-03
1.380000e+00 3.952038e-03
1.390000e+00 3.885576e-03
1.400000e+00 3.827093e-03
1.410000e+00 3.776036e-03
1.420000e+00 3.731874e-03
1.430000e+00 3.694101e-03
1.440000e+00 3.662229e-03
1.450000e+00 3.635789e-03
1.460000e+00 3.614332e-03
1.470000e+00 3.597425e-03
1.480000e+00 3.584651e-03
1.490000e+00 3.575606e-03
1.500000e+00 3.569904e-03
1.510000e+00 3.567169e-03
1.520000e+00 3.567040e-03
1.530000e+00 3.569167e-03
1.540000e+00 3.573213e-03
1.550000e+00 3.578851e-03
1.560000e+00 3.585767e-03
1.570000e+00 3.593656e-03
1.580000e+00 3.602224e-03
1.590000e+00 3.611187e-03
1.600000e+00 3.620274e-03
1.610000e+00 3.629223e-03
1.620000e+00 3.637781e-03
1.630000e+00 3.645710e-03
1.640000e+00 3.652781e-03
1.650000e+00 3.658777e-03
1.660000e+00 3.663496e-03
1.670000e+00 3.666746e-03
1.680000e+00 3.668350e-03
1.690000e+00 3.668146e-03
1.700000e+00 3.665988e-03
1.710000e+00 3.661742e-03
1.720000e+00 3.655295e-03
1.730000e+00 3.646547e-03
1.740000e+00 3.635419e-03
1.750000e+00 3.621847e-03
1.760000e+00 3.605788e-03
1.770000e+00 3.587214e-03
1.780000e+00 3.566120e-03
1.790000e+00 3.542514e-03
1.800000e+00 3.516428e-03
1.810000e+00 3.487906e-03
1.820000e+00 3.457014e-03
1.830000e+00 3.423830e-03
1.840000e+00 3.388452e-03
1.850000e+00 3.350987e-03
1.860000e+00 3.311561e-03
1.870000e+00 3.270307e-03
1.880000e+00 3.227370e-03
1.890000e+00 3.182904e-03
1.900000e+00 3.137071e-03
1.910000e+00 3.090035e-03
1.920000e+00 3.041969e-03
1.930000e+00 2.993044e-03
1.940000e+00 2.943433e-03
1.950000e+00 2.893308e-03
1.960000e+00 2.842839e-03
1.970000e+00 2.792192e-03
1.980000e+00 2.741527e-03
1.990000e+00 2.690998e-03
2.000000e+00 2.640754e-03
2.010000e+00 2.590932e-03
2.020000e+00 2.541665e-03
2.030000e+00 2.493072e-03
2.040000e+00 2.445266e-03
2.050000e+00 2.398349e-03
2.060000e+00 2.352412e-03
2.070000e+00 2.307539e-03
2.080000e+00 2.263802e-03
2.090000e+00 2.221263e-03
2.100000e+00 2.179979e-03
2.110000e+00 2.139992e-03
2.120000e+00 2.101342e-03
2.130000e+00 2.064058e-03
2.140000e+00 2.028162e-03
2.150000e+00 1.993669e-03
2.160000e+00 1.960589e-03
2.170000e+00 1.928924e-03
2.180000e+00 1.898672e-03
2.190000e+00 1.869824e-03
2.200000e+00 1.842368e-03
2.210000e+00 1.816285e-03
2.220000e+00 1.791552e-03
2.230000e+00 1.768143e-03
2.240000e+00 1.746023e-03
2.250000e+00 1.725156e-03
2.260000e+00 1.705501e-03
2.270000e+00 1.687009e-03
2.280000e+00 1.669628e-03
2.290000e+00 1.653303e-03
2.300000e+00 1.637969e-03
2.310000e+00 1.623560e-03
2.320000e+00 1.610002e-03
2.330000e+00 1.597218e-03
2.340000e+00 1.585124e-03
2.350000e+00 1.573632e-03
2.360000e+00 1.562649e-03
2.370000e+00 1.552076e-03
2.380000e+00 1.541813e-03
2.390000e+00 1.531754e-03
2.400000e+00 1.521789e-03
2.410000e+00 1.511809e-03
2.420000e+00 1.501700e-03
2.430000e+00 1.491346e-03
2.440000e+00 1.480634e-03
2.450000e+00 1.469449e-03
2.460000e+00 1.457675e-03
2.470000e+00 1.445202e-03
2.480000e+00 1.431919e-03
2.490000e+00 1.417720e-03
2.500000e+00 1.402503e-03
2.510000e+00 1.386170e-03
2.520000e+00 1.368629e-03
2.530000e+00 1.349793e-03
2.540000e+00 1.329584e-03
2.550000e+00 1.307927e-03
2.560000e+00 1.284759e-03
2.570000e+00 1.260023e-03
2.580000e+00 1.233669e-03
2.590000e+00 1.205657e-03
2.600000e+00 1.175956e-03
2.610000e+00 1.144542e-03
2.620000e+00 1.111403e-03
2.630000e+00 1.076534e-03
2.640000e+00 1.039940e-03
2.650000e+00 1.001634e-03
2.660000e+00 9.616392e-04
2.670000e+00 9.199882e-04
2.680000e+00 8.767221e-04
2.690000e+00 8.318910e-04
2.700000e+00 7.855542e-04
2.710000e+00 7.377797e-04
2.720000e+00 6.886442e-04
2.730000e+00 6.382330e-04
2.740000e+00 5.866397e-04
2.750000e+00 5.339663e-04
2.760000e+00 4.803227e-04
2.770000e+00 4.258265e-04
2.780000e+00 3.706029e-04
2.790000e+00 3.147842e-04
2.800000e+00 2.585091e-04
2.810000e+00 2.019230e-04
2.820000e+00 1.451768e-04
2.830000e+00 8.842659e-05
2.840000e+00 3.183302e-05
2.850000e+00 -2.443943e-05
2.860000e+00 -8.022323e-05
2.870000e+00 -1.353486e-04
2.880000e+00 -1.896445e-04
2.890000e+00 -2.429394e-04
2.900000e+00 -2.950622e-04
2.910000e+00 -3.458435e-04
2.920000e+00 -3.951165e-04
2.930000e+00 -4.427179e-04
2.940000e+00 -4.884890e-04
2.950000e+00 -5.322766e-04
2.960000e+00 -5.739344e-04
2.970000e+00 -6.133234e-04
2.980000e+00 -6.503128e-04
2.990000e+00 -6.847813e-04
3.000000e+00 -7.166174e-04
3.010000e+00 -7.457201e-04
3.020000e+00 -7.719995e-04
3.030000e+00 -7.953772e-04
3.040000e+00 -8.157868e-04
3.050000e+00 -8.331740e-04
3.060000e+00 -8.474966e-04
3.070000e+00 -8.587251e-04
3.080000e+00 -8.668417e-04
3.090000e+00 -8.718413e-04
3.100000e+00 -8.737302e-04
3.110000e+00 -8.725267e-04
3.120000e+00 -8.682601e-04
3.130000e+00 -8.609708e-04
3.140000e+00 -8.507094e-04
3.150000e+00 -8.375366e-04
3.160000e+00 -8.215227e-04
3.170000e+00 -8.027470e-04
3.180000e+00 -7.812973e-04
3.190000e+00 -7.572698e-04
3.200000e+00 -7.307681e-04
3.210000e+00 -7.019036e-04
3.220000e+00 -6.707945e-04
3.230000e+00 -6.375655e-04
3.240000e+00 -6.023482e-04
3.250000e+00 -5.652802e-04
3.260000e+00 -5.265050e-04
3.270000e+00 -4.861722e-04
3.280000e+00 -4.444368e-04
3.290000e+00 -4.014597e-04
3.300000e+00 -3.574070e-04
3.310000e+00 -3.124501e-04
3.320000e+00 -2.667658e-04
3.330000e+00 -2.205357e-04
3.340000e+00 -1.739461e-04
3.350000e+00 -1.271882e-04
3.360000e+00 -8.045717e-05
3.370000e+00 -3.395224e-05
3.380000e+00 1.212382e-05
3.390000e+00 5.756520e-05
3.400000e+00 1.021635e-04
3.410000e+00 1.457086e-04
3.420000e+00 1.879887e-04
3.430000e+00 2.287920e-04
3.440000e+00 2.679067e-04
3.450000e+00 3.051222e-04
3.460000e+00 3.402301e-04
3.470000e+00 3.730249e-04
3.480000e+00 4.033054e-04
3.490000e+00 4.308754e-04
3.500000e+00 4.555449e-04
3.510000e+00 4.771312e-04
3.520000e+00 4.954600e-04
3.530000e+00 5.103664e-04
3.540000e+00 5.216962e-04
3.550000e+00 5.293068e-04
3.560000e+00 5.330682e-04
3.570000e+00 5.328641e-04
3.580000e+00 5.285929e-04
3.590000e+00 5.201687e-04
3.600000e+00 5.075221e-04
3.610000e+00 4.906010e-04
3.620000e+00 4.693714e-04
3.630000e+00 4.438184e-04
3.640000e+00 4.139466e-04
3.650000e+00 3.797807e-04
3.660000e+00 3.413662e-04
3.670000e+00 2.987698e-04
3.680000e+00 2.520797e-04
3.690000e+00 2.014061e-04
3.700000e+00 1.468812e-04
3.710000e+00 8.865932e-05
3.720000e+00 2.691695e-05
3.730000e+00 -3.814739e-05
3.740000e+00 -1.063135e-04
3.750000e+00 -1.773398e-04
3.760000e+00 -2.509641e-04
3.770000e+00 -3.269040e-04
3.780000e+00 -4.048581e-04
3.790000e+00 -4.845069e-04
3.800000e+00 -5.655143e-04
3.810000e+00 -6.475285e-04
3.820000e+00 -7.301844e-04
3.830000e+00 -8.131047e-04
3.840000e+00 -8.959025e-04
3.850000e+00 -9.781831e-04
3.860000e+00 -1.059547e-03
3.870000e+00 -1.139590e-03
3.880000e+00 -1.217912e-03
3.890000e+00 -1.294110e-03
3.900000e+00 -1.367792e-03
3.910000e+00 -1.438570e-03
3.920000e+00 -1.506070e-03
3.930000e+00 -1.569933e-03
3.940000e+00 -1.629815e-03
3.950000e+00 -1.685393e-03
3.960000e+00 -1.736370e-03
3.970000e+00 -1.782470e-03
3.980000e+00 -1.823448e-03
3.990000e+00 -1.859089e-03
4.000000e+00 -1.889209e-03
4.010000e+00 -1.913660e-03
4.020000e+00 -1.932327e-03
4.030000e+00 -1.945133e-03
4.040000e+00 -1.952036e-03
4.050000e+00 -1.953034e-03
4.060000e+00 -1.948161e-03
4.070000e+00 -1.937486e-03
4.080000e+00 -1.921115e-03
4.090000e+00 -1.899190e-03
4.100000e+00 -1.871883e-03
4.110000e+00 -1.839401e-03
4.120000e+00 -1.801975e-03
4.130000e+00 -1.759866e-03
4.140000e+00 -1.713358e-03
4.150000e+00 -1.662755e-03
4.160000e+00 -1.608378e-03
4.170000e+00 -1.550564e-03
4.180000e+00 -1.489659e-03
4.190000e+00 -1.426019e-03
4.200000e+00 -1.360003e-03
4.210000e+00 -1.291972e-03
4.220000e+00 -1.222285e-03
4.230000e+00 -1.151296e-03
4.240000e+00 -1.079354e-03
4.250000e+00 -1.006793e-03
4.260000e+00 -9.339408e-04
4.270000e+00 -8.611063e-04
4.280000e+00 -7.885847e-04
4.290000e+00 -7.166530e-04
4.300000e+00 -6.455700e-04
4.310000e+00 -5.755748e-04
4.320000e+00 -5.068864e-04
4.330000e+00 -4.397036e-04
4.340000e+00 -3.742045e-04
4.350000e+00 -3.105469e-04
4.360000e+00 -2.488688e-04
4.370000e+00 -1.892888e-04
4.380000e+00 -1.319068e-04
4.390000e+00 -7.680459e-05
4.400000e+00 -2.404746e-05
4.410000e+00 2.631542e-05
4.420000e+00 7.424964e-05
4.430000e+00 1.197345e-04
4.440000e+00 1.627621e-04
4.450000e+00 2.033360e-04
4.460000e+00 2.414702e-04
4.470000e+00 2.771885e-04
4.480000e+00 3.105232e-04
4.490000e+00 3.415144e-04
4.500000e+00 3.702091e-04
4.510000e+00 3.966605e-04
4.520000e+00 4.209274e-04
4.530000e+00 4.430735e-04
4.540000e+00 4.631667e-04
4.550000e+00 4.812787e-04
4.560000e+00 4.974847e-04
4.570000e+00 5.118622e-04
4.580000e+00 5.244915e-04
4.590000e+00 5.354543e-04
4.600000e+00 5.448338e-04
4.610000e+00 5.527138e-04
4.620000e+00 5.591785e-04
4.630000e+00 5.643117e-04
4.640000e+00 5.681964e-04
4.650000e+00 5.709141e-04
4.660000e+00 5.725442e-04
4.670000e+00 5.731634e-04
4.680000e+00 5.728451e-04
4.690000e+00 5.716586e-04
4.700000e+00 5.696692e-04
4.710000e+00 5.669367e-04
4.720000e+00 5.635158e-04
4.730000e+00 5.594551e-04
4.740000e+00 5.547970e-04
4.750000e+00 5.495778e-04
4.760000e+00 5.438269e-04
4.770000e+00 5.375674e-04
4.780000e+00 5.308160e-04
4.790000e+00 5.235833e-04
4.800000e+00 5.158741e-04
4.810000e+00 5.076880e-04
4.820000e+00 4.990201e-04
4.830000e+00 4.898614e-04
4.840000e+00 4.802002e-04
4.850000e+00 4.700225e-04
4.860000e+00 4.593130e-04
4.870000e+00 4.480567e-04
4.880000e+00 4.362392e-04
4.890000e+00 4.238481e-04
4.900000e+00 4.108739e-04
4.910000e+00 3.973110e-04
4.920000e+00 3.831583e-04
4.930000e+00 3.684202e-04
4.940000e+00 3.531072e-04
4.950000e+00 3.372360e-04
4.960000e+00 3.208303e-04
4.970000e+00 3.039202e-04
4.980000e+00 2.865429e-04
4.990000e+00 2.687418e-04
5.000000e+00 2.505663e-04
5.010000e+00 2.320709e-04
5.020000e+00 2.133147e-04
5.030000e+00 1.943599e-04
5.040000e+00 1.752711e-04
5.050000e+00 1.561135e-04
5.060000e+00 1.369518e-04
5.070000e+00 1.178485e-04
5.080000e+00 9.886268e-05
5.090000e+00 8.004787e-05
5.100000e+00 6.145093e-05
5.110000e+00 4.311036e-05
5.120000e+00 2.505489e-05
5.130000e+00 7.302138e-06
5.140000e+00 -1.014258e-05
5.150000e+00 -2.728728e-05
5.160000e+00 -4.415409e-05
5.170000e+00 -6.077997e-05
5.180000e+00 -7.721702e-05
5.190000e+00 -9.353265e-05
5.200000e+00 -1.098095e-04
5.210000e+00 -1.261451e-04
5.220000e+00 -1.426513e-04
5.230000e+00 -1.594531e-04
5.240000e+00 -1.766882e-04
5.250000e+00 -1.945051e-04
5.260000e+00 -2.130619e-04
5.270000e+00 -2.325243e-04
5.280000e+00 -2.530641e-04
5.290000e+00 -2.748570e-04
5.300000e+00 -2.980804e-04
5.310000e+00 -3.229115e-04
5.320000e+00 -3.495248e-04
5.330000e+00 -3.780898e-04
5.340000e+00 -4.087690e-04
5.350000e+00 -4.417156e-04
5.360000e+00 -4.770712e-04
5.370000e+00 -5.149640e-04
5.380000e+00 -5.555066e-04
5.390000e+00 -5.987947e-04
5.400000e+00 -6.449046e-04
5.410000e+00 -6.938929e-04
5.420000e+00 -7.457944e-04
5.430000e+00 -8.006211e-04
5.440000e+00 -8.583620e-04
5.450000e+00 -9.189819e-04
5.460000e+00 -9.824212e-04
5.470000e+00 -1.048596e-03
5.480000e+00 -1.117397e-03
5.490000e+00 -1.188693e-03
5.500000e+00 -1.262327e-03
5.510000e+00 -1.338120e-03
5.520000e+00 -1.415872e-03
5.530000e+00 -1.495360e-03
5.540000e+00 -1.576346e-03
5.550000e+00 -1.658569e-03
5.560000e+00 -1.741756e-03
5.570000e+00 -1.825618e-03
5.580000e+00 -1.909855e-03
5.590000e+00 -1.994157e-03
5.600000e+00 -2.078204e-03
5.610000e+00 -2.161674e-03
5.620000e+00 -2.244240e-03
5.630000e+00 -2.325576e-03
5.640000e+00 -2.405355e-03
5.650000e+00 -2.483258e-03
5.660000e+00 -2.558972e-03
5.670000e+00 -2.632192e-03
5.680000e+00 -2.702626e-03
5.690000e+00 -2.769998e-03
5.700000e+00 -2.834044e-03
5.710000e+00 -2.894524e-03
5.720000e+00 -2.951213e-03
5.730000e+00 -3.003914e-03
5.740000e+00 -3.052450e-03
5.750000e+00 -3.096670e-03
5.760000e+00 -3.136452e-03
5.770000e+00 -3.171699e-03
5.780000e+00 -3.202344e-03
5.790000e+00 -3.228347e-03
5.800000e+00 -3.249699e-03
5.810000e+00 -3.266420e-03
5.820000e+00 -3.278556e-03
5.830000e+00 -3.286186e-03
5.840000e+00 -3.289410e-03
5.850000e+00 -3.288361e-03
5.860000e+00 -3.283191e-03
5.870000e+00 -3.274078e-03
5.880000e+00 -3.261223e-03
5.890000e+00 -3.244844e-03
5.900000e+00 -3.225177e-03
5.910000e+00 -3.202476e-03
5.920000e+00 -3.177005e-03
5.930000e+00 -3.149039e-03
5.940000e+00 -3.118864e-03
5.950000e+00 -3.086768e-03
5.960000e+00 -3.053046e-03
5.970000e+00 -3.017992e-03
5.980000e+00 -2.981897e-03
5.990000e+00 -2.945052e-03
6.000000e+00 -2.907739e-03
6.010000e+00 -2.870235e-03
6.020000e+00 -2.832803e-03
6.030000e+00 -2.795700e-03
6.040000e+00 -2.759165e-03
6.050000e+00 -2.723427e-03
6.060000e+00 -2.688695e-03
6.070000e+00 -2.655164e-03
6.080000e+00 -2.623012e-03
6.090000e+00 -2.592399e-03
6.100000e+00 -2.563464e-03
6.110000e+00 -2.536329e-03
6.120000e+00 -2.511099e-03
6.130000e+00 -2.487856e-03
6.140000e+00 -2.466666e-03
6.150000e+00 -2.447576e-03
6.160000e+00 -2.430614e-03
6.170000e+00 -2.415791e-03
6.180000e+00 -2.403101e-03
6.190000e+00 -2.392521e-03
6.200000e+00 -2.384012e-03
6.210000e+00 -2.377520e-03
6.220000e+00 -2.372977e-03
6.230000e+00 -2.370301e-03
6.240000e+00 -2.369397e-03
6.250000e+00 -2.370160e-03
6.260000e+00 -2.372471e-03
6.270000e+00 -2.376204e-03
6.280000e+00 -2.381223e-03
6.290000e+00 -2.387383e-03
6.300000e+00 -2.394533e-03
6.310000e+00 -2.402517e-03
6.320000e+00 -2.411172e-03
6.330000e+00 -2.420333e-03
6.340000e+00 -2.429832e-03
6.350000e+00 -2.439501e-03
6.360000e+00 -2.449168e-03
6.370000e+00 -2.458667e-03
6.380000e+00 -2.467831e-03
6.390000e+00 -2.476497e-03
6.400000e+00 -2.484507e-03
6.410000e+00 -2.491710e-03
6.420000e+00 -2.497961e-03
6.430000e+00 -2.503123e-03
6.440000e+00 -2.507067e-03
6.450000e+00 -2.509678e-03
6.460000e+00 -2.510849e-03
6.470000e+00 -2.510486e-03
6.480000e+00 -2.508508e-03
6.490000e+00 -2.504845e-03
6.500000e+00 -2.499444e-03
6.510000e+00 -2.492264e-03
6.520000e+00 -2.483277e-03
6.530000e+00 -2.472471e-03
6.540000e+00 -2.459847e-03
6.550000e+00 -2.445420e-03
6.560000e+00 -2.429218e-03
6.570000e+00 -2.411279e-03
6.580000e+00 -2.391656e-03
6.590000e+00 -2.370411e-03
6.600000e+00 -2.347617e-03
6.610000e+00 -2.323354e-03
6.620000e+00 -2.297711e-03
6.630000e+00 -2.270783e-03
6.640000e+00 -2.242670e-03
6.650000e+00 -2.213476e-03
6.660000e+00 -2.183308e-03
6.670000e+00 -2.152275e-03
6.680000e+00 -2.120486e-03
6.690000e+00 -2.088050e-03
6.700000e+00 -2.055075e-03
6.710000e+00 -2.021665e-03
6.720000e+00 -1.987924e-03
6.730000e+00 -1.953949e-03
6.740000e+00 -1.919836e-03
6.750000e+00 -1.885675e-03
6.760000e+00 -1.851553e-03
6.770000e+00 -1.817551e-03
6.780000e+00 -1.783747e-03
6.790000e+00 -1.750213e-03
6.800000e+00 -1.717019e-03
6.810000e+00 -1.684229e-03
6.820000e+00 -1.651905e-03
6.830000e+00 -1.620106e-03
6.840000e+00 -1.588890e-03
6.850000e+00 -1.558312e-03
6.860000e+00 -1.528424e-03
6.870000e+00 -1.499280e-03
6.880000e+00 -1.470933e-03
6.890000e+00 -1.443435e-03
6.900000e+00 -1.416839e-03
6.910000e+00 -1.391199e-03
6.920000e+00 -1.366569e-03
6.930000e+00 -1.343006e-03
6.940000e+00 -1.320567e-03
6.950000e+00 -1.299307e-03
6.960000e+00 -1.279287e-03
6.970000e+00 -1.260566e-03
6.980000e+00 -1.243201e-03
6.990000e+00 -1.227254e-03
7.000000e+00 -1.212782e-03
7.010000e+00 -1.199844e-03
7.020000e+00 -1.188494e-03
7.030000e+00 -1.178788e-03
7.040000e+00 -1.170776e-03
7.050000e+00 -1.164506e-03
7.060000e+00 -1.160022e-03
7.070000e+00 -1.157364e-03
7.080000e+00 -1.156567e-03
7.090000e+00 -1.157658e-03
7.100000e+00 -1.160662e-03
7.110000e+00 -1.165594e-03
7.120000e+00 -1.172465e-03
7.130000e+00 -1.181277e-03
7.140000e+00 -1.192024e-03
7.150000e+00 -1.204693e-03
7.160000e+00 -1.219263e-03
7.170000e+00 -1.235705e-03
7.180000e+00 -1.253979e-03
7.190000e+00 -1.274040e-03
7.200000e+00 -1.295831e-03
7.210000e+00 -1.319287e-03
7.220000e+00 -1.344335e-03
7.230000e+00 -1.370892e-03
7.240000e+00 -1.398866e-03
7.250000e+00 -1.428156e-03
7.260000e+00 -1.458652e-03
7.270000e+00 -1.490236e-03
7.280000e+00 -1.522780e-03
7.290000e+00 -1.556147e-03
7.300000e+00 -1.590193e-03
7.310000e+00 -1.624766e-03
7.320000e+00 -1.659705e-03
7.330000e+00 -1.694843e-03
7.340000e+00 -1.730005e-03
7.350000e+00 -1.765013e-03
7.360000e+00 -1.799680e-03
7.370000e+00 -1.833819e-03
7.380000e+00 -1.867235e-03
7.390000e+00 -1.899735e-03
7.400000e+00 -1.931122e-03
7.410000e+00 -1.961203e-03
7.420000e+00 -1.989782e-03
7.430000e+00 -2.016670e-03
7.440000e+00 -2.041682e-03
7.450000e+00 -2.064639e-03
7.460000e+00 -2.085369e-03
7.470000e+00 -2.103711e-03
7.480000e+00 -2.119517e-03
7.490000e+00 -2.132647e-03
7.500000e+00 -2.142980e-03
7.510000e+00 -2.150409e-03
7.520000e+00 -2.154843e-03
7.530000e+00 -2.156210e-03
7.540000e+00 -2.154459e-03
7.550000e+00 -2.149555e-03
7.560000e+00 -2.141487e-03
7.570000e+00 -2.130263e-03
7.580000e+00 -2.115912e-03
7.590000e+00 -2.098484e-03
7.600000e+00 -2.078049e-03
7.610000e+00 -2.054697e-03
7.620000e+00 -2.028537e-03
7.630000e+00 -1.999696e-03
7.640000e+00 -1.968316e-03
7.650000e+00 -1.934555e-03
7.660000e+00 -1.898584e-03
7.670000e+00 -1.860587e-03
7.680000e+00 -1.820755e-03
7.690000e+00 -1.779289e-03
7.700000e+00 -1.736393e-03
7.710000e+00 -1.692277e-03
7.720000e+00 -1.647151e-03
7.730000e+00 -1.601225e-03
7.740000e+00 -1.554708e-03
7.750000e+00 -1.507801e-03
7.760000e+00 -1.460704e-03
7.770000e+00 -1.413607e-03
7.780000e+00 -1.366691e-03
7.790000e+00 -1.320128e-03
7.800000e+00 -1.274081e-03
7.810000e+00 -1.228699e-03
7.820000e+00 -1.184120e-03
7.830000e+00 -1.140472e-03
7.840000e+00 -1.097867e-03
7.850000e+00 -1.056408e-03
7.860000e+00 -1.016183e-03
7.870000e+00 -9.772715e-04
7.880000e+00 -9.397391e-04
7.890000e+00 -9.036420e-04
7.900000e+00 -8.690259e-04
7.910000e+00 -8.359274e-04
7.920000e+00 -8.043742e-04
7.930000e+00 -7.743862e-04
7.940000e+00 -7.459757e-04
7.950000e+00 -7.191487e-04
7.960000e+00 -6.939048e-04
7.970000e+00 -6.702382e-04
7.980000e+00 -6.481377e-04
7.990000e+00 -6.275875e-04
8.000000e+00 -6.085672e-04
8.010000e+00 -5.910517e-04
8.020000e+00 -5.750120e-04
8.030000e+00 -5.604143e-04
8.040000e+00 -5.472208e-04
8.050000e+00 -5.353889e-04
8.060000e+00 -5.248715e-04
8.070000e+00 -5.156167e-04
8.080000e+00 -5.075676e-04
8.090000e+00 -5.006622e-04
8.100000e+00 -4.948333e-04
8.110000e+00 -4.900085e-04
8.120000e+00 -4.861100e-04
8.130000e+00 -4.830551e-04
8.140000e+00 -4.807562e-04
8.150000e+00 -4.791207e-04
8.160000e+00 -4.780523e-04
8.170000e+00 -4.774508e-04
8.180000e+00 -4.772128e-04
8.190000e+00 -4.772327e-04
8.200000e+00 -4.774034e-04
8.210000e+00 -4.776172e-04
8.220000e+00 -4.777666e-04
8.230000e+00 -4.777458e-04
8.240000e+00 -4.774511e-04
8.250000e+00 -4.767826e-04
8.260000e+00 -4.756447e-04
8.270000e+00 -4.739477e-04
8.280000e+00 -4.716085e-04
8.290000e+00 -4.685513e-04
8.300000e+00 -4.647091e-04
8.310000e+00 -4.600240e-04
8.320000e+00 -4.544477e-04
8.330000e+00 -4.479426e-04
8.340000e+00 -4.404817e-04
8.350000e+00 -4.320490e-04
8.360000e+00 -4.226399e-04
8.370000e+00 -4.122607e-04
8.380000e+00 -4.009288e-04
8.390000e+00 -3.886725e-04
8.400000e+00 -3.755303e-04
8.410000e+00 -3.615508e-04
8.420000e+00 -3.467918e-04
8.430000e+00 -3.313198e-04
8.440000e+00 -3.152093e-04
8.450000e+00 -2.985419e-04
8.460000e+00 -2.814058e-04
8.470000e+00 -2.638944e-04
8.480000e+00 -2.461064e-04
8.490000e+00 -2.281439e-04
8.500000e+00 -2.101125e-04
8.510000e+00 -1.921200e-04
8.520000e+00 -1.742758e-04
8.530000e+00 -1.566904e-04
8.540000e+00 -1.394744e-04
8.550000e+00 -1.227380e-04
8.560000e+00 -1.065906e-04
8.570000e+00 -9.113979e-05
8.580000e+00 -7.649138e-05
8.590000e+00 -6.274849e-05
8.600000e+00 -5.001120e-05
8.610000e+00 -3.837606e-05
8.620000e+00 -2.793561e-05
8.630000e+00 -1.877787e-05
8.640000e+00 -1.098589e-05
8.650000e+00 -4.637223e-06
8.660000e+00 1.966343e-07
8.670000e+00 3.450741e-06
8.680000e+00 5.067297e-06
8.690000e+00 4.996223e-06
8.700000e+00 3.195745e-06
8.710000e+00 -3.670083e-07
8.720000e+00 -5.715415e-06
8.730000e+00 -1.286279e-05
8.740000e+00 -2.181183e-05
8.750000e+00 -3.255411e-05
8.760000e+00 -4.506963e-05
8.770000e+00 -5.932643e-05
8.780000e+00 -7.528027e-05
8.790000e+00 -9.287442e-05
8.800000e+00 -1.120396e-04
8.810000e+00 -1.326939e-04
8.820000e+00 -1.547430e-04
8.830000e+00 -1.780804e-04
8.840000e+00 -2.025879e-04
8.850000e+00 -2.281360e-04
8.860000e+00 -2.545849e-04
8.870000e+00 -2.817848e-04
8.880000e+00 -3.095774e-04
8.890000e+00 -3.377967e-04
8.900000e+00 -3.662702e-04
8.910000e+00 -3.948203e-04
8.920000e+00 -4.232653e-04
8.930000e+00 -4.514212e-04
8.940000e+00 -4.791031e-04
8.950000e+00 -5.061265e-04
8.960000e+00 -5.323087e-04
8.970000e+00 -5.574707e-04
8.980000e+00 -5.814378e-04
8.990000e+00 -6.040420e-04
9.000000e+00 -6.251223e-04
9.010000e+00 -6.445265e-04
9.020000e+00 -6.621121e-04
9.030000e+00 -6.777472e-04
9.040000e+00 -6.913115e-04
9.050000e+00 -7.026970e-04
9.060000e+00 -7.118086e-04
9.070000e+00 -7.185645e-04
9.080000e+00 -7.228969e-04
9.090000e+00 -7.247519e-04
9.100000e+00 -7.240901e-04
9.110000e+00 -7.208861e-04
9.120000e+00 -7.151290e-04
9.130000e+00 -7.068222e-04
9.140000e+00 -6.959828e-04
9.150000e+00 -6.826423e-04
9.160000e+00 -6.668453e-04
9.170000e+00 -6.486500e-04
9.180000e+00 -6.281276e-04
9.190000e+00 -6.053619e-04
9.200000e+00 -5.804489e-04
9.210000e+00 -5.534967e-04
9.220000e+00 -5.246247e-04
9.230000e+00 -4.939636e-04
9.240000e+00 -4.616544e-04
9.250000e+00 -4.278486e-04
9.260000e+00 -3.927070e-04
9.270000e+00 -3.563995e-04
9.280000e+00 -3.191043e-04
9.290000e+00 -2.810075e-04
9.300000e+00 -2.423017e-04
9.310000e+00 -2.031856e-04
9.320000e+00 -1.638631e-04
9.330000e+00 -1.245417e-04
9.340000e+00 -8.543189e-05
9.350000e+00 -4.674558e-05
9.360000e+00 -8.694761e-06
9.370000e+00 2.850992e-05
9.380000e+00 6.466075e-05
9.390000e+00 9.955454e-05
9.400000e+00 1.329943e-04
9.410000e+00 1.647911e-04
9.420000e+00 1.947656e-04
9.430000e+00 2.227499e-04
9.440000e+00 2.485893e-04
9.450000e+00 2.721438e-04
9.460000e+00 2.932899e-04
9.470000e+00 3.119216e-04
9.480000e+00 3.279525e-04
9.490000e+00 3.413161e-04
9.500000e+00 3.519671e-04
9.510000e+00 3.598826e-04
9.520000e+00 3.650618e-04
9.530000e+00 3.675270e-04
9.540000e+00 3.673230e-04
9.550000e+00 3.645175e-04
9.560000e+00 3.592002e-04
9.570000e+00 3.514822e-04
9.580000e+00 3.414949e-04
9.590000e+00 3.293889e-04
9.600000e+00 3.153326e-04
9.610000e+00 2.995102e-04
9.620000e+00 2.821203e-04
9.630000e+00 2.633737e-04
9.640000e+00 2.434914e-04
9.650000e+00 2.227023e-04
9.660000e+00 2.012413e-04
9.670000e+00 1.793468e-04
9.680000e+00 1.572583e-04
9.690000e+00 1.352150e-04
9.700000e+00 1.134527e-04
9.710000e+00 9.220268e-05
9.720000e+00 7.168937e-05
9.730000e+00 5.212882e-05
9.740000e+00 3.372714e-05
9.750000e+00 1.667916e-05
9.760000e+00 1.167290e-06
9.770000e+00 -1.263949e-05
9.780000e+00 -2.458634e-05
9.790000e+00 -3.453321e-05
9.800000e+00 -4.235517e-05
9.810000e+00 -4.794270e-05
9.820000e+00 -5.120175e-05
9.830000e+00 -5.205364e-05
9.840000e+00 -5.043493e-05
9.850000e+00 -4.629711e-05
9.860000e+00 -3.960621e-05
9.870000e+00 -3.034240e-05
9.880000e+00 -1.849946e-05
9.890000e+00 -4.084325e-06
9.900000e+00 1.288348e-05
9.910000e+00 3.237236e-05
9.920000e+00 5.433919e-05
9.930000e+00 7.872977e-05
9.940000e+00 1.054794e-04
9.950000e+00 1.345132e-04
9.960000e+00 1.657468e-04
9.970000e+00 1.990866e-04
9.980000e+00 2.344300e-04
9.990000e+00 2.716665e-04
1.000000e+01 3.106772e-04
