# sigma2_v 6.838924282256982e+00
0.000000e+00 1.000000e+00
1.000000e-02 9.996581e-01
2.000000e-02 9.986332e-01
3.000000e-02 9.969277e-01
4.000000e-02 9.945453e-01
5.000000e-02 9.914915e-01
6.000000e-02 9.877731e-01
7.000000e-02 9.833984e-01
8.000000e-02 9.783772e-01
9.000000e-02 9.727206e-01
1.000000e-01 9.664411e-01
1.100000e-01 9.595524e-01
1.200000e-01 9.520696e-01
1.300000e-01 9.440088e-01
1.400000e-01 9.353873e-01
1.500000e-01 9.262234e-01
1.600000e-01 9.165364e-01
1.700000e-01 9.063463e-01
1.800000e-01 8.956741e-01
1.900000e-01 8.845416e-01
2.000000e-01 8.729710e-01
2.100000e-01 8.609853e-01
2.200000e-01 8.486078e-01
2.300000e-01 8.358623e-01
2.400000e-01 8.227730e-01
2.500000e-01 8.093642e-01
2.600000e-01 7.956604e-01
2.700000e-01 7.816863e-01
2.800000e-01 7.674664e-01
2.900000e-01 7.530254e-01
3.000000e-01 7.383877e-01
3.100000e-01 7.235775e-01
3.200000e-01 7.086188e-01
3.300000e-01 6.935352e-01
3.400000e-01 6.783500e-01
3.500000e-01 6.630861e-01
3.600000e-01 6.477658e-01
3.700000e-01 6.324109e-01
3.800000e-01 6.170427e-01
3.900000e-01 6.016816e-01
4.000000e-01 5.863478e-01
4.100000e-01 5.710605e-01
4.200000e-01 5.558381e-01
4.300000e-01 5.406986e-01
4.400000e-01 5.256588e-01
4.500000e-01 5.107352e-01
4.600000e-01 4.959432e-01
4.700000e-01 4.812973e-01
4.800000e-01 4.668115e-01
4.900000e-01 4.524987e-01
5.000000e-01 4.383712e-01
5.100000e-01 4.244403e-01
5.200000e-01 4.107164e-01
5.300000e-01 3.972095e-01
5.400000e-01 3.839284e-01
5.500000e-01 3.708813e-01
5.600000e-01 3.580755e-01
5.700000e-01 3.455176e-01
5.800000e-01 3.332135e-01
5.900000e-01 3.211684e-01
6.000000e-01 3.093866e-01
6.100000e-01 2.978720e-01
6.200000e-01 2.866277e-01
6.300000e-01 2.756560e-01
6.400000e-01 2.649589e-01
6.500000e-01 2.545375e-01
6.600000e-01 2.443927e-01
6.700000e-01 2.345246e-01
6.800000e-01 2.249329e-01
6.900000e-01 2.156168e-01
7.000000e-01 2.065749e-01
7.100000e-01 1.978057e-01
7.200000e-01 1.893069e-01
7.300000e-01 1.810763e-01
7.400000e-01 1.731110e-01
7.500000e-01 1.654077e-01
7.600000e-01 1.579633e-01
7.700000e-01 1.507738e-01
7.800000e-01 1.438354e-01
7.900000e-01 1.371439e-01
8.000000e-01 1.306949e-01
8.100000e-01 1.244838e-01
8.200000e-01 1.185059e-01
8.300000e-01 1.127563e-01
8.400000e-01 1.072301e-01
8.500000e-01 1.019220e-01
8.600000e-01 9.682688e-02
8.700000e-01 9.193946e-02
8.800000e-01 8.725436e-02
8.900000e-01 8.276619e-02
9.000000e-01 7.846952e-02
9.100000e-01 7.435891e-02
9.200000e-01 7.042888e-02
9.300000e-01 6.667400e-02
9.400000e-01 6.308881e-02
9.500000e-01 5.966791e-02
9.600000e-01 5.640591e-02
9.700000e-01 5.329747e-02
9.800000e-01 5.033732e-02
9.900000e-01 4.752023e-02
1.000000e+00 4.484104e-02
1.010000e+00 4.229467e-02
1.020000e+00 3.987610e-02
1.030000e+00 3.758042e-02
1.040000e+00 3.540281e-02
1.050000e+00 3.333851e-02
1.060000e+00 3.138291e-02
1.070000e+00 2.953145e-02
1.080000e+00 2.777973e-02
1.090000e+00 2.612340e-02
1.100000e+00 2.455828e-02
1.110000e+00 2.308026e-02
1.120000e+00 2.168537e-02
1.130000e+00 2.036975e-02
1.140000e+00 1.912965e-02
1.150000e+00 1.796145e-02
1.160000e+00 1.686165e-02
1.170000e+00 1.582687e-02
1.180000e+00 1.485384e-02
1.190000e+00 1.393942e-02
1.200000e+00 1.308059e-02
1.210000e+00 1.227444e-02
1.220000e+00 1.151819e-02
1.230000e+00 1.080917e-02
1.240000e+00 1.014481e-02
1.250000e+00 9.522686e-03
1.260000e+00 8.940450e-03
1.270000e+00 8.395883e-03
1.280000e+00 7.886864e-03
1.290000e+00 7.411378e-03
1.300000e+00 6.967508e-03
1.310000e+00 6.553435e-03
1.320000e+00 6.167432e-03
1.330000e+00 5.807863e-03
1.340000e+00 5.473178e-03
1.350000e+00 5.161911e-03
1.360000e+00 4.872672e-03
1.370000e+00 4.604149e-03
1.380000e+00 4.355100e-03
1.390000e+00 4.124350e-03
1.400000e+00 3.910788e-03
1.410000e+00 3.713364e-03
1.420000e+00 3.531082e-03
1.430000e+00 3.363001e-03
1.440000e+00 3.208227e-03
1.450000e+00 3.065912e-03
1.460000e+00 2.935253e-03
1.470000e+00 2.815486e-03
1.480000e+00 2.705882e-03
1.490000e+00 2.605751e-03
1.500000e+00 2.514430e-03
1.510000e+00 2.431292e-03
1.520000e+00 2.355735e-03
1.530000e+00 2.287185e-03
1.540000e+00 2.225095e-03
1.550000e+00 2.168940e-03
1.560000e+00 2.118221e-03
1.570000e+00 2.072462e-03
1.580000e+00 2.031206e-03
1.590000e+00 1.994022e-03
1.600000e+00 1.960499e-03
1.610000e+00 1.930246e-03
1.620000e+00 1.902895e-03
1.630000e+00 1.878099e-03
1.640000e+00 1.855532e-03
1.650000e+00 1.834890e-03
1.660000e+00 1.815888e-03
1.670000e+00 1.798265e-03
1.680000e+00 1.781781e-03
1.690000e+00 1.766217e-03
1.700000e+00 1.751376e-03
1.710000e+00 1.737081e-03
1.720000e+00 1.723178e-03
1.730000e+00 1.709532e-03
1.740000e+00 1.696030e-03
1.750000e+00 1.682577e-03
1.760000e+00 1.669102e-03
1.770000e+00 1.655547e-03
1.780000e+00 1.641878e-03
1.790000e+00 1.628074e-03
1.800000e+00 1.614133e-03
1.810000e+00 1.600069e-03
1.820000e+00 1.585909e-03
1.830000e+00 1.571695e-03
1.840000e+00 1.557480e-03
1.850000e+00 1.543330e-03
1.860000e+00 1.529320e-03
1.870000e+00 1.515533e-03
1.880000e+00 1.502060e-03
1.890000e+00 1.488996e-03
1.900000e+00 1.476442e-03
1.910000e+00 1.464501e-03
1.920000e+00 1.453277e-03
1.930000e+00 1.442874e-03
1.940000e+00 1.433392e-03
1.950000e+00 1.424930e-03
1.960000e+00 1.417581e-03
1.970000e+00 1.411431e-03
1.980000e+00 1.406558e-03
1.990000e+00 1.403031e-03
2.000000e+00 1.400909e-03
2.010000e+00 1.400237e-03
2.020000e+00 1.401048e-03
2.030000e+00 1.403363e-03
2.040000e+00 1.407184e-03
2.050000e+00 1.412501e-03
2.060000e+00 1.419287e-03
2.070000e+00 1.427497e-03
2.080000e+00 1.437071e-03
2.090000e+00 1.447931e-03
2.100000e+00 1.459984e-03
2.110000e+00 1.473120e-03
2.120000e+00 1.487213e-03
2.130000e+00 1.502123e-03
2.140000e+00 1.517696e-03
2.150000e+00 1.533764e-03
2.160000e+00 1.550149e-03
2.170000e+00 1.566662e-03
2.180000e+00 1.583107e-03
2.190000e+00 1.599281e-03
2.200000e+00 1.614973e-03
2.210000e+00 1.629973e-03
2.220000e+00 1.644067e-03
2.230000e+00 1.657043e-03
2.240000e+00 1.668692e-03
2.250000e+00 1.678807e-03
2.260000e+00 1.687190e-03
2.270000e+00 1.693651e-03
2.280000e+00 1.698008e-03
2.290000e+00 1.700093e-03
2.300000e+00 1.699749e-03
2.310000e+00 1.696834e-03
2.320000e+00 1.691221e-03
2.330000e+00 1.682801e-03
2.340000e+00 1.671482e-03
2.350000e+00 1.657188e-03
2.360000e+00 1.639864e-03
2.370000e+00 1.619473e-03
2.380000e+00 1.595997e-03
2.390000e+00 1.569437e-03
2.400000e+00 1.539814e-03
2.410000e+00 1.507167e-03
2.420000e+00 1.471551e-03
2.430000e+00 1.433042e-03
2.440000e+00 1.391732e-03
2.450000e+00 1.347726e-03
2.460000e+00 1.301147e-03
2.470000e+00 1.252132e-03
2.480000e+00 1.200828e-03
2.490000e+00 1.147398e-03
2.500000e+00 1.092011e-03
2.510000e+00 1.034849e-03
2.520000e+00 9.760979e-04
2.530000e+00 9.159532e-04
2.540000e+00 8.546141e-04
2.550000e+00 7.922836e-04
2.560000e+00 7.291672e-04
2.570000e+00 6.654712e-04
2.580000e+00 6.014016e-04
2.590000e+00 5.371628e-04
2.600000e+00 4.729560e-04
2.610000e+00 4.089783e-04
2.620000e+00 3.454215e-04
2.630000e+00 2.824709e-04
2.640000e+00 2.203039e-04
2.650000e+00 1.590898e-04
2.660000e+00 9.898822e-05
2.670000e+00 4.014851e-05
2.680000e+00 -1.729085e-05
2.690000e+00 -7.320301e-05
2.700000e+00 -1.274732e-04
2.710000e+00 -1.799991e-04
2.720000e+00 -2.306913e-04
2.730000e+00 -2.794733e-04
2.740000e+00 -3.262816e-04
2.750000e+00 -3.710658e-04
2.760000e+00 -4.137884e-04
2.770000e+00 -4.544246e-04
2.780000e+00 -4.929619e-04
2.790000e+00 -5.293997e-04
2.800000e+00 -5.637489e-04
2.810000e+00 -5.960313e-04
2.820000e+00 -6.262791e-04
2.830000e+00 -6.545341e-04
2.840000e+00 -6.808470e-04
2.850000e+00 -7.052768e-04
2.860000e+00 -7.278900e-04
2.870000e+00 -7.487600e-04
2.880000e+00 -7.679660e-04
2.890000e+00 -7.855930e-04
2.900000e+00 -8.017301e-04
2.910000e+00 -8.164708e-04
2.920000e+00 -8.299118e-04
2.930000e+00 -8.421523e-04
2.940000e+00 -8.532940e-04
2.950000e+00 -8.634398e-04
2.960000e+00 -8.726938e-04
2.970000e+00 -8.811606e-04
2.980000e+00 -8.889446e-04
2.990000e+00 -8.961500e-04
3.000000e+00 -9.028799e-04
3.010000e+00 -9.092362e-04
3.020000e+00 -9.153186e-04
3.030000e+00 -9.212248e-04
3.040000e+00 -9.270495e-04
3.050000e+00 -9.328843e-04
3.060000e+00 -9.388169e-04
3.070000e+00 -9.449307e-04
3.080000e+00 -9.513047e-04
3.090000e+00 -9.580121e-04
3.100000e+00 -9.651208e-04
3.110000e+00 -9.726923e-04
3.120000e+00 -9.807813e-04
3.130000e+00 -9.894355e-04
3.140000e+00 -9.986949e-04
3.150000e+00 -1.008592e-03
3.160000e+00 -1.019151e-03
3.170000e+00 -1.030386e-03
3.180000e+00 -1.042307e-03
3.190000e+00 -1.054911e-03
3.200000e+00 -1.068188e-03
3.210000e+00 -1.082121e-03
3.220000e+00 -1.096683e-03
3.230000e+00 -1.111841e-03
3.240000e+00 -1.127554e-03
3.250000e+00 -1.143775e-03
3.260000e+00 -1.160449e-03
3.270000e+00 -1.177520e-03
3.280000e+00 -1.194923e-03
3.290000e+00 -1.212592e-03
3.300000e+00 -1.230460e-03
3.310000e+00 -1.248454e-03
3.320000e+00 -1.266503e-03
3.330000e+00 -1.284538e-03
3.340000e+00 -1.302486e-03
3.350000e+00 -1.320279e-03
3.360000e+00 -1.337852e-03
3.370000e+00 -1.355141e-03
3.380000e+00 -1.372086e-03
3.390000e+00 -1.388632e-03
3.400000e+00 -1.404728e-03
3.410000e+00 -1.420324e-03
3.420000e+00 -1.435380e-03
3.430000e+00 -1.449854e-03
3.440000e+00 -1.463713e-03
3.450000e+00 -1.476924e-03
3.460000e+00 -1.489459e-03
3.470000e+00 -1.501292e-03
3.480000e+00 -1.512399e-03
3.490000e+00 -1.522757e-03
3.500000e+00 -1.532344e-03
3.510000e+00 -1.541138e-03
3.520000e+00 -1.549118e-03
3.530000e+00 -1.556261e-03
3.540000e+00 -1.562542e-03
3.550000e+00 -1.567936e-03
3.560000e+00 -1.572416e-03
3.570000e+00 -1.575952e-03
3.580000e+00 -1.578513e-03
3.590000e+00 -1.580067e-03
3.600000e+00 -1.580578e-03
3.610000e+00 -1.580012e-03
3.620000e+00 -1.578334e-03
3.630000e+00 -1.575508e-03
3.640000e+00 -1.571499e-03
3.650000e+00 -1.566274e-03
3.660000e+00 -1.559803e-03
3.670000e+00 -1.552059e-03
3.680000e+00 -1.543018e-03
3.690000e+00 -1.532662e-03
3.700000e+00 -1.520978e-03
3.710000e+00 -1.507959e-03
3.720000e+00 -1.493605e-03
3.730000e+00 -1.477924e-03
3.740000e+00 -1.460928e-03
3.750000e+00 -1.442640e-03
3.760000e+00 -1.423088e-03
3.770000e+00 -1.402309e-03
3.780000e+00 -1.380346e-03
3.790000e+00 -1.357246e-03
3.800000e+00 -1.333064e-03
3.810000e+00 -1.307861e-03
3.820000e+00 -1.281698e-03
3.830000e+00 -1.254642e-03
3.840000e+00 -1.226762e-03
3.850000e+00 -1.198125e-03
3.860000e+00 -1.168800e-03
3.870000e+00 -1.138855e-03
3.880000e+00 -1.108356e-03
3.890000e+00 -1.077363e-03
3.900000e+00 -1.045936e-03
3.910000e+00 -1.014128e-03
3.920000e+00 -9.819873e-04
3.930000e+00 -9.495570e-04
3.940000e+00 -9.168740e-04
3.950000e+00 -8.839695e-04
3.960000e+00 -8.508687e-04
3.970000e+00 -8.175913e-04
3.980000e+00 -7.841517e-04
3.990000e+00 -7.505593e-04
4.000000e+00 -7.168197e-04
4.010000e+00 -6.829348e-04
4.020000e+00 -6.489036e-04
4.030000e+00 -6.147237e-04
4.040000e+00 -5.803913e-04
4.050000e+00 -5.459026e-04
4.060000e+00 -5.112546e-04
4.070000e+00 -4.764458e-04
4.080000e+00 -4.414768e-04
4.090000e+00 -4.063513e-04
4.100000e+00 -3.710765e-04
4.110000e+00 -3.356637e-04
4.120000e+00 -3.001286e-04
4.130000e+00 -2.644914e-04
4.140000e+00 -2.287775e-04
4.150000e+00 -1.930170e-04
4.160000e+00 -1.572449e-04
4.170000e+00 -1.215009e-04
4.180000e+00 -8.582941e-05
4.190000e+00 -5.027894e-05
4.200000e+00 -1.490203e-05
4.210000e+00 2.024525e-05
4.220000e+00 5.510359e-05
4.230000e+00 8.961087e-05
4.240000e+00 1.237025e-04
4.250000e+00 1.573119e-04
4.260000e+00 1.903705e-04
4.270000e+00 2.228084e-04
4.280000e+00 2.545545e-04
4.290000e+00 2.855364e-04
4.300000e+00 3.156810e-04
4.310000e+00 3.449144e-04
4.320000e+00 3.731617e-04
4.330000e+00 4.003478e-04
4.340000e+00 4.263965e-04
4.350000e+00 4.512312e-04
4.360000e+00 4.747749e-04
4.370000e+00 4.969498e-04
4.380000e+00 5.176780e-04
4.390000e+00 5.368813e-04
4.400000e+00 5.544815e-04
4.410000e+00 5.704008e-04
4.420000e+00 5.845620e-04
4.430000e+00 5.968892e-04
4.440000e+00 6.073082e-04
4.450000e+00 6.157470e-04
4.460000e+00 6.221370e-04
4.470000e+00 6.264133e-04
4.480000e+00 6.285157e-04
4.490000e+00 6.283900e-04
4.500000e+00 6.259884e-04
4.510000e+00 6.212707e-04
4.520000e+00 6.142055e-04
4.530000e+00 6.047708e-04
4.540000e+00 5.929552e-04
4.550000e+00 5.787585e-04
4.560000e+00 5.621928e-04
4.570000e+00 5.432827e-04
4.580000e+00 5.220663e-04
4.590000e+00 4.985955e-04
4.600000e+00 4.729361e-04
4.610000e+00 4.451680e-04
4.620000e+00 4.153853e-04
4.630000e+00 3.836958e-04
4.640000e+00 3.502208e-04
4.650000e+00 3.150946e-04
4.660000e+00 2.784636e-04
4.670000e+00 2.404858e-04
4.680000e+00 2.013292e-04
4.690000e+00 1.611714e-04
4.700000e+00 1.201979e-04
4.710000e+00 7.860097e-05
4.720000e+00 3.657837e-05
4.730000e+00 -5.668211e-06
4.740000e+00 -4.793453e-05
4.750000e+00 -9.001521e-05
4.760000e+00 -1.317052e-04
4.770000e+00 -1.728014e-04
4.780000e+00 -2.131034e-04
4.790000e+00 -2.524157e-04
4.800000e+00 -2.905483e-04
4.810000e+00 -3.273182e-04
4.820000e+00 -3.625502e-04
4.830000e+00 -3.960783e-04
4.840000e+00 -4.277465e-04
4.850000e+00 -4.574096e-04
4.860000e+00 -4.849338e-04
4.870000e+00 -5.101975e-04
4.880000e+00 -5.330921e-04
4.890000e+00 -5.535222e-04
4.900000e+00 -5.714058e-04
4.910000e+00 -5.866751e-04
4.920000e+00 -5.992766e-04
4.930000e+00 -6.091711e-04
4.940000e+00 -6.163339e-04
4.950000e+00 -6.207548e-04
4.960000e+00 -6.224382e-04
4.970000e+00 -6.214027e-04
4.980000e+00 -6.176812e-04
4.990000e+00 -6.113208e-04
5.000000e+00 -6.023818e-04
5.010000e+00 -5.909381e-04
5.020000e+00 -5.770762e-04
5.030000e+00 -5.608949e-04
5.040000e+00 -5.425045e-04
5.050000e+00 -5.220264e-04
5.060000e+00 -4.995918e-04
5.070000e+00 -4.753414e-04
5.080000e+00 -4.494241e-04
5.090000e+00 -4.219961e-04
5.100000e+00 -3.932196e-04
5.110000e+00 -3.632621e-04
5.120000e+00 -3.322947e-04
5.130000e+00 -3.004910e-04
5.140000e+00 -2.680260e-04
5.150000e+00 -2.350744e-04
5.160000e+00 -2.018097e-04
5.170000e+00 -1.684025e-04
5.180000e+00 -1.350191e-04
5.190000e+00 -1.018205e-04
5.200000e+00 -6.896100e-05
5.210000e+00 -3.658685e-05
5.220000e+00 -4.835205e-06
5.230000e+00 2.616699e-05
5.240000e+00 5.630404e-05
5.250000e+00 8.547238e-05
5.260000e+00 1.135814e-04
5.270000e+00 1.405541e-04
5.280000e+00 1.663277e-04
5.290000e+00 1.908543e-04
5.300000e+00 2.141008e-04
5.310000e+00 2.360495e-04
5.320000e+00 2.566980e-04
5.330000e+00 2.760594e-04
5.340000e+00 2.941617e-04
5.350000e+00 3.110482e-04
5.360000e+00 3.267767e-04
5.370000e+00 3.414191e-04
5.380000e+00 3.550609e-04
5.390000e+00 3.678007e-04
5.400000e+00 3.797490e-04
5.410000e+00 3.910281e-04
5.420000e+00 4.017705e-04
5.430000e+00 4.121184e-04
5.440000e+00 4.222225e-04
5.450000e+00 4.322408e-04
5.460000e+00 4.423379e-04
5.470000e+00 4.526833e-04
5.480000e+00 4.634505e-04
5.490000e+00 4.748156e-04
5.500000e+00 4.869561e-04
5.510000e+00 5.000495e-04
5.520000e+00 5.142720e-04
5.530000e+00 5.297973e-04
5.540000e+00 5.467950e-04
5.550000e+00 5.654293e-04
5.560000e+00 5.858579e-04
5.570000e+00 6.082305e-04
5.580000e+00 6.326876e-04
5.590000e+00 6.593592e-04
5.600000e+00 6.883638e-04
5.610000e+00 7.198071e-04
5.620000e+00 7.537812e-04
5.630000e+00 7.903633e-04
5.640000e+00 8.296154e-04
5.650000e+00 8.715831e-04
5.660000e+00 9.162952e-04
5.670000e+00 9.637632e-04
5.680000e+00 1.013981e-03
5.690000e+00 1.066924e-03
5.700000e+00 1.122550e-03
5.710000e+00 1.180799e-03
5.720000e+00 1.241593e-03
5.730000e+00 1.304837e-03
5.740000e+00 1.370416e-03
5.750000e+00 1.438202e-03
5.760000e+00 1.508050e-03
5.770000e+00 1.579799e-03
5.780000e+00 1.653273e-03
5.790000e+00 1.728284e-03
5.800000e+00 1.804630e-03
5.810000e+00 1.882100e-03
5.820000e+00 1.960470e-03
5.830000e+00 2.039508e-03
5.840000e+00 2.118974e-03
5.850000e+00 2.198619e-03
5.860000e+00 2.278191e-03
5.870000e+00 2.357433e-03
5.880000e+00 2.436083e-03
5.890000e+00 2.513878e-03
5.900000e+00 2.590554e-03
5.910000e+00 2.665847e-03
5.920000e+00 2.739494e-03
5.930000e+00 2.811235e-03
5.940000e+00 2.880814e-03
5.950000e+00 2.947980e-03
5.960000e+00 3.012487e-03
5.970000e+00 3.074097e-03
5.980000e+00 3.132581e-03
5.990000e+00 3.187719e-03
6.000000e+00 3.239301e-03
6.010000e+00 3.287131e-03
6.020000e+00 3.331026e-03
6.030000e+00 3.370815e-03
6.040000e+00 3.406345e-03
6.050000e+00 3.437479e-03
6.060000e+00 3.464097e-03
6.070000e+00 3.486100e-03
6.080000e+00 3.503405e-03
6.090000e+00 3.515954e-03
6.100000e+00 3.523705e-03
6.110000e+00 3.526644e-03
6.120000e+00 3.524774e-03
6.130000e+00 3.518124e-03
6.140000e+00 3.506744e-03
6.150000e+00 3.490708e-03
6.160000e+00 3.470111e-03
6.170000e+00 3.445073e-03
6.180000e+00 3.415731e-03
6.190000e+00 3.382247e-03
6.200000e+00 3.344799e-03
6.210000e+00 3.303585e-03
6.220000e+00 3.258819e-03
6.230000e+00 3.210729e-03
6.240000e+00 3.159559e-03
6.250000e+00 3.105561e-03
6.260000e+00 3.048998e-03
6.270000e+00 2.990139e-03
6.280000e+00 2.929257e-03
6.290000e+00 2.866629e-03
6.300000e+00 2.802532e-03
6.310000e+00 2.737239e-03
6.320000e+00 2.671021e-03
6.330000e+00 2.604140e-03
6.340000e+00 2.536852e-03
6.350000e+00 2.469402e-03
6.360000e+00 2.402024e-03
6.370000e+00 2.334936e-03
6.380000e+00 2.268345e-03
6.390000e+00 2.202441e-03
6.400000e+00 2.137398e-03
6.410000e+00 2.073372e-03
6.420000e+00 2.010504e-03
6.430000e+00 1.948917e-03
6.440000e+00 1.888716e-03
6.450000e+00 1.829989e-03
6.460000e+00 1.772811e-03
6.470000e+00 1.717239e-03
6.480000e+00 1.663313e-03
6.490000e+00 1.611065e-03
6.500000e+00 1.560509e-03
6.510000e+00 1.511650e-03
6.520000e+00 1.464483e-03
6.530000e+00 1.418992e-03
6.540000e+00 1.375155e-03
6.550000e+00 1.332943e-03
6.560000e+00 1.292319e-03
6.570000e+00 1.253246e-03
6.580000e+00 1.215679e-03
6.590000e+00 1.179574e-03
6.600000e+00 1.144885e-03
6.610000e+00 1.111564e-03
6.620000e+00 1.079565e-03
6.630000e+00 1.048840e-03
6.640000e+00 1.019345e-03
6.650000e+00 9.910359e-04
6.660000e+00 9.638718e-04
6.670000e+00 9.378131e-04
6.680000e+00 9.128231e-04
6.690000e+00 8.888675e-04
6.700000e+00 8.659146e-04
6.710000e+00 8.439354e-04
6.720000e+00 8.229034e-04
6.730000e+00 8.027948e-04
6.740000e+00 7.835880e-04
6.750000e+00 7.652639e-04
6.760000e+00 7.478055e-04
6.770000e+00 7.311978e-04
6.780000e+00 7.154277e-04
6.790000e+00 7.004838e-04
6.800000e+00 6.863563e-04
6.810000e+00 6.730369e-04
6.820000e+00 6.605184e-04
6.830000e+00 6.487948e-04
6.840000e+00 6.378610e-04
6.850000e+00 6.277125e-04
6.860000e+00 6.183458e-04
6.870000e+00 6.097576e-04
6.880000e+00 6.019448e-04
6.890000e+00 5.949046e-04
6.900000e+00 5.886343e-04
6.910000e+00 5.831307e-04
6.920000e+00 5.783906e-04
6.930000e+00 5.744101e-04
6.940000e+00 5.711848e-04
6.950000e+00 5.687095e-04
6.960000e+00 5.669780e-04
6.970000e+00 5.659833e-04
6.980000e+00 5.657171e-04
6.990000e+00 5.661699e-04
7.000000e+00 5.673311e-04
7.010000e+00 5.691884e-04
7.020000e+00 5.717283e-04
7.030000e+00 5.749357e-04
7.040000e+00 5.787938e-04
7.050000e+00 5.832844e-04
7.060000e+00 5.883876e-04
7.070000e+00 5.940820e-04
7.080000e+00 6.003442e-04
7.090000e+00 6.071494e-04
7.100000e+00 6.144708e-04
7.110000e+00 6.222800e-04
7.120000e+00 6.305467e-04
7.130000e+00 6.392388e-04
7.140000e+00 6.483222e-04
7.150000e+00 6.577609e-04
7.160000e+00 6.675170e-04
7.170000e+00 6.775502e-04
7.180000e+00 6.878185e-04
7.190000e+00 6.982776e-04
7.200000e+00 7.088809e-04
7.210000e+00 7.195801e-04
7.220000e+00 7.303243e-04
7.230000e+00 7.410611e-04
7.240000e+00 7.517359e-04
7.250000e+00 7.622926e-04
7.260000e+00 7.726734e-04
7.270000e+00 7.828195e-04
7.280000e+00 7.926712e-04
7.290000e+00 8.021683e-04
7.300000e+00 8.112507e-04
7.310000e+00 8.198587e-04
7.320000e+00 8.279338e-04
7.330000e+00 8.354191e-04
7.340000e+00 8.422602e-04
7.350000e+00 8.484055e-04
7.360000e+00 8.538072e-04
7.370000e+00 8.584220e-04
7.380000e+00 8.622115e-04
7.390000e+00 8.651431e-04
7.400000e+00 8.671903e-04
7.410000e+00 8.683335e-04
7.420000e+00 8.685602e-04
7.430000e+00 8.678656e-04
7.440000e+00 8.662524e-04
7.450000e+00 8.637315e-04
7.460000e+00 8.603213e-04
7.470000e+00 8.560480e-04
7.480000e+00 8.509454e-04
7.490000e+00 8.450538e-04
7.500000e+00 8.384202e-04
7.510000e+00 8.310971e-04
7.520000e+00 8.231418e-04
7.530000e+00 8.146156e-04
7.540000e+00 8.055824e-04
7.550000e+00 7.961083e-04
7.560000e+00 7.862597e-04
7.570000e+00 7.761026e-04
7.580000e+00 7.657014e-04
7.590000e+00 7.551178e-04
7.600000e+00 7.444095e-04
7.610000e+00 7.336294e-04
7.620000e+00 7.228248e-04
7.630000e+00 7.120362e-04
7.640000e+00 7.012973e-04
7.650000e+00 6.906339e-04
7.660000e+00 6.800641e-04
7.670000e+00 6.695977e-04
7.680000e+00 6.592366e-04
7.690000e+00 6.489750e-04
7.700000e+00 6.387994e-04
7.710000e+00 6.286897e-04
7.720000e+00 6.186197e-04
7.730000e+00 6.085578e-04
7.740000e+00 5.984683e-04
7.750000e+00 5.883121e-04
7.760000e+00 5.780482e-04
7.770000e+00 5.676350e-04
7.780000e+00 5.570309e-04
7.790000e+00 5.461964e-04
7.800000e+00 5.350945e-04
7.810000e+00 5.236927e-04
7.820000e+00 5.119630e-04
7.830000e+00 4.998841e-04
7.840000e+00 4.874414e-04
7.850000e+00 4.746279e-04
7.860000e+00 4.614451e-04
7.870000e+00 4.479032e-04
7.880000e+00 4.340213e-04
7.890000e+00 4.198277e-04
7.900000e+00 4.053597e-04
7.910000e+00 3.906635e-04
7.920000e+00 3.757938e-04
7.930000e+00 3.608133e-04
7.940000e+00 3.457920e-04
7.950000e+00 3.308064e-04
7.960000e+00 3.159388e-04
7.970000e+00 3.012764e-04
7.980000e+00 2.869101e-04
7.990000e+00 2.729334e-04
8.000000e+00 2.594415e-04
8.010000e+00 2.465302e-04
8.020000e+00 2.342945e-04
8.030000e+00 2.228278e-04
8.040000e+00 2.122206e-04
8.050000e+00 2.025595e-04
8.060000e+00 1.939263e-04
8.070000e+00 1.863970e-04
8.080000e+00 1.800406e-04
8.090000e+00 1.749189e-04
8.100000e+00 1.710853e-04
8.110000e+00 1.685842e-04
8.120000e+00 1.674505e-04
8.130000e+00 1.677089e-04
8.140000e+00 1.693739e-04
8.150000e+00 1.724491e-04
8.160000e+00 1.769270e-04
8.170000e+00 1.827892e-04
8.180000e+00 1.900059e-04
8.190000e+00 1.985361e-04
8.200000e+00 2.083282e-04
8.210000e+00 2.193193e-04
8.220000e+00 2.314366e-04
8.230000e+00 2.445971e-04
8.240000e+00 2.587085e-04
8.250000e+00 2.736698e-04
8.260000e+00 2.893720e-04
8.270000e+00 3.056987e-04
8.280000e+00 3.225277e-04
8.290000e+00 3.397313e-04
8.300000e+00 3.571777e-04
8.310000e+00 3.747321e-04
8.320000e+00 3.922580e-04
8.330000e+00 4.096183e-04
8.340000e+00 4.266764e-04
8.350000e+00 4.432979e-04
8.360000e+00 4.593516e-04
8.370000e+00 4.747107e-04
8.380000e+00 4.892542e-04
8.390000e+00 5.028676e-04
8.400000e+00 5.154446e-04
8.410000e+00 5.268875e-04
8.420000e+00 5.371083e-04
8.430000e+00 5.460294e-04
8.440000e+00 5.535841e-04
8.450000e+00 5.597173e-04
8.460000e+00 5.643854e-04
8.470000e+00 5.675568e-04
8.480000e+00 5.692116e-04
8.490000e+00 5.693417e-04
8.500000e+00 5.679502e-04
8.510000e+00 5.650512e-04
8.520000e+00 5.606691e-04
8.530000e+00 5.548378e-04
8.540000e+00 5.476002e-04
8.550000e+00 5.390070e-04
8.560000e+00 5.291160e-04
8.570000e+00 5.179910e-04
8.580000e+00 5.057011e-04
8.590000e+00 4.923194e-04
8.600000e+00 4.779219e-04
8.610000e+00 4.625873e-04
8.620000e+00 4.463953e-04
8.630000e+00 4.294263e-04
8.640000e+00 4.117606e-04
8.650000e+00 3.934776e-04
8.660000e+00 3.746554e-04
8.670000e+00 3.553704e-04
8.680000e+00 3.356966e-04
8.690000e+00 3.157058e-04
8.700000e+00 2.954669e-04
8.710000e+00 2.750462e-04
8.720000e+00 2.545069e-04
8.730000e+00 2.339095e-04
8.740000e+00 2.133113e-04
8.750000e+00 1.927669e-04
8.760000e+00 1.723278e-04
8.770000e+00 1.520424e-04
8.780000e+00 1.319565e-04
8.790000e+00 1.121124e-04
8.800000e+00 9.254941e-05
8.810000e+00 7.330352e-05
8.820000e+00 5.440705e-05
8.830000e+00 3.588847e-05
8.840000e+00 1.777209e-05
8.850000e+00 7.767174e-08
8.860000e+00 -1.717995e-05
8.870000e+00 -3.399130e-05
8.880000e+00 -5.035273e-05
8.890000e+00 -6.626676e-05
8.900000e+00 -8.174258e-05
8.910000e+00 -9.679632e-05
8.920000e+00 -1.114514e-04
8.930000e+00 -1.257389e-04
8.940000e+00 -1.396973e-04
8.950000e+00 -1.533731e-04
8.960000e+00 -1.668201e-04
8.970000e+00 -1.800998e-04
8.980000e+00 -1.932806e-04
8.990000e+00 -2.064378e-04
9.000000e+00 -2.196524e-04
9.010000e+00 -2.330109e-04
9.020000e+00 -2.466042e-04
9.030000e+00 -2.605266e-04
9.040000e+00 -2.748750e-04
9.050000e+00 -2.897474e-04
9.060000e+00 -3.052419e-04
9.070000e+00 -3.214556e-04
9.080000e+00 -3.384830e-04
9.090000e+00 -3.564148e-04
9.100000e+00 -3.753371e-04
9.110000e+00 -3.953298e-04
9.120000e+00 -4.164654e-04
9.130000e+00 -4.388085e-04
9.140000e+00 -4.624145e-04
9.150000e+00 -4.873291e-04
9.160000e+00 -5.135874e-04
9.170000e+00 -5.412138e-04
9.180000e+00 -5.702213e-04
9.190000e+00 -6.006117e-04
9.200000e+00 -6.323755e-04
9.210000e+00 -6.654918e-04
9.220000e+00 -6.999293e-04
9.230000e+00 -7.356460e-04
9.240000e+00 -7.725904e-04
9.250000e+00 -8.107017e-04
9.260000e+00 -8.499112e-04
9.270000e+00 -8.901425e-04
9.280000e+00 -9.313130e-04
9.290000e+00 -9.733347e-04
9.300000e+00 -1.016115e-03
9.310000e+00 -1.059558e-03
9.320000e+00 -1.103565e-03
9.330000e+00 -1.148038e-03
9.340000e+00 -1.192875e-03
9.350000e+00 -1.237977e-03
9.360000e+00 -1.283246e-03
9.370000e+00 -1.328585e-03
9.380000e+00 -1.373902e-03
9.390000e+00 -1.419105e-03
9.400000e+00 -1.464109e-03
9.410000e+00 -1.508833e-03
9.420000e+00 -1.553199e-03
9.430000e+00 -1.597135e-03
9.440000e+00 -1.640575e-03
9.450000e+00 -1.683459e-03
9.460000e+00 -1.725731e-03
9.470000e+00 -1.767342e-03
9.480000e+00 -1.808248e-03
9.490000e+00 -1.848410e-03
9.500000e+00 -1.887796e-03
9.510000e+00 -1.926378e-03
9.520000e+00 -1.964134e-03
9.530000e+00 -2.001044e-03
9.540000e+00 -2.037097e-03
9.550000e+00 -2.072282e-03
9.560000e+00 -2.106593e-03
9.570000e+00 -2.140027e-03
9.580000e+00 -2.172584e-03
9.590000e+00 -2.204265e-03
9.600000e+00 -2.235073e-03
9.610000e+00 -2.265011e-03
9.620000e+00 -2.294085e-03
9.630000e+00 -2.322298e-03
9.640000e+00 -2.349651e-03
9.650000e+00 -2.376147e-03
9.660000e+00 -2.401783e-03
9.670000e+00 -2.426556e-03
9.680000e+00 -2.450457e-03
9.690000e+00 -2.473475e-03
9.700000e+00 -2.495594e-03
9.710000e+00 -2.516794e-03
9.720000e+00 -2.537048e-03
9.730000e+00 -2.556326e-03
9.740000e+00 -2.574591e-03
9.750000e+00 -2.591803e-03
9.760000e+00 -2.607915e-03
9.770000e+00 -2.622877e-03
9.780000e+00 -2.636633e-03
9.790000e+00 -2.649124e-03
9.800000e+00 -2.660288e-03
9.810000e+00 -2.670062e-03
9.820000e+00 -2.678378e-03
9.830000e+00 -2.685171e-03
9.840000e+00 -2.690375e-03
9.850000e+00 -2.693924e-03
9.860000e+00 -2.695758e-03
9.870000e+00 -2.695817e-03
9.880000e+00 -2.694047e-03
9.890000e+00 -2.690401e-03
9.900000e+00 -2.684837e-03
9.910000e+00 -2.677320e-03
9.920000e+00 -2.667824e-03
9.930000e+00 -2.656332e-03
9.940000e+00 -2.642837e-03
9.950000e+00 -2.627339e-03
9.960000e+00 -2.609852e-03
9.970000e+00 -2.590398e-03
9.980000e+00 -2.569007e-03
9.990000e+00 -2.545723e-03
1.000000e+01 -2.520596e-03
