8.018239e-03 9 2.091971e+04
1.659868e-02 64 1.355434e+04
2.586446e-02 157 1.211882e+04
3.529679e-02 292 9.437239e+03
4.513097e-02 529 7.352704e+03
5.555287e-02 820 6.116073e+03
6.539610e-02 1000 5.647315e+03
7.523297e-02 1483 4.796732e+03
8.527687e-02 1792 3.875590e+03
9.513029e-02 2293 3.219386e+03
1.052419e-01 2848 2.814737e+03
1.151206e-01 3232 2.509256e+03
1.250948e-01 4077 2.279544e+03
1.351559e-01 4552 2.108913e+03
1.451184e-01 5377 1.807491e+03
1.550677e-01 5974 1.661610e+03
1.650359e-01 6976 1.477966e+03
1.750550e-01 7717 1.360882e+03
1.850940e-01 8776 1.279976e+03
1.950993e-01 9553 1.194672e+03
2.050639e-01 10660 1.103125e+03
2.150232e-01 11608 1.039366e+03
2.250206e-01 12937 9.538162e+02
2.351002e-01 14062 8.916448e+02
2.450739e-01 15105 8.319535e+02
2.550522e-01 16492 7.938310e+02
2.650604e-01 17821 7.538965e+02
2.750125e-01 18940 7.088695e+02
2.850269e-01 20836 6.712598e+02
2.950518e-01 21949 6.406783e+02
3.050599e-01 23656 6.074527e+02
3.149891e-01 24727 5.899502e+02
3.250379e-01 27400 5.623109e+02
3.350922e-01 28096 5.346739e+02
3.450584e-01 30337 5.085803e+02
3.550604e-01 31696 4.914778e+02
3.650295e-01 33849 4.749466e+02
3.750722e-01 35800 4.583804e+02
3.850647e-01 37348 4.435425e+02
3.950397e-01 39535 4.257990e+02
4.050307e-01 41452 4.094878e+02
4.150177e-01 43669 3.993291e+02
4.250356e-01 45832 3.892299e+02
4.350008e-01 47524 3.731452e+02
4.450186e-01 50761 3.619837e+02
4.550579e-01 52264 3.538634e+02
4.650571e-01 54973 3.417816e+02
4.750553e-01 56890 3.327714e+02
4.849982e-01 59233 3.224852e+02
4.949997e-01 62460 3.140499e+02
5.050400e-01 64660 3.076368e+02
5.150365e-01 67105 3.001794e+02
5.250511e-01 70108 2.933870e+02
5.350611e-01 72421 2.859546e+02
5.450809e-01 75628 2.774212e+02
5.550666e-01 77374 2.730999e+02
5.650248e-01 80965 2.674138e+02
5.750209e-01 83536 2.616883e+02
5.849943e-01 86509 2.536878e+02
5.950118e-01 90088 2.492545e+02
6.050243e-01 92524 2.455608e+02
6.150021e-01 95685 2.412212e+02
6.250268e-01 99460 2.349917e+02
6.350319e-01 101791 2.307609e+02
6.450443e-01 105940 2.255631e+02
6.550363e-01 108040 2.231589e+02
6.650248e-01 112417 2.181023e+02
6.749918e-01 114172 2.159697e+02
6.849838e-01 119989 2.111110e+02
6.950359e-01 122428 2.072225e+02
7.050021e-01 125049 2.045082e+02
7.150185e-01 130682 2.006490e+02
7.250500e-01 132820 1.983545e+02
7.350461e-01 137169 1.940645e+02
7.450354e-01 139912 1.923075e+02
7.550326e-01 145021 1.888880e+02
7.650453e-01 148000 1.856903e+02
7.750260e-01 151840 1.828737e+02
7.849916e-01 155365 1.807330e+02
7.950130e-01 161410 1.782863e+02
8.050563e-01 164341 1.753574e+02
8.150452e-01 167704 1.735640e+02
8.250456e-01 172960 1.707628e+02
8.350307e-01 175597 1.686375e+02
8.450225e-01 181552 1.663190e+02
8.550387e-01 185185 1.641198e+02
8.650410e-01 189576 1.616135e+02
8.750145e-01 192850 1.593990e+02
8.849866e-01 198481 1.578631e+02
8.950163e-01 203908 1.557811e+02
9.050183e-01 206677 1.539602e+02
9.150119e-01 212440 1.523808e+02
9.250146e-01 216544 1.500200e+02
9.350152e-01 221725 1.483997e+02
9.450189e-01 226024 1.468672e+02
9.550021e-01 230515 1.455921e+02
9.650081e-01 236548 1.440202e+02
9.750165e-01 240697 1.417250e+02
9.850258e-01 246264 1.402765e+02
9.950310e-01 250480 1.392682e+02
