8.018239e-03 9 8.598314e+03
1.659868e-02 64 1.185441e+04
2.586446e-02 157 1.095216e+04
3.529679e-02 292 9.040656e+03
4.513097e-02 529 7.118176e+03
5.555287e-02 820 5.814079e+03
6.539610e-02 1000 5.454765e+03
7.523297e-02 1483 4.614667e+03
8.527687e-02 1792 3.845961e+03
9.513029e-02 2293 3.263076e+03
1.052419e-01 2848 2.712666e+03
1.151206e-01 3232 2.457508e+03
1.250948e-01 4077 2.336111e+03
1.351559e-01 4552 2.121499e+03
1.451184e-01 5377 1.869419e+03
1.550677e-01 5974 1.625408e+03
1.650359e-01 6976 1.493814e+03
1.750550e-01 7717 1.388263e+03
1.850940e-01 8776 1.275501e+03
1.950993e-01 9553 1.177111e+03
2.050639e-01 10660 1.104562e+03
2.150232e-01 11608 1.008234e+03
2.250206e-01 12937 9.554523e+02
2.351002e-01 14062 8.869520e+02
2.450739e-01 15105 8.279477e+02
2.550522e-01 16492 7.950832e+02
2.650604e-01 17821 7.490170e+02
2.750125e-01 18940 7.134324e+02
2.850269e-01 20836 6.706949e+02
2.950518e-01 21949 6.325960e+02
3.050599e-01 23656 6.066239e+02
3.149891e-01 24727 5.834668e+02
3.250379e-01 27400 5.615025e+02
3.350922e-01 28096 5.319137e+02
3.450584e-01 30337 5.117343e+02
3.550604e-01 31696 4.937074e+02
3.650295e-01 33849 4.734975e+02
3.750722e-01 35800 4.538754e+02
3.850647e-01 37348 4.395818e+02
3.950397e-01 39535 4.238242e+02
4.050307e-01 41452 4.099134e+02
4.150177e-01 43669 3.964419e+02
4.250356e-01 45832 3.844794e+02
4.350008e-01 47524 3.756532e+02
4.450186e-01 50761 3.608341e+02
4.550579e-01 52264 3.524540e+02
4.650571e-01 54973 3.416379e+02
4.750553e-01 56890 3.336679e+02
4.849982e-01 59233 3.222453e+02
4.949997e-01 62460 3.151752e+02
5.050400e-01 64660 3.036564e+02
5.150365e-01 67105 2.991663e+02
5.250511e-01 70108 2.909181e+02
5.350611e-01 72421 2.831161e+02
5.450809e-01 75628 2.761850e+02
5.550666e-01 77374 2.702032e+02
5.650248e-01 80965 2.650159e+02
5.750209e-01 83536 2.608272e+02
5.849943e-01 86509 2.556894e+02
5.950118e-01 90088 2.485563e+02
6.050243e-01 92524 2.451949e+02
6.150021e-01 95685 2.399585e+02
6.250268e-01 99460 2.365056e+02
6.350319e-01 101791 2.319057e+02
6.450443e-01 105940 2.261950e+02
6.550363e-01 108040 2.224959e+02
6.650248e-01 112417 2.187227e+02
6.749918e-01 114172 2.154395e+02
6.849838e-01 119989 2.114926e+02
6.950359e-01 122428 2.083069e+02
7.050021e-01 125049 2.037911e+02
7.150185e-01 130682 2.006354e+02
7.250500e-01 132820 1.965886e+02
7.350461e-01 137169 1.951428e+02
7.450354e-01 139912 1.916367e+02
7.550326e-01 145021 1.880404e+02
7.650453e-01 148000 1.855748e+02
7.750260e-01 151840 1.828003e+02
7.849916e-01 155365 1.804701e+02
7.950130e-01 161410 1.774685e+02
8.050563e-01 164341 1.751929e+02
8.150452e-01 167704 1.728483e+02
8.250456e-01 172960 1.702896e+02
8.350307e-01 175597 1.677628e+02
8.450225e-01 181552 1.656177e+02
8.550387e-01 185185 1.633292e+02
8.650410e-01 189576 1.613898e+02
8.750145e-01 192850 1.590871e+02
8.849866e-01 198481 1.574843e+02
8.950163e-01 203908 1.555614e+02
9.050183e-01 206677 1.534626e+02
9.150119e-01 212440 1.524443e+02
9.250146e-01 216544 1.496339e+02
9.350152e-01 221725 1.483066e+02
9.450189e-01 226024 1.469760e+02
9.550021e-01 230515 1.447265e+02
9.650081e-01 236548 1.429886e+02
9.750165e-01 240697 1.416194e+02
9.850258e-01 246264 1.403580e+02
9.950310e-01 250480 1.385301e+02
