8.018239e-03 9 5.972638e+03
1.659868e-02 64 1.454918e+04
2.586446e-02 157 1.167162e+04
3.529679e-02 292 8.910624e+03
4.513097e-02 529 7.331773e+03
5.555287e-02 820 6.108464e+03
6.539610e-02 1000 5.248283e+03
7.523297e-02 1483 4.876503e+03
8.527687e-02 1792 3.986419e+03
9.513029e-02 2293 3.229542e+03
1.052419e-01 2848 2.837388e+03
1.151206e-01 3232 2.442793e+03
1.250948e-01 4077 2.257970e+03
1.351559e-01 4552 2.039789e+03
1.451184e-01 5377 1.866085e+03
1.550677e-01 5974 1.672728e+03
1.650359e-01 6976 1.458782e+03
1.750550e-01 7717 1.355892e+03
1.850940e-01 8776 1.286471e+03
1.950993e-01 9553 1.198512e+03
2.050639e-01 10660 1.112763e+03
2.150232e-01 11608 1.032776e+03
2.250206e-01 12937 9.428105e+02
2.351002e-01 14062 8.898915e+02
2.450739e-01 15105 8.347850e+02
2.550522e-01 16492 7.883376e+02
2.650604e-01 17821 7.463431e+02
2.750125e-01 18940 7.053681e+02
2.850269e-01 20836 6.804749e+02
2.950518e-01 21949 6.469913e+02
3.050599e-01 23656 6.108221e+02
3.149891e-01 24727 5.819396e+02
3.250379e-01 27400 5.549725e+02
3.350922e-01 28096 5.356272e+02
3.450584e-01 30337 5.120369e+02
3.550604e-01 31696 4.860093e+02
3.650295e-01 33849 4.693036e+02
3.750722e-01 35800 4.557466e+02
3.850647e-01 37348 4.429181e+02
3.950397e-01 39535 4.240621e+02
4.050307e-01 41452 4.121479e+02
4.150177e-01 43669 3.986487e+02
4.250356e-01 45832 3.839458e+02
4.350008e-01 47524 3.730125e+02
4.450186e-01 50761 3.623100e+02
4.550579e-01 52264 3.516178e+02
4.650571e-01 54973 3.423967e+02
4.750553e-01 56890 3.319034e+02
4.849982e-01 59233 3.233227e+02
4.949997e-01 62460 3.154790e+02
5.050400e-01 64660 3.066312e+02
5.150365e-01 67105 3.018228e+02
5.250511e-01 70108 2.912503e+02
5.350611e-01 72421 2.839315e+02
5.450809e-01 75628 2.788435e+02
5.550666e-01 77374 2.723604e+02
5.650248e-01 80965 2.664232e+02
5.750209e-01 83536 2.618429e+02
5.849943e-01 86509 2.559987e+02
5.950118e-01 90088 2.502981e+02
6.050243e-01 92524 2.437305e+02
6.150021e-01 95685 2.406283e+02
6.250268e-01 99460 2.347006e+02
6.350319e-01 101791 2.307842e+02
6.450443e-01 105940 2.267880e+02
6.550363e-01 108040 2.224440e+02
6.650248e-01 112417 2.190788e+02
6.749918e-01 114172 2.150124e+02
6.849838e-01 119989 2.115357e+02
6.950359e-01 122428 2.073483e+02
7.050021e-01 125049 2.049612e+02
7.150185e-01 130682 2.007842e+02
7.250500e-01 132820 1.975196e+02
7.350461e-01 137169 1.950676e+02
7.450354e-01 139912 1.917595e+02
7.550326e-01 145021 1.892960e+02
7.650453e-01 148000 1.849377e+02
7.750260e-01 151840 1.829841e+02
7.849916e-01 155365 1.803666e+02
7.950130e-01 161410 1.777268e+02
8.050563e-01 164341 1.741661e+02
8.150452e-01 167704 1.724894e+02
8.250456e-01 172960 1.701241e+02
8.350307e-01 175597 1.678510e+02
8.450225e-01 181552 1.656279e+02
8.550387e-01 185185 1.635441e+02
8.650410e-01 189576 1.623806e+02
8.750145e-01 192850 1.599311e+02
8.849866e-01 198481 1.577793e+02
8.950163e-01 203908 1.556069e+02
9.050183e-01 206677 1.537946e+02
9.150119e-01 212440 1.518251e+02
9.250146e-01 216544 1.497809e+02
9.350152e-01 221725 1.486578e+02
9.450189e-01 226024 1.462935e+02
9.550021e-01 230515 1.454013e+02
9.650081e-01 236548 1.430998e+02
9.750165e-01 240697 1.421444e+02
9.850258e-01 246264 1.401562e+02
9.950310e-01 250480 1.385923e+02
