# sigma2_v 1.026843150025251e+01
0.000000e+00 1.000000e+00
1.000000e-02 9.994867e-01
2.000000e-02 9.979486e-01
3.000000e-02 9.953906e-01
4.000000e-02 9.918213e-01
5.000000e-02 9.872524e-01
6.000000e-02 9.816987e-01
7.000000e-02 9.751784e-01
8.000000e-02 9.677125e-01
9.000000e-02 9.593252e-01
1.000000e-01 9.500431e-01
1.100000e-01 9.398956e-01
1.200000e-01 9.289146e-01
1.300000e-01 9.171342e-01
1.400000e-01 9.045904e-01
1.500000e-01 8.913213e-01
1.600000e-01 8.773666e-01
1.700000e-01 8.627674e-01
1.800000e-01 8.475662e-01
1.900000e-01 8.318062e-01
2.000000e-01 8.155318e-01
2.100000e-01 7.987878e-01
2.200000e-01 7.816194e-01
2.300000e-01 7.640721e-01
2.400000e-01 7.461911e-01
2.500000e-01 7.280217e-01
2.600000e-01 7.096088e-01
2.700000e-01 6.909965e-01
2.800000e-01 6.722282e-01
2.900000e-01 6.533466e-01
3.000000e-01 6.343932e-01
3.100000e-01 6.154084e-01
3.200000e-01 5.964310e-01
3.300000e-01 5.774989e-01
3.400000e-01 5.586480e-01
3.500000e-01 5.399128e-01
3.600000e-01 5.213260e-01
3.700000e-01 5.029187e-01
3.800000e-01 4.847202e-01
3.900000e-01 4.667576e-01
4.000000e-01 4.490566e-01
4.100000e-01 4.316407e-01
4.200000e-01 4.145316e-01
4.300000e-01 3.977490e-01
4.400000e-01 3.813108e-01
4.500000e-01 3.652331e-01
4.600000e-01 3.495300e-01
4.700000e-01 3.342140e-01
4.800000e-01 3.192957e-01
4.900000e-01 3.047840e-01
5.000000e-01 2.906863e-01
5.100000e-01 2.770083e-01
5.200000e-01 2.637541e-01
5.300000e-01 2.509267e-01
5.400000e-01 2.385274e-01
5.500000e-01 2.265564e-01
5.600000e-01 2.150126e-01
5.700000e-01 2.038938e-01
5.800000e-01 1.931967e-01
5.900000e-01 1.829172e-01
6.000000e-01 1.730499e-01
6.100000e-01 1.635891e-01
6.200000e-01 1.545280e-01
6.300000e-01 1.458592e-01
6.400000e-01 1.375747e-01
6.500000e-01 1.296659e-01
6.600000e-01 1.221239e-01
6.700000e-01 1.149392e-01
6.800000e-01 1.081020e-01
6.900000e-01 1.016023e-01
7.000000e-01 9.542980e-02
7.100000e-01 8.957392e-02
7.200000e-01 8.402406e-02
7.300000e-01 7.876951e-02
7.400000e-01 7.379949e-02
7.500000e-01 6.910322e-02
7.600000e-01 6.466996e-02
7.700000e-01 6.048903e-02
7.800000e-01 5.654986e-02
7.900000e-01 5.284201e-02
8.000000e-01 4.935519e-02
8.100000e-01 4.607931e-02
8.200000e-01 4.300447e-02
8.300000e-01 4.012102e-02
8.400000e-01 3.741954e-02
8.500000e-01 3.489086e-02
8.600000e-01 3.252609e-02
8.700000e-01 3.031663e-02
8.800000e-01 2.825417e-02
8.900000e-01 2.633066e-02
9.000000e-01 2.453839e-02
9.100000e-01 2.286992e-02
9.200000e-01 2.131812e-02
9.300000e-01 1.987616e-02
9.400000e-01 1.853749e-02
9.500000e-01 1.729587e-02
9.600000e-01 1.614531e-02
9.700000e-01 1.508013e-02
9.800000e-01 1.409490e-02
9.900000e-01 1.318445e-02
1.000000e+00 1.234389e-02
1.010000e+00 1.156854e-02
1.020000e+00 1.085399e-02
1.030000e+00 1.019603e-02
1.040000e+00 9.590692e-03
1.050000e+00 9.034217e-03
1.060000e+00 8.523048e-03
1.070000e+00 8.053831e-03
1.080000e+00 7.623399e-03
1.090000e+00 7.228773e-03
1.100000e+00 6.867149e-03
1.110000e+00 6.535895e-03
1.120000e+00 6.232544e-03
1.130000e+00 5.954787e-03
1.140000e+00 5.700468e-03
1.150000e+00 5.467579e-03
1.160000e+00 5.254251e-03
1.170000e+00 5.058751e-03
1.180000e+00 4.879477e-03
1.190000e+00 4.714947e-03
1.200000e+00 4.563800e-03
1.210000e+00 4.424786e-03
1.220000e+00 4.296760e-03
1.230000e+00 4.178678e-03
1.240000e+00 4.069592e-03
1.250000e+00 3.968642e-03
1.260000e+00 3.875050e-03
1.270000e+00 3.788116e-03
1.280000e+00 3.707215e-03
1.290000e+00 3.631786e-03
1.300000e+00 3.561330e-03
1.310000e+00 3.495406e-03
1.320000e+00 3.433624e-03
1.330000e+00 3.375643e-03
1.340000e+00 3.321161e-03
1.350000e+00 3.269920e-03
1.360000e+00 3.221693e-03
1.370000e+00 3.176285e-03
1.380000e+00 3.133529e-03
1.390000e+00 3.093280e-03
1.400000e+00 3.055416e-03
1.410000e+00 3.019833e-03
1.420000e+00 2.986440e-03
1.430000e+00 2.955160e-03
1.440000e+00 2.925925e-03
1.450000e+00 2.898678e-03
1.460000e+00 2.873364e-03
1.470000e+00 2.849937e-03
1.480000e+00 2.828350e-03
1.490000e+00 2.808560e-03
1.500000e+00 2.790524e-03
1.510000e+00 2.774200e-03
1.520000e+00 2.759545e-03
1.530000e+00 2.746514e-03
1.540000e+00 2.735061e-03
1.550000e+00 2.725141e-03
1.560000e+00 2.716704e-03
1.570000e+00 2.709704e-03
1.580000e+00 2.704089e-03
1.590000e+00 2.699813e-03
1.600000e+00 2.696824e-03
1.610000e+00 2.695077e-03
1.620000e+00 2.694523e-03
1.630000e+00 2.695118e-03
1.640000e+00 2.696820e-03
1.650000e+00 2.699587e-03
1.660000e+00 2.703381e-03
1.670000e+00 2.708166e-03
1.680000e+00 2.713908e-03
1.690000e+00 2.720575e-03
1.700000e+00 2.728136e-03
1.710000e+00 2.736561e-03
1.720000e+00 2.745821e-03
1.730000e+00 2.755885e-03
1.740000e+00 2.766721e-03
1.750000e+00 2.778297e-03
1.760000e+00 2.790574e-03
1.770000e+00 2.803514e-03
1.780000e+00 2.817069e-03
1.790000e+00 2.831190e-03
1.800000e+00 2.845820e-03
1.810000e+00 2.860895e-03
1.820000e+00 2.876346e-03
1.830000e+00 2.892096e-03
1.840000e+00 2.908059e-03
1.850000e+00 2.924144e-03
1.860000e+00 2.940253e-03
1.870000e+00 2.956279e-03
1.880000e+00 2.972111e-03
1.890000e+00 2.987631e-03
1.900000e+00 3.002717e-03
1.910000e+00 3.017240e-03
1.920000e+00 3.031071e-03
1.930000e+00 3.044078e-03
1.940000e+00 3.056124e-03
1.950000e+00 3.067076e-03
1.960000e+00 3.076800e-03
1.970000e+00 3.085162e-03
1.980000e+00 3.092035e-03
1.990000e+00 3.097291e-03
2.000000e+00 3.100812e-03
2.010000e+00 3.102482e-03
2.020000e+00 3.102197e-03
2.030000e+00 3.099857e-03
2.040000e+00 3.095374e-03
2.050000e+00 3.088671e-03
2.060000e+00 3.079680e-03
2.070000e+00 3.068349e-03
2.080000e+00 3.054635e-03
2.090000e+00 3.038510e-03
2.100000e+00 3.019962e-03
2.110000e+00 2.998990e-03
2.120000e+00 2.975610e-03
2.130000e+00 2.949851e-03
2.140000e+00 2.921758e-03
2.150000e+00 2.891388e-03
2.160000e+00 2.858812e-03
2.170000e+00 2.824113e-03
2.180000e+00 2.787387e-03
2.190000e+00 2.748739e-03
2.200000e+00 2.708283e-03
2.210000e+00 2.666142e-03
2.220000e+00 2.622443e-03
2.230000e+00 2.577320e-03
2.240000e+00 2.530908e-03
2.250000e+00 2.483345e-03
2.260000e+00 2.434767e-03
2.270000e+00 2.385310e-03
2.280000e+00 2.335106e-03
2.290000e+00 2.284282e-03
2.300000e+00 2.232962e-03
2.310000e+00 2.181261e-03
2.320000e+00 2.129289e-03
2.330000e+00 2.077147e-03
2.340000e+00 2.024930e-03
2.350000e+00 1.972723e-03
2.360000e+00 1.920606e-03
2.370000e+00 1.868651e-03
2.380000e+00 1.816921e-03
2.390000e+00 1.765476e-03
2.400000e+00 1.714370e-03
2.410000e+00 1.663651e-03
2.420000e+00 1.613364e-03
2.430000e+00 1.563553e-03
2.440000e+00 1.514256e-03
2.450000e+00 1.465515e-03
2.460000e+00 1.417366e-03
2.470000e+00 1.369850e-03
2.480000e+00 1.323007e-03
2.490000e+00 1.276876e-03
2.500000e+00 1.231500e-03
2.510000e+00 1.186923e-03
2.520000e+00 1.143190e-03
2.530000e+00 1.100347e-03
2.540000e+00 1.058443e-03
2.550000e+00 1.017524e-03
2.560000e+00 9.776415e-04
2.570000e+00 9.388427e-04
2.580000e+00 9.011760e-04
2.590000e+00 8.646881e-04
2.600000e+00 8.294237e-04
2.610000e+00 7.954249e-04
2.620000e+00 7.627304e-04
2.630000e+00 7.313746e-04
2.640000e+00 7.013876e-04
2.650000e+00 6.727935e-04
2.660000e+00 6.456106e-04
2.670000e+00 6.198504e-04
2.680000e+00 5.955170e-04
2.690000e+00 5.726066e-04
2.700000e+00 5.511071e-04
2.710000e+00 5.309976e-04
2.720000e+00 5.122483e-04
2.730000e+00 4.948199e-04
2.740000e+00 4.786642e-04
2.750000e+00 4.637234e-04
2.760000e+00 4.499306e-04
2.770000e+00 4.372106e-04
2.780000e+00 4.254796e-04
2.790000e+00 4.146465e-04
2.800000e+00 4.046136e-04
2.810000e+00 3.952776e-04
2.820000e+00 3.865307e-04
2.830000e+00 3.782623e-04
2.840000e+00 3.703601e-04
2.850000e+00 3.627116e-04
2.860000e+00 3.552062e-04
2.870000e+00 3.477367e-04
2.880000e+00 3.402004e-04
2.890000e+00 3.325018e-04
2.900000e+00 3.245530e-04
2.910000e+00 3.162761e-04
2.920000e+00 3.076038e-04
2.930000e+00 2.984805e-04
2.940000e+00 2.888635e-04
2.950000e+00 2.787232e-04
2.960000e+00 2.680435e-04
2.970000e+00 2.568217e-04
2.980000e+00 2.450685e-04
2.990000e+00 2.328071e-04
3.000000e+00 2.200728e-04
3.010000e+00 2.069116e-04
3.020000e+00 1.933793e-04
3.030000e+00 1.795401e-04
3.040000e+00 1.654651e-04
3.050000e+00 1.512309e-04
3.060000e+00 1.369179e-04
3.070000e+00 1.226093e-04
3.080000e+00 1.083893e-04
3.090000e+00 9.434188e-05
3.100000e+00 8.054999e-05
3.110000e+00 6.709435e-05
3.120000e+00 5.405279e-05
3.130000e+00 4.149967e-05
3.140000e+00 2.950551e-05
3.150000e+00 1.813677e-05
3.160000e+00 7.455774e-06
3.170000e+00 -2.479193e-06
3.180000e+00 -1.161376e-05
3.190000e+00 -1.989725e-05
3.200000e+00 -2.728243e-05
3.210000e+00 -3.372531e-05
3.220000e+00 -3.918493e-05
3.230000e+00 -4.362326e-05
3.240000e+00 -4.700514e-05
3.250000e+00 -4.929837e-05
3.260000e+00 -5.047386e-05
3.270000e+00 -5.050590e-05
3.280000e+00 -4.937250e-05
3.290000e+00 -4.705581e-05
3.300000e+00 -4.354259e-05
3.310000e+00 -3.882466e-05
3.320000e+00 -3.289937e-05
3.330000e+00 -2.576997e-05
3.340000e+00 -1.744594e-05
3.350000e+00 -7.943138e-06
3.360000e+00 2.716128e-06
3.370000e+00 1.450324e-05
3.380000e+00 2.738357e-05
3.390000e+00 4.131693e-05
3.400000e+00 5.625821e-05
3.410000e+00 7.215820e-05
3.420000e+00 8.896439e-05
3.430000e+00 1.066221e-04
3.440000e+00 1.250753e-04
3.450000e+00 1.442678e-04
3.460000e+00 1.641441e-04
3.470000e+00 1.846505e-04
3.480000e+00 2.057354e-04
3.490000e+00 2.273500e-04
3.500000e+00 2.494488e-04
3.510000e+00 2.719894e-04
3.520000e+00 2.949323e-04
3.530000e+00 3.182408e-04
3.540000e+00 3.418795e-04
3.550000e+00 3.658144e-04
3.560000e+00 3.900109e-04
3.570000e+00 4.144332e-04
3.580000e+00 4.390423e-04
3.590000e+00 4.637953e-04
3.600000e+00 4.886439e-04
3.610000e+00 5.135331e-04
3.620000e+00 5.384004e-04
3.630000e+00 5.631747e-04
3.640000e+00 5.877765e-04
3.650000e+00 6.121175e-04
3.660000e+00 6.361006e-04
3.670000e+00 6.596209e-04
3.680000e+00 6.825670e-04
3.690000e+00 7.048217e-04
3.700000e+00 7.262644e-04
3.710000e+00 7.467727e-04
3.720000e+00 7.662248e-04
3.730000e+00 7.845019e-04
3.740000e+00 8.014905e-04
3.750000e+00 8.170849e-04
3.760000e+00 8.311893e-04
3.770000e+00 8.437204e-04
3.780000e+00 8.546085e-04
3.790000e+00 8.637995e-04
3.800000e+00 8.712558e-04
3.810000e+00 8.769569e-04
3.820000e+00 8.808997e-04
3.830000e+00 8.830983e-04
3.840000e+00 8.835828e-04
3.850000e+00 8.823985e-04
3.860000e+00 8.796043e-04
3.870000e+00 8.752707e-04
3.880000e+00 8.694776e-04
3.890000e+00 8.623120e-04
3.900000e+00 8.538654e-04
3.910000e+00 8.442317e-04
3.920000e+00 8.335043e-04
3.930000e+00 8.217741e-04
3.940000e+00 8.091277e-04
3.950000e+00 7.956453e-04
3.960000e+00 7.813995e-04
3.970000e+00 7.664543e-04
3.980000e+00 7.508647e-04
3.990000e+00 7.346760e-04
4.000000e+00 7.179246e-04
4.010000e+00 7.006382e-04
4.020000e+00 6.828371e-04
4.030000e+00 6.645350e-04
4.040000e+00 6.457408e-04
4.050000e+00 6.264601e-04
4.060000e+00 6.066969e-04
4.070000e+00 5.864555e-04
4.080000e+00 5.657422e-04
4.090000e+00 5.445667e-04
4.100000e+00 5.229441e-04
4.110000e+00 5.008957e-04
4.120000e+00 4.784504e-04
4.130000e+00 4.556452e-04
4.140000e+00 4.325261e-04
4.150000e+00 4.091478e-04
4.160000e+00 3.855743e-04
4.170000e+00 3.618778e-04
4.180000e+00 3.381390e-04
4.190000e+00 3.144452e-04
4.200000e+00 2.908903e-04
4.210000e+00 2.675731e-04
4.220000e+00 2.445958e-04
4.230000e+00 2.220631e-04
4.240000e+00 2.000803e-04
4.250000e+00 1.787519e-04
4.260000e+00 1.581803e-04
4.270000e+00 1.384641e-04
4.280000e+00 1.196967e-04
4.290000e+00 1.019650e-04
4.300000e+00 8.534823e-05
4.310000e+00 6.991659e-05
4.320000e+00 5.573047e-05
4.330000e+00 4.283941e-05
4.340000e+00 3.128138e-05
4.350000e+00 2.108220e-05
4.360000e+00 1.225508e-05
4.370000e+00 4.800386e-06
4.380000e+00 -1.294466e-06
4.390000e+00 -6.054879e-06
4.400000e+00 -9.518780e-06
4.410000e+00 -1.173610e-05
4.420000e+00 -1.276806e-05
4.430000e+00 -1.268624e-05
4.440000e+00 -1.157142e-05
4.450000e+00 -9.512289e-06
4.460000e+00 -6.603879e-06
4.470000e+00 -2.945908e-06
4.480000e+00 1.359057e-06
4.490000e+00 6.207542e-06
4.500000e+00 1.149717e-05
4.510000e+00 1.712873e-05
4.520000e+00 2.300816e-05
4.530000e+00 2.904857e-05
4.540000e+00 3.517209e-05
4.550000e+00 4.131155e-05
4.560000e+00 4.741199e-05
4.570000e+00 5.343194e-05
4.580000e+00 5.934432e-05
4.590000e+00 6.513713e-05
4.600000e+00 7.081377e-05
4.610000e+00 7.639298e-05
4.620000e+00 8.190846e-05
4.630000e+00 8.740819e-05
4.640000e+00 9.295332e-05
4.650000e+00 9.861693e-05
4.660000e+00 1.044824e-04
4.670000e+00 1.106417e-04
4.680000e+00 1.171934e-04
4.690000e+00 1.242405e-04
4.700000e+00 1.318890e-04
4.710000e+00 1.402451e-04
4.720000e+00 1.494135e-04
4.730000e+00 1.594959e-04
4.740000e+00 1.705889e-04
4.750000e+00 1.827827e-04
4.760000e+00 1.961597e-04
4.770000e+00 2.107939e-04
4.780000e+00 2.267494e-04
4.790000e+00 2.440804e-04
4.800000e+00 2.628309e-04
4.810000e+00 2.830338e-04
4.820000e+00 3.047119e-04
4.830000e+00 3.278774e-04
4.840000e+00 3.525323e-04
4.850000e+00 3.786687e-04
4.860000e+00 4.062691e-04
4.870000e+00 4.353069e-04
4.880000e+00 4.657463e-04
4.890000e+00 4.975431e-04
4.900000e+00 5.306443e-04
4.910000e+00 5.649885e-04
4.920000e+00 6.005063e-04
4.930000e+00 6.371195e-04
4.940000e+00 6.747419e-04
4.950000e+00 7.132789e-04
4.960000e+00 7.526277e-04
4.970000e+00 7.926772e-04
4.980000e+00 8.333080e-04
4.990000e+00 8.743933e-04
5.000000e+00 9.157987e-04
5.010000e+00 9.573828e-04
5.020000e+00 9.989983e-04
5.030000e+00 1.040492e-03
5.040000e+00 1.081708e-03
5.050000e+00 1.122485e-03
5.060000e+00 1.162662e-03
5.070000e+00 1.202076e-03
5.080000e+00 1.240566e-03
5.090000e+00 1.277972e-03
5.100000e+00 1.314140e-03
5.110000e+00 1.348921e-03
5.120000e+00 1.382170e-03
5.130000e+00 1.413753e-03
5.140000e+00 1.443542e-03
5.150000e+00 1.471421e-03
5.160000e+00 1.497282e-03
5.170000e+00 1.521029e-03
5.180000e+00 1.542576e-03
5.190000e+00 1.561848e-03
5.200000e+00 1.578781e-03
5.210000e+00 1.593322e-03
5.220000e+00 1.605427e-03
5.230000e+00 1.615064e-03
5.240000e+00 1.622208e-03
5.250000e+00 1.626847e-03
5.260000e+00 1.628975e-03
5.270000e+00 1.628596e-03
5.280000e+00 1.625724e-03
5.290000e+00 1.620382e-03
5.300000e+00 1.612601e-03
5.310000e+00 1.602424e-03
5.320000e+00 1.589905e-03
5.330000e+00 1.575107e-03
5.340000e+00 1.558107e-03
5.350000e+00 1.538993e-03
5.360000e+00 1.517866e-03
5.370000e+00 1.494844e-03
5.380000e+00 1.470055e-03
5.390000e+00 1.443642e-03
5.400000e+00 1.415765e-03
5.410000e+00 1.386594e-03
5.420000e+00 1.356314e-03
5.430000e+00 1.325120e-03
5.440000e+00 1.293218e-03
5.450000e+00 1.260823e-03
5.460000e+00 1.228155e-03
5.470000e+00 1.195440e-03
5.480000e+00 1.162902e-03
5.490000e+00 1.130765e-03
5.500000e+00 1.099251e-03
5.510000e+00 1.068571e-03
5.520000e+00 1.038928e-03
5.530000e+00 1.010512e-03
5.540000e+00 9.834973e-04
5.550000e+00 9.580426e-04
5.560000e+00 9.342861e-04
5.570000e+00 9.123458e-04
5.580000e+00 8.923185e-04
5.590000e+00 8.742785e-04
5.600000e+00 8.582781e-04
5.610000e+00 8.443473e-04
5.620000e+00 8.324947e-04
5.630000e+00 8.227081e-04
5.640000e+00 8.149559e-04
5.650000e+00 8.091886e-04
5.660000e+00 8.053398e-04
5.670000e+00 8.033285e-04
5.680000e+00 8.030603e-04
5.690000e+00 8.044293e-04
5.700000e+00 8.073192e-04
5.710000e+00 8.116052e-04
5.720000e+00 8.171550e-04
5.730000e+00 8.238298e-04
5.740000e+00 8.314854e-04
5.750000e+00 8.399728e-04
5.760000e+00 8.491388e-04
5.770000e+00 8.588265e-04
5.780000e+00 8.688755e-04
5.790000e+00 8.791228e-04
5.800000e+00 8.894026e-04
5.810000e+00 8.995469e-04
5.820000e+00 9.093862e-04
5.830000e+00 9.187503e-04
5.840000e+00 9.274687e-04
5.850000e+00 9.353722e-04
5.860000e+00 9.422939e-04
5.870000e+00 9.480710e-04
5.880000e+00 9.525459e-04
5.890000e+00 9.555688e-04
5.900000e+00 9.569991e-04
5.910000e+00 9.567078e-04
5.920000e+00 9.545796e-04
5.930000e+00 9.505144e-04
5.940000e+00 9.444301e-04
5.950000e+00 9.362636e-04
5.960000e+00 9.259730e-04
5.970000e+00 9.135381e-04
5.980000e+00 8.989622e-04
5.990000e+00 8.822721e-04
6.000000e+00 8.635185e-04
6.010000e+00 8.427758e-04
6.020000e+00 8.201415e-04
6.030000e+00 7.957355e-04
6.040000e+00 7.696984e-04
6.050000e+00 7.421902e-04
6.060000e+00 7.133882e-04
6.070000e+00 6.834853e-04
6.080000e+00 6.526874e-04
6.090000e+00 6.212110e-04
6.100000e+00 5.892813e-04
6.110000e+00 5.571290e-04
6.120000e+00 5.249887e-04
6.130000e+00 4.930960e-04
6.140000e+00 4.616856e-04
6.150000e+00 4.309891e-04
6.160000e+00 4.012331e-04
6.170000e+00 3.726372e-04
6.180000e+00 3.454126e-04
6.190000e+00 3.197602e-04
6.200000e+00 2.958692e-04
6.210000e+00 2.739157e-04
6.220000e+00 2.540615e-04
6.230000e+00 2.364526e-04
6.240000e+00 2.212180e-04
6.250000e+00 2.084684e-04
6.260000e+00 1.982954e-04
6.270000e+00 1.907699e-04
6.280000e+00 1.859415e-04
6.290000e+00 1.838372e-04
6.300000e+00 1.844607e-04
6.310000e+00 1.877919e-04
6.320000e+00 1.937862e-04
6.330000e+00 2.023745e-04
6.340000e+00 2.134634e-04
6.350000e+00 2.269352e-04
6.360000e+00 2.426492e-04
6.370000e+00 2.604424e-04
6.380000e+00 2.801315e-04
6.390000e+00 3.015145e-04
6.400000e+00 3.243731e-04
6.410000e+00 3.484755e-04
6.420000e+00 3.735791e-04
6.430000e+00 3.994339e-04
6.440000e+00 4.257857e-04
6.450000e+00 4.523796e-04
6.460000e+00 4.789636e-04
6.470000e+00 5.052918e-04
6.480000e+00 5.311275e-04
6.490000e+00 5.562466e-04
6.500000e+00 5.804398e-04
6.510000e+00 6.035151e-04
6.520000e+00 6.252994e-04
6.530000e+00 6.456401e-04
6.540000e+00 6.644056e-04
6.550000e+00 6.814857e-04
6.560000e+00 6.967912e-04
6.570000e+00 7.102537e-04
6.580000e+00 7.218238e-04
6.590000e+00 7.314699e-04
6.600000e+00 7.391765e-04
6.610000e+00 7.449423e-04
6.620000e+00 7.487774e-04
6.630000e+00 7.507020e-04
6.640000e+00 7.507438e-04
6.650000e+00 7.489357e-04
6.660000e+00 7.453149e-04
6.670000e+00 7.399205e-04
6.680000e+00 7.327925e-04
6.690000e+00 7.239712e-04
6.700000e+00 7.134962e-04
6.710000e+00 7.014065e-04
6.720000e+00 6.877404e-04
6.730000e+00 6.725357e-04
6.740000e+00 6.558310e-04
6.750000e+00 6.376655e-04
6.760000e+00 6.180809e-04
6.770000e+00 5.971217e-04
6.780000e+00 5.748363e-04
6.790000e+00 5.512783e-04
6.800000e+00 5.265066e-04
6.810000e+00 5.005865e-04
6.820000e+00 4.735898e-04
6.830000e+00 4.455952e-04
6.840000e+00 4.166878e-04
6.850000e+00 3.869591e-04
6.860000e+00 3.565061e-04
6.870000e+00 3.254309e-04
6.880000e+00 2.938392e-04
6.890000e+00 2.618400e-04
6.900000e+00 2.295438e-04
6.910000e+00 1.970617e-04
6.920000e+00 1.645046e-04
6.930000e+00 1.319819e-04
6.940000e+00 9.960068e-05
6.950000e+00 6.746541e-05
6.960000e+00 3.567713e-05
6.970000e+00 4.333422e-06
6.980000e+00 -2.647161e-05
6.990000e+00 -5.664714e-05
7.000000e+00 -8.610516e-05
7.010000e+00 -1.147600e-04
7.020000e+00 -1.425275e-04
7.030000e+00 -1.693246e-04
7.040000e+00 -1.950681e-04
7.050000e+00 -2.196745e-04
7.060000e+00 -2.430591e-04
7.070000e+00 -2.651353e-04
7.080000e+00 -2.858151e-04
7.090000e+00 -3.050085e-04
7.100000e+00 -3.226238e-04
7.110000e+00 -3.385681e-04
7.120000e+00 -3.527483e-04
7.130000e+00 -3.650718e-04
7.140000e+00 -3.754481e-04
7.150000e+00 -3.837896e-04
7.160000e+00 -3.900138e-04
7.170000e+00 -3.940446e-04
7.180000e+00 -3.958139e-04
7.190000e+00 -3.952635e-04
7.200000e+00 -3.923466e-04
7.210000e+00 -3.870290e-04
7.220000e+00 -3.792904e-04
7.230000e+00 -3.691255e-04
7.240000e+00 -3.565447e-04
7.250000e+00 -3.415741e-04
7.260000e+00 -3.242562e-04
7.270000e+00 -3.046494e-04
7.280000e+00 -2.828276e-04
7.290000e+00 -2.588791e-04
7.300000e+00 -2.329064e-04
7.310000e+00 -2.050241e-04
7.320000e+00 -1.753584e-04
7.330000e+00 -1.440451e-04
7.340000e+00 -1.112285e-04
7.350000e+00 -7.705956e-05
7.360000e+00 -4.169496e-05
7.370000e+00 -5.295332e-06
7.380000e+00 3.197584e-05
7.390000e+00 6.995334e-05
7.400000e+00 1.084712e-04
7.410000e+00 1.473635e-04
7.420000e+00 1.864652e-04
7.430000e+00 2.256123e-04
7.440000e+00 2.646430e-04
7.450000e+00 3.033972e-04
7.460000e+00 3.417174e-04
7.470000e+00 3.794488e-04
7.480000e+00 4.164396e-04
7.490000e+00 4.525412e-04
7.500000e+00 4.876086e-04
7.510000e+00 5.215009e-04
7.520000e+00 5.540817e-04
7.530000e+00 5.852199e-04
7.540000e+00 6.147903e-04
7.550000e+00 6.426742e-04
7.560000e+00 6.687606e-04
7.570000e+00 6.929469e-04
7.580000e+00 7.151397e-04
7.590000e+00 7.352558e-04
7.600000e+00 7.532233e-04
7.610000e+00 7.689817e-04
7.620000e+00 7.824833e-04
7.630000e+00 7.936930e-04
7.640000e+00 8.025891e-04
7.650000e+00 8.091632e-04
7.660000e+00 8.134200e-04
7.670000e+00 8.153771e-04
7.680000e+00 8.150647e-04
7.690000e+00 8.125242e-04
7.700000e+00 8.078080e-04
7.710000e+00 8.009782e-04
7.720000e+00 7.921048e-04
7.730000e+00 7.812654e-04
7.740000e+00 7.685427e-04
7.750000e+00 7.540242e-04
7.760000e+00 7.377996e-04
7.770000e+00 7.199606e-04
7.780000e+00 7.005988e-04
7.790000e+00 6.798048e-04
7.800000e+00 6.576673e-04
7.810000e+00 6.342723e-04
7.820000e+00 6.097021e-04
7.830000e+00 5.840350e-04
7.840000e+00 5.573454e-04
7.850000e+00 5.297028e-04
7.860000e+00 5.011727e-04
7.870000e+00 4.718164e-04
7.880000e+00 4.416914e-04
7.890000e+00 4.108521e-04
7.900000e+00 3.793500e-04
7.910000e+00 3.472345e-04
7.920000e+00 3.145536e-04
7.930000e+00 2.813548e-04
7.940000e+00 2.476851e-04
7.950000e+00 2.135924e-04
7.960000e+00 1.791257e-04
7.970000e+00 1.443356e-04
7.980000e+00 1.092750e-04
7.990000e+00 7.399931e-05
8.000000e+00 3.856651e-05
8.010000e+00 3.037666e-06
8.020000e+00 -3.252324e-05
8.030000e+00 -6.804930e-05
8.040000e+00 -1.034709e-04
8.050000e+00 -1.387158e-04
8.060000e+00 -1.737097e-04
8.070000e+00 -2.083768e-04
8.080000e+00 -2.426396e-04
8.090000e+00 -2.764205e-04
8.100000e+00 -3.096416e-04
8.110000e+00 -3.422259e-04
8.120000e+00 -3.740975e-04
8.130000e+00 -4.051830e-04
8.140000e+00 -4.354115e-04
8.150000e+00 -4.647160e-04
8.160000e+00 -4.930334e-04
8.170000e+00 -5.203056e-04
8.180000e+00 -5.464800e-04
8.190000e+00 -5.715097e-04
8.200000e+00 -5.953542e-04
8.210000e+00 -6.179796e-04
8.220000e+00 -6.393588e-04
8.230000e+00 -6.594713e-04
8.240000e+00 -6.783035e-04
8.250000e+00 -6.958484e-04
8.260000e+00 -7.121049e-04
8.270000e+00 -7.270781e-04
8.280000e+00 -7.407780e-04
8.290000e+00 -7.532195e-04
8.300000e+00 -7.644212e-04
8.310000e+00 -7.744051e-04
8.320000e+00 -7.831955e-04
8.330000e+00 -7.908186e-04
8.340000e+00 -7.973014e-04
8.350000e+00 -8.026713e-04
8.360000e+00 -8.069555e-04
8.370000e+00 -8.101800e-04
8.380000e+00 -8.123700e-04
8.390000e+00 -8.135490e-04
8.400000e+00 -8.137387e-04
8.410000e+00 -8.129592e-04
8.420000e+00 -8.112286e-04
8.430000e+00 -8.085637e-04
8.440000e+00 -8.049797e-04
8.450000e+00 -8.004910e-04
8.460000e+00 -7.951108e-04
8.470000e+00 -7.888522e-04
8.480000e+00 -7.817280e-04
8.490000e+00 -7.737512e-04
8.500000e+00 -7.649347e-04
8.510000e+00 -7.552923e-04
8.520000e+00 -7.448377e-04
8.530000e+00 -7.335849e-04
8.540000e+00 -7.215480e-04
8.550000e+00 -7.087402e-04
8.560000e+00 -6.951741e-04
8.570000e+00 -6.808606e-04
8.580000e+00 -6.658084e-04
8.590000e+00 -6.500233e-04
8.600000e+00 -6.335076e-04
8.610000e+00 -6.162596e-04
8.620000e+00 -5.982726e-04
8.630000e+00 -5.795351e-04
8.640000e+00 -5.600301e-04
8.650000e+00 -5.397355e-04
8.660000e+00 -5.186239e-04
8.670000e+00 -4.966632e-04
8.680000e+00 -4.738175e-04
8.690000e+00 -4.500477e-04
8.700000e+00 -4.253131e-04
8.710000e+00 -3.995724e-04
8.720000e+00 -3.727859e-04
8.730000e+00 -3.449168e-04
8.740000e+00 -3.159332e-04
8.750000e+00 -2.858103e-04
8.760000e+00 -2.545320e-04
8.770000e+00 -2.220929e-04
8.780000e+00 -1.885003e-04
8.790000e+00 -1.537750e-04
8.800000e+00 -1.179535e-04
8.810000e+00 -8.108831e-05
8.820000e+00 -4.324876e-05
8.830000e+00 -4.521452e-06
8.840000e+00 3.498999e-05
8.850000e+00 7.516537e-05
8.860000e+00 1.158688e-04
8.870000e+00 1.569498e-04
8.880000e+00 1.982450e-04
8.890000e+00 2.395800e-04
8.900000e+00 2.807712e-04
8.910000e+00 3.216282e-04
8.920000e+00 3.619561e-04
8.930000e+00 4.015582e-04
8.940000e+00 4.402379e-04
8.950000e+00 4.778013e-04
8.960000e+00 5.140596e-04
8.970000e+00 5.488307e-04
8.980000e+00 5.819417e-04
8.990000e+00 6.132296e-04
9.000000e+00 6.425437e-04
9.010000e+00 6.697456e-04
9.020000e+00 6.947110e-04
9.030000e+00 7.173293e-04
9.040000e+00 7.375048e-04
9.050000e+00 7.551560e-04
9.060000e+00 7.702160e-04
9.070000e+00 7.826321e-04
9.080000e+00 7.923652e-04
9.090000e+00 7.993897e-04
9.100000e+00 8.036928e-04
9.110000e+00 8.052738e-04
9.120000e+00 8.041441e-04
9.130000e+00 8.003261e-04
9.140000e+00 7.938533e-04
9.150000e+00 7.847697e-04
9.160000e+00 7.731294e-04
9.170000e+00 7.589967e-04
9.180000e+00 7.424456e-04
9.190000e+00 7.235598e-04
9.200000e+00 7.024328e-04
9.210000e+00 6.791671e-04
9.220000e+00 6.538750e-04
9.230000e+00 6.266776e-04
9.240000e+00 5.977050e-04
9.250000e+00 5.670961e-04
9.260000e+00 5.349976e-04
9.270000e+00 5.015640e-04
9.280000e+00 4.669568e-04
9.290000e+00 4.313437e-04
9.300000e+00 3.948977e-04
9.310000e+00 3.577962e-04
9.320000e+00 3.202198e-04
9.330000e+00 2.823509e-04
9.340000e+00 2.443731e-04
9.350000e+00 2.064692e-04
9.360000e+00 1.688199e-04
9.370000e+00 1.316031e-04
9.380000e+00 9.499152e-05
9.390000e+00 5.915224e-05
9.400000e+00 2.424490e-05
9.410000e+00 -9.579363e-06
9.420000e+00 -4.217911e-05
9.430000e+00 -7.342364e-05
9.440000e+00 -1.031940e-04
9.450000e+00 -1.313837e-04
9.460000e+00 -1.578997e-04
9.470000e+00 -1.826628e-04
9.480000e+00 -2.056079e-04
9.490000e+00 -2.266851e-04
9.500000e+00 -2.458589e-04
9.510000e+00 -2.631088e-04
9.520000e+00 -2.784293e-04
9.530000e+00 -2.918294e-04
9.540000e+00 -3.033321e-04
9.550000e+00 -3.129743e-04
9.560000e+00 -3.208060e-04
9.570000e+00 -3.268891e-04
9.580000e+00 -3.312974e-04
9.590000e+00 -3.341146e-04
9.600000e+00 -3.354341e-04
9.610000e+00 -3.353572e-04
9.620000e+00 -3.339924e-04
9.630000e+00 -3.314538e-04
9.640000e+00 -3.278597e-04
9.650000e+00 -3.233321e-04
9.660000e+00 -3.179946e-04
9.670000e+00 -3.119715e-04
9.680000e+00 -3.053870e-04
9.690000e+00 -2.983637e-04
9.700000e+00 -2.910219e-04
9.710000e+00 -2.834787e-04
9.720000e+00 -2.758472e-04
9.730000e+00 -2.682360e-04
9.740000e+00 -2.607485e-04
9.750000e+00 -2.534827e-04
9.760000e+00 -2.465307e-04
9.770000e+00 -2.399783e-04
9.780000e+00 -2.339054e-04
9.790000e+00 -2.283848e-04
9.800000e+00 -2.234829e-04
9.810000e+00 -2.192589e-04
9.820000e+00 -2.157650e-04
9.830000e+00 -2.130456e-04
9.840000e+00 -2.111373e-04
9.850000e+00 -2.100681e-04
9.860000e+00 -2.098573e-04
9.870000e+00 -2.105145e-04
9.880000e+00 -2.120392e-04
9.890000e+00 -2.144200e-04
9.900000e+00 -2.176342e-04
9.910000e+00 -2.216468e-04
9.920000e+00 -2.264104e-04
9.930000e+00 -2.318644e-04
9.940000e+00 -2.379353e-04
9.950000e+00 -2.445362e-04
9.960000e+00 -2.515674e-04
9.970000e+00 -2.589168e-04
9.980000e+00 -2.664607e-04
9.990000e+00 -2.740651e-04
1.000000e+01 -2.815871e-04
