# sigma2_v 1.112487834521055e+01
0.000000e+00 1.000000e+00
1.000000e-02 9.994439e-01
2.000000e-02 9.977777e-01
3.000000e-02 9.950073e-01
4.000000e-02 9.911426e-01
5.000000e-02 9.861974e-01
6.000000e-02 9.801893e-01
7.000000e-02 9.731396e-01
8.000000e-02 9.650729e-01
9.000000e-02 9.560176e-01
1.000000e-01 9.460048e-01
1.100000e-01 9.350691e-01
1.200000e-01 9.232475e-01
1.300000e-01 9.105797e-01
1.400000e-01 8.971079e-01
1.500000e-01 8.828760e-01
1.600000e-01 8.679300e-01
1.700000e-01 8.523175e-01
1.800000e-01 8.360872e-01
1.900000e-01 8.192889e-01
2.000000e-01 8.019732e-01
2.100000e-01 7.841911e-01
2.200000e-01 7.659939e-01
2.300000e-01 7.474330e-01
2.400000e-01 7.285594e-01
2.500000e-01 7.094236e-01
2.600000e-01 6.900756e-01
2.700000e-01 6.705641e-01
2.800000e-01 6.509372e-01
2.900000e-01 6.312412e-01
3.000000e-01 6.115214e-01
3.100000e-01 5.918212e-01
3.200000e-01 5.721822e-01
3.300000e-01 5.526445e-01
3.400000e-01 5.332460e-01
3.500000e-01 5.140225e-01
3.600000e-01 4.950079e-01
3.700000e-01 4.762338e-01
3.800000e-01 4.577295e-01
3.900000e-01 4.395223e-01
4.000000e-01 4.216372e-01
4.100000e-01 4.040968e-01
4.200000e-01 3.869217e-01
4.300000e-01 3.701302e-01
4.400000e-01 3.537385e-01
4.500000e-01 3.377606e-01
4.600000e-01 3.222087e-01
4.700000e-01 3.070927e-01
4.800000e-01 2.924208e-01
4.900000e-01 2.781994e-01
5.000000e-01 2.644331e-01
5.100000e-01 2.511248e-01
5.200000e-01 2.382758e-01
5.300000e-01 2.258862e-01
5.400000e-01 2.139544e-01
5.500000e-01 2.024777e-01
5.600000e-01 1.914523e-01
5.700000e-01 1.808731e-01
5.800000e-01 1.707341e-01
5.900000e-01 1.610284e-01
6.000000e-01 1.517484e-01
6.100000e-01 1.428857e-01
6.200000e-01 1.344312e-01
6.300000e-01 1.263752e-01
6.400000e-01 1.187077e-01
6.500000e-01 1.114182e-01
6.600000e-01 1.044957e-01
6.700000e-01 9.792927e-02
6.800000e-01 9.170743e-02
6.900000e-01 8.581870e-02
7.000000e-01 8.025145e-02
7.100000e-01 7.499398e-02
7.200000e-01 7.003460e-02
7.300000e-01 6.536162e-02
7.400000e-01 6.096341e-02
7.500000e-01 5.682845e-02
7.600000e-01 5.294533e-02
7.700000e-01 4.930282e-02
7.800000e-01 4.588984e-02
7.900000e-01 4.269554e-02
8.000000e-01 3.970928e-02
8.100000e-01 3.692067e-02
8.200000e-01 3.431957e-02
8.300000e-01 3.189613e-02
8.400000e-01 2.964078e-02
8.500000e-01 2.754424e-02
8.600000e-01 2.559754e-02
8.700000e-01 2.379203e-02
8.800000e-01 2.211937e-02
8.900000e-01 2.057153e-02
9.000000e-01 1.914083e-02
9.100000e-01 1.781990e-02
9.200000e-01 1.660169e-02
9.300000e-01 1.547948e-02
9.400000e-01 1.444687e-02
9.500000e-01 1.349778e-02
9.600000e-01 1.262643e-02
9.700000e-01 1.182735e-02
9.800000e-01 1.109536e-02
9.900000e-01 1.042559e-02
1.000000e+00 9.813428e-03
1.010000e+00 9.254559e-03
1.020000e+00 8.744915e-03
1.030000e+00 8.280690e-03
1.040000e+00 7.858320e-03
1.050000e+00 7.474477e-03
1.060000e+00 7.126057e-03
1.070000e+00 6.810171e-03
1.080000e+00 6.524132e-03
1.090000e+00 6.265447e-03
1.100000e+00 6.031807e-03
1.110000e+00 5.821074e-03
1.120000e+00 5.631275e-03
1.130000e+00 5.460589e-03
1.140000e+00 5.307336e-03
1.150000e+00 5.169974e-03
1.160000e+00 5.047081e-03
1.170000e+00 4.937352e-03
1.180000e+00 4.839588e-03
1.190000e+00 4.752689e-03
1.200000e+00 4.675641e-03
1.210000e+00 4.607514e-03
1.220000e+00 4.547452e-03
1.230000e+00 4.494661e-03
1.240000e+00 4.448412e-03
1.250000e+00 4.408026e-03
1.260000e+00 4.372871e-03
1.270000e+00 4.342357e-03
1.280000e+00 4.315930e-03
1.290000e+00 4.293070e-03
1.300000e+00 4.273283e-03
1.310000e+00 4.256101e-03
1.320000e+00 4.241079e-03
1.330000e+00 4.227790e-03
1.340000e+00 4.215827e-03
1.350000e+00 4.204800e-03
1.360000e+00 4.194333e-03
1.370000e+00 4.184070e-03
1.380000e+00 4.173667e-03
1.390000e+00 4.162798e-03
1.400000e+00 4.151154e-03
1.410000e+00 4.138442e-03
1.420000e+00 4.124389e-03
1.430000e+00 4.108739e-03
1.440000e+00 4.091257e-03
1.450000e+00 4.071727e-03
1.460000e+00 4.049956e-03
1.470000e+00 4.025771e-03
1.480000e+00 3.999021e-03
1.490000e+00 3.969577e-03
1.500000e+00 3.937334e-03
1.510000e+00 3.902206e-03
1.520000e+00 3.864129e-03
1.530000e+00 3.823062e-03
1.540000e+00 3.778982e-03
1.550000e+00 3.731887e-03
1.560000e+00 3.681794e-03
1.570000e+00 3.628736e-03
1.580000e+00 3.572768e-03
1.590000e+00 3.513958e-03
1.600000e+00 3.452393e-03
1.610000e+00 3.388173e-03
1.620000e+00 3.321416e-03
1.630000e+00 3.252254e-03
1.640000e+00 3.180835e-03
1.650000e+00 3.107320e-03
1.660000e+00 3.031886e-03
1.670000e+00 2.954723e-03
1.680000e+00 2.876037e-03
1.690000e+00 2.796046e-03
1.700000e+00 2.714983e-03
1.710000e+00 2.633092e-03
1.720000e+00 2.550631e-03
1.730000e+00 2.467867e-03
1.740000e+00 2.385077e-03
1.750000e+00 2.302545e-03
1.760000e+00 2.220563e-03
1.770000e+00 2.139423e-03
1.780000e+00 2.059421e-03
1.790000e+00 1.980850e-03
1.800000e+00 1.903996e-03
1.810000e+00 1.829139e-03
1.820000e+00 1.756548e-03
1.830000e+00 1.686474e-03
1.840000e+00 1.619154e-03
1.850000e+00 1.554800e-03
1.860000e+00 1.493603e-03
1.870000e+00 1.435726e-03
1.880000e+00 1.381302e-03
1.890000e+00 1.330436e-03
1.900000e+00 1.283200e-03
1.910000e+00 1.239630e-03
1.920000e+00 1.199734e-03
1.930000e+00 1.163484e-03
1.940000e+00 1.130820e-03
1.950000e+00 1.101651e-03
1.960000e+00 1.075859e-03
1.970000e+00 1.053297e-03
1.980000e+00 1.033796e-03
1.990000e+00 1.017166e-03
2.000000e+00 1.003196e-03
2.010000e+00 9.916660e-04
2.020000e+00 9.823410e-04
2.030000e+00 9.749808e-04
2.040000e+00 9.693409e-04
2.050000e+00 9.651767e-04
2.060000e+00 9.622459e-04
2.070000e+00 9.603123e-04
2.080000e+00 9.591477e-04
2.090000e+00 9.585343e-04
2.100000e+00 9.582667e-04
2.110000e+00 9.581537e-04
2.120000e+00 9.580188e-04
2.130000e+00 9.577017e-04
2.140000e+00 9.570588e-04
2.150000e+00 9.559628e-04
2.160000e+00 9.543035e-04
2.170000e+00 9.519870e-04
2.180000e+00 9.489354e-04
2.190000e+00 9.450863e-04
2.200000e+00 9.403919e-04
2.210000e+00 9.348186e-04
2.220000e+00 9.283457e-04
2.230000e+00 9.209648e-04
2.240000e+00 9.126789e-04
2.250000e+00 9.035014e-04
2.260000e+00 8.934555e-04
2.270000e+00 8.825727e-04
2.280000e+00 8.708928e-04
2.290000e+00 8.584620e-04
2.300000e+00 8.453328e-04
2.310000e+00 8.315627e-04
2.320000e+00 8.172131e-04
2.330000e+00 8.023486e-04
2.340000e+00 7.870353e-04
2.350000e+00 7.713406e-04
2.360000e+00 7.553311e-04
2.370000e+00 7.390721e-04
2.380000e+00 7.226259e-04
2.390000e+00 7.060508e-04
2.400000e+00 6.894001e-04
2.410000e+00 6.727207e-04
2.420000e+00 6.560522e-04
2.430000e+00 6.394261e-04
2.440000e+00 6.228651e-04
2.450000e+00 6.063823e-04
2.460000e+00 5.899812e-04
2.470000e+00 5.736555e-04
2.480000e+00 5.573893e-04
2.490000e+00 5.411573e-04
2.500000e+00 5.249258e-04
2.510000e+00 5.086536e-04
2.520000e+00 4.922929e-04
2.530000e+00 4.757908e-04
2.540000e+00 4.590911e-04
2.550000e+00 4.421354e-04
2.560000e+00 4.248655e-04
2.570000e+00 4.072246e-04
2.580000e+00 3.891598e-04
2.590000e+00 3.706231e-04
2.600000e+00 3.515737e-04
2.610000e+00 3.319790e-04
2.620000e+00 3.118163e-04
2.630000e+00 2.910738e-04
2.640000e+00 2.697514e-04
2.650000e+00 2.478615e-04
2.660000e+00 2.254290e-04
2.670000e+00 2.024920e-04
2.680000e+00 1.791010e-04
2.690000e+00 1.553190e-04
2.700000e+00 1.312206e-04
2.710000e+00 1.068913e-04
2.720000e+00 8.242654e-05
2.730000e+00 5.793066e-05
2.740000e+00 3.351558e-05
2.750000e+00 9.299687e-06
2.760000e+00 -1.459354e-05
2.770000e+00 -3.803674e-05
2.780000e+00 -6.089999e-05
2.790000e+00 -8.305200e-05
2.800000e+00 -1.043613e-04
2.810000e+00 -1.246975e-04
2.820000e+00 -1.439322e-04
2.830000e+00 -1.619402e-04
2.840000e+00 -1.786003e-04
2.850000e+00 -1.937967e-04
2.860000e+00 -2.074197e-04
2.870000e+00 -2.193666e-04
2.880000e+00 -2.295429e-04
2.890000e+00 -2.378636e-04
2.900000e+00 -2.442535e-04
2.910000e+00 -2.486492e-04
2.920000e+00 -2.509994e-04
2.930000e+00 -2.512669e-04
2.940000e+00 -2.494287e-04
2.950000e+00 -2.454779e-04
2.960000e+00 -2.394244e-04
2.970000e+00 -2.312956e-04
2.980000e+00 -2.211375e-04
2.990000e+00 -2.090148e-04
3.000000e+00 -1.950118e-04
3.010000e+00 -1.792317e-04
3.020000e+00 -1.617970e-04
3.030000e+00 -1.428484e-04
3.040000e+00 -1.225440e-04
3.050000e+00 -1.010580e-04
3.060000e+00 -7.857884e-05
3.070000e+00 -5.530710e-05
3.080000e+00 -3.145321e-05
3.090000e+00 -7.234599e-06
3.100000e+00 1.712728e-05
3.110000e+00 4.141010e-05
3.120000e+00 6.539401e-05
3.130000e+00 8.886496e-05
3.140000e+00 1.116181e-04
3.150000e+00 1.334608e-04
3.160000e+00 1.542162e-04
3.170000e+00 1.737251e-04
3.180000e+00 1.918493e-04
3.190000e+00 2.084730e-04
3.200000e+00 2.235044e-04
3.210000e+00 2.368772e-04
3.220000e+00 2.485502e-04
3.230000e+00 2.585083e-04
3.240000e+00 2.667610e-04
3.250000e+00 2.733420e-04
3.260000e+00 2.783071e-04
3.270000e+00 2.817326e-04
3.280000e+00 2.837126e-04
3.290000e+00 2.843565e-04
3.300000e+00 2.837860e-04
3.310000e+00 2.821323e-04
3.320000e+00 2.795330e-04
3.330000e+00 2.761290e-04
3.340000e+00 2.720617e-04
3.350000e+00 2.674704e-04
3.360000e+00 2.624902e-04
3.370000e+00 2.572494e-04
3.380000e+00 2.518685e-04
3.390000e+00 2.464585e-04
3.400000e+00 2.411205e-04
3.410000e+00 2.359449e-04
3.420000e+00 2.310117e-04
3.430000e+00 2.263909e-04
3.440000e+00 2.221430e-04
3.450000e+00 2.183200e-04
3.460000e+00 2.149668e-04
3.470000e+00 2.121225e-04
3.480000e+00 2.098214e-04
3.490000e+00 2.080952e-04
3.500000e+00 2.069735e-04
3.510000e+00 2.064856e-04
3.520000e+00 2.066613e-04
3.530000e+00 2.075319e-04
3.540000e+00 2.091306e-04
3.550000e+00 2.114930e-04
3.560000e+00 2.146568e-04
3.570000e+00 2.186617e-04
3.580000e+00 2.235488e-04
3.590000e+00 2.293596e-04
3.600000e+00 2.361354e-04
3.610000e+00 2.439153e-04
3.620000e+00 2.527354e-04
3.630000e+00 2.626271e-04
3.640000e+00 2.736155e-04
3.650000e+00 2.857181e-04
3.660000e+00 2.989431e-04
3.670000e+00 3.132883e-04
3.680000e+00 3.287400e-04
3.690000e+00 3.452716e-04
3.700000e+00 3.628435e-04
3.710000e+00 3.814021e-04
3.720000e+00 4.008798e-04
3.730000e+00 4.211952e-04
3.740000e+00 4.422531e-04
3.750000e+00 4.639454e-04
3.760000e+00 4.861519e-04
3.770000e+00 5.087410e-04
3.780000e+00 5.315714e-04
3.790000e+00 5.544936e-04
3.800000e+00 5.773508e-04
3.810000e+00 5.999813e-04
3.820000e+00 6.222200e-04
3.830000e+00 6.439002e-04
3.840000e+00 6.648555e-04
3.850000e+00 6.849215e-04
3.860000e+00 7.039378e-04
3.870000e+00 7.217499e-04
3.880000e+00 7.382103e-04
3.890000e+00 7.531808e-04
3.900000e+00 7.665339e-04
3.910000e+00 7.781538e-04
3.920000e+00 7.879382e-04
3.930000e+00 7.957994e-04
3.940000e+00 8.016652e-04
3.950000e+00 8.054797e-04
3.960000e+00 8.072046e-04
3.970000e+00 8.068190e-04
3.980000e+00 8.043206e-04
3.990000e+00 7.997254e-04
4.000000e+00 7.930677e-04
4.010000e+00 7.844002e-04
4.020000e+00 7.737933e-04
4.030000e+00 7.613348e-04
4.040000e+00 7.471287e-04
4.050000e+00 7.312941e-04
4.060000e+00 7.139640e-04
4.070000e+00 6.952840e-04
4.080000e+00 6.754100e-04
4.090000e+00 6.545067e-04
4.100000e+00 6.327455e-04
4.110000e+00 6.103019e-04
4.120000e+00 5.873539e-04
4.130000e+00 5.640789e-04
4.140000e+00 5.406520e-04
4.150000e+00 5.172432e-04
4.160000e+00 4.940155e-04
4.170000e+00 4.711223e-04
4.180000e+00 4.487063e-04
4.190000e+00 4.268969e-04
4.200000e+00 4.058092e-04
4.210000e+00 3.855428e-04
4.220000e+00 3.661805e-04
4.230000e+00 3.477883e-04
4.240000e+00 3.304148e-04
4.250000e+00 3.140912e-04
4.260000e+00 2.988321e-04
4.270000e+00 2.846357e-04
4.280000e+00 2.714853e-04
4.290000e+00 2.593503e-04
4.300000e+00 2.481878e-04
4.310000e+00 2.379441e-04
4.320000e+00 2.285566e-04
4.330000e+00 2.199560e-04
4.340000e+00 2.120675e-04
4.350000e+00 2.048137e-04
4.360000e+00 1.981157e-04
4.370000e+00 1.918953e-04
4.380000e+00 1.860767e-04
4.390000e+00 1.805879e-04
4.400000e+00 1.753622e-04
4.410000e+00 1.703392e-04
4.420000e+00 1.654661e-04
4.430000e+00 1.606981e-04
4.440000e+00 1.559990e-04
4.450000e+00 1.513419e-04
4.460000e+00 1.467088e-04
4.470000e+00 1.420908e-04
4.480000e+00 1.374878e-04
4.490000e+00 1.329084e-04
4.500000e+00 1.283687e-04
4.510000e+00 1.238925e-04
4.520000e+00 1.195098e-04
4.530000e+00 1.152566e-04
4.540000e+00 1.111735e-04
4.550000e+00 1.073053e-04
4.560000e+00 1.036996e-04
4.570000e+00 1.004059e-04
4.580000e+00 9.747505e-05
4.590000e+00 9.495759e-05
4.600000e+00 9.290332e-05
4.610000e+00 9.136008e-05
4.620000e+00 9.037290e-05
4.630000e+00 8.998304e-05
4.640000e+00 9.022717e-05
4.650000e+00 9.113653e-05
4.660000e+00 9.273616e-05
4.670000e+00 9.504424e-05
4.680000e+00 9.807147e-05
4.690000e+00 1.018206e-04
4.700000e+00 1.062858e-04
4.710000e+00 1.114529e-04
4.720000e+00 1.172987e-04
4.730000e+00 1.237913e-04
4.740000e+00 1.308900e-04
4.750000e+00 1.385461e-04
4.760000e+00 1.467027e-04
4.770000e+00 1.552960e-04
4.780000e+00 1.642556e-04
4.790000e+00 1.735056e-04
4.800000e+00 1.829660e-04
4.810000e+00 1.925531e-04
4.820000e+00 2.021814e-04
4.830000e+00 2.117645e-04
4.840000e+00 2.212166e-04
4.850000e+00 2.304537e-04
4.860000e+00 2.393946e-04
4.870000e+00 2.479626e-04
4.880000e+00 2.560858e-04
4.890000e+00 2.636986e-04
4.900000e+00 2.707421e-04
4.910000e+00 2.771646e-04
4.920000e+00 2.829221e-04
4.930000e+00 2.879785e-04
4.940000e+00 2.923053e-04
4.950000e+00 2.958816e-04
4.960000e+00 2.986938e-04
4.970000e+00 3.007346e-04
4.980000e+00 3.020030e-04
4.990000e+00 3.025031e-04
5.000000e+00 3.022436e-04
5.010000e+00 3.012372e-04
5.020000e+00 2.994993e-04
5.030000e+00 2.970480e-04
5.040000e+00 2.939036e-04
5.050000e+00 2.900876e-04
5.060000e+00 2.856230e-04
5.070000e+00 2.805343e-04
5.080000e+00 2.748473e-04
5.090000e+00 2.685895e-04
5.100000e+00 2.617909e-04
5.110000e+00 2.544841e-04
5.120000e+00 2.467055e-04
5.130000e+00 2.384957e-04
5.140000e+00 2.299008e-04
5.150000e+00 2.209727e-04
5.160000e+00 2.117703e-04
5.170000e+00 2.023600e-04
5.180000e+00 1.928163e-04
5.190000e+00 1.832220e-04
5.200000e+00 1.736684e-04
5.210000e+00 1.642554e-04
5.220000e+00 1.550906e-04
5.230000e+00 1.462888e-04
5.240000e+00 1.379713e-04
5.250000e+00 1.302642e-04
5.260000e+00 1.232971e-04
5.270000e+00 1.172016e-04
5.280000e+00 1.121089e-04
5.290000e+00 1.081482e-04
5.300000e+00 1.054445e-04
5.310000e+00 1.041162e-04
5.320000e+00 1.042736e-04
5.330000e+00 1.060162e-04
5.340000e+00 1.094317e-04
5.350000e+00 1.145937e-04
5.360000e+00 1.215606e-04
5.370000e+00 1.303747e-04
5.380000e+00 1.410612e-04
5.390000e+00 1.536279e-04
5.400000e+00 1.680653e-04
5.410000e+00 1.843464e-04
5.420000e+00 2.024275e-04
5.430000e+00 2.222493e-04
5.440000e+00 2.437375e-04
5.450000e+00 2.668042e-04
5.460000e+00 2.913496e-04
5.470000e+00 3.172633e-04
5.480000e+00 3.444260e-04
5.490000e+00 3.727107e-04
5.500000e+00 4.019848e-04
5.510000e+00 4.321111e-04
5.520000e+00 4.629493e-04
5.530000e+00 4.943572e-04
5.540000e+00 5.261912e-04
5.550000e+00 5.583077e-04
5.560000e+00 5.905633e-04
5.570000e+00 6.228153e-04
5.580000e+00 6.549220e-04
5.590000e+00 6.867427e-04
5.600000e+00 7.181380e-04
5.610000e+00 7.489694e-04
5.620000e+00 7.790994e-04
5.630000e+00 8.083917e-04
5.640000e+00 8.367108e-04
5.650000e+00 8.639223e-04
5.660000e+00 8.898932e-04
5.670000e+00 9.144920e-04
5.680000e+00 9.375897e-04
5.690000e+00 9.590598e-04
5.700000e+00 9.787797e-04
5.710000e+00 9.966317e-04
5.720000e+00 1.012504e-03
5.730000e+00 1.026290e-03
5.740000e+00 1.037895e-03
5.750000e+00 1.047232e-03
5.760000e+00 1.054224e-03
5.770000e+00 1.058808e-03
5.780000e+00 1.060933e-03
5.790000e+00 1.060565e-03
5.800000e+00 1.057681e-03
5.810000e+00 1.052278e-03
5.820000e+00 1.044368e-03
5.830000e+00 1.033977e-03
5.840000e+00 1.021150e-03
5.850000e+00 1.005947e-03
5.860000e+00 9.884427e-04
5.870000e+00 9.687253e-04
5.880000e+00 9.468968e-04
5.890000e+00 9.230702e-04
5.900000e+00 8.973687e-04
5.910000e+00 8.699234e-04
5.920000e+00 8.408725e-04
5.930000e+00 8.103585e-04
5.940000e+00 7.785273e-04
5.950000e+00 7.455259e-04
5.960000e+00 7.115012e-04
5.970000e+00 6.765984e-04
5.980000e+00 6.409594e-04
5.990000e+00 6.047221e-04
6.000000e+00 5.680188e-04
6.010000e+00 5.309761e-04
6.020000e+00 4.937137e-04
6.030000e+00 4.563440e-04
6.040000e+00 4.189720e-04
6.050000e+00 3.816953e-04
6.060000e+00 3.446036e-04
6.070000e+00 3.077793e-04
6.080000e+00 2.712973e-04
6.090000e+00 2.352257e-04
6.100000e+00 1.996257e-04
6.110000e+00 1.645523e-04
6.120000e+00 1.300545e-04
6.130000e+00 9.617591e-05
6.140000e+00 6.295502e-05
6.150000e+00 3.042572e-05
6.160000e+00 -1.382224e-06
6.170000e+00 -3.244270e-05
6.180000e+00 -6.273278e-05
6.190000e+00 -9.223217e-05
6.200000e+00 -1.209227e-04
6.210000e+00 -1.487876e-04
6.220000e+00 -1.758113e-04
6.230000e+00 -2.019782e-04
6.240000e+00 -2.272725e-04
6.250000e+00 -2.516773e-04
6.260000e+00 -2.751739e-04
6.270000e+00 -2.977413e-04
6.280000e+00 -3.193554e-04
6.290000e+00 -3.399885e-04
6.300000e+00 -3.596088e-04
6.310000e+00 -3.781800e-04
6.320000e+00 -3.956611e-04
6.330000e+00 -4.120063e-04
6.340000e+00 -4.271650e-04
6.350000e+00 -4.410819e-04
6.360000e+00 -4.536980e-04
6.370000e+00 -4.649507e-04
6.380000e+00 -4.747747e-04
6.390000e+00 -4.831037e-04
6.400000e+00 -4.898705e-04
6.410000e+00 -4.950094e-04
6.420000e+00 -4.984571e-04
6.430000e+00 -5.001541e-04
6.440000e+00 -5.000467e-04
6.450000e+00 -4.980882e-04
6.460000e+00 -4.942404e-04
6.470000e+00 -4.884747e-04
6.480000e+00 -4.807738e-04
6.490000e+00 -4.711321e-04
6.500000e+00 -4.595567e-04
6.510000e+00 -4.460676e-04
6.520000e+00 -4.306982e-04
6.530000e+00 -4.134949e-04
6.540000e+00 -3.945165e-04
6.550000e+00 -3.738341e-04
6.560000e+00 -3.515293e-04
6.570000e+00 -3.276938e-04
6.580000e+00 -3.024274e-04
6.590000e+00 -2.758371e-04
6.600000e+00 -2.480350e-04
6.610000e+00 -2.191367e-04
6.620000e+00 -1.892602e-04
6.630000e+00 -1.585239e-04
6.640000e+00 -1.270455e-04
6.650000e+00 -9.494049e-05
6.660000e+00 -6.232156e-05
6.670000e+00 -2.929752e-05
6.680000e+00 4.027177e-06
6.690000e+00 3.755265e-05
6.700000e+00 7.118371e-05
6.710000e+00 1.048296e-04
6.720000e+00 1.384039e-04
6.730000e+00 1.718236e-04
6.740000e+00 2.050088e-04
6.750000e+00 2.378822e-04
6.760000e+00 2.703679e-04
6.770000e+00 3.023913e-04
6.780000e+00 3.338786e-04
6.790000e+00 3.647561e-04
6.800000e+00 3.949503e-04
6.810000e+00 4.243881e-04
6.820000e+00 4.529966e-04
6.830000e+00 4.807043e-04
6.840000e+00 5.074414e-04
6.850000e+00 5.331409e-04
6.860000e+00 5.577400e-04
6.870000e+00 5.811812e-04
6.880000e+00 6.034138e-04
6.890000e+00 6.243951e-04
6.900000e+00 6.440924e-04
6.910000e+00 6.624838e-04
6.920000e+00 6.795595e-04
6.930000e+00 6.953229e-04
6.940000e+00 7.097911e-04
6.950000e+00 7.229951e-04
6.960000e+00 7.349802e-04
6.970000e+00 7.458052e-04
6.980000e+00 7.555418e-04
6.990000e+00 7.642734e-04
7.000000e+00 7.720936e-04
7.010000e+00 7.791043e-04
7.020000e+00 7.854136e-04
7.030000e+00 7.911334e-04
7.040000e+00 7.963772e-04
7.050000e+00 8.012573e-04
7.060000e+00 8.058823e-04
7.070000e+00 8.103549e-04
7.080000e+00 8.147695e-04
7.090000e+00 8.192102e-04
7.100000e+00 8.237494e-04
7.110000e+00 8.284462e-04
7.120000e+00 8.333456e-04
7.130000e+00 8.384779e-04
7.140000e+00 8.438591e-04
7.150000e+00 8.494907e-04
7.160000e+00 8.553610e-04
7.170000e+00 8.614456e-04
7.180000e+00 8.677095e-04
7.190000e+00 8.741084e-04
7.200000e+00 8.805907e-04
7.210000e+00 8.870990e-04
7.220000e+00 8.935729e-04
7.230000e+00 8.999498e-04
7.240000e+00 9.061675e-04
7.250000e+00 9.121655e-04
7.260000e+00 9.178858e-04
7.270000e+00 9.232746e-04
7.280000e+00 9.282823e-04
7.290000e+00 9.328645e-04
7.300000e+00 9.369812e-04
7.310000e+00 9.405971e-04
7.320000e+00 9.436806e-04
7.330000e+00 9.462033e-04
7.340000e+00 9.481385e-04
7.350000e+00 9.494607e-04
7.360000e+00 9.501439e-04
7.370000e+00 9.501609e-04
7.380000e+00 9.494819e-04
7.390000e+00 9.480743e-04
7.400000e+00 9.459012e-04
7.410000e+00 9.429219e-04
7.420000e+00 9.390918e-04
7.430000e+00 9.343621e-04
7.440000e+00 9.286814e-04
7.450000e+00 9.219963e-04
7.460000e+00 9.142525e-04
7.470000e+00 9.053969e-04
7.480000e+00 8.953794e-04
7.490000e+00 8.841544e-04
7.500000e+00 8.716835e-04
7.510000e+00 8.579370e-04
7.520000e+00 8.428963e-04
7.530000e+00 8.265555e-04
7.540000e+00 8.089233e-04
7.550000e+00 7.900237e-04
7.560000e+00 7.698976e-04
7.570000e+00 7.486029e-04
7.580000e+00 7.262149e-04
7.590000e+00 7.028258e-04
7.600000e+00 6.785440e-04
7.610000e+00 6.534930e-04
7.620000e+00 6.278097e-04
7.630000e+00 6.016427e-04
7.640000e+00 5.751501e-04
7.650000e+00 5.484972e-04
7.660000e+00 5.218541e-04
7.670000e+00 4.953927e-04
7.680000e+00 4.692853e-04
7.690000e+00 4.437011e-04
7.700000e+00 4.188048e-04
7.710000e+00 3.947545e-04
7.720000e+00 3.716999e-04
7.730000e+00 3.497815e-04
7.740000e+00 3.291292e-04
7.750000e+00 3.098618e-04
7.760000e+00 2.920871e-04
7.770000e+00 2.759018e-04
7.780000e+00 2.613920e-04
7.790000e+00 2.486336e-04
7.800000e+00 2.376936e-04
7.810000e+00 2.286306e-04
7.820000e+00 2.214960e-04
7.830000e+00 2.163353e-04
7.840000e+00 2.131881e-04
7.850000e+00 2.120900e-04
7.860000e+00 2.130722e-04
7.870000e+00 2.161622e-04
7.880000e+00 2.213840e-04
7.890000e+00 2.287574e-04
7.900000e+00 2.382978e-04
7.910000e+00 2.500149e-04
7.920000e+00 2.639121e-04
7.930000e+00 2.799846e-04
7.940000e+00 2.982183e-04
7.950000e+00 3.185877e-04
7.960000e+00 3.410544e-04
7.970000e+00 3.655654e-04
7.980000e+00 3.920510e-04
7.990000e+00 4.204240e-04
8.000000e+00 4.505776e-04
8.010000e+00 4.823847e-04
8.020000e+00 5.156973e-04
8.030000e+00 5.503458e-04
8.040000e+00 5.861393e-04
8.050000e+00 6.228657e-04
8.060000e+00 6.602929e-04
8.070000e+00 6.981700e-04
8.080000e+00 7.362286e-04
8.090000e+00 7.741855e-04
8.100000e+00 8.117445e-04
8.110000e+00 8.485994e-04
8.120000e+00 8.844368e-04
8.130000e+00 9.189392e-04
8.140000e+00 9.517887e-04
8.150000e+00 9.826697e-04
8.160000e+00 1.011273e-03
8.170000e+00 1.037298e-03
8.180000e+00 1.060458e-03
8.190000e+00 1.080481e-03
8.200000e+00 1.097116e-03
8.210000e+00 1.110131e-03
8.220000e+00 1.119323e-03
8.230000e+00 1.124511e-03
8.240000e+00 1.125549e-03
8.250000e+00 1.122317e-03
8.260000e+00 1.114734e-03
8.270000e+00 1.102750e-03
8.280000e+00 1.086352e-03
8.290000e+00 1.065566e-03
8.300000e+00 1.040453e-03
8.310000e+00 1.011115e-03
8.320000e+00 9.776915e-04
8.330000e+00 9.403591e-04
8.340000e+00 8.993331e-04
8.350000e+00 8.548652e-04
8.360000e+00 8.072421e-04
8.370000e+00 7.567842e-04
8.380000e+00 7.038431e-04
8.390000e+00 6.487991e-04
8.400000e+00 5.920585e-04
8.410000e+00 5.340495e-04
8.420000e+00 4.752191e-04
8.430000e+00 4.160285e-04
8.440000e+00 3.569487e-04
8.450000e+00 2.984555e-04
8.460000e+00 2.410246e-04
8.470000e+00 1.851262e-04
8.480000e+00 1.312200e-04
8.490000e+00 7.974925e-05
8.500000e+00 3.113604e-05
8.510000e+00 -1.422414e-05
8.520000e+00 -5.596713e-05
8.530000e+00 -9.376457e-05
8.540000e+00 -1.273280e-04
8.550000e+00 -1.564122e-04
8.560000e+00 -1.808183e-04
8.570000e+00 -2.003958e-04
8.580000e+00 -2.150442e-04
8.590000e+00 -2.247136e-04
8.600000e+00 -2.294048e-04
8.610000e+00 -2.291683e-04
8.620000e+00 -2.241031e-04
8.630000e+00 -2.143542e-04
8.640000e+00 -2.001094e-04
8.650000e+00 -1.815964e-04
8.660000e+00 -1.590783e-04
8.670000e+00 -1.328493e-04
8.680000e+00 -1.032297e-04
8.690000e+00 -7.056126e-05
8.700000e+00 -3.520182e-05
8.710000e+00 2.479876e-06
8.720000e+00 4.210911e-05
8.730000e+00 8.331014e-05
8.740000e+00 1.257108e-04
8.750000e+00 1.689467e-04
8.760000e+00 2.126651e-04
8.770000e+00 2.565287e-04
8.780000e+00 3.002178e-04
8.790000e+00 3.434334e-04
8.800000e+00 3.858990e-04
8.810000e+00 4.273619e-04
8.820000e+00 4.675940e-04
8.830000e+00 5.063927e-04
8.840000e+00 5.435806e-04
8.850000e+00 5.790055e-04
8.860000e+00 6.125397e-04
8.870000e+00 6.440791e-04
8.880000e+00 6.735419e-04
8.890000e+00 7.008678e-04
8.900000e+00 7.260163e-04
8.910000e+00 7.489651e-04
8.920000e+00 7.697088e-04
8.930000e+00 7.882573e-04
8.940000e+00 8.046341e-04
8.950000e+00 8.188748e-04
8.960000e+00 8.310257e-04
8.970000e+00 8.411421e-04
8.980000e+00 8.492870e-04
8.990000e+00 8.555298e-04
9.000000e+00 8.599445e-04
9.010000e+00 8.626089e-04
9.020000e+00 8.636030e-04
9.030000e+00 8.630077e-04
9.040000e+00 8.609040e-04
9.050000e+00 8.573715e-04
9.060000e+00 8.524874e-04
9.070000e+00 8.463256e-04
9.080000e+00 8.389558e-04
9.090000e+00 8.304429e-04
9.100000e+00 8.208458e-04
9.110000e+00 8.102179e-04
9.120000e+00 7.986056e-04
9.130000e+00 7.860495e-04
9.140000e+00 7.725833e-04
9.150000e+00 7.582349e-04
9.160000e+00 7.430265e-04
9.170000e+00 7.269756e-04
9.180000e+00 7.100957e-04
9.190000e+00 6.923973e-04
9.200000e+00 6.738895e-04
9.210000e+00 6.545810e-04
9.220000e+00 6.344816e-04
9.230000e+00 6.136039e-04
9.240000e+00 5.919642e-04
9.250000e+00 5.695846e-04
9.260000e+00 5.464938e-04
9.270000e+00 5.227283e-04
9.280000e+00 4.983337e-04
9.290000e+00 4.733652e-04
9.300000e+00 4.478879e-04
9.310000e+00 4.219777e-04
9.320000e+00 3.957203e-04
9.330000e+00 3.692120e-04
9.340000e+00 3.425582e-04
9.350000e+00 3.158729e-04
9.360000e+00 2.892777e-04
9.370000e+00 2.629006e-04
9.380000e+00 2.368743e-04
9.390000e+00 2.113346e-04
9.400000e+00 1.864194e-04
9.410000e+00 1.622664e-04
9.420000e+00 1.390120e-04
9.430000e+00 1.167893e-04
9.440000e+00 9.572733e-05
9.450000e+00 7.594931e-05
9.460000e+00 5.757180e-05
9.470000e+00 4.070377e-05
9.480000e+00 2.544600e-05
9.490000e+00 1.189051e-05
9.500000e+00 1.203981e-07
9.510000e+00 -9.790326e-06
9.520000e+00 -1.777665e-05
9.530000e+00 -2.378240e-05
9.540000e+00 -2.775995e-05
9.550000e+00 -2.966994e-05
9.560000e+00 -2.948093e-05
9.570000e+00 -2.716912e-05
9.580000e+00 -2.271807e-05
9.590000e+00 -1.611861e-05
9.600000e+00 -7.368734e-06
9.610000e+00 3.526312e-06
9.620000e+00 1.655382e-05
9.630000e+00 3.169330e-05
9.640000e+00 4.891606e-05
9.650000e+00 6.818469e-05
9.660000e+00 8.945246e-05
9.670000e+00 1.126627e-04
9.680000e+00 1.377484e-04
9.690000e+00 1.646311e-04
9.700000e+00 1.932213e-04
9.710000e+00 2.234173e-04
9.720000e+00 2.551057e-04
9.730000e+00 2.881611e-04
9.740000e+00 3.224465e-04
9.750000e+00 3.578137e-04
9.760000e+00 3.941044e-04
9.770000e+00 4.311512e-04
9.780000e+00 4.687785e-04
9.790000e+00 5.068044e-04
9.800000e+00 5.450423e-04
9.810000e+00 5.833026e-04
9.820000e+00 6.213950e-04
9.830000e+00 6.591299e-04
9.840000e+00 6.963210e-04
9.850000e+00 7.327866e-04
9.860000e+00 7.683520e-04
9.870000e+00 8.028506e-04
9.880000e+00 8.361258e-04
9.890000e+00 8.680318e-04
9.900000e+00 8.984347e-04
9.910000e+00 9.272130e-04
9.920000e+00 9.542581e-04
9.930000e+00 9.794741e-04
9.940000e+00 1.002778e-03
9.950000e+00 1.024099e-03
9.960000e+00 1.043376e-03
9.970000e+00 1.060563e-03
9.980000e+00 1.075618e-03
9.990000e+00 1.088512e-03
1.000000e+01 1.099222e-03
