# sigma2_v 1.039517371598258e+01
0.000000e+00 1.000000e+00
1.000000e-02 9.994804e-01
2.000000e-02 9.979233e-01
3.000000e-02 9.953339e-01
4.000000e-02 9.917208e-01
5.000000e-02 9.870960e-01
6.000000e-02 9.814748e-01
7.000000e-02 9.748757e-01
8.000000e-02 9.673203e-01
9.000000e-02 9.588332e-01
1.000000e-01 9.494417e-01
1.100000e-01 9.391760e-01
1.200000e-01 9.280685e-01
1.300000e-01 9.161541e-01
1.400000e-01 9.034698e-01
1.500000e-01 8.900545e-01
1.600000e-01 8.759487e-01
1.700000e-01 8.611945e-01
1.800000e-01 8.458351e-01
1.900000e-01 8.299149e-01
2.000000e-01 8.134791e-01
2.100000e-01 7.965734e-01
2.200000e-01 7.792439e-01
2.300000e-01 7.615370e-01
2.400000e-01 7.434988e-01
2.500000e-01 7.251754e-01
2.600000e-01 7.066123e-01
2.700000e-01 6.878546e-01
2.800000e-01 6.689463e-01
2.900000e-01 6.499308e-01
3.000000e-01 6.308501e-01
3.100000e-01 6.117452e-01
3.200000e-01 5.926555e-01
3.300000e-01 5.736192e-01
3.400000e-01 5.546726e-01
3.500000e-01 5.358507e-01
3.600000e-01 5.171864e-01
3.700000e-01 4.987110e-01
3.800000e-01 4.804540e-01
3.900000e-01 4.624429e-01
4.000000e-01 4.447032e-01
4.100000e-01 4.272586e-01
4.200000e-01 4.101308e-01
4.300000e-01 3.933396e-01
4.400000e-01 3.769028e-01
4.500000e-01 3.608364e-01
4.600000e-01 3.451544e-01
4.700000e-01 3.298691e-01
4.800000e-01 3.149908e-01
4.900000e-01 3.005284e-01
5.000000e-01 2.864888e-01
5.100000e-01 2.728775e-01
5.200000e-01 2.596983e-01
5.300000e-01 2.469537e-01
5.400000e-01 2.346445e-01
5.500000e-01 2.227706e-01
5.600000e-01 2.113303e-01
5.700000e-01 2.003209e-01
5.800000e-01 1.897386e-01
5.900000e-01 1.795785e-01
6.000000e-01 1.698349e-01
6.100000e-01 1.605012e-01
6.200000e-01 1.515701e-01
6.300000e-01 1.430334e-01
6.400000e-01 1.348826e-01
6.500000e-01 1.271084e-01
6.600000e-01 1.197013e-01
6.700000e-01 1.126510e-01
6.800000e-01 1.059472e-01
6.900000e-01 9.957932e-02
7.000000e-01 9.353639e-02
7.100000e-01 8.780740e-02
7.200000e-01 8.238121e-02
7.300000e-01 7.724663e-02
7.400000e-01 7.239245e-02
7.500000e-01 6.780752e-02
7.600000e-01 6.348076e-02
7.700000e-01 5.940118e-02
7.800000e-01 5.555796e-02
7.900000e-01 5.194046e-02
8.000000e-01 4.853822e-02
8.100000e-01 4.534102e-02
8.200000e-01 4.233890e-02
8.300000e-01 3.952215e-02
8.400000e-01 3.688136e-02
8.500000e-01 3.440739e-02
8.600000e-01 3.209143e-02
8.700000e-01 2.992499e-02
8.800000e-01 2.789987e-02
8.900000e-01 2.600822e-02
9.000000e-01 2.424251e-02
9.100000e-01 2.259553e-02
9.200000e-01 2.106039e-02
9.300000e-01 1.963053e-02
9.400000e-01 1.829970e-02
9.500000e-01 1.706194e-02
9.600000e-01 1.591160e-02
9.700000e-01 1.484333e-02
9.800000e-01 1.385204e-02
9.900000e-01 1.293293e-02
1.000000e+00 1.208143e-02
1.010000e+00 1.129324e-02
1.020000e+00 1.056429e-02
1.030000e+00 9.890717e-03
1.040000e+00 9.268890e-03
1.050000e+00 8.695367e-03
1.060000e+00 8.166898e-03
1.070000e+00 7.680409e-03
1.080000e+00 7.232998e-03
1.090000e+00 6.821917e-03
1.100000e+00 6.444572e-03
1.110000e+00 6.098507e-03
1.120000e+00 5.781401e-03
1.130000e+00 5.491058e-03
1.140000e+00 5.225405e-03
1.150000e+00 4.982478e-03
1.160000e+00 4.760427e-03
1.170000e+00 4.557500e-03
1.180000e+00 4.372050e-03
1.190000e+00 4.202521e-03
1.200000e+00 4.047449e-03
1.210000e+00 3.905460e-03
1.220000e+00 3.775263e-03
1.230000e+00 3.655648e-03
1.240000e+00 3.545486e-03
1.250000e+00 3.443720e-03
1.260000e+00 3.349370e-03
1.270000e+00 3.261523e-03
1.280000e+00 3.179334e-03
1.290000e+00 3.102025e-03
1.300000e+00 3.028877e-03
1.310000e+00 2.959231e-03
1.320000e+00 2.892487e-03
1.330000e+00 2.828097e-03
1.340000e+00 2.765565e-03
1.350000e+00 2.704447e-03
1.360000e+00 2.644343e-03
1.370000e+00 2.584901e-03
1.380000e+00 2.525811e-03
1.390000e+00 2.466805e-03
1.400000e+00 2.407655e-03
1.410000e+00 2.348170e-03
1.420000e+00 2.288198e-03
1.430000e+00 2.227619e-03
1.440000e+00 2.166349e-03
1.450000e+00 2.104335e-03
1.460000e+00 2.041556e-03
1.470000e+00 1.978018e-03
1.480000e+00 1.913758e-03
1.490000e+00 1.848834e-03
1.500000e+00 1.783331e-03
1.510000e+00 1.717356e-03
1.520000e+00 1.651032e-03
1.530000e+00 1.584503e-03
1.540000e+00 1.517923e-03
1.550000e+00 1.451459e-03
1.560000e+00 1.385288e-03
1.570000e+00 1.319590e-03
1.580000e+00 1.254547e-03
1.590000e+00 1.190340e-03
1.600000e+00 1.127147e-03
1.610000e+00 1.065138e-03
1.620000e+00 1.004471e-03
1.630000e+00 9.452948e-04
1.640000e+00 8.877397e-04
1.650000e+00 8.319204e-04
1.660000e+00 7.779324e-04
1.670000e+00 7.258510e-04
1.680000e+00 6.757306e-04
1.690000e+00 6.276046e-04
1.700000e+00 5.814851e-04
1.710000e+00 5.373639e-04
1.720000e+00 4.952136e-04
1.730000e+00 4.549888e-04
1.740000e+00 4.166283e-04
1.750000e+00 3.800572e-04
1.760000e+00 3.451894e-04
1.770000e+00 3.119304e-04
1.780000e+00 2.801800e-04
1.790000e+00 2.498355e-04
1.800000e+00 2.207941e-04
1.810000e+00 1.929563e-04
1.820000e+00 1.662283e-04
1.830000e+00 1.405243e-04
1.840000e+00 1.157692e-04
1.850000e+00 9.189976e-05
1.860000e+00 6.886683e-05
1.870000e+00 4.663601e-05
1.880000e+00 2.518864e-05
1.890000e+00 4.522019e-06
1.900000e+00 -1.535057e-05
1.910000e+00 -3.440031e-05
1.920000e+00 -5.258366e-05
1.930000e+00 -6.984344e-05
1.940000e+00 -8.611021e-05
1.950000e+00 -1.013039e-04
1.960000e+00 -1.153358e-04
1.970000e+00 -1.281102e-04
1.980000e+00 -1.395267e-04
1.990000e+00 -1.494824e-04
2.000000e+00 -1.578738e-04
2.010000e+00 -1.645990e-04
2.020000e+00 -1.695598e-04
2.030000e+00 -1.726635e-04
2.040000e+00 -1.738246e-04
2.050000e+00 -1.729669e-04
2.060000e+00 -1.700244e-04
2.070000e+00 -1.649431e-04
2.080000e+00 -1.576817e-04
2.090000e+00 -1.482131e-04
2.100000e+00 -1.365246e-04
2.110000e+00 -1.226190e-04
2.120000e+00 -1.065148e-04
2.130000e+00 -8.824643e-05
2.140000e+00 -6.786474e-05
2.150000e+00 -4.543659e-05
2.160000e+00 -2.104488e-05
2.170000e+00 5.211755e-06
2.180000e+00 3.321943e-05
2.190000e+00 6.284957e-05
2.200000e+00 9.395965e-05
2.210000e+00 1.263940e-04
2.220000e+00 1.599851e-04
2.230000e+00 1.945541e-04
2.240000e+00 2.299129e-04
2.250000e+00 2.658650e-04
2.260000e+00 3.022075e-04
2.270000e+00 3.387322e-04
2.280000e+00 3.752283e-04
2.290000e+00 4.114833e-04
2.300000e+00 4.472857e-04
2.310000e+00 4.824269e-04
2.320000e+00 5.167030e-04
2.330000e+00 5.499169e-04
2.340000e+00 5.818806e-04
2.350000e+00 6.124168e-04
2.360000e+00 6.413608e-04
2.370000e+00 6.685623e-04
2.380000e+00 6.938865e-04
2.390000e+00 7.172160e-04
2.400000e+00 7.384512e-04
2.410000e+00 7.575114e-04
2.420000e+00 7.743352e-04
2.430000e+00 7.888806e-04
2.440000e+00 8.011250e-04
2.450000e+00 8.110649e-04
2.460000e+00 8.187150e-04
2.470000e+00 8.241074e-04
2.480000e+00 8.272903e-04
2.490000e+00 8.283267e-04
2.500000e+00 8.272928e-04
2.510000e+00 8.242764e-04
2.520000e+00 8.193750e-04
2.530000e+00 8.126938e-04
2.540000e+00 8.043444e-04
2.550000e+00 7.944422e-04
2.560000e+00 7.831055e-04
2.570000e+00 7.704532e-04
2.580000e+00 7.566037e-04
2.590000e+00 7.416736e-04
2.600000e+00 7.257766e-04
2.610000e+00 7.090223e-04
2.620000e+00 6.915160e-04
2.630000e+00 6.733578e-04
2.640000e+00 6.546427e-04
2.650000e+00 6.354603e-04
2.660000e+00 6.158947e-04
2.670000e+00 5.960254e-04
2.680000e+00 5.759268e-04
2.690000e+00 5.556693e-04
2.700000e+00 5.353196e-04
2.710000e+00 5.149411e-04
2.720000e+00 4.945947e-04
2.730000e+00 4.743390e-04
2.740000e+00 4.542309e-04
2.750000e+00 4.343263e-04
2.760000e+00 4.146797e-04
2.770000e+00 3.953450e-04
2.780000e+00 3.763754e-04
2.790000e+00 3.578232e-04
2.800000e+00 3.397400e-04
2.810000e+00 3.221763e-04
2.820000e+00 3.051811e-04
2.830000e+00 2.888019e-04
2.840000e+00 2.730840e-04
2.850000e+00 2.580699e-04
2.860000e+00 2.437994e-04
2.870000e+00 2.303087e-04
2.880000e+00 2.176302e-04
2.890000e+00 2.057918e-04
2.900000e+00 1.948172e-04
2.910000e+00 1.847251e-04
2.920000e+00 1.755294e-04
2.930000e+00 1.672388e-04
2.940000e+00 1.598573e-04
2.950000e+00 1.533837e-04
2.960000e+00 1.478124e-04
2.970000e+00 1.431333e-04
2.980000e+00 1.393323e-04
2.990000e+00 1.363915e-04
3.000000e+00 1.342901e-04
3.010000e+00 1.330044e-04
3.020000e+00 1.325086e-04
3.030000e+00 1.327754e-04
3.040000e+00 1.337761e-04
3.050000e+00 1.354817e-04
3.060000e+00 1.378632e-04
3.070000e+00 1.408917e-04
3.080000e+00 1.445394e-04
3.090000e+00 1.487799e-04
3.100000e+00 1.535881e-04
3.110000e+00 1.589413e-04
3.120000e+00 1.648185e-04
3.130000e+00 1.712018e-04
3.140000e+00 1.780755e-04
3.150000e+00 1.854267e-04
3.160000e+00 1.932455e-04
3.170000e+00 2.015249e-04
3.180000e+00 2.102603e-04
3.190000e+00 2.194503e-04
3.200000e+00 2.290956e-04
3.210000e+00 2.391994e-04
3.220000e+00 2.497668e-04
3.230000e+00 2.608047e-04
3.240000e+00 2.723208e-04
3.250000e+00 2.843238e-04
3.260000e+00 2.968221e-04
3.270000e+00 3.098238e-04
3.280000e+00 3.233355e-04
3.290000e+00 3.373618e-04
3.300000e+00 3.519042e-04
3.310000e+00 3.669607e-04
3.320000e+00 3.825244e-04
3.330000e+00 3.985832e-04
3.340000e+00 4.151184e-04
3.350000e+00 4.321046e-04
3.360000e+00 4.495084e-04
3.370000e+00 4.672880e-04
3.380000e+00 4.853928e-04
3.390000e+00 5.037632e-04
3.400000e+00 5.223299e-04
3.410000e+00 5.410147e-04
3.420000e+00 5.597299e-04
3.430000e+00 5.783792e-04
3.440000e+00 5.968586e-04
3.450000e+00 6.150563e-04
3.460000e+00 6.328548e-04
3.470000e+00 6.501316e-04
3.480000e+00 6.667606e-04
3.490000e+00 6.826138e-04
3.500000e+00 6.975631e-04
3.510000e+00 7.114818e-04
3.520000e+00 7.242468e-04
3.530000e+00 7.357400e-04
3.540000e+00 7.458504e-04
3.550000e+00 7.544760e-04
3.560000e+00 7.615249e-04
3.570000e+00 7.669173e-04
3.580000e+00 7.705865e-04
3.590000e+00 7.724801e-04
3.600000e+00 7.725608e-04
3.610000e+00 7.708069e-04
3.620000e+00 7.672130e-04
3.630000e+00 7.617895e-04
3.640000e+00 7.545625e-04
3.650000e+00 7.455738e-04
3.660000e+00 7.348795e-04
3.670000e+00 7.225493e-04
3.680000e+00 7.086653e-04
3.690000e+00 6.933210e-04
3.700000e+00 6.766192e-04
3.710000e+00 6.586709e-04
3.720000e+00 6.395936e-04
3.730000e+00 6.195094e-04
3.740000e+00 5.985440e-04
3.750000e+00 5.768245e-04
3.760000e+00 5.544782e-04
3.770000e+00 5.316311e-04
3.780000e+00 5.084070e-04
3.790000e+00 4.849259e-04
3.800000e+00 4.613036e-04
3.810000e+00 4.376503e-04
3.820000e+00 4.140704e-04
3.830000e+00 3.906621e-04
3.840000e+00 3.675166e-04
3.850000e+00 3.447183e-04
3.860000e+00 3.223444e-04
3.870000e+00 3.004652e-04
3.880000e+00 2.791439e-04
3.890000e+00 2.584367e-04
3.900000e+00 2.383931e-04
3.910000e+00 2.190561e-04
3.920000e+00 2.004621e-04
3.930000e+00 1.826413e-04
3.940000e+00 1.656177e-04
3.950000e+00 1.494095e-04
3.960000e+00 1.340288e-04
3.970000e+00 1.194822e-04
3.980000e+00 1.057704e-04
3.990000e+00 9.288867e-05
4.000000e+00 8.082699e-05
4.010000e+00 6.956992e-05
4.020000e+00 5.909701e-05
4.030000e+00 4.938297e-05
4.040000e+00 4.039801e-05
4.050000e+00 3.210814e-05
4.060000e+00 2.447567e-05
4.070000e+00 1.745973e-05
4.080000e+00 1.101682e-05
4.090000e+00 5.101493e-06
4.100000e+00 -3.329184e-07
4.110000e+00 -5.333538e-06
4.120000e+00 -9.947146e-06
4.130000e+00 -1.421937e-05
4.140000e+00 -1.819386e-05
4.150000e+00 -2.191155e-05
4.160000e+00 -2.540990e-05
4.170000e+00 -2.872224e-05
4.180000e+00 -3.187727e-05
4.190000e+00 -3.489855e-05
4.200000e+00 -3.780426e-05
4.210000e+00 -4.060697e-05
4.220000e+00 -4.331370e-05
4.230000e+00 -4.592598e-05
4.240000e+00 -4.844022e-05
4.250000e+00 -5.084810e-05
4.260000e+00 -5.313719e-05
4.270000e+00 -5.529162e-05
4.280000e+00 -5.729291e-05
4.290000e+00 -5.912084e-05
4.300000e+00 -6.075438e-05
4.310000e+00 -6.217269e-05
4.320000e+00 -6.335604e-05
4.330000e+00 -6.428676e-05
4.340000e+00 -6.495013e-05
4.350000e+00 -6.533516e-05
4.360000e+00 -6.543528e-05
4.370000e+00 -6.524889e-05
4.380000e+00 -6.477981e-05
4.390000e+00 -6.403755e-05
4.400000e+00 -6.303741e-05
4.410000e+00 -6.180042e-05
4.420000e+00 -6.035319e-05
4.430000e+00 -5.872750e-05
4.440000e+00 -5.695985e-05
4.450000e+00 -5.509083e-05
4.460000e+00 -5.316438e-05
4.470000e+00 -5.122699e-05
4.480000e+00 -4.932685e-05
4.490000e+00 -4.751287e-05
4.500000e+00 -4.583380e-05
4.510000e+00 -4.433722e-05
4.520000e+00 -4.306866e-05
4.530000e+00 -4.207070e-05
4.540000e+00 -4.138210e-05
4.550000e+00 -4.103708e-05
4.560000e+00 -4.106460e-05
4.570000e+00 -4.148775e-05
4.580000e+00 -4.232329e-05
4.590000e+00 -4.358117e-05
4.600000e+00 -4.526428e-05
4.610000e+00 -4.736820e-05
4.620000e+00 -4.988110e-05
4.630000e+00 -5.278372e-05
4.640000e+00 -5.604944e-05
4.650000e+00 -5.964442e-05
4.660000e+00 -6.352787e-05
4.670000e+00 -6.765234e-05
4.680000e+00 -7.196411e-05
4.690000e+00 -7.640366e-05
4.700000e+00 -8.090617e-05
4.710000e+00 -8.540211e-05
4.720000e+00 -8.981792e-05
4.730000e+00 -9.407662e-05
4.740000e+00 -9.809864e-05
4.750000e+00 -1.018026e-04
4.760000e+00 -1.051060e-04
4.770000e+00 -1.079263e-04
4.780000e+00 -1.101818e-04
4.790000e+00 -1.117923e-04
4.800000e+00 -1.126802e-04
4.810000e+00 -1.127715e-04
4.820000e+00 -1.119966e-04
4.830000e+00 -1.102910e-04
4.840000e+00 -1.075965e-04
4.850000e+00 -1.038616e-04
4.860000e+00 -9.904235e-05
4.870000e+00 -9.310290e-05
4.880000e+00 -8.601609e-05
4.890000e+00 -7.776369e-05
4.900000e+00 -6.833675e-05
4.910000e+00 -5.773567e-05
4.920000e+00 -4.597023e-05
4.930000e+00 -3.305944e-05
4.940000e+00 -1.903123e-05
4.950000e+00 -3.922119e-06
4.960000e+00 1.222333e-05
4.970000e+00 2.935310e-05
4.980000e+00 4.740842e-05
4.990000e+00 6.632449e-05
5.000000e+00 8.603126e-05
5.010000e+00 1.064543e-04
5.020000e+00 1.275154e-04
5.030000e+00 1.491337e-04
5.040000e+00 1.712261e-04
5.050000e+00 1.937080e-04
5.060000e+00 2.164940e-04
5.070000e+00 2.394982e-04
5.080000e+00 2.626347e-04
5.090000e+00 2.858179e-04
5.100000e+00 3.089628e-04
5.110000e+00 3.319846e-04
5.120000e+00 3.547995e-04
5.130000e+00 3.773238e-04
5.140000e+00 3.994743e-04
5.150000e+00 4.211681e-04
5.160000e+00 4.423222e-04
5.170000e+00 4.628537e-04
5.180000e+00 4.826792e-04
5.190000e+00 5.017154e-04
5.200000e+00 5.198786e-04
5.210000e+00 5.370849e-04
5.220000e+00 5.532509e-04
5.230000e+00 5.682933e-04
5.240000e+00 5.821303e-04
5.250000e+00 5.946813e-04
5.260000e+00 6.058682e-04
5.270000e+00 6.156163e-04
5.280000e+00 6.238547e-04
5.290000e+00 6.305178e-04
5.300000e+00 6.355458e-04
5.310000e+00 6.388862e-04
5.320000e+00 6.404947e-04
5.330000e+00 6.403356e-04
5.340000e+00 6.383835e-04
5.350000e+00 6.346233e-04
5.360000e+00 6.290511e-04
5.370000e+00 6.216747e-04
5.380000e+00 6.125134e-04
5.390000e+00 6.015987e-04
5.400000e+00 5.889736e-04
5.410000e+00 5.746925e-04
5.420000e+00 5.588205e-04
5.430000e+00 5.414331e-04
5.440000e+00 5.226145e-04
5.450000e+00 5.024579e-04
5.460000e+00 4.810630e-04
5.470000e+00 4.585361e-04
5.480000e+00 4.349883e-04
5.490000e+00 4.105342e-04
5.500000e+00 3.852916e-04
5.510000e+00 3.593798e-04
5.520000e+00 3.329187e-04
5.530000e+00 3.060287e-04
5.540000e+00 2.788294e-04
5.550000e+00 2.514393e-04
5.560000e+00 2.239758e-04
5.570000e+00 1.965549e-04
5.580000e+00 1.692910e-04
5.590000e+00 1.422976e-04
5.600000e+00 1.156868e-04
5.610000e+00 8.957055e-05
5.620000e+00 6.406016e-05
5.630000e+00 3.926727e-05
5.640000e+00 1.530392e-05
5.650000e+00 -7.717066e-06
5.660000e+00 -2.968194e-05
5.670000e+00 -5.047604e-05
5.680000e+00 -6.998389e-05
5.690000e+00 -8.808958e-05
5.700000e+00 -1.046773e-04
5.710000e+00 -1.196322e-04
5.720000e+00 -1.328411e-04
5.730000e+00 -1.441942e-04
5.740000e+00 -1.535859e-04
5.750000e+00 -1.609166e-04
5.760000e+00 -1.660945e-04
5.770000e+00 -1.690370e-04
5.780000e+00 -1.696728e-04
5.790000e+00 -1.679435e-04
5.800000e+00 -1.638052e-04
5.810000e+00 -1.572301e-04
5.820000e+00 -1.482082e-04
5.830000e+00 -1.367479e-04
5.840000e+00 -1.228772e-04
5.850000e+00 -1.066443e-04
5.860000e+00 -8.811763e-05
5.870000e+00 -6.738589e-05
5.880000e+00 -4.455736e-05
5.890000e+00 -1.975910e-05
5.900000e+00 6.864355e-06
5.910000e+00 3.515263e-05
5.920000e+00 6.493145e-05
5.930000e+00 9.601489e-05
5.940000e+00 1.282079e-04
5.950000e+00 1.613088e-04
5.960000e+00 1.951126e-04
5.970000e+00 2.294131e-04
5.980000e+00 2.640067e-04
5.990000e+00 2.986945e-04
6.000000e+00 3.332857e-04
6.010000e+00 3.675996e-04
6.020000e+00 4.014688e-04
6.030000e+00 4.347404e-04
6.040000e+00 4.672787e-04
6.050000e+00 4.989663e-04
6.060000e+00 5.297053e-04
6.070000e+00 5.594181e-04
6.080000e+00 5.880481e-04
6.090000e+00 6.155597e-04
6.100000e+00 6.419376e-04
6.110000e+00 6.671869e-04
6.120000e+00 6.913316e-04
6.130000e+00 7.144136e-04
6.140000e+00 7.364911e-04
6.150000e+00 7.576373e-04
6.160000e+00 7.779379e-04
6.170000e+00 7.974896e-04
6.180000e+00 8.163975e-04
6.190000e+00 8.347733e-04
6.200000e+00 8.527328e-04
6.210000e+00 8.703937e-04
6.220000e+00 8.878737e-04
6.230000e+00 9.052876e-04
6.240000e+00 9.227460e-04
6.250000e+00 9.403530e-04
6.260000e+00 9.582043e-04
6.270000e+00 9.763859e-04
6.280000e+00 9.949719e-04
6.290000e+00 1.014024e-03
6.300000e+00 1.033589e-03
6.310000e+00 1.053701e-03
6.320000e+00 1.074375e-03
6.330000e+00 1.095612e-03
6.340000e+00 1.117397e-03
6.350000e+00 1.139695e-03
6.360000e+00 1.162457e-03
6.370000e+00 1.185618e-03
6.380000e+00 1.209095e-03
6.390000e+00 1.232790e-03
6.400000e+00 1.256592e-03
6.410000e+00 1.280376e-03
6.420000e+00 1.304006e-03
6.430000e+00 1.327334e-03
6.440000e+00 1.350204e-03
6.450000e+00 1.372454e-03
6.460000e+00 1.393916e-03
6.470000e+00 1.414419e-03
6.480000e+00 1.433791e-03
6.490000e+00 1.451860e-03
6.500000e+00 1.468460e-03
6.510000e+00 1.483428e-03
6.520000e+00 1.496608e-03
6.530000e+00 1.507855e-03
6.540000e+00 1.517033e-03
6.550000e+00 1.524021e-03
6.560000e+00 1.528709e-03
6.570000e+00 1.531006e-03
6.580000e+00 1.530833e-03
6.590000e+00 1.528133e-03
6.600000e+00 1.522864e-03
6.610000e+00 1.515002e-03
6.620000e+00 1.504542e-03
6.630000e+00 1.491496e-03
6.640000e+00 1.475896e-03
6.650000e+00 1.457788e-03
6.660000e+00 1.437237e-03
6.670000e+00 1.414321e-03
6.680000e+00 1.389134e-03
6.690000e+00 1.361780e-03
6.700000e+00 1.332380e-03
6.710000e+00 1.301059e-03
6.720000e+00 1.267955e-03
6.730000e+00 1.233213e-03
6.740000e+00 1.196984e-03
6.750000e+00 1.159422e-03
6.760000e+00 1.120687e-03
6.770000e+00 1.080940e-03
6.780000e+00 1.040343e-03
6.790000e+00 9.990590e-04
6.800000e+00 9.572482e-04
6.810000e+00 9.150698e-04
6.820000e+00 8.726799e-04
6.830000e+00 8.302303e-04
6.840000e+00 7.878680e-04
6.850000e+00 7.457344e-04
6.860000e+00 7.039642e-04
6.870000e+00 6.626847e-04
6.880000e+00 6.220149e-04
6.890000e+00 5.820648e-04
6.900000e+00 5.429346e-04
6.910000e+00 5.047135e-04
6.920000e+00 4.674794e-04
6.930000e+00 4.312979e-04
6.940000e+00 3.962216e-04
6.950000e+00 3.622897e-04
6.960000e+00 3.295273e-04
6.970000e+00 2.979449e-04
6.980000e+00 2.675386e-04
6.990000e+00 2.382899e-04
7.000000e+00 2.101656e-04
7.010000e+00 1.831187e-04
7.020000e+00 1.570886e-04
7.030000e+00 1.320024e-04
7.040000e+00 1.077757e-04
7.050000e+00 8.431421e-05
7.060000e+00 6.151544e-05
7.070000e+00 3.927048e-05
7.080000e+00 1.746611e-05
7.090000e+00 -4.012939e-06
7.100000e+00 -2.528164e-05
7.110000e+00 -4.645221e-05
7.120000e+00 -6.763167e-05
7.130000e+00 -8.891937e-05
7.140000e+00 -1.104047e-04
7.150000e+00 -1.321647e-04
7.160000e+00 -1.542624e-04
7.170000e+00 -1.767447e-04
7.180000e+00 -1.996410e-04
7.190000e+00 -2.229623e-04
7.200000e+00 -2.467002e-04
7.210000e+00 -2.708265e-04
7.220000e+00 -2.952937e-04
7.230000e+00 -3.200349e-04
7.240000e+00 -3.449651e-04
7.250000e+00 -3.699823e-04
7.260000e+00 -3.949693e-04
7.270000e+00 -4.197955e-04
7.280000e+00 -4.443195e-04
7.290000e+00 -4.683912e-04
7.300000e+00 -4.918548e-04
7.310000e+00 -5.145514e-04
7.320000e+00 -5.363220e-04
7.330000e+00 -5.570104e-04
7.340000e+00 -5.764658e-04
7.350000e+00 -5.945454e-04
7.360000e+00 -6.111170e-04
7.370000e+00 -6.260610e-04
7.380000e+00 -6.392725e-04
7.390000e+00 -6.506626e-04
7.400000e+00 -6.601600e-04
7.410000e+00 -6.677115e-04
7.420000e+00 -6.732827e-04
7.430000e+00 -6.768581e-04
7.440000e+00 -6.784410e-04
7.450000e+00 -6.780528e-04
7.460000e+00 -6.757325e-04
7.470000e+00 -6.715353e-04
7.480000e+00 -6.655316e-04
7.490000e+00 -6.578054e-04
7.500000e+00 -6.484528e-04
7.510000e+00 -6.375805e-04
7.520000e+00 -6.253039e-04
7.530000e+00 -6.117457e-04
7.540000e+00 -5.970340e-04
7.550000e+00 -5.813011e-04
7.560000e+00 -5.646820e-04
7.570000e+00 -5.473129e-04
7.580000e+00 -5.293305e-04
7.590000e+00 -5.108705e-04
7.600000e+00 -4.920672e-04
7.610000e+00 -4.730528e-04
7.620000e+00 -4.539567e-04
7.630000e+00 -4.349050e-04
7.640000e+00 -4.160205e-04
7.650000e+00 -3.974222e-04
7.660000e+00 -3.792252e-04
7.670000e+00 -3.615407e-04
7.680000e+00 -3.444756e-04
7.690000e+00 -3.281324e-04
7.700000e+00 -3.126091e-04
7.710000e+00 -2.979989e-04
7.720000e+00 -2.843895e-04
7.730000e+00 -2.718633e-04
7.740000e+00 -2.604964e-04
7.750000e+00 -2.503579e-04
7.760000e+00 -2.415098e-04
7.770000e+00 -2.340056e-04
7.780000e+00 -2.278897e-04
7.790000e+00 -2.231967e-04
7.800000e+00 -2.199501e-04
7.810000e+00 -2.181620e-04
7.820000e+00 -2.178315e-04
7.830000e+00 -2.189447e-04
7.840000e+00 -2.214734e-04
7.850000e+00 -2.253748e-04
7.860000e+00 -2.305907e-04
7.870000e+00 -2.370476e-04
7.880000e+00 -2.446566e-04
7.890000e+00 -2.533129e-04
7.900000e+00 -2.628967e-04
7.910000e+00 -2.732734e-04
7.920000e+00 -2.842943e-04
7.930000e+00 -2.957978e-04
7.940000e+00 -3.076100e-04
7.950000e+00 -3.195469e-04
7.960000e+00 -3.314152e-04
7.970000e+00 -3.430145e-04
7.980000e+00 -3.541391e-04
7.990000e+00 -3.645798e-04
8.000000e+00 -3.741265e-04
8.010000e+00 -3.825701e-04
8.020000e+00 -3.897048e-04
8.030000e+00 -3.953307e-04
8.040000e+00 -3.992559e-04
8.050000e+00 -4.012985e-04
8.060000e+00 -4.012895e-04
8.070000e+00 -3.990740e-04
8.080000e+00 -3.945140e-04
8.090000e+00 -3.874895e-04
8.100000e+00 -3.779006e-04
8.110000e+00 -3.656685e-04
8.120000e+00 -3.507369e-04
8.130000e+00 -3.330730e-04
8.140000e+00 -3.126678e-04
8.150000e+00 -2.895365e-04
8.160000e+00 -2.637190e-04
8.170000e+00 -2.352792e-04
8.180000e+00 -2.043048e-04
8.190000e+00 -1.709061e-04
8.200000e+00 -1.352156e-04
8.210000e+00 -9.738601e-05
8.220000e+00 -5.758913e-05
8.230000e+00 -1.601384e-05
8.240000e+00 2.713583e-05
8.250000e+00 7.164288e-05
8.260000e+00 1.172796e-04
8.270000e+00 1.638100e-04
8.280000e+00 2.109923e-04
8.290000e+00 2.585814e-04
8.300000e+00 3.063316e-04
8.310000e+00 3.539988e-04
8.320000e+00 4.013431e-04
8.330000e+00 4.481311e-04
8.340000e+00 4.941379e-04
8.350000e+00 5.391495e-04
8.360000e+00 5.829643e-04
8.370000e+00 6.253950e-04
8.380000e+00 6.662699e-04
8.390000e+00 7.054338e-04
8.400000e+00 7.427495e-04
8.410000e+00 7.780981e-04
8.420000e+00 8.113796e-04
8.430000e+00 8.425130e-04
8.440000e+00 8.714366e-04
8.450000e+00 8.981074e-04
8.460000e+00 9.225008e-04
8.470000e+00 9.446102e-04
8.480000e+00 9.644463e-04
8.490000e+00 9.820357e-04
8.500000e+00 9.974207e-04
8.510000e+00 1.010658e-03
8.520000e+00 1.021816e-03
8.530000e+00 1.030978e-03
8.540000e+00 1.038235e-03
8.550000e+00 1.043690e-03
8.560000e+00 1.047453e-03
8.570000e+00 1.049642e-03
8.580000e+00 1.050382e-03
8.590000e+00 1.049803e-03
8.600000e+00 1.048037e-03
8.610000e+00 1.045222e-03
8.620000e+00 1.041498e-03
8.630000e+00 1.037006e-03
8.640000e+00 1.031886e-03
8.650000e+00 1.026280e-03
8.660000e+00 1.020328e-03
8.670000e+00 1.014168e-03
8.680000e+00 1.007937e-03
8.690000e+00 1.001765e-03
8.700000e+00 9.957820e-04
8.710000e+00 9.901094e-04
8.720000e+00 9.848646e-04
8.730000e+00 9.801577e-04
8.740000e+00 9.760914e-04
8.750000e+00 9.727599e-04
8.760000e+00 9.702483e-04
8.770000e+00 9.686316e-04
8.780000e+00 9.679740e-04
8.790000e+00 9.683283e-04
8.800000e+00 9.697348e-04
8.810000e+00 9.722211e-04
8.820000e+00 9.758013e-04
8.830000e+00 9.804758e-04
8.840000e+00 9.862304e-04
8.850000e+00 9.930365e-04
8.860000e+00 1.000851e-03
8.870000e+00 1.009616e-03
8.880000e+00 1.019259e-03
8.890000e+00 1.029693e-03
8.900000e+00 1.040818e-03
8.910000e+00 1.052519e-03
8.920000e+00 1.064669e-03
8.930000e+00 1.077131e-03
8.940000e+00 1.089754e-03
8.950000e+00 1.102379e-03
8.960000e+00 1.114839e-03
8.970000e+00 1.126957e-03
8.980000e+00 1.138553e-03
8.990000e+00 1.149440e-03
9.000000e+00 1.159430e-03
9.010000e+00 1.168332e-03
9.020000e+00 1.175958e-03
9.030000e+00 1.182120e-03
9.040000e+00 1.186634e-03
9.050000e+00 1.189322e-03
9.060000e+00 1.190014e-03
9.070000e+00 1.188548e-03
9.080000e+00 1.184774e-03
9.090000e+00 1.178553e-03
9.100000e+00 1.169761e-03
9.110000e+00 1.158289e-03
9.120000e+00 1.144045e-03
9.130000e+00 1.126956e-03
9.140000e+00 1.106965e-03
9.150000e+00 1.084040e-03
9.160000e+00 1.058165e-03
9.170000e+00 1.029349e-03
9.180000e+00 9.976192e-04
9.190000e+00 9.630282e-04
9.200000e+00 9.256486e-04
9.210000e+00 8.855745e-04
9.220000e+00 8.429215e-04
9.230000e+00 7.978249e-04
9.240000e+00 7.504396e-04
9.250000e+00 7.009381e-04
9.260000e+00 6.495099e-04
9.270000e+00 5.963593e-04
9.280000e+00 5.417039e-04
9.290000e+00 4.857726e-04
9.300000e+00 4.288040e-04
9.310000e+00 3.710440e-04
9.320000e+00 3.127438e-04
9.330000e+00 2.541578e-04
9.340000e+00 1.955417e-04
9.350000e+00 1.371505e-04
9.360000e+00 7.923641e-05
9.370000e+00 2.204715e-05
9.380000e+00 -3.417550e-05
9.390000e+00 -8.919728e-05
9.400000e+00 -1.427927e-04
9.410000e+00 -1.947461e-04
9.420000e+00 -2.448524e-04
9.430000e+00 -2.929180e-04
9.440000e+00 -3.387610e-04
9.450000e+00 -3.822115e-04
9.460000e+00 -4.231120e-04
9.470000e+00 -4.613169e-04
9.480000e+00 -4.966930e-04
9.490000e+00 -5.291187e-04
9.500000e+00 -5.584838e-04
9.510000e+00 -5.846898e-04
9.520000e+00 -6.076488e-04
9.530000e+00 -6.272840e-04
9.540000e+00 -6.435289e-04
9.550000e+00 -6.563280e-04
9.560000e+00 -6.656360e-04
9.570000e+00 -6.714187e-04
9.580000e+00 -6.736528e-04
9.590000e+00 -6.723266e-04
9.600000e+00 -6.674407e-04
9.610000e+00 -6.590083e-04
9.620000e+00 -6.470563e-04
9.630000e+00 -6.316259e-04
9.640000e+00 -6.127735e-04
9.650000e+00 -5.905718e-04
9.660000e+00 -5.651102e-04
9.670000e+00 -5.364957e-04
9.680000e+00 -5.048535e-04
9.690000e+00 -4.703272e-04
9.700000e+00 -4.330795e-04
9.710000e+00 -3.932913e-04
9.720000e+00 -3.511622e-04
9.730000e+00 -3.069094e-04
9.740000e+00 -2.607670e-04
9.750000e+00 -2.129846e-04
9.760000e+00 -1.638258e-04
9.770000e+00 -1.135665e-04
9.780000e+00 -6.249273e-05
9.790000e+00 -1.089818e-05
9.800000e+00 4.091809e-05
9.810000e+00 9.265454e-05
9.820000e+00 1.440098e-04
9.830000e+00 1.946857e-04
9.840000e+00 2.443899e-04
9.850000e+00 2.928386e-04
9.860000e+00 3.397594e-04
9.870000e+00 3.848938e-04
9.880000e+00 4.279991e-04
9.890000e+00 4.688504e-04
9.900000e+00 5.072427e-04
9.910000e+00 5.429915e-04
9.920000e+00 5.759344e-04
9.930000e+00 6.059310e-04
9.940000e+00 6.328638e-04
9.950000e+00 6.566374e-04
9.960000e+00 6.771787e-04
9.970000e+00 6.944352e-04
9.980000e+00 7.083750e-04
9.990000e+00 7.189847e-04
1.000000e+01 7.262684e-04
