# sigma2_v 9.949181650580101e+00
0.000000e+00 1.000000e+00
1.000000e-02 9.995027e-01
2.000000e-02 9.980123e-01
3.000000e-02 9.955338e-01
4.000000e-02 9.920753e-01
5.000000e-02 9.876479e-01
6.000000e-02 9.822661e-01
7.000000e-02 9.759471e-01
8.000000e-02 9.687114e-01
9.000000e-02 9.605818e-01
1.000000e-01 9.515842e-01
1.100000e-01 9.417468e-01
1.200000e-01 9.311001e-01
1.300000e-01 9.196768e-01
1.400000e-01 9.075118e-01
1.500000e-01 8.946415e-01
1.600000e-01 8.811041e-01
1.700000e-01 8.669391e-01
1.800000e-01 8.521873e-01
1.900000e-01 8.368903e-01
2.000000e-01 8.210906e-01
2.100000e-01 8.048315e-01
2.200000e-01 7.881562e-01
2.300000e-01 7.711086e-01
2.400000e-01 7.537320e-01
2.500000e-01 7.360701e-01
2.600000e-01 7.181658e-01
2.700000e-01 7.000617e-01
2.800000e-01 6.817994e-01
2.900000e-01 6.634199e-01
3.000000e-01 6.449632e-01
3.100000e-01 6.264679e-01
3.200000e-01 6.079716e-01
3.300000e-01 5.895104e-01
3.400000e-01 5.711191e-01
3.500000e-01 5.528309e-01
3.600000e-01 5.346772e-01
3.700000e-01 5.166880e-01
3.800000e-01 4.988915e-01
3.900000e-01 4.813140e-01
4.000000e-01 4.639803e-01
4.100000e-01 4.469131e-01
4.200000e-01 4.301335e-01
4.300000e-01 4.136607e-01
4.400000e-01 3.975123e-01
4.500000e-01 3.817037e-01
4.600000e-01 3.662491e-01
4.700000e-01 3.511606e-01
4.800000e-01 3.364488e-01
4.900000e-01 3.221225e-01
5.000000e-01 3.081893e-01
5.100000e-01 2.946548e-01
5.200000e-01 2.815236e-01
5.300000e-01 2.687986e-01
5.400000e-01 2.564816e-01
5.500000e-01 2.445730e-01
5.600000e-01 2.330720e-01
5.700000e-01 2.219768e-01
5.800000e-01 2.112845e-01
5.900000e-01 2.009914e-01
6.000000e-01 1.910927e-01
6.100000e-01 1.815828e-01
6.200000e-01 1.724555e-01
6.300000e-01 1.637039e-01
6.400000e-01 1.553204e-01
6.500000e-01 1.472969e-01
6.600000e-01 1.396249e-01
6.700000e-01 1.322955e-01
6.800000e-01 1.252994e-01
6.900000e-01 1.186269e-01
7.000000e-01 1.122683e-01
7.100000e-01 1.062136e-01
7.200000e-01 1.004527e-01
7.300000e-01 9.497534e-02
7.400000e-01 8.977128e-02
7.500000e-01 8.483030e-02
7.600000e-01 8.014216e-02
7.700000e-01 7.569675e-02
7.800000e-01 7.148403e-02
7.900000e-01 6.749409e-02
8.000000e-01 6.371720e-02
8.100000e-01 6.014380e-02
8.200000e-01 5.676454e-02
8.300000e-01 5.357030e-02
8.400000e-01 5.055217e-02
8.500000e-01 4.770155e-02
8.600000e-01 4.501005e-02
8.700000e-01 4.246960e-02
8.800000e-01 4.007240e-02
8.900000e-01 3.781093e-02
9.000000e-01 3.567800e-02
9.100000e-01 3.366668e-02
9.200000e-01 3.177035e-02
9.300000e-01 2.998272e-02
9.400000e-01 2.829776e-02
9.500000e-01 2.670974e-02
9.600000e-01 2.521323e-02
9.700000e-01 2.380307e-02
9.800000e-01 2.247439e-02
9.900000e-01 2.122257e-02
1.000000e+00 2.004325e-02
1.010000e+00 1.893233e-02
1.020000e+00 1.788595e-02
1.030000e+00 1.690045e-02
1.040000e+00 1.597241e-02
1.050000e+00 1.509861e-02
1.060000e+00 1.427602e-02
1.070000e+00 1.350179e-02
1.080000e+00 1.277326e-02
1.090000e+00 1.208789e-02
1.100000e+00 1.144334e-02
1.110000e+00 1.083737e-02
1.120000e+00 1.026789e-02
1.130000e+00 9.732918e-03
1.140000e+00 9.230589e-03
1.150000e+00 8.759143e-03
1.160000e+00 8.316914e-03
1.170000e+00 7.902326e-03
1.180000e+00 7.513886e-03
1.190000e+00 7.150176e-03
1.200000e+00 6.809854e-03
1.210000e+00 6.491640e-03
1.220000e+00 6.194323e-03
1.230000e+00 5.916747e-03
1.240000e+00 5.657812e-03
1.250000e+00 5.416474e-03
1.260000e+00 5.191737e-03
1.270000e+00 4.982650e-03
1.280000e+00 4.788311e-03
1.290000e+00 4.607858e-03
1.300000e+00 4.440470e-03
1.310000e+00 4.285365e-03
1.320000e+00 4.141797e-03
1.330000e+00 4.009053e-03
1.340000e+00 3.886455e-03
1.350000e+00 3.773354e-03
1.360000e+00 3.669130e-03
1.370000e+00 3.573190e-03
1.380000e+00 3.484968e-03
1.390000e+00 3.403921e-03
1.400000e+00 3.329528e-03
1.410000e+00 3.261292e-03
1.420000e+00 3.198733e-03
1.430000e+00 3.141392e-03
1.440000e+00 3.088830e-03
1.450000e+00 3.040625e-03
1.460000e+00 2.996371e-03
1.470000e+00 2.955681e-03
1.480000e+00 2.918186e-03
1.490000e+00 2.883533e-03
1.500000e+00 2.851387e-03
1.510000e+00 2.821430e-03
1.520000e+00 2.793363e-03
1.530000e+00 2.766907e-03
1.540000e+00 2.741798e-03
1.550000e+00 2.717795e-03
1.560000e+00 2.694675e-03
1.570000e+00 2.672235e-03
1.580000e+00 2.650291e-03
1.590000e+00 2.628682e-03
1.600000e+00 2.607264e-03
1.610000e+00 2.585914e-03
1.620000e+00 2.564527e-03
1.630000e+00 2.543019e-03
1.640000e+00 2.521320e-03
1.650000e+00 2.499380e-03
1.660000e+00 2.477162e-03
1.670000e+00 2.454646e-03
1.680000e+00 2.431822e-03
1.690000e+00 2.408692e-03
1.700000e+00 2.385270e-03
1.710000e+00 2.361576e-03
1.720000e+00 2.337637e-03
1.730000e+00 2.313486e-03
1.740000e+00 2.289158e-03
1.750000e+00 2.264693e-03
1.760000e+00 2.240130e-03
1.770000e+00 2.215508e-03
1.780000e+00 2.190865e-03
1.790000e+00 2.166239e-03
1.800000e+00 2.141662e-03
1.810000e+00 2.117167e-03
1.820000e+00 2.092780e-03
1.830000e+00 2.068527e-03
1.840000e+00 2.044429e-03
1.850000e+00 2.020504e-03
1.860000e+00 1.996769e-03
1.870000e+00 1.973238e-03
1.880000e+00 1.949922e-03
1.890000e+00 1.926833e-03
1.900000e+00 1.903982e-03
1.910000e+00 1.881382e-03
1.920000e+00 1.859044e-03
1.930000e+00 1.836983e-03
1.940000e+00 1.815217e-03
1.950000e+00 1.793765e-03
1.960000e+00 1.772650e-03
1.970000e+00 1.751899e-03
1.980000e+00 1.731543e-03
1.990000e+00 1.711617e-03
2.000000e+00 1.692160e-03
2.010000e+00 1.673213e-03
2.020000e+00 1.654825e-03
2.030000e+00 1.637043e-03
2.040000e+00 1.619922e-03
2.050000e+00 1.603515e-03
2.060000e+00 1.587881e-03
2.070000e+00 1.573076e-03
2.080000e+00 1.559160e-03
2.090000e+00 1.546192e-03
2.100000e+00 1.534228e-03
2.110000e+00 1.523325e-03
2.120000e+00 1.513538e-03
2.130000e+00 1.504917e-03
2.140000e+00 1.497511e-03
2.150000e+00 1.491364e-03
2.160000e+00 1.486515e-03
2.170000e+00 1.483000e-03
2.180000e+00 1.480849e-03
2.190000e+00 1.480087e-03
2.200000e+00 1.480735e-03
2.210000e+00 1.482808e-03
2.220000e+00 1.486313e-03
2.230000e+00 1.491256e-03
2.240000e+00 1.497635e-03
2.250000e+00 1.505444e-03
2.260000e+00 1.514671e-03
2.270000e+00 1.525302e-03
2.280000e+00 1.537316e-03
2.290000e+00 1.550688e-03
2.300000e+00 1.565390e-03
2.310000e+00 1.581391e-03
2.320000e+00 1.598653e-03
2.330000e+00 1.617137e-03
2.340000e+00 1.636800e-03
2.350000e+00 1.657596e-03
2.360000e+00 1.679474e-03
2.370000e+00 1.702382e-03
2.380000e+00 1.726263e-03
2.390000e+00 1.751056e-03
2.400000e+00 1.776697e-03
2.410000e+00 1.803120e-03
2.420000e+00 1.830252e-03
2.430000e+00 1.858019e-03
2.440000e+00 1.886342e-03
2.450000e+00 1.915137e-03
2.460000e+00 1.944319e-03
2.470000e+00 1.973797e-03
2.480000e+00 2.003477e-03
2.490000e+00 2.033261e-03
2.500000e+00 2.063050e-03
2.510000e+00 2.092741e-03
2.520000e+00 2.122228e-03
2.530000e+00 2.151404e-03
2.540000e+00 2.180163e-03
2.550000e+00 2.208395e-03
2.560000e+00 2.235992e-03
2.570000e+00 2.262848e-03
2.580000e+00 2.288859e-03
2.590000e+00 2.313922e-03
2.600000e+00 2.337938e-03
2.610000e+00 2.360814e-03
2.620000e+00 2.382460e-03
2.630000e+00 2.402795e-03
2.640000e+00 2.421740e-03
2.650000e+00 2.439227e-03
2.660000e+00 2.455194e-03
2.670000e+00 2.469587e-03
2.680000e+00 2.482362e-03
2.690000e+00 2.493480e-03
2.700000e+00 2.502913e-03
2.710000e+00 2.510642e-03
2.720000e+00 2.516655e-03
2.730000e+00 2.520949e-03
2.740000e+00 2.523527e-03
2.750000e+00 2.524401e-03
2.760000e+00 2.523589e-03
2.770000e+00 2.521115e-03
2.780000e+00 2.517010e-03
2.790000e+00 2.511309e-03
2.800000e+00 2.504049e-03
2.810000e+00 2.495275e-03
2.820000e+00 2.485032e-03
2.830000e+00 2.473368e-03
2.840000e+00 2.460334e-03
2.850000e+00 2.445979e-03
2.860000e+00 2.430357e-03
2.870000e+00 2.413520e-03
2.880000e+00 2.395520e-03
2.890000e+00 2.376410e-03
2.900000e+00 2.356241e-03
2.910000e+00 2.335065e-03
2.920000e+00 2.312931e-03
2.930000e+00 2.289888e-03
2.940000e+00 2.265986e-03
2.950000e+00 2.241269e-03
2.960000e+00 2.215784e-03
2.970000e+00 2.189575e-03
2.980000e+00 2.162684e-03
2.990000e+00 2.135154e-03
3.000000e+00 2.107024e-03
3.010000e+00 2.078333e-03
3.020000e+00 2.049119e-03
3.030000e+00 2.019416e-03
3.040000e+00 1.989260e-03
3.050000e+00 1.958684e-03
3.060000e+00 1.927720e-03
3.070000e+00 1.896398e-03
3.080000e+00 1.864749e-03
3.090000e+00 1.832802e-03
3.100000e+00 1.800584e-03
3.110000e+00 1.768125e-03
3.120000e+00 1.735454e-03
3.130000e+00 1.702598e-03
3.140000e+00 1.669589e-03
3.150000e+00 1.636459e-03
3.160000e+00 1.603240e-03
3.170000e+00 1.569971e-03
3.180000e+00 1.536691e-03
3.190000e+00 1.503443e-03
3.200000e+00 1.470276e-03
3.210000e+00 1.437243e-03
3.220000e+00 1.404400e-03
3.230000e+00 1.371811e-03
3.240000e+00 1.339544e-03
3.250000e+00 1.307674e-03
3.260000e+00 1.276279e-03
3.270000e+00 1.245444e-03
3.280000e+00 1.215256e-03
3.290000e+00 1.185810e-03
3.300000e+00 1.157199e-03
3.310000e+00 1.129522e-03
3.320000e+00 1.102877e-03
3.330000e+00 1.077363e-03
3.340000e+00 1.053077e-03
3.350000e+00 1.030111e-03
3.360000e+00 1.008557e-03
3.370000e+00 9.884992e-04
3.380000e+00 9.700137e-04
3.390000e+00 9.531700e-04
3.400000e+00 9.380280e-04
3.410000e+00 9.246370e-04
3.420000e+00 9.130352e-04
3.430000e+00 9.032490e-04
3.440000e+00 8.952928e-04
3.450000e+00 8.891685e-04
3.460000e+00 8.848656e-04
3.470000e+00 8.823618e-04
3.480000e+00 8.816234e-04
3.490000e+00 8.826062e-04
3.500000e+00 8.852562e-04
3.510000e+00 8.895111e-04
3.520000e+00 8.953015e-04
3.530000e+00 9.025523e-04
3.540000e+00 9.111843e-04
3.550000e+00 9.211157e-04
3.560000e+00 9.322637e-04
3.570000e+00 9.445459e-04
3.580000e+00 9.578819e-04
3.590000e+00 9.721941e-04
3.600000e+00 9.874096e-04
3.610000e+00 1.003460e-03
3.620000e+00 1.020285e-03
3.630000e+00 1.037826e-03
3.640000e+00 1.056037e-03
3.650000e+00 1.074875e-03
3.660000e+00 1.094305e-03
3.670000e+00 1.114296e-03
3.680000e+00 1.134827e-03
3.690000e+00 1.155878e-03
3.700000e+00 1.177436e-03
3.710000e+00 1.199488e-03
3.720000e+00 1.222027e-03
3.730000e+00 1.245043e-03
3.740000e+00 1.268530e-03
3.750000e+00 1.292479e-03
3.760000e+00 1.316879e-03
3.770000e+00 1.341718e-03
3.780000e+00 1.366979e-03
3.790000e+00 1.392641e-03
3.800000e+00 1.418682e-03
3.810000e+00 1.445072e-03
3.820000e+00 1.471778e-03
3.830000e+00 1.498762e-03
3.840000e+00 1.525983e-03
3.850000e+00 1.553396e-03
3.860000e+00 1.580951e-03
3.870000e+00 1.608597e-03
3.880000e+00 1.636280e-03
3.890000e+00 1.663945e-03
3.900000e+00 1.691535e-03
3.910000e+00 1.718994e-03
3.920000e+00 1.746264e-03
3.930000e+00 1.773291e-03
3.940000e+00 1.800019e-03
3.950000e+00 1.826394e-03
3.960000e+00 1.852364e-03
3.970000e+00 1.877879e-03
3.980000e+00 1.902889e-03
3.990000e+00 1.927347e-03
4.000000e+00 1.951206e-03
4.010000e+00 1.974421e-03
4.020000e+00 1.996944e-03
4.030000e+00 2.018732e-03
4.040000e+00 2.039738e-03
4.050000e+00 2.059915e-03
4.060000e+00 2.079215e-03
4.070000e+00 2.097587e-03
4.080000e+00 2.114979e-03
4.090000e+00 2.131337e-03
4.100000e+00 2.146604e-03
4.110000e+00 2.160719e-03
4.120000e+00 2.173622e-03
4.130000e+00 2.185247e-03
4.140000e+00 2.195528e-03
4.150000e+00 2.204395e-03
4.160000e+00 2.211780e-03
4.170000e+00 2.217611e-03
4.180000e+00 2.221817e-03
4.190000e+00 2.224327e-03
4.200000e+00 2.225071e-03
4.210000e+00 2.223979e-03
4.220000e+00 2.220985e-03
4.230000e+00 2.216025e-03
4.240000e+00 2.209039e-03
4.250000e+00 2.199970e-03
4.260000e+00 2.188765e-03
4.270000e+00 2.175377e-03
4.280000e+00 2.159765e-03
4.290000e+00 2.141892e-03
4.300000e+00 2.121730e-03
4.310000e+00 2.099254e-03
4.320000e+00 2.074449e-03
4.330000e+00 2.047305e-03
4.340000e+00 2.017823e-03
4.350000e+00 1.986007e-03
4.360000e+00 1.951874e-03
4.370000e+00 1.915447e-03
4.380000e+00 1.876757e-03
4.390000e+00 1.835846e-03
4.400000e+00 1.792766e-03
4.410000e+00 1.747575e-03
4.420000e+00 1.700346e-03
4.430000e+00 1.651159e-03
4.440000e+00 1.600105e-03
4.450000e+00 1.547286e-03
4.460000e+00 1.492815e-03
4.470000e+00 1.436815e-03
4.480000e+00 1.379420e-03
4.490000e+00 1.320774e-03
4.500000e+00 1.261029e-03
4.510000e+00 1.200349e-03
4.520000e+00 1.138905e-03
4.530000e+00 1.076874e-03
4.540000e+00 1.014441e-03
4.550000e+00 9.517961e-04
4.560000e+00 8.891324e-04
4.570000e+00 8.266457e-04
4.580000e+00 7.645321e-04
4.590000e+00 7.029869e-04
4.600000e+00 6.422026e-04
4.610000e+00 5.823675e-04
4.620000e+00 5.236636e-04
4.630000e+00 4.662652e-04
4.640000e+00 4.103375e-04
4.650000e+00 3.560352e-04
4.660000e+00 3.035009e-04
4.670000e+00 2.528645e-04
4.680000e+00 2.042422e-04
4.690000e+00 1.577358e-04
4.700000e+00 1.134324e-04
4.710000e+00 7.140440e-05
4.720000e+00 3.170923e-05
4.730000e+00 -5.609946e-06
4.740000e+00 -4.052389e-05
4.750000e+00 -7.301650e-05
4.760000e+00 -1.030839e-04
4.770000e+00 -1.307335e-04
4.780000e+00 -1.559826e-04
4.790000e+00 -1.788574e-04
4.800000e+00 -1.993918e-04
4.810000e+00 -2.176256e-04
4.820000e+00 -2.336040e-04
4.830000e+00 -2.473760e-04
4.840000e+00 -2.589932e-04
4.850000e+00 -2.685092e-04
4.860000e+00 -2.759786e-04
4.870000e+00 -2.814563e-04
4.880000e+00 -2.849967e-04
4.890000e+00 -2.866541e-04
4.900000e+00 -2.864815e-04
4.910000e+00 -2.845314e-04
4.920000e+00 -2.808554e-04
4.930000e+00 -2.755044e-04
4.940000e+00 -2.685294e-04
4.950000e+00 -2.599810e-04
4.960000e+00 -2.499107e-04
4.970000e+00 -2.383709e-04
4.980000e+00 -2.254155e-04
4.990000e+00 -2.111001e-04
5.000000e+00 -1.954828e-04
5.010000e+00 -1.786243e-04
5.020000e+00 -1.605884e-04
5.030000e+00 -1.414416e-04
5.040000e+00 -1.212538e-04
5.050000e+00 -1.000982e-04
5.060000e+00 -7.805086e-05
5.070000e+00 -5.519057e-05
5.080000e+00 -3.159878e-05
5.090000e+00 -7.358976e-06
5.100000e+00 1.744373e-05
5.110000e+00 4.272313e-05
5.120000e+00 6.839248e-05
5.130000e+00 9.436514e-05
5.140000e+00 1.205552e-04
5.150000e+00 1.468780e-04
5.160000e+00 1.732509e-04
5.170000e+00 1.995939e-04
5.180000e+00 2.258298e-04
5.190000e+00 2.518854e-04
5.200000e+00 2.776913e-04
5.210000e+00 3.031828e-04
5.220000e+00 3.283000e-04
5.230000e+00 3.529885e-04
5.240000e+00 3.771990e-04
5.250000e+00 4.008883e-04
5.260000e+00 4.240190e-04
5.270000e+00 4.465597e-04
5.280000e+00 4.684851e-04
5.290000e+00 4.897762e-04
5.300000e+00 5.104201e-04
5.310000e+00 5.304100e-04
5.320000e+00 5.497451e-04
5.330000e+00 5.684305e-04
5.340000e+00 5.864769e-04
5.350000e+00 6.039004e-04
5.360000e+00 6.207221e-04
5.370000e+00 6.369680e-04
5.380000e+00 6.526680e-04
5.390000e+00 6.678560e-04
5.400000e+00 6.825687e-04
5.410000e+00 6.968456e-04
5.420000e+00 7.107276e-04
5.430000e+00 7.242568e-04
5.440000e+00 7.374755e-04
5.450000e+00 7.504252e-04
5.460000e+00 7.631461e-04
5.470000e+00 7.756760e-04
5.480000e+00 7.880496e-04
5.490000e+00 8.002978e-04
5.500000e+00 8.124468e-04
5.510000e+00 8.245180e-04
5.520000e+00 8.365269e-04
5.530000e+00 8.484833e-04
5.540000e+00 8.603908e-04
5.550000e+00 8.722469e-04
5.560000e+00 8.840431e-04
5.570000e+00 8.957652e-04
5.580000e+00 9.073941e-04
5.590000e+00 9.189059e-04
5.600000e+00 9.302731e-04
5.610000e+00 9.414656e-04
5.620000e+00 9.524515e-04
5.630000e+00 9.631984e-04
5.640000e+00 9.736743e-04
5.650000e+00 9.838493e-04
5.660000e+00 9.936961e-04
5.670000e+00 1.003192e-03
5.680000e+00 1.012318e-03
5.690000e+00 1.021062e-03
5.700000e+00 1.029419e-03
5.710000e+00 1.037388e-03
5.720000e+00 1.044978e-03
5.730000e+00 1.052204e-03
5.740000e+00 1.059086e-03
5.750000e+00 1.065653e-03
5.760000e+00 1.071935e-03
5.770000e+00 1.077971e-03
5.780000e+00 1.083800e-03
5.790000e+00 1.089461e-03
5.800000e+00 1.094996e-03
5.810000e+00 1.100443e-03
5.820000e+00 1.105836e-03
5.830000e+00 1.111204e-03
5.840000e+00 1.116568e-03
5.850000e+00 1.121943e-03
5.860000e+00 1.127330e-03
5.870000e+00 1.132720e-03
5.880000e+00 1.138092e-03
5.890000e+00 1.143412e-03
5.900000e+00 1.148632e-03
5.910000e+00 1.153690e-03
5.920000e+00 1.158512e-03
5.930000e+00 1.163012e-03
5.940000e+00 1.167090e-03
5.950000e+00 1.170639e-03
5.960000e+00 1.173541e-03
5.970000e+00 1.175673e-03
5.980000e+00 1.176907e-03
5.990000e+00 1.177111e-03
6.000000e+00 1.176156e-03
6.010000e+00 1.173913e-03
6.020000e+00 1.170257e-03
6.030000e+00 1.165071e-03
6.040000e+00 1.158247e-03
6.050000e+00 1.149688e-03
6.060000e+00 1.139307e-03
6.070000e+00 1.127034e-03
6.080000e+00 1.112811e-03
6.090000e+00 1.096599e-03
6.100000e+00 1.078372e-03
6.110000e+00 1.058123e-03
6.120000e+00 1.035860e-03
6.130000e+00 1.011607e-03
6.140000e+00 9.854046e-04
6.150000e+00 9.573055e-04
6.160000e+00 9.273770e-04
6.170000e+00 8.956980e-04
6.180000e+00 8.623576e-04
6.190000e+00 8.274542e-04
6.200000e+00 7.910932e-04
6.210000e+00 7.533863e-04
6.220000e+00 7.144495e-04
6.230000e+00 6.744017e-04
6.240000e+00 6.333638e-04
6.250000e+00 5.914573e-04
6.260000e+00 5.488033e-04
6.270000e+00 5.055218e-04
6.280000e+00 4.617309e-04
6.290000e+00 4.175462e-04
6.300000e+00 3.730808e-04
6.310000e+00 3.284447e-04
6.320000e+00 2.837448e-04
6.330000e+00 2.390850e-04
6.340000e+00 1.945660e-04
6.350000e+00 1.502858e-04
6.360000e+00 1.063394e-04
6.370000e+00 6.281938e-05
6.380000e+00 1.981571e-05
6.390000e+00 -2.258398e-05
6.400000e+00 -6.429437e-05
6.410000e+00 -1.052324e-04
6.420000e+00 -1.453175e-04
6.430000e+00 -1.844713e-04
6.440000e+00 -2.226182e-04
6.450000e+00 -2.596853e-04
6.460000e+00 -2.956029e-04
6.470000e+00 -3.303045e-04
6.480000e+00 -3.637274e-04
6.490000e+00 -3.958125e-04
6.500000e+00 -4.265054e-04
6.510000e+00 -4.557559e-04
6.520000e+00 -4.835188e-04
6.530000e+00 -5.097535e-04
6.540000e+00 -5.344248e-04
6.550000e+00 -5.575028e-04
6.560000e+00 -5.789625e-04
6.570000e+00 -5.987843e-04
6.580000e+00 -6.169539e-04
6.590000e+00 -6.334619e-04
6.600000e+00 -6.483039e-04
6.610000e+00 -6.614802e-04
6.620000e+00 -6.729958e-04
6.630000e+00 -6.828601e-04
6.640000e+00 -6.910869e-04
6.650000e+00 -6.976940e-04
6.660000e+00 -7.027034e-04
6.670000e+00 -7.061411e-04
6.680000e+00 -7.080370e-04
6.690000e+00 -7.084253e-04
6.700000e+00 -7.073440e-04
6.710000e+00 -7.048354e-04
6.720000e+00 -7.009462e-04
6.730000e+00 -6.957272e-04
6.740000e+00 -6.892339e-04
6.750000e+00 -6.815265e-04
6.760000e+00 -6.726694e-04
6.770000e+00 -6.627320e-04
6.780000e+00 -6.517878e-04
6.790000e+00 -6.399145e-04
6.800000e+00 -6.271940e-04
6.810000e+00 -6.137112e-04
6.820000e+00 -5.995541e-04
6.830000e+00 -5.848125e-04
6.840000e+00 -5.695778e-04
6.850000e+00 -5.539413e-04
6.860000e+00 -5.379939e-04
6.870000e+00 -5.218242e-04
6.880000e+00 -5.055180e-04
6.890000e+00 -4.891564e-04
6.900000e+00 -4.728152e-04
6.910000e+00 -4.565630e-04
6.920000e+00 -4.404608e-04
6.930000e+00 -4.245605e-04
6.940000e+00 -4.089040e-04
6.950000e+00 -3.935227e-04
6.960000e+00 -3.784371e-04
6.970000e+00 -3.636560e-04
6.980000e+00 -3.491770e-04
6.990000e+00 -3.349863e-04
7.000000e+00 -3.210597e-04
7.010000e+00 -3.073627e-04
7.020000e+00 -2.938519e-04
7.030000e+00 -2.804761e-04
7.040000e+00 -2.671780e-04
7.050000e+00 -2.538954e-04
7.060000e+00 -2.405632e-04
7.070000e+00 -2.271155e-04
7.080000e+00 -2.134874e-04
7.090000e+00 -1.996168e-04
7.100000e+00 -1.854467e-04
7.110000e+00 -1.709270e-04
7.120000e+00 -1.560162e-04
7.130000e+00 -1.406831e-04
7.140000e+00 -1.249085e-04
7.150000e+00 -1.086858e-04
7.160000e+00 -9.202255e-05
7.170000e+00 -7.494101e-05
7.180000e+00 -5.747828e-05
7.190000e+00 -3.968662e-05
7.200000e+00 -2.163313e-05
7.210000e+00 -3.399287e-06
7.220000e+00 1.491989e-05
7.230000e+00 3.321692e-05
7.240000e+00 5.137315e-05
7.250000e+00 6.926031e-05
7.260000e+00 8.674220e-05
7.270000e+00 1.036766e-04
7.280000e+00 1.199171e-04
7.290000e+00 1.353155e-04
7.300000e+00 1.497233e-04
7.310000e+00 1.629943e-04
7.320000e+00 1.749865e-04
7.330000e+00 1.855639e-04
7.340000e+00 1.945985e-04
7.350000e+00 2.019719e-04
7.360000e+00 2.075772e-04
7.370000e+00 2.113201e-04
7.380000e+00 2.131201e-04
7.390000e+00 2.129119e-04
7.400000e+00 2.106458e-04
7.410000e+00 2.062885e-04
7.420000e+00 1.998235e-04
7.430000e+00 1.912513e-04
7.440000e+00 1.805895e-04
7.450000e+00 1.678723e-04
7.460000e+00 1.531504e-04
7.470000e+00 1.364902e-04
7.480000e+00 1.179732e-04
7.490000e+00 9.769526e-05
7.500000e+00 7.576518e-05
7.510000e+00 5.230386e-05
7.520000e+00 2.744293e-05
7.530000e+00 1.323385e-06
7.540000e+00 -2.590584e-05
7.550000e+00 -5.408939e-05
7.560000e+00 -8.306700e-05
7.570000e+00 -1.126751e-04
7.580000e+00 -1.427486e-04
7.590000e+00 -1.731219e-04
7.600000e+00 -2.036311e-04
7.610000e+00 -2.341153e-04
7.620000e+00 -2.644180e-04
7.630000e+00 -2.943884e-04
7.640000e+00 -3.238829e-04
7.650000e+00 -3.527663e-04
7.660000e+00 -3.809128e-04
7.670000e+00 -4.082069e-04
7.680000e+00 -4.345443e-04
7.690000e+00 -4.598325e-04
7.700000e+00 -4.839917e-04
7.710000e+00 -5.069543e-04
7.720000e+00 -5.286660e-04
7.730000e+00 -5.490854e-04
7.740000e+00 -5.681841e-04
7.750000e+00 -5.859461e-04
7.760000e+00 -6.023681e-04
7.770000e+00 -6.174582e-04
7.780000e+00 -6.312363e-04
7.790000e+00 -6.437324e-04
7.800000e+00 -6.549866e-04
7.810000e+00 -6.650481e-04
7.820000e+00 -6.739744e-04
7.830000e+00 -6.818302e-04
7.840000e+00 -6.886870e-04
7.850000e+00 -6.946219e-04
7.860000e+00 -6.997167e-04
7.870000e+00 -7.040575e-04
7.880000e+00 -7.077335e-04
7.890000e+00 -7.108366e-04
7.900000e+00 -7.134601e-04
7.910000e+00 -7.156988e-04
7.920000e+00 -7.176477e-04
7.930000e+00 -7.194018e-04
7.940000e+00 -7.210553e-04
7.950000e+00 -7.227010e-04
7.960000e+00 -7.244298e-04
7.970000e+00 -7.263302e-04
7.980000e+00 -7.284875e-04
7.990000e+00 -7.309835e-04
8.000000e+00 -7.338959e-04
8.010000e+00 -7.372976e-04
8.020000e+00 -7.412561e-04
8.030000e+00 -7.458332e-04
8.040000e+00 -7.510842e-04
8.050000e+00 -7.570574e-04
8.060000e+00 -7.637937e-04
8.070000e+00 -7.713262e-04
8.080000e+00 -7.796797e-04
8.090000e+00 -7.888704e-04
8.100000e+00 -7.989059e-04
8.110000e+00 -8.097849e-04
8.120000e+00 -8.214973e-04
8.130000e+00 -8.340244e-04
8.140000e+00 -8.473393e-04
8.150000e+00 -8.614071e-04
8.160000e+00 -8.761858e-04
8.170000e+00 -8.916270e-04
8.180000e+00 -9.076764e-04
8.190000e+00 -9.242755e-04
8.200000e+00 -9.413621e-04
8.210000e+00 -9.588717e-04
8.220000e+00 -9.767389e-04
8.230000e+00 -9.948982e-04
8.240000e+00 -1.013286e-03
8.250000e+00 -1.031841e-03
8.260000e+00 -1.050506e-03
8.270000e+00 -1.069229e-03
8.280000e+00 -1.087964e-03
8.290000e+00 -1.106670e-03
8.300000e+00 -1.125314e-03
8.310000e+00 -1.143873e-03
8.320000e+00 -1.162328e-03
8.330000e+00 -1.180671e-03
8.340000e+00 -1.198899e-03
8.350000e+00 -1.217018e-03
8.360000e+00 -1.235039e-03
8.370000e+00 -1.252979e-03
8.380000e+00 -1.270860e-03
8.390000e+00 -1.288707e-03
8.400000e+00 -1.306547e-03
8.410000e+00 -1.324409e-03
8.420000e+00 -1.342319e-03
8.430000e+00 -1.360305e-03
8.440000e+00 -1.378389e-03
8.450000e+00 -1.396589e-03
8.460000e+00 -1.414920e-03
8.470000e+00 -1.433389e-03
8.480000e+00 -1.451998e-03
8.490000e+00 -1.470738e-03
8.500000e+00 -1.489598e-03
8.510000e+00 -1.508555e-03
8.520000e+00 -1.527580e-03
8.530000e+00 -1.546636e-03
8.540000e+00 -1.565682e-03
8.550000e+00 -1.584668e-03
8.560000e+00 -1.603541e-03
8.570000e+00 -1.622242e-03
8.580000e+00 -1.640710e-03
8.590000e+00 -1.658884e-03
8.600000e+00 -1.676699e-03
8.610000e+00 -1.694092e-03
8.620000e+00 -1.711002e-03
8.630000e+00 -1.727369e-03
8.640000e+00 -1.743136e-03
8.650000e+00 -1.758253e-03
8.660000e+00 -1.772672e-03
8.670000e+00 -1.786350e-03
8.680000e+00 -1.799250e-03
8.690000e+00 -1.811340e-03
8.700000e+00 -1.822594e-03
8.710000e+00 -1.832990e-03
8.720000e+00 -1.842510e-03
8.730000e+00 -1.851142e-03
8.740000e+00 -1.858874e-03
8.750000e+00 -1.865700e-03
8.760000e+00 -1.871612e-03
8.770000e+00 -1.876607e-03
8.780000e+00 -1.880678e-03
8.790000e+00 -1.883820e-03
8.800000e+00 -1.886024e-03
8.810000e+00 -1.887281e-03
8.820000e+00 -1.887576e-03
8.830000e+00 -1.886894e-03
8.840000e+00 -1.885214e-03
8.850000e+00 -1.882511e-03
8.860000e+00 -1.878756e-03
8.870000e+00 -1.873916e-03
8.880000e+00 -1.867953e-03
8.890000e+00 -1.860826e-03
8.900000e+00 -1.852490e-03
8.910000e+00 -1.842897e-03
8.920000e+00 -1.831996e-03
8.930000e+00 -1.819735e-03
8.940000e+00 -1.806060e-03
8.950000e+00 -1.790918e-03
8.960000e+00 -1.774253e-03
8.970000e+00 -1.756012e-03
8.980000e+00 -1.736146e-03
8.990000e+00 -1.714604e-03
9.000000e+00 -1.691342e-03
9.010000e+00 -1.666318e-03
9.020000e+00 -1.639496e-03
9.030000e+00 -1.610844e-03
9.040000e+00 -1.580339e-03
9.050000e+00 -1.547961e-03
9.060000e+00 -1.513701e-03
9.070000e+00 -1.477554e-03
9.080000e+00 -1.439527e-03
9.090000e+00 -1.399633e-03
9.100000e+00 -1.357896e-03
9.110000e+00 -1.314349e-03
9.120000e+00 -1.269033e-03
9.130000e+00 -1.222001e-03
9.140000e+00 -1.173315e-03
9.150000e+00 -1.123047e-03
9.160000e+00 -1.071280e-03
9.170000e+00 -1.018106e-03
9.180000e+00 -9.636252e-04
9.190000e+00 -9.079493e-04
9.200000e+00 -8.511973e-04
9.210000e+00 -7.934966e-04
9.220000e+00 -7.349818e-04
9.230000e+00 -6.757943e-04
9.240000e+00 -6.160809e-04
9.250000e+00 -5.559932e-04
9.260000e+00 -4.956862e-04
9.270000e+00 -4.353172e-04
9.280000e+00 -3.750449e-04
9.290000e+00 -3.150275e-04
9.300000e+00 -2.554221e-04
9.310000e+00 -1.963830e-04
9.320000e+00 -1.380607e-04
9.330000e+00 -8.060065e-05
9.340000e+00 -2.414197e-05
9.350000e+00 3.118330e-05
9.360000e+00 8.525125e-05
9.370000e+00 1.379469e-04
9.380000e+00 1.891647e-04
9.390000e+00 2.388093e-04
9.400000e+00 2.867958e-04
9.410000e+00 3.330496e-04
9.420000e+00 3.775071e-04
9.430000e+00 4.201153e-04
9.440000e+00 4.608313e-04
9.450000e+00 4.996225e-04
9.460000e+00 5.364659e-04
9.470000e+00 5.713477e-04
9.480000e+00 6.042625e-04
9.490000e+00 6.352132e-04
9.500000e+00 6.642097e-04
9.510000e+00 6.912691e-04
9.520000e+00 7.164142e-04
9.530000e+00 7.396737e-04
9.540000e+00 7.610814e-04
9.550000e+00 7.806757e-04
9.560000e+00 7.984991e-04
9.570000e+00 8.145983e-04
9.580000e+00 8.290235e-04
9.590000e+00 8.418284e-04
9.600000e+00 8.530702e-04
9.610000e+00 8.628091e-04
9.620000e+00 8.711087e-04
9.630000e+00 8.780358e-04
9.640000e+00 8.836601e-04
9.650000e+00 8.880544e-04
9.660000e+00 8.912947e-04
9.670000e+00 8.934594e-04
9.680000e+00 8.946301e-04
9.690000e+00 8.948902e-04
9.700000e+00 8.943258e-04
9.710000e+00 8.930241e-04
9.720000e+00 8.910739e-04
9.730000e+00 8.885646e-04
9.740000e+00 8.855854e-04
9.750000e+00 8.822251e-04
9.760000e+00 8.785711e-04
9.770000e+00 8.747087e-04
9.780000e+00 8.707202e-04
9.790000e+00 8.666845e-04
9.800000e+00 8.626759e-04
9.810000e+00 8.587636e-04
9.820000e+00 8.550114e-04
9.830000e+00 8.514763e-04
9.840000e+00 8.482089e-04
9.850000e+00 8.452524e-04
9.860000e+00 8.426423e-04
9.870000e+00 8.404067e-04
9.880000e+00 8.385657e-04
9.890000e+00 8.371316e-04
9.900000e+00 8.361092e-04
9.910000e+00 8.354954e-04
9.920000e+00 8.352804e-04
9.930000e+00 8.354472e-04
9.940000e+00 8.359725e-04
9.950000e+00 8.368271e-04
9.960000e+00 8.379762e-04
9.970000e+00 8.393803e-04
9.980000e+00 8.409952e-04
9.990000e+00 8.427731e-04
1.000000e+01 8.446626e-04
