# sigma2_v 1.012553688683098e+01
0.000000e+00 1.000000e+00
1.000000e-02 9.994939e-01
2.000000e-02 9.979771e-01
3.000000e-02 9.954545e-01
4.000000e-02 9.919342e-01
5.000000e-02 9.874276e-01
6.000000e-02 9.819488e-01
7.000000e-02 9.755155e-01
8.000000e-02 9.681478e-01
9.000000e-02 9.598688e-01
1.000000e-01 9.507045e-01
1.100000e-01 9.406831e-01
1.200000e-01 9.298352e-01
1.300000e-01 9.181939e-01
1.400000e-01 9.057940e-01
1.500000e-01 8.926723e-01
1.600000e-01 8.788672e-01
1.700000e-01 8.644185e-01
1.800000e-01 8.493674e-01
1.900000e-01 8.337559e-01
2.000000e-01 8.176270e-01
2.100000e-01 8.010243e-01
2.200000e-01 7.839919e-01
2.300000e-01 7.665738e-01
2.400000e-01 7.488145e-01
2.500000e-01 7.307581e-01
2.600000e-01 7.124482e-01
2.700000e-01 6.939283e-01
2.800000e-01 6.752408e-01
2.900000e-01 6.564277e-01
3.000000e-01 6.375296e-01
3.100000e-01 6.185863e-01
3.200000e-01 5.996363e-01
3.300000e-01 5.807168e-01
3.400000e-01 5.618634e-01
3.500000e-01 5.431105e-01
3.600000e-01 5.244905e-01
3.700000e-01 5.060346e-01
3.800000e-01 4.877719e-01
3.900000e-01 4.697299e-01
4.000000e-01 4.519345e-01
4.100000e-01 4.344094e-01
4.200000e-01 4.171770e-01
4.300000e-01 4.002574e-01
4.400000e-01 3.836692e-01
4.500000e-01 3.674292e-01
4.600000e-01 3.515524e-01
4.700000e-01 3.360520e-01
4.800000e-01 3.209396e-01
4.900000e-01 3.062252e-01
5.000000e-01 2.919171e-01
5.100000e-01 2.780222e-01
5.200000e-01 2.645458e-01
5.300000e-01 2.514918e-01
5.400000e-01 2.388628e-01
5.500000e-01 2.266601e-01
5.600000e-01 2.148838e-01
5.700000e-01 2.035329e-01
5.800000e-01 1.926052e-01
5.900000e-01 1.820976e-01
6.000000e-01 1.720059e-01
6.100000e-01 1.623254e-01
6.200000e-01 1.530503e-01
6.300000e-01 1.441741e-01
6.400000e-01 1.356898e-01
6.500000e-01 1.275896e-01
6.600000e-01 1.198653e-01
6.700000e-01 1.125082e-01
6.800000e-01 1.055093e-01
6.900000e-01 9.885896e-02
7.000000e-01 9.254756e-02
7.100000e-01 8.656502e-02
7.200000e-01 8.090112e-02
7.300000e-01 7.554548e-02
7.400000e-01 7.048760e-02
7.500000e-01 6.571689e-02
7.600000e-01 6.122275e-02
7.700000e-01 5.699455e-02
7.800000e-01 5.302171e-02
7.900000e-01 4.929368e-02
8.000000e-01 4.580003e-02
8.100000e-01 4.253042e-02
8.200000e-01 3.947467e-02
8.300000e-01 3.662273e-02
8.400000e-01 3.396476e-02
8.500000e-01 3.149109e-02
8.600000e-01 2.919229e-02
8.700000e-01 2.705913e-02
8.800000e-01 2.508265e-02
8.900000e-01 2.325412e-02
9.000000e-01 2.156508e-02
9.100000e-01 2.000734e-02
9.200000e-01 1.857300e-02
9.300000e-01 1.725444e-02
9.400000e-01 1.604430e-02
9.500000e-01 1.493555e-02
9.600000e-01 1.392145e-02
9.700000e-01 1.299553e-02
9.800000e-01 1.215163e-02
9.900000e-01 1.138390e-02
1.000000e+00 1.068675e-02
1.010000e+00 1.005491e-02
1.020000e+00 9.483364e-03
1.030000e+00 8.967406e-03
1.040000e+00 8.502584e-03
1.050000e+00 8.084722e-03
1.060000e+00 7.709902e-03
1.070000e+00 7.374458e-03
1.080000e+00 7.074971e-03
1.090000e+00 6.808252e-03
1.100000e+00 6.571344e-03
1.110000e+00 6.361501e-03
1.120000e+00 6.176184e-03
1.130000e+00 6.013049e-03
1.140000e+00 5.869937e-03
1.150000e+00 5.744862e-03
1.160000e+00 5.636001e-03
1.170000e+00 5.541683e-03
1.180000e+00 5.460378e-03
1.190000e+00 5.390688e-03
1.200000e+00 5.331333e-03
1.210000e+00 5.281146e-03
1.220000e+00 5.239059e-03
1.230000e+00 5.204098e-03
1.240000e+00 5.175369e-03
1.250000e+00 5.152055e-03
1.260000e+00 5.133405e-03
1.270000e+00 5.118727e-03
1.280000e+00 5.107384e-03
1.290000e+00 5.098786e-03
1.300000e+00 5.092384e-03
1.310000e+00 5.087669e-03
1.320000e+00 5.084164e-03
1.330000e+00 5.081422e-03
1.340000e+00 5.079025e-03
1.350000e+00 5.076579e-03
1.360000e+00 5.073715e-03
1.370000e+00 5.070085e-03
1.380000e+00 5.065364e-03
1.390000e+00 5.059247e-03
1.400000e+00 5.051452e-03
1.410000e+00 5.041715e-03
1.420000e+00 5.029797e-03
1.430000e+00 5.015479e-03
1.440000e+00 4.998566e-03
1.450000e+00 4.978886e-03
1.460000e+00 4.956291e-03
1.470000e+00 4.930658e-03
1.480000e+00 4.901888e-03
1.490000e+00 4.869909e-03
1.500000e+00 4.834672e-03
1.510000e+00 4.796156e-03
1.520000e+00 4.754364e-03
1.530000e+00 4.709322e-03
1.540000e+00 4.661082e-03
1.550000e+00 4.609718e-03
1.560000e+00 4.555326e-03
1.570000e+00 4.498022e-03
1.580000e+00 4.437941e-03
1.590000e+00 4.375235e-03
1.600000e+00 4.310071e-03
1.610000e+00 4.242629e-03
1.620000e+00 4.173101e-03
1.630000e+00 4.101689e-03
1.640000e+00 4.028600e-03
1.650000e+00 3.954047e-03
1.660000e+00 3.878245e-03
1.670000e+00 3.801413e-03
1.680000e+00 3.723764e-03
1.690000e+00 3.645511e-03
1.700000e+00 3.566862e-03
1.710000e+00 3.488019e-03
1.720000e+00 3.409173e-03
1.730000e+00 3.330509e-03
1.740000e+00 3.252198e-03
1.750000e+00 3.174402e-03
1.760000e+00 3.097268e-03
1.770000e+00 3.020930e-03
1.780000e+00 2.945506e-03
1.790000e+00 2.871100e-03
1.800000e+00 2.797802e-03
1.810000e+00 2.725683e-03
1.820000e+00 2.654801e-03
1.830000e+00 2.585196e-03
1.840000e+00 2.516896e-03
1.850000e+00 2.449910e-03
1.860000e+00 2.384236e-03
1.870000e+00 2.319859e-03
1.880000e+00 2.256749e-03
1.890000e+00 2.194870e-03
1.900000e+00 2.134172e-03
1.910000e+00 2.074599e-03
1.920000e+00 2.016090e-03
1.930000e+00 1.958579e-03
1.940000e+00 1.901998e-03
1.950000e+00 1.846277e-03
1.960000e+00 1.791352e-03
1.970000e+00 1.737159e-03
1.980000e+00 1.683641e-03
1.990000e+00 1.630751e-03
2.000000e+00 1.578448e-03
2.010000e+00 1.526705e-03
2.020000e+00 1.475506e-03
2.030000e+00 1.424850e-03
2.040000e+00 1.374750e-03
2.050000e+00 1.325233e-03
2.060000e+00 1.276343e-03
2.070000e+00 1.228139e-03
2.080000e+00 1.180693e-03
2.090000e+00 1.134093e-03
2.100000e+00 1.088436e-03
2.110000e+00 1.043835e-03
2.120000e+00 1.000408e-03
2.130000e+00 9.582810e-04
2.140000e+00 9.175860e-04
2.150000e+00 8.784561e-04
2.160000e+00 8.410241e-04
2.170000e+00 8.054201e-04
2.180000e+00 7.717682e-04
2.190000e+00 7.401845e-04
2.200000e+00 7.107746e-04
2.210000e+00 6.836308e-04
2.220000e+00 6.588311e-04
2.230000e+00 6.364367e-04
2.240000e+00 6.164912e-04
2.250000e+00 5.990191e-04
2.260000e+00 5.840260e-04
2.270000e+00 5.714975e-04
2.280000e+00 5.614002e-04
2.290000e+00 5.536820e-04
2.300000e+00 5.482728e-04
2.310000e+00 5.450864e-04
2.320000e+00 5.440218e-04
2.330000e+00 5.449648e-04
2.340000e+00 5.477907e-04
2.350000e+00 5.523660e-04
2.360000e+00 5.585511e-04
2.370000e+00 5.662024e-04
2.380000e+00 5.751747e-04
2.390000e+00 5.853235e-04
2.400000e+00 5.965071e-04
2.410000e+00 6.085887e-04
2.420000e+00 6.214380e-04
2.430000e+00 6.349328e-04
2.440000e+00 6.489604e-04
2.450000e+00 6.634183e-04
2.460000e+00 6.782154e-04
2.470000e+00 6.932721e-04
2.480000e+00 7.085208e-04
2.490000e+00 7.239058e-04
2.500000e+00 7.393830e-04
2.510000e+00 7.549198e-04
2.520000e+00 7.704943e-04
2.530000e+00 7.860947e-04
2.540000e+00 8.017185e-04
2.550000e+00 8.173720e-04
2.560000e+00 8.330690e-04
2.570000e+00 8.488305e-04
2.580000e+00 8.646832e-04
2.590000e+00 8.806594e-04
2.600000e+00 8.967958e-04
2.610000e+00 9.131328e-04
2.620000e+00 9.297141e-04
2.630000e+00 9.465857e-04
2.640000e+00 9.637954e-04
2.650000e+00 9.813924e-04
2.660000e+00 9.994264e-04
2.670000e+00 1.017947e-03
2.680000e+00 1.037003e-03
2.690000e+00 1.056642e-03
2.700000e+00 1.076910e-03
2.710000e+00 1.097847e-03
2.720000e+00 1.119492e-03
2.730000e+00 1.141879e-03
2.740000e+00 1.165033e-03
2.750000e+00 1.188973e-03
2.760000e+00 1.213710e-03
2.770000e+00 1.239245e-03
2.780000e+00 1.265567e-03
2.790000e+00 1.292653e-03
2.800000e+00 1.320468e-03
2.810000e+00 1.348962e-03
2.820000e+00 1.378068e-03
2.830000e+00 1.407707e-03
2.840000e+00 1.437780e-03
2.850000e+00 1.468175e-03
2.860000e+00 1.498761e-03
2.870000e+00 1.529394e-03
2.880000e+00 1.559914e-03
2.890000e+00 1.590146e-03
2.900000e+00 1.619905e-03
2.910000e+00 1.648993e-03
2.920000e+00 1.677205e-03
2.930000e+00 1.704330e-03
2.940000e+00 1.730150e-03
2.950000e+00 1.754450e-03
2.960000e+00 1.777014e-03
2.970000e+00 1.797631e-03
2.980000e+00 1.816096e-03
2.990000e+00 1.832218e-03
3.000000e+00 1.845814e-03
3.010000e+00 1.856720e-03
3.020000e+00 1.864789e-03
3.030000e+00 1.869893e-03
3.040000e+00 1.871927e-03
3.050000e+00 1.870810e-03
3.060000e+00 1.866484e-03
3.070000e+00 1.858916e-03
3.080000e+00 1.848101e-03
3.090000e+00 1.834057e-03
3.100000e+00 1.816831e-03
3.110000e+00 1.796490e-03
3.120000e+00 1.773129e-03
3.130000e+00 1.746862e-03
3.140000e+00 1.717826e-03
3.150000e+00 1.686175e-03
3.160000e+00 1.652081e-03
3.170000e+00 1.615729e-03
3.180000e+00 1.577319e-03
3.190000e+00 1.537057e-03
3.200000e+00 1.495160e-03
3.210000e+00 1.451849e-03
3.220000e+00 1.407347e-03
3.230000e+00 1.361877e-03
3.240000e+00 1.315664e-03
3.250000e+00 1.268926e-03
3.260000e+00 1.221876e-03
3.270000e+00 1.174723e-03
3.280000e+00 1.127664e-03
3.290000e+00 1.080888e-03
3.300000e+00 1.034574e-03
3.310000e+00 9.888855e-04
3.320000e+00 9.439769e-04
3.330000e+00 8.999868e-04
3.340000e+00 8.570404e-04
3.350000e+00 8.152482e-04
3.360000e+00 7.747055e-04
3.370000e+00 7.354926e-04
3.380000e+00 6.976747e-04
3.390000e+00 6.613014e-04
3.400000e+00 6.264074e-04
3.410000e+00 5.930124e-04
3.420000e+00 5.611214e-04
3.430000e+00 5.307254e-04
3.440000e+00 5.018014e-04
3.450000e+00 4.743137e-04
3.460000e+00 4.482140e-04
3.470000e+00 4.234427e-04
3.480000e+00 3.999298e-04
3.490000e+00 3.775956e-04
3.500000e+00 3.563524e-04
3.510000e+00 3.361056e-04
3.520000e+00 3.167548e-04
3.530000e+00 2.981955e-04
3.540000e+00 2.803209e-04
3.550000e+00 2.630229e-04
3.560000e+00 2.461939e-04
3.570000e+00 2.297287e-04
3.580000e+00 2.135258e-04
3.590000e+00 1.974890e-04
3.600000e+00 1.815289e-04
3.610000e+00 1.655646e-04
3.620000e+00 1.495244e-04
3.630000e+00 1.333475e-04
3.640000e+00 1.169850e-04
3.650000e+00 1.004003e-04
3.660000e+00 8.357036e-05
3.670000e+00 6.648564e-05
3.680000e+00 4.915064e-05
3.690000e+00 3.158383e-05
3.700000e+00 1.381750e-05
3.710000e+00 -4.102697e-06
3.720000e+00 -2.211831e-05
3.730000e+00 -4.015894e-05
3.740000e+00 -5.814328e-05
3.750000e+00 -7.598024e-05
3.760000e+00 -9.357035e-05
3.770000e+00 -1.108072e-04
3.780000e+00 -1.275791e-04
3.790000e+00 -1.437706e-04
3.800000e+00 -1.592645e-04
3.810000e+00 -1.739434e-04
3.820000e+00 -1.876917e-04
3.830000e+00 -2.003972e-04
3.840000e+00 -2.119530e-04
3.850000e+00 -2.222590e-04
3.860000e+00 -2.312239e-04
3.870000e+00 -2.387661e-04
3.880000e+00 -2.448155e-04
3.890000e+00 -2.493147e-04
3.900000e+00 -2.522196e-04
3.910000e+00 -2.535009e-04
3.920000e+00 -2.531442e-04
3.930000e+00 -2.511507e-04
3.940000e+00 -2.475373e-04
3.950000e+00 -2.423371e-04
3.960000e+00 -2.355984e-04
3.970000e+00 -2.273848e-04
3.980000e+00 -2.177747e-04
3.990000e+00 -2.068599e-04
4.000000e+00 -1.947451e-04
4.010000e+00 -1.815465e-04
4.020000e+00 -1.673903e-04
4.030000e+00 -1.524114e-04
4.040000e+00 -1.367518e-04
4.050000e+00 -1.205587e-04
4.060000e+00 -1.039828e-04
4.070000e+00 -8.717683e-05
4.080000e+00 -7.029320e-05
4.090000e+00 -5.348275e-05
4.100000e+00 -3.689284e-05
4.110000e+00 -2.066582e-05
4.120000e+00 -4.937604e-06
4.130000e+00 1.016365e-05
4.140000e+00 2.451863e-05
4.150000e+00 3.801784e-05
4.160000e+00 5.056225e-05
4.170000e+00 6.206382e-05
4.180000e+00 7.244575e-05
4.190000e+00 8.164254e-05
4.200000e+00 8.959979e-05
4.210000e+00 9.627382e-05
4.220000e+00 1.016311e-04
4.230000e+00 1.056477e-04
4.240000e+00 1.083079e-04
4.250000e+00 1.096038e-04
4.260000e+00 1.095342e-04
4.270000e+00 1.081031e-04
4.280000e+00 1.053189e-04
4.290000e+00 1.011935e-04
4.300000e+00 9.574101e-05
4.310000e+00 8.897700e-05
4.320000e+00 8.091782e-05
4.330000e+00 7.157986e-05
4.340000e+00 6.097922e-05
4.350000e+00 4.913137e-05
4.360000e+00 3.605116e-05
4.370000e+00 2.175289e-05
4.380000e+00 6.250642e-06
4.390000e+00 -1.044124e-05
4.400000e+00 -2.830753e-05
4.410000e+00 -4.733137e-05
4.420000e+00 -6.749341e-05
4.430000e+00 -8.877085e-05
4.440000e+00 -1.111365e-04
4.450000e+00 -1.345579e-04
4.460000e+00 -1.589961e-04
4.470000e+00 -1.844051e-04
4.480000e+00 -2.107310e-04
4.490000e+00 -2.379113e-04
4.500000e+00 -2.658744e-04
4.510000e+00 -2.945391e-04
4.520000e+00 -3.238149e-04
4.530000e+00 -3.536017e-04
4.540000e+00 -3.837900e-04
4.550000e+00 -4.142613e-04
4.560000e+00 -4.448892e-04
4.570000e+00 -4.755394e-04
4.580000e+00 -5.060709e-04
4.590000e+00 -5.363374e-04
4.600000e+00 -5.661876e-04
4.610000e+00 -5.954671e-04
4.620000e+00 -6.240194e-04
4.630000e+00 -6.516867e-04
4.640000e+00 -6.783116e-04
4.650000e+00 -7.037383e-04
4.660000e+00 -7.278132e-04
4.670000e+00 -7.503862e-04
4.680000e+00 -7.713119e-04
4.690000e+00 -7.904501e-04
4.700000e+00 -8.076664e-04
4.710000e+00 -8.228333e-04
4.720000e+00 -8.358305e-04
4.730000e+00 -8.465453e-04
4.740000e+00 -8.548733e-04
4.750000e+00 -8.607183e-04
4.760000e+00 -8.639930e-04
4.770000e+00 -8.646192e-04
4.780000e+00 -8.625278e-04
4.790000e+00 -8.576598e-04
4.800000e+00 -8.499656e-04
4.810000e+00 -8.394064e-04
4.820000e+00 -8.259537e-04
4.830000e+00 -8.095904e-04
4.840000e+00 -7.903107e-04
4.850000e+00 -7.681211e-04
4.860000e+00 -7.430404e-04
4.870000e+00 -7.151003e-04
4.880000e+00 -6.843462e-04
4.890000e+00 -6.508371e-04
4.900000e+00 -6.146462e-04
4.910000e+00 -5.758611e-04
4.920000e+00 -5.345840e-04
4.930000e+00 -4.909314e-04
4.940000e+00 -4.450340e-04
4.950000e+00 -3.970366e-04
4.960000e+00 -3.470971e-04
4.970000e+00 -2.953860e-04
4.980000e+00 -2.420853e-04
4.990000e+00 -1.873874e-04
5.000000e+00 -1.314934e-04
5.010000e+00 -7.461232e-05
5.020000e+00 -1.695846e-05
5.030000e+00 4.124975e-05
5.040000e+00 9.979195e-05
5.050000e+00 1.584477e-04
5.060000e+00 2.169987e-04
5.070000e+00 2.752304e-04
5.080000e+00 3.329341e-04
5.090000e+00 3.899090e-04
5.100000e+00 4.459633e-04
5.110000e+00 5.009165e-04
5.120000e+00 5.546000e-04
5.130000e+00 6.068587e-04
5.140000e+00 6.575516e-04
5.150000e+00 7.065527e-04
5.160000e+00 7.537512e-04
5.170000e+00 7.990518e-04
5.180000e+00 8.423747e-04
5.190000e+00 8.836549e-04
5.200000e+00 9.228425e-04
5.210000e+00 9.599013e-04
5.220000e+00 9.948083e-04
5.230000e+00 1.027553e-03
5.240000e+00 1.058137e-03
5.250000e+00 1.086570e-03
5.260000e+00 1.112874e-03
5.270000e+00 1.137077e-03
5.280000e+00 1.159215e-03
5.290000e+00 1.179331e-03
5.300000e+00 1.197474e-03
5.310000e+00 1.213695e-03
5.320000e+00 1.228052e-03
5.330000e+00 1.240605e-03
5.340000e+00 1.251419e-03
5.350000e+00 1.260559e-03
5.360000e+00 1.268095e-03
5.370000e+00 1.274097e-03
5.380000e+00 1.278638e-03
5.390000e+00 1.281795e-03
5.400000e+00 1.283644e-03
5.410000e+00 1.284263e-03
5.420000e+00 1.283735e-03
5.430000e+00 1.282140e-03
5.440000e+00 1.279562e-03
5.450000e+00 1.276088e-03
5.460000e+00 1.271802e-03
5.470000e+00 1.266791e-03
5.480000e+00 1.261144e-03
5.490000e+00 1.254946e-03
5.500000e+00 1.248286e-03
5.510000e+00 1.241249e-03
5.520000e+00 1.233921e-03
5.530000e+00 1.226384e-03
5.540000e+00 1.218721e-03
5.550000e+00 1.211009e-03
5.560000e+00 1.203324e-03
5.570000e+00 1.195740e-03
5.580000e+00 1.188326e-03
5.590000e+00 1.181146e-03
5.600000e+00 1.174264e-03
5.610000e+00 1.167736e-03
5.620000e+00 1.161617e-03
5.630000e+00 1.155957e-03
5.640000e+00 1.150803e-03
5.650000e+00 1.146198e-03
5.660000e+00 1.142181e-03
5.670000e+00 1.138788e-03
5.680000e+00 1.136053e-03
5.690000e+00 1.134006e-03
5.700000e+00 1.132674e-03
5.710000e+00 1.132080e-03
5.720000e+00 1.132247e-03
5.730000e+00 1.133193e-03
5.740000e+00 1.134932e-03
5.750000e+00 1.137477e-03
5.760000e+00 1.140836e-03
5.770000e+00 1.145013e-03
5.780000e+00 1.150007e-03
5.790000e+00 1.155815e-03
5.800000e+00 1.162426e-03
5.810000e+00 1.169825e-03
5.820000e+00 1.177990e-03
5.830000e+00 1.186894e-03
5.840000e+00 1.196504e-03
5.850000e+00 1.206779e-03
5.860000e+00 1.217673e-03
5.870000e+00 1.229133e-03
5.880000e+00 1.241099e-03
5.890000e+00 1.253507e-03
5.900000e+00 1.266286e-03
5.910000e+00 1.279361e-03
5.920000e+00 1.292654e-03
5.930000e+00 1.306081e-03
5.940000e+00 1.319559e-03
5.950000e+00 1.333002e-03
5.960000e+00 1.346323e-03
5.970000e+00 1.359439e-03
5.980000e+00 1.372264e-03
5.990000e+00 1.384720e-03
6.000000e+00 1.396730e-03
6.010000e+00 1.408220e-03
6.020000e+00 1.419124e-03
6.030000e+00 1.429382e-03
6.040000e+00 1.438938e-03
6.050000e+00 1.447743e-03
6.060000e+00 1.455757e-03
6.070000e+00 1.462943e-03
6.080000e+00 1.469274e-03
6.090000e+00 1.474726e-03
6.100000e+00 1.479282e-03
6.110000e+00 1.482931e-03
6.120000e+00 1.485664e-03
6.130000e+00 1.487477e-03
6.140000e+00 1.488370e-03
6.150000e+00 1.488343e-03
6.160000e+00 1.487400e-03
6.170000e+00 1.485543e-03
6.180000e+00 1.482777e-03
6.190000e+00 1.479106e-03
6.200000e+00 1.474532e-03
6.210000e+00 1.469058e-03
6.220000e+00 1.462685e-03
6.230000e+00 1.455416e-03
6.240000e+00 1.447248e-03
6.250000e+00 1.438183e-03
6.260000e+00 1.428220e-03
6.270000e+00 1.417358e-03
6.280000e+00 1.405600e-03
6.290000e+00 1.392947e-03
6.300000e+00 1.379405e-03
6.310000e+00 1.364981e-03
6.320000e+00 1.349687e-03
6.330000e+00 1.333539e-03
6.340000e+00 1.316556e-03
6.350000e+00 1.298764e-03
6.360000e+00 1.280194e-03
6.370000e+00 1.260883e-03
6.380000e+00 1.240872e-03
6.390000e+00 1.220211e-03
6.400000e+00 1.198954e-03
6.410000e+00 1.177161e-03
6.420000e+00 1.154898e-03
6.430000e+00 1.132235e-03
6.440000e+00 1.109247e-03
6.450000e+00 1.086014e-03
6.460000e+00 1.062619e-03
6.470000e+00 1.039145e-03
6.480000e+00 1.015682e-03
6.490000e+00 9.923173e-04
6.500000e+00 9.691407e-04
6.510000e+00 9.462415e-04
6.520000e+00 9.237085e-04
6.530000e+00 9.016289e-04
6.540000e+00 8.800880e-04
6.550000e+00 8.591684e-04
6.560000e+00 8.389496e-04
6.570000e+00 8.195074e-04
6.580000e+00 8.009133e-04
6.590000e+00 7.832340e-04
6.600000e+00 7.665313e-04
6.610000e+00 7.508611e-04
6.620000e+00 7.362732e-04
6.630000e+00 7.228110e-04
6.640000e+00 7.105109e-04
6.650000e+00 6.994021e-04
6.660000e+00 6.895059e-04
6.670000e+00 6.808355e-04
6.680000e+00 6.733956e-04
6.690000e+00 6.671824e-04
6.700000e+00 6.621825e-04
6.710000e+00 6.583735e-04
6.720000e+00 6.557235e-04
6.730000e+00 6.541908e-04
6.740000e+00 6.537243e-04
6.750000e+00 6.542632e-04
6.760000e+00 6.557375e-04
6.770000e+00 6.580682e-04
6.780000e+00 6.611675e-04
6.790000e+00 6.649400e-04
6.800000e+00 6.692827e-04
6.810000e+00 6.740865e-04
6.820000e+00 6.792366e-04
6.830000e+00 6.846141e-04
6.840000e+00 6.900968e-04
6.850000e+00 6.955609e-04
6.860000e+00 7.008820e-04
6.870000e+00 7.059370e-04
6.880000e+00 7.106052e-04
6.890000e+00 7.147699e-04
6.900000e+00 7.183203e-04
6.910000e+00 7.211523e-04
6.920000e+00 7.231705e-04
6.930000e+00 7.242893e-04
6.940000e+00 7.244343e-04
6.950000e+00 7.235430e-04
6.960000e+00 7.215665e-04
6.970000e+00 7.184696e-04
6.980000e+00 7.142320e-04
6.990000e+00 7.088485e-04
7.000000e+00 7.023294e-04
7.010000e+00 6.947003e-04
7.020000e+00 6.860026e-04
7.030000e+00 6.762923e-04
7.040000e+00 6.656403e-04
7.050000e+00 6.541312e-04
7.060000e+00 6.418625e-04
7.070000e+00 6.289435e-04
7.080000e+00 6.154940e-04
7.090000e+00 6.016428e-04
7.100000e+00 5.875262e-04
7.110000e+00 5.732863e-04
7.120000e+00 5.590689e-04
7.130000e+00 5.450217e-04
7.140000e+00 5.312924e-04
7.150000e+00 5.180263e-04
7.160000e+00 5.053644e-04
7.170000e+00 4.934412e-04
7.180000e+00 4.823823e-04
7.190000e+00 4.723026e-04
7.200000e+00 4.633042e-04
7.210000e+00 4.554743e-04
7.220000e+00 4.488837e-04
7.230000e+00 4.435848e-04
7.240000e+00 4.396103e-04
7.250000e+00 4.369719e-04
7.260000e+00 4.356596e-04
7.270000e+00 4.356405e-04
7.280000e+00 4.368590e-04
7.290000e+00 4.392363e-04
7.300000e+00 4.426706e-04
7.310000e+00 4.470383e-04
7.320000e+00 4.521945e-04
7.330000e+00 4.579746e-04
7.340000e+00 4.641960e-04
7.350000e+00 4.706602e-04
7.360000e+00 4.771551e-04
7.370000e+00 4.834582e-04
7.380000e+00 4.893388e-04
7.390000e+00 4.945623e-04
7.400000e+00 4.988924e-04
7.410000e+00 5.020959e-04
7.420000e+00 5.039453e-04
7.430000e+00 5.042232e-04
7.440000e+00 5.027254e-04
7.450000e+00 4.992648e-04
7.460000e+00 4.936743e-04
7.470000e+00 4.858104e-04
7.480000e+00 4.755556e-04
7.490000e+00 4.628212e-04
7.500000e+00 4.475493e-04
7.510000e+00 4.297142e-04
7.520000e+00 4.093241e-04
7.530000e+00 3.864215e-04
7.540000e+00 3.610835e-04
7.550000e+00 3.334215e-04
7.560000e+00 3.035808e-04
7.570000e+00 2.717389e-04
7.580000e+00 2.381041e-04
7.590000e+00 2.029131e-04
7.600000e+00 1.664289e-04
7.610000e+00 1.289377e-04
7.620000e+00 9.074562e-05
7.630000e+00 5.217553e-05
7.640000e+00 1.356330e-05
7.650000e+00 -2.474589e-05
7.660000e+00 -6.240139e-05
7.670000e+00 -9.905096e-05
7.680000e+00 -1.343445e-04
7.690000e+00 -1.679380e-04
7.700000e+00 -1.994969e-04
7.710000e+00 -2.286999e-04
7.720000e+00 -2.552417e-04
7.730000e+00 -2.788368e-04
7.740000e+00 -2.992215e-04
7.750000e+00 -3.161569e-04
7.760000e+00 -3.294310e-04
7.770000e+00 -3.388606e-04
7.780000e+00 -3.442928e-04
7.790000e+00 -3.456061e-04
7.800000e+00 -3.427119e-04
7.810000e+00 -3.355545e-04
7.820000e+00 -3.241118e-04
7.830000e+00 -3.083950e-04
7.840000e+00 -2.884485e-04
7.850000e+00 -2.643490e-04
7.860000e+00 -2.362048e-04
7.870000e+00 -2.041547e-04
7.880000e+00 -1.683658e-04
7.890000e+00 -1.290327e-04
7.900000e+00 -8.637480e-05
7.910000e+00 -4.063435e-05
7.920000e+00 7.926132e-06
7.930000e+00 5.902646e-05
7.940000e+00 1.123716e-04
7.950000e+00 1.676548e-04
7.960000e+00 2.245604e-04
7.970000e+00 2.827673e-04
7.980000e+00 3.419520e-04
7.990000e+00 4.017919e-04
8.000000e+00 4.619684e-04
8.010000e+00 5.221703e-04
8.020000e+00 5.820962e-04
8.030000e+00 6.414581e-04
8.040000e+00 6.999830e-04
8.050000e+00 7.574163e-04
8.060000e+00 8.135228e-04
8.070000e+00 8.680893e-04
8.080000e+00 9.209251e-04
8.090000e+00 9.718635e-04
8.100000e+00 1.020762e-03
8.110000e+00 1.067503e-03
8.120000e+00 1.111992e-03
8.130000e+00 1.154159e-03
8.140000e+00 1.193955e-03
8.150000e+00 1.231354e-03
8.160000e+00 1.266347e-03
8.170000e+00 1.298943e-03
8.180000e+00 1.329166e-03
8.190000e+00 1.357053e-03
8.200000e+00 1.382648e-03
8.210000e+00 1.406007e-03
8.220000e+00 1.427188e-03
8.230000e+00 1.446252e-03
8.240000e+00 1.463261e-03
8.250000e+00 1.478275e-03
8.260000e+00 1.491350e-03
8.270000e+00 1.502537e-03
8.280000e+00 1.511884e-03
8.290000e+00 1.519427e-03
8.300000e+00 1.525200e-03
8.310000e+00 1.529227e-03
8.320000e+00 1.531525e-03
8.330000e+00 1.532107e-03
8.340000e+00 1.530980e-03
8.350000e+00 1.528145e-03
8.360000e+00 1.523604e-03
8.370000e+00 1.517356e-03
8.380000e+00 1.509403e-03
8.390000e+00 1.499747e-03
8.400000e+00 1.488398e-03
8.410000e+00 1.475369e-03
8.420000e+00 1.460683e-03
8.430000e+00 1.444371e-03
8.440000e+00 1.426476e-03
8.450000e+00 1.407050e-03
8.460000e+00 1.386158e-03
8.470000e+00 1.363878e-03
8.480000e+00 1.340297e-03
8.490000e+00 1.315516e-03
8.500000e+00 1.289645e-03
8.510000e+00 1.262804e-03
8.520000e+00 1.235124e-03
8.530000e+00 1.206738e-03
8.540000e+00 1.177787e-03
8.550000e+00 1.148416e-03
8.560000e+00 1.118769e-03
8.570000e+00 1.088991e-03
8.580000e+00 1.059222e-03
8.590000e+00 1.029601e-03
8.600000e+00 1.000257e-03
8.610000e+00 9.713123e-04
8.620000e+00 9.428808e-04
8.630000e+00 9.150646e-04
8.640000e+00 8.879541e-04
8.650000e+00 8.616277e-04
8.660000e+00 8.361507e-04
8.670000e+00 8.115754e-04
8.680000e+00 7.879410e-04
8.690000e+00 7.652742e-04
8.700000e+00 7.435891e-04
8.710000e+00 7.228885e-04
8.720000e+00 7.031644e-04
8.730000e+00 6.843988e-04
8.740000e+00 6.665651e-04
8.750000e+00 6.496292e-04
8.760000e+00 6.335502e-04
8.770000e+00 6.182818e-04
8.780000e+00 6.037737e-04
8.790000e+00 5.899720e-04
8.800000e+00 5.768207e-04
8.810000e+00 5.642622e-04
8.820000e+00 5.522384e-04
8.830000e+00 5.406912e-04
8.840000e+00 5.295633e-04
8.850000e+00 5.187985e-04
8.860000e+00 5.083421e-04
8.870000e+00 4.981414e-04
8.880000e+00 4.881461e-04
8.890000e+00 4.783082e-04
8.900000e+00 4.685824e-04
8.910000e+00 4.589261e-04
8.920000e+00 4.493000e-04
8.930000e+00 4.396677e-04
8.940000e+00 4.299961e-04
8.950000e+00 4.202558e-04
8.960000e+00 4.104207e-04
8.970000e+00 4.004688e-04
8.980000e+00 3.903820e-04
8.990000e+00 3.801463e-04
9.000000e+00 3.697522e-04
9.010000e+00 3.591946e-04
9.020000e+00 3.484732e-04
9.030000e+00 3.375920e-04
9.040000e+00 3.265603e-04
9.050000e+00 3.153916e-04
9.060000e+00 3.041041e-04
9.070000e+00 2.927205e-04
9.080000e+00 2.812673e-04
9.090000e+00 2.697748e-04
9.100000e+00 2.582765e-04
9.110000e+00 2.468084e-04
9.120000e+00 2.354088e-04
9.130000e+00 2.241168e-04
9.140000e+00 2.129724e-04
9.150000e+00 2.020148e-04
9.160000e+00 1.912825e-04
9.170000e+00 1.808114e-04
9.180000e+00 1.706347e-04
9.190000e+00 1.607819e-04
9.200000e+00 1.512776e-04
9.210000e+00 1.421412e-04
9.220000e+00 1.333860e-04
9.230000e+00 1.250187e-04
9.240000e+00 1.170390e-04
9.250000e+00 1.094388e-04
9.260000e+00 1.022028e-04
9.270000e+00 9.530750e-05
9.280000e+00 8.872176e-05
9.290000e+00 8.240682e-05
9.300000e+00 7.631652e-05
9.310000e+00 7.039779e-05
9.320000e+00 6.459111e-05
9.330000e+00 5.883117e-05
9.340000e+00 5.304761e-05
9.350000e+00 4.716580e-05
9.360000e+00 4.110780e-05
9.370000e+00 3.479320e-05
9.380000e+00 2.814023e-05
9.390000e+00 2.106672e-05
9.400000e+00 1.349116e-05
9.410000e+00 5.333759e-06
9.420000e+00 -3.482507e-06
9.430000e+00 -1.303090e-05
9.440000e+00 -2.337994e-05
9.450000e+00 -3.459244e-05
9.460000e+00 -4.672468e-05
9.470000e+00 -5.982556e-05
9.480000e+00 -7.393595e-05
9.490000e+00 -8.908799e-05
9.500000e+00 -1.053046e-04
9.510000e+00 -1.225991e-04
9.520000e+00 -1.409748e-04
9.530000e+00 -1.604250e-04
9.540000e+00 -1.809328e-04
9.550000e+00 -2.024710e-04
9.560000e+00 -2.250027e-04
9.570000e+00 -2.484814e-04
9.580000e+00 -2.728514e-04
9.590000e+00 -2.980482e-04
9.600000e+00 -3.239996e-04
9.610000e+00 -3.506260e-04
9.620000e+00 -3.778418e-04
9.630000e+00 -4.055554e-04
9.640000e+00 -4.336711e-04
9.650000e+00 -4.620896e-04
9.660000e+00 -4.907089e-04
9.670000e+00 -5.194257e-04
9.680000e+00 -5.481361e-04
9.690000e+00 -5.767364e-04
9.700000e+00 -6.051243e-04
9.710000e+00 -6.331995e-04
9.720000e+00 -6.608642e-04
9.730000e+00 -6.880241e-04
9.740000e+00 -7.145884e-04
9.750000e+00 -7.404705e-04
9.760000e+00 -7.655877e-04
9.770000e+00 -7.898620e-04
9.780000e+00 -8.132192e-04
9.790000e+00 -8.355894e-04
9.800000e+00 -8.569064e-04
9.810000e+00 -8.771074e-04
9.820000e+00 -8.961326e-04
9.830000e+00 -9.139249e-04
9.840000e+00 -9.304290e-04
9.850000e+00 -9.455913e-04
9.860000e+00 -9.593592e-04
9.870000e+00 -9.716811e-04
9.880000e+00 -9.825055e-04
9.890000e+00 -9.917811e-04
9.900000e+00 -9.994565e-04
9.910000e+00 -1.005480e-03
9.920000e+00 -1.009801e-03
9.930000e+00 -1.012367e-03
9.940000e+00 -1.013128e-03
9.950000e+00 -1.012034e-03
9.960000e+00 -1.009037e-03
9.970000e+00 -1.004089e-03
9.980000e+00 -9.971489e-04
9.990000e+00 -9.881751e-04
1.000000e+01 -9.771318e-04
