# sigma2_v 7.779487017412424e+00
0.000000e+00 1.000000e+00
1.000000e-02 9.996111e-01
2.000000e-02 9.984454e-01
3.000000e-02 9.965057e-01
4.000000e-02 9.937969e-01
5.000000e-02 9.903256e-01
6.000000e-02 9.861004e-01
7.000000e-02 9.811317e-01
8.000000e-02 9.754315e-01
9.000000e-02 9.690138e-01
1.000000e-01 9.618940e-01
1.100000e-01 9.540893e-01
1.200000e-01 9.456183e-01
1.300000e-01 9.365012e-01
1.400000e-01 9.267594e-01
1.500000e-01 9.164156e-01
1.600000e-01 9.054938e-01
1.700000e-01 8.940190e-01
1.800000e-01 8.820171e-01
1.900000e-01 8.695150e-01
2.000000e-01 8.565405e-01
2.100000e-01 8.431217e-01
2.200000e-01 8.292876e-01
2.300000e-01 8.150675e-01
2.400000e-01 8.004912e-01
2.500000e-01 7.855885e-01
2.600000e-01 7.703897e-01
2.700000e-01 7.549248e-01
2.800000e-01 7.392238e-01
2.900000e-01 7.233168e-01
3.000000e-01 7.072334e-01
3.100000e-01 6.910030e-01
3.200000e-01 6.746543e-01
3.300000e-01 6.582160e-01
3.400000e-01 6.417157e-01
3.500000e-01 6.251808e-01
3.600000e-01 6.086375e-01
3.700000e-01 5.921117e-01
3.800000e-01 5.756281e-01
3.900000e-01 5.592107e-01
4.000000e-01 5.428824e-01
4.100000e-01 5.266655e-01
4.200000e-01 5.105808e-01
4.300000e-01 4.946484e-01
4.400000e-01 4.788872e-01
4.500000e-01 4.633150e-01
4.600000e-01 4.479486e-01
4.700000e-01 4.328036e-01
4.800000e-01 4.178946e-01
4.900000e-01 4.032349e-01
5.000000e-01 3.888370e-01
5.100000e-01 3.747120e-01
5.200000e-01 3.608700e-01
5.300000e-01 3.473201e-01
5.400000e-01 3.340704e-01
5.500000e-01 3.211277e-01
5.600000e-01 3.084982e-01
5.700000e-01 2.961867e-01
5.800000e-01 2.841974e-01
5.900000e-01 2.725333e-01
6.000000e-01 2.611967e-01
6.100000e-01 2.501891e-01
6.200000e-01 2.395110e-01
6.300000e-01 2.291623e-01
6.400000e-01 2.191420e-01
6.500000e-01 2.094486e-01
6.600000e-01 2.000798e-01
6.700000e-01 1.910326e-01
6.800000e-01 1.823038e-01
6.900000e-01 1.738893e-01
7.000000e-01 1.657846e-01
7.100000e-01 1.579849e-01
7.200000e-01 1.504847e-01
7.300000e-01 1.432784e-01
7.400000e-01 1.363600e-01
7.500000e-01 1.297230e-01
7.600000e-01 1.233609e-01
7.700000e-01 1.172669e-01
7.800000e-01 1.114338e-01
7.900000e-01 1.058546e-01
8.000000e-01 1.005218e-01
8.100000e-01 9.542818e-02
8.200000e-01 9.056610e-02
8.300000e-01 8.592808e-02
8.400000e-01 8.150657e-02
8.500000e-01 7.729402e-02
8.600000e-01 7.328292e-02
8.700000e-01 6.946582e-02
8.800000e-01 6.583533e-02
8.900000e-01 6.238415e-02
9.000000e-01 5.910511e-02
9.100000e-01 5.599113e-02
9.200000e-01 5.303529e-02
9.300000e-01 5.023082e-02
9.400000e-01 4.757108e-02
9.500000e-01 4.504964e-02
9.600000e-01 4.266021e-02
9.700000e-01 4.039672e-02
9.800000e-01 3.825327e-02
9.900000e-01 3.622414e-02
1.000000e+00 3.430384e-02
1.010000e+00 3.248705e-02
1.020000e+00 3.076866e-02
1.030000e+00 2.914377e-02
1.040000e+00 2.760766e-02
1.050000e+00 2.615581e-02
1.060000e+00 2.478391e-02
1.070000e+00 2.348783e-02
1.080000e+00 2.226361e-02
1.090000e+00 2.110751e-02
1.100000e+00 2.001594e-02
1.110000e+00 1.898549e-02
1.120000e+00 1.801291e-02
1.130000e+00 1.709511e-02
1.140000e+00 1.622918e-02
1.150000e+00 1.541233e-02
1.160000e+00 1.464191e-02
1.170000e+00 1.391543e-02
1.180000e+00 1.323051e-02
1.190000e+00 1.258490e-02
1.200000e+00 1.197646e-02
1.210000e+00 1.140318e-02
1.220000e+00 1.086312e-02
1.230000e+00 1.035447e-02
1.240000e+00 9.875500e-03
1.250000e+00 9.424576e-03
1.260000e+00 9.000139e-03
1.270000e+00 8.600714e-03
1.280000e+00 8.224898e-03
1.290000e+00 7.871362e-03
1.300000e+00 7.538838e-03
1.310000e+00 7.226127e-03
1.320000e+00 6.932084e-03
1.330000e+00 6.655626e-03
1.340000e+00 6.395719e-03
1.350000e+00 6.151384e-03
1.360000e+00 5.921690e-03
1.370000e+00 5.705751e-03
1.380000e+00 5.502729e-03
1.390000e+00 5.311826e-03
1.400000e+00 5.132287e-03
1.410000e+00 4.963398e-03
1.420000e+00 4.804480e-03
1.430000e+00 4.654895e-03
1.440000e+00 4.514037e-03
1.450000e+00 4.381338e-03
1.460000e+00 4.256260e-03
1.470000e+00 4.138300e-03
1.480000e+00 4.026986e-03
1.490000e+00 3.921872e-03
1.500000e+00 3.822546e-03
1.510000e+00 3.728619e-03
1.520000e+00 3.639733e-03
1.530000e+00 3.555550e-03
1.540000e+00 3.475761e-03
1.550000e+00 3.400076e-03
1.560000e+00 3.328230e-03
1.570000e+00 3.259975e-03
1.580000e+00 3.195086e-03
1.590000e+00 3.133351e-03
1.600000e+00 3.074580e-03
1.610000e+00 3.018595e-03
1.620000e+00 2.965233e-03
1.630000e+00 2.914346e-03
1.640000e+00 2.865795e-03
1.650000e+00 2.819454e-03
1.660000e+00 2.775207e-03
1.670000e+00 2.732946e-03
1.680000e+00 2.692570e-03
1.690000e+00 2.653988e-03
1.700000e+00 2.617112e-03
1.710000e+00 2.581861e-03
1.720000e+00 2.548158e-03
1.730000e+00 2.515932e-03
1.740000e+00 2.485113e-03
1.750000e+00 2.455635e-03
1.760000e+00 2.427435e-03
1.770000e+00 2.400451e-03
1.780000e+00 2.374625e-03
1.790000e+00 2.349898e-03
1.800000e+00 2.326214e-03
1.810000e+00 2.303518e-03
1.820000e+00 2.281755e-03
1.830000e+00 2.260871e-03
1.840000e+00 2.240814e-03
1.850000e+00 2.221532e-03
1.860000e+00 2.202973e-03
1.870000e+00 2.185085e-03
1.880000e+00 2.167820e-03
1.890000e+00 2.151126e-03
1.900000e+00 2.134954e-03
1.910000e+00 2.119255e-03
1.920000e+00 2.103980e-03
1.930000e+00 2.089081e-03
1.940000e+00 2.074510e-03
1.950000e+00 2.060219e-03
1.960000e+00 2.046160e-03
1.970000e+00 2.032286e-03
1.980000e+00 2.018551e-03
1.990000e+00 2.004907e-03
2.000000e+00 1.991307e-03
2.010000e+00 1.977707e-03
2.020000e+00 1.964058e-03
2.030000e+00 1.950317e-03
2.040000e+00 1.936439e-03
2.050000e+00 1.922377e-03
2.060000e+00 1.908091e-03
2.070000e+00 1.893536e-03
2.080000e+00 1.878671e-03
2.090000e+00 1.863458e-03
2.100000e+00 1.847857e-03
2.110000e+00 1.831834e-03
2.120000e+00 1.815354e-03
2.130000e+00 1.798388e-03
2.140000e+00 1.780909e-03
2.150000e+00 1.762893e-03
2.160000e+00 1.744320e-03
2.170000e+00 1.725177e-03
2.180000e+00 1.705453e-03
2.190000e+00 1.685144e-03
2.200000e+00 1.664252e-03
2.210000e+00 1.642783e-03
2.220000e+00 1.620753e-03
2.230000e+00 1.598181e-03
2.240000e+00 1.575095e-03
2.250000e+00 1.551529e-03
2.260000e+00 1.527526e-03
2.270000e+00 1.503133e-03
2.280000e+00 1.478406e-03
2.290000e+00 1.453408e-03
2.300000e+00 1.428207e-03
2.310000e+00 1.402880e-03
2.320000e+00 1.377507e-03
2.330000e+00 1.352175e-03
2.340000e+00 1.326974e-03
2.350000e+00 1.302001e-03
2.360000e+00 1.277352e-03
2.370000e+00 1.253130e-03
2.380000e+00 1.229436e-03
2.390000e+00 1.206373e-03
2.400000e+00 1.184046e-03
2.410000e+00 1.162554e-03
2.420000e+00 1.141997e-03
2.430000e+00 1.122470e-03
2.440000e+00 1.104067e-03
2.450000e+00 1.086872e-03
2.460000e+00 1.070967e-03
2.470000e+00 1.056423e-03
2.480000e+00 1.043307e-03
2.490000e+00 1.031674e-03
2.500000e+00 1.021571e-03
2.510000e+00 1.013036e-03
2.520000e+00 1.006096e-03
2.530000e+00 1.000765e-03
2.540000e+00 9.970494e-04
2.550000e+00 9.949416e-04
2.560000e+00 9.944238e-04
2.570000e+00 9.954669e-04
2.580000e+00 9.980304e-04
2.590000e+00 1.002063e-03
2.600000e+00 1.007504e-03
2.610000e+00 1.014282e-03
2.620000e+00 1.022316e-03
2.630000e+00 1.031517e-03
2.640000e+00 1.041788e-03
2.650000e+00 1.053026e-03
2.660000e+00 1.065122e-03
2.670000e+00 1.077960e-03
2.680000e+00 1.091423e-03
2.690000e+00 1.105391e-03
2.700000e+00 1.119739e-03
2.710000e+00 1.134344e-03
2.720000e+00 1.149084e-03
2.730000e+00 1.163837e-03
2.740000e+00 1.178484e-03
2.750000e+00 1.192911e-03
2.760000e+00 1.207005e-03
2.770000e+00 1.220662e-03
2.780000e+00 1.233782e-03
2.790000e+00 1.246273e-03
2.800000e+00 1.258051e-03
2.810000e+00 1.269039e-03
2.820000e+00 1.279170e-03
2.830000e+00 1.288386e-03
2.840000e+00 1.296637e-03
2.850000e+00 1.303886e-03
2.860000e+00 1.310101e-03
2.870000e+00 1.315266e-03
2.880000e+00 1.319369e-03
2.890000e+00 1.322411e-03
2.900000e+00 1.324403e-03
2.910000e+00 1.325363e-03
2.920000e+00 1.325318e-03
2.930000e+00 1.324305e-03
2.940000e+00 1.322368e-03
2.950000e+00 1.319558e-03
2.960000e+00 1.315932e-03
2.970000e+00 1.311553e-03
2.980000e+00 1.306490e-03
2.990000e+00 1.300816e-03
3.000000e+00 1.294608e-03
3.010000e+00 1.287944e-03
3.020000e+00 1.280905e-03
3.030000e+00 1.273574e-03
3.040000e+00 1.266033e-03
3.050000e+00 1.258365e-03
3.060000e+00 1.250649e-03
3.070000e+00 1.242965e-03
3.080000e+00 1.235390e-03
3.090000e+00 1.227995e-03
3.100000e+00 1.220849e-03
3.110000e+00 1.214018e-03
3.120000e+00 1.207558e-03
3.130000e+00 1.201526e-03
3.140000e+00 1.195967e-03
3.150000e+00 1.190924e-03
3.160000e+00 1.186431e-03
3.170000e+00 1.182517e-03
3.180000e+00 1.179203e-03
3.190000e+00 1.176505e-03
3.200000e+00 1.174430e-03
3.210000e+00 1.172980e-03
3.220000e+00 1.172150e-03
3.230000e+00 1.171929e-03
3.240000e+00 1.172300e-03
3.250000e+00 1.173240e-03
3.260000e+00 1.174724e-03
3.270000e+00 1.176717e-03
3.280000e+00 1.179185e-03
3.290000e+00 1.182088e-03
3.300000e+00 1.185383e-03
3.310000e+00 1.189025e-03
3.320000e+00 1.192967e-03
3.330000e+00 1.197163e-03
3.340000e+00 1.201562e-03
3.350000e+00 1.206117e-03
3.360000e+00 1.210780e-03
3.370000e+00 1.215504e-03
3.380000e+00 1.220244e-03
3.390000e+00 1.224955e-03
3.400000e+00 1.229598e-03
3.410000e+00 1.234134e-03
3.420000e+00 1.238528e-03
3.430000e+00 1.242749e-03
3.440000e+00 1.246768e-03
3.450000e+00 1.250560e-03
3.460000e+00 1.254104e-03
3.470000e+00 1.257384e-03
3.480000e+00 1.260386e-03
3.490000e+00 1.263099e-03
3.500000e+00 1.265518e-03
3.510000e+00 1.267638e-03
3.520000e+00 1.269459e-03
3.530000e+00 1.270983e-03
3.540000e+00 1.272214e-03
3.550000e+00 1.273160e-03
3.560000e+00 1.273828e-03
3.570000e+00 1.274228e-03
3.580000e+00 1.274371e-03
3.590000e+00 1.274267e-03
3.600000e+00 1.273929e-03
3.610000e+00 1.273367e-03
3.620000e+00 1.272593e-03
3.630000e+00 1.271617e-03
3.640000e+00 1.270449e-03
3.650000e+00 1.269097e-03
3.660000e+00 1.267569e-03
3.670000e+00 1.265871e-03
3.680000e+00 1.264006e-03
3.690000e+00 1.261977e-03
3.700000e+00 1.259786e-03
3.710000e+00 1.257430e-03
3.720000e+00 1.254908e-03
3.730000e+00 1.252215e-03
3.740000e+00 1.249345e-03
3.750000e+00 1.246291e-03
3.760000e+00 1.243043e-03
3.770000e+00 1.239591e-03
3.780000e+00 1.235922e-03
3.790000e+00 1.232025e-03
3.800000e+00 1.227884e-03
3.810000e+00 1.223484e-03
3.820000e+00 1.218809e-03
3.830000e+00 1.213841e-03
3.840000e+00 1.208563e-03
3.850000e+00 1.202955e-03
3.860000e+00 1.196998e-03
3.870000e+00 1.190672e-03
3.880000e+00 1.183955e-03
3.890000e+00 1.176826e-03
3.900000e+00 1.169261e-03
3.910000e+00 1.161237e-03
3.920000e+00 1.152731e-03
3.930000e+00 1.143717e-03
3.940000e+00 1.134169e-03
3.950000e+00 1.124062e-03
3.960000e+00 1.113368e-03
3.970000e+00 1.102060e-03
3.980000e+00 1.090109e-03
3.990000e+00 1.077488e-03
4.000000e+00 1.064168e-03
4.010000e+00 1.050120e-03
4.020000e+00 1.035316e-03
4.030000e+00 1.019728e-03
4.040000e+00 1.003329e-03
4.050000e+00 9.860941e-04
4.060000e+00 9.679989e-04
4.070000e+00 9.490215e-04
4.080000e+00 9.291423e-04
4.090000e+00 9.083448e-04
4.100000e+00 8.866158e-04
4.110000e+00 8.639461e-04
4.120000e+00 8.403308e-04
4.130000e+00 8.157701e-04
4.140000e+00 7.902691e-04
4.150000e+00 7.638391e-04
4.160000e+00 7.364971e-04
4.170000e+00 7.082669e-04
4.180000e+00 6.791788e-04
4.190000e+00 6.492702e-04
4.200000e+00 6.185855e-04
4.210000e+00 5.871764e-04
4.220000e+00 5.551017e-04
4.230000e+00 5.224271e-04
4.240000e+00 4.892254e-04
4.250000e+00 4.555758e-04
4.260000e+00 4.215639e-04
4.270000e+00 3.872809e-04
4.280000e+00 3.528231e-04
4.290000e+00 3.182914e-04
4.300000e+00 2.837908e-04
4.310000e+00 2.494289e-04
4.320000e+00 2.153159e-04
4.330000e+00 1.815631e-04
4.340000e+00 1.482823e-04
4.350000e+00 1.155849e-04
4.360000e+00 8.358039e-05
4.370000e+00 5.237616e-05
4.380000e+00 2.207598e-05
4.390000e+00 -7.220714e-06
4.400000e+00 -3.541978e-05
4.410000e+00 -6.243318e-05
4.420000e+00 -8.817981e-05
4.430000e+00 -1.125862e-04
4.440000e+00 -1.355871e-04
4.450000e+00 -1.571262e-04
4.460000e+00 -1.771563e-04
4.470000e+00 -1.956400e-04
4.480000e+00 -2.125498e-04
4.490000e+00 -2.278682e-04
4.500000e+00 -2.415877e-04
4.510000e+00 -2.537110e-04
4.520000e+00 -2.642508e-04
4.530000e+00 -2.732290e-04
4.540000e+00 -2.806772e-04
4.550000e+00 -2.866356e-04
4.560000e+00 -2.911529e-04
4.570000e+00 -2.942855e-04
4.580000e+00 -2.960969e-04
4.590000e+00 -2.966570e-04
4.600000e+00 -2.960415e-04
4.610000e+00 -2.943309e-04
4.620000e+00 -2.916102e-04
4.630000e+00 -2.879674e-04
4.640000e+00 -2.834935e-04
4.650000e+00 -2.782812e-04
4.660000e+00 -2.724243e-04
4.670000e+00 -2.660171e-04
4.680000e+00 -2.591536e-04
4.690000e+00 -2.519269e-04
4.700000e+00 -2.444285e-04
4.710000e+00 -2.367480e-04
4.720000e+00 -2.289724e-04
4.730000e+00 -2.211857e-04
4.740000e+00 -2.134684e-04
4.750000e+00 -2.058973e-04
4.760000e+00 -1.985453e-04
4.770000e+00 -1.914809e-04
4.780000e+00 -1.847680e-04
4.790000e+00 -1.784659e-04
4.800000e+00 -1.726293e-04
4.810000e+00 -1.673076e-04
4.820000e+00 -1.625455e-04
4.830000e+00 -1.583826e-04
4.840000e+00 -1.548532e-04
4.850000e+00 -1.519869e-04
4.860000e+00 -1.498078e-04
4.870000e+00 -1.483349e-04
4.880000e+00 -1.475824e-04
4.890000e+00 -1.475589e-04
4.900000e+00 -1.482682e-04
4.910000e+00 -1.497088e-04
4.920000e+00 -1.518742e-04
4.930000e+00 -1.547525e-04
4.940000e+00 -1.583270e-04
4.950000e+00 -1.625758e-04
4.960000e+00 -1.674719e-04
4.970000e+00 -1.729832e-04
4.980000e+00 -1.790729e-04
4.990000e+00 -1.856989e-04
5.000000e+00 -1.928148e-04
5.010000e+00 -2.003690e-04
5.020000e+00 -2.083058e-04
5.030000e+00 -2.165650e-04
5.040000e+00 -2.250824e-04
5.050000e+00 -2.337897e-04
5.060000e+00 -2.426154e-04
5.070000e+00 -2.514845e-04
5.080000e+00 -2.603194e-04
5.090000e+00 -2.690401e-04
5.100000e+00 -2.775645e-04
5.110000e+00 -2.858093e-04
5.120000e+00 -2.936901e-04
5.130000e+00 -3.011223e-04
5.140000e+00 -3.080216e-04
5.150000e+00 -3.143046e-04
5.160000e+00 -3.198892e-04
5.170000e+00 -3.246958e-04
5.180000e+00 -3.286474e-04
5.190000e+00 -3.316705e-04
5.200000e+00 -3.336957e-04
5.210000e+00 -3.346584e-04
5.220000e+00 -3.344992e-04
5.230000e+00 -3.331648e-04
5.240000e+00 -3.306081e-04
5.250000e+00 -3.267892e-04
5.260000e+00 -3.216754e-04
5.270000e+00 -3.152418e-04
5.280000e+00 -3.074718e-04
5.290000e+00 -2.983572e-04
5.300000e+00 -2.878983e-04
5.310000e+00 -2.761043e-04
5.320000e+00 -2.629936e-04
5.330000e+00 -2.485931e-04
5.340000e+00 -2.329390e-04
5.350000e+00 -2.160763e-04
5.360000e+00 -1.980584e-04
5.370000e+00 -1.789475e-04
5.380000e+00 -1.588136e-04
5.390000e+00 -1.377350e-04
5.400000e+00 -1.157969e-04
5.410000e+00 -9.309195e-05
5.420000e+00 -6.971895e-05
5.430000e+00 -4.578284e-05
5.440000e+00 -2.139388e-05
5.450000e+00 3.332870e-06
5.460000e+00 2.827823e-05
5.470000e+00 5.331953e-05
5.480000e+00 7.833132e-05
5.490000e+00 1.031860e-04
5.500000e+00 1.277548e-04
5.510000e+00 1.519080e-04
5.520000e+00 1.755161e-04
5.530000e+00 1.984504e-04
5.540000e+00 2.205837e-04
5.550000e+00 2.417911e-04
5.560000e+00 2.619506e-04
5.570000e+00 2.809438e-04
5.580000e+00 2.986567e-04
5.590000e+00 3.149802e-04
5.600000e+00 3.298110e-04
5.610000e+00 3.430516e-04
5.620000e+00 3.546119e-04
5.630000e+00 3.644085e-04
5.640000e+00 3.723663e-04
5.650000e+00 3.784183e-04
5.660000e+00 3.825062e-04
5.670000e+00 3.845810e-04
5.680000e+00 3.846028e-04
5.690000e+00 3.825417e-04
5.700000e+00 3.783774e-04
5.710000e+00 3.720998e-04
5.720000e+00 3.637090e-04
5.730000e+00 3.532152e-04
5.740000e+00 3.406388e-04
5.750000e+00 3.260100e-04
5.760000e+00 3.093693e-04
5.770000e+00 2.907666e-04
5.780000e+00 2.702611e-04
5.790000e+00 2.479212e-04
5.800000e+00 2.238237e-04
5.810000e+00 1.980538e-04
5.820000e+00 1.707041e-04
5.830000e+00 1.418741e-04
5.840000e+00 1.116700e-04
5.850000e+00 8.020365e-05
5.860000e+00 4.759176e-05
5.870000e+00 1.395553e-05
5.880000e+00 -2.058032e-05
5.890000e+00 -5.588827e-05
5.900000e+00 -9.183874e-05
5.910000e+00 -1.283009e-04
5.920000e+00 -1.651434e-04
5.930000e+00 -2.022350e-04
5.940000e+00 -2.394456e-04
5.950000e+00 -2.766466e-04
5.960000e+00 -3.137117e-04
5.970000e+00 -3.505176e-04
5.980000e+00 -3.869443e-04
5.990000e+00 -4.228759e-04
6.000000e+00 -4.582009e-04
6.010000e+00 -4.928126e-04
6.020000e+00 -5.266096e-04
6.030000e+00 -5.594959e-04
6.040000e+00 -5.913811e-04
6.050000e+00 -6.221807e-04
6.060000e+00 -6.518162e-04
6.070000e+00 -6.802151e-04
6.080000e+00 -7.073107e-04
6.090000e+00 -7.330425e-04
6.100000e+00 -7.573557e-04
6.110000e+00 -7.802011e-04
6.120000e+00 -8.015352e-04
6.130000e+00 -8.213199e-04
6.140000e+00 -8.395219e-04
6.150000e+00 -8.561134e-04
6.160000e+00 -8.710706e-04
6.170000e+00 -8.843747e-04
6.180000e+00 -8.960109e-04
6.190000e+00 -9.059683e-04
6.200000e+00 -9.142401e-04
6.210000e+00 -9.208230e-04
6.220000e+00 -9.257171e-04
6.230000e+00 -9.289260e-04
6.240000e+00 -9.304563e-04
6.250000e+00 -9.303182e-04
6.260000e+00 -9.285246e-04
6.270000e+00 -9.250917e-04
6.280000e+00 -9.200389e-04
6.290000e+00 -9.133885e-04
6.300000e+00 -9.051663e-04
6.310000e+00 -8.954011e-04
6.320000e+00 -8.841255e-04
6.330000e+00 -8.713750e-04
6.340000e+00 -8.571891e-04
6.350000e+00 -8.416109e-04
6.360000e+00 -8.246871e-04
6.370000e+00 -8.064684e-04
6.380000e+00 -7.870094e-04
6.390000e+00 -7.663686e-04
6.400000e+00 -7.446085e-04
6.410000e+00 -7.217956e-04
6.420000e+00 -6.980003e-04
6.430000e+00 -6.732967e-04
6.440000e+00 -6.477627e-04
6.450000e+00 -6.214799e-04
6.460000e+00 -5.945328e-04
6.470000e+00 -5.670093e-04
6.480000e+00 -5.389998e-04
6.490000e+00 -5.105973e-04
6.500000e+00 -4.818967e-04
6.510000e+00 -4.529946e-04
6.520000e+00 -4.239884e-04
6.530000e+00 -3.949767e-04
6.540000e+00 -3.660577e-04
6.550000e+00 -3.373296e-04
6.560000e+00 -3.088895e-04
6.570000e+00 -2.808330e-04
6.580000e+00 -2.532538e-04
6.590000e+00 -2.262429e-04
6.600000e+00 -1.998881e-04
6.610000e+00 -1.742739e-04
6.620000e+00 -1.494802e-04
6.630000e+00 -1.255826e-04
6.640000e+00 -1.026517e-04
6.650000e+00 -8.075233e-05
6.660000e+00 -5.994383e-05
6.670000e+00 -4.027927e-05
6.680000e+00 -2.180541e-05
6.690000e+00 -4.562400e-06
6.700000e+00 1.141632e-05
6.710000e+00 2.610415e-05
6.720000e+00 3.948134e-05
6.730000e+00 5.153500e-05
6.740000e+00 6.225904e-05
6.750000e+00 7.165399e-05
6.760000e+00 7.972687e-05
6.770000e+00 8.649095e-05
6.780000e+00 9.196547e-05
6.790000e+00 9.617530e-05
6.800000e+00 9.915065e-05
6.810000e+00 1.009266e-04
6.820000e+00 1.015427e-04
6.830000e+00 1.010425e-04
6.840000e+00 9.947319e-05
6.850000e+00 9.688499e-05
6.860000e+00 9.333065e-05
6.870000e+00 8.886504e-05
6.880000e+00 8.354456e-05
6.890000e+00 7.742669e-05
6.900000e+00 7.056950e-05
6.910000e+00 6.303115e-05
6.920000e+00 5.486944e-05
6.930000e+00 4.614142e-05
6.940000e+00 3.690292e-05
6.950000e+00 2.720822e-05
6.960000e+00 1.710971e-05
6.970000e+00 6.657560e-06
6.980000e+00 -4.100527e-06
6.990000e+00 -1.511954e-05
7.000000e+00 -2.635735e-05
7.010000e+00 -3.777483e-05
7.020000e+00 -4.933599e-05
7.030000e+00 -6.100800e-05
7.040000e+00 -7.276120e-05
7.050000e+00 -8.456909e-05
7.060000e+00 -9.640825e-05
7.070000e+00 -1.082582e-04
7.080000e+00 -1.201014e-04
7.090000e+00 -1.319228e-04
7.100000e+00 -1.437100e-04
7.110000e+00 -1.554526e-04
7.120000e+00 -1.671424e-04
7.130000e+00 -1.787728e-04
7.140000e+00 -1.903387e-04
7.150000e+00 -2.018361e-04
7.160000e+00 -2.132618e-04
7.170000e+00 -2.246134e-04
7.180000e+00 -2.358887e-04
7.190000e+00 -2.470854e-04
7.200000e+00 -2.582011e-04
7.210000e+00 -2.692329e-04
7.220000e+00 -2.801774e-04
7.230000e+00 -2.910300e-04
7.240000e+00 -3.017854e-04
7.250000e+00 -3.124369e-04
7.260000e+00 -3.229769e-04
7.270000e+00 -3.333961e-04
7.280000e+00 -3.436841e-04
7.290000e+00 -3.538291e-04
7.300000e+00 -3.638182e-04
7.310000e+00 -3.736370e-04
7.320000e+00 -3.832704e-04
7.330000e+00 -3.927019e-04
7.340000e+00 -4.019147e-04
7.350000e+00 -4.108909e-04
7.360000e+00 -4.196126e-04
7.370000e+00 -4.280615e-04
7.380000e+00 -4.362195e-04
7.390000e+00 -4.440688e-04
7.400000e+00 -4.515919e-04
7.410000e+00 -4.587724e-04
7.420000e+00 -4.655947e-04
7.430000e+00 -4.720444e-04
7.440000e+00 -4.781086e-04
7.450000e+00 -4.837759e-04
7.460000e+00 -4.890367e-04
7.470000e+00 -4.938832e-04
7.480000e+00 -4.983095e-04
7.490000e+00 -5.023119e-04
7.500000e+00 -5.058883e-04
7.510000e+00 -5.090391e-04
7.520000e+00 -5.117664e-04
7.530000e+00 -5.140740e-04
7.540000e+00 -5.159678e-04
7.550000e+00 -5.174552e-04
7.560000e+00 -5.185448e-04
7.570000e+00 -5.192468e-04
7.580000e+00 -5.195721e-04
7.590000e+00 -5.195324e-04
7.600000e+00 -5.191400e-04
7.610000e+00 -5.184073e-04
7.620000e+00 -5.173467e-04
7.630000e+00 -5.159702e-04
7.640000e+00 -5.142893e-04
7.650000e+00 -5.123146e-04
7.660000e+00 -5.100555e-04
7.670000e+00 -5.075199e-04
7.680000e+00 -5.047145e-04
7.690000e+00 -5.016439e-04
7.700000e+00 -4.983110e-04
7.710000e+00 -4.947164e-04
7.720000e+00 -4.908587e-04
7.730000e+00 -4.867341e-04
7.740000e+00 -4.823368e-04
7.750000e+00 -4.776584e-04
7.760000e+00 -4.726885e-04
7.770000e+00 -4.674142e-04
7.780000e+00 -4.618207e-04
7.790000e+00 -4.558911e-04
7.800000e+00 -4.496067e-04
7.810000e+00 -4.429469e-04
7.820000e+00 -4.358897e-04
7.830000e+00 -4.284117e-04
7.840000e+00 -4.204882e-04
7.850000e+00 -4.120938e-04
7.860000e+00 -4.032022e-04
7.870000e+00 -3.937865e-04
7.880000e+00 -3.838198e-04
7.890000e+00 -3.732749e-04
7.900000e+00 -3.621248e-04
7.910000e+00 -3.503428e-04
7.920000e+00 -3.379029e-04
7.930000e+00 -3.247798e-04
7.940000e+00 -3.109489e-04
7.950000e+00 -2.963872e-04
7.960000e+00 -2.810726e-04
7.970000e+00 -2.649846e-04
7.980000e+00 -2.481043e-04
7.990000e+00 -2.304146e-04
8.000000e+00 -2.119004e-04
8.010000e+00 -1.925484e-04
8.020000e+00 -1.723477e-04
8.030000e+00 -1.512897e-04
8.040000e+00 -1.293682e-04
8.050000e+00 -1.065797e-04
8.060000e+00 -8.292326e-05
8.070000e+00 -5.840103e-05
8.080000e+00 -3.301800e-05
8.090000e+00 -6.782325e-06
8.100000e+00 2.029458e-05
8.110000e+00 4.819793e-05
8.120000e+00 7.690945e-05
8.130000e+00 1.064073e-04
8.140000e+00 1.366659e-04
8.150000e+00 1.676558e-04
8.160000e+00 1.993441e-04
8.170000e+00 2.316935e-04
8.180000e+00 2.646632e-04
8.190000e+00 2.982084e-04
8.200000e+00 3.322803e-04
8.210000e+00 3.668266e-04
8.220000e+00 4.017911e-04
8.230000e+00 4.371142e-04
8.240000e+00 4.727329e-04
8.250000e+00 5.085812e-04
8.260000e+00 5.445902e-04
8.270000e+00 5.806884e-04
8.280000e+00 6.168020e-04
8.290000e+00 6.528558e-04
8.300000e+00 6.887726e-04
8.310000e+00 7.244748e-04
8.320000e+00 7.598838e-04
8.330000e+00 7.949214e-04
8.340000e+00 8.295098e-04
8.350000e+00 8.635719e-04
8.360000e+00 8.970326e-04
8.370000e+00 9.298185e-04
8.380000e+00 9.618589e-04
8.390000e+00 9.930861e-04
8.400000e+00 1.023436e-03
8.410000e+00 1.052848e-03
8.420000e+00 1.081267e-03
8.430000e+00 1.108641e-03
8.440000e+00 1.134923e-03
8.450000e+00 1.160074e-03
8.460000e+00 1.184057e-03
8.470000e+00 1.206842e-03
8.480000e+00 1.228405e-03
8.490000e+00 1.248728e-03
8.500000e+00 1.267797e-03
8.510000e+00 1.285605e-03
8.520000e+00 1.302150e-03
8.530000e+00 1.317435e-03
8.540000e+00 1.331469e-03
8.550000e+00 1.344264e-03
8.560000e+00 1.355839e-03
8.570000e+00 1.366214e-03
8.580000e+00 1.375415e-03
8.590000e+00 1.383471e-03
8.600000e+00 1.390412e-03
8.610000e+00 1.396274e-03
8.620000e+00 1.401093e-03
8.630000e+00 1.404907e-03
8.640000e+00 1.407757e-03
8.650000e+00 1.409683e-03
8.660000e+00 1.410729e-03
8.670000e+00 1.410937e-03
8.680000e+00 1.410352e-03
8.690000e+00 1.409018e-03
8.700000e+00 1.406980e-03
8.710000e+00 1.404283e-03
8.720000e+00 1.400974e-03
8.730000e+00 1.397098e-03
8.740000e+00 1.392702e-03
8.750000e+00 1.387833e-03
8.760000e+00 1.382539e-03
8.770000e+00 1.376868e-03
8.780000e+00 1.370870e-03
8.790000e+00 1.364594e-03
8.800000e+00 1.358093e-03
8.810000e+00 1.351418e-03
8.820000e+00 1.344624e-03
8.830000e+00 1.337764e-03
8.840000e+00 1.330897e-03
8.850000e+00 1.324078e-03
8.860000e+00 1.317366e-03
8.870000e+00 1.310821e-03
8.880000e+00 1.304502e-03
8.890000e+00 1.298471e-03
8.900000e+00 1.292788e-03
8.910000e+00 1.287514e-03
8.920000e+00 1.282707e-03
8.930000e+00 1.278428e-03
8.940000e+00 1.274734e-03
8.950000e+00 1.271678e-03
8.960000e+00 1.269313e-03
8.970000e+00 1.267688e-03
8.980000e+00 1.266847e-03
8.990000e+00 1.266831e-03
9.000000e+00 1.267673e-03
9.010000e+00 1.269404e-03
9.020000e+00 1.272045e-03
9.030000e+00 1.275612e-03
9.040000e+00 1.280113e-03
9.050000e+00 1.285550e-03
9.060000e+00 1.291915e-03
9.070000e+00 1.299192e-03
9.080000e+00 1.307357e-03
9.090000e+00 1.316377e-03
9.100000e+00 1.326213e-03
9.110000e+00 1.336814e-03
9.120000e+00 1.348123e-03
9.130000e+00 1.360075e-03
9.140000e+00 1.372598e-03
9.150000e+00 1.385613e-03
9.160000e+00 1.399034e-03
9.170000e+00 1.412771e-03
9.180000e+00 1.426727e-03
9.190000e+00 1.440803e-03
9.200000e+00 1.454896e-03
9.210000e+00 1.468902e-03
9.220000e+00 1.482713e-03
9.230000e+00 1.496223e-03
9.240000e+00 1.509325e-03
9.250000e+00 1.521915e-03
9.260000e+00 1.533888e-03
9.270000e+00 1.545147e-03
9.280000e+00 1.555595e-03
9.290000e+00 1.565140e-03
9.300000e+00 1.573698e-03
9.310000e+00 1.581188e-03
9.320000e+00 1.587537e-03
9.330000e+00 1.592679e-03
9.340000e+00 1.596555e-03
9.350000e+00 1.599112e-03
9.360000e+00 1.600309e-03
9.370000e+00 1.600108e-03
9.380000e+00 1.598482e-03
9.390000e+00 1.595412e-03
9.400000e+00 1.590884e-03
9.410000e+00 1.584895e-03
9.420000e+00 1.577447e-03
9.430000e+00 1.568549e-03
9.440000e+00 1.558219e-03
9.450000e+00 1.546479e-03
9.460000e+00 1.533357e-03
9.470000e+00 1.518888e-03
9.480000e+00 1.503110e-03
9.490000e+00 1.486066e-03
9.500000e+00 1.467804e-03
9.510000e+00 1.448374e-03
9.520000e+00 1.427831e-03
9.530000e+00 1.406232e-03
9.540000e+00 1.383635e-03
9.550000e+00 1.360101e-03
9.560000e+00 1.335693e-03
9.570000e+00 1.310475e-03
9.580000e+00 1.284511e-03
9.590000e+00 1.257868e-03
9.600000e+00 1.230611e-03
9.610000e+00 1.202806e-03
9.620000e+00 1.174520e-03
9.630000e+00 1.145819e-03
9.640000e+00 1.116770e-03
9.650000e+00 1.087438e-03
9.660000e+00 1.057889e-03
9.670000e+00 1.028188e-03
9.680000e+00 9.983999e-04
9.690000e+00 9.685873e-04
9.700000e+00 9.388132e-04
9.710000e+00 9.091394e-04
9.720000e+00 8.796264e-04
9.730000e+00 8.503338e-04
9.740000e+00 8.213194e-04
9.750000e+00 7.926398e-04
9.760000e+00 7.643498e-04
9.770000e+00 7.365023e-04
9.780000e+00 7.091483e-04
9.790000e+00 6.823367e-04
9.800000e+00 6.561138e-04
9.810000e+00 6.305235e-04
9.820000e+00 6.056070e-04
9.830000e+00 5.814028e-04
9.840000e+00 5.579463e-04
9.850000e+00 5.352698e-04
9.860000e+00 5.134023e-04
9.870000e+00 4.923698e-04
9.880000e+00 4.721946e-04
9.890000e+00 4.528960e-04
9.900000e+00 4.344896e-04
9.910000e+00 4.169879e-04
9.920000e+00 4.004000e-04
9.930000e+00 3.847318e-04
9.940000e+00 3.699861e-04
9.950000e+00 3.561628e-04
9.960000e+00 3.432590e-04
9.970000e+00 3.312693e-04
9.980000e+00 3.201857e-04
9.990000e+00 3.099983e-04
1.000000e+01 3.006951e-04
