# sigma2_v 7.628576641986702e+00
0.000000e+00 1.000000e+00
1.000000e-02 9.996186e-01
2.000000e-02 9.984755e-01
3.000000e-02 9.965734e-01
4.000000e-02 9.939168e-01
5.000000e-02 9.905122e-01
6.000000e-02 9.863678e-01
7.000000e-02 9.814934e-01
8.000000e-02 9.759008e-01
9.000000e-02 9.696032e-01
1.000000e-01 9.626156e-01
1.100000e-01 9.549542e-01
1.200000e-01 9.466372e-01
1.300000e-01 9.376837e-01
1.400000e-01 9.281143e-01
1.500000e-01 9.179510e-01
1.600000e-01 9.072167e-01
1.700000e-01 8.959354e-01
1.800000e-01 8.841323e-01
1.900000e-01 8.718330e-01
2.000000e-01 8.590644e-01
2.100000e-01 8.458538e-01
2.200000e-01 8.322289e-01
2.300000e-01 8.182182e-01
2.400000e-01 8.038503e-01
2.500000e-01 7.891543e-01
2.600000e-01 7.741593e-01
2.700000e-01 7.588944e-01
2.800000e-01 7.433889e-01
2.900000e-01 7.276719e-01
3.000000e-01 7.117722e-01
3.100000e-01 6.957184e-01
3.200000e-01 6.795386e-01
3.300000e-01 6.632606e-01
3.400000e-01 6.469116e-01
3.500000e-01 6.305182e-01
3.600000e-01 6.141063e-01
3.700000e-01 5.977011e-01
3.800000e-01 5.813271e-01
3.900000e-01 5.650079e-01
4.000000e-01 5.487661e-01
4.100000e-01 5.326236e-01
4.200000e-01 5.166012e-01
4.300000e-01 5.007187e-01
4.400000e-01 4.849951e-01
4.500000e-01 4.694480e-01
4.600000e-01 4.540944e-01
4.700000e-01 4.389498e-01
4.800000e-01 4.240289e-01
4.900000e-01 4.093453e-01
5.000000e-01 3.949114e-01
5.100000e-01 3.807389e-01
5.200000e-01 3.668379e-01
5.300000e-01 3.532179e-01
5.400000e-01 3.398873e-01
5.500000e-01 3.268533e-01
5.600000e-01 3.141223e-01
5.700000e-01 3.016998e-01
5.800000e-01 2.895902e-01
5.900000e-01 2.777971e-01
6.000000e-01 2.663233e-01
6.100000e-01 2.551706e-01
6.200000e-01 2.443402e-01
6.300000e-01 2.338324e-01
6.400000e-01 2.236469e-01
6.500000e-01 2.137826e-01
6.600000e-01 2.042379e-01
6.700000e-01 1.950103e-01
6.800000e-01 1.860972e-01
6.900000e-01 1.774951e-01
7.000000e-01 1.692001e-01
7.100000e-01 1.612079e-01
7.200000e-01 1.535138e-01
7.300000e-01 1.461126e-01
7.400000e-01 1.389990e-01
7.500000e-01 1.321672e-01
7.600000e-01 1.256111e-01
7.700000e-01 1.193245e-01
7.800000e-01 1.133009e-01
7.900000e-01 1.075337e-01
8.000000e-01 1.020162e-01
8.100000e-01 9.674139e-02
8.200000e-01 9.170234e-02
8.300000e-01 8.689199e-02
8.400000e-01 8.230326e-02
8.500000e-01 7.792904e-02
8.600000e-01 7.376223e-02
8.700000e-01 6.979576e-02
8.800000e-01 6.602257e-02
8.900000e-01 6.243568e-02
9.000000e-01 5.902820e-02
9.100000e-01 5.579329e-02
9.200000e-01 5.272424e-02
9.300000e-01 4.981443e-02
9.400000e-01 4.705736e-02
9.500000e-01 4.444669e-02
9.600000e-01 4.197619e-02
9.700000e-01 3.963979e-02
9.800000e-01 3.743156e-02
9.900000e-01 3.534574e-02
1.000000e+00 3.337672e-02
1.010000e+00 3.151907e-02
1.020000e+00 2.976752e-02
1.030000e+00 2.811695e-02
1.040000e+00 2.656245e-02
1.050000e+00 2.509924e-02
1.060000e+00 2.372273e-02
1.070000e+00 2.242851e-02
1.080000e+00 2.121231e-02
1.090000e+00 2.007006e-02
1.100000e+00 1.899783e-02
1.110000e+00 1.799185e-02
1.120000e+00 1.704853e-02
1.130000e+00 1.616442e-02
1.140000e+00 1.533623e-02
1.150000e+00 1.456080e-02
1.160000e+00 1.383514e-02
1.170000e+00 1.315639e-02
1.180000e+00 1.252183e-02
1.190000e+00 1.192885e-02
1.200000e+00 1.137499e-02
1.210000e+00 1.085791e-02
1.220000e+00 1.037538e-02
1.230000e+00 9.925299e-03
1.240000e+00 9.505650e-03
1.250000e+00 9.114541e-03
1.260000e+00 8.750171e-03
1.270000e+00 8.410839e-03
1.280000e+00 8.094932e-03
1.290000e+00 7.800926e-03
1.300000e+00 7.527381e-03
1.310000e+00 7.272933e-03
1.320000e+00 7.036297e-03
1.330000e+00 6.816257e-03
1.340000e+00 6.611666e-03
1.350000e+00 6.421442e-03
1.360000e+00 6.244564e-03
1.370000e+00 6.080069e-03
1.380000e+00 5.927048e-03
1.390000e+00 5.784648e-03
1.400000e+00 5.652062e-03
1.410000e+00 5.528531e-03
1.420000e+00 5.413343e-03
1.430000e+00 5.305825e-03
1.440000e+00 5.205345e-03
1.450000e+00 5.111310e-03
1.460000e+00 5.023163e-03
1.470000e+00 4.940380e-03
1.480000e+00 4.862471e-03
1.490000e+00 4.788977e-03
1.500000e+00 4.719466e-03
1.510000e+00 4.653538e-03
1.520000e+00 4.590816e-03
1.530000e+00 4.530950e-03
1.540000e+00 4.473616e-03
1.550000e+00 4.418509e-03
1.560000e+00 4.365351e-03
1.570000e+00 4.313882e-03
1.580000e+00 4.263864e-03
1.590000e+00 4.215077e-03
1.600000e+00 4.167323e-03
1.610000e+00 4.120418e-03
1.620000e+00 4.074199e-03
1.630000e+00 4.028518e-03
1.640000e+00 3.983243e-03
1.650000e+00 3.938259e-03
1.660000e+00 3.893465e-03
1.670000e+00 3.848773e-03
1.680000e+00 3.804111e-03
1.690000e+00 3.759419e-03
1.700000e+00 3.714651e-03
1.710000e+00 3.669770e-03
1.720000e+00 3.624753e-03
1.730000e+00 3.579588e-03
1.740000e+00 3.534271e-03
1.750000e+00 3.488807e-03
1.760000e+00 3.443213e-03
1.770000e+00 3.397511e-03
1.780000e+00 3.351730e-03
1.790000e+00 3.305908e-03
1.800000e+00 3.260087e-03
1.810000e+00 3.214313e-03
1.820000e+00 3.168638e-03
1.830000e+00 3.123117e-03
1.840000e+00 3.077805e-03
1.850000e+00 3.032764e-03
1.860000e+00 2.988052e-03
1.870000e+00 2.943730e-03
1.880000e+00 2.899859e-03
1.890000e+00 2.856499e-03
1.900000e+00 2.813709e-03
1.910000e+00 2.771544e-03
1.920000e+00 2.730060e-03
1.930000e+00 2.689308e-03
1.940000e+00 2.649337e-03
1.950000e+00 2.610194e-03
1.960000e+00 2.571921e-03
1.970000e+00 2.534557e-03
1.980000e+00 2.498137e-03
1.990000e+00 2.462694e-03
2.000000e+00 2.428257e-03
2.010000e+00 2.394851e-03
2.020000e+00 2.362498e-03
2.030000e+00 2.331219e-03
2.040000e+00 2.301031e-03
2.050000e+00 2.271947e-03
2.060000e+00 2.243980e-03
2.070000e+00 2.217141e-03
2.080000e+00 2.191438e-03
2.090000e+00 2.166881e-03
2.100000e+00 2.143474e-03
2.110000e+00 2.121224e-03
2.120000e+00 2.100137e-03
2.130000e+00 2.080217e-03
2.140000e+00 2.061468e-03
2.150000e+00 2.043896e-03
2.160000e+00 2.027504e-03
2.170000e+00 2.012296e-03
2.180000e+00 1.998277e-03
2.190000e+00 1.985450e-03
2.200000e+00 1.973819e-03
2.210000e+00 1.963386e-03
2.220000e+00 1.954154e-03
2.230000e+00 1.946124e-03
2.240000e+00 1.939296e-03
2.250000e+00 1.933669e-03
2.260000e+00 1.929241e-03
2.270000e+00 1.926007e-03
2.280000e+00 1.923960e-03
2.290000e+00 1.923090e-03
2.300000e+00 1.923386e-03
2.310000e+00 1.924833e-03
2.320000e+00 1.927412e-03
2.330000e+00 1.931101e-03
2.340000e+00 1.935875e-03
2.350000e+00 1.941705e-03
2.360000e+00 1.948558e-03
2.370000e+00 1.956396e-03
2.380000e+00 1.965179e-03
2.390000e+00 1.974860e-03
2.400000e+00 1.985389e-03
2.410000e+00 1.996713e-03
2.420000e+00 2.008774e-03
2.430000e+00 2.021508e-03
2.440000e+00 2.034850e-03
2.450000e+00 2.048730e-03
2.460000e+00 2.063074e-03
2.470000e+00 2.077803e-03
2.480000e+00 2.092839e-03
2.490000e+00 2.108096e-03
2.500000e+00 2.123489e-03
2.510000e+00 2.138928e-03
2.520000e+00 2.154323e-03
2.530000e+00 2.169580e-03
2.540000e+00 2.184605e-03
2.550000e+00 2.199303e-03
2.560000e+00 2.213578e-03
2.570000e+00 2.227333e-03
2.580000e+00 2.240473e-03
2.590000e+00 2.252903e-03
2.600000e+00 2.264529e-03
2.610000e+00 2.275259e-03
2.620000e+00 2.285004e-03
2.630000e+00 2.293679e-03
2.640000e+00 2.301199e-03
2.650000e+00 2.307487e-03
2.660000e+00 2.312469e-03
2.670000e+00 2.316076e-03
2.680000e+00 2.318246e-03
2.690000e+00 2.318922e-03
2.700000e+00 2.318055e-03
2.710000e+00 2.315602e-03
2.720000e+00 2.311531e-03
2.730000e+00 2.305813e-03
2.740000e+00 2.298431e-03
2.750000e+00 2.289376e-03
2.760000e+00 2.278648e-03
2.770000e+00 2.266254e-03
2.780000e+00 2.252213e-03
2.790000e+00 2.236549e-03
2.800000e+00 2.219297e-03
2.810000e+00 2.200501e-03
2.820000e+00 2.180210e-03
2.830000e+00 2.158484e-03
2.840000e+00 2.135388e-03
2.850000e+00 2.110994e-03
2.860000e+00 2.085380e-03
2.870000e+00 2.058627e-03
2.880000e+00 2.030825e-03
2.890000e+00 2.002062e-03
2.900000e+00 1.972432e-03
2.910000e+00 1.942031e-03
2.920000e+00 1.910954e-03
2.930000e+00 1.879298e-03
2.940000e+00 1.847158e-03
2.950000e+00 1.814627e-03
2.960000e+00 1.781797e-03
2.970000e+00 1.748756e-03
2.980000e+00 1.715588e-03
2.990000e+00 1.682374e-03
3.000000e+00 1.649188e-03
3.010000e+00 1.616099e-03
3.020000e+00 1.583171e-03
3.030000e+00 1.550462e-03
3.040000e+00 1.518021e-03
3.050000e+00 1.485894e-03
3.060000e+00 1.454117e-03
3.070000e+00 1.422722e-03
3.080000e+00 1.391732e-03
3.090000e+00 1.361164e-03
3.100000e+00 1.331031e-03
3.110000e+00 1.301337e-03
3.120000e+00 1.272082e-03
3.130000e+00 1.243259e-03
3.140000e+00 1.214858e-03
3.150000e+00 1.186862e-03
3.160000e+00 1.159252e-03
3.170000e+00 1.132004e-03
3.180000e+00 1.105091e-03
3.190000e+00 1.078482e-03
3.200000e+00 1.052146e-03
3.210000e+00 1.026047e-03
3.220000e+00 1.000150e-03
3.230000e+00 9.744174e-04
3.240000e+00 9.488109e-04
3.250000e+00 9.232926e-04
3.260000e+00 8.978241e-04
3.270000e+00 8.723680e-04
3.280000e+00 8.468873e-04
3.290000e+00 8.213466e-04
3.300000e+00 7.957119e-04
3.310000e+00 7.699513e-04
3.320000e+00 7.440352e-04
3.330000e+00 7.179367e-04
3.340000e+00 6.916320e-04
3.350000e+00 6.651006e-04
3.360000e+00 6.383255e-04
3.370000e+00 6.112939e-04
3.380000e+00 5.839972e-04
3.390000e+00 5.564312e-04
3.400000e+00 5.285964e-04
3.410000e+00 5.004983e-04
3.420000e+00 4.721474e-04
3.430000e+00 4.435594e-04
3.440000e+00 4.147551e-04
3.450000e+00 3.857606e-04
3.460000e+00 3.566070e-04
3.470000e+00 3.273306e-04
3.480000e+00 2.979724e-04
3.490000e+00 2.685778e-04
3.500000e+00 2.391966e-04
3.510000e+00 2.098823e-04
3.520000e+00 1.806916e-04
3.530000e+00 1.516842e-04
3.540000e+00 1.229217e-04
3.550000e+00 9.446757e-05
3.560000e+00 6.638573e-05
3.570000e+00 3.874044e-05
3.580000e+00 1.159526e-05
3.590000e+00 -1.498762e-05
3.600000e+00 -4.094815e-05
3.610000e+00 -6.622913e-05
3.620000e+00 -9.077694e-05
3.630000e+00 -1.145421e-04
3.640000e+00 -1.374801e-04
3.650000e+00 -1.595516e-04
3.660000e+00 -1.807229e-04
3.670000e+00 -2.009667e-04
3.680000e+00 -2.202618e-04
3.690000e+00 -2.385935e-04
3.700000e+00 -2.559537e-04
3.710000e+00 -2.723406e-04
3.720000e+00 -2.877586e-04
3.730000e+00 -3.022178e-04
3.740000e+00 -3.157339e-04
3.750000e+00 -3.283273e-04
3.760000e+00 -3.400228e-04
3.770000e+00 -3.508487e-04
3.780000e+00 -3.608360e-04
3.790000e+00 -3.700176e-04
3.800000e+00 -3.784278e-04
3.810000e+00 -3.861008e-04
3.820000e+00 -3.930703e-04
3.830000e+00 -3.993686e-04
3.840000e+00 -4.050256e-04
3.850000e+00 -4.100682e-04
3.860000e+00 -4.145196e-04
3.870000e+00 -4.183988e-04
3.880000e+00 -4.217200e-04
3.890000e+00 -4.244920e-04
3.900000e+00 -4.267184e-04
3.910000e+00 -4.283972e-04
3.920000e+00 -4.295207e-04
3.930000e+00 -4.300759e-04
3.940000e+00 -4.300443e-04
3.950000e+00 -4.294027e-04
3.960000e+00 -4.281233e-04
3.970000e+00 -4.261747e-04
3.980000e+00 -4.235221e-04
3.990000e+00 -4.201281e-04
4.000000e+00 -4.159539e-04
4.010000e+00 -4.109596e-04
4.020000e+00 -4.051054e-04
4.030000e+00 -3.983523e-04
4.040000e+00 -3.906630e-04
4.050000e+00 -3.820027e-04
4.060000e+00 -3.723402e-04
4.070000e+00 -3.616479e-04
4.080000e+00 -3.499032e-04
4.090000e+00 -3.370888e-04
4.100000e+00 -3.231928e-04
4.110000e+00 -3.082099e-04
4.120000e+00 -2.921409e-04
4.130000e+00 -2.749933e-04
4.140000e+00 -2.567812e-04
4.150000e+00 -2.375253e-04
4.160000e+00 -2.172528e-04
4.170000e+00 -1.959972e-04
4.180000e+00 -1.737977e-04
4.190000e+00 -1.506991e-04
4.200000e+00 -1.267514e-04
4.210000e+00 -1.020088e-04
4.220000e+00 -7.652956e-05
4.230000e+00 -5.037546e-05
4.240000e+00 -2.361084e-05
4.250000e+00 3.697796e-06
4.260000e+00 3.148244e-05
4.270000e+00 5.967417e-05
4.280000e+00 8.820374e-05
4.290000e+00 1.170021e-04
4.300000e+00 1.460010e-04
4.310000e+00 1.751332e-04
4.320000e+00 2.043331e-04
4.330000e+00 2.335373e-04
4.340000e+00 2.626842e-04
4.350000e+00 2.917152e-04
4.360000e+00 3.205742e-04
4.370000e+00 3.492080e-04
4.380000e+00 3.775668e-04
4.390000e+00 4.056035e-04
4.400000e+00 4.332748e-04
4.410000e+00 4.605404e-04
4.420000e+00 4.873635e-04
4.430000e+00 5.137108e-04
4.440000e+00 5.395524e-04
4.450000e+00 5.648617e-04
4.460000e+00 5.896159e-04
4.470000e+00 6.137955e-04
4.480000e+00 6.373847e-04
4.490000e+00 6.603712e-04
4.500000e+00 6.827464e-04
4.510000e+00 7.045052e-04
4.520000e+00 7.256463e-04
4.530000e+00 7.461721e-04
4.540000e+00 7.660885e-04
4.550000e+00 7.854054e-04
4.560000e+00 8.041360e-04
4.570000e+00 8.222973e-04
4.580000e+00 8.399097e-04
4.590000e+00 8.569967e-04
4.600000e+00 8.735853e-04
4.610000e+00 8.897051e-04
4.620000e+00 9.053885e-04
4.630000e+00 9.206700e-04
4.640000e+00 9.355861e-04
4.650000e+00 9.501747e-04
4.660000e+00 9.644745e-04
4.670000e+00 9.785247e-04
4.680000e+00 9.923646e-04
4.690000e+00 1.006032e-03
4.700000e+00 1.019565e-03
4.710000e+00 1.032997e-03
4.720000e+00 1.046361e-03
4.730000e+00 1.059686e-03
4.740000e+00 1.072996e-03
4.750000e+00 1.086313e-03
4.760000e+00 1.099651e-03
4.770000e+00 1.113020e-03
4.780000e+00 1.126425e-03
4.790000e+00 1.139862e-03
4.800000e+00 1.153322e-03
4.810000e+00 1.166789e-03
4.820000e+00 1.180239e-03
4.830000e+00 1.193642e-03
4.840000e+00 1.206962e-03
4.850000e+00 1.220153e-03
4.860000e+00 1.233166e-03
4.870000e+00 1.245942e-03
4.880000e+00 1.258421e-03
4.890000e+00 1.270533e-03
4.900000e+00 1.282207e-03
4.910000e+00 1.293367e-03
4.920000e+00 1.303931e-03
4.930000e+00 1.313819e-03
4.940000e+00 1.322947e-03
4.950000e+00 1.331230e-03
4.960000e+00 1.338584e-03
4.970000e+00 1.344924e-03
4.980000e+00 1.350170e-03
4.990000e+00 1.354242e-03
5.000000e+00 1.357062e-03
5.010000e+00 1.358561e-03
5.020000e+00 1.358669e-03
5.030000e+00 1.357326e-03
5.040000e+00 1.354474e-03
5.050000e+00 1.350065e-03
5.060000e+00 1.344056e-03
5.070000e+00 1.336410e-03
5.080000e+00 1.327102e-03
5.090000e+00 1.316109e-03
5.100000e+00 1.303422e-03
5.110000e+00 1.289035e-03
5.120000e+00 1.272953e-03
5.130000e+00 1.255188e-03
5.140000e+00 1.235761e-03
5.150000e+00 1.214701e-03
5.160000e+00 1.192042e-03
5.170000e+00 1.167830e-03
5.180000e+00 1.142114e-03
5.190000e+00 1.114953e-03
5.200000e+00 1.086410e-03
5.210000e+00 1.056558e-03
5.220000e+00 1.025470e-03
5.230000e+00 9.932312e-04
5.240000e+00 9.599266e-04
5.250000e+00 9.256480e-04
5.260000e+00 8.904910e-04
5.270000e+00 8.545546e-04
5.280000e+00 8.179410e-04
5.290000e+00 7.807547e-04
5.300000e+00 7.431025e-04
5.310000e+00 7.050925e-04
5.320000e+00 6.668337e-04
5.330000e+00 6.284356e-04
5.340000e+00 5.900073e-04
5.350000e+00 5.516572e-04
5.360000e+00 5.134922e-04
5.370000e+00 4.756173e-04
5.380000e+00 4.381350e-04
5.390000e+00 4.011447e-04
5.400000e+00 3.647419e-04
5.410000e+00 3.290182e-04
5.420000e+00 2.940603e-04
5.430000e+00 2.599497e-04
5.440000e+00 2.267623e-04
5.450000e+00 1.945678e-04
5.460000e+00 1.634295e-04
5.470000e+00 1.334039e-04
5.480000e+00 1.045404e-04
5.490000e+00 7.688089e-05
5.500000e+00 5.046010e-05
5.510000e+00 2.530493e-05
5.520000e+00 1.434728e-06
5.530000e+00 -2.113883e-05
5.540000e+00 -4.241160e-05
5.550000e+00 -6.238683e-05
5.560000e+00 -8.107498e-05
5.570000e+00 -9.849342e-05
5.580000e+00 -1.146661e-04
5.590000e+00 -1.296233e-04
5.600000e+00 -1.434010e-04
5.610000e+00 -1.560404e-04
5.620000e+00 -1.675877e-04
5.630000e+00 -1.780933e-04
5.640000e+00 -1.876113e-04
5.650000e+00 -1.961988e-04
5.660000e+00 -2.039157e-04
5.670000e+00 -2.108234e-04
5.680000e+00 -2.169849e-04
5.690000e+00 -2.224638e-04
5.700000e+00 -2.273237e-04
5.710000e+00 -2.316278e-04
5.720000e+00 -2.354384e-04
5.730000e+00 -2.388161e-04
5.740000e+00 -2.418193e-04
5.750000e+00 -2.445043e-04
5.760000e+00 -2.469240e-04
5.770000e+00 -2.491283e-04
5.780000e+00 -2.511634e-04
5.790000e+00 -2.530713e-04
5.800000e+00 -2.548901e-04
5.810000e+00 -2.566533e-04
5.820000e+00 -2.583896e-04
5.830000e+00 -2.601232e-04
5.840000e+00 -2.618733e-04
5.850000e+00 -2.636543e-04
5.860000e+00 -2.654757e-04
5.870000e+00 -2.673419e-04
5.880000e+00 -2.692527e-04
5.890000e+00 -2.712031e-04
5.900000e+00 -2.731836e-04
5.910000e+00 -2.751801e-04
5.920000e+00 -2.771744e-04
5.930000e+00 -2.791445e-04
5.940000e+00 -2.810643e-04
5.950000e+00 -2.829045e-04
5.960000e+00 -2.846328e-04
5.970000e+00 -2.862138e-04
5.980000e+00 -2.876100e-04
5.990000e+00 -2.887816e-04
6.000000e+00 -2.896873e-04
6.010000e+00 -2.902845e-04
6.020000e+00 -2.905297e-04
6.030000e+00 -2.903791e-04
6.040000e+00 -2.897889e-04
6.050000e+00 -2.887156e-04
6.060000e+00 -2.871168e-04
6.070000e+00 -2.849512e-04
6.080000e+00 -2.821792e-04
6.090000e+00 -2.787634e-04
6.100000e+00 -2.746688e-04
6.110000e+00 -2.698631e-04
6.120000e+00 -2.643171e-04
6.130000e+00 -2.580052e-04
6.140000e+00 -2.509053e-04
6.150000e+00 -2.429992e-04
6.160000e+00 -2.342727e-04
6.170000e+00 -2.247160e-04
6.180000e+00 -2.143234e-04
6.190000e+00 -2.030936e-04
6.200000e+00 -1.910299e-04
6.210000e+00 -1.781397e-04
6.220000e+00 -1.644349e-04
6.230000e+00 -1.499315e-04
6.240000e+00 -1.346496e-04
6.250000e+00 -1.186134e-04
6.260000e+00 -1.018504e-04
6.270000e+00 -8.439207e-05
6.280000e+00 -6.627282e-05
6.290000e+00 -4.753015e-05
6.300000e+00 -2.820423e-05
6.310000e+00 -8.337615e-06
6.320000e+00 1.202505e-05
6.330000e+00 3.283737e-05
6.340000e+00 5.405149e-05
6.350000e+00 7.561844e-05
6.360000e+00 9.748846e-05
6.370000e+00 1.196113e-04
6.380000e+00 1.419365e-04
6.390000e+00 1.644139e-04
6.400000e+00 1.869935e-04
6.410000e+00 2.096263e-04
6.420000e+00 2.322642e-04
6.430000e+00 2.548603e-04
6.440000e+00 2.773694e-04
6.450000e+00 2.997480e-04
6.460000e+00 3.219547e-04
6.470000e+00 3.439504e-04
6.480000e+00 3.656983e-04
6.490000e+00 3.871645e-04
6.500000e+00 4.083180e-04
6.510000e+00 4.291307e-04
6.520000e+00 4.495778e-04
6.530000e+00 4.696377e-04
6.540000e+00 4.892926e-04
6.550000e+00 5.085280e-04
6.560000e+00 5.273329e-04
6.570000e+00 5.457002e-04
6.580000e+00 5.636261e-04
6.590000e+00 5.811108e-04
6.600000e+00 5.981575e-04
6.610000e+00 6.147730e-04
6.620000e+00 6.309672e-04
6.630000e+00 6.467530e-04
6.640000e+00 6.621459e-04
6.650000e+00 6.771637e-04
6.660000e+00 6.918264e-04
6.670000e+00 7.061553e-04
6.680000e+00 7.201730e-04
6.690000e+00 7.339028e-04
6.700000e+00 7.473681e-04
6.710000e+00 7.605920e-04
6.720000e+00 7.735965e-04
6.730000e+00 7.864024e-04
6.740000e+00 7.990284e-04
6.750000e+00 8.114908e-04
6.760000e+00 8.238028e-04
6.770000e+00 8.359740e-04
6.780000e+00 8.480106e-04
6.790000e+00 8.599140e-04
6.800000e+00 8.716816e-04
6.810000e+00 8.833057e-04
6.820000e+00 8.947740e-04
6.830000e+00 9.060691e-04
6.840000e+00 9.171690e-04
6.850000e+00 9.280469e-04
6.860000e+00 9.386717e-04
6.870000e+00 9.490080e-04
6.880000e+00 9.590171e-04
6.890000e+00 9.686570e-04
6.900000e+00 9.778834e-04
6.910000e+00 9.866503e-04
6.920000e+00 9.949105e-04
6.930000e+00 1.002617e-03
6.940000e+00 1.009723e-03
6.950000e+00 1.016184e-03
6.960000e+00 1.021957e-03
6.970000e+00 1.027002e-03
6.980000e+00 1.031286e-03
6.990000e+00 1.034778e-03
7.000000e+00 1.037453e-03
7.010000e+00 1.039293e-03
7.020000e+00 1.040287e-03
7.030000e+00 1.040431e-03
7.040000e+00 1.039730e-03
7.050000e+00 1.038194e-03
7.060000e+00 1.035843e-03
7.070000e+00 1.032705e-03
7.080000e+00 1.028816e-03
7.090000e+00 1.024218e-03
7.100000e+00 1.018961e-03
7.110000e+00 1.013102e-03
7.120000e+00 1.006703e-03
7.130000e+00 9.998321e-04
7.140000e+00 9.925598e-04
7.150000e+00 9.849614e-04
7.160000e+00 9.771141e-04
7.170000e+00 9.690965e-04
7.180000e+00 9.609873e-04
7.190000e+00 9.528647e-04
7.200000e+00 9.448052e-04
7.210000e+00 9.368826e-04
7.220000e+00 9.291670e-04
7.230000e+00 9.217243e-04
7.240000e+00 9.146152e-04
7.250000e+00 9.078947e-04
7.260000e+00 9.016113e-04
7.270000e+00 8.958070e-04
7.280000e+00 8.905166e-04
7.290000e+00 8.857677e-04
7.300000e+00 8.815806e-04
7.310000e+00 8.779684e-04
7.320000e+00 8.749370e-04
7.330000e+00 8.724854e-04
7.340000e+00 8.706065e-04
7.350000e+00 8.692866e-04
7.360000e+00 8.685070e-04
7.370000e+00 8.682437e-04
7.380000e+00 8.684685e-04
7.390000e+00 8.691495e-04
7.400000e+00 8.702516e-04
7.410000e+00 8.717375e-04
7.420000e+00 8.735680e-04
7.430000e+00 8.757028e-04
7.440000e+00 8.781011e-04
7.450000e+00 8.807222e-04
7.460000e+00 8.835258e-04
7.470000e+00 8.864723e-04
7.480000e+00 8.895240e-04
7.490000e+00 8.926442e-04
7.500000e+00 8.957987e-04
7.510000e+00 8.989550e-04
7.520000e+00 9.020830e-04
7.530000e+00 9.051550e-04
7.540000e+00 9.081458e-04
7.550000e+00 9.110326e-04
7.560000e+00 9.137948e-04
7.570000e+00 9.164146e-04
7.580000e+00 9.188762e-04
7.590000e+00 9.211665e-04
7.600000e+00 9.232742e-04
7.610000e+00 9.251906e-04
7.620000e+00 9.269088e-04
7.630000e+00 9.284244e-04
7.640000e+00 9.297348e-04
7.650000e+00 9.308397e-04
7.660000e+00 9.317408e-04
7.670000e+00 9.324420e-04
7.680000e+00 9.329494e-04
7.690000e+00 9.332714e-04
7.700000e+00 9.334186e-04
7.710000e+00 9.334041e-04
7.720000e+00 9.332429e-04
7.730000e+00 9.329530e-04
7.740000e+00 9.325541e-04
7.750000e+00 9.320686e-04
7.760000e+00 9.315210e-04
7.770000e+00 9.309376e-04
7.780000e+00 9.303469e-04
7.790000e+00 9.297786e-04
7.800000e+00 9.292640e-04
7.810000e+00 9.288352e-04
7.820000e+00 9.285247e-04
7.830000e+00 9.283653e-04
7.840000e+00 9.283890e-04
7.850000e+00 9.286270e-04
7.860000e+00 9.291089e-04
7.870000e+00 9.298620e-04
7.880000e+00 9.309106e-04
7.890000e+00 9.322758e-04
7.900000e+00 9.339746e-04
7.910000e+00 9.360192e-04
7.920000e+00 9.384168e-04
7.930000e+00 9.411687e-04
7.940000e+00 9.442704e-04
7.950000e+00 9.477109e-04
7.960000e+00 9.514723e-04
7.970000e+00 9.555300e-04
7.980000e+00 9.598527e-04
7.990000e+00 9.644019e-04
8.000000e+00 9.691325e-04
8.010000e+00 9.739931e-04
8.020000e+00 9.789262e-04
8.030000e+00 9.838687e-04
8.040000e+00 9.887525e-04
8.050000e+00 9.935054e-04
8.060000e+00 9.980515e-04
8.070000e+00 1.002312e-03
8.080000e+00 1.006208e-03
8.090000e+00 1.009657e-03
8.100000e+00 1.012578e-03
8.110000e+00 1.014892e-03
8.120000e+00 1.016522e-03
8.130000e+00 1.017392e-03
8.140000e+00 1.017433e-03
8.150000e+00 1.016578e-03
8.160000e+00 1.014769e-03
8.170000e+00 1.011952e-03
8.180000e+00 1.008082e-03
8.190000e+00 1.003121e-03
8.200000e+00 9.970384e-04
8.210000e+00 9.898147e-04
8.220000e+00 9.814379e-04
8.230000e+00 9.719055e-04
8.240000e+00 9.612243e-04
8.250000e+00 9.494106e-04
8.260000e+00 9.364897e-04
8.270000e+00 9.224957e-04
8.280000e+00 9.074714e-04
8.290000e+00 8.914679e-04
8.300000e+00 8.745439e-04
8.310000e+00 8.567651e-04
8.320000e+00 8.382040e-04
8.330000e+00 8.189389e-04
8.340000e+00 7.990535e-04
8.350000e+00 7.786357e-04
8.360000e+00 7.577774e-04
8.370000e+00 7.365736e-04
8.380000e+00 7.151213e-04
8.390000e+00 6.935192e-04
8.400000e+00 6.718669e-04
8.410000e+00 6.502638e-04
8.420000e+00 6.288088e-04
8.430000e+00 6.075992e-04
8.440000e+00 5.867306e-04
8.450000e+00 5.662954e-04
8.460000e+00 5.463831e-04
8.470000e+00 5.270787e-04
8.480000e+00 5.084631e-04
8.490000e+00 4.906117e-04
8.500000e+00 4.735942e-04
8.510000e+00 4.574744e-04
8.520000e+00 4.423090e-04
8.530000e+00 4.281477e-04
8.540000e+00 4.150326e-04
8.550000e+00 4.029977e-04
8.560000e+00 3.920688e-04
8.570000e+00 3.822630e-04
8.580000e+00 3.735884e-04
8.590000e+00 3.660441e-04
8.600000e+00 3.596197e-04
8.610000e+00 3.542957e-04
8.620000e+00 3.500431e-04
8.630000e+00 3.468233e-04
8.640000e+00 3.445890e-04
8.650000e+00 3.432833e-04
8.660000e+00 3.428410e-04
8.670000e+00 3.431884e-04
8.680000e+00 3.442438e-04
8.690000e+00 3.459183e-04
8.700000e+00 3.481160e-04
8.710000e+00 3.507353e-04
8.720000e+00 3.536692e-04
8.730000e+00 3.568062e-04
8.740000e+00 3.600314e-04
8.750000e+00 3.632275e-04
8.760000e+00 3.662754e-04
8.770000e+00 3.690557e-04
8.780000e+00 3.714496e-04
8.790000e+00 3.733398e-04
8.800000e+00 3.746118e-04
8.810000e+00 3.751546e-04
8.820000e+00 3.748621e-04
8.830000e+00 3.736339e-04
8.840000e+00 3.713759e-04
8.850000e+00 3.680015e-04
8.860000e+00 3.634320e-04
8.870000e+00 3.575977e-04
8.880000e+00 3.504379e-04
8.890000e+00 3.419015e-04
8.900000e+00 3.319474e-04
8.910000e+00 3.205448e-04
8.920000e+00 3.076730e-04
8.930000e+00 2.933215e-04
8.940000e+00 2.774899e-04
8.950000e+00 2.601875e-04
8.960000e+00 2.414333e-04
8.970000e+00 2.212550e-04
8.980000e+00 1.996891e-04
8.990000e+00 1.767800e-04
9.000000e+00 1.525793e-04
9.010000e+00 1.271454e-04
9.020000e+00 1.005424e-04
9.030000e+00 7.283983e-05
9.040000e+00 4.411165e-05
9.050000e+00 1.443559e-05
9.060000e+00 -1.610757e-05
9.070000e+00 -4.743459e-05
9.080000e+00 -7.946047e-05
9.090000e+00 -1.120990e-04
9.100000e+00 -1.452632e-04
9.110000e+00 -1.788659e-04
9.120000e+00 -2.128201e-04
9.130000e+00 -2.470394e-04
9.140000e+00 -2.814381e-04
9.150000e+00 -3.159313e-04
9.160000e+00 -3.504356e-04
9.170000e+00 -3.848685e-04
9.180000e+00 -4.191492e-04
9.190000e+00 -4.531978e-04
9.200000e+00 -4.869360e-04
9.210000e+00 -5.202867e-04
9.220000e+00 -5.531739e-04
9.230000e+00 -5.855230e-04
9.240000e+00 -6.172603e-04
9.250000e+00 -6.483132e-04
9.260000e+00 -6.786104e-04
9.270000e+00 -7.080814e-04
9.280000e+00 -7.366569e-04
9.290000e+00 -7.642691e-04
9.300000e+00 -7.908511e-04
9.310000e+00 -8.163379e-04
9.320000e+00 -8.406661e-04
9.330000e+00 -8.637746e-04
9.340000e+00 -8.856045e-04
9.350000e+00 -9.060997e-04
9.360000e+00 -9.252076e-04
9.370000e+00 -9.428788e-04
9.380000e+00 -9.590687e-04
9.390000e+00 -9.737369e-04
9.400000e+00 -9.868484e-04
9.410000e+00 -9.983743e-04
9.420000e+00 -1.008292e-03
9.430000e+00 -1.016584e-03
9.440000e+00 -1.023244e-03
9.450000e+00 -1.028270e-03
9.460000e+00 -1.031670e-03
9.470000e+00 -1.033460e-03
9.480000e+00 -1.033666e-03
9.490000e+00 -1.032322e-03
9.500000e+00 -1.029471e-03
9.510000e+00 -1.025169e-03
9.520000e+00 -1.019477e-03
9.530000e+00 -1.012468e-03
9.540000e+00 -1.004224e-03
9.550000e+00 -9.948357e-04
9.560000e+00 -9.844027e-04
9.570000e+00 -9.730323e-04
9.580000e+00 -9.608395e-04
9.590000e+00 -9.479461e-04
9.600000e+00 -9.344801e-04
9.610000e+00 -9.205747e-04
9.620000e+00 -9.063673e-04
9.630000e+00 -8.919988e-04
9.640000e+00 -8.776124e-04
9.650000e+00 -8.633522e-04
9.660000e+00 -8.493628e-04
9.670000e+00 -8.357873e-04
9.680000e+00 -8.227667e-04
9.690000e+00 -8.104387e-04
9.700000e+00 -7.989361e-04
9.710000e+00 -7.883864e-04
9.720000e+00 -7.789100e-04
9.730000e+00 -7.706198e-04
9.740000e+00 -7.636196e-04
9.750000e+00 -7.580040e-04
9.760000e+00 -7.538570e-04
9.770000e+00 -7.512514e-04
9.780000e+00 -7.502486e-04
9.790000e+00 -7.508978e-04
9.800000e+00 -7.532358e-04
9.810000e+00 -7.572867e-04
9.820000e+00 -7.630621e-04
9.830000e+00 -7.705607e-04
9.840000e+00 -7.797690e-04
9.850000e+00 -7.906614e-04
9.860000e+00 -8.032004e-04
9.870000e+00 -8.173376e-04
9.880000e+00 -8.330142e-04
9.890000e+00 -8.501617e-04
9.900000e+00 -8.687028e-04
9.910000e+00 -8.885522e-04
9.920000e+00 -9.096181e-04
9.930000e+00 -9.318025e-04
9.940000e+00 -9.550031e-04
9.950000e+00 -9.791135e-04
9.960000e+00 -1.004025e-03
9.970000e+00 -1.029628e-03
9.980000e+00 -1.055811e-03
9.990000e+00 -1.082465e-03
1.000000e+01 -1.109481e-03
