# sigma2_v 8.646288370365893e+00
0.000000e+00 1.000000e+00
1.000000e-02 9.995678e-01
2.000000e-02 9.982723e-01
3.000000e-02 9.961171e-01
4.000000e-02 9.931081e-01
5.000000e-02 9.892533e-01
6.000000e-02 9.845633e-01
7.000000e-02 9.790506e-01
8.000000e-02 9.727301e-01
9.000000e-02 9.656187e-01
1.000000e-01 9.577352e-01
1.100000e-01 9.491005e-01
1.200000e-01 9.397372e-01
1.300000e-01 9.296697e-01
1.400000e-01 9.189238e-01
1.500000e-01 9.075270e-01
1.600000e-01 8.955081e-01
1.700000e-01 8.828972e-01
1.800000e-01 8.697253e-01
1.900000e-01 8.560247e-01
2.000000e-01 8.418282e-01
2.100000e-01 8.271695e-01
2.200000e-01 8.120828e-01
2.300000e-01 7.966028e-01
2.400000e-01 7.807643e-01
2.500000e-01 7.646025e-01
2.600000e-01 7.481525e-01
2.700000e-01 7.314493e-01
2.800000e-01 7.145277e-01
2.900000e-01 6.974222e-01
3.000000e-01 6.801667e-01
3.100000e-01 6.627947e-01
3.200000e-01 6.453390e-01
3.300000e-01 6.278315e-01
3.400000e-01 6.103035e-01
3.500000e-01 5.927853e-01
3.600000e-01 5.753059e-01
3.700000e-01 5.578937e-01
3.800000e-01 5.405755e-01
3.900000e-01 5.233774e-01
4.000000e-01 5.063239e-01
4.100000e-01 4.894383e-01
4.200000e-01 4.727428e-01
4.300000e-01 4.562581e-01
4.400000e-01 4.400036e-01
4.500000e-01 4.239973e-01
4.600000e-01 4.082560e-01
4.700000e-01 3.927950e-01
4.800000e-01 3.776283e-01
4.900000e-01 3.627687e-01
5.000000e-01 3.482275e-01
5.100000e-01 3.340148e-01
5.200000e-01 3.201395e-01
5.300000e-01 3.066091e-01
5.400000e-01 2.934301e-01
5.500000e-01 2.806077e-01
5.600000e-01 2.681461e-01
5.700000e-01 2.560483e-01
5.800000e-01 2.443164e-01
5.900000e-01 2.329515e-01
6.000000e-01 2.219537e-01
6.100000e-01 2.113222e-01
6.200000e-01 2.010554e-01
6.300000e-01 1.911511e-01
6.400000e-01 1.816060e-01
6.500000e-01 1.724165e-01
6.600000e-01 1.635781e-01
6.700000e-01 1.550858e-01
6.800000e-01 1.469341e-01
6.900000e-01 1.391169e-01
7.000000e-01 1.316280e-01
7.100000e-01 1.244603e-01
7.200000e-01 1.176068e-01
7.300000e-01 1.110600e-01
7.400000e-01 1.048120e-01
7.500000e-01 9.885501e-02
7.600000e-01 9.318078e-02
7.700000e-01 8.778101e-02
7.800000e-01 8.264729e-02
7.900000e-01 7.777112e-02
8.000000e-01 7.314395e-02
8.100000e-01 6.875719e-02
8.200000e-01 6.460228e-02
8.300000e-01 6.067068e-02
8.400000e-01 5.695389e-02
8.500000e-01 5.344349e-02
8.600000e-01 5.013118e-02
8.700000e-01 4.700874e-02
8.800000e-01 4.406809e-02
8.900000e-01 4.130131e-02
9.000000e-01 3.870061e-02
9.100000e-01 3.625839e-02
9.200000e-01 3.396722e-02
9.300000e-01 3.181986e-02
9.400000e-01 2.980928e-02
9.500000e-01 2.792864e-02
9.600000e-01 2.617130e-02
9.700000e-01 2.453085e-02
9.800000e-01 2.300108e-02
9.900000e-01 2.157601e-02
1.000000e+00 2.024987e-02
1.010000e+00 1.901711e-02
1.020000e+00 1.787239e-02
1.030000e+00 1.681060e-02
1.040000e+00 1.582683e-02
1.050000e+00 1.491639e-02
1.060000e+00 1.407479e-02
1.070000e+00 1.329774e-02
1.080000e+00 1.258117e-02
1.090000e+00 1.192117e-02
1.100000e+00 1.131405e-02
1.110000e+00 1.075629e-02
1.120000e+00 1.024455e-02
1.130000e+00 9.775656e-03
1.140000e+00 9.346615e-03
1.150000e+00 8.954585e-03
1.160000e+00 8.596882e-03
1.170000e+00 8.270971e-03
1.180000e+00 7.974460e-03
1.190000e+00 7.705094e-03
1.200000e+00 7.460753e-03
1.210000e+00 7.239439e-03
1.220000e+00 7.039277e-03
1.230000e+00 6.858509e-03
1.240000e+00 6.695484e-03
1.250000e+00 6.548657e-03
1.260000e+00 6.416585e-03
1.270000e+00 6.297919e-03
1.280000e+00 6.191399e-03
1.290000e+00 6.095854e-03
1.300000e+00 6.010193e-03
1.310000e+00 5.933403e-03
1.320000e+00 5.864544e-03
1.330000e+00 5.802747e-03
1.340000e+00 5.747205e-03
1.350000e+00 5.697178e-03
1.360000e+00 5.651979e-03
1.370000e+00 5.610979e-03
1.380000e+00 5.573599e-03
1.390000e+00 5.539309e-03
1.400000e+00 5.507622e-03
1.410000e+00 5.478096e-03
1.420000e+00 5.450324e-03
1.430000e+00 5.423938e-03
1.440000e+00 5.398603e-03
1.450000e+00 5.374015e-03
1.460000e+00 5.349896e-03
1.470000e+00 5.326000e-03
1.480000e+00 5.302100e-03
1.490000e+00 5.277994e-03
1.500000e+00 5.253502e-03
1.510000e+00 5.228460e-03
1.520000e+00 5.202724e-03
1.530000e+00 5.176167e-03
1.540000e+00 5.148675e-03
1.550000e+00 5.120152e-03
1.560000e+00 5.090512e-03
1.570000e+00 5.059684e-03
1.580000e+00 5.027610e-03
1.590000e+00 4.994243e-03
1.600000e+00 4.959546e-03
1.610000e+00 4.923497e-03
1.620000e+00 4.886081e-03
1.630000e+00 4.847296e-03
1.640000e+00 4.807151e-03
1.650000e+00 4.765663e-03
1.660000e+00 4.722861e-03
1.670000e+00 4.678783e-03
1.680000e+00 4.633476e-03
1.690000e+00 4.586998e-03
1.700000e+00 4.539415e-03
1.710000e+00 4.490799e-03
1.720000e+00 4.441233e-03
1.730000e+00 4.390806e-03
1.740000e+00 4.339613e-03
1.750000e+00 4.287754e-03
1.760000e+00 4.235337e-03
1.770000e+00 4.182471e-03
1.780000e+00 4.129269e-03
1.790000e+00 4.075846e-03
1.800000e+00 4.022319e-03
1.810000e+00 3.968805e-03
1.820000e+00 3.915419e-03
1.830000e+00 3.862276e-03
1.840000e+00 3.809488e-03
1.850000e+00 3.757164e-03
1.860000e+00 3.705406e-03
1.870000e+00 3.654316e-03
1.880000e+00 3.603986e-03
1.890000e+00 3.554504e-03
1.900000e+00 3.505952e-03
1.910000e+00 3.458404e-03
1.920000e+00 3.411927e-03
1.930000e+00 3.366580e-03
1.940000e+00 3.322418e-03
1.950000e+00 3.279484e-03
1.960000e+00 3.237817e-03
1.970000e+00 3.197448e-03
1.980000e+00 3.158401e-03
1.990000e+00 3.120694e-03
2.000000e+00 3.084337e-03
2.010000e+00 3.049337e-03
2.020000e+00 3.015694e-03
2.030000e+00 2.983401e-03
2.040000e+00 2.952449e-03
2.050000e+00 2.922824e-03
2.060000e+00 2.894505e-03
2.070000e+00 2.867471e-03
2.080000e+00 2.841694e-03
2.090000e+00 2.817144e-03
2.100000e+00 2.793789e-03
2.110000e+00 2.771590e-03
2.120000e+00 2.750509e-03
2.130000e+00 2.730502e-03
2.140000e+00 2.711523e-03
2.150000e+00 2.693525e-03
2.160000e+00 2.676456e-03
2.170000e+00 2.660261e-03
2.180000e+00 2.644884e-03
2.190000e+00 2.630267e-03
2.200000e+00 2.616347e-03
2.210000e+00 2.603061e-03
2.220000e+00 2.590344e-03
2.230000e+00 2.578130e-03
2.240000e+00 2.566351e-03
2.250000e+00 2.554939e-03
2.260000e+00 2.543826e-03
2.270000e+00 2.532945e-03
2.280000e+00 2.522228e-03
2.290000e+00 2.511612e-03
2.300000e+00 2.501034e-03
2.310000e+00 2.490437e-03
2.320000e+00 2.479765e-03
2.330000e+00 2.468970e-03
2.340000e+00 2.458006e-03
2.350000e+00 2.446838e-03
2.360000e+00 2.435434e-03
2.370000e+00 2.423771e-03
2.380000e+00 2.411834e-03
2.390000e+00 2.399617e-03
2.400000e+00 2.387123e-03
2.410000e+00 2.374363e-03
2.420000e+00 2.361359e-03
2.430000e+00 2.348141e-03
2.440000e+00 2.334749e-03
2.450000e+00 2.321231e-03
2.460000e+00 2.307643e-03
2.470000e+00 2.294051e-03
2.480000e+00 2.280526e-03
2.490000e+00 2.267147e-03
2.500000e+00 2.253997e-03
2.510000e+00 2.241165e-03
2.520000e+00 2.228743e-03
2.530000e+00 2.216826e-03
2.540000e+00 2.205508e-03
2.550000e+00 2.194886e-03
2.560000e+00 2.185053e-03
2.570000e+00 2.176101e-03
2.580000e+00 2.168118e-03
2.590000e+00 2.161185e-03
2.600000e+00 2.155380e-03
2.610000e+00 2.150772e-03
2.620000e+00 2.147420e-03
2.630000e+00 2.145376e-03
2.640000e+00 2.144682e-03
2.650000e+00 2.145366e-03
2.660000e+00 2.147448e-03
2.670000e+00 2.150932e-03
2.680000e+00 2.155813e-03
2.690000e+00 2.162069e-03
2.700000e+00 2.169670e-03
2.710000e+00 2.178567e-03
2.720000e+00 2.188702e-03
2.730000e+00 2.200003e-03
2.740000e+00 2.212385e-03
2.750000e+00 2.225750e-03
2.760000e+00 2.239991e-03
2.770000e+00 2.254987e-03
2.780000e+00 2.270609e-03
2.790000e+00 2.286718e-03
2.800000e+00 2.303166e-03
2.810000e+00 2.319799e-03
2.820000e+00 2.336455e-03
2.830000e+00 2.352969e-03
2.840000e+00 2.369170e-03
2.850000e+00 2.384887e-03
2.860000e+00 2.399946e-03
2.870000e+00 2.414173e-03
2.880000e+00 2.427397e-03
2.890000e+00 2.439448e-03
2.900000e+00 2.450162e-03
2.910000e+00 2.459380e-03
2.920000e+00 2.466948e-03
2.930000e+00 2.472724e-03
2.940000e+00 2.476571e-03
2.950000e+00 2.478367e-03
2.960000e+00 2.477997e-03
2.970000e+00 2.475362e-03
2.980000e+00 2.470376e-03
2.990000e+00 2.462965e-03
3.000000e+00 2.453073e-03
3.010000e+00 2.440656e-03
3.020000e+00 2.425689e-03
3.030000e+00 2.408161e-03
3.040000e+00 2.388078e-03
3.050000e+00 2.365462e-03
3.060000e+00 2.340350e-03
3.070000e+00 2.312796e-03
3.080000e+00 2.282868e-03
3.090000e+00 2.250648e-03
3.100000e+00 2.216235e-03
3.110000e+00 2.179736e-03
3.120000e+00 2.141274e-03
3.130000e+00 2.100981e-03
3.140000e+00 2.059000e-03
3.150000e+00 2.015480e-03
3.160000e+00 1.970581e-03
3.170000e+00 1.924466e-03
3.180000e+00 1.877305e-03
3.190000e+00 1.829270e-03
3.200000e+00 1.780535e-03
3.210000e+00 1.731275e-03
3.220000e+00 1.681666e-03
3.230000e+00 1.631880e-03
3.240000e+00 1.582089e-03
3.250000e+00 1.532457e-03
3.260000e+00 1.483148e-03
3.270000e+00 1.434316e-03
3.280000e+00 1.386111e-03
3.290000e+00 1.338673e-03
3.300000e+00 1.292137e-03
3.310000e+00 1.246627e-03
3.320000e+00 1.202258e-03
3.330000e+00 1.159134e-03
3.340000e+00 1.117353e-03
3.350000e+00 1.076999e-03
3.360000e+00 1.038146e-03
3.370000e+00 1.000858e-03
3.380000e+00 9.651880e-04
3.390000e+00 9.311789e-04
3.400000e+00 8.988621e-04
3.410000e+00 8.682586e-04
3.420000e+00 8.393790e-04
3.430000e+00 8.122236e-04
3.440000e+00 7.867829e-04
3.450000e+00 7.630374e-04
3.460000e+00 7.409586e-04
3.470000e+00 7.205088e-04
3.480000e+00 7.016418e-04
3.490000e+00 6.843034e-04
3.500000e+00 6.684320e-04
3.510000e+00 6.539589e-04
3.520000e+00 6.408094e-04
3.530000e+00 6.289029e-04
3.540000e+00 6.181542e-04
3.550000e+00 6.084741e-04
3.560000e+00 5.997699e-04
3.570000e+00 5.919469e-04
3.580000e+00 5.849088e-04
3.590000e+00 5.785588e-04
3.600000e+00 5.728006e-04
3.610000e+00 5.675394e-04
3.620000e+00 5.626826e-04
3.630000e+00 5.581412e-04
3.640000e+00 5.538302e-04
3.650000e+00 5.496699e-04
3.660000e+00 5.455864e-04
3.670000e+00 5.415126e-04
3.680000e+00 5.373888e-04
3.690000e+00 5.331631e-04
3.700000e+00 5.287920e-04
3.710000e+00 5.242407e-04
3.720000e+00 5.194836e-04
3.730000e+00 5.145038e-04
3.740000e+00 5.092934e-04
3.750000e+00 5.038533e-04
3.760000e+00 4.981928e-04
3.770000e+00 4.923290e-04
3.780000e+00 4.862861e-04
3.790000e+00 4.800952e-04
3.800000e+00 4.737928e-04
3.810000e+00 4.674199e-04
3.820000e+00 4.610213e-04
3.830000e+00 4.546444e-04
3.840000e+00 4.483377e-04
3.850000e+00 4.421498e-04
3.860000e+00 4.361285e-04
3.870000e+00 4.303188e-04
3.880000e+00 4.247629e-04
3.890000e+00 4.194980e-04
3.900000e+00 4.145561e-04
3.910000e+00 4.099624e-04
3.920000e+00 4.057353e-04
3.930000e+00 4.018849e-04
3.940000e+00 3.984132e-04
3.950000e+00 3.953132e-04
3.960000e+00 3.925690e-04
3.970000e+00 3.901555e-04
3.980000e+00 3.880391e-04
3.990000e+00 3.861772e-04
4.000000e+00 3.845193e-04
4.010000e+00 3.830071e-04
4.020000e+00 3.815758e-04
4.030000e+00 3.801547e-04
4.040000e+00 3.786679e-04
4.050000e+00 3.770362e-04
4.060000e+00 3.751775e-04
4.070000e+00 3.730084e-04
4.080000e+00 3.704458e-04
4.090000e+00 3.674075e-04
4.100000e+00 3.638144e-04
4.110000e+00 3.595912e-04
4.120000e+00 3.546680e-04
4.130000e+00 3.489814e-04
4.140000e+00 3.424761e-04
4.150000e+00 3.351053e-04
4.160000e+00 3.268326e-04
4.170000e+00 3.176321e-04
4.180000e+00 3.074898e-04
4.190000e+00 2.964042e-04
4.200000e+00 2.843865e-04
4.210000e+00 2.714615e-04
4.220000e+00 2.576676e-04
4.230000e+00 2.430570e-04
4.240000e+00 2.276959e-04
4.250000e+00 2.116640e-04
4.260000e+00 1.950545e-04
4.270000e+00 1.779738e-04
4.280000e+00 1.605404e-04
4.290000e+00 1.428848e-04
4.300000e+00 1.251486e-04
4.310000e+00 1.074830e-04
4.320000e+00 9.004872e-05
4.330000e+00 7.301386e-05
4.340000e+00 5.655332e-05
4.350000e+00 4.084714e-05
4.360000e+00 2.607920e-05
4.370000e+00 1.243563e-05
4.380000e+00 1.032838e-07
4.390000e+00 -1.073186e-05
4.400000e+00 -1.988640e-05
4.410000e+00 -2.718111e-05
4.420000e+00 -3.244272e-05
4.430000e+00 -3.550552e-05
4.440000e+00 -3.621302e-05
4.450000e+00 -3.441962e-05
4.460000e+00 -2.999211e-05
4.470000e+00 -2.281120e-05
4.480000e+00 -1.277288e-05
4.490000e+00 2.102742e-07
4.500000e+00 1.620793e-05
4.510000e+00 3.527101e-05
4.520000e+00 5.743078e-05
4.530000e+00 8.269820e-05
4.540000e+00 1.110634e-04
4.550000e+00 1.424954e-04
4.560000e+00 1.769418e-04
4.570000e+00 2.143292e-04
4.580000e+00 2.545633e-04
4.590000e+00 2.975293e-04
4.600000e+00 3.430930e-04
4.610000e+00 3.911012e-04
4.620000e+00 4.413832e-04
4.630000e+00 4.937521e-04
4.640000e+00 5.480060e-04
4.650000e+00 6.039297e-04
4.660000e+00 6.612966e-04
4.670000e+00 7.198703e-04
4.680000e+00 7.794069e-04
4.690000e+00 8.396564e-04
4.700000e+00 9.003652e-04
4.710000e+00 9.612782e-04
4.720000e+00 1.022140e-03
4.730000e+00 1.082698e-03
4.740000e+00 1.142704e-03
4.750000e+00 1.201915e-03
4.760000e+00 1.260095e-03
4.770000e+00 1.317019e-03
4.780000e+00 1.372472e-03
4.790000e+00 1.426249e-03
4.800000e+00 1.478161e-03
4.810000e+00 1.528030e-03
4.820000e+00 1.575694e-03
4.830000e+00 1.621006e-03
4.840000e+00 1.663833e-03
4.850000e+00 1.704058e-03
4.860000e+00 1.741581e-03
4.870000e+00 1.776317e-03
4.880000e+00 1.808193e-03
4.890000e+00 1.837155e-03
4.900000e+00 1.863160e-03
4.910000e+00 1.886179e-03
4.920000e+00 1.906198e-03
4.930000e+00 1.923212e-03
4.940000e+00 1.937230e-03
4.950000e+00 1.948268e-03
4.960000e+00 1.956355e-03
4.970000e+00 1.961527e-03
4.980000e+00 1.963830e-03
4.990000e+00 1.963314e-03
5.000000e+00 1.960038e-03
5.010000e+00 1.954066e-03
5.020000e+00 1.945470e-03
5.030000e+00 1.934322e-03
5.040000e+00 1.920703e-03
5.050000e+00 1.904695e-03
5.060000e+00 1.886386e-03
5.070000e+00 1.865864e-03
5.080000e+00 1.843224e-03
5.090000e+00 1.818560e-03
5.100000e+00 1.791972e-03
5.110000e+00 1.763560e-03
5.120000e+00 1.733427e-03
5.130000e+00 1.701678e-03
5.140000e+00 1.668420e-03
5.150000e+00 1.633761e-03
5.160000e+00 1.597812e-03
5.170000e+00 1.560683e-03
5.180000e+00 1.522486e-03
5.190000e+00 1.483335e-03
5.200000e+00 1.443341e-03
5.210000e+00 1.402618e-03
5.220000e+00 1.361277e-03
5.230000e+00 1.319430e-03
5.240000e+00 1.277186e-03
5.250000e+00 1.234653e-03
5.260000e+00 1.191937e-03
5.270000e+00 1.149139e-03
5.280000e+00 1.106358e-03
5.290000e+00 1.063689e-03
5.300000e+00 1.021222e-03
5.310000e+00 9.790415e-04
5.320000e+00 9.372271e-04
5.330000e+00 8.958522e-04
5.340000e+00 8.549836e-04
5.350000e+00 8.146815e-04
5.360000e+00 7.749985e-04
5.370000e+00 7.359803e-04
5.380000e+00 6.976644e-04
5.390000e+00 6.600808e-04
5.400000e+00 6.232513e-04
5.410000e+00 5.871896e-04
5.420000e+00 5.519016e-04
5.430000e+00 5.173851e-04
5.440000e+00 4.836299e-04
5.450000e+00 4.506185e-04
5.460000e+00 4.183258e-04
5.470000e+00 3.867196e-04
5.480000e+00 3.557614e-04
5.490000e+00 3.254060e-04
5.500000e+00 2.956030e-04
5.510000e+00 2.662965e-04
5.520000e+00 2.374265e-04
5.530000e+00 2.089288e-04
5.540000e+00 1.807365e-04
5.550000e+00 1.527800e-04
5.560000e+00 1.249886e-04
5.570000e+00 9.729076e-05
5.580000e+00 6.961521e-05
5.590000e+00 4.189182e-05
5.600000e+00 1.405253e-05
5.610000e+00 -1.396778e-05
5.620000e+00 -4.223032e-05
5.630000e+00 -7.079157e-05
5.640000e+00 -9.970233e-05
5.650000e+00 -1.290070e-04
5.660000e+00 -1.587425e-04
5.670000e+00 -1.889381e-04
5.680000e+00 -2.196143e-04
5.690000e+00 -2.507823e-04
5.700000e+00 -2.824438e-04
5.710000e+00 -3.145905e-04
5.720000e+00 -3.472037e-04
5.730000e+00 -3.802544e-04
5.740000e+00 -4.137033e-04
5.750000e+00 -4.475010e-04
5.760000e+00 -4.815878e-04
5.770000e+00 -5.158948e-04
5.780000e+00 -5.503442e-04
5.790000e+00 -5.848497e-04
5.800000e+00 -6.193179e-04
5.810000e+00 -6.536488e-04
5.820000e+00 -6.877368e-04
5.830000e+00 -7.214723e-04
5.840000e+00 -7.547425e-04
5.850000e+00 -7.874328e-04
5.860000e+00 -8.194283e-04
5.870000e+00 -8.506148e-04
5.880000e+00 -8.808805e-04
5.890000e+00 -9.101171e-04
5.900000e+00 -9.382212e-04
5.910000e+00 -9.650953e-04
5.920000e+00 -9.906496e-04
5.930000e+00 -1.014802e-03
5.940000e+00 -1.037481e-03
5.950000e+00 -1.058622e-03
5.960000e+00 -1.078176e-03
5.970000e+00 -1.096100e-03
5.980000e+00 -1.112367e-03
5.990000e+00 -1.126959e-03
6.000000e+00 -1.139872e-03
6.010000e+00 -1.151111e-03
6.020000e+00 -1.160696e-03
6.030000e+00 -1.168655e-03
6.040000e+00 -1.175028e-03
6.050000e+00 -1.179864e-03
6.060000e+00 -1.183224e-03
6.070000e+00 -1.185173e-03
6.080000e+00 -1.185785e-03
6.090000e+00 -1.185142e-03
6.100000e+00 -1.183329e-03
6.110000e+00 -1.180437e-03
6.120000e+00 -1.176557e-03
6.130000e+00 -1.171786e-03
6.140000e+00 -1.166220e-03
6.150000e+00 -1.159954e-03
6.160000e+00 -1.153086e-03
6.170000e+00 -1.145708e-03
6.180000e+00 -1.137912e-03
6.190000e+00 -1.129788e-03
6.200000e+00 -1.121420e-03
6.210000e+00 -1.112889e-03
6.220000e+00 -1.104272e-03
6.230000e+00 -1.095641e-03
6.240000e+00 -1.087062e-03
6.250000e+00 -1.078599e-03
6.260000e+00 -1.070307e-03
6.270000e+00 -1.062239e-03
6.280000e+00 -1.054441e-03
6.290000e+00 -1.046957e-03
6.300000e+00 -1.039822e-03
6.310000e+00 -1.033071e-03
6.320000e+00 -1.026733e-03
6.330000e+00 -1.020831e-03
6.340000e+00 -1.015388e-03
6.350000e+00 -1.010421e-03
6.360000e+00 -1.005944e-03
6.370000e+00 -1.001970e-03
6.380000e+00 -9.985074e-04
6.390000e+00 -9.955623e-04
6.400000e+00 -9.931391e-04
6.410000e+00 -9.912397e-04
6.420000e+00 -9.898642e-04
6.430000e+00 -9.890109e-04
6.440000e+00 -9.886765e-04
6.450000e+00 -9.888564e-04
6.460000e+00 -9.895444e-04
6.470000e+00 -9.907334e-04
6.480000e+00 -9.924152e-04
6.490000e+00 -9.945806e-04
6.500000e+00 -9.972199e-04
6.510000e+00 -1.000322e-03
6.520000e+00 -1.003878e-03
6.530000e+00 -1.007874e-03
6.540000e+00 -1.012301e-03
6.550000e+00 -1.017146e-03
6.560000e+00 -1.022400e-03
6.570000e+00 -1.028050e-03
6.580000e+00 -1.034086e-03
6.590000e+00 -1.040499e-03
6.600000e+00 -1.047279e-03
6.610000e+00 -1.054417e-03
6.620000e+00 -1.061905e-03
6.630000e+00 -1.069736e-03
6.640000e+00 -1.077901e-03
6.650000e+00 -1.086395e-03
6.660000e+00 -1.095211e-03
6.670000e+00 -1.104342e-03
6.680000e+00 -1.113783e-03
6.690000e+00 -1.123527e-03
6.700000e+00 -1.133566e-03
6.710000e+00 -1.143893e-03
6.720000e+00 -1.154498e-03
6.730000e+00 -1.165371e-03
6.740000e+00 -1.176499e-03
6.750000e+00 -1.187868e-03
6.760000e+00 -1.199460e-03
6.770000e+00 -1.211256e-03
6.780000e+00 -1.223234e-03
6.790000e+00 -1.235367e-03
6.800000e+00 -1.247629e-03
6.810000e+00 -1.259985e-03
6.820000e+00 -1.272400e-03
6.830000e+00 -1.284837e-03
6.840000e+00 -1.297252e-03
6.850000e+00 -1.309600e-03
6.860000e+00 -1.321833e-03
6.870000e+00 -1.333900e-03
6.880000e+00 -1.345748e-03
6.890000e+00 -1.357322e-03
6.900000e+00 -1.368564e-03
6.910000e+00 -1.379417e-03
6.920000e+00 -1.389821e-03
6.930000e+00 -1.399719e-03
6.940000e+00 -1.409051e-03
6.950000e+00 -1.417761e-03
6.960000e+00 -1.425791e-03
6.970000e+00 -1.433087e-03
6.980000e+00 -1.439597e-03
6.990000e+00 -1.445272e-03
7.000000e+00 -1.450065e-03
7.010000e+00 -1.453933e-03
7.020000e+00 -1.456836e-03
7.030000e+00 -1.458739e-03
7.040000e+00 -1.459611e-03
7.050000e+00 -1.459424e-03
7.060000e+00 -1.458155e-03
7.070000e+00 -1.455785e-03
7.080000e+00 -1.452300e-03
7.090000e+00 -1.447689e-03
7.100000e+00 -1.441946e-03
7.110000e+00 -1.435068e-03
7.120000e+00 -1.427056e-03
7.130000e+00 -1.417915e-03
7.140000e+00 -1.407653e-03
7.150000e+00 -1.396281e-03
7.160000e+00 -1.383813e-03
7.170000e+00 -1.370267e-03
7.180000e+00 -1.355663e-03
7.190000e+00 -1.340021e-03
7.200000e+00 -1.323367e-03
7.210000e+00 -1.305728e-03
7.220000e+00 -1.287132e-03
7.230000e+00 -1.267610e-03
7.240000e+00 -1.247195e-03
7.250000e+00 -1.225921e-03
7.260000e+00 -1.203825e-03
7.270000e+00 -1.180946e-03
7.280000e+00 -1.157323e-03
7.290000e+00 -1.132997e-03
7.300000e+00 -1.108013e-03
7.310000e+00 -1.082414e-03
7.320000e+00 -1.056246e-03
7.330000e+00 -1.029557e-03
7.340000e+00 -1.002396e-03
7.350000e+00 -9.748115e-04
7.360000e+00 -9.468537e-04
7.370000e+00 -9.185733e-04
7.380000e+00 -8.900216e-04
7.390000e+00 -8.612495e-04
7.400000e+00 -8.323081e-04
7.410000e+00 -8.032479e-04
7.420000e+00 -7.741188e-04
7.430000e+00 -7.449695e-04
7.440000e+00 -7.158479e-04
7.450000e+00 -6.868000e-04
7.460000e+00 -6.578705e-04
7.470000e+00 -6.291020e-04
7.480000e+00 -6.005353e-04
7.490000e+00 -5.722089e-04
7.500000e+00 -5.441592e-04
7.510000e+00 -5.164203e-04
7.520000e+00 -4.890241e-04
7.530000e+00 -4.620003e-04
7.540000e+00 -4.353766e-04
7.550000e+00 -4.091786e-04
7.560000e+00 -3.834302e-04
7.570000e+00 -3.581536e-04
7.580000e+00 -3.333698e-04
7.590000e+00 -3.090983e-04
7.600000e+00 -2.853581e-04
7.610000e+00 -2.621673e-04
7.620000e+00 -2.395437e-04
7.630000e+00 -2.175047e-04
7.640000e+00 -1.960679e-04
7.650000e+00 -1.752510e-04
7.660000e+00 -1.550722e-04
7.670000e+00 -1.355498e-04
7.680000e+00 -1.167030e-04
7.690000e+00 -9.855121e-05
7.700000e+00 -8.111451e-05
7.710000e+00 -6.441337e-05
7.720000e+00 -4.846860e-05
7.730000e+00 -3.330117e-05
7.740000e+00 -1.893207e-05
7.750000e+00 -5.382067e-06
7.760000e+00 7.328513e-06
7.770000e+00 1.918004e-05
7.780000e+00 3.015381e-05
7.790000e+00 4.023234e-05
7.800000e+00 4.939957e-05
7.810000e+00 5.764110e-05
7.820000e+00 6.494439e-05
7.830000e+00 7.129896e-05
7.840000e+00 7.669647e-05
7.850000e+00 8.113085e-05
7.860000e+00 8.459836e-05
7.870000e+00 8.709757e-05
7.880000e+00 8.862934e-05
7.890000e+00 8.919676e-05
7.900000e+00 8.880499e-05
7.910000e+00 8.746117e-05
7.920000e+00 8.517418e-05
7.930000e+00 8.195452e-05
7.940000e+00 7.781402e-05
7.950000e+00 7.276567e-05
7.960000e+00 6.682342e-05
7.970000e+00 6.000196e-05
7.980000e+00 5.231656e-05
7.990000e+00 4.378291e-05
8.000000e+00 3.441707e-05
8.010000e+00 2.423533e-05
8.020000e+00 1.325428e-05
8.030000e+00 1.490808e-06
8.040000e+00 -1.103777e-05
8.050000e+00 -2.431358e-05
8.060000e+00 -3.831792e-05
8.070000e+00 -5.303105e-05
8.080000e+00 -6.843183e-05
8.090000e+00 -8.449738e-05
8.100000e+00 -1.012027e-04
8.110000e+00 -1.185200e-04
8.120000e+00 -1.364189e-04
8.130000e+00 -1.548652e-04
8.140000e+00 -1.738208e-04
8.150000e+00 -1.932433e-04
8.160000e+00 -2.130857e-04
8.170000e+00 -2.332957e-04
8.180000e+00 -2.538156e-04
8.190000e+00 -2.745819e-04
8.200000e+00 -2.955252e-04
8.210000e+00 -3.165703e-04
8.220000e+00 -3.376356e-04
8.230000e+00 -3.586336e-04
8.240000e+00 -3.794709e-04
8.250000e+00 -4.000483e-04
8.260000e+00 -4.202612e-04
8.270000e+00 -4.400000e-04
8.280000e+00 -4.591506e-04
8.290000e+00 -4.775948e-04
8.300000e+00 -4.952109e-04
8.310000e+00 -5.118746e-04
8.320000e+00 -5.274598e-04
8.330000e+00 -5.418391e-04
8.340000e+00 -5.548848e-04
8.350000e+00 -5.664697e-04
8.360000e+00 -5.764684e-04
8.370000e+00 -5.847577e-04
8.380000e+00 -5.912179e-04
8.390000e+00 -5.957337e-04
8.400000e+00 -5.981952e-04
8.410000e+00 -5.984987e-04
8.420000e+00 -5.965477e-04
8.430000e+00 -5.922541e-04
8.440000e+00 -5.855387e-04
8.450000e+00 -5.763325e-04
8.460000e+00 -5.645770e-04
8.470000e+00 -5.502256e-04
8.480000e+00 -5.332441e-04
8.490000e+00 -5.136112e-04
8.500000e+00 -4.913197e-04
8.510000e+00 -4.663767e-04
8.520000e+00 -4.388041e-04
8.530000e+00 -4.086396e-04
8.540000e+00 -3.759363e-04
8.550000e+00 -3.407639e-04
8.560000e+00 -3.032083e-04
8.570000e+00 -2.633717e-04
8.580000e+00 -2.213731e-04
8.590000e+00 -1.773479e-04
8.600000e+00 -1.314476e-04
8.610000e+00 -8.383951e-05
8.620000e+00 -3.470635e-05
8.630000e+00 1.575447e-05
8.640000e+00 6.733167e-05
8.650000e+00 1.198009e-04
8.660000e+00 1.729262e-04
8.670000e+00 2.264605e-04
8.680000e+00 2.801479e-04
8.690000e+00 3.337246e-04
8.700000e+00 3.869208e-04
8.710000e+00 4.394622e-04
8.720000e+00 4.910724e-04
8.730000e+00 5.414743e-04
8.740000e+00 5.903926e-04
8.750000e+00 6.375559e-04
8.760000e+00 6.826983e-04
8.770000e+00 7.255622e-04
8.780000e+00 7.659003e-04
8.790000e+00 8.034773e-04
8.800000e+00 8.380724e-04
8.810000e+00 8.694810e-04
8.820000e+00 8.975166e-04
8.830000e+00 9.220122e-04
8.840000e+00 9.428225e-04
8.850000e+00 9.598242e-04
8.860000e+00 9.729180e-04
8.870000e+00 9.820292e-04
8.880000e+00 9.871079e-04
8.890000e+00 9.881301e-04
8.900000e+00 9.850976e-04
8.910000e+00 9.780375e-04
8.920000e+00 9.670023e-04
8.930000e+00 9.520693e-04
8.940000e+00 9.333393e-04
8.950000e+00 9.109361e-04
8.960000e+00 8.850046e-04
8.970000e+00 8.557097e-04
8.980000e+00 8.232346e-04
8.990000e+00 7.877787e-04
9.000000e+00 7.495559e-04
9.010000e+00 7.087925e-04
9.020000e+00 6.657247e-04
9.030000e+00 6.205970e-04
9.040000e+00 5.736595e-04
9.050000e+00 5.251659e-04
9.060000e+00 4.753712e-04
9.070000e+00 4.245296e-04
9.080000e+00 3.728926e-04
9.090000e+00 3.207066e-04
9.100000e+00 2.682116e-04
9.110000e+00 2.156392e-04
9.120000e+00 1.632110e-04
9.130000e+00 1.111374e-04
9.140000e+00 5.961612e-05
9.150000e+00 8.831394e-06
9.160000e+00 -4.104708e-05
9.170000e+00 -8.986476e-05
9.180000e+00 -1.374828e-04
9.190000e+00 -1.837783e-04
9.200000e+00 -2.286446e-04
9.210000e+00 -2.719911e-04
9.220000e+00 -3.137433e-04
9.230000e+00 -3.538424e-04
9.240000e+00 -3.922447e-04
9.250000e+00 -4.289211e-04
9.260000e+00 -4.638566e-04
9.270000e+00 -4.970492e-04
9.280000e+00 -5.285092e-04
9.290000e+00 -5.582581e-04
9.300000e+00 -5.863277e-04
9.310000e+00 -6.127588e-04
9.320000e+00 -6.376004e-04
9.330000e+00 -6.609084e-04
9.340000e+00 -6.827441e-04
9.350000e+00 -7.031737e-04
9.360000e+00 -7.222668e-04
9.370000e+00 -7.400951e-04
9.380000e+00 -7.567318e-04
9.390000e+00 -7.722501e-04
9.400000e+00 -7.867225e-04
9.410000e+00 -8.002198e-04
9.420000e+00 -8.128106e-04
9.430000e+00 -8.245599e-04
9.440000e+00 -8.355289e-04
9.450000e+00 -8.457746e-04
9.460000e+00 -8.553488e-04
9.470000e+00 -8.642983e-04
9.480000e+00 -8.726642e-04
9.490000e+00 -8.804821e-04
9.500000e+00 -8.877820e-04
9.510000e+00 -8.945882e-04
9.520000e+00 -9.009195e-04
9.530000e+00 -9.067897e-04
9.540000e+00 -9.122077e-04
9.550000e+00 -9.171778e-04
9.560000e+00 -9.217006e-04
9.570000e+00 -9.257731e-04
9.580000e+00 -9.293896e-04
9.590000e+00 -9.325419e-04
9.600000e+00 -9.352205e-04
9.610000e+00 -9.374144e-04
9.620000e+00 -9.391125e-04
9.630000e+00 -9.403036e-04
9.640000e+00 -9.409773e-04
9.650000e+00 -9.411242e-04
9.660000e+00 -9.407362e-04
9.670000e+00 -9.398072e-04
9.680000e+00 -9.383330e-04
9.690000e+00 -9.363118e-04
9.700000e+00 -9.337438e-04
9.710000e+00 -9.306314e-04
9.720000e+00 -9.269792e-04
9.730000e+00 -9.227934e-04
9.740000e+00 -9.180822e-04
9.750000e+00 -9.128544e-04
9.760000e+00 -9.071199e-04
9.770000e+00 -9.008887e-04
9.780000e+00 -8.941706e-04
9.790000e+00 -8.869743e-04
9.800000e+00 -8.793072e-04
9.810000e+00 -8.711749e-04
9.820000e+00 -8.625803e-04
9.830000e+00 -8.535233e-04
9.840000e+00 -8.440003e-04
9.850000e+00 -8.340042e-04
9.860000e+00 -8.235235e-04
9.870000e+00 -8.125425e-04
9.880000e+00 -8.010413e-04
9.890000e+00 -7.889955e-04
9.900000e+00 -7.763765e-04
9.910000e+00 -7.631517e-04
9.920000e+00 -7.492848e-04
9.930000e+00 -7.347366e-04
9.940000e+00 -7.194648e-04
9.950000e+00 -7.034254e-04
9.960000e+00 -6.865729e-04
9.970000e+00 -6.688613e-04
9.980000e+00 -6.502447e-04
9.990000e+00 -6.306784e-04
1.000000e+01 -6.101194e-04
