# sigma2_v 9.044223198299637e+00
0.000000e+00 1.000000e+00
1.000000e-02 9.995479e-01
2.000000e-02 9.981929e-01
3.000000e-02 9.959387e-01
4.000000e-02 9.927918e-01
5.000000e-02 9.887610e-01
6.000000e-02 9.838575e-01
7.000000e-02 9.780952e-01
8.000000e-02 9.714900e-01
9.000000e-02 9.640601e-01
1.000000e-01 9.558262e-01
1.100000e-01 9.468106e-01
1.200000e-01 9.370379e-01
1.300000e-01 9.265345e-01
1.400000e-01 9.153283e-01
1.500000e-01 9.034491e-01
1.600000e-01 8.909280e-01
1.700000e-01 8.777975e-01
1.800000e-01 8.640912e-01
1.900000e-01 8.498437e-01
2.000000e-01 8.350906e-01
2.100000e-01 8.198683e-01
2.200000e-01 8.042135e-01
2.300000e-01 7.881636e-01
2.400000e-01 7.717562e-01
2.500000e-01 7.550289e-01
2.600000e-01 7.380195e-01
2.700000e-01 7.207655e-01
2.800000e-01 7.033042e-01
2.900000e-01 6.856724e-01
3.000000e-01 6.679064e-01
3.100000e-01 6.500419e-01
3.200000e-01 6.321138e-01
3.300000e-01 6.141559e-01
3.400000e-01 5.962014e-01
3.500000e-01 5.782821e-01
3.600000e-01 5.604288e-01
3.700000e-01 5.426711e-01
3.800000e-01 5.250373e-01
3.900000e-01 5.075543e-01
4.000000e-01 4.902477e-01
4.100000e-01 4.731414e-01
4.200000e-01 4.562583e-01
4.300000e-01 4.396193e-01
4.400000e-01 4.232442e-01
4.500000e-01 4.071511e-01
4.600000e-01 3.913566e-01
4.700000e-01 3.758758e-01
4.800000e-01 3.607223e-01
4.900000e-01 3.459083e-01
5.000000e-01 3.314445e-01
5.100000e-01 3.173400e-01
5.200000e-01 3.036029e-01
5.300000e-01 2.902395e-01
5.400000e-01 2.772552e-01
5.500000e-01 2.646539e-01
5.600000e-01 2.524385e-01
5.700000e-01 2.406104e-01
5.800000e-01 2.291702e-01
5.900000e-01 2.181174e-01
6.000000e-01 2.074505e-01
6.100000e-01 1.971671e-01
6.200000e-01 1.872639e-01
6.300000e-01 1.777369e-01
6.400000e-01 1.685811e-01
6.500000e-01 1.597912e-01
6.600000e-01 1.513610e-01
6.700000e-01 1.432839e-01
6.800000e-01 1.355526e-01
6.900000e-01 1.281597e-01
7.000000e-01 1.210970e-01
7.100000e-01 1.143562e-01
7.200000e-01 1.079288e-01
7.300000e-01 1.018058e-01
7.400000e-01 9.597829e-02
7.500000e-01 9.043695e-02
7.600000e-01 8.517251e-02
7.700000e-01 8.017560e-02
7.800000e-01 7.543682e-02
7.900000e-01 7.094676e-02
8.000000e-01 6.669605e-02
8.100000e-01 6.267538e-02
8.200000e-01 5.887554e-02
8.300000e-01 5.528743e-02
8.400000e-01 5.190208e-02
8.500000e-01 4.871066e-02
8.600000e-01 4.570455e-02
8.700000e-01 4.287528e-02
8.800000e-01 4.021459e-02
8.900000e-01 3.771443e-02
9.000000e-01 3.536699e-02
9.100000e-01 3.316465e-02
9.200000e-01 3.110005e-02
9.300000e-01 2.916606e-02
9.400000e-01 2.735579e-02
9.500000e-01 2.566260e-02
9.600000e-01 2.408007e-02
9.700000e-01 2.260206e-02
9.800000e-01 2.122265e-02
9.900000e-01 1.993616e-02
1.000000e+00 1.873716e-02
1.010000e+00 1.762044e-02
1.020000e+00 1.658102e-02
1.030000e+00 1.561418e-02
1.040000e+00 1.471538e-02
1.050000e+00 1.388031e-02
1.060000e+00 1.310488e-02
1.070000e+00 1.238521e-02
1.080000e+00 1.171760e-02
1.090000e+00 1.109856e-02
1.100000e+00 1.052478e-02
1.110000e+00 9.993131e-03
1.120000e+00 9.500675e-03
1.130000e+00 9.044628e-03
1.140000e+00 8.622376e-03
1.150000e+00 8.231460e-03
1.160000e+00 7.869574e-03
1.170000e+00 7.534557e-03
1.180000e+00 7.224386e-03
1.190000e+00 6.937172e-03
1.200000e+00 6.671154e-03
1.210000e+00 6.424690e-03
1.220000e+00 6.196257e-03
1.230000e+00 5.984437e-03
1.240000e+00 5.787920e-03
1.250000e+00 5.605493e-03
1.260000e+00 5.436036e-03
1.270000e+00 5.278518e-03
1.280000e+00 5.131988e-03
1.290000e+00 4.995575e-03
1.300000e+00 4.868479e-03
1.310000e+00 4.749967e-03
1.320000e+00 4.639370e-03
1.330000e+00 4.536076e-03
1.340000e+00 4.439527e-03
1.350000e+00 4.349215e-03
1.360000e+00 4.264678e-03
1.370000e+00 4.185493e-03
1.380000e+00 4.111277e-03
1.390000e+00 4.041680e-03
1.400000e+00 3.976385e-03
1.410000e+00 3.915099e-03
1.420000e+00 3.857558e-03
1.430000e+00 3.803518e-03
1.440000e+00 3.752755e-03
1.450000e+00 3.705063e-03
1.460000e+00 3.660252e-03
1.470000e+00 3.618143e-03
1.480000e+00 3.578571e-03
1.490000e+00 3.541382e-03
1.500000e+00 3.506431e-03
1.510000e+00 3.473578e-03
1.520000e+00 3.442695e-03
1.530000e+00 3.413657e-03
1.540000e+00 3.386346e-03
1.550000e+00 3.360649e-03
1.560000e+00 3.336459e-03
1.570000e+00 3.313672e-03
1.580000e+00 3.292191e-03
1.590000e+00 3.271922e-03
1.600000e+00 3.252775e-03
1.610000e+00 3.234667e-03
1.620000e+00 3.217518e-03
1.630000e+00 3.201252e-03
1.640000e+00 3.185802e-03
1.650000e+00 3.171103e-03
1.660000e+00 3.157096e-03
1.670000e+00 3.143729e-03
1.680000e+00 3.130954e-03
1.690000e+00 3.118731e-03
1.700000e+00 3.107024e-03
1.710000e+00 3.095805e-03
1.720000e+00 3.085050e-03
1.730000e+00 3.074742e-03
1.740000e+00 3.064870e-03
1.750000e+00 3.055426e-03
1.760000e+00 3.046410e-03
1.770000e+00 3.037825e-03
1.780000e+00 3.029679e-03
1.790000e+00 3.021984e-03
1.800000e+00 3.014754e-03
1.810000e+00 3.008006e-03
1.820000e+00 3.001759e-03
1.830000e+00 2.996035e-03
1.840000e+00 2.990852e-03
1.850000e+00 2.986233e-03
1.860000e+00 2.982194e-03
1.870000e+00 2.978755e-03
1.880000e+00 2.975928e-03
1.890000e+00 2.973725e-03
1.900000e+00 2.972151e-03
1.910000e+00 2.971210e-03
1.920000e+00 2.970895e-03
1.930000e+00 2.971197e-03
1.940000e+00 2.972099e-03
1.950000e+00 2.973577e-03
1.960000e+00 2.975598e-03
1.970000e+00 2.978122e-03
1.980000e+00 2.981104e-03
1.990000e+00 2.984487e-03
2.000000e+00 2.988208e-03
2.010000e+00 2.992196e-03
2.020000e+00 2.996375e-03
2.030000e+00 3.000658e-03
2.040000e+00 3.004956e-03
2.050000e+00 3.009172e-03
2.060000e+00 3.013205e-03
2.070000e+00 3.016950e-03
2.080000e+00 3.020298e-03
2.090000e+00 3.023139e-03
2.100000e+00 3.025362e-03
2.110000e+00 3.026857e-03
2.120000e+00 3.027513e-03
2.130000e+00 3.027222e-03
2.140000e+00 3.025882e-03
2.150000e+00 3.023391e-03
2.160000e+00 3.019657e-03
2.170000e+00 3.014591e-03
2.180000e+00 3.008115e-03
2.190000e+00 3.000156e-03
2.200000e+00 2.990652e-03
2.210000e+00 2.979551e-03
2.220000e+00 2.966809e-03
2.230000e+00 2.952396e-03
2.240000e+00 2.936291e-03
2.250000e+00 2.918483e-03
2.260000e+00 2.898975e-03
2.270000e+00 2.877778e-03
2.280000e+00 2.854917e-03
2.290000e+00 2.830426e-03
2.300000e+00 2.804347e-03
2.310000e+00 2.776735e-03
2.320000e+00 2.747652e-03
2.330000e+00 2.717168e-03
2.340000e+00 2.685362e-03
2.350000e+00 2.652316e-03
2.360000e+00 2.618121e-03
2.370000e+00 2.582872e-03
2.380000e+00 2.546668e-03
2.390000e+00 2.509608e-03
2.400000e+00 2.471797e-03
2.410000e+00 2.433340e-03
2.420000e+00 2.394341e-03
2.430000e+00 2.354906e-03
2.440000e+00 2.315138e-03
2.450000e+00 2.275139e-03
2.460000e+00 2.235010e-03
2.470000e+00 2.194848e-03
2.480000e+00 2.154747e-03
2.490000e+00 2.114799e-03
2.500000e+00 2.075092e-03
2.510000e+00 2.035710e-03
2.520000e+00 1.996733e-03
2.530000e+00 1.958238e-03
2.540000e+00 1.920298e-03
2.550000e+00 1.882982e-03
2.560000e+00 1.846355e-03
2.570000e+00 1.810480e-03
2.580000e+00 1.775416e-03
2.590000e+00 1.741217e-03
2.600000e+00 1.707936e-03
2.610000e+00 1.675623e-03
2.620000e+00 1.644322e-03
2.630000e+00 1.614079e-03
2.640000e+00 1.584933e-03
2.650000e+00 1.556923e-03
2.660000e+00 1.530082e-03
2.670000e+00 1.504442e-03
2.680000e+00 1.480032e-03
2.690000e+00 1.456877e-03
2.700000e+00 1.435000e-03
2.710000e+00 1.414417e-03
2.720000e+00 1.395144e-03
2.730000e+00 1.377192e-03
2.740000e+00 1.360565e-03
2.750000e+00 1.345266e-03
2.760000e+00 1.331292e-03
2.770000e+00 1.318635e-03
2.780000e+00 1.307283e-03
2.790000e+00 1.297218e-03
2.800000e+00 1.288419e-03
2.810000e+00 1.280857e-03
2.820000e+00 1.274502e-03
2.830000e+00 1.269316e-03
2.840000e+00 1.265260e-03
2.850000e+00 1.262289e-03
2.860000e+00 1.260355e-03
2.870000e+00 1.259406e-03
2.880000e+00 1.259390e-03
2.890000e+00 1.260250e-03
2.900000e+00 1.261929e-03
2.910000e+00 1.264370e-03
2.920000e+00 1.267515e-03
2.930000e+00 1.271305e-03
2.940000e+00 1.275685e-03
2.950000e+00 1.280599e-03
2.960000e+00 1.285997e-03
2.970000e+00 1.291828e-03
2.980000e+00 1.298046e-03
2.990000e+00 1.304611e-03
3.000000e+00 1.311483e-03
3.010000e+00 1.318629e-03
3.020000e+00 1.326021e-03
3.030000e+00 1.333635e-03
3.040000e+00 1.341452e-03
3.050000e+00 1.349457e-03
3.060000e+00 1.357641e-03
3.070000e+00 1.365997e-03
3.080000e+00 1.374522e-03
3.090000e+00 1.383220e-03
3.100000e+00 1.392092e-03
3.110000e+00 1.401147e-03
3.120000e+00 1.410390e-03
3.130000e+00 1.419832e-03
3.140000e+00 1.429481e-03
3.150000e+00 1.439346e-03
3.160000e+00 1.449435e-03
3.170000e+00 1.459752e-03
3.180000e+00 1.470303e-03
3.190000e+00 1.481086e-03
3.200000e+00 1.492100e-03
3.210000e+00 1.503338e-03
3.220000e+00 1.514789e-03
3.230000e+00 1.526439e-03
3.240000e+00 1.538267e-03
3.250000e+00 1.550250e-03
3.260000e+00 1.562359e-03
3.270000e+00 1.574562e-03
3.280000e+00 1.586821e-03
3.290000e+00 1.599097e-03
3.300000e+00 1.611344e-03
3.310000e+00 1.623517e-03
3.320000e+00 1.635567e-03
3.330000e+00 1.647442e-03
3.340000e+00 1.659092e-03
3.350000e+00 1.670465e-03
3.360000e+00 1.681508e-03
3.370000e+00 1.692172e-03
3.380000e+00 1.702409e-03
3.390000e+00 1.712170e-03
3.400000e+00 1.721414e-03
3.410000e+00 1.730101e-03
3.420000e+00 1.738194e-03
3.430000e+00 1.745662e-03
3.440000e+00 1.752478e-03
3.450000e+00 1.758621e-03
3.460000e+00 1.764074e-03
3.470000e+00 1.768825e-03
3.480000e+00 1.772869e-03
3.490000e+00 1.776204e-03
3.500000e+00 1.778834e-03
3.510000e+00 1.780769e-03
3.520000e+00 1.782021e-03
3.530000e+00 1.782607e-03
3.540000e+00 1.782549e-03
3.550000e+00 1.781870e-03
3.560000e+00 1.780597e-03
3.570000e+00 1.778760e-03
3.580000e+00 1.776388e-03
3.590000e+00 1.773514e-03
3.600000e+00 1.770170e-03
3.610000e+00 1.766389e-03
3.620000e+00 1.762203e-03
3.630000e+00 1.757644e-03
3.640000e+00 1.752744e-03
3.650000e+00 1.747531e-03
3.660000e+00 1.742034e-03
3.670000e+00 1.736277e-03
3.680000e+00 1.730286e-03
3.690000e+00 1.724081e-03
3.700000e+00 1.717682e-03
3.710000e+00 1.711106e-03
3.720000e+00 1.704368e-03
3.730000e+00 1.697479e-03
3.740000e+00 1.690450e-03
3.750000e+00 1.683288e-03
3.760000e+00 1.676000e-03
3.770000e+00 1.668589e-03
3.780000e+00 1.661057e-03
3.790000e+00 1.653404e-03
3.800000e+00 1.645628e-03
3.810000e+00 1.637728e-03
3.820000e+00 1.629697e-03
3.830000e+00 1.621532e-03
3.840000e+00 1.613224e-03
3.850000e+00 1.604767e-03
3.860000e+00 1.596151e-03
3.870000e+00 1.587366e-03
3.880000e+00 1.578401e-03
3.890000e+00 1.569245e-03
3.900000e+00 1.559884e-03
3.910000e+00 1.550305e-03
3.920000e+00 1.540495e-03
3.930000e+00 1.530437e-03
3.940000e+00 1.520117e-03
3.950000e+00 1.509518e-03
3.960000e+00 1.498625e-03
3.970000e+00 1.487421e-03
3.980000e+00 1.475890e-03
3.990000e+00 1.464015e-03
4.000000e+00 1.451781e-03
4.010000e+00 1.439174e-03
4.020000e+00 1.426180e-03
4.030000e+00 1.412787e-03
4.040000e+00 1.398986e-03
4.050000e+00 1.384769e-03
4.060000e+00 1.370131e-03
4.070000e+00 1.355070e-03
4.080000e+00 1.339589e-03
4.090000e+00 1.323694e-03
4.100000e+00 1.307394e-03
4.110000e+00 1.290705e-03
4.120000e+00 1.273647e-03
4.130000e+00 1.256244e-03
4.140000e+00 1.238528e-03
4.150000e+00 1.220535e-03
4.160000e+00 1.202306e-03
4.170000e+00 1.183889e-03
4.180000e+00 1.165336e-03
4.190000e+00 1.146705e-03
4.200000e+00 1.128059e-03
4.210000e+00 1.109465e-03
4.220000e+00 1.090994e-03
4.230000e+00 1.072722e-03
4.240000e+00 1.054725e-03
4.250000e+00 1.037084e-03
4.260000e+00 1.019879e-03
4.270000e+00 1.003191e-03
4.280000e+00 9.871030e-04
4.290000e+00 9.716932e-04
4.300000e+00 9.570393e-04
4.310000e+00 9.432158e-04
4.320000e+00 9.302930e-04
4.330000e+00 9.183359e-04
4.340000e+00 9.074042e-04
4.350000e+00 8.975506e-04
4.360000e+00 8.888204e-04
4.370000e+00 8.812512e-04
4.380000e+00 8.748716e-04
4.390000e+00 8.697015e-04
4.400000e+00 8.657511e-04
4.410000e+00 8.630210e-04
4.420000e+00 8.615020e-04
4.430000e+00 8.611749e-04
4.440000e+00 8.620111e-04
4.450000e+00 8.639720e-04
4.460000e+00 8.670101e-04
4.470000e+00 8.710689e-04
4.480000e+00 8.760838e-04
4.490000e+00 8.819825e-04
4.500000e+00 8.886858e-04
4.510000e+00 8.961082e-04
4.520000e+00 9.041591e-04
4.530000e+00 9.127432e-04
4.540000e+00 9.217620e-04
4.550000e+00 9.311142e-04
4.560000e+00 9.406968e-04
4.570000e+00 9.504062e-04
4.580000e+00 9.601390e-04
4.590000e+00 9.697928e-04
4.600000e+00 9.792673e-04
4.610000e+00 9.884647e-04
4.620000e+00 9.972910e-04
4.630000e+00 1.005656e-03
4.640000e+00 1.013475e-03
4.650000e+00 1.020667e-03
4.660000e+00 1.027159e-03
4.670000e+00 1.032883e-03
4.680000e+00 1.037776e-03
4.690000e+00 1.041786e-03
4.700000e+00 1.044863e-03
4.710000e+00 1.046967e-03
4.720000e+00 1.048064e-03
4.730000e+00 1.048128e-03
4.740000e+00 1.047140e-03
4.750000e+00 1.045087e-03
4.760000e+00 1.041962e-03
4.770000e+00 1.037769e-03
4.780000e+00 1.032513e-03
4.790000e+00 1.026208e-03
4.800000e+00 1.018876e-03
4.810000e+00 1.010542e-03
4.820000e+00 1.001237e-03
4.830000e+00 9.909997e-04
4.840000e+00 9.798724e-04
4.850000e+00 9.679031e-04
4.860000e+00 9.551448e-04
4.870000e+00 9.416553e-04
4.880000e+00 9.274970e-04
4.890000e+00 9.127368e-04
4.900000e+00 8.974458e-04
4.910000e+00 8.816991e-04
4.920000e+00 8.655758e-04
4.930000e+00 8.491583e-04
4.940000e+00 8.325325e-04
4.950000e+00 8.157872e-04
4.960000e+00 7.990139e-04
4.970000e+00 7.823065e-04
4.980000e+00 7.657605e-04
4.990000e+00 7.494730e-04
5.000000e+00 7.335421e-04
5.010000e+00 7.180660e-04
5.020000e+00 7.031428e-04
5.030000e+00 6.888697e-04
5.040000e+00 6.753423e-04
5.050000e+00 6.626538e-04
5.060000e+00 6.508944e-04
5.070000e+00 6.401505e-04
5.080000e+00 6.305037e-04
5.090000e+00 6.220304e-04
5.100000e+00 6.148005e-04
5.110000e+00 6.088770e-04
5.120000e+00 6.043151e-04
5.130000e+00 6.011613e-04
5.140000e+00 5.994531e-04
5.150000e+00 5.992182e-04
5.160000e+00 6.004737e-04
5.170000e+00 6.032262e-04
5.180000e+00 6.074707e-04
5.190000e+00 6.131912e-04
5.200000e+00 6.203596e-04
5.210000e+00 6.289366e-04
5.220000e+00 6.388709e-04
5.230000e+00 6.501000e-04
5.240000e+00 6.625503e-04
5.250000e+00 6.761378e-04
5.260000e+00 6.907680e-04
5.270000e+00 7.063375e-04
5.280000e+00 7.227341e-04
5.290000e+00 7.398381e-04
5.300000e+00 7.575232e-04
5.310000e+00 7.756575e-04
5.320000e+00 7.941048e-04
5.330000e+00 8.127257e-04
5.340000e+00 8.313790e-04
5.350000e+00 8.499229e-04
5.360000e+00 8.682163e-04
5.370000e+00 8.861201e-04
5.380000e+00 9.034985e-04
5.390000e+00 9.202203e-04
5.400000e+00 9.361599e-04
5.410000e+00 9.511985e-04
5.420000e+00 9.652252e-04
5.430000e+00 9.781378e-04
5.440000e+00 9.898437e-04
5.450000e+00 1.000260e-03
5.460000e+00 1.009317e-03
5.470000e+00 1.016952e-03
5.480000e+00 1.023118e-03
5.490000e+00 1.027777e-03
5.500000e+00 1.030905e-03
5.510000e+00 1.032488e-03
5.520000e+00 1.032523e-03
5.530000e+00 1.031021e-03
5.540000e+00 1.027999e-03
5.550000e+00 1.023488e-03
5.560000e+00 1.017527e-03
5.570000e+00 1.010162e-03
5.580000e+00 1.001450e-03
5.590000e+00 9.914508e-04
5.600000e+00 9.802333e-04
5.610000e+00 9.678701e-04
5.620000e+00 9.544379e-04
5.630000e+00 9.400166e-04
5.640000e+00 9.246883e-04
5.650000e+00 9.085365e-04
5.660000e+00 8.916452e-04
5.670000e+00 8.740983e-04
5.680000e+00 8.559786e-04
5.690000e+00 8.373677e-04
5.700000e+00 8.183451e-04
5.710000e+00 7.989882e-04
5.720000e+00 7.793715e-04
5.730000e+00 7.595670e-04
5.740000e+00 7.396436e-04
5.750000e+00 7.196673e-04
5.760000e+00 6.997015e-04
5.770000e+00 6.798068e-04
5.780000e+00 6.600414e-04
5.790000e+00 6.404616e-04
5.800000e+00 6.211221e-04
5.810000e+00 6.020760e-04
5.820000e+00 5.833759e-04
5.830000e+00 5.650739e-04
5.840000e+00 5.472222e-04
5.850000e+00 5.298734e-04
5.860000e+00 5.130812e-04
5.870000e+00 4.969005e-04
5.880000e+00 4.813879e-04
5.890000e+00 4.666016e-04
5.900000e+00 4.526020e-04
5.910000e+00 4.394515e-04
5.920000e+00 4.272147e-04
5.930000e+00 4.159579e-04
5.940000e+00 4.057495e-04
5.950000e+00 3.966590e-04
5.960000e+00 3.887571e-04
5.970000e+00 3.821149e-04
5.980000e+00 3.768036e-04
5.990000e+00 3.728933e-04
6.000000e+00 3.704528e-04
6.010000e+00 3.695485e-04
6.020000e+00 3.702432e-04
6.030000e+00 3.725960e-04
6.040000e+00 3.766603e-04
6.050000e+00 3.824837e-04
6.060000e+00 3.901066e-04
6.070000e+00 3.995614e-04
6.080000e+00 4.108715e-04
6.090000e+00 4.240506e-04
6.100000e+00 4.391017e-04
6.110000e+00 4.560168e-04
6.120000e+00 4.747758e-04
6.130000e+00 4.953463e-04
6.140000e+00 5.176835e-04
6.150000e+00 5.417294e-04
6.160000e+00 5.674131e-04
6.170000e+00 5.946507e-04
6.180000e+00 6.233457e-04
6.190000e+00 6.533891e-04
6.200000e+00 6.846600e-04
6.210000e+00 7.170262e-04
6.220000e+00 7.503450e-04
6.230000e+00 7.844641e-04
6.240000e+00 8.192227e-04
6.250000e+00 8.544525e-04
6.260000e+00 8.899789e-04
6.270000e+00 9.256225e-04
6.280000e+00 9.612000e-04
6.290000e+00 9.965263e-04
6.300000e+00 1.031415e-03
6.310000e+00 1.065682e-03
6.320000e+00 1.099143e-03
6.330000e+00 1.131619e-03
6.340000e+00 1.162936e-03
6.350000e+00 1.192924e-03
6.360000e+00 1.221424e-03
6.370000e+00 1.248284e-03
6.380000e+00 1.273361e-03
6.390000e+00 1.296523e-03
6.400000e+00 1.317652e-03
6.410000e+00 1.336638e-03
6.420000e+00 1.353387e-03
6.430000e+00 1.367818e-03
6.440000e+00 1.379861e-03
6.450000e+00 1.389462e-03
6.460000e+00 1.396580e-03
6.470000e+00 1.401188e-03
6.480000e+00 1.403269e-03
6.490000e+00 1.402822e-03
6.500000e+00 1.399858e-03
6.510000e+00 1.394398e-03
6.520000e+00 1.386474e-03
6.530000e+00 1.376128e-03
6.540000e+00 1.363412e-03
6.550000e+00 1.348385e-03
6.560000e+00 1.331114e-03
6.570000e+00 1.311672e-03
6.580000e+00 1.290136e-03
6.590000e+00 1.266588e-03
6.600000e+00 1.241113e-03
6.610000e+00 1.213797e-03
6.620000e+00 1.184730e-03
6.630000e+00 1.154000e-03
6.640000e+00 1.121696e-03
6.650000e+00 1.087903e-03
6.660000e+00 1.052707e-03
6.670000e+00 1.016192e-03
6.680000e+00 9.784375e-04
6.690000e+00 9.395203e-04
6.700000e+00 8.995145e-04
6.710000e+00 8.584902e-04
6.720000e+00 8.165141e-04
6.730000e+00 7.736496e-04
6.740000e+00 7.299566e-04
6.750000e+00 6.854919e-04
6.760000e+00 6.403095e-04
6.770000e+00 5.944611e-04
6.780000e+00 5.479963e-04
6.790000e+00 5.009632e-04
6.800000e+00 4.534091e-04
6.810000e+00 4.053807e-04
6.820000e+00 3.569250e-04
6.830000e+00 3.080897e-04
6.840000e+00 2.589238e-04
6.850000e+00 2.094782e-04
6.860000e+00 1.598062e-04
6.870000e+00 1.099641e-04
6.880000e+00 6.001150e-05
6.890000e+00 1.001175e-05
6.900000e+00 -3.996766e-05
6.910000e+00 -8.985489e-05
6.920000e+00 -1.395735e-04
6.930000e+00 -1.890425e-04
6.940000e+00 -2.381759e-04
6.950000e+00 -2.868835e-04
6.960000e+00 -3.350700e-04
6.970000e+00 -3.826364e-04
6.980000e+00 -4.294792e-04
6.990000e+00 -4.754914e-04
7.000000e+00 -5.205630e-04
7.010000e+00 -5.645810e-04
7.020000e+00 -6.074306e-04
7.030000e+00 -6.489954e-04
7.040000e+00 -6.891583e-04
7.050000e+00 -7.278021e-04
7.060000e+00 -7.648104e-04
7.070000e+00 -8.000685e-04
7.080000e+00 -8.334638e-04
7.090000e+00 -8.648870e-04
7.100000e+00 -8.942328e-04
7.110000e+00 -9.214008e-04
7.120000e+00 -9.462961e-04
7.130000e+00 -9.688303e-04
7.140000e+00 -9.889220e-04
7.150000e+00 -1.006498e-03
7.160000e+00 -1.021493e-03
7.170000e+00 -1.033852e-03
7.180000e+00 -1.043528e-03
7.190000e+00 -1.050486e-03
7.200000e+00 -1.054701e-03
7.210000e+00 -1.056157e-03
7.220000e+00 -1.054854e-03
7.230000e+00 -1.050800e-03
7.240000e+00 -1.044014e-03
7.250000e+00 -1.034531e-03
7.260000e+00 -1.022394e-03
7.270000e+00 -1.007660e-03
7.280000e+00 -9.903966e-04
7.290000e+00 -9.706841e-04
7.300000e+00 -9.486135e-04
7.310000e+00 -9.242867e-04
7.320000e+00 -8.978165e-04
7.330000e+00 -8.693259e-04
7.340000e+00 -8.389474e-04
7.350000e+00 -8.068227e-04
7.360000e+00 -7.731018e-04
7.370000e+00 -7.379424e-04
7.380000e+00 -7.015093e-04
7.390000e+00 -6.639734e-04
7.400000e+00 -6.255108e-04
7.410000e+00 -5.863019e-04
7.420000e+00 -5.465306e-04
7.430000e+00 -5.063832e-04
7.440000e+00 -4.660472e-04
7.450000e+00 -4.257103e-04
7.460000e+00 -3.855597e-04
7.470000e+00 -3.457803e-04
7.480000e+00 -3.065541e-04
7.490000e+00 -2.680586e-04
7.500000e+00 -2.304662e-04
7.510000e+00 -1.939427e-04
7.520000e+00 -1.586461e-04
7.530000e+00 -1.247261e-04
7.540000e+00 -9.232237e-05
7.550000e+00 -6.156390e-05
7.560000e+00 -3.256812e-05
7.570000e+00 -5.439957e-06
7.580000e+00 1.972890e-05
7.590000e+00 4.286070e-05
7.600000e+00 6.389215e-05
7.610000e+00 8.277490e-05
7.620000e+00 9.947586e-05
7.630000e+00 1.139774e-04
7.640000e+00 1.262774e-04
7.650000e+00 1.363892e-04
7.660000e+00 1.443413e-04
7.670000e+00 1.501771e-04
7.680000e+00 1.539543e-04
7.690000e+00 1.557444e-04
7.700000e+00 1.556315e-04
7.710000e+00 1.537119e-04
7.720000e+00 1.500925e-04
7.730000e+00 1.448903e-04
7.740000e+00 1.382302e-04
7.750000e+00 1.302446e-04
7.760000e+00 1.210713e-04
7.770000e+00 1.108523e-04
7.780000e+00 9.973231e-05
7.790000e+00 8.785686e-05
7.800000e+00 7.537117e-05
7.810000e+00 6.241843e-05
7.820000e+00 4.913837e-05
7.830000e+00 3.566582e-05
7.840000e+00 2.212942e-05
7.850000e+00 8.650408e-06
7.860000e+00 -4.658517e-06
7.870000e+00 -1.769413e-05
7.880000e+00 -3.036349e-05
7.890000e+00 -4.258462e-05
7.900000e+00 -5.428696e-05
7.910000e+00 -6.541170e-05
7.920000e+00 -7.591186e-05
7.930000e+00 -8.575231e-05
7.940000e+00 -9.490946e-05
7.950000e+00 -1.033709e-04
7.960000e+00 -1.111349e-04
7.970000e+00 -1.182094e-04
7.980000e+00 -1.246117e-04
7.990000e+00 -1.303669e-04
8.000000e+00 -1.355071e-04
8.010000e+00 -1.400702e-04
8.020000e+00 -1.440988e-04
8.030000e+00 -1.476386e-04
8.040000e+00 -1.507373e-04
8.050000e+00 -1.534435e-04
8.060000e+00 -1.558050e-04
8.070000e+00 -1.578681e-04
8.080000e+00 -1.596760e-04
8.090000e+00 -1.612681e-04
8.100000e+00 -1.626788e-04
8.110000e+00 -1.639369e-04
8.120000e+00 -1.650648e-04
8.130000e+00 -1.660780e-04
8.140000e+00 -1.669849e-04
8.150000e+00 -1.677863e-04
8.160000e+00 -1.684753e-04
8.170000e+00 -1.690378e-04
8.180000e+00 -1.694525e-04
8.190000e+00 -1.696913e-04
8.200000e+00 -1.697199e-04
8.210000e+00 -1.694984e-04
8.220000e+00 -1.689819e-04
8.230000e+00 -1.681219e-04
8.240000e+00 -1.668666e-04
8.250000e+00 -1.651622e-04
8.260000e+00 -1.629537e-04
8.270000e+00 -1.601863e-04
8.280000e+00 -1.568059e-04
8.290000e+00 -1.527604e-04
8.300000e+00 -1.480005e-04
8.310000e+00 -1.424806e-04
8.320000e+00 -1.361596e-04
8.330000e+00 -1.290015e-04
8.340000e+00 -1.209758e-04
8.350000e+00 -1.120585e-04
8.360000e+00 -1.022318e-04
8.370000e+00 -9.148496e-05
8.380000e+00 -7.981371e-05
8.390000e+00 -6.722078e-05
8.400000e+00 -5.371551e-05
8.410000e+00 -3.931364e-05
8.420000e+00 -2.403701e-05
8.430000e+00 -7.913088e-06
8.440000e+00 9.025489e-06
8.450000e+00 2.674150e-05
8.460000e+00 4.519373e-05
8.470000e+00 6.433756e-05
8.480000e+00 8.412567e-05
8.490000e+00 1.045086e-04
8.500000e+00 1.254353e-04
8.510000e+00 1.468540e-04
8.520000e+00 1.687123e-04
8.530000e+00 1.909579e-04
8.540000e+00 2.135390e-04
8.550000e+00 2.364046e-04
8.560000e+00 2.595045e-04
8.570000e+00 2.827900e-04
8.580000e+00 3.062135e-04
8.590000e+00 3.297285e-04
8.600000e+00 3.532900e-04
8.610000e+00 3.768539e-04
8.620000e+00 4.003768e-04
8.630000e+00 4.238163e-04
8.640000e+00 4.471298e-04
8.650000e+00 4.702751e-04
8.660000e+00 4.932095e-04
8.670000e+00 5.158896e-04
8.680000e+00 5.382712e-04
8.690000e+00 5.603086e-04
8.700000e+00 5.819550e-04
8.710000e+00 6.031614e-04
8.720000e+00 6.238774e-04
8.730000e+00 6.440504e-04
8.740000e+00 6.636263e-04
8.750000e+00 6.825489e-04
8.760000e+00 7.007604e-04
8.770000e+00 7.182020e-04
8.780000e+00 7.348135e-04
8.790000e+00 7.505343e-04
8.800000e+00 7.653038e-04
8.810000e+00 7.790617e-04
8.820000e+00 7.917487e-04
8.830000e+00 8.033073e-04
8.840000e+00 8.136825e-04
8.850000e+00 8.228220e-04
8.860000e+00 8.306775e-04
8.870000e+00 8.372049e-04
8.880000e+00 8.423654e-04
8.890000e+00 8.461255e-04
8.900000e+00 8.484582e-04
8.910000e+00 8.493428e-04
8.920000e+00 8.487659e-04
8.930000e+00 8.467213e-04
8.940000e+00 8.432105e-04
8.950000e+00 8.382426e-04
8.960000e+00 8.318343e-04
8.970000e+00 8.240102e-04
8.980000e+00 8.148021e-04
8.990000e+00 8.042490e-04
9.000000e+00 7.923967e-04
9.010000e+00 7.792971e-04
9.020000e+00 7.650083e-04
9.030000e+00 7.495932e-04
9.040000e+00 7.331194e-04
9.050000e+00 7.156582e-04
9.060000e+00 6.972841e-04
9.070000e+00 6.780740e-04
9.080000e+00 6.581063e-04
9.090000e+00 6.374606e-04
9.100000e+00 6.162164e-04
9.110000e+00 5.944531e-04
9.120000e+00 5.722487e-04
9.130000e+00 5.496799e-04
9.140000e+00 5.268212e-04
9.150000e+00 5.037448e-04
9.160000e+00 4.805197e-04
9.170000e+00 4.572121e-04
9.180000e+00 4.338849e-04
9.190000e+00 4.105974e-04
9.200000e+00 3.874056e-04
9.210000e+00 3.643619e-04
9.220000e+00 3.415154e-04
9.230000e+00 3.189119e-04
9.240000e+00 2.965943e-04
9.250000e+00 2.746022e-04
9.260000e+00 2.529729e-04
9.270000e+00 2.317410e-04
9.280000e+00 2.109389e-04
9.290000e+00 1.905972e-04
9.300000e+00 1.707444e-04
9.310000e+00 1.514075e-04
9.320000e+00 1.326120e-04
9.330000e+00 1.143822e-04
9.340000e+00 9.674077e-05
9.350000e+00 7.970937e-05
9.360000e+00 6.330822e-05
9.370000e+00 4.755621e-05
9.380000e+00 3.247071e-05
9.390000e+00 1.806746e-05
9.400000e+00 4.360333e-06
9.410000e+00 -8.638822e-06
9.420000e+00 -2.092048e-05
9.430000e+00 -3.247767e-05
9.440000e+00 -4.330624e-05
9.450000e+00 -5.340513e-05
9.460000e+00 -6.277660e-05
9.470000e+00 -7.142645e-05
9.480000e+00 -7.936425e-05
9.490000e+00 -8.660344e-05
9.500000e+00 -9.316149e-05
9.510000e+00 -9.905992e-05
9.520000e+00 -1.043243e-04
9.530000e+00 -1.089842e-04
9.540000e+00 -1.130731e-04
9.550000e+00 -1.166279e-04
9.560000e+00 -1.196893e-04
9.570000e+00 -1.223008e-04
9.580000e+00 -1.245085e-04
9.590000e+00 -1.263609e-04
9.600000e+00 -1.279082e-04
9.610000e+00 -1.292018e-04
9.620000e+00 -1.302937e-04
9.630000e+00 -1.312360e-04
9.640000e+00 -1.320802e-04
9.650000e+00 -1.328764e-04
9.660000e+00 -1.336731e-04
9.670000e+00 -1.345165e-04
9.680000e+00 -1.354494e-04
9.690000e+00 -1.365115e-04
9.700000e+00 -1.377382e-04
9.710000e+00 -1.391605e-04
9.720000e+00 -1.408045e-04
9.730000e+00 -1.426910e-04
9.740000e+00 -1.448355e-04
9.750000e+00 -1.472476e-04
9.760000e+00 -1.499313e-04
9.770000e+00 -1.528845e-04
9.780000e+00 -1.560996e-04
9.790000e+00 -1.595628e-04
9.800000e+00 -1.632550e-04
9.810000e+00 -1.671515e-04
9.820000e+00 -1.712228e-04
9.830000e+00 -1.754341e-04
9.840000e+00 -1.797467e-04
9.850000e+00 -1.841175e-04
9.860000e+00 -1.884999e-04
9.870000e+00 -1.928444e-04
9.880000e+00 -1.970985e-04
9.890000e+00 -2.012080e-04
9.900000e+00 -2.051167e-04
9.910000e+00 -2.087676e-04
9.920000e+00 -2.121028e-04
9.930000e+00 -2.150645e-04
9.940000e+00 -2.175952e-04
9.950000e+00 -2.196381e-04
9.960000e+00 -2.211376e-04
9.970000e+00 -2.220399e-04
9.980000e+00 -2.222932e-04
9.990000e+00 -2.218479e-04
1.000000e+01 -2.206572e-04
