# sigma2_v 5.117027096690046e+00
0.000000e+00 1.000000e+00
1.000000e-02 9.997442e-01
2.000000e-02 9.989771e-01
3.000000e-02 9.977000e-01
4.000000e-02 9.959148e-01
5.000000e-02 9.936243e-01
6.000000e-02 9.908320e-01
7.000000e-02 9.875423e-01
8.000000e-02 9.837601e-01
9.000000e-02 9.794913e-01
1.000000e-01 9.747423e-01
1.100000e-01 9.695205e-01
1.200000e-01 9.638337e-01
1.300000e-01 9.576905e-01
1.400000e-01 9.511002e-01
1.500000e-01 9.440725e-01
1.600000e-01 9.366180e-01
1.700000e-01 9.287475e-01
1.800000e-01 9.204728e-01
1.900000e-01 9.118057e-01
2.000000e-01 9.027589e-01
2.100000e-01 8.933453e-01
2.200000e-01 8.835784e-01
2.300000e-01 8.734718e-01
2.400000e-01 8.630397e-01
2.500000e-01 8.522965e-01
2.600000e-01 8.412570e-01
2.700000e-01 8.299361e-01
2.800000e-01 8.183489e-01
2.900000e-01 8.065109e-01
3.000000e-01 7.944375e-01
3.100000e-01 7.821442e-01
3.200000e-01 7.696468e-01
3.300000e-01 7.569610e-01
3.400000e-01 7.441025e-01
3.500000e-01 7.310870e-01
3.600000e-01 7.179300e-01
3.700000e-01 7.046473e-01
3.800000e-01 6.912542e-01
3.900000e-01 6.777659e-01
4.000000e-01 6.641977e-01
4.100000e-01 6.505645e-01
4.200000e-01 6.368810e-01
4.300000e-01 6.231616e-01
4.400000e-01 6.094205e-01
4.500000e-01 5.956717e-01
4.600000e-01 5.819287e-01
4.700000e-01 5.682048e-01
4.800000e-01 5.545129e-01
4.900000e-01 5.408656e-01
5.000000e-01 5.272751e-01
5.100000e-01 5.137531e-01
5.200000e-01 5.003111e-01
5.300000e-01 4.869600e-01
5.400000e-01 4.737105e-01
5.500000e-01 4.605725e-01
5.600000e-01 4.475559e-01
5.700000e-01 4.346699e-01
5.800000e-01 4.219232e-01
5.900000e-01 4.093243e-01
6.000000e-01 3.968810e-01
6.100000e-01 3.846009e-01
6.200000e-01 3.724909e-01
6.300000e-01 3.605575e-01
6.400000e-01 3.488070e-01
6.500000e-01 3.372450e-01
6.600000e-01 3.258767e-01
6.700000e-01 3.147069e-01
6.800000e-01 3.037400e-01
6.900000e-01 2.929799e-01
7.000000e-01 2.824303e-01
7.100000e-01 2.720942e-01
7.200000e-01 2.619743e-01
7.300000e-01 2.520731e-01
7.400000e-01 2.423925e-01
7.500000e-01 2.329342e-01
7.600000e-01 2.236993e-01
7.700000e-01 2.146888e-01
7.800000e-01 2.059033e-01
7.900000e-01 1.973430e-01
8.000000e-01 1.890080e-01
8.100000e-01 1.808977e-01
8.200000e-01 1.730116e-01
8.300000e-01 1.653488e-01
8.400000e-01 1.579081e-01
8.500000e-01 1.506881e-01
8.600000e-01 1.436871e-01
8.700000e-01 1.369032e-01
8.800000e-01 1.303343e-01
8.900000e-01 1.239782e-01
9.000000e-01 1.178323e-01
9.100000e-01 1.118941e-01
9.200000e-01 1.061605e-01
9.300000e-01 1.006288e-01
9.400000e-01 9.529566e-02
9.500000e-01 9.015796e-02
9.600000e-01 8.521228e-02
9.700000e-01 8.045513e-02
9.800000e-01 7.588295e-02
9.900000e-01 7.149204e-02
1.000000e+00 6.727867e-02
1.010000e+00 6.323901e-02
1.020000e+00 5.936918e-02
1.030000e+00 5.566525e-02
1.040000e+00 5.212323e-02
1.050000e+00 4.873911e-02
1.060000e+00 4.550885e-02
1.070000e+00 4.242840e-02
1.080000e+00 3.949367e-02
1.090000e+00 3.670058e-02
1.100000e+00 3.404507e-02
1.110000e+00 3.152304e-02
1.120000e+00 2.913044e-02
1.130000e+00 2.686324e-02
1.140000e+00 2.471740e-02
1.150000e+00 2.268894e-02
1.160000e+00 2.077389e-02
1.170000e+00 1.896835e-02
1.180000e+00 1.726843e-02
1.190000e+00 1.567029e-02
1.200000e+00 1.417015e-02
1.210000e+00 1.276429e-02
1.220000e+00 1.144901e-02
1.230000e+00 1.022071e-02
1.240000e+00 9.075820e-03
1.250000e+00 8.010855e-03
1.260000e+00 7.022382e-03
1.270000e+00 6.107041e-03
1.280000e+00 5.261541e-03
1.290000e+00 4.482662e-03
1.300000e+00 3.767255e-03
1.310000e+00 3.112247e-03
1.320000e+00 2.514639e-03
1.330000e+00 1.971510e-03
1.340000e+00 1.480012e-03
1.350000e+00 1.037378e-03
1.360000e+00 6.409180e-04
1.370000e+00 2.880207e-04
1.380000e+00 -2.384612e-05
1.390000e+00 -2.971358e-04
1.400000e+00 -5.342223e-04
1.410000e+00 -7.374004e-04
1.420000e+00 -9.088858e-04
1.430000e+00 -1.050815e-03
1.440000e+00 -1.165247e-03
1.450000e+00 -1.254162e-03
1.460000e+00 -1.319463e-03
1.470000e+00 -1.362975e-03
1.480000e+00 -1.386448e-03
1.490000e+00 -1.391557e-03
1.500000e+00 -1.379902e-03
1.510000e+00 -1.353008e-03
1.520000e+00 -1.312329e-03
1.530000e+00 -1.259249e-03
1.540000e+00 -1.195079e-03
1.550000e+00 -1.121064e-03
1.560000e+00 -1.038378e-03
1.570000e+00 -9.481327e-04
1.580000e+00 -8.513727e-04
1.590000e+00 -7.490807e-04
1.600000e+00 -6.421778e-04
1.610000e+00 -5.315252e-04
1.620000e+00 -4.179265e-04
1.630000e+00 -3.021287e-04
1.640000e+00 -1.848248e-04
1.650000e+00 -6.665510e-05
1.660000e+00 5.179058e-05
1.670000e+00 1.699711e-04
1.680000e+00 2.873919e-04
1.690000e+00 4.036033e-04
1.700000e+00 5.181980e-04
1.710000e+00 6.308096e-04
1.720000e+00 7.411100e-04
1.730000e+00 8.488080e-04
1.740000e+00 9.536468e-04
1.750000e+00 1.055402e-03
1.760000e+00 1.153881e-03
1.770000e+00 1.248917e-03
1.780000e+00 1.340373e-03
1.790000e+00 1.428135e-03
1.800000e+00 1.512112e-03
1.810000e+00 1.592235e-03
1.820000e+00 1.668453e-03
1.830000e+00 1.740734e-03
1.840000e+00 1.809061e-03
1.850000e+00 1.873432e-03
1.860000e+00 1.933858e-03
1.870000e+00 1.990361e-03
1.880000e+00 2.042973e-03
1.890000e+00 2.091737e-03
1.900000e+00 2.136700e-03
1.910000e+00 2.177920e-03
1.920000e+00 2.215457e-03
1.930000e+00 2.249377e-03
1.940000e+00 2.279752e-03
1.950000e+00 2.306655e-03
1.960000e+00 2.330161e-03
1.970000e+00 2.350349e-03
1.980000e+00 2.367298e-03
1.990000e+00 2.381090e-03
2.000000e+00 2.391806e-03
2.010000e+00 2.399528e-03
2.020000e+00 2.404340e-03
2.030000e+00 2.406325e-03
2.040000e+00 2.405567e-03
2.050000e+00 2.402150e-03
2.060000e+00 2.396160e-03
2.070000e+00 2.387681e-03
2.080000e+00 2.376802e-03
2.090000e+00 2.363608e-03
2.100000e+00 2.348190e-03
2.110000e+00 2.330638e-03
2.120000e+00 2.311045e-03
2.130000e+00 2.289506e-03
2.140000e+00 2.266118e-03
2.150000e+00 2.240981e-03
2.160000e+00 2.214200e-03
2.170000e+00 2.185880e-03
2.180000e+00 2.156133e-03
2.190000e+00 2.125071e-03
2.200000e+00 2.092814e-03
2.210000e+00 2.059483e-03
2.220000e+00 2.025205e-03
2.230000e+00 1.990110e-03
2.240000e+00 1.954332e-03
2.250000e+00 1.918011e-03
2.260000e+00 1.881290e-03
2.270000e+00 1.844314e-03
2.280000e+00 1.807235e-03
2.290000e+00 1.770205e-03
2.300000e+00 1.733381e-03
2.310000e+00 1.696922e-03
2.320000e+00 1.660989e-03
2.330000e+00 1.625743e-03
2.340000e+00 1.591348e-03
2.350000e+00 1.557969e-03
2.360000e+00 1.525767e-03
2.370000e+00 1.494906e-03
2.380000e+00 1.465545e-03
2.390000e+00 1.437844e-03
2.400000e+00 1.411957e-03
2.410000e+00 1.388034e-03
2.420000e+00 1.366223e-03
2.430000e+00 1.346663e-03
2.440000e+00 1.329488e-03
2.450000e+00 1.314827e-03
2.460000e+00 1.302799e-03
2.470000e+00 1.293514e-03
2.480000e+00 1.287075e-03
2.490000e+00 1.283574e-03
2.500000e+00 1.283093e-03
2.510000e+00 1.285703e-03
2.520000e+00 1.291464e-03
2.530000e+00 1.300425e-03
2.540000e+00 1.312622e-03
2.550000e+00 1.328080e-03
2.560000e+00 1.346810e-03
2.570000e+00 1.368812e-03
2.580000e+00 1.394073e-03
2.590000e+00 1.422569e-03
2.600000e+00 1.454261e-03
2.610000e+00 1.489101e-03
2.620000e+00 1.527027e-03
2.630000e+00 1.567967e-03
2.640000e+00 1.611838e-03
2.650000e+00 1.658546e-03
2.660000e+00 1.707989e-03
2.670000e+00 1.760053e-03
2.680000e+00 1.814618e-03
2.690000e+00 1.871555e-03
2.700000e+00 1.930730e-03
2.710000e+00 1.991999e-03
2.720000e+00 2.055218e-03
2.730000e+00 2.120234e-03
2.740000e+00 2.186894e-03
2.750000e+00 2.255039e-03
2.760000e+00 2.324511e-03
2.770000e+00 2.395150e-03
2.780000e+00 2.466797e-03
2.790000e+00 2.539292e-03
2.800000e+00 2.612479e-03
2.810000e+00 2.686203e-03
2.820000e+00 2.760311e-03
2.830000e+00 2.834658e-03
2.840000e+00 2.909098e-03
2.850000e+00 2.983495e-03
2.860000e+00 3.057717e-03
2.870000e+00 3.131636e-03
2.880000e+00 3.205134e-03
2.890000e+00 3.278097e-03
2.900000e+00 3.350420e-03
2.910000e+00 3.422005e-03
2.920000e+00 3.492760e-03
2.930000e+00 3.562603e-03
2.940000e+00 3.631458e-03
2.950000e+00 3.699257e-03
2.960000e+00 3.765939e-03
2.970000e+00 3.831451e-03
2.980000e+00 3.895746e-03
2.990000e+00 3.958785e-03
3.000000e+00 4.020535e-03
3.010000e+00 4.080968e-03
3.020000e+00 4.140063e-03
3.030000e+00 4.197805e-03
3.040000e+00 4.254183e-03
3.050000e+00 4.309188e-03
3.060000e+00 4.362820e-03
3.070000e+00 4.415078e-03
3.080000e+00 4.465966e-03
3.090000e+00 4.515490e-03
3.100000e+00 4.563659e-03
3.110000e+00 4.610482e-03
3.120000e+00 4.655970e-03
3.130000e+00 4.700134e-03
3.140000e+00 4.742987e-03
3.150000e+00 4.784539e-03
3.160000e+00 4.824802e-03
3.170000e+00 4.863786e-03
3.180000e+00 4.901500e-03
3.190000e+00 4.937951e-03
3.200000e+00 4.973145e-03
3.210000e+00 5.007087e-03
3.220000e+00 5.039778e-03
3.230000e+00 5.071219e-03
3.240000e+00 5.101406e-03
3.250000e+00 5.130336e-03
3.260000e+00 5.158000e-03
3.270000e+00 5.184390e-03
3.280000e+00 5.209494e-03
3.290000e+00 5.233297e-03
3.300000e+00 5.255784e-03
3.310000e+00 5.276935e-03
3.320000e+00 5.296731e-03
3.330000e+00 5.315149e-03
3.340000e+00 5.332164e-03
3.350000e+00 5.347752e-03
3.360000e+00 5.361885e-03
3.370000e+00 5.374536e-03
3.380000e+00 5.385674e-03
3.390000e+00 5.395271e-03
3.400000e+00 5.403295e-03
3.410000e+00 5.409716e-03
3.420000e+00 5.414503e-03
3.430000e+00 5.417624e-03
3.440000e+00 5.419050e-03
3.450000e+00 5.418750e-03
3.460000e+00 5.416693e-03
3.470000e+00 5.412852e-03
3.480000e+00 5.407198e-03
3.490000e+00 5.399705e-03
3.500000e+00 5.390348e-03
3.510000e+00 5.379102e-03
3.520000e+00 5.365947e-03
3.530000e+00 5.350862e-03
3.540000e+00 5.333828e-03
3.550000e+00 5.314830e-03
3.560000e+00 5.293854e-03
3.570000e+00 5.270888e-03
3.580000e+00 5.245924e-03
3.590000e+00 5.218956e-03
3.600000e+00 5.189979e-03
3.610000e+00 5.158994e-03
3.620000e+00 5.126002e-03
3.630000e+00 5.091007e-03
3.640000e+00 5.054019e-03
3.650000e+00 5.015048e-03
3.660000e+00 4.974107e-03
3.670000e+00 4.931215e-03
3.680000e+00 4.886392e-03
3.690000e+00 4.839660e-03
3.700000e+00 4.791047e-03
3.710000e+00 4.740581e-03
3.720000e+00 4.688296e-03
3.730000e+00 4.634227e-03
3.740000e+00 4.578413e-03
3.750000e+00 4.520895e-03
3.760000e+00 4.461717e-03
3.770000e+00 4.400926e-03
3.780000e+00 4.338571e-03
3.790000e+00 4.274705e-03
3.800000e+00 4.209380e-03
3.810000e+00 4.142653e-03
3.820000e+00 4.074582e-03
3.830000e+00 4.005226e-03
3.840000e+00 3.934647e-03
3.850000e+00 3.862906e-03
3.860000e+00 3.790069e-03
3.870000e+00 3.716197e-03
3.880000e+00 3.641358e-03
3.890000e+00 3.565615e-03
3.900000e+00 3.489035e-03
3.910000e+00 3.411684e-03
3.920000e+00 3.333625e-03
3.930000e+00 3.254924e-03
3.940000e+00 3.175646e-03
3.950000e+00 3.095852e-03
3.960000e+00 3.015606e-03
3.970000e+00 2.934968e-03
3.980000e+00 2.853997e-03
3.990000e+00 2.772751e-03
4.000000e+00 2.691287e-03
4.010000e+00 2.609658e-03
4.020000e+00 2.527918e-03
4.030000e+00 2.446118e-03
4.040000e+00 2.364306e-03
4.050000e+00 2.282529e-03
4.060000e+00 2.200833e-03
4.070000e+00 2.119262e-03
4.080000e+00 2.037855e-03
4.090000e+00 1.956655e-03
4.100000e+00 1.875699e-03
4.110000e+00 1.795025e-03
4.120000e+00 1.714669e-03
4.130000e+00 1.634665e-03
4.140000e+00 1.555048e-03
4.150000e+00 1.475852e-03
4.160000e+00 1.397108e-03
4.170000e+00 1.318851e-03
4.180000e+00 1.241113e-03
4.190000e+00 1.163926e-03
4.200000e+00 1.087324e-03
4.210000e+00 1.011341e-03
4.220000e+00 9.360105e-04
4.230000e+00 8.613689e-04
4.240000e+00 7.874524e-04
4.250000e+00 7.142986e-04
4.260000e+00 6.419463e-04
4.270000e+00 5.704357e-04
4.280000e+00 4.998086e-04
4.290000e+00 4.301080e-04
4.300000e+00 3.613782e-04
4.310000e+00 2.936651e-04
4.320000e+00 2.270158e-04
4.330000e+00 1.614786e-04
4.340000e+00 9.710264e-05
4.350000e+00 3.393825e-05
4.360000e+00 -2.796380e-05
4.370000e+00 -8.855223e-05
4.380000e+00 -1.477756e-04
4.390000e+00 -2.055825e-04
4.400000e+00 -2.619221e-04
4.410000e+00 -3.167441e-04
4.420000e+00 -3.699993e-04
4.430000e+00 -4.216399e-04
4.440000e+00 -4.716200e-04
4.450000e+00 -5.198956e-04
4.460000e+00 -5.664254e-04
4.470000e+00 -6.111707e-04
4.480000e+00 -6.540961e-04
4.490000e+00 -6.951698e-04
4.500000e+00 -7.343636e-04
4.510000e+00 -7.716536e-04
4.520000e+00 -8.070202e-04
4.530000e+00 -8.404485e-04
4.540000e+00 -8.719286e-04
4.550000e+00 -9.014553e-04
4.560000e+00 -9.290289e-04
4.570000e+00 -9.546550e-04
4.580000e+00 -9.783443e-04
4.590000e+00 -1.000113e-03
4.600000e+00 -1.019983e-03
4.610000e+00 -1.037982e-03
4.620000e+00 -1.054141e-03
4.630000e+00 -1.068499e-03
4.640000e+00 -1.081097e-03
4.650000e+00 -1.091984e-03
4.660000e+00 -1.101210e-03
4.670000e+00 -1.108832e-03
4.680000e+00 -1.114911e-03
4.690000e+00 -1.119509e-03
4.700000e+00 -1.122693e-03
4.710000e+00 -1.124535e-03
4.720000e+00 -1.125106e-03
4.730000e+00 -1.124481e-03
4.740000e+00 -1.122736e-03
4.750000e+00 -1.119949e-03
4.760000e+00 -1.116200e-03
4.770000e+00 -1.111566e-03
4.780000e+00 -1.106129e-03
4.790000e+00 -1.099966e-03
4.800000e+00 -1.093156e-03
4.810000e+00 -1.085778e-03
4.820000e+00 -1.077906e-03
4.830000e+00 -1.069617e-03
4.840000e+00 -1.060982e-03
4.850000e+00 -1.052072e-03
4.860000e+00 -1.042956e-03
4.870000e+00 -1.033700e-03
4.880000e+00 -1.024365e-03
4.890000e+00 -1.015012e-03
4.900000e+00 -1.005699e-03
4.910000e+00 -9.964791e-04
4.920000e+00 -9.874032e-04
4.930000e+00 -9.785191e-04
4.940000e+00 -9.698715e-04
4.950000e+00 -9.615019e-04
4.960000e+00 -9.534489e-04
4.970000e+00 -9.457480e-04
4.980000e+00 -9.384318e-04
4.990000e+00 -9.315303e-04
5.000000e+00 -9.250707e-04
5.010000e+00 -9.190779e-04
5.020000e+00 -9.135743e-04
5.030000e+00 -9.085801e-04
5.040000e+00 -9.041135e-04
5.050000e+00 -9.001905e-04
5.060000e+00 -8.968258e-04
5.070000e+00 -8.940320e-04
5.080000e+00 -8.918204e-04
5.090000e+00 -8.902008e-04
5.100000e+00 -8.891819e-04
5.110000e+00 -8.887709e-04
5.120000e+00 -8.889742e-04
5.130000e+00 -8.897970e-04
5.140000e+00 -8.912435e-04
5.150000e+00 -8.933170e-04
5.160000e+00 -8.960199e-04
5.170000e+00 -8.993536e-04
5.180000e+00 -9.033188e-04
5.190000e+00 -9.079150e-04
5.200000e+00 -9.131411e-04
5.210000e+00 -9.189947e-04
5.220000e+00 -9.254726e-04
5.230000e+00 -9.325705e-04
5.240000e+00 -9.402829e-04
5.250000e+00 -9.486031e-04
5.260000e+00 -9.575233e-04
5.270000e+00 -9.670342e-04
5.280000e+00 -9.771255e-04
5.290000e+00 -9.877851e-04
5.300000e+00 -9.989997e-04
5.310000e+00 -1.010754e-03
5.320000e+00 -1.023033e-03
5.330000e+00 -1.035817e-03
5.340000e+00 -1.049087e-03
5.350000e+00 -1.062822e-03
5.360000e+00 -1.077000e-03
5.370000e+00 -1.091596e-03
5.380000e+00 -1.106585e-03
5.390000e+00 -1.121939e-03
5.400000e+00 -1.137632e-03
5.410000e+00 -1.153631e-03
5.420000e+00 -1.169908e-03
5.430000e+00 -1.186430e-03
5.440000e+00 -1.203165e-03
5.450000e+00 -1.220078e-03
5.460000e+00 -1.237136e-03
5.470000e+00 -1.254303e-03
5.480000e+00 -1.271545e-03
5.490000e+00 -1.288827e-03
5.500000e+00 -1.306112e-03
5.510000e+00 -1.323366e-03
5.520000e+00 -1.340553e-03
5.530000e+00 -1.357639e-03
5.540000e+00 -1.374590e-03
5.550000e+00 -1.391372e-03
5.560000e+00 -1.407953e-03
5.570000e+00 -1.424301e-03
5.580000e+00 -1.440386e-03
5.590000e+00 -1.456179e-03
5.600000e+00 -1.471651e-03
5.610000e+00 -1.486777e-03
5.620000e+00 -1.501532e-03
5.630000e+00 -1.515891e-03
5.640000e+00 -1.529835e-03
5.650000e+00 -1.543342e-03
5.660000e+00 -1.556394e-03
5.670000e+00 -1.568975e-03
5.680000e+00 -1.581071e-03
5.690000e+00 -1.592667e-03
5.700000e+00 -1.603753e-03
5.710000e+00 -1.614319e-03
5.720000e+00 -1.624357e-03
5.730000e+00 -1.633861e-03
5.740000e+00 -1.642827e-03
5.750000e+00 -1.651252e-03
5.760000e+00 -1.659133e-03
5.770000e+00 -1.666471e-03
5.780000e+00 -1.673268e-03
5.790000e+00 -1.679526e-03
5.800000e+00 -1.685249e-03
5.810000e+00 -1.690443e-03
5.820000e+00 -1.695115e-03
5.830000e+00 -1.699272e-03
5.840000e+00 -1.702923e-03
5.850000e+00 -1.706080e-03
5.860000e+00 -1.708752e-03
5.870000e+00 -1.710953e-03
5.880000e+00 -1.712697e-03
5.890000e+00 -1.713996e-03
5.900000e+00 -1.714869e-03
5.910000e+00 -1.715330e-03
5.920000e+00 -1.715397e-03
5.930000e+00 -1.715091e-03
5.940000e+00 -1.714430e-03
5.950000e+00 -1.713435e-03
5.960000e+00 -1.712129e-03
5.970000e+00 -1.710535e-03
5.980000e+00 -1.708677e-03
5.990000e+00 -1.706581e-03
6.000000e+00 -1.704273e-03
6.010000e+00 -1.701781e-03
6.020000e+00 -1.699135e-03
6.030000e+00 -1.696364e-03
6.040000e+00 -1.693499e-03
6.050000e+00 -1.690573e-03
6.060000e+00 -1.687619e-03
6.070000e+00 -1.684673e-03
6.080000e+00 -1.681768e-03
6.090000e+00 -1.678943e-03
6.100000e+00 -1.676234e-03
6.110000e+00 -1.673680e-03
6.120000e+00 -1.671320e-03
6.130000e+00 -1.669193e-03
6.140000e+00 -1.667340e-03
6.150000e+00 -1.665801e-03
6.160000e+00 -1.664617e-03
6.170000e+00 -1.663829e-03
6.180000e+00 -1.663478e-03
6.190000e+00 -1.663606e-03
6.200000e+00 -1.664253e-03
6.210000e+00 -1.665459e-03
6.220000e+00 -1.667263e-03
6.230000e+00 -1.669706e-03
6.240000e+00 -1.672824e-03
6.250000e+00 -1.676654e-03
6.260000e+00 -1.681232e-03
6.270000e+00 -1.686591e-03
6.280000e+00 -1.692763e-03
6.290000e+00 -1.699779e-03
6.300000e+00 -1.707666e-03
6.310000e+00 -1.716451e-03
6.320000e+00 -1.726157e-03
6.330000e+00 -1.736805e-03
6.340000e+00 -1.748413e-03
6.350000e+00 -1.760997e-03
6.360000e+00 -1.774567e-03
6.370000e+00 -1.789135e-03
6.380000e+00 -1.804706e-03
6.390000e+00 -1.821282e-03
6.400000e+00 -1.838862e-03
6.410000e+00 -1.857444e-03
6.420000e+00 -1.877017e-03
6.430000e+00 -1.897573e-03
6.440000e+00 -1.919095e-03
6.450000e+00 -1.941565e-03
6.460000e+00 -1.964961e-03
6.470000e+00 -1.989258e-03
6.480000e+00 -2.014427e-03
6.490000e+00 -2.040436e-03
6.500000e+00 -2.067247e-03
6.510000e+00 -2.094824e-03
6.520000e+00 -2.123124e-03
6.530000e+00 -2.152102e-03
6.540000e+00 -2.181710e-03
6.550000e+00 -2.211898e-03
6.560000e+00 -2.242613e-03
6.570000e+00 -2.273802e-03
6.580000e+00 -2.305406e-03
6.590000e+00 -2.337367e-03
6.600000e+00 -2.369625e-03
6.610000e+00 -2.402119e-03
6.620000e+00 -2.434786e-03
6.630000e+00 -2.467565e-03
6.640000e+00 -2.500390e-03
6.650000e+00 -2.533200e-03
6.660000e+00 -2.565930e-03
6.670000e+00 -2.598518e-03
6.680000e+00 -2.630902e-03
6.690000e+00 -2.663022e-03
6.700000e+00 -2.694818e-03
6.710000e+00 -2.726231e-03
6.720000e+00 -2.757208e-03
6.730000e+00 -2.787693e-03
6.740000e+00 -2.817636e-03
6.750000e+00 -2.846989e-03
6.760000e+00 -2.875706e-03
6.770000e+00 -2.903746e-03
6.780000e+00 -2.931069e-03
6.790000e+00 -2.957640e-03
6.800000e+00 -2.983428e-03
6.810000e+00 -3.008405e-03
6.820000e+00 -3.032548e-03
6.830000e+00 -3.055836e-03
6.840000e+00 -3.078254e-03
6.850000e+00 -3.099789e-03
6.860000e+00 -3.120435e-03
6.870000e+00 -3.140187e-03
6.880000e+00 -3.159046e-03
6.890000e+00 -3.177014e-03
6.900000e+00 -3.194099e-03
6.910000e+00 -3.210313e-03
6.920000e+00 -3.225668e-03
6.930000e+00 -3.240183e-03
6.940000e+00 -3.253876e-03
6.950000e+00 -3.266770e-03
6.960000e+00 -3.278889e-03
6.970000e+00 -3.290260e-03
6.980000e+00 -3.300910e-03
6.990000e+00 -3.310867e-03
7.000000e+00 -3.320163e-03
7.010000e+00 -3.328827e-03
7.020000e+00 -3.336888e-03
7.030000e+00 -3.344379e-03
7.040000e+00 -3.351327e-03
7.050000e+00 -3.357761e-03
7.060000e+00 -3.363708e-03
7.070000e+00 -3.369194e-03
7.080000e+00 -3.374243e-03
7.090000e+00 -3.378875e-03
7.100000e+00 -3.383109e-03
7.110000e+00 -3.386961e-03
7.120000e+00 -3.390444e-03
7.130000e+00 -3.393568e-03
7.140000e+00 -3.396339e-03
7.150000e+00 -3.398760e-03
7.160000e+00 -3.400831e-03
7.170000e+00 -3.402546e-03
7.180000e+00 -3.403899e-03
7.190000e+00 -3.404878e-03
7.200000e+00 -3.405468e-03
7.210000e+00 -3.405650e-03
7.220000e+00 -3.405403e-03
7.230000e+00 -3.404702e-03
7.240000e+00 -3.403520e-03
7.250000e+00 -3.401826e-03
7.260000e+00 -3.399587e-03
7.270000e+00 -3.396769e-03
7.280000e+00 -3.393335e-03
7.290000e+00 -3.389246e-03
7.300000e+00 -3.384463e-03
7.310000e+00 -3.378947e-03
7.320000e+00 -3.372657e-03
7.330000e+00 -3.365551e-03
7.340000e+00 -3.357591e-03
7.350000e+00 -3.348737e-03
7.360000e+00 -3.338949e-03
7.370000e+00 -3.328193e-03
7.380000e+00 -3.316431e-03
7.390000e+00 -3.303632e-03
7.400000e+00 -3.289765e-03
7.410000e+00 -3.274802e-03
7.420000e+00 -3.258718e-03
7.430000e+00 -3.241492e-03
7.440000e+00 -3.223106e-03
7.450000e+00 -3.203544e-03
7.460000e+00 -3.182798e-03
7.470000e+00 -3.160858e-03
7.480000e+00 -3.137724e-03
7.490000e+00 -3.113394e-03
7.500000e+00 -3.087875e-03
7.510000e+00 -3.061175e-03
7.520000e+00 -3.033308e-03
7.530000e+00 -3.004288e-03
7.540000e+00 -2.974138e-03
7.550000e+00 -2.942879e-03
7.560000e+00 -2.910539e-03
7.570000e+00 -2.877149e-03
7.580000e+00 -2.842740e-03
7.590000e+00 -2.807349e-03
7.600000e+00 -2.771013e-03
7.610000e+00 -2.733772e-03
7.620000e+00 -2.695668e-03
7.630000e+00 -2.656745e-03
7.640000e+00 -2.617046e-03
7.650000e+00 -2.576618e-03
7.660000e+00 -2.535505e-03
7.670000e+00 -2.493756e-03
7.680000e+00 -2.451417e-03
7.690000e+00 -2.408533e-03
7.700000e+00 -2.365152e-03
7.710000e+00 -2.321320e-03
7.720000e+00 -2.277080e-03
7.730000e+00 -2.232477e-03
7.740000e+00 -2.187555e-03
7.750000e+00 -2.142354e-03
7.760000e+00 -2.096915e-03
7.770000e+00 -2.051278e-03
7.780000e+00 -2.005479e-03
7.790000e+00 -1.959556e-03
7.800000e+00 -1.913543e-03
7.810000e+00 -1.867473e-03
7.820000e+00 -1.821379e-03
7.830000e+00 -1.775291e-03
7.840000e+00 -1.729240e-03
7.850000e+00 -1.683253e-03
7.860000e+00 -1.637360e-03
7.870000e+00 -1.591587e-03
7.880000e+00 -1.545960e-03
7.890000e+00 -1.500507e-03
7.900000e+00 -1.455252e-03
7.910000e+00 -1.410224e-03
7.920000e+00 -1.365447e-03
7.930000e+00 -1.320950e-03
7.940000e+00 -1.276758e-03
7.950000e+00 -1.232903e-03
7.960000e+00 -1.189411e-03
7.970000e+00 -1.146315e-03
7.980000e+00 -1.103647e-03
7.990000e+00 -1.061441e-03
8.000000e+00 -1.019732e-03
8.010000e+00 -9.785567e-04
8.020000e+00 -9.379555e-04
8.030000e+00 -8.979693e-04
8.040000e+00 -8.586416e-04
8.050000e+00 -8.200177e-04
8.060000e+00 -7.821453e-04
8.070000e+00 -7.450739e-04
8.080000e+00 -7.088551e-04
8.090000e+00 -6.735424e-04
8.100000e+00 -6.391912e-04
8.110000e+00 -6.058583e-04
8.120000e+00 -5.736022e-04
8.130000e+00 -5.424826e-04
8.140000e+00 -5.125601e-04
8.150000e+00 -4.838961e-04
8.160000e+00 -4.565528e-04
8.170000e+00 -4.305920e-04
8.180000e+00 -4.060757e-04
8.190000e+00 -3.830653e-04
8.200000e+00 -3.616212e-04
8.210000e+00 -3.418025e-04
8.220000e+00 -3.236664e-04
8.230000e+00 -3.072682e-04
8.240000e+00 -2.926605e-04
8.250000e+00 -2.798926e-04
8.260000e+00 -2.690106e-04
8.270000e+00 -2.600565e-04
8.280000e+00 -2.530677e-04
8.290000e+00 -2.480771e-04
8.300000e+00 -2.451119e-04
8.310000e+00 -2.441937e-04
8.320000e+00 -2.453381e-04
8.330000e+00 -2.485540e-04
8.340000e+00 -2.538433e-04
8.350000e+00 -2.612008e-04
8.360000e+00 -2.706137e-04
8.370000e+00 -2.820612e-04
8.380000e+00 -2.955145e-04
8.390000e+00 -3.109367e-04
8.400000e+00 -3.282820e-04
8.410000e+00 -3.474965e-04
8.420000e+00 -3.685174e-04
8.430000e+00 -3.912732e-04
8.440000e+00 -4.156841e-04
8.450000e+00 -4.416615e-04
8.460000e+00 -4.691087e-04
8.470000e+00 -4.979206e-04
8.480000e+00 -5.279846e-04
8.490000e+00 -5.591803e-04
8.500000e+00 -5.913803e-04
8.510000e+00 -6.244506e-04
8.520000e+00 -6.582509e-04
8.530000e+00 -6.926354e-04
8.540000e+00 -7.274534e-04
8.550000e+00 -7.625497e-04
8.560000e+00 -7.977657e-04
8.570000e+00 -8.329399e-04
8.580000e+00 -8.679090e-04
8.590000e+00 -9.025084e-04
8.600000e+00 -9.365731e-04
8.610000e+00 -9.699390e-04
8.620000e+00 -1.002443e-03
8.630000e+00 -1.033926e-03
8.640000e+00 -1.064230e-03
8.650000e+00 -1.093203e-03
8.660000e+00 -1.120698e-03
8.670000e+00 -1.146574e-03
8.680000e+00 -1.170697e-03
8.690000e+00 -1.192942e-03
8.700000e+00 -1.213191e-03
8.710000e+00 -1.231338e-03
8.720000e+00 -1.247285e-03
8.730000e+00 -1.260947e-03
8.740000e+00 -1.272249e-03
8.750000e+00 -1.281131e-03
8.760000e+00 -1.287542e-03
8.770000e+00 -1.291447e-03
8.780000e+00 -1.292823e-03
8.790000e+00 -1.291663e-03
8.800000e+00 -1.287972e-03
8.810000e+00 -1.281768e-03
8.820000e+00 -1.273086e-03
8.830000e+00 -1.261973e-03
8.840000e+00 -1.248489e-03
8.850000e+00 -1.232709e-03
8.860000e+00 -1.214719e-03
8.870000e+00 -1.194620e-03
8.880000e+00 -1.172523e-03
8.890000e+00 -1.148550e-03
8.900000e+00 -1.122835e-03
8.910000e+00 -1.095520e-03
8.920000e+00 -1.066758e-03
8.930000e+00 -1.036706e-03
8.940000e+00 -1.005532e-03
8.950000e+00 -9.734079e-04
8.960000e+00 -9.405105e-04
8.970000e+00 -9.070205e-04
8.980000e+00 -8.731211e-04
8.990000e+00 -8.389969e-04
9.000000e+00 -8.048329e-04
9.010000e+00 -7.708134e-04
9.020000e+00 -7.371207e-04
9.030000e+00 -7.039341e-04
9.040000e+00 -6.714290e-04
9.050000e+00 -6.397758e-04
9.060000e+00 -6.091387e-04
9.070000e+00 -5.796753e-04
9.080000e+00 -5.515353e-04
9.090000e+00 -5.248600e-04
9.100000e+00 -4.997816e-04
9.110000e+00 -4.764223e-04
9.120000e+00 -4.548941e-04
9.130000e+00 -4.352981e-04
9.140000e+00 -4.177242e-04
9.150000e+00 -4.022510e-04
9.160000e+00 -3.889452e-04
9.170000e+00 -3.778617e-04
9.180000e+00 -3.690438e-04
9.190000e+00 -3.625227e-04
9.200000e+00 -3.583181e-04
9.210000e+00 -3.564382e-04
9.220000e+00 -3.568801e-04
9.230000e+00 -3.596297e-04
9.240000e+00 -3.646629e-04
9.250000e+00 -3.719453e-04
9.260000e+00 -3.814329e-04
9.270000e+00 -3.930730e-04
9.280000e+00 -4.068042e-04
9.290000e+00 -4.225577e-04
9.300000e+00 -4.402570e-04
9.310000e+00 -4.598196e-04
9.320000e+00 -4.811569e-04
9.330000e+00 -5.041749e-04
9.340000e+00 -5.287754e-04
9.350000e+00 -5.548560e-04
9.360000e+00 -5.823111e-04
9.370000e+00 -6.110323e-04
9.380000e+00 -6.409092e-04
9.390000e+00 -6.718297e-04
9.400000e+00 -7.036808e-04
9.410000e+00 -7.363487e-04
9.420000e+00 -7.697197e-04
9.430000e+00 -8.036802e-04
9.440000e+00 -8.381172e-04
9.450000e+00 -8.729190e-04
9.460000e+00 -9.079748e-04
9.470000e+00 -9.431756e-04
9.480000e+00 -9.784139e-04
9.490000e+00 -1.013584e-03
9.500000e+00 -1.048584e-03
9.510000e+00 -1.083310e-03
9.520000e+00 -1.117666e-03
9.530000e+00 -1.151553e-03
9.540000e+00 -1.184879e-03
9.550000e+00 -1.217552e-03
9.560000e+00 -1.249483e-03
9.570000e+00 -1.280584e-03
9.580000e+00 -1.310773e-03
9.590000e+00 -1.339969e-03
9.600000e+00 -1.368091e-03
9.610000e+00 -1.395065e-03
9.620000e+00 -1.420818e-03
9.630000e+00 -1.445278e-03
9.640000e+00 -1.468379e-03
9.650000e+00 -1.490055e-03
9.660000e+00 -1.510245e-03
9.670000e+00 -1.528890e-03
9.680000e+00 -1.545935e-03
9.690000e+00 -1.561329e-03
9.700000e+00 -1.575024e-03
9.710000e+00 -1.586975e-03
9.720000e+00 -1.597141e-03
9.730000e+00 -1.605488e-03
9.740000e+00 -1.611984e-03
9.750000e+00 -1.616601e-03
9.760000e+00 -1.619319e-03
9.770000e+00 -1.620120e-03
9.780000e+00 -1.618993e-03
9.790000e+00 -1.615932e-03
9.800000e+00 -1.610938e-03
9.810000e+00 -1.604016e-03
9.820000e+00 -1.595180e-03
9.830000e+00 -1.584446e-03
9.840000e+00 -1.571841e-03
9.850000e+00 -1.557395e-03
9.860000e+00 -1.541147e-03
9.870000e+00 -1.523140e-03
9.880000e+00 -1.503425e-03
9.890000e+00 -1.482059e-03
9.900000e+00 -1.459106e-03
9.910000e+00 -1.434633e-03
9.920000e+00 -1.408718e-03
9.930000e+00 -1.381439e-03
9.940000e+00 -1.352883e-03
9.950000e+00 -1.323139e-03
9.960000e+00 -1.292303e-03
9.970000e+00 -1.260472e-03
9.980000e+00 -1.227750e-03
9.990000e+00 -1.194241e-03
1.000000e+01 -1.160052e-03
