# sigma2_v 6.118928422920478e+00
0.000000e+00 1.000000e+00
1.000000e-02 9.996941e-01
2.000000e-02 9.987770e-01
3.000000e-02 9.972504e-01
4.000000e-02 9.951171e-01
5.000000e-02 9.923813e-01
6.000000e-02 9.890479e-01
7.000000e-02 9.851233e-01
8.000000e-02 9.806148e-01
9.000000e-02 9.755307e-01
1.000000e-01 9.698804e-01
1.100000e-01 9.636744e-01
1.200000e-01 9.569241e-01
1.300000e-01 9.496417e-01
1.400000e-01 9.418406e-01
1.500000e-01 9.335347e-01
1.600000e-01 9.247390e-01
1.700000e-01 9.154691e-01
1.800000e-01 9.057414e-01
1.900000e-01 8.955729e-01
2.000000e-01 8.849813e-01
2.100000e-01 8.739848e-01
2.200000e-01 8.626021e-01
2.300000e-01 8.508524e-01
2.400000e-01 8.387553e-01
2.500000e-01 8.263307e-01
2.600000e-01 8.135988e-01
2.700000e-01 8.005802e-01
2.800000e-01 7.872954e-01
2.900000e-01 7.737652e-01
3.000000e-01 7.600105e-01
3.100000e-01 7.460520e-01
3.200000e-01 7.319107e-01
3.300000e-01 7.176072e-01
3.400000e-01 7.031623e-01
3.500000e-01 6.885961e-01
3.600000e-01 6.739291e-01
3.700000e-01 6.591811e-01
3.800000e-01 6.443717e-01
3.900000e-01 6.295201e-01
4.000000e-01 6.146453e-01
4.100000e-01 5.997656e-01
4.200000e-01 5.848991e-01
4.300000e-01 5.700631e-01
4.400000e-01 5.552747e-01
4.500000e-01 5.405502e-01
4.600000e-01 5.259055e-01
4.700000e-01 5.113557e-01
4.800000e-01 4.969156e-01
4.900000e-01 4.825990e-01
5.000000e-01 4.684193e-01
5.100000e-01 4.543892e-01
5.200000e-01 4.405207e-01
5.300000e-01 4.268251e-01
5.400000e-01 4.133130e-01
5.500000e-01 3.999945e-01
5.600000e-01 3.868788e-01
5.700000e-01 3.739746e-01
5.800000e-01 3.612897e-01
5.900000e-01 3.488314e-01
6.000000e-01 3.366063e-01
6.100000e-01 3.246204e-01
6.200000e-01 3.128788e-01
6.300000e-01 3.013864e-01
6.400000e-01 2.901470e-01
6.500000e-01 2.791642e-01
6.600000e-01 2.684408e-01
6.700000e-01 2.579791e-01
6.800000e-01 2.477807e-01
6.900000e-01 2.378468e-01
7.000000e-01 2.281782e-01
7.100000e-01 2.187750e-01
7.200000e-01 2.096368e-01
7.300000e-01 2.007630e-01
7.400000e-01 1.921524e-01
7.500000e-01 1.838034e-01
7.600000e-01 1.757139e-01
7.700000e-01 1.678817e-01
7.800000e-01 1.603042e-01
7.900000e-01 1.529782e-01
8.000000e-01 1.459005e-01
8.100000e-01 1.390676e-01
8.200000e-01 1.324757e-01
8.300000e-01 1.261207e-01
8.400000e-01 1.199983e-01
8.500000e-01 1.141041e-01
8.600000e-01 1.084335e-01
8.700000e-01 1.029818e-01
8.800000e-01 9.774402e-02
8.900000e-01 9.271521e-02
9.000000e-01 8.789025e-02
9.100000e-01 8.326398e-02
9.200000e-01 7.883117e-02
9.300000e-01 7.458651e-02
9.400000e-01 7.052471e-02
9.500000e-01 6.664043e-02
9.600000e-01 6.292832e-02
9.700000e-01 5.938307e-02
9.800000e-01 5.599936e-02
9.900000e-01 5.277191e-02
1.000000e+00 4.969547e-02
1.010000e+00 4.676487e-02
1.020000e+00 4.397496e-02
1.030000e+00 4.132069e-02
1.040000e+00 3.879707e-02
1.050000e+00 3.639918e-02
1.060000e+00 3.412221e-02
1.070000e+00 3.196142e-02
1.080000e+00 2.991219e-02
1.090000e+00 2.796999e-02
1.100000e+00 2.613040e-02
1.110000e+00 2.438910e-02
1.120000e+00 2.274189e-02
1.130000e+00 2.118469e-02
1.140000e+00 1.971353e-02
1.150000e+00 1.832456e-02
1.160000e+00 1.701404e-02
1.170000e+00 1.577836e-02
1.180000e+00 1.461403e-02
1.190000e+00 1.351768e-02
1.200000e+00 1.248604e-02
1.210000e+00 1.151599e-02
1.220000e+00 1.060450e-02
1.230000e+00 9.748679e-03
1.240000e+00 8.945729e-03
1.250000e+00 8.192980e-03
1.260000e+00 7.487868e-03
1.270000e+00 6.827938e-03
1.280000e+00 6.210841e-03
1.290000e+00 5.634334e-03
1.300000e+00 5.096274e-03
1.310000e+00 4.594615e-03
1.320000e+00 4.127411e-03
1.330000e+00 3.692805e-03
1.340000e+00 3.289031e-03
1.350000e+00 2.914412e-03
1.360000e+00 2.567352e-03
1.370000e+00 2.246336e-03
1.380000e+00 1.949928e-03
1.390000e+00 1.676765e-03
1.400000e+00 1.425556e-03
1.410000e+00 1.195078e-03
1.420000e+00 9.841715e-04
1.430000e+00 7.917412e-04
1.440000e+00 6.167497e-04
1.450000e+00 4.582157e-04
1.460000e+00 3.152114e-04
1.470000e+00 1.868592e-04
1.480000e+00 7.232944e-05
1.490000e+00 -2.916246e-05
1.500000e+00 -1.183585e-04
1.510000e+00 -1.959604e-04
1.520000e+00 -2.626322e-04
1.530000e+00 -3.190023e-04
1.540000e+00 -3.656656e-04
1.550000e+00 -4.031859e-04
1.560000e+00 -4.320972e-04
1.570000e+00 -4.529065e-04
1.580000e+00 -4.660948e-04
1.590000e+00 -4.721191e-04
1.600000e+00 -4.714142e-04
1.610000e+00 -4.643938e-04
1.620000e+00 -4.514525e-04
1.630000e+00 -4.329666e-04
1.640000e+00 -4.092961e-04
1.650000e+00 -3.807852e-04
1.660000e+00 -3.477639e-04
1.670000e+00 -3.105490e-04
1.680000e+00 -2.694453e-04
1.690000e+00 -2.247463e-04
1.700000e+00 -1.767351e-04
1.710000e+00 -1.256857e-04
1.720000e+00 -7.186320e-05
1.730000e+00 -1.552500e-05
1.740000e+00 4.307877e-05
1.750000e+00 1.037045e-04
1.760000e+00 1.661147e-04
1.770000e+00 2.300773e-04
1.780000e+00 2.953653e-04
1.790000e+00 3.617564e-04
1.800000e+00 4.290326e-04
1.810000e+00 4.969800e-04
1.820000e+00 5.653886e-04
1.830000e+00 6.340520e-04
1.840000e+00 7.027677e-04
1.850000e+00 7.713365e-04
1.860000e+00 8.395630e-04
1.870000e+00 9.072554e-04
1.880000e+00 9.742258e-04
1.890000e+00 1.040290e-03
1.900000e+00 1.105270e-03
1.910000e+00 1.168988e-03
1.920000e+00 1.231277e-03
1.930000e+00 1.291969e-03
1.940000e+00 1.350907e-03
1.950000e+00 1.407936e-03
1.960000e+00 1.462910e-03
1.970000e+00 1.515689e-03
1.980000e+00 1.566141e-03
1.990000e+00 1.614140e-03
2.000000e+00 1.659570e-03
2.010000e+00 1.702323e-03
2.020000e+00 1.742300e-03
2.030000e+00 1.779413e-03
2.040000e+00 1.813581e-03
2.050000e+00 1.844735e-03
2.060000e+00 1.872817e-03
2.070000e+00 1.897778e-03
2.080000e+00 1.919581e-03
2.090000e+00 1.938200e-03
2.100000e+00 1.953620e-03
2.110000e+00 1.965837e-03
2.120000e+00 1.974857e-03
2.130000e+00 1.980699e-03
2.140000e+00 1.983393e-03
2.150000e+00 1.982976e-03
2.160000e+00 1.979500e-03
2.170000e+00 1.973025e-03
2.180000e+00 1.963621e-03
2.190000e+00 1.951367e-03
2.200000e+00 1.936351e-03
2.210000e+00 1.918671e-03
2.220000e+00 1.898431e-03
2.230000e+00 1.875744e-03
2.240000e+00 1.850729e-03
2.250000e+00 1.823512e-03
2.260000e+00 1.794226e-03
2.270000e+00 1.763006e-03
2.280000e+00 1.729996e-03
2.290000e+00 1.695341e-03
2.300000e+00 1.659191e-03
2.310000e+00 1.621699e-03
2.320000e+00 1.583021e-03
2.330000e+00 1.543315e-03
2.340000e+00 1.502740e-03
2.350000e+00 1.461457e-03
2.360000e+00 1.419628e-03
2.370000e+00 1.377412e-03
2.380000e+00 1.334973e-03
2.390000e+00 1.292472e-03
2.400000e+00 1.250067e-03
2.410000e+00 1.207918e-03
2.420000e+00 1.166181e-03
2.430000e+00 1.125012e-03
2.440000e+00 1.084563e-03
2.450000e+00 1.044983e-03
2.460000e+00 1.006420e-03
2.470000e+00 9.690161e-04
2.480000e+00 9.329112e-04
2.490000e+00 8.982405e-04
2.500000e+00 8.651349e-04
2.510000e+00 8.337204e-04
2.520000e+00 8.041178e-04
2.530000e+00 7.764426e-04
2.540000e+00 7.508043e-04
2.550000e+00 7.273061e-04
2.560000e+00 7.060449e-04
2.570000e+00 6.871105e-04
2.580000e+00 6.705857e-04
2.590000e+00 6.565456e-04
2.600000e+00 6.450575e-04
2.610000e+00 6.361808e-04
2.620000e+00 6.299663e-04
2.630000e+00 6.264563e-04
2.640000e+00 6.256846e-04
2.650000e+00 6.276756e-04
2.660000e+00 6.324452e-04
2.670000e+00 6.399997e-04
2.680000e+00 6.503368e-04
2.690000e+00 6.634447e-04
2.700000e+00 6.793026e-04
2.710000e+00 6.978812e-04
2.720000e+00 7.191419e-04
2.730000e+00 7.430382e-04
2.740000e+00 7.695150e-04
2.750000e+00 7.985095e-04
2.760000e+00 8.299514e-04
2.770000e+00 8.637633e-04
2.780000e+00 8.998611e-04
2.790000e+00 9.381550e-04
2.800000e+00 9.785490e-04
2.810000e+00 1.020943e-03
2.820000e+00 1.065231e-03
2.830000e+00 1.111305e-03
2.840000e+00 1.159052e-03
2.850000e+00 1.208358e-03
2.860000e+00 1.259105e-03
2.870000e+00 1.311176e-03
2.880000e+00 1.364450e-03
2.890000e+00 1.418810e-03
2.900000e+00 1.474134e-03
2.910000e+00 1.530304e-03
2.920000e+00 1.587202e-03
2.930000e+00 1.644712e-03
2.940000e+00 1.702720e-03
2.950000e+00 1.761113e-03
2.960000e+00 1.819782e-03
2.970000e+00 1.878618e-03
2.980000e+00 1.937519e-03
2.990000e+00 1.996383e-03
3.000000e+00 2.055111e-03
3.010000e+00 2.113609e-03
3.020000e+00 2.171784e-03
3.030000e+00 2.229549e-03
3.040000e+00 2.286817e-03
3.050000e+00 2.343508e-03
3.060000e+00 2.399541e-03
3.070000e+00 2.454840e-03
3.080000e+00 2.509332e-03
3.090000e+00 2.562948e-03
3.100000e+00 2.615618e-03
3.110000e+00 2.667279e-03
3.120000e+00 2.717868e-03
3.130000e+00 2.767326e-03
3.140000e+00 2.815595e-03
3.150000e+00 2.862622e-03
3.160000e+00 2.908353e-03
3.170000e+00 2.952741e-03
3.180000e+00 2.995737e-03
3.190000e+00 3.037300e-03
3.200000e+00 3.077387e-03
3.210000e+00 3.115961e-03
3.220000e+00 3.152987e-03
3.230000e+00 3.188433e-03
3.240000e+00 3.222272e-03
3.250000e+00 3.254478e-03
3.260000e+00 3.285032e-03
3.270000e+00 3.313915e-03
3.280000e+00 3.341115e-03
3.290000e+00 3.366623e-03
3.300000e+00 3.390434e-03
3.310000e+00 3.412548e-03
3.320000e+00 3.432970e-03
3.330000e+00 3.451707e-03
3.340000e+00 3.468771e-03
3.350000e+00 3.484181e-03
3.360000e+00 3.497958e-03
3.370000e+00 3.510125e-03
3.380000e+00 3.520713e-03
3.390000e+00 3.529754e-03
3.400000e+00 3.537285e-03
3.410000e+00 3.543344e-03
3.420000e+00 3.547974e-03
3.430000e+00 3.551219e-03
3.440000e+00 3.553125e-03
3.450000e+00 3.553742e-03
3.460000e+00 3.553117e-03
3.470000e+00 3.551302e-03
3.480000e+00 3.548347e-03
3.490000e+00 3.544302e-03
3.500000e+00 3.539218e-03
3.510000e+00 3.533144e-03
3.520000e+00 3.526129e-03
3.530000e+00 3.518218e-03
3.540000e+00 3.509456e-03
3.550000e+00 3.499885e-03
3.560000e+00 3.489546e-03
3.570000e+00 3.478475e-03
3.580000e+00 3.466707e-03
3.590000e+00 3.454273e-03
3.600000e+00 3.441202e-03
3.610000e+00 3.427518e-03
3.620000e+00 3.413243e-03
3.630000e+00 3.398397e-03
3.640000e+00 3.382995e-03
3.650000e+00 3.367051e-03
3.660000e+00 3.350576e-03
3.670000e+00 3.333576e-03
3.680000e+00 3.316058e-03
3.690000e+00 3.298026e-03
3.700000e+00 3.279481e-03
3.710000e+00 3.260423e-03
3.720000e+00 3.240853e-03
3.730000e+00 3.220767e-03
3.740000e+00 3.200162e-03
3.750000e+00 3.179036e-03
3.760000e+00 3.157385e-03
3.770000e+00 3.135205e-03
3.780000e+00 3.112492e-03
3.790000e+00 3.089243e-03
3.800000e+00 3.065454e-03
3.810000e+00 3.041122e-03
3.820000e+00 3.016246e-03
3.830000e+00 2.990823e-03
3.840000e+00 2.964853e-03
3.850000e+00 2.938334e-03
3.860000e+00 2.911266e-03
3.870000e+00 2.883650e-03
3.880000e+00 2.855488e-03
3.890000e+00 2.826778e-03
3.900000e+00 2.797524e-03
3.910000e+00 2.767727e-03
3.920000e+00 2.737388e-03
3.930000e+00 2.706510e-03
3.940000e+00 2.675093e-03
3.950000e+00 2.643139e-03
3.960000e+00 2.610650e-03
3.970000e+00 2.577627e-03
3.980000e+00 2.544072e-03
3.990000e+00 2.509984e-03
4.000000e+00 2.475366e-03
4.010000e+00 2.440218e-03
4.020000e+00 2.404541e-03
4.030000e+00 2.368337e-03
4.040000e+00 2.331609e-03
4.050000e+00 2.294359e-03
4.060000e+00 2.256590e-03
4.070000e+00 2.218307e-03
4.080000e+00 2.179517e-03
4.090000e+00 2.140227e-03
4.100000e+00 2.100447e-03
4.110000e+00 2.060189e-03
4.120000e+00 2.019466e-03
4.130000e+00 1.978295e-03
4.140000e+00 1.936696e-03
4.150000e+00 1.894691e-03
4.160000e+00 1.852304e-03
4.170000e+00 1.809565e-03
4.180000e+00 1.766505e-03
4.190000e+00 1.723159e-03
4.200000e+00 1.679564e-03
4.210000e+00 1.635763e-03
4.220000e+00 1.591798e-03
4.230000e+00 1.547717e-03
4.240000e+00 1.503570e-03
4.250000e+00 1.459407e-03
4.260000e+00 1.415283e-03
4.270000e+00 1.371254e-03
4.280000e+00 1.327374e-03
4.290000e+00 1.283703e-03
4.300000e+00 1.240297e-03
4.310000e+00 1.197214e-03
4.320000e+00 1.154511e-03
4.330000e+00 1.112243e-03
4.340000e+00 1.070465e-03
4.350000e+00 1.029227e-03
4.360000e+00 9.885811e-04
4.370000e+00 9.485718e-04
4.380000e+00 9.092422e-04
4.390000e+00 8.706314e-04
4.400000e+00 8.327742e-04
4.410000e+00 7.957010e-04
4.420000e+00 7.594373e-04
4.430000e+00 7.240039e-04
4.440000e+00 6.894166e-04
4.450000e+00 6.556861e-04
4.460000e+00 6.228178e-04
4.470000e+00 5.908124e-04
4.480000e+00 5.596657e-04
4.490000e+00 5.293684e-04
4.500000e+00 4.999073e-04
4.510000e+00 4.712645e-04
4.520000e+00 4.434186e-04
4.530000e+00 4.163445e-04
4.540000e+00 3.900143e-04
4.550000e+00 3.643970e-04
4.560000e+00 3.394601e-04
4.570000e+00 3.151689e-04
4.580000e+00 2.914877e-04
4.590000e+00 2.683803e-04
4.600000e+00 2.458099e-04
4.610000e+00 2.237404e-04
4.620000e+00 2.021362e-04
4.630000e+00 1.809628e-04
4.640000e+00 1.601875e-04
4.650000e+00 1.397793e-04
4.660000e+00 1.197096e-04
4.670000e+00 9.995234e-05
4.680000e+00 8.048411e-05
4.690000e+00 6.128457e-05
4.700000e+00 4.233649e-05
4.710000e+00 2.362580e-05
4.720000e+00 5.141706e-06
4.730000e+00 -1.312336e-05
4.740000e+00 -3.117377e-05
4.750000e+00 -4.901080e-05
4.760000e+00 -6.663272e-05
4.770000e+00 -8.403503e-05
4.780000e+00 -1.012106e-04
4.790000e+00 -1.181499e-04
4.800000e+00 -1.348413e-04
4.810000e+00 -1.512713e-04
4.820000e+00 -1.674247e-04
4.830000e+00 -1.832850e-04
4.840000e+00 -1.988348e-04
4.850000e+00 -2.140559e-04
4.860000e+00 -2.289295e-04
4.870000e+00 -2.434368e-04
4.880000e+00 -2.575589e-04
4.890000e+00 -2.712775e-04
4.900000e+00 -2.845744e-04
4.910000e+00 -2.974325e-04
4.920000e+00 -3.098356e-04
4.930000e+00 -3.217683e-04
4.940000e+00 -3.332168e-04
4.950000e+00 -3.441684e-04
4.960000e+00 -3.546119e-04
4.970000e+00 -3.645376e-04
4.980000e+00 -3.739374e-04
4.990000e+00 -3.828047e-04
5.000000e+00 -3.911344e-04
5.010000e+00 -3.989232e-04
5.020000e+00 -4.061693e-04
5.030000e+00 -4.128722e-04
5.040000e+00 -4.190331e-04
5.050000e+00 -4.246545e-04
5.060000e+00 -4.297402e-04
5.070000e+00 -4.342955e-04
5.080000e+00 -4.383265e-04
5.090000e+00 -4.418409e-04
5.100000e+00 -4.448469e-04
5.110000e+00 -4.473542e-04
5.120000e+00 -4.493730e-04
5.130000e+00 -4.509145e-04
5.140000e+00 -4.519904e-04
5.150000e+00 -4.526133e-04
5.160000e+00 -4.527962e-04
5.170000e+00 -4.525526e-04
5.180000e+00 -4.518964e-04
5.190000e+00 -4.508421e-04
5.200000e+00 -4.494040e-04
5.210000e+00 -4.475970e-04
5.220000e+00 -4.454360e-04
5.230000e+00 -4.429358e-04
5.240000e+00 -4.401115e-04
5.250000e+00 -4.369778e-04
5.260000e+00 -4.335494e-04
5.270000e+00 -4.298407e-04
5.280000e+00 -4.258659e-04
5.290000e+00 -4.216388e-04
5.300000e+00 -4.171726e-04
5.310000e+00 -4.124801e-04
5.320000e+00 -4.075736e-04
5.330000e+00 -4.024646e-04
5.340000e+00 -3.971641e-04
5.350000e+00 -3.916821e-04
5.360000e+00 -3.860282e-04
5.370000e+00 -3.802109e-04
5.380000e+00 -3.742380e-04
5.390000e+00 -3.681164e-04
5.400000e+00 -3.618523e-04
5.410000e+00 -3.554508e-04
5.420000e+00 -3.489164e-04
5.430000e+00 -3.422528e-04
5.440000e+00 -3.354630e-04
5.450000e+00 -3.285492e-04
5.460000e+00 -3.215129e-04
5.470000e+00 -3.143553e-04
5.480000e+00 -3.070769e-04
5.490000e+00 -2.996779e-04
5.500000e+00 -2.921579e-04
5.510000e+00 -2.845166e-04
5.520000e+00 -2.767534e-04
5.530000e+00 -2.688673e-04
5.540000e+00 -2.608577e-04
5.550000e+00 -2.527237e-04
5.560000e+00 -2.444645e-04
5.570000e+00 -2.360794e-04
5.580000e+00 -2.275677e-04
5.590000e+00 -2.189289e-04
5.600000e+00 -2.101625e-04
5.610000e+00 -2.012679e-04
5.620000e+00 -1.922445e-04
5.630000e+00 -1.830917e-04
5.640000e+00 -1.738082e-04
5.650000e+00 -1.643927e-04
5.660000e+00 -1.548433e-04
5.670000e+00 -1.451571e-04
5.680000e+00 -1.353306e-04
5.690000e+00 -1.253592e-04
5.700000e+00 -1.152367e-04
5.710000e+00 -1.049558e-04
5.720000e+00 -9.450733e-05
5.730000e+00 -8.388019e-05
5.740000e+00 -7.306127e-05
5.750000e+00 -6.203518e-05
5.760000e+00 -5.078412e-05
5.770000e+00 -3.928774e-05
5.780000e+00 -2.752303e-05
5.790000e+00 -1.546425e-05
5.800000e+00 -3.082890e-06
5.810000e+00 9.652323e-06
5.820000e+00 2.277540e-05
5.830000e+00 3.632300e-05
5.840000e+00 5.033429e-05
5.850000e+00 6.485076e-05
5.860000e+00 7.991602e-05
5.870000e+00 9.557550e-05
5.880000e+00 1.118762e-04
5.890000e+00 1.288661e-04
5.900000e+00 1.465942e-04
5.910000e+00 1.651096e-04
5.920000e+00 1.844613e-04
5.930000e+00 2.046978e-04
5.940000e+00 2.258663e-04
5.950000e+00 2.480122e-04
5.960000e+00 2.711788e-04
5.970000e+00 2.954068e-04
5.980000e+00 3.207333e-04
5.990000e+00 3.471917e-04
6.000000e+00 3.748112e-04
6.010000e+00 4.036159e-04
6.020000e+00 4.336250e-04
6.030000e+00 4.648518e-04
6.040000e+00 4.973039e-04
6.050000e+00 5.309823e-04
6.060000e+00 5.658817e-04
6.070000e+00 6.019899e-04
6.080000e+00 6.392879e-04
6.090000e+00 6.777498e-04
6.100000e+00 7.173428e-04
6.110000e+00 7.580271e-04
6.120000e+00 7.997562e-04
6.130000e+00 8.424770e-04
6.140000e+00 8.861300e-04
6.150000e+00 9.306498e-04
6.160000e+00 9.759651e-04
6.170000e+00 1.021999e-03
6.180000e+00 1.068671e-03
6.190000e+00 1.115894e-03
6.200000e+00 1.163578e-03
6.210000e+00 1.211631e-03
6.220000e+00 1.259954e-03
6.230000e+00 1.308450e-03
6.240000e+00 1.357018e-03
6.250000e+00 1.405554e-03
6.260000e+00 1.453955e-03
6.270000e+00 1.502118e-03
6.280000e+00 1.549938e-03
6.290000e+00 1.597311e-03
6.300000e+00 1.644135e-03
6.310000e+00 1.690308e-03
6.320000e+00 1.735729e-03
6.330000e+00 1.780299e-03
6.340000e+00 1.823922e-03
6.350000e+00 1.866503e-03
6.360000e+00 1.907950e-03
6.370000e+00 1.948174e-03
6.380000e+00 1.987087e-03
6.390000e+00 2.024605e-03
6.400000e+00 2.060648e-03
6.410000e+00 2.095138e-03
6.420000e+00 2.127998e-03
6.430000e+00 2.159157e-03
6.440000e+00 2.188546e-03
6.450000e+00 2.216099e-03
6.460000e+00 2.241754e-03
6.470000e+00 2.265451e-03
6.480000e+00 2.287136e-03
6.490000e+00 2.306755e-03
6.500000e+00 2.324261e-03
6.510000e+00 2.339609e-03
6.520000e+00 2.352758e-03
6.530000e+00 2.363672e-03
6.540000e+00 2.372318e-03
6.550000e+00 2.378669e-03
6.560000e+00 2.382703e-03
6.570000e+00 2.384402e-03
6.580000e+00 2.383753e-03
6.590000e+00 2.380751e-03
6.600000e+00 2.375393e-03
6.610000e+00 2.367687e-03
6.620000e+00 2.357643e-03
6.630000e+00 2.345280e-03
6.640000e+00 2.330623e-03
6.650000e+00 2.313705e-03
6.660000e+00 2.294565e-03
6.670000e+00 2.273250e-03
6.680000e+00 2.249813e-03
6.690000e+00 2.224316e-03
6.700000e+00 2.196827e-03
6.710000e+00 2.167421e-03
6.720000e+00 2.136181e-03
6.730000e+00 2.103196e-03
6.740000e+00 2.068562e-03
6.750000e+00 2.032378e-03
6.760000e+00 1.994754e-03
6.770000e+00 1.955799e-03
6.780000e+00 1.915632e-03
6.790000e+00 1.874372e-03
6.800000e+00 1.832142e-03
6.810000e+00 1.789070e-03
6.820000e+00 1.745283e-03
6.830000e+00 1.700911e-03
6.840000e+00 1.656082e-03
6.850000e+00 1.610927e-03
6.860000e+00 1.565572e-03
6.870000e+00 1.520144e-03
6.880000e+00 1.474767e-03
6.890000e+00 1.429560e-03
6.900000e+00 1.384638e-03
6.910000e+00 1.340112e-03
6.920000e+00 1.296088e-03
6.930000e+00 1.252664e-03
6.940000e+00 1.209934e-03
6.950000e+00 1.167984e-03
6.960000e+00 1.126891e-03
6.970000e+00 1.086727e-03
6.980000e+00 1.047554e-03
6.990000e+00 1.009427e-03
7.000000e+00 9.723934e-04
7.010000e+00 9.364903e-04
7.020000e+00 9.017485e-04
7.030000e+00 8.681901e-04
7.040000e+00 8.358295e-04
7.050000e+00 8.046733e-04
7.060000e+00 7.747209e-04
7.070000e+00 7.459648e-04
7.080000e+00 7.183905e-04
7.090000e+00 6.919779e-04
7.100000e+00 6.667009e-04
7.110000e+00 6.425282e-04
7.120000e+00 6.194240e-04
7.130000e+00 5.973480e-04
7.140000e+00 5.762567e-04
7.150000e+00 5.561034e-04
7.160000e+00 5.368389e-04
7.170000e+00 5.184118e-04
7.180000e+00 5.007697e-04
7.190000e+00 4.838591e-04
7.200000e+00 4.676259e-04
7.210000e+00 4.520165e-04
7.220000e+00 4.369775e-04
7.230000e+00 4.224568e-04
7.240000e+00 4.084035e-04
7.250000e+00 3.947686e-04
7.260000e+00 3.815055e-04
7.270000e+00 3.685698e-04
7.280000e+00 3.559202e-04
7.290000e+00 3.435188e-04
7.300000e+00 3.313307e-04
7.310000e+00 3.193251e-04
7.320000e+00 3.074750e-04
7.330000e+00 2.957577e-04
7.340000e+00 2.841548e-04
7.350000e+00 2.726524e-04
7.360000e+00 2.612415e-04
7.370000e+00 2.499178e-04
7.380000e+00 2.386819e-04
7.390000e+00 2.275398e-04
7.400000e+00 2.165022e-04
7.410000e+00 2.055852e-04
7.420000e+00 1.948102e-04
7.430000e+00 1.842036e-04
7.440000e+00 1.737970e-04
7.450000e+00 1.636272e-04
7.460000e+00 1.537360e-04
7.470000e+00 1.441702e-04
7.480000e+00 1.349810e-04
7.490000e+00 1.262244e-04
7.500000e+00 1.179608e-04
7.510000e+00 1.102544e-04
7.520000e+00 1.031731e-04
7.530000e+00 9.678836e-05
7.540000e+00 9.117443e-05
7.550000e+00 8.640816e-05
7.560000e+00 8.256841e-05
7.570000e+00 7.973560e-05
7.580000e+00 7.799114e-05
7.590000e+00 7.741686e-05
7.600000e+00 7.809441e-05
7.610000e+00 8.010463e-05
7.620000e+00 8.352691e-05
7.630000e+00 8.843856e-05
7.640000e+00 9.491410e-05
7.650000e+00 1.030246e-04
7.660000e+00 1.128371e-04
7.670000e+00 1.244140e-04
7.680000e+00 1.378120e-04
7.690000e+00 1.530822e-04
7.700000e+00 1.702691e-04
7.710000e+00 1.894100e-04
7.720000e+00 2.105347e-04
7.730000e+00 2.336652e-04
7.740000e+00 2.588148e-04
7.750000e+00 2.859885e-04
7.760000e+00 3.151819e-04
7.770000e+00 3.463819e-04
7.780000e+00 3.795657e-04
7.790000e+00 4.147014e-04
7.800000e+00 4.517477e-04
7.810000e+00 4.906542e-04
7.820000e+00 5.313611e-04
7.830000e+00 5.737999e-04
7.840000e+00 6.178934e-04
7.850000e+00 6.635564e-04
7.860000e+00 7.106956e-04
7.870000e+00 7.592102e-04
7.880000e+00 8.089928e-04
7.890000e+00 8.599295e-04
7.900000e+00 9.119005e-04
7.910000e+00 9.647810e-04
7.920000e+00 1.018442e-03
7.930000e+00 1.072749e-03
7.940000e+00 1.127567e-03
7.950000e+00 1.182757e-03
7.960000e+00 1.238178e-03
7.970000e+00 1.293687e-03
7.980000e+00 1.349143e-03
7.990000e+00 1.404403e-03
8.000000e+00 1.459325e-03
8.010000e+00 1.513770e-03
8.020000e+00 1.567599e-03
8.030000e+00 1.620677e-03
8.040000e+00 1.672871e-03
8.050000e+00 1.724053e-03
8.060000e+00 1.774097e-03
8.070000e+00 1.822883e-03
8.080000e+00 1.870296e-03
8.090000e+00 1.916225e-03
8.100000e+00 1.960567e-03
8.110000e+00 2.003222e-03
8.120000e+00 2.044099e-03
8.130000e+00 2.083111e-03
8.140000e+00 2.120181e-03
8.150000e+00 2.155236e-03
8.160000e+00 2.188212e-03
8.170000e+00 2.219052e-03
8.180000e+00 2.247706e-03
8.190000e+00 2.274134e-03
8.200000e+00 2.298300e-03
8.210000e+00 2.320179e-03
8.220000e+00 2.339754e-03
8.230000e+00 2.357014e-03
8.240000e+00 2.371958e-03
8.250000e+00 2.384592e-03
8.260000e+00 2.394932e-03
8.270000e+00 2.403000e-03
8.280000e+00 2.408826e-03
8.290000e+00 2.412449e-03
8.300000e+00 2.413916e-03
8.310000e+00 2.413280e-03
8.320000e+00 2.410602e-03
8.330000e+00 2.405950e-03
8.340000e+00 2.399399e-03
8.350000e+00 2.391030e-03
8.360000e+00 2.380931e-03
8.370000e+00 2.369193e-03
8.380000e+00 2.355914e-03
8.390000e+00 2.341197e-03
8.400000e+00 2.325147e-03
8.410000e+00 2.307873e-03
8.420000e+00 2.289489e-03
8.430000e+00 2.270107e-03
8.440000e+00 2.249843e-03
8.450000e+00 2.228814e-03
8.460000e+00 2.207135e-03
8.470000e+00 2.184922e-03
8.480000e+00 2.162289e-03
8.490000e+00 2.139349e-03
8.500000e+00 2.116210e-03
8.510000e+00 2.092978e-03
8.520000e+00 2.069755e-03
8.530000e+00 2.046639e-03
8.540000e+00 2.023722e-03
8.550000e+00 2.001090e-03
8.560000e+00 1.978825e-03
8.570000e+00 1.957002e-03
8.580000e+00 1.935687e-03
8.590000e+00 1.914944e-03
8.600000e+00 1.894828e-03
8.610000e+00 1.875384e-03
8.620000e+00 1.856657e-03
8.630000e+00 1.838679e-03
8.640000e+00 1.821479e-03
8.650000e+00 1.805080e-03
8.660000e+00 1.789496e-03
8.670000e+00 1.774741e-03
8.680000e+00 1.760819e-03
8.690000e+00 1.747731e-03
8.700000e+00 1.735476e-03
8.710000e+00 1.724047e-03
8.720000e+00 1.713437e-03
8.730000e+00 1.703635e-03
8.740000e+00 1.694628e-03
8.750000e+00 1.686404e-03
8.760000e+00 1.678950e-03
8.770000e+00 1.672253e-03
8.780000e+00 1.666300e-03
8.790000e+00 1.661081e-03
8.800000e+00 1.656588e-03
8.810000e+00 1.652812e-03
8.820000e+00 1.649751e-03
8.830000e+00 1.647401e-03
8.840000e+00 1.645765e-03
8.850000e+00 1.644847e-03
8.860000e+00 1.644653e-03
8.870000e+00 1.645194e-03
8.880000e+00 1.646483e-03
8.890000e+00 1.648534e-03
8.900000e+00 1.651366e-03
8.910000e+00 1.654999e-03
8.920000e+00 1.659452e-03
8.930000e+00 1.664749e-03
8.940000e+00 1.670912e-03
8.950000e+00 1.677964e-03
8.960000e+00 1.685926e-03
8.970000e+00 1.694820e-03
8.980000e+00 1.704663e-03
8.990000e+00 1.715473e-03
9.000000e+00 1.727262e-03
9.010000e+00 1.740041e-03
9.020000e+00 1.753813e-03
9.030000e+00 1.768580e-03
9.040000e+00 1.784337e-03
9.050000e+00 1.801072e-03
9.060000e+00 1.818770e-03
9.070000e+00 1.837406e-03
9.080000e+00 1.856950e-03
9.090000e+00 1.877367e-03
9.100000e+00 1.898611e-03
9.110000e+00 1.920632e-03
9.120000e+00 1.943373e-03
9.130000e+00 1.966769e-03
9.140000e+00 1.990749e-03
9.150000e+00 2.015235e-03
9.160000e+00 2.040146e-03
9.170000e+00 2.065392e-03
9.180000e+00 2.090880e-03
9.190000e+00 2.116513e-03
9.200000e+00 2.142189e-03
9.210000e+00 2.167805e-03
9.220000e+00 2.193254e-03
9.230000e+00 2.218429e-03
9.240000e+00 2.243219e-03
9.250000e+00 2.267518e-03
9.260000e+00 2.291217e-03
9.270000e+00 2.314210e-03
9.280000e+00 2.336393e-03
9.290000e+00 2.357667e-03
9.300000e+00 2.377935e-03
9.310000e+00 2.397104e-03
9.320000e+00 2.415089e-03
9.330000e+00 2.431810e-03
9.340000e+00 2.447193e-03
9.350000e+00 2.461172e-03
9.360000e+00 2.473688e-03
9.370000e+00 2.484691e-03
9.380000e+00 2.494140e-03
9.390000e+00 2.502002e-03
9.400000e+00 2.508254e-03
9.410000e+00 2.512882e-03
9.420000e+00 2.515882e-03
9.430000e+00 2.517259e-03
9.440000e+00 2.517029e-03
9.450000e+00 2.515217e-03
9.460000e+00 2.511857e-03
9.470000e+00 2.506994e-03
9.480000e+00 2.500679e-03
9.490000e+00 2.492977e-03
9.500000e+00 2.483956e-03
9.510000e+00 2.473696e-03
9.520000e+00 2.462283e-03
9.530000e+00 2.449810e-03
9.540000e+00 2.436378e-03
9.550000e+00 2.422091e-03
9.560000e+00 2.407062e-03
9.570000e+00 2.391405e-03
9.580000e+00 2.375241e-03
9.590000e+00 2.358692e-03
9.600000e+00 2.341883e-03
9.610000e+00 2.324939e-03
9.620000e+00 2.307989e-03
9.630000e+00 2.291160e-03
9.640000e+00 2.274576e-03
9.650000e+00 2.258362e-03
9.660000e+00 2.242639e-03
9.670000e+00 2.227525e-03
9.680000e+00 2.213132e-03
9.690000e+00 2.199570e-03
9.700000e+00 2.186941e-03
9.710000e+00 2.175340e-03
9.720000e+00 2.164854e-03
9.730000e+00 2.155566e-03
9.740000e+00 2.147545e-03
9.750000e+00 2.140856e-03
9.760000e+00 2.135550e-03
9.770000e+00 2.131671e-03
9.780000e+00 2.129252e-03
9.790000e+00 2.128314e-03
9.800000e+00 2.128870e-03
9.810000e+00 2.130920e-03
9.820000e+00 2.134453e-03
9.830000e+00 2.139448e-03
9.840000e+00 2.145873e-03
9.850000e+00 2.153687e-03
9.860000e+00 2.162836e-03
9.870000e+00 2.173259e-03
9.880000e+00 2.184883e-03
9.890000e+00 2.197629e-03
9.900000e+00 2.211406e-03
9.910000e+00 2.226119e-03
9.920000e+00 2.241665e-03
9.930000e+00 2.257932e-03
9.940000e+00 2.274806e-03
9.950000e+00 2.292166e-03
9.960000e+00 2.309889e-03
9.970000e+00 2.327846e-03
9.980000e+00 2.345907e-03
9.990000e+00 2.363942e-03
1.000000e+01 2.381818e-03
