# sigma2_v 5.603891691560288e+00
0.000000e+00 1.000000e+00
1.000000e-02 9.997198e-01
2.000000e-02 9.988799e-01
3.000000e-02 9.974816e-01
4.000000e-02 9.955274e-01
5.000000e-02 9.930208e-01
6.000000e-02 9.899661e-01
7.000000e-02 9.863688e-01
8.000000e-02 9.822350e-01
9.000000e-02 9.775721e-01
1.000000e-01 9.723880e-01
1.100000e-01 9.666917e-01
1.200000e-01 9.604930e-01
1.300000e-01 9.538026e-01
1.400000e-01 9.466318e-01
1.500000e-01 9.389927e-01
1.600000e-01 9.308982e-01
1.700000e-01 9.223618e-01
1.800000e-01 9.133977e-01
1.900000e-01 9.040206e-01
2.000000e-01 8.942457e-01
2.100000e-01 8.840889e-01
2.200000e-01 8.735665e-01
2.300000e-01 8.626951e-01
2.400000e-01 8.514917e-01
2.500000e-01 8.399738e-01
2.600000e-01 8.281590e-01
2.700000e-01 8.160652e-01
2.800000e-01 8.037105e-01
2.900000e-01 7.911131e-01
3.000000e-01 7.782912e-01
3.100000e-01 7.652634e-01
3.200000e-01 7.520479e-01
3.300000e-01 7.386630e-01
3.400000e-01 7.251271e-01
3.500000e-01 7.114583e-01
3.600000e-01 6.976745e-01
3.700000e-01 6.837936e-01
3.800000e-01 6.698330e-01
3.900000e-01 6.558100e-01
4.000000e-01 6.417417e-01
4.100000e-01 6.276446e-01
4.200000e-01 6.135350e-01
4.300000e-01 5.994287e-01
4.400000e-01 5.853413e-01
4.500000e-01 5.712877e-01
4.600000e-01 5.572825e-01
4.700000e-01 5.433397e-01
4.800000e-01 5.294729e-01
4.900000e-01 5.156950e-01
5.000000e-01 5.020187e-01
5.100000e-01 4.884559e-01
5.200000e-01 4.750178e-01
5.300000e-01 4.617155e-01
5.400000e-01 4.485591e-01
5.500000e-01 4.355584e-01
5.600000e-01 4.227224e-01
5.700000e-01 4.100597e-01
5.800000e-01 3.975782e-01
5.900000e-01 3.852854e-01
6.000000e-01 3.731880e-01
6.100000e-01 3.612924e-01
6.200000e-01 3.496042e-01
6.300000e-01 3.381285e-01
6.400000e-01 3.268701e-01
6.500000e-01 3.158329e-01
6.600000e-01 3.050206e-01
6.700000e-01 2.944363e-01
6.800000e-01 2.840825e-01
6.900000e-01 2.739614e-01
7.000000e-01 2.640746e-01
7.100000e-01 2.544233e-01
7.200000e-01 2.450083e-01
7.300000e-01 2.358300e-01
7.400000e-01 2.268883e-01
7.500000e-01 2.181830e-01
7.600000e-01 2.097132e-01
7.700000e-01 2.014778e-01
7.800000e-01 1.934755e-01
7.900000e-01 1.857046e-01
8.000000e-01 1.781629e-01
8.100000e-01 1.708484e-01
8.200000e-01 1.637583e-01
8.300000e-01 1.568901e-01
8.400000e-01 1.502408e-01
8.500000e-01 1.438070e-01
8.600000e-01 1.375857e-01
8.700000e-01 1.315731e-01
8.800000e-01 1.257657e-01
8.900000e-01 1.201596e-01
9.000000e-01 1.147509e-01
9.100000e-01 1.095357e-01
9.200000e-01 1.045097e-01
9.300000e-01 9.966888e-02
9.400000e-01 9.500884e-02
9.500000e-01 9.052533e-02
9.600000e-01 8.621397e-02
9.700000e-01 8.207040e-02
9.800000e-01 7.809020e-02
9.900000e-01 7.426897e-02
1.000000e+00 7.060229e-02
1.010000e+00 6.708576e-02
1.020000e+00 6.371500e-02
1.030000e+00 6.048564e-02
1.040000e+00 5.739338e-02
1.050000e+00 5.443391e-02
1.060000e+00 5.160301e-02
1.070000e+00 4.889650e-02
1.080000e+00 4.631024e-02
1.090000e+00 4.384018e-02
1.100000e+00 4.148232e-02
1.110000e+00 3.923274e-02
1.120000e+00 3.708759e-02
1.130000e+00 3.504310e-02
1.140000e+00 3.309558e-02
1.150000e+00 3.124142e-02
1.160000e+00 2.947711e-02
1.170000e+00 2.779920e-02
1.180000e+00 2.620436e-02
1.190000e+00 2.468931e-02
1.200000e+00 2.325090e-02
1.210000e+00 2.188603e-02
1.220000e+00 2.059173e-02
1.230000e+00 1.936509e-02
1.240000e+00 1.820329e-02
1.250000e+00 1.710361e-02
1.260000e+00 1.606342e-02
1.270000e+00 1.508015e-02
1.280000e+00 1.415135e-02
1.290000e+00 1.327464e-02
1.300000e+00 1.244770e-02
1.310000e+00 1.166833e-02
1.320000e+00 1.093438e-02
1.330000e+00 1.024378e-02
1.340000e+00 9.594548e-03
1.350000e+00 8.984768e-03
1.360000e+00 8.412594e-03
1.370000e+00 7.876251e-03
1.380000e+00 7.374031e-03
1.390000e+00 6.904293e-03
1.400000e+00 6.465456e-03
1.410000e+00 6.056004e-03
1.420000e+00 5.674477e-03
1.430000e+00 5.319476e-03
1.440000e+00 4.989654e-03
1.450000e+00 4.683719e-03
1.460000e+00 4.400432e-03
1.470000e+00 4.138602e-03
1.480000e+00 3.897088e-03
1.490000e+00 3.674795e-03
1.500000e+00 3.470673e-03
1.510000e+00 3.283714e-03
1.520000e+00 3.112954e-03
1.530000e+00 2.957470e-03
1.540000e+00 2.816376e-03
1.550000e+00 2.688825e-03
1.560000e+00 2.574007e-03
1.570000e+00 2.471146e-03
1.580000e+00 2.379503e-03
1.590000e+00 2.298370e-03
1.600000e+00 2.227072e-03
1.610000e+00 2.164966e-03
1.620000e+00 2.111437e-03
1.630000e+00 2.065903e-03
1.640000e+00 2.027807e-03
1.650000e+00 1.996622e-03
1.660000e+00 1.971848e-03
1.670000e+00 1.953010e-03
1.680000e+00 1.939659e-03
1.690000e+00 1.931370e-03
1.700000e+00 1.927744e-03
1.710000e+00 1.928403e-03
1.720000e+00 1.932992e-03
1.730000e+00 1.941178e-03
1.740000e+00 1.952650e-03
1.750000e+00 1.967115e-03
1.760000e+00 1.984301e-03
1.770000e+00 2.003955e-03
1.780000e+00 2.025842e-03
1.790000e+00 2.049743e-03
1.800000e+00 2.075456e-03
1.810000e+00 2.102796e-03
1.820000e+00 2.131591e-03
1.830000e+00 2.161684e-03
1.840000e+00 2.192930e-03
1.850000e+00 2.225198e-03
1.860000e+00 2.258368e-03
1.870000e+00 2.292330e-03
1.880000e+00 2.326983e-03
1.890000e+00 2.362236e-03
1.900000e+00 2.398006e-03
1.910000e+00 2.434217e-03
1.920000e+00 2.470800e-03
1.930000e+00 2.507689e-03
1.940000e+00 2.544824e-03
1.950000e+00 2.582151e-03
1.960000e+00 2.619615e-03
1.970000e+00 2.657166e-03
1.980000e+00 2.694755e-03
1.990000e+00 2.732334e-03
2.000000e+00 2.769855e-03
2.010000e+00 2.807268e-03
2.020000e+00 2.844526e-03
2.030000e+00 2.881577e-03
2.040000e+00 2.918368e-03
2.050000e+00 2.954845e-03
2.060000e+00 2.990951e-03
2.070000e+00 3.026625e-03
2.080000e+00 3.061805e-03
2.090000e+00 3.096423e-03
2.100000e+00 3.130409e-03
2.110000e+00 3.163692e-03
2.120000e+00 3.196194e-03
2.130000e+00 3.227837e-03
2.140000e+00 3.258537e-03
2.150000e+00 3.288210e-03
2.160000e+00 3.316768e-03
2.170000e+00 3.344121e-03
2.180000e+00 3.370179e-03
2.190000e+00 3.394848e-03
2.200000e+00 3.418035e-03
2.210000e+00 3.439646e-03
2.220000e+00 3.459589e-03
2.230000e+00 3.477770e-03
2.240000e+00 3.494100e-03
2.250000e+00 3.508490e-03
2.260000e+00 3.520854e-03
2.270000e+00 3.531110e-03
2.280000e+00 3.539181e-03
2.290000e+00 3.544993e-03
2.300000e+00 3.548480e-03
2.310000e+00 3.549580e-03
2.320000e+00 3.548239e-03
2.330000e+00 3.544411e-03
2.340000e+00 3.538057e-03
2.350000e+00 3.529146e-03
2.360000e+00 3.517657e-03
2.370000e+00 3.503579e-03
2.380000e+00 3.486910e-03
2.390000e+00 3.467657e-03
2.400000e+00 3.445840e-03
2.410000e+00 3.421487e-03
2.420000e+00 3.394637e-03
2.430000e+00 3.365341e-03
2.440000e+00 3.333660e-03
2.450000e+00 3.299665e-03
2.460000e+00 3.263438e-03
2.470000e+00 3.225071e-03
2.480000e+00 3.184664e-03
2.490000e+00 3.142330e-03
2.500000e+00 3.098186e-03
2.510000e+00 3.052362e-03
2.520000e+00 3.004993e-03
2.530000e+00 2.956221e-03
2.540000e+00 2.906195e-03
2.550000e+00 2.855068e-03
2.560000e+00 2.803001e-03
2.570000e+00 2.750155e-03
2.580000e+00 2.696697e-03
2.590000e+00 2.642792e-03
2.600000e+00 2.588610e-03
2.610000e+00 2.534318e-03
2.620000e+00 2.480084e-03
2.630000e+00 2.426074e-03
2.640000e+00 2.372448e-03
2.650000e+00 2.319367e-03
2.660000e+00 2.266983e-03
2.670000e+00 2.215443e-03
2.680000e+00 2.164890e-03
2.690000e+00 2.115457e-03
2.700000e+00 2.067269e-03
2.710000e+00 2.020443e-03
2.720000e+00 1.975085e-03
2.730000e+00 1.931292e-03
2.740000e+00 1.889151e-03
2.750000e+00 1.848735e-03
2.760000e+00 1.810107e-03
2.770000e+00 1.773319e-03
2.780000e+00 1.738409e-03
2.790000e+00 1.705404e-03
2.800000e+00 1.674318e-03
2.810000e+00 1.645153e-03
2.820000e+00 1.617899e-03
2.830000e+00 1.592533e-03
2.840000e+00 1.569021e-03
2.850000e+00 1.547316e-03
2.860000e+00 1.527363e-03
2.870000e+00 1.509094e-03
2.880000e+00 1.492431e-03
2.890000e+00 1.477288e-03
2.900000e+00 1.463568e-03
2.910000e+00 1.451169e-03
2.920000e+00 1.439978e-03
2.930000e+00 1.429878e-03
2.940000e+00 1.420746e-03
2.950000e+00 1.412453e-03
2.960000e+00 1.404867e-03
2.970000e+00 1.397852e-03
2.980000e+00 1.391272e-03
2.990000e+00 1.384985e-03
3.000000e+00 1.378854e-03
3.010000e+00 1.372737e-03
3.020000e+00 1.366499e-03
3.030000e+00 1.360001e-03
3.040000e+00 1.353111e-03
3.050000e+00 1.345700e-03
3.060000e+00 1.337641e-03
3.070000e+00 1.328815e-03
3.080000e+00 1.319106e-03
3.090000e+00 1.308406e-03
3.100000e+00 1.296613e-03
3.110000e+00 1.283632e-03
3.120000e+00 1.269377e-03
3.130000e+00 1.253769e-03
3.140000e+00 1.236737e-03
3.150000e+00 1.218220e-03
3.160000e+00 1.198165e-03
3.170000e+00 1.176527e-03
3.180000e+00 1.153274e-03
3.190000e+00 1.128378e-03
3.200000e+00 1.101824e-03
3.210000e+00 1.073605e-03
3.220000e+00 1.043724e-03
3.230000e+00 1.012191e-03
3.240000e+00 9.790268e-04
3.250000e+00 9.442603e-04
3.260000e+00 9.079284e-04
3.270000e+00 8.700766e-04
3.280000e+00 8.307580e-04
3.290000e+00 7.900333e-04
3.300000e+00 7.479704e-04
3.310000e+00 7.046439e-04
3.320000e+00 6.601349e-04
3.330000e+00 6.145305e-04
3.340000e+00 5.679235e-04
3.350000e+00 5.204116e-04
3.360000e+00 4.720974e-04
3.370000e+00 4.230877e-04
3.380000e+00 3.734931e-04
3.390000e+00 3.234276e-04
3.400000e+00 2.730080e-04
3.410000e+00 2.223535e-04
3.420000e+00 1.715852e-04
3.430000e+00 1.208257e-04
3.440000e+00 7.019853e-05
3.450000e+00 1.982762e-05
3.460000e+00 -3.016302e-05
3.470000e+00 -7.964991e-05
3.480000e+00 -1.285106e-04
3.490000e+00 -1.766239e-04
3.500000e+00 -2.238709e-04
3.510000e+00 -2.701349e-04
3.520000e+00 -3.153021e-04
3.530000e+00 -3.592620e-04
3.540000e+00 -4.019083e-04
3.550000e+00 -4.431387e-04
3.560000e+00 -4.828558e-04
3.570000e+00 -5.209674e-04
3.580000e+00 -5.573869e-04
3.590000e+00 -5.920340e-04
3.600000e+00 -6.248349e-04
3.610000e+00 -6.557225e-04
3.620000e+00 -6.846374e-04
3.630000e+00 -7.115276e-04
3.640000e+00 -7.363492e-04
3.650000e+00 -7.590669e-04
3.660000e+00 -7.796537e-04
3.670000e+00 -7.980917e-04
3.680000e+00 -8.143722e-04
3.690000e+00 -8.284958e-04
3.700000e+00 -8.404725e-04
3.710000e+00 -8.503219e-04
3.720000e+00 -8.580733e-04
3.730000e+00 -8.637659e-04
3.740000e+00 -8.674481e-04
3.750000e+00 -8.691782e-04
3.760000e+00 -8.690238e-04
3.770000e+00 -8.670617e-04
3.780000e+00 -8.633776e-04
3.790000e+00 -8.580660e-04
3.800000e+00 -8.512297e-04
3.810000e+00 -8.429792e-04
3.820000e+00 -8.334325e-04
3.830000e+00 -8.227145e-04
3.840000e+00 -8.109562e-04
3.850000e+00 -7.982945e-04
3.860000e+00 -7.848709e-04
3.870000e+00 -7.708313e-04
3.880000e+00 -7.563251e-04
3.890000e+00 -7.415043e-04
3.900000e+00 -7.265225e-04
3.910000e+00 -7.115345e-04
3.920000e+00 -6.966949e-04
3.930000e+00 -6.821576e-04
3.940000e+00 -6.680746e-04
3.950000e+00 -6.545953e-04
3.960000e+00 -6.418654e-04
3.970000e+00 -6.300262e-04
3.980000e+00 -6.192136e-04
3.990000e+00 -6.095570e-04
4.000000e+00 -6.011791e-04
4.010000e+00 -5.941946e-04
4.020000e+00 -5.887094e-04
4.030000e+00 -5.848205e-04
4.040000e+00 -5.826145e-04
4.050000e+00 -5.821681e-04
4.060000e+00 -5.835464e-04
4.070000e+00 -5.868035e-04
4.080000e+00 -5.919815e-04
4.090000e+00 -5.991106e-04
4.100000e+00 -6.082087e-04
4.110000e+00 -6.192812e-04
4.120000e+00 -6.323214e-04
4.130000e+00 -6.473102e-04
4.140000e+00 -6.642164e-04
4.150000e+00 -6.829968e-04
4.160000e+00 -7.035968e-04
4.170000e+00 -7.259505e-04
4.180000e+00 -7.499815e-04
4.190000e+00 -7.756033e-04
4.200000e+00 -8.027198e-04
4.210000e+00 -8.312264e-04
4.220000e+00 -8.610103e-04
4.230000e+00 -8.919519e-04
4.240000e+00 -9.239249e-04
4.250000e+00 -9.567981e-04
4.260000e+00 -9.904355e-04
4.270000e+00 -1.024698e-03
4.280000e+00 -1.059444e-03
4.290000e+00 -1.094530e-03
4.300000e+00 -1.129813e-03
4.310000e+00 -1.165150e-03
4.320000e+00 -1.200400e-03
4.330000e+00 -1.235423e-03
4.340000e+00 -1.270085e-03
4.350000e+00 -1.304255e-03
4.360000e+00 -1.337806e-03
4.370000e+00 -1.370620e-03
4.380000e+00 -1.402582e-03
4.390000e+00 -1.433589e-03
4.400000e+00 -1.463541e-03
4.410000e+00 -1.492351e-03
4.420000e+00 -1.519939e-03
4.430000e+00 -1.546234e-03
4.440000e+00 -1.571176e-03
4.450000e+00 -1.594715e-03
4.460000e+00 -1.616810e-03
4.470000e+00 -1.637430e-03
4.480000e+00 -1.656557e-03
4.490000e+00 -1.674179e-03
4.500000e+00 -1.690298e-03
4.510000e+00 -1.704922e-03
4.520000e+00 -1.718070e-03
4.530000e+00 -1.729770e-03
4.540000e+00 -1.740058e-03
4.550000e+00 -1.748978e-03
4.560000e+00 -1.756581e-03
4.570000e+00 -1.762925e-03
4.580000e+00 -1.768073e-03
4.590000e+00 -1.772096e-03
4.600000e+00 -1.775065e-03
4.610000e+00 -1.777059e-03
4.620000e+00 -1.778158e-03
4.630000e+00 -1.778444e-03
4.640000e+00 -1.778001e-03
4.650000e+00 -1.776913e-03
4.660000e+00 -1.775265e-03
4.670000e+00 -1.773139e-03
4.680000e+00 -1.770617e-03
4.690000e+00 -1.767779e-03
4.700000e+00 -1.764700e-03
4.710000e+00 -1.761453e-03
4.720000e+00 -1.758105e-03
4.730000e+00 -1.754721e-03
4.740000e+00 -1.751357e-03
4.750000e+00 -1.748067e-03
4.760000e+00 -1.744897e-03
4.770000e+00 -1.741885e-03
4.780000e+00 -1.739066e-03
4.790000e+00 -1.736465e-03
4.800000e+00 -1.734102e-03
4.810000e+00 -1.731989e-03
4.820000e+00 -1.730130e-03
4.830000e+00 -1.728525e-03
4.840000e+00 -1.727163e-03
4.850000e+00 -1.726030e-03
4.860000e+00 -1.725104e-03
4.870000e+00 -1.724356e-03
4.880000e+00 -1.723752e-03
4.890000e+00 -1.723253e-03
4.900000e+00 -1.722814e-03
4.910000e+00 -1.722385e-03
4.920000e+00 -1.721912e-03
4.930000e+00 -1.721340e-03
4.940000e+00 -1.720606e-03
4.950000e+00 -1.719648e-03
4.960000e+00 -1.718402e-03
4.970000e+00 -1.716800e-03
4.980000e+00 -1.714776e-03
4.990000e+00 -1.712261e-03
5.000000e+00 -1.709189e-03
5.010000e+00 -1.705494e-03
5.020000e+00 -1.701110e-03
5.030000e+00 -1.695974e-03
5.040000e+00 -1.690026e-03
5.050000e+00 -1.683210e-03
5.060000e+00 -1.675471e-03
5.070000e+00 -1.666759e-03
5.080000e+00 -1.657029e-03
5.090000e+00 -1.646241e-03
5.100000e+00 -1.634359e-03
5.110000e+00 -1.621352e-03
5.120000e+00 -1.607198e-03
5.130000e+00 -1.591877e-03
5.140000e+00 -1.575377e-03
5.150000e+00 -1.557692e-03
5.160000e+00 -1.538823e-03
5.170000e+00 -1.518776e-03
5.180000e+00 -1.497565e-03
5.190000e+00 -1.475209e-03
5.200000e+00 -1.451735e-03
5.210000e+00 -1.427173e-03
5.220000e+00 -1.401564e-03
5.230000e+00 -1.374950e-03
5.240000e+00 -1.347382e-03
5.250000e+00 -1.318914e-03
5.260000e+00 -1.289606e-03
5.270000e+00 -1.259523e-03
5.280000e+00 -1.228733e-03
5.290000e+00 -1.197311e-03
5.300000e+00 -1.165331e-03
5.310000e+00 -1.132873e-03
5.320000e+00 -1.100021e-03
5.330000e+00 -1.066856e-03
5.340000e+00 -1.033466e-03
5.350000e+00 -9.999371e-04
5.360000e+00 -9.663571e-04
5.370000e+00 -9.328139e-04
5.380000e+00 -8.993949e-04
5.390000e+00 -8.661868e-04
5.400000e+00 -8.332752e-04
5.410000e+00 -8.007438e-04
5.420000e+00 -7.686742e-04
5.430000e+00 -7.371453e-04
5.440000e+00 -7.062334e-04
5.450000e+00 -6.760111e-04
5.460000e+00 -6.465473e-04
5.470000e+00 -6.179071e-04
5.480000e+00 -5.901512e-04
5.490000e+00 -5.633358e-04
5.500000e+00 -5.375122e-04
5.510000e+00 -5.127269e-04
5.520000e+00 -4.890214e-04
5.530000e+00 -4.664318e-04
5.540000e+00 -4.449893e-04
5.550000e+00 -4.247196e-04
5.560000e+00 -4.056433e-04
5.570000e+00 -3.877758e-04
5.580000e+00 -3.711276e-04
5.590000e+00 -3.557041e-04
5.600000e+00 -3.415062e-04
5.610000e+00 -3.285299e-04
5.620000e+00 -3.167674e-04
5.630000e+00 -3.062064e-04
5.640000e+00 -2.968314e-04
5.650000e+00 -2.886229e-04
5.660000e+00 -2.815590e-04
5.670000e+00 -2.756145e-04
5.680000e+00 -2.707622e-04
5.690000e+00 -2.669729e-04
5.700000e+00 -2.642157e-04
5.710000e+00 -2.624588e-04
5.720000e+00 -2.616692e-04
5.730000e+00 -2.618137e-04
5.740000e+00 -2.628592e-04
5.750000e+00 -2.647725e-04
5.760000e+00 -2.675214e-04
5.770000e+00 -2.710744e-04
5.780000e+00 -2.754013e-04
5.790000e+00 -2.804736e-04
5.800000e+00 -2.862642e-04
5.810000e+00 -2.927482e-04
5.820000e+00 -2.999026e-04
5.830000e+00 -3.077069e-04
5.840000e+00 -3.161426e-04
5.850000e+00 -3.251938e-04
5.860000e+00 -3.348468e-04
5.870000e+00 -3.450906e-04
5.880000e+00 -3.559161e-04
5.890000e+00 -3.673166e-04
5.900000e+00 -3.792875e-04
5.910000e+00 -3.918258e-04
5.920000e+00 -4.049306e-04
5.930000e+00 -4.186020e-04
5.940000e+00 -4.328415e-04
5.950000e+00 -4.476512e-04
5.960000e+00 -4.630341e-04
5.970000e+00 -4.789930e-04
5.980000e+00 -4.955307e-04
5.990000e+00 -5.126495e-04
6.000000e+00 -5.303507e-04
6.010000e+00 -5.486343e-04
6.020000e+00 -5.674988e-04
6.030000e+00 -5.869404e-04
6.040000e+00 -6.069530e-04
6.050000e+00 -6.275279e-04
6.060000e+00 -6.486532e-04
6.070000e+00 -6.703135e-04
6.080000e+00 -6.924900e-04
6.090000e+00 -7.151598e-04
6.100000e+00 -7.382959e-04
6.110000e+00 -7.618671e-04
6.120000e+00 -7.858375e-04
6.130000e+00 -8.101670e-04
6.140000e+00 -8.348106e-04
6.150000e+00 -8.597186e-04
6.160000e+00 -8.848369e-04
6.170000e+00 -9.101067e-04
6.180000e+00 -9.354647e-04
6.190000e+00 -9.608434e-04
6.200000e+00 -9.861712e-04
6.210000e+00 -1.011372e-03
6.220000e+00 -1.036368e-03
6.230000e+00 -1.061075e-03
6.240000e+00 -1.085409e-03
6.250000e+00 -1.109280e-03
6.260000e+00 -1.132600e-03
6.270000e+00 -1.155276e-03
6.280000e+00 -1.177214e-03
6.290000e+00 -1.198320e-03
6.300000e+00 -1.218499e-03
6.310000e+00 -1.237657e-03
6.320000e+00 -1.255699e-03
6.330000e+00 -1.272533e-03
6.340000e+00 -1.288066e-03
6.350000e+00 -1.302209e-03
6.360000e+00 -1.314875e-03
6.370000e+00 -1.325979e-03
6.380000e+00 -1.335439e-03
6.390000e+00 -1.343180e-03
6.400000e+00 -1.349126e-03
6.410000e+00 -1.353209e-03
6.420000e+00 -1.355365e-03
6.430000e+00 -1.355535e-03
6.440000e+00 -1.353665e-03
6.450000e+00 -1.349706e-03
6.460000e+00 -1.343617e-03
6.470000e+00 -1.335359e-03
6.480000e+00 -1.324904e-03
6.490000e+00 -1.312225e-03
6.500000e+00 -1.297306e-03
6.510000e+00 -1.280134e-03
6.520000e+00 -1.260704e-03
6.530000e+00 -1.239015e-03
6.540000e+00 -1.215076e-03
6.550000e+00 -1.188898e-03
6.560000e+00 -1.160500e-03
6.570000e+00 -1.129908e-03
6.580000e+00 -1.097153e-03
6.590000e+00 -1.062269e-03
6.600000e+00 -1.025301e-03
6.610000e+00 -9.862932e-04
6.620000e+00 -9.452996e-04
6.630000e+00 -9.023769e-04
6.640000e+00 -8.575872e-04
6.650000e+00 -8.109970e-04
6.660000e+00 -7.626773e-04
6.670000e+00 -7.127030e-04
6.680000e+00 -6.611533e-04
6.690000e+00 -6.081109e-04
6.700000e+00 -5.536622e-04
6.710000e+00 -4.978968e-04
6.720000e+00 -4.409076e-04
6.730000e+00 -3.827905e-04
6.740000e+00 -3.236438e-04
6.750000e+00 -2.635688e-04
6.760000e+00 -2.026690e-04
6.770000e+00 -1.410499e-04
6.780000e+00 -7.881905e-05
6.790000e+00 -1.608580e-05
6.800000e+00 4.703909e-05
6.810000e+00 1.104435e-04
6.820000e+00 1.740144e-04
6.830000e+00 2.376379e-04
6.840000e+00 3.011994e-04
6.850000e+00 3.645843e-04
6.860000e+00 4.276779e-04
6.870000e+00 4.903658e-04
6.880000e+00 5.525343e-04
6.890000e+00 6.140707e-04
6.900000e+00 6.748635e-04
6.910000e+00 7.348031e-04
6.920000e+00 7.937816e-04
6.930000e+00 8.516941e-04
6.940000e+00 9.084380e-04
6.950000e+00 9.639143e-04
6.960000e+00 1.018028e-03
6.970000e+00 1.070687e-03
6.980000e+00 1.121805e-03
6.990000e+00 1.171301e-03
7.000000e+00 1.219098e-03
7.010000e+00 1.265125e-03
7.020000e+00 1.309319e-03
7.030000e+00 1.351622e-03
7.040000e+00 1.391983e-03
7.050000e+00 1.430359e-03
7.060000e+00 1.466715e-03
7.070000e+00 1.501023e-03
7.080000e+00 1.533264e-03
7.090000e+00 1.563428e-03
7.100000e+00 1.591511e-03
7.110000e+00 1.617521e-03
7.120000e+00 1.641474e-03
7.130000e+00 1.663392e-03
7.140000e+00 1.683311e-03
7.150000e+00 1.701271e-03
7.160000e+00 1.717322e-03
7.170000e+00 1.731525e-03
7.180000e+00 1.743944e-03
7.190000e+00 1.754656e-03
7.200000e+00 1.763742e-03
7.210000e+00 1.771289e-03
7.220000e+00 1.777395e-03
7.230000e+00 1.782158e-03
7.240000e+00 1.785686e-03
7.250000e+00 1.788087e-03
7.260000e+00 1.789476e-03
7.270000e+00 1.789970e-03
7.280000e+00 1.789688e-03
7.290000e+00 1.788749e-03
7.300000e+00 1.787274e-03
7.310000e+00 1.785382e-03
7.320000e+00 1.783194e-03
7.330000e+00 1.780823e-03
7.340000e+00 1.778385e-03
7.350000e+00 1.775986e-03
7.360000e+00 1.773733e-03
7.370000e+00 1.771722e-03
7.380000e+00 1.770046e-03
7.390000e+00 1.768788e-03
7.400000e+00 1.768026e-03
7.410000e+00 1.767827e-03
7.420000e+00 1.768249e-03
7.430000e+00 1.769341e-03
7.440000e+00 1.771140e-03
7.450000e+00 1.773676e-03
7.460000e+00 1.776964e-03
7.470000e+00 1.781010e-03
7.480000e+00 1.785807e-03
7.490000e+00 1.791340e-03
7.500000e+00 1.797578e-03
7.510000e+00 1.804483e-03
7.520000e+00 1.812003e-03
7.530000e+00 1.820078e-03
7.540000e+00 1.828634e-03
7.550000e+00 1.837592e-03
7.560000e+00 1.846859e-03
7.570000e+00 1.856336e-03
7.580000e+00 1.865916e-03
7.590000e+00 1.875483e-03
7.600000e+00 1.884916e-03
7.610000e+00 1.894088e-03
7.620000e+00 1.902868e-03
7.630000e+00 1.911120e-03
7.640000e+00 1.918706e-03
7.650000e+00 1.925485e-03
7.660000e+00 1.931317e-03
7.670000e+00 1.936061e-03
7.680000e+00 1.939576e-03
7.690000e+00 1.941726e-03
7.700000e+00 1.942376e-03
7.710000e+00 1.941395e-03
7.720000e+00 1.938657e-03
7.730000e+00 1.934044e-03
7.740000e+00 1.927440e-03
7.750000e+00 1.918741e-03
7.760000e+00 1.907848e-03
7.770000e+00 1.894673e-03
7.780000e+00 1.879134e-03
7.790000e+00 1.861162e-03
7.800000e+00 1.840697e-03
7.810000e+00 1.817688e-03
7.820000e+00 1.792098e-03
7.830000e+00 1.763898e-03
7.840000e+00 1.733071e-03
7.850000e+00 1.699612e-03
7.860000e+00 1.663527e-03
7.870000e+00 1.624832e-03
7.880000e+00 1.583555e-03
7.890000e+00 1.539734e-03
7.900000e+00 1.493418e-03
7.910000e+00 1.444664e-03
7.920000e+00 1.393542e-03
7.930000e+00 1.340128e-03
7.940000e+00 1.284508e-03
7.950000e+00 1.226775e-03
7.960000e+00 1.167032e-03
7.970000e+00 1.105386e-03
7.980000e+00 1.041951e-03
7.990000e+00 9.768465e-04
8.000000e+00 9.101978e-04
8.010000e+00 8.421333e-04
8.020000e+00 7.727852e-04
8.030000e+00 7.022884e-04
8.040000e+00 6.307799e-04
8.050000e+00 5.583982e-04
8.060000e+00 4.852827e-04
8.070000e+00 4.115728e-04
8.080000e+00 3.374074e-04
8.090000e+00 2.629244e-04
8.100000e+00 1.882601e-04
8.110000e+00 1.135488e-04
8.120000e+00 3.892209e-05
8.130000e+00 -3.549164e-05
8.140000e+00 -1.095674e-04
8.150000e+00 -1.831841e-04
8.160000e+00 -2.562248e-04
8.170000e+00 -3.285775e-04
8.180000e+00 -4.001346e-04
8.190000e+00 -4.707939e-04
8.200000e+00 -5.404584e-04
8.210000e+00 -6.090367e-04
8.220000e+00 -6.764431e-04
8.230000e+00 -7.425974e-04
8.240000e+00 -8.074256e-04
8.250000e+00 -8.708595e-04
8.260000e+00 -9.328368e-04
8.270000e+00 -9.933013e-04
8.280000e+00 -1.052203e-03
8.290000e+00 -1.109497e-03
8.300000e+00 -1.165146e-03
8.310000e+00 -1.219116e-03
8.320000e+00 -1.271382e-03
8.330000e+00 -1.321921e-03
8.340000e+00 -1.370720e-03
8.350000e+00 -1.417767e-03
8.360000e+00 -1.463058e-03
8.370000e+00 -1.506593e-03
8.380000e+00 -1.548380e-03
8.390000e+00 -1.588427e-03
8.400000e+00 -1.626750e-03
8.410000e+00 -1.663370e-03
8.420000e+00 -1.698310e-03
8.430000e+00 -1.731599e-03
8.440000e+00 -1.763270e-03
8.450000e+00 -1.793359e-03
8.460000e+00 -1.821907e-03
8.470000e+00 -1.848957e-03
8.480000e+00 -1.874556e-03
8.490000e+00 -1.898753e-03
8.500000e+00 -1.921602e-03
8.510000e+00 -1.943157e-03
8.520000e+00 -1.963475e-03
8.530000e+00 -1.982617e-03
8.540000e+00 -2.000643e-03
8.550000e+00 -2.017617e-03
8.560000e+00 -2.033602e-03
8.570000e+00 -2.048662e-03
8.580000e+00 -2.062865e-03
8.590000e+00 -2.076275e-03
8.600000e+00 -2.088959e-03
8.610000e+00 -2.100983e-03
8.620000e+00 -2.112411e-03
8.630000e+00 -2.123310e-03
8.640000e+00 -2.133742e-03
8.650000e+00 -2.143769e-03
8.660000e+00 -2.153452e-03
8.670000e+00 -2.162849e-03
8.680000e+00 -2.172017e-03
8.690000e+00 -2.181009e-03
8.700000e+00 -2.189877e-03
8.710000e+00 -2.198668e-03
8.720000e+00 -2.207428e-03
8.730000e+00 -2.216197e-03
8.740000e+00 -2.225013e-03
8.750000e+00 -2.233911e-03
8.760000e+00 -2.242920e-03
8.770000e+00 -2.252065e-03
8.780000e+00 -2.261369e-03
8.790000e+00 -2.270847e-03
8.800000e+00 -2.280514e-03
8.810000e+00 -2.290377e-03
8.820000e+00 -2.300439e-03
8.830000e+00 -2.310700e-03
8.840000e+00 -2.321154e-03
8.850000e+00 -2.331793e-03
8.860000e+00 -2.342600e-03
8.870000e+00 -2.353559e-03
8.880000e+00 -2.364646e-03
8.890000e+00 -2.375835e-03
8.900000e+00 -2.387096e-03
8.910000e+00 -2.398395e-03
8.920000e+00 -2.409694e-03
8.930000e+00 -2.420953e-03
8.940000e+00 -2.432127e-03
8.950000e+00 -2.443172e-03
8.960000e+00 -2.454039e-03
8.970000e+00 -2.464676e-03
8.980000e+00 -2.475031e-03
8.990000e+00 -2.485051e-03
9.000000e+00 -2.494680e-03
9.010000e+00 -2.503862e-03
9.020000e+00 -2.512541e-03
9.030000e+00 -2.520660e-03
9.040000e+00 -2.528162e-03
9.050000e+00 -2.534992e-03
9.060000e+00 -2.541094e-03
9.070000e+00 -2.546414e-03
9.080000e+00 -2.550900e-03
9.090000e+00 -2.554500e-03
9.100000e+00 -2.557165e-03
9.110000e+00 -2.558850e-03
9.120000e+00 -2.559510e-03
9.130000e+00 -2.559104e-03
9.140000e+00 -2.557595e-03
9.150000e+00 -2.554948e-03
9.160000e+00 -2.551133e-03
9.170000e+00 -2.546122e-03
9.180000e+00 -2.539892e-03
9.190000e+00 -2.532426e-03
9.200000e+00 -2.523710e-03
9.210000e+00 -2.513733e-03
9.220000e+00 -2.502490e-03
9.230000e+00 -2.489983e-03
9.240000e+00 -2.476215e-03
9.250000e+00 -2.461197e-03
9.260000e+00 -2.444943e-03
9.270000e+00 -2.427475e-03
9.280000e+00 -2.408816e-03
9.290000e+00 -2.388998e-03
9.300000e+00 -2.368056e-03
9.310000e+00 -2.346031e-03
9.320000e+00 -2.322968e-03
9.330000e+00 -2.298917e-03
9.340000e+00 -2.273936e-03
9.350000e+00 -2.248083e-03
9.360000e+00 -2.221423e-03
9.370000e+00 -2.194027e-03
9.380000e+00 -2.165967e-03
9.390000e+00 -2.137321e-03
9.400000e+00 -2.108171e-03
9.410000e+00 -2.078602e-03
9.420000e+00 -2.048702e-03
9.430000e+00 -2.018563e-03
9.440000e+00 -1.988280e-03
9.450000e+00 -1.957949e-03
9.460000e+00 -1.927669e-03
9.470000e+00 -1.897542e-03
9.480000e+00 -1.867668e-03
9.490000e+00 -1.838152e-03
9.500000e+00 -1.809097e-03
9.510000e+00 -1.780608e-03
9.520000e+00 -1.752788e-03
9.530000e+00 -1.725740e-03
9.540000e+00 -1.699567e-03
9.550000e+00 -1.674370e-03
9.560000e+00 -1.650247e-03
9.570000e+00 -1.627294e-03
9.580000e+00 -1.605607e-03
9.590000e+00 -1.585274e-03
9.600000e+00 -1.566383e-03
9.610000e+00 -1.549016e-03
9.620000e+00 -1.533252e-03
9.630000e+00 -1.519165e-03
9.640000e+00 -1.506821e-03
9.650000e+00 -1.496285e-03
9.660000e+00 -1.487612e-03
9.670000e+00 -1.480853e-03
9.680000e+00 -1.476051e-03
9.690000e+00 -1.473244e-03
9.700000e+00 -1.472462e-03
9.710000e+00 -1.473728e-03
9.720000e+00 -1.477057e-03
9.730000e+00 -1.482456e-03
9.740000e+00 -1.489928e-03
9.750000e+00 -1.499463e-03
9.760000e+00 -1.511048e-03
9.770000e+00 -1.524659e-03
9.780000e+00 -1.540267e-03
9.790000e+00 -1.557832e-03
9.800000e+00 -1.577311e-03
9.810000e+00 -1.598651e-03
9.820000e+00 -1.621792e-03
9.830000e+00 -1.646667e-03
9.840000e+00 -1.673204e-03
9.850000e+00 -1.701322e-03
9.860000e+00 -1.730937e-03
9.870000e+00 -1.761957e-03
9.880000e+00 -1.794285e-03
9.890000e+00 -1.827821e-03
9.900000e+00 -1.862457e-03
9.910000e+00 -1.898083e-03
9.920000e+00 -1.934585e-03
9.930000e+00 -1.971845e-03
9.940000e+00 -2.009742e-03
9.950000e+00 -2.048154e-03
9.960000e+00 -2.086955e-03
9.970000e+00 -2.126017e-03
9.980000e+00 -2.165213e-03
9.990000e+00 -2.204414e-03
1.000000e+01 -2.243489e-03
