# sigma2_v 6.361406810309274e+00
0.000000e+00 1.000000e+00
1.000000e-02 9.996820e-01
2.000000e-02 9.987286e-01
3.000000e-02 9.971416e-01
4.000000e-02 9.949244e-01
5.000000e-02 9.920812e-01
6.000000e-02 9.886176e-01
7.000000e-02 9.845407e-01
8.000000e-02 9.798583e-01
9.000000e-02 9.745796e-01
1.000000e-01 9.687151e-01
1.100000e-01 9.622761e-01
1.200000e-01 9.552751e-01
1.300000e-01 9.477257e-01
1.400000e-01 9.396422e-01
1.500000e-01 9.310401e-01
1.600000e-01 9.219356e-01
1.700000e-01 9.123458e-01
1.800000e-01 9.022885e-01
1.900000e-01 8.917824e-01
2.000000e-01 8.808465e-01
2.100000e-01 8.695006e-01
2.200000e-01 8.577651e-01
2.300000e-01 8.456607e-01
2.400000e-01 8.332086e-01
2.500000e-01 8.204303e-01
2.600000e-01 8.073475e-01
2.700000e-01 7.939822e-01
2.800000e-01 7.803565e-01
2.900000e-01 7.664927e-01
3.000000e-01 7.524129e-01
3.100000e-01 7.381394e-01
3.200000e-01 7.236943e-01
3.300000e-01 7.090994e-01
3.400000e-01 6.943766e-01
3.500000e-01 6.795473e-01
3.600000e-01 6.646326e-01
3.700000e-01 6.496535e-01
3.800000e-01 6.346302e-01
3.900000e-01 6.195828e-01
4.000000e-01 6.045307e-01
4.100000e-01 5.894928e-01
4.200000e-01 5.744875e-01
4.300000e-01 5.595326e-01
4.400000e-01 5.446453e-01
4.500000e-01 5.298421e-01
4.600000e-01 5.151389e-01
4.700000e-01 5.005507e-01
4.800000e-01 4.860920e-01
4.900000e-01 4.717766e-01
5.000000e-01 4.576175e-01
5.100000e-01 4.436270e-01
5.200000e-01 4.298164e-01
5.300000e-01 4.161967e-01
5.400000e-01 4.027778e-01
5.500000e-01 3.895690e-01
5.600000e-01 3.765789e-01
5.700000e-01 3.638153e-01
5.800000e-01 3.512852e-01
5.900000e-01 3.389950e-01
6.000000e-01 3.269504e-01
6.100000e-01 3.151564e-01
6.200000e-01 3.036173e-01
6.300000e-01 2.923369e-01
6.400000e-01 2.813180e-01
6.500000e-01 2.705633e-01
6.600000e-01 2.600746e-01
6.700000e-01 2.498531e-01
6.800000e-01 2.398997e-01
6.900000e-01 2.302145e-01
7.000000e-01 2.207974e-01
7.100000e-01 2.116475e-01
7.200000e-01 2.027637e-01
7.300000e-01 1.941446e-01
7.400000e-01 1.857880e-01
7.500000e-01 1.776916e-01
7.600000e-01 1.698529e-01
7.700000e-01 1.622687e-01
7.800000e-01 1.549358e-01
7.900000e-01 1.478507e-01
8.000000e-01 1.410094e-01
8.100000e-01 1.344081e-01
8.200000e-01 1.280424e-01
8.300000e-01 1.219079e-01
8.400000e-01 1.160001e-01
8.500000e-01 1.103142e-01
8.600000e-01 1.048455e-01
8.700000e-01 9.958884e-02
8.800000e-01 9.453935e-02
8.900000e-01 8.969187e-02
9.000000e-01 8.504125e-02
9.100000e-01 8.058229e-02
9.200000e-01 7.630976e-02
9.300000e-01 7.221843e-02
9.400000e-01 6.830307e-02
9.500000e-01 6.455843e-02
9.600000e-01 6.097932e-02
9.700000e-01 5.756056e-02
9.800000e-01 5.429701e-02
9.900000e-01 5.118360e-02
1.000000e+00 4.821528e-02
1.010000e+00 4.538709e-02
1.020000e+00 4.269414e-02
1.030000e+00 4.013161e-02
1.040000e+00 3.769475e-02
1.050000e+00 3.537891e-02
1.060000e+00 3.317953e-02
1.070000e+00 3.109213e-02
1.080000e+00 2.911235e-02
1.090000e+00 2.723591e-02
1.100000e+00 2.545864e-02
1.110000e+00 2.377646e-02
1.120000e+00 2.218543e-02
1.130000e+00 2.068167e-02
1.140000e+00 1.926145e-02
1.150000e+00 1.792112e-02
1.160000e+00 1.665716e-02
1.170000e+00 1.546614e-02
1.180000e+00 1.434475e-02
1.190000e+00 1.328979e-02
1.200000e+00 1.229816e-02
1.210000e+00 1.136687e-02
1.220000e+00 1.049305e-02
1.230000e+00 9.673906e-03
1.240000e+00 8.906780e-03
1.250000e+00 8.189097e-03
1.260000e+00 7.518390e-03
1.270000e+00 6.892288e-03
1.280000e+00 6.308522e-03
1.290000e+00 5.764915e-03
1.300000e+00 5.259385e-03
1.310000e+00 4.789940e-03
1.320000e+00 4.354679e-03
1.330000e+00 3.951787e-03
1.340000e+00 3.579533e-03
1.350000e+00 3.236267e-03
1.360000e+00 2.920418e-03
1.370000e+00 2.630492e-03
1.380000e+00 2.365069e-03
1.390000e+00 2.122798e-03
1.400000e+00 1.902397e-03
1.410000e+00 1.702648e-03
1.420000e+00 1.522397e-03
1.430000e+00 1.360546e-03
1.440000e+00 1.216056e-03
1.450000e+00 1.087939e-03
1.460000e+00 9.752594e-04
1.470000e+00 8.771269e-04
1.480000e+00 7.926970e-04
1.490000e+00 7.211667e-04
1.500000e+00 6.617721e-04
1.510000e+00 6.137856e-04
1.520000e+00 5.765132e-04
1.530000e+00 5.492925e-04
1.540000e+00 5.314897e-04
1.550000e+00 5.224977e-04
1.560000e+00 5.217340e-04
1.570000e+00 5.286382e-04
1.580000e+00 5.426705e-04
1.590000e+00 5.633099e-04
1.600000e+00 5.900522e-04
1.610000e+00 6.224090e-04
1.620000e+00 6.599061e-04
1.630000e+00 7.020823e-04
1.640000e+00 7.484884e-04
1.650000e+00 7.986865e-04
1.660000e+00 8.522490e-04
1.670000e+00 9.087583e-04
1.680000e+00 9.678060e-04
1.690000e+00 1.028993e-03
1.700000e+00 1.091930e-03
1.710000e+00 1.156234e-03
1.720000e+00 1.221535e-03
1.730000e+00 1.287469e-03
1.740000e+00 1.353683e-03
1.750000e+00 1.419834e-03
1.760000e+00 1.485590e-03
1.770000e+00 1.550630e-03
1.780000e+00 1.614643e-03
1.790000e+00 1.677332e-03
1.800000e+00 1.738414e-03
1.810000e+00 1.797617e-03
1.820000e+00 1.854688e-03
1.830000e+00 1.909384e-03
1.840000e+00 1.961483e-03
1.850000e+00 2.010778e-03
1.860000e+00 2.057078e-03
1.870000e+00 2.100213e-03
1.880000e+00 2.140029e-03
1.890000e+00 2.176394e-03
1.900000e+00 2.209194e-03
1.910000e+00 2.238336e-03
1.920000e+00 2.263746e-03
1.930000e+00 2.285372e-03
1.940000e+00 2.303181e-03
1.950000e+00 2.317163e-03
1.960000e+00 2.327326e-03
1.970000e+00 2.333700e-03
1.980000e+00 2.336333e-03
1.990000e+00 2.335294e-03
2.000000e+00 2.330670e-03
2.010000e+00 2.322566e-03
2.020000e+00 2.311105e-03
2.030000e+00 2.296426e-03
2.040000e+00 2.278683e-03
2.050000e+00 2.258044e-03
2.060000e+00 2.234693e-03
2.070000e+00 2.208821e-03
2.080000e+00 2.180635e-03
2.090000e+00 2.150349e-03
2.100000e+00 2.118183e-03
2.110000e+00 2.084367e-03
2.120000e+00 2.049135e-03
2.130000e+00 2.012723e-03
2.140000e+00 1.975370e-03
2.150000e+00 1.937317e-03
2.160000e+00 1.898802e-03
2.170000e+00 1.860062e-03
2.180000e+00 1.821329e-03
2.190000e+00 1.782831e-03
2.200000e+00 1.744789e-03
2.210000e+00 1.707415e-03
2.220000e+00 1.670914e-03
2.230000e+00 1.635480e-03
2.240000e+00 1.601293e-03
2.250000e+00 1.568525e-03
2.260000e+00 1.537330e-03
2.270000e+00 1.507852e-03
2.280000e+00 1.480217e-03
2.290000e+00 1.454538e-03
2.300000e+00 1.430908e-03
2.310000e+00 1.409407e-03
2.320000e+00 1.390097e-03
2.330000e+00 1.373022e-03
2.340000e+00 1.358210e-03
2.350000e+00 1.345670e-03
2.360000e+00 1.335395e-03
2.370000e+00 1.327361e-03
2.380000e+00 1.321526e-03
2.390000e+00 1.317832e-03
2.400000e+00 1.316206e-03
2.410000e+00 1.316559e-03
2.420000e+00 1.318787e-03
2.430000e+00 1.322771e-03
2.440000e+00 1.328382e-03
2.450000e+00 1.335474e-03
2.460000e+00 1.343893e-03
2.470000e+00 1.353474e-03
2.480000e+00 1.364042e-03
2.490000e+00 1.375413e-03
2.500000e+00 1.387396e-03
2.510000e+00 1.399795e-03
2.520000e+00 1.412409e-03
2.530000e+00 1.425032e-03
2.540000e+00 1.437456e-03
2.550000e+00 1.449472e-03
2.560000e+00 1.460872e-03
2.570000e+00 1.471446e-03
2.580000e+00 1.480989e-03
2.590000e+00 1.489300e-03
2.600000e+00 1.496180e-03
2.610000e+00 1.501438e-03
2.620000e+00 1.504889e-03
2.630000e+00 1.506355e-03
2.640000e+00 1.505669e-03
2.650000e+00 1.502671e-03
2.660000e+00 1.497215e-03
2.670000e+00 1.489163e-03
2.680000e+00 1.478392e-03
2.690000e+00 1.464789e-03
2.700000e+00 1.448258e-03
2.710000e+00 1.428714e-03
2.720000e+00 1.406089e-03
2.730000e+00 1.380326e-03
2.740000e+00 1.351387e-03
2.750000e+00 1.319247e-03
2.760000e+00 1.283898e-03
2.770000e+00 1.245346e-03
2.780000e+00 1.203612e-03
2.790000e+00 1.158733e-03
2.800000e+00 1.110762e-03
2.810000e+00 1.059766e-03
2.820000e+00 1.005824e-03
2.830000e+00 9.490324e-04
2.840000e+00 8.894985e-04
2.850000e+00 8.273431e-04
2.860000e+00 7.626990e-04
2.870000e+00 6.957102e-04
2.880000e+00 6.265312e-04
2.890000e+00 5.553262e-04
2.900000e+00 4.822681e-04
2.910000e+00 4.075375e-04
2.920000e+00 3.313221e-04
2.930000e+00 2.538153e-04
2.940000e+00 1.752152e-04
2.950000e+00 9.572405e-05
2.960000e+00 1.554644e-05
2.970000e+00 -6.511120e-05
2.980000e+00 -1.460419e-04
2.990000e+00 -2.270391e-04
3.000000e+00 -3.078978e-04
3.010000e+00 -3.884155e-04
3.020000e+00 -4.683932e-04
3.030000e+00 -5.476364e-04
3.040000e+00 -6.259561e-04
3.050000e+00 -7.031696e-04
3.060000e+00 -7.791011e-04
3.070000e+00 -8.535832e-04
3.080000e+00 -9.264568e-04
3.090000e+00 -9.975723e-04
3.100000e+00 -1.066790e-03
3.110000e+00 -1.133981e-03
3.120000e+00 -1.199027e-03
3.130000e+00 -1.261821e-03
3.140000e+00 -1.322268e-03
3.150000e+00 -1.380285e-03
3.160000e+00 -1.435801e-03
3.170000e+00 -1.488758e-03
3.180000e+00 -1.539109e-03
3.190000e+00 -1.586821e-03
3.200000e+00 -1.631870e-03
3.210000e+00 -1.674247e-03
3.220000e+00 -1.713955e-03
3.230000e+00 -1.751006e-03
3.240000e+00 -1.785423e-03
3.250000e+00 -1.817243e-03
3.260000e+00 -1.846509e-03
3.270000e+00 -1.873276e-03
3.280000e+00 -1.897607e-03
3.290000e+00 -1.919573e-03
3.300000e+00 -1.939254e-03
3.310000e+00 -1.956734e-03
3.320000e+00 -1.972107e-03
3.330000e+00 -1.985468e-03
3.340000e+00 -1.996920e-03
3.350000e+00 -2.006569e-03
3.360000e+00 -2.014521e-03
3.370000e+00 -2.020888e-03
3.380000e+00 -2.025782e-03
3.390000e+00 -2.029313e-03
3.400000e+00 -2.031595e-03
3.410000e+00 -2.032737e-03
3.420000e+00 -2.032849e-03
3.430000e+00 -2.032036e-03
3.440000e+00 -2.030401e-03
3.450000e+00 -2.028042e-03
3.460000e+00 -2.025055e-03
3.470000e+00 -2.021528e-03
3.480000e+00 -2.017544e-03
3.490000e+00 -2.013180e-03
3.500000e+00 -2.008508e-03
3.510000e+00 -2.003591e-03
3.520000e+00 -1.998485e-03
3.530000e+00 -1.993238e-03
3.540000e+00 -1.987893e-03
3.550000e+00 -1.982481e-03
3.560000e+00 -1.977029e-03
3.570000e+00 -1.971554e-03
3.580000e+00 -1.966065e-03
3.590000e+00 -1.960564e-03
3.600000e+00 -1.955045e-03
3.610000e+00 -1.949494e-03
3.620000e+00 -1.943892e-03
3.630000e+00 -1.938210e-03
3.640000e+00 -1.932416e-03
3.650000e+00 -1.926470e-03
3.660000e+00 -1.920328e-03
3.670000e+00 -1.913938e-03
3.680000e+00 -1.907248e-03
3.690000e+00 -1.900199e-03
3.700000e+00 -1.892730e-03
3.710000e+00 -1.884778e-03
3.720000e+00 -1.876277e-03
3.730000e+00 -1.867160e-03
3.740000e+00 -1.857362e-03
3.750000e+00 -1.846815e-03
3.760000e+00 -1.835454e-03
3.770000e+00 -1.823214e-03
3.780000e+00 -1.810034e-03
3.790000e+00 -1.795856e-03
3.800000e+00 -1.780624e-03
3.810000e+00 -1.764289e-03
3.820000e+00 -1.746803e-03
3.830000e+00 -1.728128e-03
3.840000e+00 -1.708230e-03
3.850000e+00 -1.687079e-03
3.860000e+00 -1.664657e-03
3.870000e+00 -1.640949e-03
3.880000e+00 -1.615949e-03
3.890000e+00 -1.589661e-03
3.900000e+00 -1.562095e-03
3.910000e+00 -1.533268e-03
3.920000e+00 -1.503210e-03
3.930000e+00 -1.471955e-03
3.940000e+00 -1.439548e-03
3.950000e+00 -1.406042e-03
3.960000e+00 -1.371498e-03
3.970000e+00 -1.335986e-03
3.980000e+00 -1.299581e-03
3.990000e+00 -1.262370e-03
4.000000e+00 -1.224444e-03
4.010000e+00 -1.185901e-03
4.020000e+00 -1.146847e-03
4.030000e+00 -1.107393e-03
4.040000e+00 -1.067654e-03
4.050000e+00 -1.027751e-03
4.060000e+00 -9.878082e-04
4.070000e+00 -9.479545e-04
4.080000e+00 -9.083201e-04
4.090000e+00 -8.690376e-04
4.100000e+00 -8.302406e-04
4.110000e+00 -7.920636e-04
4.120000e+00 -7.546404e-04
4.130000e+00 -7.181040e-04
4.140000e+00 -6.825855e-04
4.150000e+00 -6.482136e-04
4.160000e+00 -6.151138e-04
4.170000e+00 -5.834074e-04
4.180000e+00 -5.532115e-04
4.190000e+00 -5.246376e-04
4.200000e+00 -4.977914e-04
4.210000e+00 -4.727721e-04
4.220000e+00 -4.496719e-04
4.230000e+00 -4.285755e-04
4.240000e+00 -4.095596e-04
4.250000e+00 -3.926922e-04
4.260000e+00 -3.780330e-04
4.270000e+00 -3.656322e-04
4.280000e+00 -3.555309e-04
4.290000e+00 -3.477605e-04
4.300000e+00 -3.423428e-04
4.310000e+00 -3.392898e-04
4.320000e+00 -3.386036e-04
4.330000e+00 -3.402766e-04
4.340000e+00 -3.442914e-04
4.350000e+00 -3.506211e-04
4.360000e+00 -3.592293e-04
4.370000e+00 -3.700706e-04
4.380000e+00 -3.830906e-04
4.390000e+00 -3.982264e-04
4.400000e+00 -4.154069e-04
4.410000e+00 -4.345534e-04
4.420000e+00 -4.555799e-04
4.430000e+00 -4.783935e-04
4.440000e+00 -5.028953e-04
4.450000e+00 -5.289807e-04
4.460000e+00 -5.565399e-04
4.470000e+00 -5.854587e-04
4.480000e+00 -6.156193e-04
4.490000e+00 -6.469004e-04
4.500000e+00 -6.791785e-04
4.510000e+00 -7.123281e-04
4.520000e+00 -7.462226e-04
4.530000e+00 -7.807349e-04
4.540000e+00 -8.157382e-04
4.550000e+00 -8.511063e-04
4.560000e+00 -8.867149e-04
4.570000e+00 -9.224415e-04
4.580000e+00 -9.581664e-04
4.590000e+00 -9.937735e-04
4.600000e+00 -1.029150e-03
4.610000e+00 -1.064189e-03
4.620000e+00 -1.098787e-03
4.630000e+00 -1.132847e-03
4.640000e+00 -1.166277e-03
4.650000e+00 -1.198992e-03
4.660000e+00 -1.230913e-03
4.670000e+00 -1.261970e-03
4.680000e+00 -1.292098e-03
4.690000e+00 -1.321239e-03
4.700000e+00 -1.349346e-03
4.710000e+00 -1.376376e-03
4.720000e+00 -1.402297e-03
4.730000e+00 -1.427083e-03
4.740000e+00 -1.450716e-03
4.750000e+00 -1.473187e-03
4.760000e+00 -1.494493e-03
4.770000e+00 -1.514641e-03
4.780000e+00 -1.533643e-03
4.790000e+00 -1.551518e-03
4.800000e+00 -1.568294e-03
4.810000e+00 -1.584004e-03
4.820000e+00 -1.598685e-03
4.830000e+00 -1.612384e-03
4.840000e+00 -1.625148e-03
4.850000e+00 -1.637033e-03
4.860000e+00 -1.648097e-03
4.870000e+00 -1.658400e-03
4.880000e+00 -1.668007e-03
4.890000e+00 -1.676985e-03
4.900000e+00 -1.685402e-03
4.910000e+00 -1.693326e-03
4.920000e+00 -1.700826e-03
4.930000e+00 -1.707973e-03
4.940000e+00 -1.714832e-03
4.950000e+00 -1.721471e-03
4.960000e+00 -1.727952e-03
4.970000e+00 -1.734337e-03
4.980000e+00 -1.740682e-03
4.990000e+00 -1.747041e-03
5.000000e+00 -1.753460e-03
5.010000e+00 -1.759983e-03
5.020000e+00 -1.766646e-03
5.030000e+00 -1.773480e-03
5.040000e+00 -1.780509e-03
5.050000e+00 -1.787749e-03
5.060000e+00 -1.795210e-03
5.070000e+00 -1.802893e-03
5.080000e+00 -1.810792e-03
5.090000e+00 -1.818893e-03
5.100000e+00 -1.827174e-03
5.110000e+00 -1.835605e-03
5.120000e+00 -1.844146e-03
5.130000e+00 -1.852751e-03
5.140000e+00 -1.861366e-03
5.150000e+00 -1.869928e-03
5.160000e+00 -1.878370e-03
5.170000e+00 -1.886613e-03
5.180000e+00 -1.894576e-03
5.190000e+00 -1.902169e-03
5.200000e+00 -1.909297e-03
5.210000e+00 -1.915862e-03
5.220000e+00 -1.921759e-03
5.230000e+00 -1.926880e-03
5.240000e+00 -1.931115e-03
5.250000e+00 -1.934351e-03
5.260000e+00 -1.936473e-03
5.270000e+00 -1.937366e-03
5.280000e+00 -1.936916e-03
5.290000e+00 -1.935009e-03
5.300000e+00 -1.931533e-03
5.310000e+00 -1.926378e-03
5.320000e+00 -1.919440e-03
5.330000e+00 -1.910618e-03
5.340000e+00 -1.899816e-03
5.350000e+00 -1.886945e-03
5.360000e+00 -1.871923e-03
5.370000e+00 -1.854677e-03
5.380000e+00 -1.835139e-03
5.390000e+00 -1.813256e-03
5.400000e+00 -1.788980e-03
5.410000e+00 -1.762276e-03
5.420000e+00 -1.733120e-03
5.430000e+00 -1.701501e-03
5.440000e+00 -1.667417e-03
5.450000e+00 -1.630883e-03
5.460000e+00 -1.591923e-03
5.470000e+00 -1.550577e-03
5.480000e+00 -1.506897e-03
5.490000e+00 -1.460949e-03
5.500000e+00 -1.412812e-03
5.510000e+00 -1.362579e-03
5.520000e+00 -1.310357e-03
5.530000e+00 -1.256265e-03
5.540000e+00 -1.200434e-03
5.550000e+00 -1.143010e-03
5.560000e+00 -1.084148e-03
5.570000e+00 -1.024017e-03
5.580000e+00 -9.627953e-04
5.590000e+00 -9.006711e-04
5.600000e+00 -8.378427e-04
5.610000e+00 -7.745163e-04
5.620000e+00 -7.109060e-04
5.630000e+00 -6.472326e-04
5.640000e+00 -5.837223e-04
5.650000e+00 -5.206061e-04
5.660000e+00 -4.581184e-04
5.670000e+00 -3.964961e-04
5.680000e+00 -3.359773e-04
5.690000e+00 -2.768003e-04
5.700000e+00 -2.192021e-04
5.710000e+00 -1.634176e-04
5.720000e+00 -1.096782e-04
5.730000e+00 -5.821054e-05
5.740000e+00 -9.235509e-06
5.750000e+00 3.703301e-05
5.760000e+00 8.038924e-05
5.770000e+00 1.206366e-04
5.780000e+00 1.575888e-04
5.790000e+00 1.910707e-04
5.800000e+00 2.209195e-04
5.810000e+00 2.469853e-04
5.820000e+00 2.691322e-04
5.830000e+00 2.872390e-04
5.840000e+00 3.011996e-04
5.850000e+00 3.109242e-04
5.860000e+00 3.163389e-04
5.870000e+00 3.173871e-04
5.880000e+00 3.140290e-04
5.890000e+00 3.062425e-04
5.900000e+00 2.940227e-04
5.910000e+00 2.773827e-04
5.920000e+00 2.563527e-04
5.930000e+00 2.309805e-04
5.940000e+00 2.013311e-04
5.950000e+00 1.674862e-04
5.960000e+00 1.295440e-04
5.970000e+00 8.761836e-05
5.980000e+00 4.183869e-05
5.990000e+00 -7.651142e-06
6.000000e+00 -6.069335e-05
6.010000e+00 -1.171171e-04
6.020000e+00 -1.767394e-04
6.030000e+00 -2.393660e-04
6.040000e+00 -3.047925e-04
6.050000e+00 -3.728052e-04
6.060000e+00 -4.431822e-04
6.070000e+00 -5.156949e-04
6.080000e+00 -5.901085e-04
6.090000e+00 -6.661836e-04
6.100000e+00 -7.436770e-04
6.110000e+00 -8.223434e-04
6.120000e+00 -9.019360e-04
6.130000e+00 -9.822077e-04
6.140000e+00 -1.062913e-03
6.150000e+00 -1.143807e-03
6.160000e+00 -1.224649e-03
6.170000e+00 -1.305203e-03
6.180000e+00 -1.385237e-03
6.190000e+00 -1.464525e-03
6.200000e+00 -1.542848e-03
6.210000e+00 -1.619995e-03
6.220000e+00 -1.695762e-03
6.230000e+00 -1.769956e-03
6.240000e+00 -1.842393e-03
6.250000e+00 -1.912897e-03
6.260000e+00 -1.981306e-03
6.270000e+00 -2.047467e-03
6.280000e+00 -2.111238e-03
6.290000e+00 -2.172489e-03
6.300000e+00 -2.231102e-03
6.310000e+00 -2.286971e-03
6.320000e+00 -2.340001e-03
6.330000e+00 -2.390109e-03
6.340000e+00 -2.437223e-03
6.350000e+00 -2.481283e-03
6.360000e+00 -2.522242e-03
6.370000e+00 -2.560060e-03
6.380000e+00 -2.594712e-03
6.390000e+00 -2.626181e-03
6.400000e+00 -2.654459e-03
6.410000e+00 -2.679550e-03
6.420000e+00 -2.701466e-03
6.430000e+00 -2.720226e-03
6.440000e+00 -2.735859e-03
6.450000e+00 -2.748402e-03
6.460000e+00 -2.757897e-03
6.470000e+00 -2.764393e-03
6.480000e+00 -2.767947e-03
6.490000e+00 -2.768618e-03
6.500000e+00 -2.766474e-03
6.510000e+00 -2.761584e-03
6.520000e+00 -2.754023e-03
6.530000e+00 -2.743868e-03
6.540000e+00 -2.731200e-03
6.550000e+00 -2.716103e-03
6.560000e+00 -2.698661e-03
6.570000e+00 -2.678962e-03
6.580000e+00 -2.657094e-03
6.590000e+00 -2.633148e-03
6.600000e+00 -2.607211e-03
6.610000e+00 -2.579377e-03
6.620000e+00 -2.549733e-03
6.630000e+00 -2.518372e-03
6.640000e+00 -2.485383e-03
6.650000e+00 -2.450854e-03
6.660000e+00 -2.414875e-03
6.670000e+00 -2.377533e-03
6.680000e+00 -2.338914e-03
6.690000e+00 -2.299102e-03
6.700000e+00 -2.258181e-03
6.710000e+00 -2.216233e-03
6.720000e+00 -2.173339e-03
6.730000e+00 -2.129575e-03
6.740000e+00 -2.085020e-03
6.750000e+00 -2.039748e-03
6.760000e+00 -1.993832e-03
6.770000e+00 -1.947342e-03
6.780000e+00 -1.900349e-03
6.790000e+00 -1.852918e-03
6.800000e+00 -1.805116e-03
6.810000e+00 -1.757004e-03
6.820000e+00 -1.708644e-03
6.830000e+00 -1.660094e-03
6.840000e+00 -1.611412e-03
6.850000e+00 -1.562653e-03
6.860000e+00 -1.513868e-03
6.870000e+00 -1.465110e-03
6.880000e+00 -1.416426e-03
6.890000e+00 -1.367864e-03
6.900000e+00 -1.319469e-03
6.910000e+00 -1.271283e-03
6.920000e+00 -1.223349e-03
6.930000e+00 -1.175704e-03
6.940000e+00 -1.128388e-03
6.950000e+00 -1.081436e-03
6.960000e+00 -1.034881e-03
6.970000e+00 -9.887583e-04
6.980000e+00 -9.430972e-04
6.990000e+00 -8.979279e-04
7.000000e+00 -8.532786e-04
7.010000e+00 -8.091762e-04
7.020000e+00 -7.656463e-04
7.030000e+00 -7.227133e-04
7.040000e+00 -6.804004e-04
7.050000e+00 -6.387296e-04
7.060000e+00 -5.977221e-04
7.070000e+00 -5.573977e-04
7.080000e+00 -5.177757e-04
7.090000e+00 -4.788742e-04
7.100000e+00 -4.407104e-04
7.110000e+00 -4.033007e-04
7.120000e+00 -3.666608e-04
7.130000e+00 -3.308053e-04
7.140000e+00 -2.957483e-04
7.150000e+00 -2.615028e-04
7.160000e+00 -2.280810e-04
7.170000e+00 -1.954944e-04
7.180000e+00 -1.637534e-04
7.190000e+00 -1.328676e-04
7.200000e+00 -1.028454e-04
7.210000e+00 -7.369445e-05
7.220000e+00 -4.542104e-05
7.230000e+00 -1.803038e-05
7.240000e+00 8.473575e-06
7.250000e+00 3.408821e-05
7.260000e+00 5.881231e-05
7.270000e+00 8.264613e-05
7.280000e+00 1.055915e-04
7.290000e+00 1.276518e-04
7.300000e+00 1.488321e-04
7.310000e+00 1.691394e-04
7.320000e+00 1.885823e-04
7.330000e+00 2.071712e-04
7.340000e+00 2.249184e-04
7.350000e+00 2.418383e-04
7.360000e+00 2.579468e-04
7.370000e+00 2.732618e-04
7.380000e+00 2.878033e-04
7.390000e+00 3.015927e-04
7.400000e+00 3.146533e-04
7.410000e+00 3.270099e-04
7.420000e+00 3.386890e-04
7.430000e+00 3.497184e-04
7.440000e+00 3.601272e-04
7.450000e+00 3.699457e-04
7.460000e+00 3.792049e-04
7.470000e+00 3.879370e-04
7.480000e+00 3.961743e-04
7.490000e+00 4.039498e-04
7.500000e+00 4.112965e-04
7.510000e+00 4.182475e-04
7.520000e+00 4.248355e-04
7.530000e+00 4.310927e-04
7.540000e+00 4.370505e-04
7.550000e+00 4.427396e-04
7.560000e+00 4.481893e-04
7.570000e+00 4.534277e-04
7.580000e+00 4.584811e-04
7.590000e+00 4.633743e-04
7.600000e+00 4.681302e-04
7.610000e+00 4.727695e-04
7.620000e+00 4.773109e-04
7.630000e+00 4.817707e-04
7.640000e+00 4.861631e-04
7.650000e+00 4.904997e-04
7.660000e+00 4.947898e-04
7.670000e+00 4.990403e-04
7.680000e+00 5.032558e-04
7.690000e+00 5.074386e-04
7.700000e+00 5.115888e-04
7.710000e+00 5.157046e-04
7.720000e+00 5.197819e-04
7.730000e+00 5.238154e-04
7.740000e+00 5.277978e-04
7.750000e+00 5.317206e-04
7.760000e+00 5.355745e-04
7.770000e+00 5.393489e-04
7.780000e+00 5.430330e-04
7.790000e+00 5.466154e-04
7.800000e+00 5.500851e-04
7.810000e+00 5.534308e-04
7.820000e+00 5.566424e-04
7.830000e+00 5.597100e-04
7.840000e+00 5.626253e-04
7.850000e+00 5.653811e-04
7.860000e+00 5.679718e-04
7.870000e+00 5.703938e-04
7.880000e+00 5.726455e-04
7.890000e+00 5.747274e-04
7.900000e+00 5.766424e-04
7.910000e+00 5.783960e-04
7.920000e+00 5.799964e-04
7.930000e+00 5.814542e-04
7.940000e+00 5.827829e-04
7.950000e+00 5.839985e-04
7.960000e+00 5.851198e-04
7.970000e+00 5.861682e-04
7.980000e+00 5.871672e-04
7.990000e+00 5.881431e-04
8.000000e+00 5.891239e-04
8.010000e+00 5.901396e-04
8.020000e+00 5.912220e-04
8.030000e+00 5.924040e-04
8.040000e+00 5.937199e-04
8.050000e+00 5.952045e-04
8.060000e+00 5.968930e-04
8.070000e+00 5.988208e-04
8.080000e+00 6.010230e-04
8.090000e+00 6.035338e-04
8.100000e+00 6.063866e-04
8.110000e+00 6.096131e-04
8.120000e+00 6.132434e-04
8.130000e+00 6.173053e-04
8.140000e+00 6.218241e-04
8.150000e+00 6.268222e-04
8.160000e+00 6.323188e-04
8.170000e+00 6.383298e-04
8.180000e+00 6.448669e-04
8.190000e+00 6.519384e-04
8.200000e+00 6.595480e-04
8.210000e+00 6.676952e-04
8.220000e+00 6.763749e-04
8.230000e+00 6.855775e-04
8.240000e+00 6.952888e-04
8.250000e+00 7.054898e-04
8.260000e+00 7.161571e-04
8.270000e+00 7.272624e-04
8.280000e+00 7.387732e-04
8.290000e+00 7.506525e-04
8.300000e+00 7.628594e-04
8.310000e+00 7.753489e-04
8.320000e+00 7.880722e-04
8.330000e+00 8.009774e-04
8.340000e+00 8.140094e-04
8.350000e+00 8.271102e-04
8.360000e+00 8.402197e-04
8.370000e+00 8.532755e-04
8.380000e+00 8.662138e-04
8.390000e+00 8.789695e-04
8.400000e+00 8.914768e-04
8.410000e+00 9.036692e-04
8.420000e+00 9.154808e-04
8.430000e+00 9.268456e-04
8.440000e+00 9.376988e-04
8.450000e+00 9.479768e-04
8.460000e+00 9.576176e-04
8.470000e+00 9.665614e-04
8.480000e+00 9.747506e-04
8.490000e+00 9.821304e-04
8.500000e+00 9.886490e-04
8.510000e+00 9.942579e-04
8.520000e+00 9.989122e-04
8.530000e+00 1.002571e-03
8.540000e+00 1.005197e-03
8.550000e+00 1.006756e-03
8.560000e+00 1.007222e-03
8.570000e+00 1.006568e-03
8.580000e+00 1.004775e-03
8.590000e+00 1.001829e-03
8.600000e+00 9.977165e-04
8.610000e+00 9.924327e-04
8.620000e+00 9.859753e-04
8.630000e+00 9.783465e-04
8.640000e+00 9.695529e-04
8.650000e+00 9.596054e-04
8.660000e+00 9.485188e-04
8.670000e+00 9.363115e-04
8.680000e+00 9.230062e-04
8.690000e+00 9.086286e-04
8.700000e+00 8.932079e-04
8.710000e+00 8.767767e-04
8.720000e+00 8.593703e-04
8.730000e+00 8.410268e-04
8.740000e+00 8.217871e-04
8.750000e+00 8.016942e-04
8.760000e+00 7.807935e-04
8.770000e+00 7.591325e-04
8.780000e+00 7.367604e-04
8.790000e+00 7.137284e-04
8.800000e+00 6.900889e-04
8.810000e+00 6.658962e-04
8.820000e+00 6.412056e-04
8.830000e+00 6.160739e-04
8.840000e+00 5.905589e-04
8.850000e+00 5.647195e-04
8.860000e+00 5.386159e-04
8.870000e+00 5.123089e-04
8.880000e+00 4.858607e-04
8.890000e+00 4.593340e-04
8.900000e+00 4.327929e-04
8.910000e+00 4.063021e-04
8.920000e+00 3.799273e-04
8.930000e+00 3.537352e-04
8.940000e+00 3.277935e-04
8.950000e+00 3.021706e-04
8.960000e+00 2.769360e-04
8.970000e+00 2.521602e-04
8.980000e+00 2.279144e-04
8.990000e+00 2.042709e-04
9.000000e+00 1.813026e-04
9.010000e+00 1.590834e-04
9.020000e+00 1.376875e-04
9.030000e+00 1.171901e-04
9.040000e+00 9.766656e-05
9.050000e+00 7.919256e-05
9.060000e+00 6.184390e-05
9.070000e+00 4.569625e-05
9.080000e+00 3.082493e-05
9.090000e+00 1.730461e-05
9.100000e+00 5.209037e-06
9.110000e+00 -5.389309e-06
9.120000e+00 -1.441956e-05
9.130000e+00 -2.181285e-05
9.140000e+00 -2.750273e-05
9.150000e+00 -3.142558e-05
9.160000e+00 -3.352112e-05
9.170000e+00 -3.373279e-05
9.180000e+00 -3.200833e-05
9.190000e+00 -2.830023e-05
9.200000e+00 -2.256626e-05
9.210000e+00 -1.476997e-05
9.220000e+00 -4.881203e-06
9.230000e+00 7.123376e-06
9.240000e+00 2.125981e-05
9.250000e+00 3.753635e-05
9.260000e+00 5.595300e-05
9.270000e+00 7.650107e-05
9.280000e+00 9.916278e-05
9.290000e+00 1.239108e-04
9.300000e+00 1.507082e-04
9.310000e+00 1.795077e-04
9.320000e+00 2.102518e-04
9.330000e+00 2.428725e-04
9.340000e+00 2.772911e-04
9.350000e+00 3.134182e-04
9.360000e+00 3.511535e-04
9.370000e+00 3.903864e-04
9.380000e+00 4.309953e-04
9.390000e+00 4.728487e-04
9.400000e+00 5.158046e-04
9.410000e+00 5.597116e-04
9.420000e+00 6.044088e-04
9.430000e+00 6.497266e-04
9.440000e+00 6.954869e-04
9.450000e+00 7.415042e-04
9.460000e+00 7.875860e-04
9.470000e+00 8.335333e-04
9.480000e+00 8.791421e-04
9.490000e+00 9.242037e-04
9.500000e+00 9.685056e-04
9.510000e+00 1.011833e-03
9.520000e+00 1.053969e-03
9.530000e+00 1.094697e-03
9.540000e+00 1.133799e-03
9.550000e+00 1.171060e-03
9.560000e+00 1.206268e-03
9.570000e+00 1.239213e-03
9.580000e+00 1.269691e-03
9.590000e+00 1.297503e-03
9.600000e+00 1.322458e-03
9.610000e+00 1.344373e-03
9.620000e+00 1.363072e-03
9.630000e+00 1.378390e-03
9.640000e+00 1.390175e-03
9.650000e+00 1.398283e-03
9.660000e+00 1.402586e-03
9.670000e+00 1.402966e-03
9.680000e+00 1.399321e-03
9.690000e+00 1.391564e-03
9.700000e+00 1.379622e-03
9.710000e+00 1.363438e-03
9.720000e+00 1.342970e-03
9.730000e+00 1.318194e-03
9.740000e+00 1.289100e-03
9.750000e+00 1.255698e-03
9.760000e+00 1.218011e-03
9.770000e+00 1.176080e-03
9.780000e+00 1.129963e-03
9.790000e+00 1.079732e-03
9.800000e+00 1.025476e-03
9.810000e+00 9.672997e-04
9.820000e+00 9.053214e-04
9.830000e+00 8.396741e-04
9.840000e+00 7.705045e-04
9.850000e+00 6.979716e-04
9.860000e+00 6.222469e-04
9.870000e+00 5.435127e-04
9.880000e+00 4.619617e-04
9.890000e+00 3.777961e-04
9.900000e+00 2.912262e-04
9.910000e+00 2.024697e-04
9.920000e+00 1.117507e-04
9.930000e+00 1.929854e-05
9.940000e+00 -7.465348e-05
9.950000e+00 -1.698688e-04
9.960000e+00 -2.661090e-04
9.970000e+00 -3.631347e-04
9.980000e+00 -4.607068e-04
9.990000e+00 -5.585873e-04
1.000000e+01 -6.565407e-04
