# sigma2_v 6.377855275924526e+00
# aH 9e+01
0.000000e+00 1.000000e+00
1.000000e-02 9.996812e-01
2.000000e-02 9.987252e-01
3.000000e-02 9.971341e-01
4.000000e-02 9.949108e-01
5.000000e-02 9.920596e-01
6.000000e-02 9.885859e-01
7.000000e-02 9.844964e-01
8.000000e-02 9.797989e-01
9.000000e-02 9.745023e-01
1.000000e-01 9.686167e-01
1.100000e-01 9.621531e-01
1.200000e-01 9.551237e-01
1.300000e-01 9.475416e-01
1.400000e-01 9.394210e-01
1.500000e-01 9.307768e-01
1.600000e-01 9.216249e-01
1.700000e-01 9.119821e-01
1.800000e-01 9.018658e-01
1.900000e-01 8.912943e-01
2.000000e-01 8.802862e-01
2.100000e-01 8.688613e-01
2.200000e-01 8.570393e-01
2.300000e-01 8.448409e-01
2.400000e-01 8.322870e-01
2.500000e-01 8.193989e-01
2.600000e-01 8.061981e-01
2.700000e-01 7.927067e-01
2.800000e-01 7.789466e-01
2.900000e-01 7.649401e-01
3.000000e-01 7.507095e-01
3.100000e-01 7.362770e-01
3.200000e-01 7.216649e-01
3.300000e-01 7.068953e-01
3.400000e-01 6.919903e-01
3.500000e-01 6.769717e-01
3.600000e-01 6.618610e-01
3.700000e-01 6.466795e-01
3.800000e-01 6.314480e-01
3.900000e-01 6.161871e-01
4.000000e-01 6.009168e-01
4.100000e-01 5.856567e-01
4.200000e-01 5.704258e-01
4.300000e-01 5.552427e-01
4.400000e-01 5.401253e-01
4.500000e-01 5.250909e-01
4.600000e-01 5.101561e-01
4.700000e-01 4.953370e-01
4.800000e-01 4.806488e-01
4.900000e-01 4.661061e-01
5.000000e-01 4.517229e-01
5.100000e-01 4.375123e-01
5.200000e-01 4.234866e-01
5.300000e-01 4.096575e-01
5.400000e-01 3.960359e-01
5.500000e-01 3.826319e-01
5.600000e-01 3.694548e-01
5.700000e-01 3.565133e-01
5.800000e-01 3.438151e-01
5.900000e-01 3.313675e-01
6.000000e-01 3.191767e-01
6.100000e-01 3.072483e-01
6.200000e-01 2.955874e-01
6.300000e-01 2.841980e-01
6.400000e-01 2.730838e-01
6.500000e-01 2.622477e-01
6.600000e-01 2.516918e-01
6.700000e-01 2.414177e-01
6.800000e-01 2.314265e-01
6.900000e-01 2.217185e-01
7.000000e-01 2.122937e-01
7.100000e-01 2.031515e-01
7.200000e-01 1.942905e-01
7.300000e-01 1.857092e-01
7.400000e-01 1.774054e-01
7.500000e-01 1.693767e-01
7.600000e-01 1.616202e-01
7.700000e-01 1.541324e-01
7.800000e-01 1.469098e-01
7.900000e-01 1.399484e-01
8.000000e-01 1.332439e-01
8.100000e-01 1.267917e-01
8.200000e-01 1.205872e-01
8.300000e-01 1.146252e-01
8.400000e-01 1.089006e-01
8.500000e-01 1.034080e-01
8.600000e-01 9.814193e-02
8.700000e-01 9.309663e-02
8.800000e-01 8.826639e-02
8.900000e-01 8.364535e-02
9.000000e-01 7.922762e-02
9.100000e-01 7.500721e-02
9.200000e-01 7.097814e-02
9.300000e-01 6.713440e-02
9.400000e-01 6.346999e-02
9.500000e-01 5.997892e-02
9.600000e-01 5.665523e-02
9.700000e-01 5.349302e-02
9.800000e-01 5.048643e-02
9.900000e-01 4.762968e-02
1.000000e+00 4.491706e-02
1.010000e+00 4.234296e-02
1.020000e+00 3.990184e-02
1.030000e+00 3.758831e-02
1.040000e+00 3.539705e-02
1.050000e+00 3.332288e-02
1.060000e+00 3.136074e-02
1.070000e+00 2.950569e-02
1.080000e+00 2.775292e-02
1.090000e+00 2.609779e-02
1.100000e+00 2.453575e-02
1.110000e+00 2.306241e-02
1.120000e+00 2.167354e-02
1.130000e+00 2.036503e-02
1.140000e+00 1.913293e-02
1.150000e+00 1.797340e-02
1.160000e+00 1.688279e-02
1.170000e+00 1.585756e-02
1.180000e+00 1.489431e-02
1.190000e+00 1.398981e-02
1.200000e+00 1.314093e-02
1.210000e+00 1.234470e-02
1.220000e+00 1.159827e-02
1.230000e+00 1.089893e-02
1.240000e+00 1.024409e-02
1.250000e+00 9.631287e-03
1.260000e+00 9.058175e-03
1.270000e+00 8.522530e-03
1.280000e+00 8.022243e-03
1.290000e+00 7.555312e-03
1.300000e+00 7.119844e-03
1.310000e+00 6.714047e-03
1.320000e+00 6.336231e-03
1.330000e+00 5.984799e-03
1.340000e+00 5.658248e-03
1.350000e+00 5.355160e-03
1.360000e+00 5.074202e-03
1.370000e+00 4.814122e-03
1.380000e+00 4.573743e-03
1.390000e+00 4.351961e-03
1.400000e+00 4.147741e-03
1.410000e+00 3.960113e-03
1.420000e+00 3.788167e-03
1.430000e+00 3.631053e-03
1.440000e+00 3.487975e-03
1.450000e+00 3.358187e-03
1.460000e+00 3.240993e-03
1.470000e+00 3.135740e-03
1.480000e+00 3.041817e-03
1.490000e+00 2.958652e-03
1.500000e+00 2.885709e-03
1.510000e+00 2.822484e-03
1.520000e+00 2.768504e-03
1.530000e+00 2.723324e-03
1.540000e+00 2.686525e-03
1.550000e+00 2.657709e-03
1.560000e+00 2.636501e-03
1.570000e+00 2.622544e-03
1.580000e+00 2.615499e-03
1.590000e+00 2.615039e-03
1.600000e+00 2.620854e-03
1.610000e+00 2.632644e-03
1.620000e+00 2.650118e-03
1.630000e+00 2.672998e-03
1.640000e+00 2.701009e-03
1.650000e+00 2.733884e-03
1.660000e+00 2.771364e-03
1.670000e+00 2.813191e-03
1.680000e+00 2.859112e-03
1.690000e+00 2.908878e-03
1.700000e+00 2.962242e-03
1.710000e+00 3.018957e-03
1.720000e+00 3.078779e-03
1.730000e+00 3.141465e-03
1.740000e+00 3.206773e-03
1.750000e+00 3.274461e-03
1.760000e+00 3.344287e-03
1.770000e+00 3.416009e-03
1.780000e+00 3.489388e-03
1.790000e+00 3.564184e-03
1.800000e+00 3.640155e-03
1.810000e+00 3.717065e-03
1.820000e+00 3.794674e-03
1.830000e+00 3.872746e-03
1.840000e+00 3.951047e-03
1.850000e+00 4.029344e-03
1.860000e+00 4.107405e-03
1.870000e+00 4.185004e-03
1.880000e+00 4.261915e-03
1.890000e+00 4.337917e-03
1.900000e+00 4.412793e-03
1.910000e+00 4.486331e-03
1.920000e+00 4.558323e-03
1.930000e+00 4.628566e-03
1.940000e+00 4.696865e-03
1.950000e+00 4.763029e-03
1.960000e+00 4.826874e-03
1.970000e+00 4.888226e-03
1.980000e+00 4.946916e-03
1.990000e+00 5.002782e-03
2.000000e+00 5.055673e-03
2.010000e+00 5.105446e-03
2.020000e+00 5.151966e-03
2.030000e+00 5.195108e-03
2.040000e+00 5.234756e-03
2.050000e+00 5.270806e-03
2.060000e+00 5.303162e-03
2.070000e+00 5.331738e-03
2.080000e+00 5.356460e-03
2.090000e+00 5.377263e-03
2.100000e+00 5.394094e-03
2.110000e+00 5.406908e-03
2.120000e+00 5.415674e-03
2.130000e+00 5.420369e-03
2.140000e+00 5.420982e-03
2.150000e+00 5.417511e-03
2.160000e+00 5.409965e-03
2.170000e+00 5.398363e-03
2.180000e+00 5.382734e-03
2.190000e+00 5.363116e-03
2.200000e+00 5.339557e-03
2.210000e+00 5.312114e-03
2.220000e+00 5.280852e-03
2.230000e+00 5.245846e-03
2.240000e+00 5.207176e-03
2.250000e+00 5.164933e-03
2.260000e+00 5.119213e-03
2.270000e+00 5.070120e-03
2.280000e+00 5.017762e-03
2.290000e+00 4.962257e-03
2.300000e+00 4.903723e-03
2.310000e+00 4.842287e-03
2.320000e+00 4.778079e-03
2.330000e+00 4.711232e-03
2.340000e+00 4.641884e-03
2.350000e+00 4.570175e-03
2.360000e+00 4.496246e-03
2.370000e+00 4.420242e-03
2.380000e+00 4.342308e-03
2.390000e+00 4.262590e-03
2.400000e+00 4.181234e-03
2.410000e+00 4.098388e-03
2.420000e+00 4.014196e-03
2.430000e+00 3.928804e-03
2.440000e+00 3.842355e-03
2.450000e+00 3.754991e-03
2.460000e+00 3.666850e-03
2.470000e+00 3.578071e-03
2.480000e+00 3.488787e-03
2.490000e+00 3.399128e-03
2.500000e+00 3.309224e-03
2.510000e+00 3.219196e-03
2.520000e+00 3.129166e-03
2.530000e+00 3.039250e-03
2.540000e+00 2.949559e-03
2.550000e+00 2.860200e-03
2.560000e+00 2.771277e-03
2.570000e+00 2.682887e-03
2.580000e+00 2.595125e-03
2.590000e+00 2.508080e-03
2.600000e+00 2.421836e-03
2.610000e+00 2.336472e-03
2.620000e+00 2.252065e-03
2.630000e+00 2.168685e-03
2.640000e+00 2.086399e-03
2.650000e+00 2.005267e-03
2.660000e+00 1.925348e-03
2.670000e+00 1.846695e-03
2.680000e+00 1.769358e-03
2.690000e+00 1.693382e-03
2.700000e+00 1.618808e-03
2.710000e+00 1.545676e-03
2.720000e+00 1.474019e-03
2.730000e+00 1.403870e-03
2.740000e+00 1.335255e-03
2.750000e+00 1.268200e-03
2.760000e+00 1.202728e-03
2.770000e+00 1.138858e-03
2.780000e+00 1.076606e-03
2.790000e+00 1.015986e-03
2.800000e+00 9.570109e-04
2.810000e+00 8.996892e-04
2.820000e+00 8.440279e-04
2.830000e+00 7.900319e-04
2.840000e+00 7.377035e-04
2.850000e+00 6.870432e-04
2.860000e+00 6.380492e-04
2.870000e+00 5.907176e-04
2.880000e+00 5.450422e-04
2.890000e+00 5.010148e-04
2.900000e+00 4.586249e-04
2.910000e+00 4.178600e-04
2.920000e+00 3.787052e-04
2.930000e+00 3.411432e-04
2.940000e+00 3.051544e-04
2.950000e+00 2.707171e-04
2.960000e+00 2.378066e-04
2.970000e+00 2.063961e-04
2.980000e+00 1.764562e-04
2.990000e+00 1.479547e-04
3.000000e+00 1.208570e-04
3.010000e+00 9.512574e-05
3.020000e+00 7.072085e-05
3.030000e+00 4.759970e-05
3.040000e+00 2.571698e-05
3.050000e+00 5.024794e-06
3.060000e+00 -1.452731e-05
3.070000e+00 -3.299223e-05
3.080000e+00 -5.042526e-05
3.090000e+00 -6.688390e-05
3.100000e+00 -8.242776e-05
3.110000e+00 -9.711838e-05
3.120000e+00 -1.110190e-04
3.130000e+00 -1.241944e-04
3.140000e+00 -1.367107e-04
3.150000e+00 -1.486348e-04
3.160000e+00 -1.600345e-04
3.170000e+00 -1.709780e-04
3.180000e+00 -1.815334e-04
3.190000e+00 -1.917688e-04
3.200000e+00 -2.017513e-04
3.210000e+00 -2.115473e-04
3.220000e+00 -2.212216e-04
3.230000e+00 -2.308372e-04
3.240000e+00 -2.404552e-04
3.250000e+00 -2.501336e-04
3.260000e+00 -2.599278e-04
3.270000e+00 -2.698895e-04
3.280000e+00 -2.800669e-04
3.290000e+00 -2.905037e-04
3.300000e+00 -3.012395e-04
3.310000e+00 -3.123086e-04
3.320000e+00 -3.237404e-04
3.330000e+00 -3.355586e-04
3.340000e+00 -3.477815e-04
3.350000e+00 -3.604210e-04
3.360000e+00 -3.734831e-04
3.370000e+00 -3.869675e-04
3.380000e+00 -4.008673e-04
3.390000e+00 -4.151693e-04
3.400000e+00 -4.298535e-04
3.410000e+00 -4.448936e-04
3.420000e+00 -4.602567e-04
3.430000e+00 -4.759037e-04
3.440000e+00 -4.917893e-04
3.450000e+00 -5.078620e-04
3.460000e+00 -5.240649e-04
3.470000e+00 -5.403356e-04
3.480000e+00 -5.566065e-04
3.490000e+00 -5.728057e-04
3.500000e+00 -5.888567e-04
3.510000e+00 -6.046796e-04
3.520000e+00 -6.201911e-04
3.530000e+00 -6.353053e-04
3.540000e+00 -6.499343e-04
3.550000e+00 -6.639887e-04
3.560000e+00 -6.773782e-04
3.570000e+00 -6.900124e-04
3.580000e+00 -7.018015e-04
3.590000e+00 -7.126567e-04
3.600000e+00 -7.224912e-04
3.610000e+00 -7.312206e-04
3.620000e+00 -7.387637e-04
3.630000e+00 -7.450433e-04
3.640000e+00 -7.499865e-04
3.650000e+00 -7.535259e-04
3.660000e+00 -7.555994e-04
3.670000e+00 -7.561516e-04
3.680000e+00 -7.551335e-04
3.690000e+00 -7.525038e-04
3.700000e+00 -7.482288e-04
3.710000e+00 -7.422831e-04
3.720000e+00 -7.346496e-04
3.730000e+00 -7.253203e-04
3.740000e+00 -7.142960e-04
3.750000e+00 -7.015871e-04
3.760000e+00 -6.872129e-04
3.770000e+00 -6.712024e-04
3.780000e+00 -6.535940e-04
3.790000e+00 -6.344355e-04
3.800000e+00 -6.137836e-04
3.810000e+00 -5.917044e-04
3.820000e+00 -5.682724e-04
3.830000e+00 -5.435707e-04
3.840000e+00 -5.176903e-04
3.850000e+00 -4.907301e-04
3.860000e+00 -4.627957e-04
3.870000e+00 -4.339994e-04
3.880000e+00 -4.044595e-04
3.890000e+00 -3.742997e-04
3.900000e+00 -3.436481e-04
3.910000e+00 -3.126368e-04
3.920000e+00 -2.814011e-04
3.930000e+00 -2.500789e-04
3.940000e+00 -2.188093e-04
3.950000e+00 -1.877325e-04
3.960000e+00 -1.569885e-04
3.970000e+00 -1.267168e-04
3.980000e+00 -9.705477e-05
3.990000e+00 -6.813765e-05
4.000000e+00 -4.009729e-05
4.010000e+00 -1.306148e-05
4.020000e+00 1.284679e-05
4.030000e+00 3.751010e-05
4.040000e+00 6.081727e-05
4.050000e+00 8.266405e-05
4.060000e+00 1.029537e-04
4.070000e+00 1.215978e-04
4.080000e+00 1.385162e-04
4.090000e+00 1.536382e-04
4.100000e+00 1.669025e-04
4.110000e+00 1.782578e-04
4.120000e+00 1.876630e-04
4.130000e+00 1.950873e-04
4.140000e+00 2.005107e-04
4.150000e+00 2.039239e-04
4.160000e+00 2.053283e-04
4.170000e+00 2.047361e-04
4.180000e+00 2.021702e-04
4.190000e+00 1.976641e-04
4.200000e+00 1.912615e-04
4.210000e+00 1.830160e-04
4.220000e+00 1.729912e-04
4.230000e+00 1.612598e-04
4.240000e+00 1.479035e-04
4.250000e+00 1.330122e-04
4.260000e+00 1.166836e-04
4.270000e+00 9.902284e-05
4.280000e+00 8.014134e-05
4.290000e+00 6.015655e-05
4.300000e+00 3.919108e-05
4.310000e+00 1.737197e-05
4.320000e+00 -5.170083e-06
4.330000e+00 -2.830150e-05
4.340000e+00 -5.188662e-05
4.350000e+00 -7.578853e-05
4.360000e+00 -9.986989e-05
4.370000e+00 -1.239937e-04
4.380000e+00 -1.480243e-04
4.390000e+00 -1.718279e-04
4.400000e+00 -1.952736e-04
4.410000e+00 -2.182342e-04
4.420000e+00 -2.405867e-04
4.430000e+00 -2.622135e-04
4.440000e+00 -2.830025e-04
4.450000e+00 -3.028484e-04
4.460000e+00 -3.216529e-04
4.470000e+00 -3.393256e-04
4.480000e+00 -3.557843e-04
4.490000e+00 -3.709557e-04
4.500000e+00 -3.847758e-04
4.510000e+00 -3.971903e-04
4.520000e+00 -4.081551e-04
4.530000e+00 -4.176364e-04
4.540000e+00 -4.256109e-04
4.550000e+00 -4.320665e-04
4.560000e+00 -4.370016e-04
4.570000e+00 -4.404261e-04
4.580000e+00 -4.423607e-04
4.590000e+00 -4.428371e-04
4.600000e+00 -4.418980e-04
4.610000e+00 -4.395967e-04
4.620000e+00 -4.359971e-04
4.630000e+00 -4.311733e-04
4.640000e+00 -4.252094e-04
4.650000e+00 -4.181986e-04
4.660000e+00 -4.102436e-04
4.670000e+00 -4.014553e-04
4.680000e+00 -3.919528e-04
4.690000e+00 -3.818625e-04
4.700000e+00 -3.713174e-04
4.710000e+00 -3.604569e-04
4.720000e+00 -3.494256e-04
4.730000e+00 -3.383726e-04
4.740000e+00 -3.274511e-04
4.750000e+00 -3.168172e-04
4.760000e+00 -3.066291e-04
4.770000e+00 -2.970466e-04
4.780000e+00 -2.882299e-04
4.790000e+00 -2.803389e-04
4.800000e+00 -2.735323e-04
4.810000e+00 -2.679666e-04
4.820000e+00 -2.637957e-04
4.830000e+00 -2.611692e-04
4.840000e+00 -2.602324e-04
4.850000e+00 -2.611250e-04
4.860000e+00 -2.639805e-04
4.870000e+00 -2.689253e-04
4.880000e+00 -2.760780e-04
4.890000e+00 -2.855486e-04
4.900000e+00 -2.974379e-04
4.910000e+00 -3.118370e-04
4.920000e+00 -3.288264e-04
4.930000e+00 -3.484757e-04
4.940000e+00 -3.708430e-04
4.950000e+00 -3.959744e-04
4.960000e+00 -4.239040e-04
4.970000e+00 -4.546529e-04
4.980000e+00 -4.882295e-04
4.990000e+00 -5.246292e-04
5.000000e+00 -5.638341e-04
5.010000e+00 -6.058130e-04
5.020000e+00 -6.505215e-04
5.030000e+00 -6.979021e-04
5.040000e+00 -7.478839e-04
5.050000e+00 -8.003835e-04
5.060000e+00 -8.553046e-04
5.070000e+00 -9.125389e-04
5.080000e+00 -9.719661e-04
5.090000e+00 -1.033454e-03
5.100000e+00 -1.096861e-03
5.110000e+00 -1.162034e-03
5.120000e+00 -1.228810e-03
5.130000e+00 -1.297017e-03
5.140000e+00 -1.366476e-03
5.150000e+00 -1.436999e-03
5.160000e+00 -1.508393e-03
5.170000e+00 -1.580457e-03
5.180000e+00 -1.652987e-03
5.190000e+00 -1.725773e-03
5.200000e+00 -1.798605e-03
5.210000e+00 -1.871268e-03
5.220000e+00 -1.943547e-03
5.230000e+00 -2.015227e-03
5.240000e+00 -2.086093e-03
5.250000e+00 -2.155931e-03
5.260000e+00 -2.224533e-03
5.270000e+00 -2.291692e-03
5.280000e+00 -2.357206e-03
5.290000e+00 -2.420878e-03
5.300000e+00 -2.482519e-03
5.310000e+00 -2.541946e-03
5.320000e+00 -2.598985e-03
5.330000e+00 -2.653470e-03
5.340000e+00 -2.705244e-03
5.350000e+00 -2.754163e-03
5.360000e+00 -2.800091e-03
5.370000e+00 -2.842904e-03
5.380000e+00 -2.882492e-03
5.390000e+00 -2.918754e-03
5.400000e+00 -2.951605e-03
5.410000e+00 -2.980972e-03
5.420000e+00 -3.006795e-03
5.430000e+00 -3.029027e-03
5.440000e+00 -3.047637e-03
5.450000e+00 -3.062605e-03
5.460000e+00 -3.073928e-03
5.470000e+00 -3.081614e-03
5.480000e+00 -3.085686e-03
5.490000e+00 -3.086180e-03
5.500000e+00 -3.083145e-03
5.510000e+00 -3.076644e-03
5.520000e+00 -3.066750e-03
5.530000e+00 -3.053552e-03
5.540000e+00 -3.037146e-03
5.550000e+00 -3.017642e-03
5.560000e+00 -2.995161e-03
5.570000e+00 -2.969832e-03
5.580000e+00 -2.941794e-03
5.590000e+00 -2.911195e-03
5.600000e+00 -2.878191e-03
5.610000e+00 -2.842944e-03
5.620000e+00 -2.805624e-03
5.630000e+00 -2.766405e-03
5.640000e+00 -2.725468e-03
5.650000e+00 -2.682997e-03
5.660000e+00 -2.639179e-03
5.670000e+00 -2.594204e-03
5.680000e+00 -2.548264e-03
5.690000e+00 -2.501552e-03
5.700000e+00 -2.454260e-03
5.710000e+00 -2.406582e-03
5.720000e+00 -2.358710e-03
5.730000e+00 -2.310832e-03
5.740000e+00 -2.263137e-03
5.750000e+00 -2.215807e-03
5.760000e+00 -2.169024e-03
5.770000e+00 -2.122963e-03
5.780000e+00 -2.077795e-03
5.790000e+00 -2.033685e-03
5.800000e+00 -1.990793e-03
5.810000e+00 -1.949272e-03
5.820000e+00 -1.909269e-03
5.830000e+00 -1.870921e-03
5.840000e+00 -1.834361e-03
5.850000e+00 -1.799713e-03
5.860000e+00 -1.767093e-03
5.870000e+00 -1.736607e-03
5.880000e+00 -1.708355e-03
5.890000e+00 -1.682427e-03
5.900000e+00 -1.658905e-03
5.910000e+00 -1.637861e-03
5.920000e+00 -1.619359e-03
5.930000e+00 -1.603454e-03
5.940000e+00 -1.590193e-03
5.950000e+00 -1.579612e-03
5.960000e+00 -1.571739e-03
5.970000e+00 -1.566595e-03
5.980000e+00 -1.564191e-03
5.990000e+00 -1.564529e-03
6.000000e+00 -1.567604e-03
6.010000e+00 -1.573402e-03
6.020000e+00 -1.581901e-03
6.030000e+00 -1.593072e-03
6.040000e+00 -1.606879e-03
6.050000e+00 -1.623278e-03
6.060000e+00 -1.642217e-03
6.070000e+00 -1.663640e-03
6.080000e+00 -1.687481e-03
6.090000e+00 -1.713672e-03
6.100000e+00 -1.742136e-03
6.110000e+00 -1.772791e-03
6.120000e+00 -1.805552e-03
6.130000e+00 -1.840327e-03
6.140000e+00 -1.877019e-03
6.150000e+00 -1.915529e-03
6.160000e+00 -1.955754e-03
6.170000e+00 -1.997584e-03
6.180000e+00 -2.040910e-03
6.190000e+00 -2.085618e-03
6.200000e+00 -2.131593e-03
6.210000e+00 -2.178717e-03
6.220000e+00 -2.226869e-03
6.230000e+00 -2.275930e-03
6.240000e+00 -2.325776e-03
6.250000e+00 -2.376287e-03
6.260000e+00 -2.427338e-03
6.270000e+00 -2.478808e-03
6.280000e+00 -2.530573e-03
6.290000e+00 -2.582514e-03
6.300000e+00 -2.634511e-03
6.310000e+00 -2.686444e-03
6.320000e+00 -2.738197e-03
6.330000e+00 -2.789657e-03
6.340000e+00 -2.840712e-03
6.350000e+00 -2.891253e-03
6.360000e+00 -2.941176e-03
6.370000e+00 -2.990379e-03
6.380000e+00 -3.038764e-03
6.390000e+00 -3.086237e-03
6.400000e+00 -3.132711e-03
6.410000e+00 -3.178101e-03
6.420000e+00 -3.222326e-03
6.430000e+00 -3.265315e-03
6.440000e+00 -3.306997e-03
6.450000e+00 -3.347310e-03
6.460000e+00 -3.386195e-03
6.470000e+00 -3.423603e-03
6.480000e+00 -3.459485e-03
6.490000e+00 -3.493804e-03
6.500000e+00 -3.526525e-03
6.510000e+00 -3.557620e-03
6.520000e+00 -3.587068e-03
6.530000e+00 -3.614853e-03
6.540000e+00 -3.640964e-03
6.550000e+00 -3.665397e-03
6.560000e+00 -3.688155e-03
6.570000e+00 -3.709243e-03
6.580000e+00 -3.728673e-03
6.590000e+00 -3.746463e-03
6.600000e+00 -3.762634e-03
6.610000e+00 -3.777212e-03
6.620000e+00 -3.790228e-03
6.630000e+00 -3.801714e-03
6.640000e+00 -3.811709e-03
6.650000e+00 -3.820253e-03
6.660000e+00 -3.827388e-03
6.670000e+00 -3.833159e-03
6.680000e+00 -3.837613e-03
6.690000e+00 -3.840798e-03
6.700000e+00 -3.842762e-03
6.710000e+00 -3.843555e-03
6.720000e+00 -3.843224e-03
6.730000e+00 -3.841819e-03
6.740000e+00 -3.839387e-03
6.750000e+00 -3.835972e-03
6.760000e+00 -3.831618e-03
6.770000e+00 -3.826366e-03
6.780000e+00 -3.820255e-03
6.790000e+00 -3.813318e-03
6.800000e+00 -3.805587e-03
6.810000e+00 -3.797088e-03
6.820000e+00 -3.787845e-03
6.830000e+00 -3.777875e-03
6.840000e+00 -3.767190e-03
6.850000e+00 -3.755798e-03
6.860000e+00 -3.743702e-03
6.870000e+00 -3.730898e-03
6.880000e+00 -3.717375e-03
6.890000e+00 -3.703121e-03
6.900000e+00 -3.688112e-03
6.910000e+00 -3.672322e-03
6.920000e+00 -3.655719e-03
6.930000e+00 -3.638264e-03
6.940000e+00 -3.619913e-03
6.950000e+00 -3.600616e-03
6.960000e+00 -3.580318e-03
6.970000e+00 -3.558960e-03
6.980000e+00 -3.536476e-03
6.990000e+00 -3.512798e-03
7.000000e+00 -3.487852e-03
7.010000e+00 -3.461562e-03
7.020000e+00 -3.433849e-03
7.030000e+00 -3.404629e-03
7.040000e+00 -3.373818e-03
7.050000e+00 -3.341329e-03
7.060000e+00 -3.307076e-03
7.070000e+00 -3.270970e-03
7.080000e+00 -3.232922e-03
7.090000e+00 -3.192846e-03
7.100000e+00 -3.150655e-03
7.110000e+00 -3.106264e-03
7.120000e+00 -3.059592e-03
7.130000e+00 -3.010558e-03
7.140000e+00 -2.959088e-03
7.150000e+00 -2.905111e-03
7.160000e+00 -2.848559e-03
7.170000e+00 -2.789371e-03
7.180000e+00 -2.727492e-03
7.190000e+00 -2.662873e-03
7.200000e+00 -2.595472e-03
7.210000e+00 -2.525253e-03
7.220000e+00 -2.452192e-03
7.230000e+00 -2.376267e-03
7.240000e+00 -2.297470e-03
7.250000e+00 -2.215799e-03
7.260000e+00 -2.131263e-03
7.270000e+00 -2.043879e-03
7.280000e+00 -1.953674e-03
7.290000e+00 -1.860685e-03
7.300000e+00 -1.764961e-03
7.310000e+00 -1.666558e-03
7.320000e+00 -1.565544e-03
7.330000e+00 -1.461997e-03
7.340000e+00 -1.356005e-03
7.350000e+00 -1.247666e-03
7.360000e+00 -1.137088e-03
7.370000e+00 -1.024389e-03
7.380000e+00 -9.096958e-04
7.390000e+00 -7.931456e-04
7.400000e+00 -6.748841e-04
7.410000e+00 -5.550656e-04
7.420000e+00 -4.338530e-04
7.430000e+00 -3.114170e-04
7.440000e+00 -1.879358e-04
7.450000e+00 -6.359478e-05
7.460000e+00 6.141424e-05
7.470000e+00 1.868934e-04
7.480000e+00 3.126392e-04
7.490000e+00 4.384435e-04
7.500000e+00 5.640935e-04
7.510000e+00 6.893729e-04
7.520000e+00 8.140621e-04
7.530000e+00 9.379392e-04
7.540000e+00 1.060780e-03
7.550000e+00 1.182360e-03
7.560000e+00 1.302454e-03
7.570000e+00 1.420835e-03
7.580000e+00 1.537280e-03
7.590000e+00 1.651564e-03
7.600000e+00 1.763468e-03
7.610000e+00 1.872773e-03
7.620000e+00 1.979264e-03
7.630000e+00 2.082730e-03
7.640000e+00 2.182966e-03
7.650000e+00 2.279770e-03
7.660000e+00 2.372948e-03
7.670000e+00 2.462312e-03
7.680000e+00 2.547680e-03
7.690000e+00 2.628878e-03
7.700000e+00 2.705742e-03
7.710000e+00 2.778114e-03
7.720000e+00 2.845848e-03
7.730000e+00 2.908804e-03
7.740000e+00 2.966855e-03
7.750000e+00 3.019883e-03
7.760000e+00 3.067781e-03
7.770000e+00 3.110453e-03
7.780000e+00 3.147816e-03
7.790000e+00 3.179795e-03
7.800000e+00 3.206331e-03
7.810000e+00 3.227374e-03
7.820000e+00 3.242889e-03
7.830000e+00 3.252850e-03
7.840000e+00 3.257246e-03
7.850000e+00 3.256078e-03
7.860000e+00 3.249360e-03
7.870000e+00 3.237117e-03
7.880000e+00 3.219388e-03
7.890000e+00 3.196223e-03
7.900000e+00 3.167686e-03
7.910000e+00 3.133850e-03
7.920000e+00 3.094804e-03
7.930000e+00 3.050646e-03
7.940000e+00 3.001485e-03
7.950000e+00 2.947442e-03
7.960000e+00 2.888649e-03
7.970000e+00 2.825247e-03
7.980000e+00 2.757388e-03
7.990000e+00 2.685233e-03
8.000000e+00 2.608951e-03
8.010000e+00 2.528722e-03
8.020000e+00 2.444731e-03
8.030000e+00 2.357172e-03
8.040000e+00 2.266245e-03
8.050000e+00 2.172158e-03
8.060000e+00 2.075121e-03
8.070000e+00 1.975354e-03
8.080000e+00 1.873077e-03
8.090000e+00 1.768515e-03
8.100000e+00 1.661898e-03
8.110000e+00 1.553455e-03
8.120000e+00 1.443420e-03
8.130000e+00 1.332026e-03
8.140000e+00 1.219506e-03
8.150000e+00 1.106096e-03
8.160000e+00 9.920270e-04
8.170000e+00 8.775314e-04
8.180000e+00 7.628384e-04
8.190000e+00 6.481746e-04
8.200000e+00 5.337630e-04
8.210000e+00 4.198232e-04
8.220000e+00 3.065700e-04
8.230000e+00 1.942134e-04
8.240000e+00 8.295785e-05
8.250000e+00 -2.699816e-05
8.260000e+00 -1.354625e-04
8.270000e+00 -2.422497e-04
8.280000e+00 -3.471817e-04
8.290000e+00 -4.500879e-04
8.300000e+00 -5.508055e-04
8.310000e+00 -6.491799e-04
8.320000e+00 -7.450648e-04
8.330000e+00 -8.383226e-04
8.340000e+00 -9.288246e-04
8.350000e+00 -1.016451e-03
8.360000e+00 -1.101090e-03
8.370000e+00 -1.182641e-03
8.380000e+00 -1.261011e-03
8.390000e+00 -1.336118e-03
8.400000e+00 -1.407885e-03
8.410000e+00 -1.476250e-03
8.420000e+00 -1.541155e-03
8.430000e+00 -1.602554e-03
8.440000e+00 -1.660409e-03
8.450000e+00 -1.714691e-03
8.460000e+00 -1.765379e-03
8.470000e+00 -1.812460e-03
8.480000e+00 -1.855930e-03
8.490000e+00 -1.895794e-03
8.500000e+00 -1.932062e-03
8.510000e+00 -1.964754e-03
8.520000e+00 -1.993895e-03
8.530000e+00 -2.019520e-03
8.540000e+00 -2.041668e-03
8.550000e+00 -2.060385e-03
8.560000e+00 -2.075724e-03
8.570000e+00 -2.087743e-03
8.580000e+00 -2.096507e-03
8.590000e+00 -2.102084e-03
8.600000e+00 -2.104550e-03
8.610000e+00 -2.103984e-03
8.620000e+00 -2.100469e-03
8.630000e+00 -2.094094e-03
8.640000e+00 -2.084950e-03
8.650000e+00 -2.073135e-03
8.660000e+00 -2.058747e-03
8.670000e+00 -2.041888e-03
8.680000e+00 -2.022667e-03
8.690000e+00 -2.001190e-03
8.700000e+00 -1.977570e-03
8.710000e+00 -1.951921e-03
8.720000e+00 -1.924358e-03
8.730000e+00 -1.895001e-03
8.740000e+00 -1.863970e-03
8.750000e+00 -1.831386e-03
8.760000e+00 -1.797374e-03
8.770000e+00 -1.762057e-03
8.780000e+00 -1.725562e-03
8.790000e+00 -1.688016e-03
8.800000e+00 -1.649547e-03
8.810000e+00 -1.610283e-03
8.820000e+00 -1.570353e-03
8.830000e+00 -1.529885e-03
8.840000e+00 -1.489009e-03
8.850000e+00 -1.447854e-03
8.860000e+00 -1.406549e-03
8.870000e+00 -1.365220e-03
8.880000e+00 -1.323995e-03
8.890000e+00 -1.283001e-03
8.900000e+00 -1.242362e-03
8.910000e+00 -1.202201e-03
8.920000e+00 -1.162640e-03
8.930000e+00 -1.123799e-03
8.940000e+00 -1.085794e-03
8.950000e+00 -1.048741e-03
8.960000e+00 -1.012752e-03
8.970000e+00 -9.779349e-04
8.980000e+00 -9.443959e-04
8.990000e+00 -9.122370e-04
9.000000e+00 -8.815562e-04
9.010000e+00 -8.524474e-04
9.020000e+00 -8.250001e-04
9.030000e+00 -7.992989e-04
9.040000e+00 -7.754238e-04
9.050000e+00 -7.534492e-04
9.060000e+00 -7.334444e-04
9.070000e+00 -7.154725e-04
9.080000e+00 -6.995911e-04
9.090000e+00 -6.858516e-04
9.100000e+00 -6.742988e-04
9.110000e+00 -6.649713e-04
9.120000e+00 -6.579008e-04
9.130000e+00 -6.531124e-04
9.140000e+00 -6.506241e-04
9.150000e+00 -6.504471e-04
9.160000e+00 -6.525853e-04
9.170000e+00 -6.570356e-04
9.180000e+00 -6.637878e-04
9.190000e+00 -6.728247e-04
9.200000e+00 -6.841216e-04
9.210000e+00 -6.976473e-04
9.220000e+00 -7.133634e-04
9.230000e+00 -7.312246e-04
9.240000e+00 -7.511793e-04
9.250000e+00 -7.731690e-04
9.260000e+00 -7.971293e-04
9.270000e+00 -8.229896e-04
9.280000e+00 -8.506733e-04
9.290000e+00 -8.800986e-04
9.300000e+00 -9.111782e-04
9.310000e+00 -9.438199e-04
9.320000e+00 -9.779271e-04
9.330000e+00 -1.013399e-03
9.340000e+00 -1.050130e-03
9.350000e+00 -1.088012e-03
9.360000e+00 -1.126933e-03
9.370000e+00 -1.166780e-03
9.380000e+00 -1.207435e-03
9.390000e+00 -1.248779e-03
9.400000e+00 -1.290693e-03
9.410000e+00 -1.333054e-03
9.420000e+00 -1.375742e-03
9.430000e+00 -1.418632e-03
9.440000e+00 -1.461602e-03
9.450000e+00 -1.504531e-03
9.460000e+00 -1.547296e-03
9.470000e+00 -1.589777e-03
9.480000e+00 -1.631855e-03
9.490000e+00 -1.673413e-03
9.500000e+00 -1.714336e-03
9.510000e+00 -1.754509e-03
9.520000e+00 -1.793824e-03
9.530000e+00 -1.832173e-03
9.540000e+00 -1.869451e-03
9.550000e+00 -1.905557e-03
9.560000e+00 -1.940394e-03
9.570000e+00 -1.973867e-03
9.580000e+00 -2.005887e-03
9.590000e+00 -2.036367e-03
9.600000e+00 -2.065225e-03
9.610000e+00 -2.092384e-03
9.620000e+00 -2.117768e-03
9.630000e+00 -2.141310e-03
9.640000e+00 -2.162943e-03
9.650000e+00 -2.182608e-03
9.660000e+00 -2.200247e-03
9.670000e+00 -2.215810e-03
9.680000e+00 -2.229248e-03
9.690000e+00 -2.240520e-03
9.700000e+00 -2.249586e-03
9.710000e+00 -2.256412e-03
9.720000e+00 -2.260970e-03
9.730000e+00 -2.263233e-03
9.740000e+00 -2.263180e-03
9.750000e+00 -2.260796e-03
9.760000e+00 -2.256069e-03
9.770000e+00 -2.248990e-03
9.780000e+00 -2.239556e-03
9.790000e+00 -2.227767e-03
9.800000e+00 -2.213630e-03
9.810000e+00 -2.197153e-03
9.820000e+00 -2.178350e-03
9.830000e+00 -2.157239e-03
9.840000e+00 -2.133842e-03
9.850000e+00 -2.108187e-03
9.860000e+00 -2.080304e-03
9.870000e+00 -2.050228e-03
9.880000e+00 -2.017999e-03
9.890000e+00 -1.983662e-03
9.900000e+00 -1.947266e-03
9.910000e+00 -1.908862e-03
9.920000e+00 -1.868509e-03
9.930000e+00 -1.826269e-03
9.940000e+00 -1.782208e-03
9.950000e+00 -1.736398e-03
9.960000e+00 -1.688914e-03
9.970000e+00 -1.639836e-03
9.980000e+00 -1.589248e-03
9.990000e+00 -1.537240e-03
1.000000e+01 -1.483904e-03
