# sigma2_v 5.579316335116908e+00
0.000000e+00 1.000000e+00
1.000000e-02 9.997211e-01
2.000000e-02 9.988848e-01
3.000000e-02 9.974925e-01
4.000000e-02 9.955467e-01
5.000000e-02 9.930506e-01
6.000000e-02 9.900084e-01
7.000000e-02 9.864254e-01
8.000000e-02 9.823075e-01
9.000000e-02 9.776617e-01
1.000000e-01 9.724958e-01
1.100000e-01 9.668185e-01
1.200000e-01 9.606392e-01
1.300000e-01 9.539681e-01
1.400000e-01 9.468162e-01
1.500000e-01 9.391954e-01
1.600000e-01 9.311180e-01
1.700000e-01 9.225971e-01
1.800000e-01 9.136464e-01
1.900000e-01 9.042803e-01
2.000000e-01 8.945136e-01
2.100000e-01 8.843616e-01
2.200000e-01 8.738403e-01
2.300000e-01 8.629658e-01
2.400000e-01 8.517548e-01
2.500000e-01 8.402243e-01
2.600000e-01 8.283916e-01
2.700000e-01 8.162741e-01
2.800000e-01 8.038896e-01
2.900000e-01 7.912561e-01
3.000000e-01 7.783915e-01
3.100000e-01 7.653140e-01
3.200000e-01 7.520416e-01
3.300000e-01 7.385926e-01
3.400000e-01 7.249849e-01
3.500000e-01 7.112367e-01
3.600000e-01 6.973658e-01
3.700000e-01 6.833898e-01
3.800000e-01 6.693264e-01
3.900000e-01 6.551928e-01
4.000000e-01 6.410059e-01
4.100000e-01 6.267826e-01
4.200000e-01 6.125392e-01
4.300000e-01 5.982918e-01
4.400000e-01 5.840559e-01
4.500000e-01 5.698468e-01
4.600000e-01 5.556793e-01
4.700000e-01 5.415678e-01
4.800000e-01 5.275261e-01
4.900000e-01 5.135676e-01
5.000000e-01 4.997052e-01
5.100000e-01 4.859512e-01
5.200000e-01 4.723174e-01
5.300000e-01 4.588152e-01
5.400000e-01 4.454552e-01
5.500000e-01 4.322477e-01
5.600000e-01 4.192022e-01
5.700000e-01 4.063278e-01
5.800000e-01 3.936329e-01
5.900000e-01 3.811255e-01
6.000000e-01 3.688129e-01
6.100000e-01 3.567020e-01
6.200000e-01 3.447989e-01
6.300000e-01 3.331094e-01
6.400000e-01 3.216385e-01
6.500000e-01 3.103910e-01
6.600000e-01 2.993709e-01
6.700000e-01 2.885819e-01
6.800000e-01 2.780269e-01
6.900000e-01 2.677086e-01
7.000000e-01 2.576291e-01
7.100000e-01 2.477901e-01
7.200000e-01 2.381929e-01
7.300000e-01 2.288382e-01
7.400000e-01 2.197263e-01
7.500000e-01 2.108574e-01
7.600000e-01 2.022311e-01
7.700000e-01 1.938464e-01
7.800000e-01 1.857025e-01
7.900000e-01 1.777979e-01
8.000000e-01 1.701307e-01
8.100000e-01 1.626991e-01
8.200000e-01 1.555008e-01
8.300000e-01 1.485330e-01
8.400000e-01 1.417932e-01
8.500000e-01 1.352782e-01
8.600000e-01 1.289849e-01
8.700000e-01 1.229097e-01
8.800000e-01 1.170492e-01
8.900000e-01 1.113996e-01
9.000000e-01 1.059569e-01
9.100000e-01 1.007172e-01
9.200000e-01 9.567634e-02
9.300000e-01 9.083004e-02
9.400000e-01 8.617398e-02
9.500000e-01 8.170377e-02
9.600000e-01 7.741493e-02
9.700000e-01 7.330297e-02
9.800000e-01 6.936331e-02
9.900000e-01 6.559138e-02
1.000000e+00 6.198258e-02
1.010000e+00 5.853229e-02
1.020000e+00 5.523591e-02
1.030000e+00 5.208885e-02
1.040000e+00 4.908652e-02
1.050000e+00 4.622436e-02
1.060000e+00 4.349786e-02
1.070000e+00 4.090253e-02
1.080000e+00 3.843394e-02
1.090000e+00 3.608771e-02
1.100000e+00 3.385951e-02
1.110000e+00 3.174508e-02
1.120000e+00 2.974022e-02
1.130000e+00 2.784080e-02
1.140000e+00 2.604277e-02
1.150000e+00 2.434217e-02
1.160000e+00 2.273509e-02
1.170000e+00 2.121772e-02
1.180000e+00 1.978636e-02
1.190000e+00 1.843735e-02
1.200000e+00 1.716715e-02
1.210000e+00 1.597231e-02
1.220000e+00 1.484947e-02
1.230000e+00 1.379536e-02
1.240000e+00 1.280680e-02
1.250000e+00 1.188070e-02
1.260000e+00 1.101409e-02
1.270000e+00 1.020407e-02
1.280000e+00 9.447847e-03
1.290000e+00 8.742707e-03
1.300000e+00 8.086043e-03
1.310000e+00 7.475339e-03
1.320000e+00 6.908167e-03
1.330000e+00 6.382193e-03
1.340000e+00 5.895173e-03
1.350000e+00 5.444949e-03
1.360000e+00 5.029454e-03
1.370000e+00 4.646705e-03
1.380000e+00 4.294806e-03
1.390000e+00 3.971942e-03
1.400000e+00 3.676379e-03
1.410000e+00 3.406466e-03
1.420000e+00 3.160628e-03
1.430000e+00 2.937365e-03
1.440000e+00 2.735254e-03
1.450000e+00 2.552943e-03
1.460000e+00 2.389149e-03
1.470000e+00 2.242660e-03
1.480000e+00 2.112328e-03
1.490000e+00 1.997070e-03
1.500000e+00 1.895864e-03
1.510000e+00 1.807750e-03
1.520000e+00 1.731823e-03
1.530000e+00 1.667234e-03
1.540000e+00 1.613189e-03
1.550000e+00 1.568941e-03
1.560000e+00 1.533796e-03
1.570000e+00 1.507103e-03
1.580000e+00 1.488256e-03
1.590000e+00 1.476691e-03
1.600000e+00 1.471885e-03
1.610000e+00 1.473349e-03
1.620000e+00 1.480634e-03
1.630000e+00 1.493320e-03
1.640000e+00 1.511019e-03
1.650000e+00 1.533372e-03
1.660000e+00 1.560048e-03
1.670000e+00 1.590739e-03
1.680000e+00 1.625161e-03
1.690000e+00 1.663049e-03
1.700000e+00 1.704158e-03
1.710000e+00 1.748261e-03
1.720000e+00 1.795145e-03
1.730000e+00 1.844612e-03
1.740000e+00 1.896474e-03
1.750000e+00 1.950555e-03
1.760000e+00 2.006687e-03
1.770000e+00 2.064712e-03
1.780000e+00 2.124475e-03
1.790000e+00 2.185829e-03
1.800000e+00 2.248628e-03
1.810000e+00 2.312731e-03
1.820000e+00 2.377999e-03
1.830000e+00 2.444293e-03
1.840000e+00 2.511475e-03
1.850000e+00 2.579407e-03
1.860000e+00 2.647948e-03
1.870000e+00 2.716957e-03
1.880000e+00 2.786292e-03
1.890000e+00 2.855808e-03
1.900000e+00 2.925356e-03
1.910000e+00 2.994787e-03
1.920000e+00 3.063948e-03
1.930000e+00 3.132683e-03
1.940000e+00 3.200834e-03
1.950000e+00 3.268242e-03
1.960000e+00 3.334744e-03
1.970000e+00 3.400176e-03
1.980000e+00 3.464373e-03
1.990000e+00 3.527168e-03
2.000000e+00 3.588395e-03
2.010000e+00 3.647887e-03
2.020000e+00 3.705479e-03
2.030000e+00 3.761005e-03
2.040000e+00 3.814304e-03
2.050000e+00 3.865215e-03
2.060000e+00 3.913581e-03
2.070000e+00 3.959250e-03
2.080000e+00 4.002074e-03
2.090000e+00 4.041910e-03
2.100000e+00 4.078621e-03
2.110000e+00 4.112079e-03
2.120000e+00 4.142160e-03
2.130000e+00 4.168750e-03
2.140000e+00 4.191745e-03
2.150000e+00 4.211047e-03
2.160000e+00 4.226570e-03
2.170000e+00 4.238238e-03
2.180000e+00 4.245986e-03
2.190000e+00 4.249760e-03
2.200000e+00 4.249515e-03
2.210000e+00 4.245223e-03
2.220000e+00 4.236863e-03
2.230000e+00 4.224429e-03
2.240000e+00 4.207926e-03
2.250000e+00 4.187372e-03
2.260000e+00 4.162797e-03
2.270000e+00 4.134244e-03
2.280000e+00 4.101766e-03
2.290000e+00 4.065429e-03
2.300000e+00 4.025312e-03
2.310000e+00 3.981503e-03
2.320000e+00 3.934101e-03
2.330000e+00 3.883218e-03
2.340000e+00 3.828971e-03
2.350000e+00 3.771491e-03
2.360000e+00 3.710916e-03
2.370000e+00 3.647390e-03
2.380000e+00 3.581068e-03
2.390000e+00 3.512109e-03
2.400000e+00 3.440679e-03
2.410000e+00 3.366949e-03
2.420000e+00 3.291093e-03
2.430000e+00 3.213291e-03
2.440000e+00 3.133724e-03
2.450000e+00 3.052576e-03
2.460000e+00 2.970031e-03
2.470000e+00 2.886274e-03
2.480000e+00 2.801489e-03
2.490000e+00 2.715860e-03
2.500000e+00 2.629568e-03
2.510000e+00 2.542791e-03
2.520000e+00 2.455705e-03
2.530000e+00 2.368481e-03
2.540000e+00 2.281285e-03
2.550000e+00 2.194278e-03
2.560000e+00 2.107616e-03
2.570000e+00 2.021449e-03
2.580000e+00 1.935918e-03
2.590000e+00 1.851159e-03
2.600000e+00 1.767300e-03
2.610000e+00 1.684462e-03
2.620000e+00 1.602758e-03
2.630000e+00 1.522291e-03
2.640000e+00 1.443159e-03
2.650000e+00 1.365450e-03
2.660000e+00 1.289244e-03
2.670000e+00 1.214613e-03
2.680000e+00 1.141621e-03
2.690000e+00 1.070325e-03
2.700000e+00 1.000773e-03
2.710000e+00 9.330068e-04
2.720000e+00 8.670603e-04
2.730000e+00 8.029614e-04
2.740000e+00 7.407312e-04
2.750000e+00 6.803850e-04
2.760000e+00 6.219326e-04
2.770000e+00 5.653786e-04
2.780000e+00 5.107229e-04
2.790000e+00 4.579615e-04
2.800000e+00 4.070865e-04
2.810000e+00 3.580868e-04
2.820000e+00 3.109487e-04
2.830000e+00 2.656563e-04
2.840000e+00 2.221918e-04
2.850000e+00 1.805361e-04
2.860000e+00 1.406694e-04
2.870000e+00 1.025712e-04
2.880000e+00 6.622130e-05
2.890000e+00 3.159948e-05
2.900000e+00 -1.313672e-06
2.910000e+00 -3.253664e-05
2.920000e+00 -6.208668e-05
2.930000e+00 -8.997963e-05
2.940000e+00 -1.162297e-04
2.950000e+00 -1.408492e-04
2.960000e+00 -1.638488e-04
2.970000e+00 -1.852369e-04
2.980000e+00 -2.050203e-04
2.990000e+00 -2.232034e-04
3.000000e+00 -2.397891e-04
3.010000e+00 -2.547782e-04
3.020000e+00 -2.681701e-04
3.030000e+00 -2.799626e-04
3.040000e+00 -2.901522e-04
3.050000e+00 -2.987345e-04
3.060000e+00 -3.057040e-04
3.070000e+00 -3.110551e-04
3.080000e+00 -3.147820e-04
3.090000e+00 -3.168790e-04
3.100000e+00 -3.173410e-04
3.110000e+00 -3.161637e-04
3.120000e+00 -3.133442e-04
3.130000e+00 -3.088814e-04
3.140000e+00 -3.027762e-04
3.150000e+00 -2.950317e-04
3.160000e+00 -2.856541e-04
3.170000e+00 -2.746527e-04
3.180000e+00 -2.620402e-04
3.190000e+00 -2.478335e-04
3.200000e+00 -2.320531e-04
3.210000e+00 -2.147245e-04
3.220000e+00 -1.958776e-04
3.230000e+00 -1.755472e-04
3.240000e+00 -1.537734e-04
3.250000e+00 -1.306013e-04
3.260000e+00 -1.060817e-04
3.270000e+00 -8.027060e-05
3.280000e+00 -5.322975e-05
3.290000e+00 -2.502626e-05
3.300000e+00 4.267218e-06
3.310000e+00 3.457264e-05
3.320000e+00 6.580668e-05
3.330000e+00 9.788087e-05
3.340000e+00 1.307018e-04
3.350000e+00 1.641715e-04
3.360000e+00 1.981873e-04
3.370000e+00 2.326427e-04
3.380000e+00 2.674272e-04
3.390000e+00 3.024271e-04
3.400000e+00 3.375256e-04
3.410000e+00 3.726032e-04
3.420000e+00 4.075384e-04
3.430000e+00 4.422079e-04
3.440000e+00 4.764874e-04
3.450000e+00 5.102517e-04
3.460000e+00 5.433754e-04
3.470000e+00 5.757336e-04
3.480000e+00 6.072019e-04
3.490000e+00 6.376574e-04
3.500000e+00 6.669790e-04
3.510000e+00 6.950480e-04
3.520000e+00 7.217485e-04
3.530000e+00 7.469677e-04
3.540000e+00 7.705969e-04
3.550000e+00 7.925314e-04
3.560000e+00 8.126711e-04
3.570000e+00 8.309211e-04
3.580000e+00 8.471919e-04
3.590000e+00 8.613997e-04
3.600000e+00 8.734669e-04
3.610000e+00 8.833222e-04
3.620000e+00 8.909012e-04
3.630000e+00 8.961462e-04
3.640000e+00 8.990069e-04
3.650000e+00 8.994400e-04
3.660000e+00 8.974100e-04
3.670000e+00 8.928888e-04
3.680000e+00 8.858560e-04
3.690000e+00 8.762991e-04
3.700000e+00 8.642132e-04
3.710000e+00 8.496011e-04
3.720000e+00 8.324736e-04
3.730000e+00 8.128490e-04
3.740000e+00 7.907532e-04
3.750000e+00 7.662197e-04
3.760000e+00 7.392893e-04
3.770000e+00 7.100099e-04
3.780000e+00 6.784367e-04
3.790000e+00 6.446314e-04
3.800000e+00 6.086626e-04
3.810000e+00 5.706051e-04
3.820000e+00 5.305400e-04
3.830000e+00 4.885541e-04
3.840000e+00 4.447398e-04
3.850000e+00 3.991951e-04
3.860000e+00 3.520226e-04
3.870000e+00 3.033297e-04
3.880000e+00 2.532284e-04
3.890000e+00 2.018344e-04
3.900000e+00 1.492672e-04
3.910000e+00 9.564970e-05
3.920000e+00 4.110764e-05
3.930000e+00 -1.423056e-05
3.940000e+00 -7.023425e-05
3.950000e+00 -1.267710e-04
3.960000e+00 -1.837067e-04
3.970000e+00 -2.409063e-04
3.980000e+00 -2.982342e-04
3.990000e+00 -3.555540e-04
4.000000e+00 -4.127299e-04
4.010000e+00 -4.696262e-04
4.020000e+00 -5.261082e-04
4.030000e+00 -5.820425e-04
4.040000e+00 -6.372971e-04
4.050000e+00 -6.917423e-04
4.060000e+00 -7.452506e-04
4.070000e+00 -7.976974e-04
4.080000e+00 -8.489613e-04
4.090000e+00 -8.989243e-04
4.100000e+00 -9.474724e-04
4.110000e+00 -9.944959e-04
4.120000e+00 -1.039889e-03
4.130000e+00 -1.083553e-03
4.140000e+00 -1.125391e-03
4.150000e+00 -1.165315e-03
4.160000e+00 -1.203240e-03
4.170000e+00 -1.239089e-03
4.180000e+00 -1.272791e-03
4.190000e+00 -1.304281e-03
4.200000e+00 -1.333501e-03
4.210000e+00 -1.360399e-03
4.220000e+00 -1.384932e-03
4.230000e+00 -1.407063e-03
4.240000e+00 -1.426763e-03
4.250000e+00 -1.444008e-03
4.260000e+00 -1.458784e-03
4.270000e+00 -1.471084e-03
4.280000e+00 -1.480906e-03
4.290000e+00 -1.488259e-03
4.300000e+00 -1.493156e-03
4.310000e+00 -1.495617e-03
4.320000e+00 -1.495672e-03
4.330000e+00 -1.493355e-03
4.340000e+00 -1.488705e-03
4.350000e+00 -1.481771e-03
4.360000e+00 -1.472605e-03
4.370000e+00 -1.461266e-03
4.380000e+00 -1.447816e-03
4.390000e+00 -1.432325e-03
4.400000e+00 -1.414864e-03
4.410000e+00 -1.395510e-03
4.420000e+00 -1.374344e-03
4.430000e+00 -1.351447e-03
4.440000e+00 -1.326907e-03
4.450000e+00 -1.300810e-03
4.460000e+00 -1.273247e-03
4.470000e+00 -1.244307e-03
4.480000e+00 -1.214083e-03
4.490000e+00 -1.182666e-03
4.500000e+00 -1.150147e-03
4.510000e+00 -1.116617e-03
4.520000e+00 -1.082165e-03
4.530000e+00 -1.046881e-03
4.540000e+00 -1.010848e-03
4.550000e+00 -9.741529e-04
4.560000e+00 -9.368752e-04
4.570000e+00 -8.990936e-04
4.580000e+00 -8.608832e-04
4.590000e+00 -8.223155e-04
4.600000e+00 -7.834585e-04
4.610000e+00 -7.443761e-04
4.620000e+00 -7.051285e-04
4.630000e+00 -6.657716e-04
4.640000e+00 -6.263574e-04
4.650000e+00 -5.869335e-04
4.660000e+00 -5.475436e-04
4.670000e+00 -5.082274e-04
4.680000e+00 -4.690204e-04
4.690000e+00 -4.299546e-04
4.700000e+00 -3.910583e-04
4.710000e+00 -3.523565e-04
4.720000e+00 -3.138709e-04
4.730000e+00 -2.756207e-04
4.740000e+00 -2.376222e-04
4.750000e+00 -1.998897e-04
4.760000e+00 -1.624358e-04
4.770000e+00 -1.252713e-04
4.780000e+00 -8.840624e-05
4.790000e+00 -5.184983e-05
4.800000e+00 -1.561104e-05
4.810000e+00 2.030102e-05
4.820000e+00 5.587669e-05
4.830000e+00 9.110537e-05
4.840000e+00 1.259751e-04
4.850000e+00 1.604723e-04
4.860000e+00 1.945811e-04
4.870000e+00 2.282834e-04
4.880000e+00 2.615582e-04
4.890000e+00 2.943816e-04
4.900000e+00 3.267263e-04
4.910000e+00 3.585615e-04
4.920000e+00 3.898525e-04
4.930000e+00 4.205609e-04
4.940000e+00 4.506442e-04
4.950000e+00 4.800557e-04
4.960000e+00 5.087447e-04
4.970000e+00 5.366560e-04
4.980000e+00 5.637308e-04
4.990000e+00 5.899056e-04
5.000000e+00 6.151136e-04
5.010000e+00 6.392839e-04
5.020000e+00 6.623420e-04
5.030000e+00 6.842102e-04
5.040000e+00 7.048078e-04
5.050000e+00 7.240514e-04
5.060000e+00 7.418551e-04
5.070000e+00 7.581311e-04
5.080000e+00 7.727899e-04
5.090000e+00 7.857411e-04
5.100000e+00 7.968934e-04
5.110000e+00 8.061554e-04
5.120000e+00 8.134359e-04
5.130000e+00 8.186445e-04
5.140000e+00 8.216921e-04
5.150000e+00 8.224916e-04
5.160000e+00 8.209578e-04
5.170000e+00 8.170088e-04
5.180000e+00 8.105658e-04
5.190000e+00 8.015539e-04
5.200000e+00 7.899027e-04
5.210000e+00 7.755464e-04
5.220000e+00 7.584246e-04
5.230000e+00 7.384828e-04
5.240000e+00 7.156723e-04
5.250000e+00 6.899511e-04
5.260000e+00 6.612843e-04
5.270000e+00 6.296437e-04
5.280000e+00 5.950091e-04
5.290000e+00 5.573678e-04
5.300000e+00 5.167151e-04
5.310000e+00 4.730546e-04
5.320000e+00 4.263981e-04
5.330000e+00 3.767659e-04
5.340000e+00 3.241868e-04
5.350000e+00 2.686981e-04
5.360000e+00 2.103459e-04
5.370000e+00 1.491844e-04
5.380000e+00 8.527664e-05
5.390000e+00 1.869376e-05
5.400000e+00 -5.048484e-05
5.410000e+00 -1.221717e-04
5.420000e+00 -1.962717e-04
5.430000e+00 -2.726820e-04
5.440000e+00 -3.512924e-04
5.450000e+00 -4.319861e-04
5.460000e+00 -5.146391e-04
5.470000e+00 -5.991214e-04
5.480000e+00 -6.852969e-04
5.490000e+00 -7.730238e-04
5.500000e+00 -8.621555e-04
5.510000e+00 -9.525400e-04
5.520000e+00 -1.044022e-03
5.530000e+00 -1.136440e-03
5.540000e+00 -1.229632e-03
5.550000e+00 -1.323431e-03
5.560000e+00 -1.417668e-03
5.570000e+00 -1.512172e-03
5.580000e+00 -1.606770e-03
5.590000e+00 -1.701288e-03
5.600000e+00 -1.795551e-03
5.610000e+00 -1.889384e-03
5.620000e+00 -1.982613e-03
5.630000e+00 -2.075062e-03
5.640000e+00 -2.166558e-03
5.650000e+00 -2.256930e-03
5.660000e+00 -2.346008e-03
5.670000e+00 -2.433623e-03
5.680000e+00 -2.519611e-03
5.690000e+00 -2.603810e-03
5.700000e+00 -2.686062e-03
5.710000e+00 -2.766210e-03
5.720000e+00 -2.844106e-03
5.730000e+00 -2.919602e-03
5.740000e+00 -2.992558e-03
5.750000e+00 -3.062837e-03
5.760000e+00 -3.130309e-03
5.770000e+00 -3.194849e-03
5.780000e+00 -3.256338e-03
5.790000e+00 -3.314663e-03
5.800000e+00 -3.369719e-03
5.810000e+00 -3.421407e-03
5.820000e+00 -3.469633e-03
5.830000e+00 -3.514315e-03
5.840000e+00 -3.555373e-03
5.850000e+00 -3.592740e-03
5.860000e+00 -3.626352e-03
5.870000e+00 -3.656157e-03
5.880000e+00 -3.682109e-03
5.890000e+00 -3.704171e-03
5.900000e+00 -3.722315e-03
5.910000e+00 -3.736521e-03
5.920000e+00 -3.746777e-03
5.930000e+00 -3.753083e-03
5.940000e+00 -3.755445e-03
5.950000e+00 -3.753878e-03
5.960000e+00 -3.748407e-03
5.970000e+00 -3.739067e-03
5.980000e+00 -3.725901e-03
5.990000e+00 -3.708962e-03
6.000000e+00 -3.688309e-03
6.010000e+00 -3.664015e-03
6.020000e+00 -3.636157e-03
6.030000e+00 -3.604825e-03
6.040000e+00 -3.570115e-03
6.050000e+00 -3.532133e-03
6.060000e+00 -3.490993e-03
6.070000e+00 -3.446817e-03
6.080000e+00 -3.399734e-03
6.090000e+00 -3.349883e-03
6.100000e+00 -3.297409e-03
6.110000e+00 -3.242464e-03
6.120000e+00 -3.185207e-03
6.130000e+00 -3.125805e-03
6.140000e+00 -3.064427e-03
6.150000e+00 -3.001251e-03
6.160000e+00 -2.936460e-03
6.170000e+00 -2.870239e-03
6.180000e+00 -2.802780e-03
6.190000e+00 -2.734276e-03
6.200000e+00 -2.664926e-03
6.210000e+00 -2.594927e-03
6.220000e+00 -2.524482e-03
6.230000e+00 -2.453793e-03
6.240000e+00 -2.383062e-03
6.250000e+00 -2.312492e-03
6.260000e+00 -2.242285e-03
6.270000e+00 -2.172641e-03
6.280000e+00 -2.103758e-03
6.290000e+00 -2.035831e-03
6.300000e+00 -1.969050e-03
6.310000e+00 -1.903603e-03
6.320000e+00 -1.839673e-03
6.330000e+00 -1.777434e-03
6.340000e+00 -1.717059e-03
6.350000e+00 -1.658708e-03
6.360000e+00 -1.602538e-03
6.370000e+00 -1.548697e-03
6.380000e+00 -1.497324e-03
6.390000e+00 -1.448547e-03
6.400000e+00 -1.402487e-03
6.410000e+00 -1.359254e-03
6.420000e+00 -1.318947e-03
6.430000e+00 -1.281656e-03
6.440000e+00 -1.247456e-03
6.450000e+00 -1.216416e-03
6.460000e+00 -1.188588e-03
6.470000e+00 -1.164017e-03
6.480000e+00 -1.142733e-03
6.490000e+00 -1.124757e-03
6.500000e+00 -1.110094e-03
6.510000e+00 -1.098743e-03
6.520000e+00 -1.090687e-03
6.530000e+00 -1.085900e-03
6.540000e+00 -1.084345e-03
6.550000e+00 -1.085972e-03
6.560000e+00 -1.090724e-03
6.570000e+00 -1.098533e-03
6.580000e+00 -1.109320e-03
6.590000e+00 -1.122999e-03
6.600000e+00 -1.139476e-03
6.610000e+00 -1.158648e-03
6.620000e+00 -1.180407e-03
6.630000e+00 -1.204635e-03
6.640000e+00 -1.231213e-03
6.650000e+00 -1.260013e-03
6.660000e+00 -1.290907e-03
6.670000e+00 -1.323760e-03
6.680000e+00 -1.358435e-03
6.690000e+00 -1.394796e-03
6.700000e+00 -1.432702e-03
6.710000e+00 -1.472014e-03
6.720000e+00 -1.512593e-03
6.730000e+00 -1.554301e-03
6.740000e+00 -1.597000e-03
6.750000e+00 -1.640558e-03
6.760000e+00 -1.684843e-03
6.770000e+00 -1.729728e-03
6.780000e+00 -1.775089e-03
6.790000e+00 -1.820808e-03
6.800000e+00 -1.866771e-03
6.810000e+00 -1.912871e-03
6.820000e+00 -1.959004e-03
6.830000e+00 -2.005076e-03
6.840000e+00 -2.050996e-03
6.850000e+00 -2.096681e-03
6.860000e+00 -2.142055e-03
6.870000e+00 -2.187048e-03
6.880000e+00 -2.231596e-03
6.890000e+00 -2.275644e-03
6.900000e+00 -2.319142e-03
6.910000e+00 -2.362045e-03
6.920000e+00 -2.404317e-03
6.930000e+00 -2.445927e-03
6.940000e+00 -2.486850e-03
6.950000e+00 -2.527064e-03
6.960000e+00 -2.566556e-03
6.970000e+00 -2.605314e-03
6.980000e+00 -2.643332e-03
6.990000e+00 -2.680609e-03
7.000000e+00 -2.717144e-03
7.010000e+00 -2.752943e-03
7.020000e+00 -2.788010e-03
7.030000e+00 -2.822356e-03
7.040000e+00 -2.855989e-03
7.050000e+00 -2.888920e-03
7.060000e+00 -2.921162e-03
7.070000e+00 -2.952727e-03
7.080000e+00 -2.983625e-03
7.090000e+00 -3.013870e-03
7.100000e+00 -3.043471e-03
7.110000e+00 -3.072439e-03
7.120000e+00 -3.100781e-03
7.130000e+00 -3.128505e-03
7.140000e+00 -3.155616e-03
7.150000e+00 -3.182117e-03
7.160000e+00 -3.208010e-03
7.170000e+00 -3.233295e-03
7.180000e+00 -3.257969e-03
7.190000e+00 -3.282027e-03
7.200000e+00 -3.305465e-03
7.210000e+00 -3.328274e-03
7.220000e+00 -3.350445e-03
7.230000e+00 -3.371968e-03
7.240000e+00 -3.392831e-03
7.250000e+00 -3.413022e-03
7.260000e+00 -3.432528e-03
7.270000e+00 -3.451336e-03
7.280000e+00 -3.469434e-03
7.290000e+00 -3.486808e-03
7.300000e+00 -3.503447e-03
7.310000e+00 -3.519341e-03
7.320000e+00 -3.534480e-03
7.330000e+00 -3.548859e-03
7.340000e+00 -3.562471e-03
7.350000e+00 -3.575315e-03
7.360000e+00 -3.587392e-03
7.370000e+00 -3.598704e-03
7.380000e+00 -3.609260e-03
7.390000e+00 -3.619069e-03
7.400000e+00 -3.628146e-03
7.410000e+00 -3.636510e-03
7.420000e+00 -3.644183e-03
7.430000e+00 -3.651191e-03
7.440000e+00 -3.657565e-03
7.450000e+00 -3.663340e-03
7.460000e+00 -3.668555e-03
7.470000e+00 -3.673253e-03
7.480000e+00 -3.677480e-03
7.490000e+00 -3.681286e-03
7.500000e+00 -3.684725e-03
7.510000e+00 -3.687854e-03
7.520000e+00 -3.690731e-03
7.530000e+00 -3.693419e-03
7.540000e+00 -3.695981e-03
7.550000e+00 -3.698483e-03
7.560000e+00 -3.700991e-03
7.570000e+00 -3.703571e-03
7.580000e+00 -3.706291e-03
7.590000e+00 -3.709218e-03
7.600000e+00 -3.712416e-03
7.610000e+00 -3.715952e-03
7.620000e+00 -3.719887e-03
7.630000e+00 -3.724280e-03
7.640000e+00 -3.729190e-03
7.650000e+00 -3.734669e-03
7.660000e+00 -3.740767e-03
7.670000e+00 -3.747530e-03
7.680000e+00 -3.754997e-03
7.690000e+00 -3.763204e-03
7.700000e+00 -3.772180e-03
7.710000e+00 -3.781950e-03
7.720000e+00 -3.792531e-03
7.730000e+00 -3.803934e-03
7.740000e+00 -3.816163e-03
7.750000e+00 -3.829218e-03
7.760000e+00 -3.843089e-03
7.770000e+00 -3.857760e-03
7.780000e+00 -3.873210e-03
7.790000e+00 -3.889409e-03
7.800000e+00 -3.906321e-03
7.810000e+00 -3.923904e-03
7.820000e+00 -3.942110e-03
7.830000e+00 -3.960885e-03
7.840000e+00 -3.980167e-03
7.850000e+00 -3.999892e-03
7.860000e+00 -4.019989e-03
7.870000e+00 -4.040383e-03
7.880000e+00 -4.060994e-03
7.890000e+00 -4.081738e-03
7.900000e+00 -4.102530e-03
7.910000e+00 -4.123280e-03
7.920000e+00 -4.143896e-03
7.930000e+00 -4.164285e-03
7.940000e+00 -4.184352e-03
7.950000e+00 -4.204002e-03
7.960000e+00 -4.223138e-03
7.970000e+00 -4.241666e-03
7.980000e+00 -4.259489e-03
7.990000e+00 -4.276515e-03
8.000000e+00 -4.292650e-03
8.010000e+00 -4.307806e-03
8.020000e+00 -4.321893e-03
8.030000e+00 -4.334827e-03
8.040000e+00 -4.346527e-03
8.050000e+00 -4.356913e-03
8.060000e+00 -4.365911e-03
8.070000e+00 -4.373451e-03
8.080000e+00 -4.379465e-03
8.090000e+00 -4.383891e-03
8.100000e+00 -4.386671e-03
8.110000e+00 -4.387753e-03
8.120000e+00 -4.387087e-03
8.130000e+00 -4.384629e-03
8.140000e+00 -4.380341e-03
8.150000e+00 -4.374187e-03
8.160000e+00 -4.366137e-03
8.170000e+00 -4.356167e-03
8.180000e+00 -4.344255e-03
8.190000e+00 -4.330384e-03
8.200000e+00 -4.314542e-03
8.210000e+00 -4.296721e-03
8.220000e+00 -4.276917e-03
8.230000e+00 -4.255129e-03
8.240000e+00 -4.231359e-03
8.250000e+00 -4.205616e-03
8.260000e+00 -4.177908e-03
8.270000e+00 -4.148249e-03
8.280000e+00 -4.116655e-03
8.290000e+00 -4.083145e-03
8.300000e+00 -4.047741e-03
8.310000e+00 -4.010468e-03
8.320000e+00 -3.971352e-03
8.330000e+00 -3.930424e-03
8.340000e+00 -3.887714e-03
8.350000e+00 -3.843258e-03
8.360000e+00 -3.797093e-03
8.370000e+00 -3.749257e-03
8.380000e+00 -3.699792e-03
8.390000e+00 -3.648741e-03
8.400000e+00 -3.596151e-03
8.410000e+00 -3.542071e-03
8.420000e+00 -3.486550e-03
8.430000e+00 -3.429642e-03
8.440000e+00 -3.371404e-03
8.450000e+00 -3.311895e-03
8.460000e+00 -3.251175e-03
8.470000e+00 -3.189309e-03
8.480000e+00 -3.126365e-03
8.490000e+00 -3.062412e-03
8.500000e+00 -2.997524e-03
8.510000e+00 -2.931778e-03
8.520000e+00 -2.865252e-03
8.530000e+00 -2.798030e-03
8.540000e+00 -2.730197e-03
8.550000e+00 -2.661843e-03
8.560000e+00 -2.593061e-03
8.570000e+00 -2.523944e-03
8.580000e+00 -2.454593e-03
8.590000e+00 -2.385108e-03
8.600000e+00 -2.315594e-03
8.610000e+00 -2.246157e-03
8.620000e+00 -2.176907e-03
8.630000e+00 -2.107954e-03
8.640000e+00 -2.039414e-03
8.650000e+00 -1.971399e-03
8.660000e+00 -1.904028e-03
8.670000e+00 -1.837417e-03
8.680000e+00 -1.771685e-03
8.690000e+00 -1.706950e-03
8.700000e+00 -1.643330e-03
8.710000e+00 -1.580942e-03
8.720000e+00 -1.519904e-03
8.730000e+00 -1.460329e-03
8.740000e+00 -1.402332e-03
8.750000e+00 -1.346023e-03
8.760000e+00 -1.291508e-03
8.770000e+00 -1.238893e-03
8.780000e+00 -1.188277e-03
8.790000e+00 -1.139756e-03
8.800000e+00 -1.093419e-03
8.810000e+00 -1.049353e-03
8.820000e+00 -1.007637e-03
8.830000e+00 -9.683429e-04
8.840000e+00 -9.315376e-04
8.850000e+00 -8.972798e-04
8.860000e+00 -8.656213e-04
8.870000e+00 -8.366058e-04
8.880000e+00 -8.102690e-04
8.890000e+00 -7.866381e-04
8.900000e+00 -7.657321e-04
8.910000e+00 -7.475610e-04
8.920000e+00 -7.321260e-04
8.930000e+00 -7.194196e-04
8.940000e+00 -7.094251e-04
8.950000e+00 -7.021170e-04
8.960000e+00 -6.974609e-04
8.970000e+00 -6.954136e-04
8.980000e+00 -6.959233e-04
8.990000e+00 -6.989299e-04
9.000000e+00 -7.043648e-04
9.010000e+00 -7.121517e-04
9.020000e+00 -7.222069e-04
9.030000e+00 -7.344391e-04
9.040000e+00 -7.487503e-04
9.050000e+00 -7.650363e-04
9.060000e+00 -7.831867e-04
9.070000e+00 -8.030856e-04
9.080000e+00 -8.246125e-04
9.090000e+00 -8.476420e-04
9.100000e+00 -8.720451e-04
9.110000e+00 -8.976896e-04
9.120000e+00 -9.244401e-04
9.130000e+00 -9.521595e-04
9.140000e+00 -9.807089e-04
9.150000e+00 -1.009948e-03
9.160000e+00 -1.039737e-03
9.170000e+00 -1.069936e-03
9.180000e+00 -1.100404e-03
9.190000e+00 -1.131004e-03
9.200000e+00 -1.161599e-03
9.210000e+00 -1.192055e-03
9.220000e+00 -1.222240e-03
9.230000e+00 -1.252025e-03
9.240000e+00 -1.281288e-03
9.250000e+00 -1.309905e-03
9.260000e+00 -1.337763e-03
9.270000e+00 -1.364749e-03
9.280000e+00 -1.390757e-03
9.290000e+00 -1.415687e-03
9.300000e+00 -1.439443e-03
9.310000e+00 -1.461937e-03
9.320000e+00 -1.483085e-03
9.330000e+00 -1.502811e-03
9.340000e+00 -1.521045e-03
9.350000e+00 -1.537723e-03
9.360000e+00 -1.552787e-03
9.370000e+00 -1.566188e-03
9.380000e+00 -1.577881e-03
9.390000e+00 -1.587830e-03
9.400000e+00 -1.596003e-03
9.410000e+00 -1.602376e-03
9.420000e+00 -1.606933e-03
9.430000e+00 -1.609661e-03
9.440000e+00 -1.610556e-03
9.450000e+00 -1.609619e-03
9.460000e+00 -1.606857e-03
9.470000e+00 -1.602282e-03
9.480000e+00 -1.595914e-03
9.490000e+00 -1.587775e-03
9.500000e+00 -1.577895e-03
9.510000e+00 -1.566308e-03
9.520000e+00 -1.553052e-03
9.530000e+00 -1.538170e-03
9.540000e+00 -1.521711e-03
9.550000e+00 -1.503725e-03
9.560000e+00 -1.484268e-03
9.570000e+00 -1.463398e-03
9.580000e+00 -1.441178e-03
9.590000e+00 -1.417674e-03
9.600000e+00 -1.392952e-03
9.610000e+00 -1.367084e-03
9.620000e+00 -1.340142e-03
9.630000e+00 -1.312201e-03
9.640000e+00 -1.283338e-03
9.650000e+00 -1.253632e-03
9.660000e+00 -1.223160e-03
9.670000e+00 -1.192005e-03
9.680000e+00 -1.160246e-03
9.690000e+00 -1.127966e-03
9.700000e+00 -1.095247e-03
9.710000e+00 -1.062170e-03
9.720000e+00 -1.028817e-03
9.730000e+00 -9.952696e-04
9.740000e+00 -9.616073e-04
9.750000e+00 -9.279096e-04
9.760000e+00 -8.942546e-04
9.770000e+00 -8.607186e-04
9.780000e+00 -8.273763e-04
9.790000e+00 -7.943005e-04
9.800000e+00 -7.615617e-04
9.810000e+00 -7.292277e-04
9.820000e+00 -6.973641e-04
9.830000e+00 -6.660334e-04
9.840000e+00 -6.352949e-04
9.850000e+00 -6.052050e-04
9.860000e+00 -5.758165e-04
9.870000e+00 -5.471786e-04
9.880000e+00 -5.193369e-04
9.890000e+00 -4.923333e-04
9.900000e+00 -4.662056e-04
9.910000e+00 -4.409876e-04
9.920000e+00 -4.167094e-04
9.930000e+00 -3.933966e-04
9.940000e+00 -3.710709e-04
9.950000e+00 -3.497499e-04
9.960000e+00 -3.294472e-04
9.970000e+00 -3.101723e-04
9.980000e+00 -2.919309e-04
9.990000e+00 -2.747249e-04
1.000000e+01 -2.585525e-04
