# sigma2_v 6.123549827631429e+00
0.000000e+00 1.000000e+00
1.000000e-02 9.996939e-01
2.000000e-02 9.987760e-01
3.000000e-02 9.972481e-01
4.000000e-02 9.951129e-01
5.000000e-02 9.923741e-01
6.000000e-02 9.890368e-01
7.000000e-02 9.851067e-01
8.000000e-02 9.805911e-01
9.000000e-02 9.754978e-01
1.000000e-01 9.698358e-01
1.100000e-01 9.636152e-01
1.200000e-01 9.568469e-01
1.300000e-01 9.495427e-01
1.400000e-01 9.417153e-01
1.500000e-01 9.333784e-01
1.600000e-01 9.245461e-01
1.700000e-01 9.152338e-01
1.800000e-01 9.054571e-01
1.900000e-01 8.952327e-01
2.000000e-01 8.845776e-01
2.100000e-01 8.735096e-01
2.200000e-01 8.620469e-01
2.300000e-01 8.502083e-01
2.400000e-01 8.380130e-01
2.500000e-01 8.254805e-01
2.600000e-01 8.126307e-01
2.700000e-01 7.994838e-01
2.800000e-01 7.860602e-01
2.900000e-01 7.723805e-01
3.000000e-01 7.584654e-01
3.100000e-01 7.443356e-01
3.200000e-01 7.300120e-01
3.300000e-01 7.155154e-01
3.400000e-01 7.008665e-01
3.500000e-01 6.860859e-01
3.600000e-01 6.711941e-01
3.700000e-01 6.562112e-01
3.800000e-01 6.411572e-01
3.900000e-01 6.260519e-01
4.000000e-01 6.109145e-01
4.100000e-01 5.957641e-01
4.200000e-01 5.806191e-01
4.300000e-01 5.654978e-01
4.400000e-01 5.504178e-01
4.500000e-01 5.353961e-01
4.600000e-01 5.204495e-01
4.700000e-01 5.055940e-01
4.800000e-01 4.908450e-01
4.900000e-01 4.762175e-01
5.000000e-01 4.617257e-01
5.100000e-01 4.473831e-01
5.200000e-01 4.332028e-01
5.300000e-01 4.191970e-01
5.400000e-01 4.053774e-01
5.500000e-01 3.917550e-01
5.600000e-01 3.783399e-01
5.700000e-01 3.651418e-01
5.800000e-01 3.521695e-01
5.900000e-01 3.394313e-01
6.000000e-01 3.269345e-01
6.100000e-01 3.146861e-01
6.200000e-01 3.026923e-01
6.300000e-01 2.909584e-01
6.400000e-01 2.794893e-01
6.500000e-01 2.682892e-01
6.600000e-01 2.573617e-01
6.700000e-01 2.467096e-01
6.800000e-01 2.363353e-01
6.900000e-01 2.262405e-01
7.000000e-01 2.164265e-01
7.100000e-01 2.068937e-01
7.200000e-01 1.976424e-01
7.300000e-01 1.886720e-01
7.400000e-01 1.799817e-01
7.500000e-01 1.715701e-01
7.600000e-01 1.634353e-01
7.700000e-01 1.555752e-01
7.800000e-01 1.479870e-01
7.900000e-01 1.406678e-01
8.000000e-01 1.336141e-01
8.100000e-01 1.268223e-01
8.200000e-01 1.202883e-01
8.300000e-01 1.140077e-01
8.400000e-01 1.079761e-01
8.500000e-01 1.021886e-01
8.600000e-01 9.664024e-02
8.700000e-01 9.132569e-02
8.800000e-01 8.623958e-02
8.900000e-01 8.137638e-02
9.000000e-01 7.673038e-02
9.100000e-01 7.229578e-02
9.200000e-01 6.806669e-02
9.300000e-01 6.403713e-02
9.400000e-01 6.020108e-02
9.500000e-01 5.655247e-02
9.600000e-01 5.308520e-02
9.700000e-01 4.979319e-02
9.800000e-01 4.667034e-02
9.900000e-01 4.371059e-02
1.000000e+00 4.090791e-02
1.010000e+00 3.825631e-02
1.020000e+00 3.574989e-02
1.030000e+00 3.338279e-02
1.040000e+00 3.114926e-02
1.050000e+00 2.904361e-02
1.060000e+00 2.706030e-02
1.070000e+00 2.519386e-02
1.080000e+00 2.343895e-02
1.090000e+00 2.179037e-02
1.100000e+00 2.024302e-02
1.110000e+00 1.879195e-02
1.120000e+00 1.743237e-02
1.130000e+00 1.615961e-02
1.140000e+00 1.496915e-02
1.150000e+00 1.385663e-02
1.160000e+00 1.281782e-02
1.170000e+00 1.184869e-02
1.180000e+00 1.094530e-02
1.190000e+00 1.010392e-02
1.200000e+00 9.320948e-03
1.210000e+00 8.592938e-03
1.220000e+00 7.916599e-03
1.230000e+00 7.288793e-03
1.240000e+00 6.706527e-03
1.250000e+00 6.166958e-03
1.260000e+00 5.667384e-03
1.270000e+00 5.205247e-03
1.280000e+00 4.778125e-03
1.290000e+00 4.383731e-03
1.300000e+00 4.019906e-03
1.310000e+00 3.684622e-03
1.320000e+00 3.375969e-03
1.330000e+00 3.092157e-03
1.340000e+00 2.831510e-03
1.350000e+00 2.592457e-03
1.360000e+00 2.373537e-03
1.370000e+00 2.173383e-03
1.380000e+00 1.990727e-03
1.390000e+00 1.824389e-03
1.400000e+00 1.673272e-03
1.410000e+00 1.536364e-03
1.420000e+00 1.412725e-03
1.430000e+00 1.301486e-03
1.440000e+00 1.201847e-03
1.450000e+00 1.113067e-03
1.460000e+00 1.034463e-03
1.470000e+00 9.654068e-04
1.480000e+00 9.053164e-04
1.490000e+00 8.536562e-04
1.500000e+00 8.099309e-04
1.510000e+00 7.736826e-04
1.520000e+00 7.444868e-04
1.530000e+00 7.219489e-04
1.540000e+00 7.057014e-04
1.550000e+00 6.954006e-04
1.560000e+00 6.907235e-04
1.570000e+00 6.913655e-04
1.580000e+00 6.970375e-04
1.590000e+00 7.074641e-04
1.600000e+00 7.223808e-04
1.610000e+00 7.415327e-04
1.620000e+00 7.646723e-04
1.630000e+00 7.915581e-04
1.640000e+00 8.219534e-04
1.650000e+00 8.556246e-04
1.660000e+00 8.923408e-04
1.670000e+00 9.318725e-04
1.680000e+00 9.739908e-04
1.690000e+00 1.018467e-03
1.700000e+00 1.065073e-03
1.710000e+00 1.113580e-03
1.720000e+00 1.163758e-03
1.730000e+00 1.215377e-03
1.740000e+00 1.268206e-03
1.750000e+00 1.322015e-03
1.760000e+00 1.376574e-03
1.770000e+00 1.431652e-03
1.780000e+00 1.487020e-03
1.790000e+00 1.542452e-03
1.800000e+00 1.597723e-03
1.810000e+00 1.652610e-03
1.820000e+00 1.706896e-03
1.830000e+00 1.760367e-03
1.840000e+00 1.812814e-03
1.850000e+00 1.864035e-03
1.860000e+00 1.913835e-03
1.870000e+00 1.962026e-03
1.880000e+00 2.008429e-03
1.890000e+00 2.052874e-03
1.900000e+00 2.095203e-03
1.910000e+00 2.135266e-03
1.920000e+00 2.172927e-03
1.930000e+00 2.208061e-03
1.940000e+00 2.240556e-03
1.950000e+00 2.270315e-03
1.960000e+00 2.297253e-03
1.970000e+00 2.321301e-03
1.980000e+00 2.342403e-03
1.990000e+00 2.360521e-03
2.000000e+00 2.375629e-03
2.010000e+00 2.387719e-03
2.020000e+00 2.396798e-03
2.030000e+00 2.402888e-03
2.040000e+00 2.406027e-03
2.050000e+00 2.406267e-03
2.060000e+00 2.403678e-03
2.070000e+00 2.398341e-03
2.080000e+00 2.390354e-03
2.090000e+00 2.379827e-03
2.100000e+00 2.366885e-03
2.110000e+00 2.351664e-03
2.120000e+00 2.334311e-03
2.130000e+00 2.314987e-03
2.140000e+00 2.293861e-03
2.150000e+00 2.271111e-03
2.160000e+00 2.246925e-03
2.170000e+00 2.221495e-03
2.180000e+00 2.195024e-03
2.190000e+00 2.167715e-03
2.200000e+00 2.139779e-03
2.210000e+00 2.111428e-03
2.220000e+00 2.082876e-03
2.230000e+00 2.054337e-03
2.240000e+00 2.026024e-03
2.250000e+00 1.998150e-03
2.260000e+00 1.970924e-03
2.270000e+00 1.944550e-03
2.280000e+00 1.919228e-03
2.290000e+00 1.895151e-03
2.300000e+00 1.872504e-03
2.310000e+00 1.851464e-03
2.320000e+00 1.832200e-03
2.330000e+00 1.814868e-03
2.340000e+00 1.799616e-03
2.350000e+00 1.786576e-03
2.360000e+00 1.775871e-03
2.370000e+00 1.767610e-03
2.380000e+00 1.761886e-03
2.390000e+00 1.758781e-03
2.400000e+00 1.758358e-03
2.410000e+00 1.760670e-03
2.420000e+00 1.765751e-03
2.430000e+00 1.773620e-03
2.440000e+00 1.784282e-03
2.450000e+00 1.797726e-03
2.460000e+00 1.813926e-03
2.470000e+00 1.832840e-03
2.480000e+00 1.854412e-03
2.490000e+00 1.878572e-03
2.500000e+00 1.905234e-03
2.510000e+00 1.934302e-03
2.520000e+00 1.965665e-03
2.530000e+00 1.999199e-03
2.540000e+00 2.034772e-03
2.550000e+00 2.072238e-03
2.560000e+00 2.111443e-03
2.570000e+00 2.152224e-03
2.580000e+00 2.194410e-03
2.590000e+00 2.237824e-03
2.600000e+00 2.282282e-03
2.610000e+00 2.327594e-03
2.620000e+00 2.373569e-03
2.630000e+00 2.420010e-03
2.640000e+00 2.466721e-03
2.650000e+00 2.513504e-03
2.660000e+00 2.560161e-03
2.670000e+00 2.606495e-03
2.680000e+00 2.652311e-03
2.690000e+00 2.697419e-03
2.700000e+00 2.741631e-03
2.710000e+00 2.784765e-03
2.720000e+00 2.826644e-03
2.730000e+00 2.867098e-03
2.740000e+00 2.905964e-03
2.750000e+00 2.943086e-03
2.760000e+00 2.978318e-03
2.770000e+00 3.011521e-03
2.780000e+00 3.042569e-03
2.790000e+00 3.071340e-03
2.800000e+00 3.097729e-03
2.810000e+00 3.121635e-03
2.820000e+00 3.142973e-03
2.830000e+00 3.161665e-03
2.840000e+00 3.177645e-03
2.850000e+00 3.190859e-03
2.860000e+00 3.201263e-03
2.870000e+00 3.208823e-03
2.880000e+00 3.213517e-03
2.890000e+00 3.215332e-03
2.900000e+00 3.214265e-03
2.910000e+00 3.210324e-03
2.920000e+00 3.203526e-03
2.930000e+00 3.193897e-03
2.940000e+00 3.181470e-03
2.950000e+00 3.166289e-03
2.960000e+00 3.148404e-03
2.970000e+00 3.127873e-03
2.980000e+00 3.104758e-03
2.990000e+00 3.079132e-03
3.000000e+00 3.051069e-03
3.010000e+00 3.020651e-03
3.020000e+00 2.987964e-03
3.030000e+00 2.953098e-03
3.040000e+00 2.916145e-03
3.050000e+00 2.877202e-03
3.060000e+00 2.836369e-03
3.070000e+00 2.793745e-03
3.080000e+00 2.749435e-03
3.090000e+00 2.703542e-03
3.100000e+00 2.656170e-03
3.110000e+00 2.607425e-03
3.120000e+00 2.557412e-03
3.130000e+00 2.506236e-03
3.140000e+00 2.454001e-03
3.150000e+00 2.400810e-03
3.160000e+00 2.346766e-03
3.170000e+00 2.291970e-03
3.180000e+00 2.236521e-03
3.190000e+00 2.180516e-03
3.200000e+00 2.124052e-03
3.210000e+00 2.067221e-03
3.220000e+00 2.010115e-03
3.230000e+00 1.952823e-03
3.240000e+00 1.895432e-03
3.250000e+00 1.838025e-03
3.260000e+00 1.780686e-03
3.270000e+00 1.723492e-03
3.280000e+00 1.666521e-03
3.290000e+00 1.609846e-03
3.300000e+00 1.553540e-03
3.310000e+00 1.497670e-03
3.320000e+00 1.442303e-03
3.330000e+00 1.387503e-03
3.340000e+00 1.333330e-03
3.350000e+00 1.279843e-03
3.360000e+00 1.227097e-03
3.370000e+00 1.175146e-03
3.380000e+00 1.124039e-03
3.390000e+00 1.073825e-03
3.400000e+00 1.024548e-03
3.410000e+00 9.762508e-04
3.420000e+00 9.289730e-04
3.430000e+00 8.827515e-04
3.440000e+00 8.376204e-04
3.450000e+00 7.936113e-04
3.460000e+00 7.507528e-04
3.470000e+00 7.090707e-04
3.480000e+00 6.685882e-04
3.490000e+00 6.293253e-04
3.500000e+00 5.912994e-04
3.510000e+00 5.545249e-04
3.520000e+00 5.190135e-04
3.530000e+00 4.847736e-04
3.540000e+00 4.518111e-04
3.550000e+00 4.201288e-04
3.560000e+00 3.897265e-04
3.570000e+00 3.606013e-04
3.580000e+00 3.327473e-04
3.590000e+00 3.061558e-04
3.600000e+00 2.808153e-04
3.610000e+00 2.567117e-04
3.620000e+00 2.338279e-04
3.630000e+00 2.121444e-04
3.640000e+00 1.916390e-04
3.650000e+00 1.722871e-04
3.660000e+00 1.540617e-04
3.670000e+00 1.369335e-04
3.680000e+00 1.208710e-04
3.690000e+00 1.058405e-04
3.700000e+00 9.180638e-05
3.710000e+00 7.873126e-05
3.720000e+00 6.657588e-05
3.730000e+00 5.529937e-05
3.740000e+00 4.485937e-05
3.750000e+00 3.521211e-05
3.760000e+00 2.631255e-05
3.770000e+00 1.811448e-05
3.780000e+00 1.057067e-05
3.790000e+00 3.632915e-06
3.800000e+00 -2.747789e-06
3.810000e+00 -8.621200e-06
3.820000e+00 -1.403772e-05
3.830000e+00 -1.904830e-05
3.840000e+00 -2.370438e-05
3.850000e+00 -2.805782e-05
3.860000e+00 -3.216083e-05
3.870000e+00 -3.606589e-05
3.880000e+00 -3.982576e-05
3.890000e+00 -4.349340e-05
3.900000e+00 -4.712193e-05
3.910000e+00 -5.076465e-05
3.920000e+00 -5.447495e-05
3.930000e+00 -5.830636e-05
3.940000e+00 -6.231248e-05
3.950000e+00 -6.654700e-05
3.960000e+00 -7.106368e-05
3.970000e+00 -7.591632e-05
3.980000e+00 -8.115876e-05
3.990000e+00 -8.684488e-05
4.000000e+00 -9.302854e-05
4.010000e+00 -9.976356e-05
4.020000e+00 -1.071037e-04
4.030000e+00 -1.151026e-04
4.040000e+00 -1.238136e-04
4.050000e+00 -1.332901e-04
4.060000e+00 -1.435848e-04
4.070000e+00 -1.547502e-04
4.080000e+00 -1.668381e-04
4.090000e+00 -1.798997e-04
4.100000e+00 -1.939855e-04
4.110000e+00 -2.091448e-04
4.120000e+00 -2.254258e-04
4.130000e+00 -2.428753e-04
4.140000e+00 -2.615388e-04
4.150000e+00 -2.814596e-04
4.160000e+00 -3.026792e-04
4.170000e+00 -3.252368e-04
4.180000e+00 -3.491689e-04
4.190000e+00 -3.745093e-04
4.200000e+00 -4.012886e-04
4.210000e+00 -4.295341e-04
4.220000e+00 -4.592692e-04
4.230000e+00 -4.905133e-04
4.240000e+00 -5.232816e-04
4.250000e+00 -5.575847e-04
4.260000e+00 -5.934282e-04
4.270000e+00 -6.308125e-04
4.280000e+00 -6.697327e-04
4.290000e+00 -7.101780e-04
4.300000e+00 -7.521317e-04
4.310000e+00 -7.955710e-04
4.320000e+00 -8.404669e-04
4.330000e+00 -8.867835e-04
4.340000e+00 -9.344786e-04
4.350000e+00 -9.835031e-04
4.360000e+00 -1.033801e-03
4.370000e+00 -1.085310e-03
4.380000e+00 -1.137959e-03
4.390000e+00 -1.191673e-03
4.400000e+00 -1.246369e-03
4.410000e+00 -1.301956e-03
4.420000e+00 -1.358338e-03
4.430000e+00 -1.415413e-03
4.440000e+00 -1.473073e-03
4.450000e+00 -1.531202e-03
4.460000e+00 -1.589683e-03
4.470000e+00 -1.648390e-03
4.480000e+00 -1.707194e-03
4.490000e+00 -1.765963e-03
4.500000e+00 -1.824560e-03
4.510000e+00 -1.882844e-03
4.520000e+00 -1.940675e-03
4.530000e+00 -1.997907e-03
4.540000e+00 -2.054395e-03
4.550000e+00 -2.109994e-03
4.560000e+00 -2.164557e-03
4.570000e+00 -2.217938e-03
4.580000e+00 -2.269994e-03
4.590000e+00 -2.320581e-03
4.600000e+00 -2.369561e-03
4.610000e+00 -2.416797e-03
4.620000e+00 -2.462157e-03
4.630000e+00 -2.505513e-03
4.640000e+00 -2.546742e-03
4.650000e+00 -2.585729e-03
4.660000e+00 -2.622363e-03
4.670000e+00 -2.656541e-03
4.680000e+00 -2.688168e-03
4.690000e+00 -2.717156e-03
4.700000e+00 -2.743428e-03
4.710000e+00 -2.766912e-03
4.720000e+00 -2.787549e-03
4.730000e+00 -2.805288e-03
4.740000e+00 -2.820088e-03
4.750000e+00 -2.831918e-03
4.760000e+00 -2.840760e-03
4.770000e+00 -2.846602e-03
4.780000e+00 -2.849447e-03
4.790000e+00 -2.849305e-03
4.800000e+00 -2.846199e-03
4.810000e+00 -2.840162e-03
4.820000e+00 -2.831237e-03
4.830000e+00 -2.819478e-03
4.840000e+00 -2.804948e-03
4.850000e+00 -2.787721e-03
4.860000e+00 -2.767880e-03
4.870000e+00 -2.745517e-03
4.880000e+00 -2.720732e-03
4.890000e+00 -2.693635e-03
4.900000e+00 -2.664343e-03
4.910000e+00 -2.632979e-03
4.920000e+00 -2.599675e-03
4.930000e+00 -2.564569e-03
4.940000e+00 -2.527804e-03
4.950000e+00 -2.489527e-03
4.960000e+00 -2.449893e-03
4.970000e+00 -2.409057e-03
4.980000e+00 -2.367180e-03
4.990000e+00 -2.324426e-03
5.000000e+00 -2.280959e-03
5.010000e+00 -2.236945e-03
5.020000e+00 -2.192552e-03
5.030000e+00 -2.147948e-03
5.040000e+00 -2.103300e-03
5.050000e+00 -2.058774e-03
5.060000e+00 -2.014535e-03
5.070000e+00 -1.970746e-03
5.080000e+00 -1.927566e-03
5.090000e+00 -1.885154e-03
5.100000e+00 -1.843661e-03
5.110000e+00 -1.803237e-03
5.120000e+00 -1.764027e-03
5.130000e+00 -1.726169e-03
5.140000e+00 -1.689797e-03
5.150000e+00 -1.655039e-03
5.160000e+00 -1.622018e-03
5.170000e+00 -1.590847e-03
5.180000e+00 -1.561634e-03
5.190000e+00 -1.534481e-03
5.200000e+00 -1.509480e-03
5.210000e+00 -1.486717e-03
5.220000e+00 -1.466268e-03
5.230000e+00 -1.448203e-03
5.240000e+00 -1.432582e-03
5.250000e+00 -1.419457e-03
5.260000e+00 -1.408872e-03
5.270000e+00 -1.400859e-03
5.280000e+00 -1.395445e-03
5.290000e+00 -1.392645e-03
5.300000e+00 -1.392467e-03
5.310000e+00 -1.394909e-03
5.320000e+00 -1.399959e-03
5.330000e+00 -1.407596e-03
5.340000e+00 -1.417792e-03
5.350000e+00 -1.430507e-03
5.360000e+00 -1.445694e-03
5.370000e+00 -1.463296e-03
5.380000e+00 -1.483248e-03
5.390000e+00 -1.505477e-03
5.400000e+00 -1.529899e-03
5.410000e+00 -1.556424e-03
5.420000e+00 -1.584954e-03
5.430000e+00 -1.615381e-03
5.440000e+00 -1.647593e-03
5.450000e+00 -1.681467e-03
5.460000e+00 -1.716875e-03
5.470000e+00 -1.753684e-03
5.480000e+00 -1.791751e-03
5.490000e+00 -1.830931e-03
5.500000e+00 -1.871071e-03
5.510000e+00 -1.912014e-03
5.520000e+00 -1.953599e-03
5.530000e+00 -1.995660e-03
5.540000e+00 -2.038030e-03
5.550000e+00 -2.080536e-03
5.560000e+00 -2.123004e-03
5.570000e+00 -2.165259e-03
5.580000e+00 -2.207124e-03
5.590000e+00 -2.248423e-03
5.600000e+00 -2.288978e-03
5.610000e+00 -2.328613e-03
5.620000e+00 -2.367154e-03
5.630000e+00 -2.404428e-03
5.640000e+00 -2.440266e-03
5.650000e+00 -2.474501e-03
5.660000e+00 -2.506972e-03
5.670000e+00 -2.537522e-03
5.680000e+00 -2.565999e-03
5.690000e+00 -2.592257e-03
5.700000e+00 -2.616159e-03
5.710000e+00 -2.637573e-03
5.720000e+00 -2.656375e-03
5.730000e+00 -2.672451e-03
5.740000e+00 -2.685695e-03
5.750000e+00 -2.696012e-03
5.760000e+00 -2.703315e-03
5.770000e+00 -2.707529e-03
5.780000e+00 -2.708588e-03
5.790000e+00 -2.706441e-03
5.800000e+00 -2.701043e-03
5.810000e+00 -2.692366e-03
5.820000e+00 -2.680390e-03
5.830000e+00 -2.665110e-03
5.840000e+00 -2.646530e-03
5.850000e+00 -2.624668e-03
5.860000e+00 -2.599555e-03
5.870000e+00 -2.571232e-03
5.880000e+00 -2.539753e-03
5.890000e+00 -2.505183e-03
5.900000e+00 -2.467599e-03
5.910000e+00 -2.427088e-03
5.920000e+00 -2.383748e-03
5.930000e+00 -2.337688e-03
5.940000e+00 -2.289026e-03
5.950000e+00 -2.237889e-03
5.960000e+00 -2.184413e-03
5.970000e+00 -2.128743e-03
5.980000e+00 -2.071030e-03
5.990000e+00 -2.011430e-03
6.000000e+00 -1.950110e-03
6.010000e+00 -1.887237e-03
6.020000e+00 -1.822985e-03
6.030000e+00 -1.757531e-03
6.040000e+00 -1.691056e-03
6.050000e+00 -1.623741e-03
6.060000e+00 -1.555769e-03
6.070000e+00 -1.487325e-03
6.080000e+00 -1.418591e-03
6.090000e+00 -1.349749e-03
6.100000e+00 -1.280980e-03
6.110000e+00 -1.212461e-03
6.120000e+00 -1.144366e-03
6.130000e+00 -1.076865e-03
6.140000e+00 -1.010122e-03
6.150000e+00 -9.442973e-04
6.160000e+00 -8.795437e-04
6.170000e+00 -8.160081e-04
6.180000e+00 -7.538300e-04
6.190000e+00 -6.931414e-04
6.200000e+00 -6.340659e-04
6.210000e+00 -5.767191e-04
6.220000e+00 -5.212074e-04
6.230000e+00 -4.676286e-04
6.240000e+00 -4.160710e-04
6.250000e+00 -3.666135e-04
6.260000e+00 -3.193254e-04
6.270000e+00 -2.742666e-04
6.280000e+00 -2.314873e-04
6.290000e+00 -1.910280e-04
6.300000e+00 -1.529198e-04
6.310000e+00 -1.171843e-04
6.320000e+00 -8.383416e-05
6.330000e+00 -5.287266e-05
6.340000e+00 -2.429453e-05
6.350000e+00 1.914088e-06
6.360000e+00 2.577522e-05
6.370000e+00 4.731876e-05
6.380000e+00 6.658211e-05
6.390000e+00 8.360982e-05
6.400000e+00 9.845315e-05
6.410000e+00 1.111697e-04
6.420000e+00 1.218229e-04
6.430000e+00 1.304819e-04
6.440000e+00 1.372205e-04
6.450000e+00 1.421175e-04
6.460000e+00 1.452556e-04
6.470000e+00 1.467215e-04
6.480000e+00 1.466050e-04
6.490000e+00 1.449990e-04
6.500000e+00 1.419988e-04
6.510000e+00 1.377020e-04
6.520000e+00 1.322079e-04
6.530000e+00 1.256171e-04
6.540000e+00 1.180314e-04
6.550000e+00 1.095535e-04
6.560000e+00 1.002863e-04
6.570000e+00 9.033305e-05
6.580000e+00 7.979682e-05
6.590000e+00 6.878042e-05
6.600000e+00 5.738606e-05
6.610000e+00 4.571519e-05
6.620000e+00 3.386830e-05
6.630000e+00 2.194470e-05
6.640000e+00 1.004240e-05
6.650000e+00 -1.742098e-06
6.660000e+00 -1.331390e-05
6.670000e+00 -2.457988e-05
6.680000e+00 -3.544886e-05
6.690000e+00 -4.583164e-05
6.700000e+00 -5.564123e-05
6.710000e+00 -6.479289e-05
6.720000e+00 -7.320432e-05
6.730000e+00 -8.079575e-05
6.740000e+00 -8.749008e-05
6.750000e+00 -9.321302e-05
6.760000e+00 -9.789322e-05
6.770000e+00 -1.014624e-04
6.780000e+00 -1.038557e-04
6.790000e+00 -1.050113e-04
6.800000e+00 -1.048714e-04
6.810000e+00 -1.033817e-04
6.820000e+00 -1.004920e-04
6.830000e+00 -9.615610e-05
6.840000e+00 -9.033225e-05
6.850000e+00 -8.298328e-05
6.860000e+00 -7.407675e-05
6.870000e+00 -6.358526e-05
6.880000e+00 -5.148659e-05
6.890000e+00 -3.776399e-05
6.900000e+00 -2.240632e-05
6.910000e+00 -5.408349e-06
6.920000e+00 1.322912e-05
6.930000e+00 3.349900e-05
6.940000e+00 5.538776e-05
6.950000e+00 7.887526e-05
6.960000e+00 1.039346e-04
6.970000e+00 1.305319e-04
6.980000e+00 1.586264e-04
6.990000e+00 1.881702e-04
7.000000e+00 2.191082e-04
7.010000e+00 2.513781e-04
7.020000e+00 2.849107e-04
7.030000e+00 3.196294e-04
7.040000e+00 3.554508e-04
7.050000e+00 3.922842e-04
7.060000e+00 4.300327e-04
7.070000e+00 4.685924e-04
7.080000e+00 5.078534e-04
7.090000e+00 5.476995e-04
7.100000e+00 5.880089e-04
7.110000e+00 6.286547e-04
7.120000e+00 6.695047e-04
7.130000e+00 7.104225e-04
7.140000e+00 7.512677e-04
7.150000e+00 7.918962e-04
7.160000e+00 8.321613e-04
7.170000e+00 8.719137e-04
7.180000e+00 9.110027e-04
7.190000e+00 9.492763e-04
7.200000e+00 9.865821e-04
7.210000e+00 1.022768e-03
7.220000e+00 1.057684e-03
7.230000e+00 1.091179e-03
7.240000e+00 1.123107e-03
7.250000e+00 1.153325e-03
7.260000e+00 1.181692e-03
7.270000e+00 1.208072e-03
7.280000e+00 1.232336e-03
7.290000e+00 1.254360e-03
7.300000e+00 1.274024e-03
7.310000e+00 1.291220e-03
7.320000e+00 1.305843e-03
7.330000e+00 1.317799e-03
7.340000e+00 1.327002e-03
7.350000e+00 1.333376e-03
7.360000e+00 1.336853e-03
7.370000e+00 1.337377e-03
7.380000e+00 1.334901e-03
7.390000e+00 1.329389e-03
7.400000e+00 1.320815e-03
7.410000e+00 1.309165e-03
7.420000e+00 1.294437e-03
7.430000e+00 1.276636e-03
7.440000e+00 1.255783e-03
7.450000e+00 1.231905e-03
7.460000e+00 1.205044e-03
7.470000e+00 1.175250e-03
7.480000e+00 1.142583e-03
7.490000e+00 1.107113e-03
7.500000e+00 1.068921e-03
7.510000e+00 1.028094e-03
7.520000e+00 9.847304e-04
7.530000e+00 9.389342e-04
7.540000e+00 8.908179e-04
7.550000e+00 8.405003e-04
7.560000e+00 7.881062e-04
7.570000e+00 7.337659e-04
7.580000e+00 6.776142e-04
7.590000e+00 6.197901e-04
7.600000e+00 5.604355e-04
7.610000e+00 4.996950e-04
7.620000e+00 4.377150e-04
7.630000e+00 3.746429e-04
7.640000e+00 3.106264e-04
7.650000e+00 2.458130e-04
7.660000e+00 1.803490e-04
7.670000e+00 1.143793e-04
7.680000e+00 4.804624e-05
7.690000e+00 -1.851056e-05
7.700000e+00 -8.515497e-05
7.710000e+00 -1.517548e-04
7.720000e+00 -2.181823e-04
7.730000e+00 -2.843144e-04
7.740000e+00 -3.500337e-04
7.750000e+00 -4.152279e-04
7.760000e+00 -4.797908e-04
7.770000e+00 -5.436223e-04
7.780000e+00 -6.066287e-04
7.790000e+00 -6.687225e-04
7.800000e+00 -7.298230e-04
7.810000e+00 -7.898559e-04
7.820000e+00 -8.487537e-04
7.830000e+00 -9.064554e-04
7.840000e+00 -9.629063e-04
7.850000e+00 -1.018058e-03
7.860000e+00 -1.071870e-03
7.870000e+00 -1.124305e-03
7.880000e+00 -1.175333e-03
7.890000e+00 -1.224931e-03
7.900000e+00 -1.273078e-03
7.910000e+00 -1.319762e-03
7.920000e+00 -1.364972e-03
7.930000e+00 -1.408705e-03
7.940000e+00 -1.450961e-03
7.950000e+00 -1.491741e-03
7.960000e+00 -1.531054e-03
7.970000e+00 -1.568911e-03
7.980000e+00 -1.605324e-03
7.990000e+00 -1.640310e-03
8.000000e+00 -1.673887e-03
8.010000e+00 -1.706077e-03
8.020000e+00 -1.736902e-03
8.030000e+00 -1.766387e-03
8.040000e+00 -1.794558e-03
8.050000e+00 -1.821445e-03
8.060000e+00 -1.847074e-03
8.070000e+00 -1.871477e-03
8.080000e+00 -1.894686e-03
8.090000e+00 -1.916732e-03
8.100000e+00 -1.937650e-03
8.110000e+00 -1.957473e-03
8.120000e+00 -1.976237e-03
8.130000e+00 -1.993978e-03
8.140000e+00 -2.010734e-03
8.150000e+00 -2.026543e-03
8.160000e+00 -2.041444e-03
8.170000e+00 -2.055478e-03
8.180000e+00 -2.068687e-03
8.190000e+00 -2.081114e-03
8.200000e+00 -2.092803e-03
8.210000e+00 -2.103801e-03
8.220000e+00 -2.114154e-03
8.230000e+00 -2.123912e-03
8.240000e+00 -2.133126e-03
8.250000e+00 -2.141847e-03
8.260000e+00 -2.150129e-03
8.270000e+00 -2.158029e-03
8.280000e+00 -2.165603e-03
8.290000e+00 -2.172909e-03
8.300000e+00 -2.180009e-03
8.310000e+00 -2.186963e-03
8.320000e+00 -2.193835e-03
8.330000e+00 -2.200687e-03
8.340000e+00 -2.207586e-03
8.350000e+00 -2.214595e-03
8.360000e+00 -2.221782e-03
8.370000e+00 -2.229212e-03
8.380000e+00 -2.236951e-03
8.390000e+00 -2.245064e-03
8.400000e+00 -2.253616e-03
8.410000e+00 -2.262670e-03
8.420000e+00 -2.272288e-03
8.430000e+00 -2.282529e-03
8.440000e+00 -2.293451e-03
8.450000e+00 -2.305109e-03
8.460000e+00 -2.317553e-03
8.470000e+00 -2.330832e-03
8.480000e+00 -2.344988e-03
8.490000e+00 -2.360060e-03
8.500000e+00 -2.376083e-03
8.510000e+00 -2.393085e-03
8.520000e+00 -2.411089e-03
8.530000e+00 -2.430112e-03
8.540000e+00 -2.450163e-03
8.550000e+00 -2.471247e-03
8.560000e+00 -2.493361e-03
8.570000e+00 -2.516494e-03
8.580000e+00 -2.540627e-03
8.590000e+00 -2.565736e-03
8.600000e+00 -2.591787e-03
8.610000e+00 -2.618740e-03
8.620000e+00 -2.646546e-03
8.630000e+00 -2.675148e-03
8.640000e+00 -2.704484e-03
8.650000e+00 -2.734482e-03
8.660000e+00 -2.765063e-03
8.670000e+00 -2.796143e-03
8.680000e+00 -2.827630e-03
8.690000e+00 -2.859425e-03
8.700000e+00 -2.891424e-03
8.710000e+00 -2.923518e-03
8.720000e+00 -2.955591e-03
8.730000e+00 -2.987527e-03
8.740000e+00 -3.019200e-03
8.750000e+00 -3.050487e-03
8.760000e+00 -3.081257e-03
8.770000e+00 -3.111380e-03
8.780000e+00 -3.140726e-03
8.790000e+00 -3.169161e-03
8.800000e+00 -3.196553e-03
8.810000e+00 -3.222771e-03
8.820000e+00 -3.247686e-03
8.830000e+00 -3.271170e-03
8.840000e+00 -3.293099e-03
8.850000e+00 -3.313352e-03
8.860000e+00 -3.331815e-03
8.870000e+00 -3.348375e-03
8.880000e+00 -3.362929e-03
8.890000e+00 -3.375377e-03
8.900000e+00 -3.385629e-03
8.910000e+00 -3.393600e-03
8.920000e+00 -3.399215e-03
8.930000e+00 -3.402406e-03
8.940000e+00 -3.403115e-03
8.950000e+00 -3.401294e-03
8.960000e+00 -3.396903e-03
8.970000e+00 -3.389912e-03
8.980000e+00 -3.380303e-03
8.990000e+00 -3.368066e-03
9.000000e+00 -3.353203e-03
9.010000e+00 -3.335726e-03
9.020000e+00 -3.315656e-03
9.030000e+00 -3.293027e-03
9.040000e+00 -3.267881e-03
9.050000e+00 -3.240270e-03
9.060000e+00 -3.210257e-03
9.070000e+00 -3.177913e-03
9.080000e+00 -3.143319e-03
9.090000e+00 -3.106565e-03
9.100000e+00 -3.067746e-03
9.110000e+00 -3.026970e-03
9.120000e+00 -2.984347e-03
9.130000e+00 -2.939997e-03
9.140000e+00 -2.894045e-03
9.150000e+00 -2.846620e-03
9.160000e+00 -2.797858e-03
9.170000e+00 -2.747896e-03
9.180000e+00 -2.696878e-03
9.190000e+00 -2.644948e-03
9.200000e+00 -2.592252e-03
9.210000e+00 -2.538938e-03
9.220000e+00 -2.485154e-03
9.230000e+00 -2.431048e-03
9.240000e+00 -2.376766e-03
9.250000e+00 -2.322455e-03
9.260000e+00 -2.268255e-03
9.270000e+00 -2.214308e-03
9.280000e+00 -2.160749e-03
9.290000e+00 -2.107709e-03
9.300000e+00 -2.055315e-03
9.310000e+00 -2.003688e-03
9.320000e+00 -1.952943e-03
9.330000e+00 -1.903189e-03
9.340000e+00 -1.854527e-03
9.350000e+00 -1.807052e-03
9.360000e+00 -1.760850e-03
9.370000e+00 -1.716000e-03
9.380000e+00 -1.672571e-03
9.390000e+00 -1.630626e-03
9.400000e+00 -1.590218e-03
9.410000e+00 -1.551389e-03
9.420000e+00 -1.514176e-03
9.430000e+00 -1.478605e-03
9.440000e+00 -1.444693e-03
9.450000e+00 -1.412448e-03
9.460000e+00 -1.381870e-03
9.470000e+00 -1.352950e-03
9.480000e+00 -1.325672e-03
9.490000e+00 -1.300009e-03
9.500000e+00 -1.275929e-03
9.510000e+00 -1.253391e-03
9.520000e+00 -1.232347e-03
9.530000e+00 -1.212744e-03
9.540000e+00 -1.194522e-03
9.550000e+00 -1.177614e-03
9.560000e+00 -1.161950e-03
9.570000e+00 -1.147454e-03
9.580000e+00 -1.134046e-03
9.590000e+00 -1.121643e-03
9.600000e+00 -1.110160e-03
9.610000e+00 -1.099509e-03
9.620000e+00 -1.089600e-03
9.630000e+00 -1.080343e-03
9.640000e+00 -1.071648e-03
9.650000e+00 -1.063423e-03
9.660000e+00 -1.055581e-03
9.670000e+00 -1.048033e-03
9.680000e+00 -1.040695e-03
9.690000e+00 -1.033482e-03
9.700000e+00 -1.026318e-03
9.710000e+00 -1.019126e-03
9.720000e+00 -1.011835e-03
9.730000e+00 -1.004380e-03
9.740000e+00 -9.966995e-04
9.750000e+00 -9.887397e-04
9.760000e+00 -9.804513e-04
9.770000e+00 -9.717920e-04
9.780000e+00 -9.627260e-04
9.790000e+00 -9.532243e-04
9.800000e+00 -9.432650e-04
9.810000e+00 -9.328331e-04
9.820000e+00 -9.219209e-04
9.830000e+00 -9.105276e-04
9.840000e+00 -8.986595e-04
9.850000e+00 -8.863298e-04
9.860000e+00 -8.735583e-04
9.870000e+00 -8.603713e-04
9.880000e+00 -8.468012e-04
9.890000e+00 -8.328862e-04
9.900000e+00 -8.186699e-04
9.910000e+00 -8.042007e-04
9.920000e+00 -7.895315e-04
9.930000e+00 -7.747191e-04
9.940000e+00 -7.598234e-04
9.950000e+00 -7.449071e-04
9.960000e+00 -7.300350e-04
9.970000e+00 -7.152731e-04
9.980000e+00 -7.006879e-04
9.990000e+00 -6.863461e-04
1.000000e+01 -6.723135e-04
