# nc 324
# boxsize 6.000000e+02
# nbar 0.000000e+00
1.483274e-02 13 3.531914e+03 3.531472e+03 -1.110270e+03 -7.891569e+02
2.513187e-02 33 2.936957e+03 2.935965e+03 2.563191e+03 5.129582e+03
3.574650e-02 79 2.057663e+03 2.056198e+03 6.138995e+02 -4.474901e+02
4.583347e-02 105 1.641427e+03 1.639458e+03 -1.944634e+02 7.229603e+01
5.486964e-02 145 1.298290e+03 1.296042e+03 -8.054742e+01 2.155641e+02
6.471857e-02 243 1.197399e+03 1.194533e+03 -2.114783e+01 -4.297484e+02
7.503996e-02 313 9.855959e+02 9.824239e+02 -2.433630e+01 2.970270e+02
8.485495e-02 369 7.577797e+02 7.546860e+02 7.021315e+01 6.122943e+00
9.528688e-02 571 6.250411e+02 6.218219e+02 -2.690125e+01 -3.087950e+01
1.059290e-01 601 5.589098e+02 5.553326e+02 -1.185180e+02 -7.985149e+01
1.156806e-01 705 5.066991e+02 5.028411e+02 2.026768e+01 1.314485e+01
1.255756e-01 883 4.759514e+02 4.716931e+02 2.577514e+01 1.279872e+01
1.352378e-01 909 3.980408e+02 3.939061e+02 2.489667e+01 -1.128270e+01
1.449493e-01 1177 3.447095e+02 3.406098e+02 -3.574465e+01 1.149829e+01
1.550659e-01 1323 2.965266e+02 2.924887e+02 -4.144717e+00 -6.364724e+00
1.649601e-01 1453 2.916315e+02 2.871301e+02 -2.701846e+01 1.040529e+01
1.749597e-01 1701 2.493238e+02 2.449981e+02 -1.041544e+01 7.546979e+00
1.852437e-01 1963 2.337554e+02 2.292139e+02 -7.236646e+00 -1.141694e+01
1.951071e-01 1933 2.130855e+02 2.084972e+02 -1.417184e+01 3.243830e+01
2.049888e-01 2397 1.966696e+02 1.920036e+02 8.932966e+00 -2.209339e+01
2.151844e-01 2539 1.811012e+02 1.763700e+02 7.991271e+00 -1.202977e+01
2.250745e-01 2694 1.595769e+02 1.550195e+02 -3.544899e+00 1.897123e+01
2.350927e-01 3121 1.557987e+02 1.509531e+02 4.655264e+00 5.784624e+00
2.451974e-01 3255 1.434235e+02 1.385770e+02 3.853695e+00 1.777163e+01
2.550872e-01 3517 1.334065e+02 1.285326e+02 -4.692323e+00 5.326324e+00
2.649947e-01 3813 1.245062e+02 1.196053e+02 -6.612131e+00 -2.088005e+00
2.750606e-01 4231 1.133583e+02 1.085547e+02 4.844464e+00 -4.481640e+00
2.851157e-01 4389 1.078082e+02 1.029099e+02 -5.332523e-01 1.349004e+00
2.950080e-01 4717 1.013004e+02 9.637801e+01 -2.005091e+00 3.318345e+00
3.050474e-01 5191 9.357445e+01 8.872152e+01 -2.236495e-01 3.031709e+00
3.151078e-01 5373 8.981065e+01 8.485017e+01 -6.484351e+00 6.249808e+00
3.251295e-01 5893 8.359219e+01 7.868391e+01 7.767909e+00 -6.282653e+00
3.352591e-01 6183 7.998715e+01 7.500224e+01 -4.373907e+00 -4.340329e+00
3.451640e-01 6349 7.655907e+01 7.151160e+01 -2.576312e+00 2.363241e+00
3.550965e-01 6993 7.204073e+01 6.702306e+01 1.662234e+00 8.707259e-01
3.649687e-01 7003 6.778694e+01 6.280809e+01 -7.485245e-01 3.685143e+00
3.749450e-01 7941 6.505988e+01 6.002542e+01 1.998881e-01 -3.554249e-01
3.851630e-01 8221 6.367156e+01 5.848288e+01 -1.674809e+00 -2.492866e+00
3.951752e-01 8449 5.949518e+01 5.440189e+01 3.766433e-01 2.201608e+00
4.050872e-01 8931 5.556572e+01 5.057998e+01 -1.587900e+00 -1.543354e+00
4.149904e-01 9289 5.368297e+01 4.863717e+01 1.934948e+00 1.765684e+00
4.250484e-01 10113 5.145756e+01 4.639473e+01 -6.259294e-02 1.249696e+00
4.350196e-01 10087 4.910418e+01 4.405593e+01 6.383081e-02 -8.311710e-01
4.449689e-01 10998 4.831860e+01 4.313368e+01 -6.501265e-01 -1.531641e-01
4.550136e-01 11233 4.516650e+01 4.011096e+01 1.245197e-01 3.180377e-01
4.650240e-01 11991 4.305426e+01 3.803228e+01 4.155197e-01 1.017772e+00
4.750600e-01 12241 4.131402e+01 3.629780e+01 -9.145021e-01 7.867055e-01
4.850824e-01 13033 4.022717e+01 3.514731e+01 1.635068e-01 2.947661e+00
4.950626e-01 13227 3.953326e+01 3.434636e+01 -9.230539e-01 -3.421749e-01
5.050218e-01 13993 3.712449e+01 3.207065e+01 -1.367413e+00 -4.545321e-02
5.149626e-01 14301 3.615324e+01 3.104827e+01 -3.824429e-01 2.022843e+00
5.249789e-01 15355 3.439265e+01 2.935969e+01 -9.046066e-01 3.069321e-01
5.350486e-01 15585 3.365178e+01 2.855163e+01 -3.733062e-01 5.994808e-01
5.451135e-01 16549 3.230338e+01 2.723572e+01 -8.061274e-01 6.170634e-01
5.551181e-01 16587 3.151023e+01 2.639884e+01 7.851076e-01 -1.905241e-01
5.650424e-01 17461 2.992595e+01 2.491172e+01 -9.282410e-02 4.449572e-01
5.750589e-01 18177 2.889743e+01 2.389702e+01 -9.676870e-01 -8.982321e-01
5.850828e-01 18739 2.821269e+01 2.317495e+01 -2.473833e-02 -3.008563e-02
5.950416e-01 19165 2.751170e+01 2.244576e+01 3.657367e-01 -7.987874e-01
6.049746e-01 20013 2.684761e+01 2.175400e+01 2.970165e-01 1.048847e+00
6.149470e-01 20587 2.612167e+01 2.101678e+01 -1.035340e-01 -8.315930e-01
6.249968e-01 21657 2.516860e+01 2.010521e+01 2.262385e-01 5.409622e-01
6.350666e-01 22129 2.435210e+01 1.931036e+01 4.003539e-01 -3.788604e-01
6.450498e-01 22611 2.336345e+01 1.838989e+01 2.463807e-01 3.145100e-01
6.549912e-01 23317 2.306965e+01 1.802351e+01 -3.621428e-01 1.593453e-01
6.649535e-01 24222 2.217162e+01 1.719086e+01 -3.516578e-01 -6.505690e-01
6.749660e-01 24943 2.179364e+01 1.676664e+01 1.198057e-01 7.436636e-01
6.850252e-01 25921 2.132314e+01 1.627575e+01 -4.167034e-01 3.303941e-01
6.950284e-01 26253 2.057520e+01 1.557931e+01 -3.394954e-01 6.352812e-01
7.049900e-01 27139 2.004344e+01 1.505450e+01 -3.957201e-01 5.655434e-01
7.150256e-01 28185 1.971393e+01 1.468549e+01 -2.757000e-01 2.632267e-02
7.250860e-01 28969 1.890529e+01 1.396485e+01 -6.756922e-02 -8.390620e-02
7.350183e-01 28887 1.868591e+01 1.368752e+01 1.671296e-02 1.840199e-01
7.450018e-01 30937 1.818166e+01 1.320434e+01 -3.670364e-01 -4.700921e-02
7.551045e-01 31341 1.766665e+01 1.271808e+01 1.334817e-01 5.512854e-01
7.650666e-01 31555 1.733221e+01 1.236823e+01 2.728758e-01 -1.230703e-01
7.750154e-01 33025 1.697583e+01 1.200626e+01 1.427149e-01 6.341249e-01
7.850634e-01 33921 1.649292e+01 1.155902e+01 1.798560e-01 6.085618e-01
7.950596e-01 34285 1.614836e+01 1.121443e+01 2.142310e-01 -8.940377e-02
8.050450e-01 35703 1.588471e+01 1.092922e+01 -1.174702e-01 2.243428e-01
8.150563e-01 36205 1.551543e+01 1.057532e+01 2.532376e-01 7.069401e-02
8.250795e-01 37485 1.513343e+01 1.021666e+01 -9.793915e-02 5.546211e-01
8.350885e-01 38047 1.479046e+01 9.889224e+00 4.031963e-02 1.785661e-01
8.450499e-01 38913 1.458735e+01 9.659177e+00 -2.715960e-01 2.934931e-01
8.550252e-01 39853 1.427786e+01 9.361626e+00 2.158249e-01 1.180820e-01
8.650455e-01 41367 1.395350e+01 9.057406e+00 1.311393e-01 2.292308e-02
8.750680e-01 41617 1.356192e+01 8.714571e+00 -2.187215e-01 6.992822e-03
8.849916e-01 42430 1.323878e+01 8.421002e+00 -1.701963e-01 -2.450182e-01
8.949944e-01 44367 1.308869e+01 8.239857e+00 1.048819e-01 -5.031059e-03
9.050336e-01 44569 1.284041e+01 7.999110e+00 1.572915e-01 5.917481e-01
9.150411e-01 46089 1.267492e+01 7.812496e+00 -6.718628e-03 2.477780e-01
9.250625e-01 46819 1.236526e+01 7.540757e+00 -8.733249e-03 1.013761e-01
9.350607e-01 47793 1.209630e+01 7.297204e+00 7.214350e-02 2.150508e-01
9.450463e-01 48697 1.186976e+01 7.082848e+00 -1.424567e-01 5.081786e-02
9.549734e-01 49443 1.167306e+01 6.889646e+00 -1.849699e-02 -2.038607e-01
9.649510e-01 51097 1.144125e+01 6.678124e+00 -4.378102e-02 -3.830050e-03
9.750082e-01 52453 1.122329e+01 6.476955e+00 1.148205e-01 6.105612e-03
9.850290e-01 52947 1.115179e+01 6.362885e+00 5.741558e-03 1.183049e-01
9.950258e-01 54193 1.092388e+01 6.161703e+00 1.440809e-01 3.646584e-02
