# nc 324
# boxsize 6.000000e+02
# nbar 0.000000e+00
1.483274e-02 13 3.281508e+03 3.281100e+03 1.602089e+03 -2.606230e+03
2.513187e-02 33 2.622134e+03 2.621216e+03 -7.708939e+02 1.209802e+03
3.574650e-02 79 1.881821e+03 1.880458e+03 3.209249e+02 -1.164036e+03
4.583347e-02 105 1.740640e+03 1.738559e+03 -5.795040e+01 -5.993219e+02
5.486964e-02 145 1.364567e+03 1.362230e+03 -8.308184e+00 5.981346e+02
6.471857e-02 243 1.149736e+03 1.146959e+03 2.982244e+02 -1.695260e+02
7.503996e-02 313 1.004226e+03 1.001009e+03 8.681270e+01 -3.179139e+01
8.485495e-02 369 8.141308e+02 8.108036e+02 -6.708842e+01 -1.539508e+02
9.528688e-02 571 6.338816e+02 6.306185e+02 -9.543478e+01 -8.426532e+00
1.059290e-01 601 5.481802e+02 5.446740e+02 2.371903e+00 6.604946e+01
1.156806e-01 705 5.257047e+02 5.216958e+02 1.120865e+01 5.161872e+01
1.255756e-01 883 4.409358e+02 4.369694e+02 -1.773916e+01 -6.528371e+01
1.352378e-01 909 3.937388e+02 3.896421e+02 4.703639e+01 1.339909e+00
1.449493e-01 1177 3.477750e+02 3.436309e+02 -1.764346e+01 -2.853888e+01
1.550659e-01 1323 3.067689e+02 3.025885e+02 6.894077e+00 -1.545916e+01
1.649601e-01 1453 2.710355e+02 2.668509e+02 2.402782e+00 4.121625e+00
1.749597e-01 1701 2.630857e+02 2.585203e+02 1.123941e+01 -2.225076e+01
1.852437e-01 1963 2.362560e+02 2.316681e+02 1.279604e+01 5.510466e-01
1.951071e-01 1933 2.247881e+02 2.199455e+02 -8.899876e-01 -5.217615e+00
2.049888e-01 2397 2.001094e+02 1.953629e+02 2.524848e+00 -1.424576e+01
2.151844e-01 2539 1.773359e+02 1.727012e+02 1.123910e+01 -7.776683e+00
2.250745e-01 2694 1.646983e+02 1.599975e+02 -4.029716e+00 1.733108e+01
2.350927e-01 3121 1.559768e+02 1.511191e+02 -6.394430e+00 -1.919592e+01
2.451974e-01 3255 1.397991e+02 1.350747e+02 3.455155e+00 7.697596e+00
2.550872e-01 3517 1.341573e+02 1.292591e+02 2.650825e+00 5.788996e+00
2.649947e-01 3813 1.222306e+02 1.174153e+02 2.673978e+00 8.677358e+00
2.750606e-01 4231 1.143105e+02 1.094687e+02 -6.066604e-01 4.656732e+00
2.851157e-01 4389 1.049095e+02 1.001425e+02 8.545820e-01 1.552814e+01
2.950080e-01 4717 1.001497e+02 9.528243e+01 -1.483012e+00 -2.265688e+00
3.050474e-01 5191 9.383517e+01 8.897212e+01 4.895144e+00 1.842707e+00
3.151078e-01 5373 9.190617e+01 8.682886e+01 5.767935e+00 -7.639459e-01
3.251295e-01 5893 8.396033e+01 7.902925e+01 -2.551384e+00 -2.635537e+00
3.352591e-01 6183 7.784122e+01 7.298874e+01 2.149489e+00 6.031834e+00
3.451640e-01 6349 7.533328e+01 7.036357e+01 5.387156e+00 -3.213075e+00
3.550965e-01 6993 7.260555e+01 6.754716e+01 -2.319228e+00 -1.907983e-01
3.649687e-01 7003 6.787869e+01 6.289393e+01 2.169327e+00 4.798543e-01
3.749450e-01 7941 6.480155e+01 5.978698e+01 5.510294e-01 -1.989011e+00
3.851630e-01 8221 6.073645e+01 5.578904e+01 -2.775793e-01 -2.943609e+00
3.951752e-01 8449 5.863597e+01 5.361808e+01 -1.686420e+00 2.983241e-01
4.050872e-01 8931 5.571402e+01 5.071478e+01 1.609284e-01 -3.869073e+00
4.149904e-01 9289 5.357667e+01 4.854022e+01 -1.615734e+00 1.259084e+00
4.250484e-01 10113 5.095708e+01 4.594330e+01 3.100914e-01 -3.320389e-01
4.350196e-01 10087 4.891394e+01 4.388513e+01 2.728842e-01 -2.731687e+00
4.449689e-01 10998 4.710969e+01 4.205365e+01 3.612883e-01 1.025305e+00
4.550136e-01 11233 4.506190e+01 4.001839e+01 6.831243e-01 2.965047e+00
4.650240e-01 11991 4.388899e+01 3.877035e+01 3.173463e-01 6.852415e-01
4.750600e-01 12241 4.141906e+01 3.638888e+01 -2.240478e+00 8.045464e-01
4.850824e-01 13033 3.984407e+01 3.481190e+01 -1.075448e-01 1.743542e+00
4.950626e-01 13227 3.846684e+01 3.342078e+01 2.240526e-01 6.240249e-01
5.050218e-01 13993 3.744328e+01 3.234473e+01 -1.863084e-01 1.358292e-01
5.149626e-01 14301 3.602043e+01 3.093463e+01 6.424727e-01 1.529376e+00
5.249789e-01 15355 3.432938e+01 2.930658e+01 5.524654e-01 7.975862e-01
5.350486e-01 15585 3.353421e+01 2.845081e+01 5.011541e-01 1.441689e+00
5.451135e-01 16549 3.229134e+01 2.722533e+01 -2.568133e-01 -3.707545e-01
5.551181e-01 16587 3.099722e+01 2.596926e+01 -7.325009e-02 1.798028e-01
5.650424e-01 17461 3.028309e+01 2.520897e+01 -1.002127e+00 -4.305987e-01
5.750589e-01 18177 2.926258e+01 2.419871e+01 -6.260138e-01 7.766493e-01
5.850828e-01 18739 2.843898e+01 2.336065e+01 -7.954773e-02 -1.023050e-01
5.950416e-01 19165 2.706821e+01 2.208439e+01 -5.674206e-02 -6.631266e-01
6.049746e-01 20013 2.662125e+01 2.157001e+01 7.274145e-01 -9.905583e-01
6.149470e-01 20587 2.585357e+01 2.080165e+01 -8.053087e-03 7.488406e-01
6.249968e-01 21657 2.515644e+01 2.009481e+01 7.921670e-02 6.019347e-01
6.350666e-01 22129 2.452988e+01 1.945144e+01 -3.321891e-01 -6.295180e-01
6.450498e-01 22611 2.347742e+01 1.848002e+01 4.071450e-01 2.169445e-01
6.549912e-01 23317 2.305485e+01 1.801193e+01 1.158084e-01 -5.259023e-01
6.649535e-01 24222 2.244867e+01 1.740550e+01 -2.000221e-01 4.090637e-01
6.749660e-01 24943 2.168257e+01 1.668100e+01 -4.302840e-01 -3.996941e-01
6.850252e-01 25921 2.120363e+01 1.618403e+01 4.267578e-03 5.390569e-01
6.950284e-01 26253 2.082034e+01 1.576491e+01 9.512973e-02 3.133283e-02
7.049900e-01 27139 2.022492e+01 1.519093e+01 -1.308501e-01 1.624944e-02
7.150256e-01 28185 1.954931e+01 1.456254e+01 -1.002465e-01 5.178289e-01
7.250860e-01 28969 1.917720e+01 1.416584e+01 -2.161909e-01 3.954774e-01
7.350183e-01 28887 1.869425e+01 1.369314e+01 -3.797462e-01 -2.418399e-01
7.450018e-01 30937 1.829445e+01 1.328628e+01 2.809747e-01 4.540133e-01
7.551045e-01 31341 1.767231e+01 1.272227e+01 1.199384e-01 2.392713e-01
7.650666e-01 31555 1.728434e+01 1.233357e+01 1.734903e-01 6.427933e-01
7.750154e-01 33025 1.685454e+01 1.192085e+01 8.406702e-02 1.722181e-01
7.850634e-01 33921 1.663915e+01 1.166164e+01 -9.173691e-02 4.010460e-01
7.950596e-01 34285 1.619398e+01 1.124616e+01 -4.520815e-01 4.143071e-01
8.050450e-01 35703 1.571463e+01 1.081223e+01 1.635612e-02 1.541421e-01
8.150563e-01 36205 1.549735e+01 1.056281e+01 -1.492147e-01 -3.629324e-01
8.250795e-01 37485 1.510624e+01 1.019836e+01 -1.880278e-01 3.860324e-01
8.350885e-01 38047 1.479786e+01 9.894184e+00 -2.120629e-01 2.636122e-01
8.450499e-01 38913 1.462784e+01 9.685825e+00 5.777862e-02 2.889801e-01
8.550252e-01 39853 1.432852e+01 9.394723e+00 2.239200e-01 2.579098e-01
8.650455e-01 41367 1.397717e+01 9.072792e+00 -2.696807e-02 1.480949e-01
8.750680e-01 41617 1.347999e+01 8.661852e+00 1.636585e-01 6.073197e-02
8.849916e-01 42430 1.339539e+01 8.520580e+00 1.139040e-02 5.583190e-01
8.949944e-01 44367 1.312459e+01 8.262300e+00 3.066249e-01 2.136365e-01
9.050336e-01 44569 1.282517e+01 7.989460e+00 -1.929388e-01 9.313101e-02
9.150411e-01 46089 1.255670e+01 7.739902e+00 -1.620165e-01 2.047189e-01
9.250625e-01 46819 1.236952e+01 7.543211e+00 2.331934e-02 2.250489e-01
9.350607e-01 47793 1.219600e+01 7.357407e+00 2.850659e-02 6.301902e-01
9.450463e-01 48697 1.194701e+01 7.129004e+00 -4.993980e-02 -1.555851e-01
9.549734e-01 49443 1.172056e+01 6.917819e+00 3.597523e-02 -6.516623e-02
9.649510e-01 51097 1.151153e+01 6.719138e+00 -2.012142e-02 1.219632e-01
9.750082e-01 52453 1.126819e+01 6.502976e+00 7.277409e-02 2.902203e-01
9.850290e-01 52947 1.106898e+01 6.315612e+00 1.356816e-01 -1.252694e-01
9.950258e-01 54193 1.091159e+01 6.154660e+00 -2.357536e-02 4.292154e-01
