# nc 324
# boxsize 6.000000e+02
# nbar 0.000000e+00
1.483274e-02 13 3.068634e+03 3.068196e+03 -3.406143e+02 -5.295001e+03
2.513187e-02 33 2.705011e+03 2.704026e+03 1.687866e+02 7.549359e+02
3.574650e-02 79 2.593064e+03 2.591178e+03 -9.357360e+02 4.970964e+02
4.583347e-02 105 1.616965e+03 1.615009e+03 -2.224452e+02 -3.242259e+02
5.486964e-02 145 1.435655e+03 1.433199e+03 2.205098e+02 9.855287e+02
6.471857e-02 243 1.215756e+03 1.212836e+03 4.575330e+01 3.818159e+02
7.503996e-02 313 9.000740e+02 8.972147e+02 -1.018361e+02 -4.964803e+01
8.485495e-02 369 7.938770e+02 7.906190e+02 -1.133097e+02 9.111868e+01
9.528688e-02 571 6.395402e+02 6.362300e+02 4.664241e+00 -7.942345e+01
1.059290e-01 601 5.655579e+02 5.619479e+02 5.830377e+01 1.002859e+02
1.156806e-01 705 5.177122e+02 5.137819e+02 1.480780e+01 1.659347e+02
1.255756e-01 883 4.948190e+02 4.903723e+02 -6.781561e+00 -2.158159e+01
1.352378e-01 909 3.840699e+02 3.800710e+02 -4.550162e+01 3.882277e+01
1.449493e-01 1177 3.643234e+02 3.599891e+02 -1.720987e+00 -3.742997e+01
1.550659e-01 1323 2.976683e+02 2.936181e+02 1.738984e+01 -1.815598e+01
1.649601e-01 1453 2.763976e+02 2.721350e+02 2.032058e+00 -1.933201e+01
1.749597e-01 1701 2.582646e+02 2.537859e+02 -1.913126e+01 -4.512426e+01
1.852437e-01 1963 2.344573e+02 2.298960e+02 -6.155723e+00 -1.458118e+00
1.951071e-01 1933 2.195859e+02 2.148579e+02 -1.199032e+01 4.677484e+00
2.049888e-01 2397 1.928096e+02 1.882365e+02 2.838146e+00 -2.178213e+01
2.151844e-01 2539 1.737102e+02 1.691748e+02 1.165850e+01 -1.828808e+01
2.250745e-01 2694 1.615933e+02 1.569804e+02 -7.792348e+00 1.373817e+01
2.350927e-01 3121 1.570210e+02 1.521344e+02 -2.023924e-01 7.195045e+00
2.451974e-01 3255 1.457120e+02 1.407860e+02 9.579329e-01 -4.221394e+00
2.550872e-01 3517 1.314373e+02 1.266340e+02 2.058067e-01 3.060718e+00
2.649947e-01 3813 1.240725e+02 1.191876e+02 9.127875e-01 -8.877044e+00
2.750606e-01 4231 1.161196e+02 1.112037e+02 2.930582e+00 4.102791e-01
2.851157e-01 4389 1.039100e+02 9.918679e+01 1.646035e+00 1.122288e+01
2.950080e-01 4717 1.001488e+02 9.528481e+01 7.647524e-01 -1.672840e+00
3.050474e-01 5191 9.685244e+01 9.182843e+01 -4.225499e+00 -3.620059e+00
3.151078e-01 5373 9.111431e+01 8.608067e+01 1.749712e+00 -1.807480e+00
3.251295e-01 5893 8.724624e+01 8.212466e+01 -2.635924e+00 -5.281139e-01
3.352591e-01 6183 8.048483e+01 7.546852e+01 -6.201442e+00 2.858863e-01
3.451640e-01 6349 7.443729e+01 6.952867e+01 -3.362110e+00 5.547708e+00
3.550965e-01 6993 7.137820e+01 6.640630e+01 -5.687721e-01 -5.766058e+00
3.649687e-01 7003 6.735968e+01 6.241217e+01 -1.543644e-01 3.222122e+00
3.749450e-01 7941 6.517164e+01 6.012885e+01 1.713150e+00 -3.189277e-01
3.851630e-01 8221 6.141169e+01 5.640760e+01 8.993928e-02 2.747231e+00
3.951752e-01 8449 5.863615e+01 5.361713e+01 -1.536473e+00 6.410244e+00
4.050872e-01 8931 5.719242e+01 5.206032e+01 -6.379266e-02 -9.643815e-01
4.149904e-01 9289 5.419531e+01 4.910107e+01 -9.033222e-01 1.141167e+00
4.250484e-01 10113 5.194310e+01 4.683266e+01 1.088403e+00 -2.001285e+00
4.350196e-01 10087 4.877489e+01 4.376123e+01 -8.604474e-01 7.666456e-01
4.449689e-01 10998 4.660827e+01 4.160689e+01 -6.362801e-01 6.209660e-01
4.550136e-01 11233 4.560771e+01 4.050180e+01 -1.316436e+00 1.240508e+00
4.650240e-01 11991 4.330833e+01 3.825658e+01 -2.144616e+00 2.763147e-02
4.750600e-01 12241 4.203164e+01 3.692847e+01 -8.021216e-01 -1.101931e+00
4.850824e-01 13033 3.997181e+01 3.492372e+01 -4.116108e-01 1.563731e-01
4.950626e-01 13227 3.836502e+01 3.333219e+01 1.311125e+00 6.184429e-01
5.050218e-01 13993 3.740948e+01 3.231553e+01 3.583389e-01 6.203647e-01
5.149626e-01 14301 3.610145e+01 3.100395e+01 -1.064024e+00 1.317498e+00
5.249789e-01 15355 3.467637e+01 2.960257e+01 7.478725e-01 4.553828e-02
5.350486e-01 15585 3.353672e+01 2.845345e+01 -1.332386e-01 6.313145e-01
5.451135e-01 16549 3.194304e+01 2.693247e+01 2.992519e-01 1.047716e+00
5.551181e-01 16587 3.155914e+01 2.644006e+01 -7.410965e-02 -3.534777e-01
5.650424e-01 17461 3.070285e+01 2.555866e+01 -9.798404e-02 1.744331e+00
5.750589e-01 18177 2.934685e+01 2.426819e+01 -7.666325e-02 1.552019e+00
5.850828e-01 18739 2.900493e+01 2.382561e+01 2.126158e-01 -3.301026e-02
5.950416e-01 19165 2.748891e+01 2.242738e+01 -2.076671e-01 4.372251e-01
6.049746e-01 20013 2.638141e+01 2.137592e+01 -3.530888e-02 -1.563694e-01
6.149470e-01 20587 2.591730e+01 2.085278e+01 -1.900589e-02 -1.788888e-01
6.249968e-01 21657 2.534854e+01 2.024857e+01 -3.989969e-01 7.377265e-01
6.350666e-01 22129 2.446140e+01 1.939662e+01 -5.037695e-01 2.459517e-01
6.450498e-01 22611 2.374740e+01 1.869251e+01 -4.149726e-01 1.020243e+00
6.549912e-01 23317 2.317799e+01 1.810837e+01 -5.201945e-03 4.830921e-01
6.649535e-01 24222 2.251453e+01 1.745650e+01 7.561997e-02 1.903328e-01
6.749660e-01 24943 2.185279e+01 1.681264e+01 1.069290e-01 -3.481439e-01
6.850252e-01 25921 2.120134e+01 1.618193e+01 4.485639e-01 1.067026e+00
6.950284e-01 26253 2.085217e+01 1.578928e+01 2.897239e-01 7.263639e-01
7.049900e-01 27139 2.020179e+01 1.517340e+01 -9.315082e-02 -1.137284e-01
7.150256e-01 28185 1.977806e+01 1.473282e+01 3.389161e-01 1.422389e-01
7.250860e-01 28969 1.926008e+01 1.422744e+01 4.852761e-02 4.706250e-01
7.350183e-01 28887 1.878121e+01 1.375694e+01 1.723972e-01 2.115646e-01
7.450018e-01 30937 1.825484e+01 1.325750e+01 -1.060428e-02 2.173559e-01
7.551045e-01 31341 1.771974e+01 1.275565e+01 -2.258658e-01 1.224451e-01
7.650666e-01 31555 1.727800e+01 1.232927e+01 1.852505e-01 3.235129e-01
7.750154e-01 33025 1.707926e+01 1.207973e+01 6.691158e-03 -2.680589e-01
7.850634e-01 33921 1.657858e+01 1.161923e+01 -2.090043e-01 1.591280e-01
7.950596e-01 34285 1.642283e+01 1.140487e+01 -9.986797e-02 1.063560e-01
8.050450e-01 35703 1.580847e+01 1.087706e+01 -3.518493e-01 1.542140e-01
8.150563e-01 36205 1.554657e+01 1.059625e+01 2.215939e-02 -3.169354e-01
8.250795e-01 37485 1.520230e+01 1.026303e+01 5.470487e-02 1.641969e-01
8.350885e-01 38047 1.494513e+01 9.992583e+00 2.354155e-01 2.509934e-01
8.450499e-01 38913 1.456513e+01 9.644285e+00 -3.146290e-01 2.624302e-02
8.550252e-01 39853 1.423475e+01 9.333076e+00 -1.170161e-01 5.096656e-01
8.650455e-01 41367 1.390960e+01 9.029092e+00 -2.279025e-01 1.122818e-01
8.750680e-01 41617 1.369045e+01 8.797048e+00 8.487309e-02 2.944689e-01
8.849916e-01 42430 1.336494e+01 8.500896e+00 2.918774e-02 3.386559e-01
8.949944e-01 44367 1.309563e+01 8.243864e+00 -1.291404e-01 7.423072e-02
9.050336e-01 44569 1.286827e+01 8.016361e+00 6.621882e-02 2.580447e-01
9.150411e-01 46089 1.259719e+01 7.764565e+00 -1.798666e-01 4.014184e-01
9.250625e-01 46819 1.248283e+01 7.612437e+00 -3.346715e-01 1.994972e-01
9.350607e-01 47793 1.221337e+01 7.367800e+00 -6.575949e-02 1.063891e-01
9.450463e-01 48697 1.202025e+01 7.172555e+00 -1.755981e-01 3.639084e-01
9.549734e-01 49443 1.181621e+01 6.974053e+00 -1.721817e-01 2.422173e-01
9.649510e-01 51097 1.144816e+01 6.682149e+00 1.094346e-01 3.627208e-01
9.750082e-01 52453 1.131758e+01 6.531306e+00 -1.211245e-01 2.186965e-01
9.850290e-01 52947 1.111235e+01 6.340184e+00 1.806493e-03 2.920632e-01
9.950258e-01 54193 1.095194e+01 6.177411e+00 -1.957990e-01 2.210028e-01
