# nc 324
# boxsize 6.000000e+02
# nbar 0.000000e+00
1.483274e-02 13 2.003439e+03 2.003191e+03 -3.489670e+02 -1.134649e+03
2.513187e-02 33 2.406215e+03 2.405341e+03 -9.495863e+00 1.472909e+02
3.574650e-02 79 1.658325e+03 1.657148e+03 3.630046e+02 8.029067e+01
4.583347e-02 105 1.555040e+03 1.553145e+03 -1.460027e+02 -3.494190e+02
5.486964e-02 145 1.317107e+03 1.314856e+03 -2.705230e+02 2.175957e+02
6.471857e-02 243 1.189840e+03 1.186976e+03 -8.827179e+01 -6.477280e+02
7.503996e-02 313 1.039927e+03 1.036591e+03 6.793594e+01 1.267051e+02
8.485495e-02 369 7.770469e+02 7.738694e+02 -1.185634e+01 1.145955e+02
9.528688e-02 571 6.547775e+02 6.513928e+02 -8.708748e+01 -1.013232e+02
1.059290e-01 601 5.535476e+02 5.500062e+02 7.420844e+01 -1.673082e+01
1.156806e-01 705 5.162831e+02 5.123470e+02 1.332197e+01 3.892121e+01
1.255756e-01 883 4.194090e+02 4.156538e+02 1.321681e+01 -7.601234e+01
1.352378e-01 909 4.069250e+02 4.027074e+02 -3.213832e+01 1.955964e+01
1.449493e-01 1177 3.626297e+02 3.583057e+02 2.482989e+01 -6.818647e+00
1.550659e-01 1323 2.874594e+02 2.835445e+02 6.620684e+00 -1.999718e+01
1.649601e-01 1453 2.803304e+02 2.760035e+02 4.636093e+00 6.852413e+00
1.749597e-01 1701 2.586713e+02 2.541916e+02 -1.023805e+01 -3.056404e+01
1.852437e-01 1963 2.340892e+02 2.295388e+02 3.005657e+00 -2.063822e+00
1.951071e-01 1933 2.065992e+02 2.021539e+02 -1.568686e+00 5.305737e+00
2.049888e-01 2397 1.980439e+02 1.933473e+02 -1.130641e+00 -2.498703e+01
2.151844e-01 2539 1.726211e+02 1.681080e+02 -1.352895e+01 -5.830086e+00
2.250745e-01 2694 1.614316e+02 1.568232e+02 2.615823e+00 5.774209e-01
2.350927e-01 3121 1.502673e+02 1.455918e+02 6.638983e+00 -1.553261e+01
2.451974e-01 3255 1.416381e+02 1.368499e+02 3.297154e+00 5.415734e+00
2.550872e-01 3517 1.350054e+02 1.300711e+02 -2.558616e+00 -5.229755e+00
2.649947e-01 3813 1.194441e+02 1.147401e+02 4.665774e-01 -9.658010e+00
2.750606e-01 4231 1.117573e+02 1.070212e+02 1.545853e+00 7.895865e+00
2.851157e-01 4389 1.057394e+02 1.009362e+02 -3.741316e+00 3.935077e+00
2.950080e-01 4717 1.025968e+02 9.761362e+01 1.375675e+00 -6.060651e+00
3.050474e-01 5191 9.344428e+01 8.859673e+01 6.104841e+00 2.133087e-01
3.151078e-01 5373 9.136720e+01 8.632056e+01 -2.231705e+00 4.483713e+00
3.251295e-01 5893 8.549978e+01 8.047842e+01 -9.985373e-01 -3.000987e+00
3.352591e-01 6183 7.858340e+01 7.368564e+01 1.377715e+00 -1.125766e+00
3.451640e-01 6349 7.456644e+01 6.964989e+01 8.693098e-01 2.289472e+00
3.550965e-01 6993 7.028010e+01 6.538515e+01 -1.550601e+00 -5.910837e+00
3.649687e-01 7003 6.744447e+01 6.249066e+01 1.945137e+00 3.982829e+00
3.749450e-01 7941 6.478131e+01 5.976896e+01 7.002518e-01 -1.489752e+00
3.851630e-01 8221 6.310247e+01 5.796028e+01 -4.740840e-01 -1.482497e+00
3.951752e-01 8449 5.858772e+01 5.357280e+01 -3.581825e+00 5.098805e-01
4.050872e-01 8931 5.641909e+01 5.135575e+01 -2.559633e+00 -1.986192e+00
4.149904e-01 9289 5.304327e+01 4.805906e+01 3.363314e-01 3.009317e-01
4.250484e-01 10113 5.166895e+01 4.658527e+01 -9.053144e-01 2.012031e+00
4.350196e-01 10087 4.891339e+01 4.388482e+01 8.741700e-01 -2.141135e+00
4.449689e-01 10998 4.657028e+01 4.157294e+01 3.533175e+00 -5.098295e-01
4.550136e-01 11233 4.499284e+01 3.995632e+01 8.202839e-01 -5.412987e-01
4.650240e-01 11991 4.418525e+01 3.903112e+01 -3.658430e-02 1.548090e+00
4.750600e-01 12241 4.110241e+01 3.611082e+01 6.017739e-01 2.229685e-01
4.850824e-01 13033 4.034472e+01 3.525008e+01 -1.244645e+00 9.823303e-01
4.950626e-01 13227 3.791549e+01 3.294143e+01 -5.503725e-01 -1.309919e+00
5.050218e-01 13993 3.725090e+01 3.217904e+01 -9.611063e-02 1.466799e-01
5.149626e-01 14301 3.550834e+01 3.049550e+01 5.762596e-01 5.155424e-01
5.249789e-01 15355 3.445453e+01 2.941287e+01 -1.008188e+00 1.373869e-02
5.350486e-01 15585 3.352053e+01 2.844036e+01 -1.548081e+00 1.287586e-01
5.451135e-01 16549 3.230033e+01 2.723369e+01 -4.229403e-01 -3.445456e-01
5.551181e-01 16587 3.151821e+01 2.640565e+01 1.477937e-01 5.605606e-01
5.650424e-01 17461 3.015886e+01 2.510502e+01 -1.559053e-01 1.969822e-01
5.750589e-01 18177 2.943490e+01 2.434139e+01 3.813140e-01 5.838904e-01
5.850828e-01 18739 2.838679e+01 2.331767e+01 -8.476309e-01 3.525386e-01
5.950416e-01 19165 2.705606e+01 2.207417e+01 -1.533641e-01 5.861751e-01
6.049746e-01 20013 2.703653e+01 2.190629e+01 4.743729e-01 2.048532e-01
6.149470e-01 20587 2.590819e+01 2.084575e+01 -3.482299e-01 -4.331719e-01
6.249968e-01 21657 2.498703e+01 1.995998e+01 -5.242076e-01 1.811387e-01
6.350666e-01 22129 2.417480e+01 1.916987e+01 2.851492e-01 8.278660e-01
6.450498e-01 22611 2.377539e+01 1.871487e+01 -6.173667e-01 3.266997e-01
6.549912e-01 23317 2.272832e+01 1.775705e+01 -1.542088e-01 2.642319e-01
6.649535e-01 24222 2.233198e+01 1.731514e+01 -2.841415e-01 -3.342475e-02
6.749660e-01 24943 2.182287e+01 1.678947e+01 3.983797e-01 1.604643e+00
6.850252e-01 25921 2.111297e+01 1.611467e+01 -1.522595e-01 -7.133345e-01
6.950284e-01 26253 2.048667e+01 1.551256e+01 -4.744340e-01 1.257565e-01
7.049900e-01 27139 1.987106e+01 1.492529e+01 -2.655248e-01 -1.988445e-01
7.150256e-01 28185 1.961175e+01 1.460916e+01 1.223950e-01 4.303025e-01
7.250860e-01 28969 1.916838e+01 1.415905e+01 1.946834e-01 -7.259642e-02
7.350183e-01 28887 1.872796e+01 1.371802e+01 2.961014e-01 5.818718e-01
7.450018e-01 30937 1.804455e+01 1.310484e+01 -3.693945e-01 1.284947e-01
7.551045e-01 31341 1.767917e+01 1.272692e+01 -5.463783e-02 3.475362e-02
7.650666e-01 31555 1.739054e+01 1.240949e+01 3.453945e-01 3.302063e-01
7.750154e-01 33025 1.681605e+01 1.189343e+01 -1.236796e-01 4.111727e-01
7.850634e-01 33921 1.642439e+01 1.151118e+01 6.416567e-02 5.573224e-01
7.950596e-01 34285 1.616435e+01 1.122555e+01 -1.641906e-01 -1.099847e-01
8.050450e-01 35703 1.575690e+01 1.084112e+01 -2.103508e-01 5.349537e-01
8.150563e-01 36205 1.539614e+01 1.049407e+01 3.792723e-03 1.948572e-01
8.250795e-01 37485 1.512469e+01 1.021082e+01 -2.300117e-01 -1.507608e-02
8.350885e-01 38047 1.491346e+01 9.971553e+00 -1.924818e-02 1.461368e-01
8.450499e-01 38913 1.443005e+01 9.554949e+00 -1.197037e-01 2.769478e-01
8.550252e-01 39853 1.419159e+01 9.304854e+00 -2.583667e-01 3.348220e-01
8.650455e-01 41367 1.387884e+01 9.009048e+00 -1.623498e-01 -1.657916e-01
8.750680e-01 41617 1.354048e+01 8.700922e+00 1.538065e-01 -1.031708e-01
8.849916e-01 42430 1.322693e+01 8.413453e+00 -1.925825e-01 8.140051e-02
8.949944e-01 44367 1.300537e+01 8.187141e+00 -3.525107e-02 4.350533e-01
9.050336e-01 44569 1.282801e+01 7.990986e+00 -1.060758e-01 1.607047e-01
9.150411e-01 46089 1.255438e+01 7.738322e+00 -6.306549e-03 3.781747e-01
9.250625e-01 46819 1.227602e+01 7.486222e+00 4.731701e-02 1.594779e-01
9.350607e-01 47793 1.207315e+01 7.283431e+00 -3.166875e-01 3.423692e-01
9.450463e-01 48697 1.185206e+01 7.072453e+00 -5.476308e-02 2.395590e-01
9.549734e-01 49443 1.158677e+01 6.838588e+00 1.430861e-01 1.982891e-01
9.649510e-01 51097 1.142385e+01 6.668065e+00 -1.768022e-01 1.313916e-01
9.750082e-01 52453 1.119586e+01 6.461198e+00 1.266837e-01 3.103196e-01
9.850290e-01 52947 1.104606e+01 6.302618e+00 -7.978007e-02 1.565381e-01
9.950258e-01 54193 1.082116e+01 6.103715e+00 -5.771407e-02 2.204400e-01
