# nc 324
# boxsize 6.000000e+02
# nbar 0.000000e+00
1.483274e-02 13 4.118645e+03 4.118164e+03 4.164630e+02 6.025361e+03
2.513187e-02 33 3.169782e+03 3.168623e+03 1.917529e+03 -6.380740e+02
3.574650e-02 79 1.828188e+03 1.826852e+03 -5.203542e+02 -1.206611e+03
4.583347e-02 105 1.500812e+03 1.499049e+03 6.240239e+02 2.758935e+02
5.486964e-02 145 1.532103e+03 1.529454e+03 -4.833111e+02 4.832627e+02
6.471857e-02 243 1.231944e+03 1.228999e+03 -1.425078e+02 2.031657e+02
7.503996e-02 313 1.034359e+03 1.031040e+03 1.521384e+02 6.042003e+01
8.485495e-02 369 8.767752e+02 8.731868e+02 -1.524741e+02 9.589763e+01
9.528688e-02 571 6.742630e+02 6.707878e+02 1.268394e+02 1.334951e+02
1.059290e-01 601 5.751545e+02 5.714905e+02 5.930651e+01 -2.395210e+01
1.156806e-01 705 4.778956e+02 4.742556e+02 -7.434780e+01 -3.326793e+00
1.255756e-01 883 4.219833e+02 4.182069e+02 -3.898373e+01 -4.823788e+01
1.352378e-01 909 4.101871e+02 4.059197e+02 -1.905122e+00 3.428744e+01
1.449493e-01 1177 3.641801e+02 3.598350e+02 1.268041e+01 -1.912926e-01
1.550659e-01 1323 3.039841e+02 2.998438e+02 2.250170e+01 4.769495e+00
1.649601e-01 1453 2.777546e+02 2.734706e+02 -2.050705e+00 -2.634337e+01
1.749597e-01 1701 2.572891e+02 2.528255e+02 -1.102003e+01 -2.781075e+01
1.852437e-01 1963 2.342055e+02 2.296638e+02 -1.767200e+01 3.914006e+01
1.951071e-01 1933 2.205734e+02 2.158232e+02 -2.483612e-01 2.190573e+01
2.049888e-01 2397 1.932327e+02 1.886459e+02 -1.526658e+01 -7.735601e+00
2.151844e-01 2539 1.767035e+02 1.720835e+02 -8.367882e+00 -9.375997e+00
2.250745e-01 2694 1.600953e+02 1.555244e+02 3.205795e+00 2.340825e+01
2.350927e-01 3121 1.475037e+02 1.429153e+02 5.063726e+00 -5.331411e+00
2.451974e-01 3255 1.427418e+02 1.379140e+02 2.721989e+00 4.683802e+00
2.550872e-01 3517 1.359370e+02 1.309689e+02 1.995701e+00 4.097778e+00
2.649947e-01 3813 1.183030e+02 1.136470e+02 -2.386596e+00 -8.256467e+00
2.750606e-01 4231 1.131592e+02 1.083649e+02 -3.466614e+00 7.800885e-01
2.851157e-01 4389 1.073227e+02 1.024458e+02 -4.430034e+00 2.632848e+00
2.950080e-01 4717 1.017572e+02 9.681364e+01 -2.040931e+00 -7.980645e-01
3.050474e-01 5191 9.721373e+01 9.217397e+01 -4.265307e+00 1.697807e+00
3.151078e-01 5373 9.244870e+01 8.734192e+01 -1.768917e+00 1.925656e+00
3.251295e-01 5893 8.557276e+01 8.054484e+01 -2.773090e+00 2.111271e+00
3.352591e-01 6183 8.122870e+01 7.616745e+01 -1.296843e+00 -5.283594e+00
3.451640e-01 6349 7.517809e+01 7.022067e+01 -2.409439e+00 -1.721307e-01
3.550965e-01 6993 7.138393e+01 6.641164e+01 2.050058e+00 -1.374335e+00
3.649687e-01 7003 6.902717e+01 6.395669e+01 1.890580e+00 1.162282e+00
3.749450e-01 7941 6.545642e+01 6.039091e+01 -1.417490e+00 3.230146e+00
3.851630e-01 8221 6.279845e+01 5.768167e+01 -3.267123e+00 2.670346e-01
3.951752e-01 8449 5.863729e+01 5.361886e+01 -1.076071e+00 2.859866e+00
4.050872e-01 8931 5.665736e+01 5.157398e+01 1.894061e+00 -2.807874e+00
4.149904e-01 9289 5.433028e+01 4.922501e+01 1.399575e+00 -9.339423e-01
4.250484e-01 10113 5.163494e+01 4.655520e+01 8.072786e-01 -1.989354e+00
4.350196e-01 10087 4.914641e+01 4.409458e+01 2.909940e-01 7.156783e-01
4.449689e-01 10998 4.663465e+01 4.163107e+01 -1.214332e+00 -4.958255e-02
4.550136e-01 11233 4.517691e+01 4.011916e+01 -1.167917e+00 -8.080008e-01
4.650240e-01 11991 4.300765e+01 3.799164e+01 -6.847144e-01 1.946678e-01
4.750600e-01 12241 4.245047e+01 3.729634e+01 -1.170096e+00 -8.273595e-01
4.850824e-01 13033 4.050547e+01 3.539034e+01 -7.177373e-01 2.056892e+00
4.950626e-01 13227 3.898576e+01 3.387123e+01 -6.242910e-01 -1.437554e+00
5.050218e-01 13993 3.683739e+01 3.182140e+01 3.399732e-01 -1.361440e-01
5.149626e-01 14301 3.654930e+01 3.138829e+01 -6.309651e-01 1.012933e+00
5.249789e-01 15355 3.440873e+01 2.937386e+01 -5.845918e-02 1.011448e+00
5.350486e-01 15585 3.402220e+01 2.886562e+01 5.539753e-01 9.611648e-01
5.451135e-01 16549 3.203630e+01 2.701058e+01 3.528329e-01 4.358051e-01
5.551181e-01 16587 3.165042e+01 2.651634e+01 6.919789e-01 5.962365e-01
5.650424e-01 17461 3.027171e+01 2.519904e+01 3.620570e-01 -3.453040e-01
5.750589e-01 18177 2.934857e+01 2.426949e+01 5.633658e-01 1.314798e-01
5.850828e-01 18739 2.856727e+01 2.346601e+01 1.530893e-01 7.443415e-01
5.950416e-01 19165 2.743208e+01 2.238060e+01 -2.529854e-01 -4.392579e-01
6.049746e-01 20013 2.669024e+01 2.162684e+01 1.661762e-01 6.631555e-02
6.149470e-01 20587 2.597846e+01 2.090173e+01 -4.738988e-02 -1.705110e-01
6.249968e-01 21657 2.527623e+01 2.019094e+01 2.728490e-01 6.154028e-01
6.350666e-01 22129 2.427813e+01 1.925171e+01 7.351124e-01 -6.321329e-01
6.450498e-01 22611 2.381243e+01 1.874294e+01 -2.556037e-01 3.276385e-01
6.549912e-01 23317 2.334792e+01 1.824122e+01 -3.025255e-01 -5.068978e-02
6.649535e-01 24222 2.286181e+01 1.772574e+01 6.805433e-01 6.180580e-01
6.749660e-01 24943 2.205781e+01 1.696988e+01 -1.613656e-01 -4.038974e-01
6.850252e-01 25921 2.119686e+01 1.617907e+01 -1.184185e-01 4.385158e-03
6.950284e-01 26253 2.068093e+01 1.565924e+01 3.915541e-01 -3.640006e-01
7.049900e-01 27139 2.009150e+01 1.509042e+01 -2.279276e-01 8.171573e-01
7.150256e-01 28185 1.971580e+01 1.468653e+01 4.414723e-01 2.026911e-01
7.250860e-01 28969 1.926447e+01 1.423020e+01 -2.359865e-01 3.586692e-01
7.350183e-01 28887 1.875774e+01 1.373998e+01 -3.988567e-02 3.001546e-01
7.450018e-01 30937 1.831259e+01 1.329992e+01 -2.232059e-02 -1.014766e-01
7.551045e-01 31341 1.797304e+01 1.293839e+01 1.927424e-03 2.512628e-01
7.650666e-01 31555 1.758144e+01 1.254559e+01 -3.548841e-01 3.606527e-02
7.750154e-01 33025 1.704455e+01 1.205506e+01 2.033120e-01 3.519788e-01
7.850634e-01 33921 1.666940e+01 1.168270e+01 -1.956198e-02 2.905686e-01
7.950596e-01 34285 1.636133e+01 1.136222e+01 -1.665373e-01 4.290061e-01
8.050450e-01 35703 1.590629e+01 1.094420e+01 3.138468e-01 7.948280e-02
8.150563e-01 36205 1.560038e+01 1.063320e+01 7.235578e-02 -5.208169e-01
8.250795e-01 37485 1.546774e+01 1.044234e+01 6.952877e-02 2.643504e-01
8.350885e-01 38047 1.493097e+01 9.983295e+00 1.585582e-02 3.436276e-02
8.450499e-01 38913 1.463537e+01 9.690918e+00 1.133254e-01 2.441111e-01
8.550252e-01 39853 1.432202e+01 9.390441e+00 -1.369420e-01 1.453116e-01
8.650455e-01 41367 1.400838e+01 9.093105e+00 2.831728e-01 -4.580095e-02
8.750680e-01 41617 1.382305e+01 8.882408e+00 2.302799e-01 -7.780775e-02
8.849916e-01 42430 1.334408e+01 8.487864e+00 1.375173e-01 -5.640253e-02
8.949944e-01 44367 1.313829e+01 8.270801e+00 6.938993e-02 4.175563e-01
9.050336e-01 44569 1.283727e+01 7.996940e+00 1.303793e-01 3.801320e-01
9.150411e-01 46089 1.262335e+01 7.780958e+00 1.327077e-01 2.336647e-01
9.250625e-01 46819 1.251595e+01 7.632370e+00 1.962176e-01 -1.761996e-01
9.350607e-01 47793 1.224563e+01 7.387370e+00 1.159289e-01 1.475434e-01
9.450463e-01 48697 1.201145e+01 7.167427e+00 1.894629e-02 3.093952e-01
9.549734e-01 49443 1.171548e+01 6.914567e+00 -8.095746e-02 1.657896e-01
9.649510e-01 51097 1.152497e+01 6.727053e+00 -1.295164e-01 4.179310e-02
9.750082e-01 52453 1.131147e+01 6.528091e+00 1.355568e-01 4.140073e-01
9.850290e-01 52947 1.107926e+01 6.321563e+00 -8.288926e-02 -4.086067e-03
9.950258e-01 54193 1.095481e+01 6.178979e+00 1.914319e-03 5.097519e-01
