# nc 324
# boxsize 6.000000e+02
# nbar 0.000000e+00
1.483274e-02 13 3.040811e+03 3.040454e+03 -2.088638e+03 2.364981e+03
2.513187e-02 33 2.637515e+03 2.636566e+03 1.334143e+03 6.878251e+02
3.574650e-02 79 1.929715e+03 1.928296e+03 -7.188402e+01 -1.347119e+02
4.583347e-02 105 1.432615e+03 1.430922e+03 -4.653003e+02 3.672910e+02
5.486964e-02 145 1.085813e+03 1.083954e+03 2.547727e+02 -2.696723e+02
6.471857e-02 243 1.054585e+03 1.052051e+03 2.315710e+02 4.353446e+02
7.503996e-02 313 8.912748e+02 8.884199e+02 1.690862e+01 2.502298e+02
8.485495e-02 369 7.813486e+02 7.781517e+02 6.762283e+01 3.461494e+01
9.528688e-02 571 6.478768e+02 6.445263e+02 1.534820e+02 -1.177074e+02
1.059290e-01 601 5.313815e+02 5.279934e+02 1.282071e+00 -5.776546e+00
1.156806e-01 705 5.020962e+02 4.982596e+02 1.543515e+01 5.194674e+01
1.255756e-01 883 4.365504e+02 4.326354e+02 1.243614e+01 6.166567e+01
1.352378e-01 909 4.192610e+02 4.149053e+02 -9.363147e+00 4.834271e+01
1.449493e-01 1177 3.683007e+02 3.639065e+02 2.939321e+01 1.062570e+01
1.550659e-01 1323 2.927754e+02 2.887803e+02 5.039111e+01 1.222080e+01
1.649601e-01 1453 2.778187e+02 2.735267e+02 -3.145467e+01 1.453791e+01
1.749597e-01 1701 2.609087e+02 2.563795e+02 -1.259614e+01 1.542922e+01
1.852437e-01 1963 2.390450e+02 2.344041e+02 -7.638142e+00 -2.869813e+01
1.951071e-01 1933 2.138579e+02 2.092563e+02 1.399706e-01 1.641875e+01
2.049888e-01 2397 2.012990e+02 1.965230e+02 4.495372e+00 1.383372e+00
2.151844e-01 2539 1.750758e+02 1.705034e+02 8.027680e+00 -5.836124e+00
2.250745e-01 2694 1.645306e+02 1.598312e+02 -5.145989e+00 2.844424e+01
2.350927e-01 3121 1.571079e+02 1.522190e+02 5.485635e+00 5.932007e+00
2.451974e-01 3255 1.453005e+02 1.403876e+02 3.741397e+00 2.397687e-01
2.550872e-01 3517 1.340304e+02 1.291346e+02 3.324378e+00 1.329939e+00
2.649947e-01 3813 1.232821e+02 1.184276e+02 -1.264189e+00 -1.232557e+00
2.750606e-01 4231 1.128325e+02 1.080501e+02 5.907424e-01 -1.788127e-01
2.851157e-01 4389 1.064554e+02 1.016177e+02 -8.779806e+00 4.323401e+00
2.950080e-01 4717 9.945757e+01 9.462621e+01 -4.857525e+00 6.711778e+00
3.050474e-01 5191 9.425552e+01 8.936817e+01 1.495282e+00 5.990565e+00
3.151078e-01 5373 8.966366e+01 8.470824e+01 -2.021836e+00 1.032860e-01
3.251295e-01 5893 8.417029e+01 7.922891e+01 2.499768e+00 -6.221621e+00
3.352591e-01 6183 7.951987e+01 7.456284e+01 -8.263789e-02 6.158001e+00
3.451640e-01 6349 7.582009e+01 7.082070e+01 3.684429e+00 1.428216e+00
3.550965e-01 6993 7.052998e+01 6.561662e+01 -8.485813e-01 -9.577098e-01
3.649687e-01 7003 6.873047e+01 6.368043e+01 2.203361e+00 2.119107e+00
3.749450e-01 7941 6.578300e+01 6.069272e+01 3.858227e-01 -5.315040e-01
3.851630e-01 8221 6.276583e+01 5.765251e+01 3.834709e+00 -5.712033e+00
3.951752e-01 8449 5.957313e+01 5.447204e+01 -1.106581e+00 -1.431144e+00
4.050872e-01 8931 5.704759e+01 5.192849e+01 1.450174e+00 -1.377240e+00
4.149904e-01 9289 5.345088e+01 4.842741e+01 -2.413921e-01 2.479949e+00
4.250484e-01 10113 5.136486e+01 4.631099e+01 -2.363756e-01 -1.422672e+00
4.350196e-01 10087 4.890311e+01 4.387612e+01 1.587576e-03 -8.723664e-01
4.449689e-01 10998 4.734924e+01 4.226867e+01 -9.394460e-02 -2.152938e+00
4.550136e-01 11233 4.502303e+01 3.998294e+01 -7.272570e-01 1.912263e+00
4.650240e-01 11991 4.263522e+01 3.766196e+01 1.586404e+00 1.061411e+00
4.750600e-01 12241 4.186712e+01 3.678237e+01 5.307876e-01 2.458901e+00
4.850824e-01 13033 4.065714e+01 3.552279e+01 4.904013e-01 -1.087134e-01
4.950626e-01 13227 3.848005e+01 3.343122e+01 -5.017944e-01 8.976572e-03
5.050218e-01 13993 3.722623e+01 3.215716e+01 -3.506305e-01 -7.227506e-01
5.149626e-01 14301 3.536637e+01 3.037308e+01 -3.640923e-02 -1.868944e-02
5.249789e-01 15355 3.468645e+01 2.961061e+01 -1.237356e-02 -7.244571e-01
5.350486e-01 15585 3.292904e+01 2.793759e+01 1.793962e-01 -2.417128e-01
5.451135e-01 16549 3.243946e+01 2.735042e+01 2.243349e-01 1.082858e+00
5.551181e-01 16587 3.125441e+01 2.618451e+01 -5.746450e-01 -1.083482e-01
5.650424e-01 17461 3.022105e+01 2.515649e+01 6.631293e-01 6.959732e-01
5.750589e-01 18177 2.959870e+01 2.447680e+01 -5.800870e-01 -3.197713e-02
5.850828e-01 18739 2.811699e+01 2.309628e+01 -2.728049e-01 4.318373e-01
5.950416e-01 19165 2.750094e+01 2.243724e+01 -2.931413e-01 -1.850706e-01
6.049746e-01 20013 2.693821e+01 2.182746e+01 2.616335e-01 1.325772e-01
6.149470e-01 20587 2.571049e+01 2.068634e+01 -1.037243e-01 3.149577e-01
6.249968e-01 21657 2.504825e+01 2.000864e+01 -6.163119e-03 5.211642e-01
6.350666e-01 22129 2.445043e+01 1.938881e+01 -5.290293e-01 6.704222e-01
6.450498e-01 22611 2.340240e+01 1.842033e+01 1.963127e-01 -2.625158e-01
6.549912e-01 23317 2.324252e+01 1.815874e+01 -5.917610e-02 7.914438e-01
6.649535e-01 24222 2.258508e+01 1.751076e+01 5.846363e-01 1.057998e-01
6.749660e-01 24943 2.183843e+01 1.680110e+01 -4.354806e-01 3.579076e-01
6.850252e-01 25921 2.119916e+01 1.618055e+01 7.322849e-02 2.228283e-01
6.950284e-01 26253 2.070962e+01 1.568094e+01 -6.372762e-02 2.237170e-01
7.049900e-01 27139 2.001604e+01 1.503383e+01 5.651553e-01 7.805835e-01
7.150256e-01 28185 1.982341e+01 1.476687e+01 3.249448e-01 2.410963e-01
7.250860e-01 28969 1.906573e+01 1.408354e+01 1.444965e-01 8.598215e-02
7.350183e-01 28887 1.869624e+01 1.369469e+01 4.220494e-01 6.323561e-02
7.450018e-01 30937 1.835418e+01 1.332935e+01 -1.052001e-01 4.385128e-03
7.551045e-01 31341 1.768620e+01 1.273242e+01 -3.467203e-01 -5.029731e-01
7.650666e-01 31555 1.742171e+01 1.243193e+01 3.220434e-01 1.233154e-01
7.750154e-01 33025 1.702175e+01 1.203912e+01 9.200488e-02 -4.912517e-01
7.850634e-01 33921 1.654488e+01 1.159569e+01 -8.136876e-02 6.448931e-01
7.950596e-01 34285 1.622157e+01 1.126515e+01 2.272468e-02 8.372020e-02
8.050450e-01 35703 1.585869e+01 1.091152e+01 -2.122271e-01 -1.911289e-01
8.150563e-01 36205 1.553387e+01 1.058798e+01 8.504700e-02 -1.980778e-01
8.250795e-01 37485 1.504166e+01 1.015497e+01 -9.839001e-02 2.953128e-01
8.350885e-01 38047 1.474289e+01 9.857230e+00 -3.081299e-02 1.063076e-01
8.450499e-01 38913 1.452174e+01 9.615455e+00 1.418037e-01 3.313177e-01
8.550252e-01 39853 1.425356e+01 9.345366e+00 -1.521265e-02 5.030300e-01
8.650455e-01 41367 1.380317e+01 8.959808e+00 -4.436354e-02 4.357404e-02
8.750680e-01 41617 1.367596e+01 8.787808e+00 1.190628e-01 -2.562779e-01
8.849916e-01 42430 1.334515e+01 8.488543e+00 -8.139183e-02 2.030721e-01
8.949944e-01 44367 1.304941e+01 8.214952e+00 -3.163549e-01 3.191586e-01
9.050336e-01 44569 1.285500e+01 8.007899e+00 -6.747067e-02 1.785625e-01
9.150411e-01 46089 1.264384e+01 7.793469e+00 1.104291e-01 1.302627e-01
9.250625e-01 46819 1.236796e+01 7.542185e+00 1.433287e-01 2.052328e-02
9.350607e-01 47793 1.213723e+01 7.321988e+00 -1.482635e-02 4.816458e-01
9.450463e-01 48697 1.191579e+01 7.110308e+00 -1.378650e-01 1.404422e-02
9.549734e-01 49443 1.163202e+01 6.865399e+00 -1.149839e-01 4.508645e-01
9.649510e-01 51097 1.147375e+01 6.697065e+00 -7.204828e-02 -3.443279e-02
9.750082e-01 52453 1.128418e+01 6.512182e+00 -4.592767e-02 -8.192430e-02
9.850290e-01 52947 1.105117e+01 6.305536e+00 -6.358825e-02 1.352946e-01
9.950258e-01 54193 1.094346e+01 6.172624e+00 2.074586e-01 3.778593e-01
