# nc 324
# boxsize 6.000000e+02
# nbar 0.000000e+00
1.483274e-02 13 3.635195e+03 3.634779e+03 -1.259315e+02 7.820877e+03
2.513187e-02 33 3.829348e+03 3.828045e+03 -7.441257e+02 1.486771e+03
3.574650e-02 79 2.031267e+03 2.029828e+03 7.547817e+02 -1.026582e+03
4.583347e-02 105 1.811923e+03 1.809747e+03 5.632985e+02 5.718176e+02
5.486964e-02 145 1.329841e+03 1.327548e+03 -1.182934e+02 1.351422e+02
6.471857e-02 243 1.220391e+03 1.217474e+03 1.443879e+02 7.912346e+01
7.503996e-02 313 1.073395e+03 1.069982e+03 -2.136565e+02 2.848503e+01
8.485495e-02 369 7.860854e+02 7.828750e+02 3.036144e+01 -1.862008e+02
9.528688e-02 571 6.764397e+02 6.729470e+02 -1.121181e+01 -2.125189e+02
1.059290e-01 601 5.538711e+02 5.503310e+02 2.460328e+01 -4.717871e+01
1.156806e-01 705 4.962958e+02 4.925204e+02 -8.079557e-01 -6.888111e+00
1.255756e-01 883 4.466506e+02 4.426497e+02 -1.801599e+01 1.776473e+01
1.352378e-01 909 4.079460e+02 4.037140e+02 1.284552e+00 -3.314388e+01
1.449493e-01 1177 3.504808e+02 3.463003e+02 1.656377e+01 -9.233065e+00
1.550659e-01 1323 2.927539e+02 2.887650e+02 2.528062e+00 -3.946640e+00
1.649601e-01 1453 2.738312e+02 2.695979e+02 8.276332e+00 6.924593e+00
1.749597e-01 1701 2.446794e+02 2.404341e+02 -5.463790e+00 -1.103797e+01
1.852437e-01 1963 2.349927e+02 2.304230e+02 -7.892025e+00 -1.086112e+01
1.951071e-01 1933 2.174867e+02 2.128091e+02 5.080281e+00 1.573414e+00
2.049888e-01 2397 1.999127e+02 1.951707e+02 4.329025e+00 1.689931e+01
2.151844e-01 2539 1.731397e+02 1.686169e+02 3.740125e+00 -6.880898e+00
2.250745e-01 2694 1.595741e+02 1.550178e+02 4.179951e+00 5.194620e-01
2.350927e-01 3121 1.558804e+02 1.510322e+02 -5.376541e+00 -2.102484e+00
2.451974e-01 3255 1.435970e+02 1.387430e+02 2.493496e+00 7.982379e+00
2.550872e-01 3517 1.324124e+02 1.275789e+02 -2.777548e+00 5.093073e+00
2.649947e-01 3813 1.252736e+02 1.203407e+02 4.921928e+00 -4.426719e+00
2.750606e-01 4231 1.143536e+02 1.095071e+02 -1.319304e+00 8.844081e-01
2.851157e-01 4389 1.063910e+02 1.015562e+02 6.114773e+00 3.082828e+00
2.950080e-01 4717 1.017271e+02 9.678316e+01 3.177699e+00 3.404857e+00
3.050474e-01 5191 9.522966e+01 9.029047e+01 -7.470155e-02 3.764472e+00
3.151078e-01 5373 8.933617e+01 8.440079e+01 3.124657e+00 6.684635e+00
3.251295e-01 5893 8.425200e+01 7.930363e+01 -1.932211e+00 -5.395492e+00
3.352591e-01 6183 8.085730e+01 7.581831e+01 -3.112989e+00 -1.094762e+00
3.451640e-01 6349 7.639334e+01 7.135375e+01 3.683906e+00 1.788379e+00
3.550965e-01 6993 7.130579e+01 6.633772e+01 -8.146459e-01 2.431161e-01
3.649687e-01 7003 6.814353e+01 6.313982e+01 -3.147482e+00 2.952138e+00
3.749450e-01 7941 6.453602e+01 5.954209e+01 -3.398466e-01 -2.461841e+00
3.851630e-01 8221 6.162373e+01 5.660223e+01 -5.942210e-01 -1.791952e+00
3.951752e-01 8449 5.922627e+01 5.415718e+01 6.162124e-02 6.554326e-01
4.050872e-01 8931 5.561158e+01 5.062214e+01 -1.173993e-01 -2.105933e+00
4.149904e-01 9289 5.340709e+01 4.838834e+01 -2.667376e+00 -1.404345e+00
4.250484e-01 10113 5.142034e+01 4.636148e+01 1.866895e-01 1.072000e-01
4.350196e-01 10087 4.941492e+01 4.433459e+01 -1.365703e+00 -2.744542e+00
4.449689e-01 10998 4.674967e+01 4.173285e+01 -1.148819e+00 5.528479e-01
4.550136e-01 11233 4.581897e+01 4.068922e+01 6.835446e-01 1.779839e+00
4.650240e-01 11991 4.431259e+01 3.914338e+01 1.681709e-02 -1.462339e+00
4.750600e-01 12241 4.235425e+01 3.721111e+01 -1.914494e+00 4.579917e-01
4.850824e-01 13033 4.019022e+01 3.511442e+01 -9.876607e-01 4.557469e-01
4.950626e-01 13227 3.892351e+01 3.381697e+01 -9.064951e-01 2.527400e-01
5.050218e-01 13993 3.730645e+01 3.222691e+01 -2.020326e+00 -2.307016e-01
5.149626e-01 14301 3.637090e+01 3.123561e+01 1.280306e+00 1.319683e+00
5.249789e-01 15355 3.512906e+01 2.998843e+01 -4.418288e-01 -3.208087e-01
5.350486e-01 15585 3.369724e+01 2.858926e+01 -3.980571e-01 -1.439622e+00
5.451135e-01 16549 3.284100e+01 2.768916e+01 -7.197538e-02 -9.846956e-02
5.551181e-01 16587 3.095283e+01 2.593147e+01 -4.071074e-01 4.566539e-01
5.650424e-01 17461 3.023229e+01 2.516606e+01 -2.213129e-02 4.476727e-02
5.750589e-01 18177 2.923388e+01 2.417526e+01 3.446909e-02 8.636560e-01
5.850828e-01 18739 2.873161e+01 2.360040e+01 -4.426365e-01 6.686642e-01
5.950416e-01 19165 2.787805e+01 2.274508e+01 4.722816e-02 -2.366360e-01
6.049746e-01 20013 2.674476e+01 2.167054e+01 1.354250e-02 1.111825e+00
6.149470e-01 20587 2.602245e+01 2.093742e+01 -4.478521e-01 -1.618132e+00
6.249968e-01 21657 2.508847e+01 2.004104e+01 -2.710301e-01 8.368566e-01
6.350666e-01 22129 2.453442e+01 1.945496e+01 -4.470960e-01 -5.136054e-01
6.450498e-01 22611 2.375944e+01 1.870184e+01 -6.092577e-02 6.431041e-01
6.549912e-01 23317 2.279604e+01 1.780923e+01 -4.696065e-01 6.748487e-01
6.649535e-01 24222 2.240327e+01 1.737011e+01 2.836970e-01 1.120374e-01
6.749660e-01 24943 2.176604e+01 1.674583e+01 -1.415269e-01 -4.260747e-01
6.850252e-01 25921 2.148015e+01 1.639537e+01 1.360815e-01 -2.240905e-01
6.950284e-01 26253 2.067144e+01 1.565234e+01 -8.471292e-03 -2.302979e-01
7.049900e-01 27139 2.022849e+01 1.519345e+01 3.686425e-02 5.828158e-01
7.150256e-01 28185 1.970047e+01 1.467521e+01 -2.090611e-01 -2.537557e-01
7.250860e-01 28969 1.927127e+01 1.423540e+01 -3.132460e-01 -3.264182e-01
7.350183e-01 28887 1.859234e+01 1.361893e+01 -4.070289e-01 4.457838e-01
7.450018e-01 30937 1.820307e+01 1.321982e+01 2.901899e-01 -1.355086e-01
7.551045e-01 31341 1.773407e+01 1.276685e+01 1.256926e-01 7.391375e-01
7.650666e-01 31555 1.737281e+01 1.239685e+01 -4.337269e-01 -4.736088e-01
7.750154e-01 33025 1.686994e+01 1.193147e+01 2.511166e-01 -3.479461e-01
7.850634e-01 33921 1.656285e+01 1.160808e+01 -2.046539e-01 7.326095e-01
7.950596e-01 34285 1.641399e+01 1.139905e+01 -2.012364e-01 3.546372e-01
8.050450e-01 35703 1.585233e+01 1.090705e+01 9.888817e-03 3.354081e-01
8.150563e-01 36205 1.549018e+01 1.055821e+01 -6.340212e-02 -1.342558e-01
8.250795e-01 37485 1.519184e+01 1.025648e+01 -3.706188e-01 -2.756857e-01
8.350885e-01 38047 1.473060e+01 9.848979e+00 3.375622e-02 8.996218e-02
8.450499e-01 38913 1.449881e+01 9.600539e+00 -1.827914e-01 3.782808e-01
8.550252e-01 39853 1.427968e+01 9.362577e+00 -1.512119e-01 3.769970e-01
8.650455e-01 41367 1.403746e+01 9.112093e+00 1.541470e-01 1.019694e-02
8.750680e-01 41617 1.359237e+01 8.734036e+00 -3.784779e-02 8.533244e-02
8.849916e-01 42430 1.328761e+01 8.451901e+00 1.573727e-01 3.818305e-01
8.949944e-01 44367 1.302481e+01 8.199509e+00 8.514514e-02 6.383061e-01
9.050336e-01 44569 1.284313e+01 8.000799e+00 1.290832e-02 1.513279e-01
9.150411e-01 46089 1.272595e+01 7.844149e+00 1.988478e-01 1.886373e-01
9.250625e-01 46819 1.247876e+01 7.609689e+00 -3.774326e-02 -1.187117e-01
9.350607e-01 47793 1.219049e+01 7.353903e+00 1.108799e-01 6.166983e-01
9.450463e-01 48697 1.191833e+01 7.111747e+00 -1.441484e-01 4.500622e-02
9.549734e-01 49443 1.170503e+01 6.908490e+00 -2.116743e-01 3.353192e-01
9.649510e-01 51097 1.155133e+01 6.742228e+00 -5.224954e-03 1.319993e-01
9.750082e-01 52453 1.131665e+01 6.530998e+00 -4.708058e-03 1.377615e-01
9.850290e-01 52947 1.116606e+01 6.370793e+00 -1.392407e-02 2.047576e-01
9.950258e-01 54193 1.100697e+01 6.208398e+00 -1.427438e-01 1.273919e-01
