# nc 324
# boxsize 6.000000e+02
# nbar 0.000000e+00
1.483274e-02 13 5.568941e+03 5.568228e+03 2.286807e+03 -9.044411e+03
2.513187e-02 33 3.180336e+03 3.179175e+03 -8.251887e+02 -1.812092e+03
3.574650e-02 79 1.836131e+03 1.834837e+03 5.417063e+01 -9.010846e+02
4.583347e-02 105 1.247304e+03 1.245822e+03 -2.866128e+02 6.631343e+01
5.486964e-02 145 1.224276e+03 1.222167e+03 2.641263e+02 7.943857e+01
6.471857e-02 243 1.061211e+03 1.058681e+03 -1.505510e+01 2.242281e+01
7.503996e-02 313 1.021751e+03 1.018459e+03 -5.663783e+01 1.140092e+02
8.485495e-02 369 8.174095e+02 8.140482e+02 4.134206e+01 9.795874e+01
9.528688e-02 571 6.161986e+02 6.130210e+02 -4.803050e+01 -9.520747e+00
1.059290e-01 601 5.565772e+02 5.530265e+02 -2.106966e+01 -8.195279e+01
1.156806e-01 705 5.311503e+02 5.270933e+02 2.614005e-01 -8.253805e+00
1.255756e-01 883 4.441439e+02 4.401582e+02 9.721467e+00 -4.961259e+01
1.352378e-01 909 3.971347e+02 3.930119e+02 7.438244e+00 -4.654800e+01
1.449493e-01 1177 3.594585e+02 3.551655e+02 -5.729378e+00 3.105812e+01
1.550659e-01 1323 2.963257e+02 2.922900e+02 4.003011e+00 -3.099804e+01
1.649601e-01 1453 2.655571e+02 2.614583e+02 1.396090e+01 -6.488377e+00
1.749597e-01 1701 2.539276e+02 2.495170e+02 5.927944e+00 -1.467667e+01
1.852437e-01 1963 2.422292e+02 2.375193e+02 4.501090e+00 -1.944573e+01
1.951071e-01 1933 2.166671e+02 2.120042e+02 1.020664e+01 2.111900e+00
2.049888e-01 2397 1.906442e+02 1.861188e+02 -7.825673e+00 -1.871090e+01
2.151844e-01 2539 1.768848e+02 1.722644e+02 4.059052e+00 -2.111288e+00
2.250745e-01 2694 1.630351e+02 1.583781e+02 9.729009e+00 1.479442e+01
2.350927e-01 3121 1.541445e+02 1.493503e+02 6.563874e+00 -1.524264e+00
2.451974e-01 3255 1.422549e+02 1.374457e+02 9.134271e-01 1.512115e+01
2.550872e-01 3517 1.358653e+02 1.309012e+02 -1.653989e+00 6.766754e+00
2.649947e-01 3813 1.196249e+02 1.149159e+02 4.101009e+00 -9.210667e+00
2.750606e-01 4231 1.144229e+02 1.095764e+02 -5.321968e+00 1.184379e+01
2.851157e-01 4389 1.046301e+02 9.987341e+01 2.554883e+00 9.253457e+00
2.950080e-01 4717 1.008820e+02 9.598416e+01 7.051755e+00 2.750815e+00
3.050474e-01 5191 9.627260e+01 9.127863e+01 -1.556831e+00 5.293158e+00
3.151078e-01 5373 8.963797e+01 8.468726e+01 -3.562809e+00 6.493720e-01
3.251295e-01 5893 8.499602e+01 8.000452e+01 1.695811e+00 6.128944e-01
3.352591e-01 6183 7.968225e+01 7.471615e+01 -1.392520e+00 2.263344e+00
3.451640e-01 6349 7.554037e+01 7.055882e+01 2.846336e+00 3.018488e+00
3.550965e-01 6993 7.112681e+01 6.617402e+01 -2.637058e+00 -3.892487e+00
3.649687e-01 7003 6.746852e+01 6.251407e+01 -1.005339e+00 4.231831e+00
3.749450e-01 7941 6.367266e+01 5.874691e+01 1.290156e+00 -8.517593e-01
3.851630e-01 8221 6.092631e+01 5.596219e+01 -1.576998e+00 -3.165457e+00
3.951752e-01 8449 5.838683e+01 5.338757e+01 -2.688418e-01 3.749638e+00
4.050872e-01 8931 5.524678e+01 5.028889e+01 1.639018e+00 -1.048909e+00
4.149904e-01 9289 5.375968e+01 4.870640e+01 -3.778836e-01 9.264205e-01
4.250484e-01 10113 5.118554e+01 4.615059e+01 9.201727e-01 -2.588243e+00
4.350196e-01 10087 4.967509e+01 4.456911e+01 -2.466046e+00 3.852901e-01
4.449689e-01 10998 4.677469e+01 4.175490e+01 -8.425698e-01 -1.539273e-01
4.550136e-01 11233 4.543365e+01 4.034729e+01 -1.459422e+00 1.131578e+00
4.650240e-01 11991 4.332609e+01 3.827175e+01 -1.057803e+00 5.645201e-02
4.750600e-01 12241 4.216928e+01 3.704900e+01 5.848091e-01 2.898681e-01
4.850824e-01 13033 4.046022e+01 3.535163e+01 -1.097594e+00 8.963170e-01
4.950626e-01 13227 3.874511e+01 3.366263e+01 -1.566195e-01 -5.674255e-01
5.050218e-01 13993 3.716471e+01 3.210417e+01 6.944842e-01 -8.275235e-01
5.149626e-01 14301 3.575084e+01 3.070394e+01 6.783538e-02 1.244952e+00
5.249789e-01 15355 3.457095e+01 2.951153e+01 -1.299130e+00 -3.821541e-01
5.350486e-01 15585 3.287572e+01 2.789281e+01 -4.262267e-02 -1.429803e-01
5.451135e-01 16549 3.269965e+01 2.756959e+01 -7.160740e-02 -3.229596e-02
5.551181e-01 16587 3.106576e+01 2.602660e+01 5.216317e-01 3.576372e-01
5.650424e-01 17461 3.016116e+01 2.510694e+01 1.208972e-03 6.858226e-02
5.750589e-01 18177 2.921196e+01 2.415691e+01 -7.306369e-02 5.480870e-01
5.850828e-01 18739 2.827659e+01 2.322739e+01 -1.018638e+00 -4.987722e-01
5.950416e-01 19165 2.749513e+01 2.243185e+01 1.452674e-01 -9.128888e-02
6.049746e-01 20013 2.688495e+01 2.178384e+01 5.432889e-01 9.107002e-01
6.149470e-01 20587 2.577552e+01 2.073818e+01 7.042183e-01 4.644091e-01
6.249968e-01 21657 2.521496e+01 2.014232e+01 -3.746853e-01 2.887270e-01
6.350666e-01 22129 2.433310e+01 1.929572e+01 -1.643167e-01 -3.577325e-01
6.450498e-01 22611 2.373454e+01 1.868247e+01 -4.527849e-01 6.390240e-01
6.549912e-01 23317 2.283260e+01 1.783836e+01 -1.957571e-01 3.997950e-01
6.649535e-01 24222 2.226383e+01 1.726216e+01 -1.577679e-01 -1.152045e-01
6.749660e-01 24943 2.155033e+01 1.657982e+01 2.501184e-01 -2.710094e-01
6.850252e-01 25921 2.104819e+01 1.606527e+01 -2.312016e-01 5.495697e-01
6.950284e-01 26253 2.073544e+01 1.569985e+01 1.243321e-01 3.768801e-01
7.049900e-01 27139 2.009057e+01 1.508986e+01 -1.789933e-01 9.995875e-01
7.150256e-01 28185 1.956671e+01 1.457540e+01 2.115955e-01 1.809736e-01
7.250860e-01 28969 1.890111e+01 1.396175e+01 -5.062895e-01 -1.181322e-01
7.350183e-01 28887 1.886251e+01 1.381666e+01 -4.772937e-01 7.173641e-01
7.450018e-01 30937 1.841650e+01 1.337482e+01 -4.227612e-03 1.978163e-01
7.551045e-01 31341 1.783539e+01 1.283924e+01 7.041017e-02 5.002809e-01
7.650666e-01 31555 1.740352e+01 1.241884e+01 6.284683e-03 6.320444e-01
7.750154e-01 33025 1.720419e+01 1.216787e+01 4.224745e-02 -5.067473e-02
7.850634e-01 33921 1.647916e+01 1.154956e+01 8.449880e-02 6.006058e-01
7.950596e-01 34285 1.611435e+01 1.119061e+01 -8.904626e-02 3.295741e-01
8.050450e-01 35703 1.569819e+01 1.080082e+01 -3.687482e-01 -4.289685e-02
8.150563e-01 36205 1.541289e+01 1.050530e+01 -1.067456e-01 -3.076243e-01
8.250795e-01 37485 1.507358e+01 1.017650e+01 2.475048e-01 4.999343e-01
8.350885e-01 38047 1.467716e+01 9.813491e+00 1.160930e-01 1.258581e-01
8.450499e-01 38913 1.457846e+01 9.653256e+00 -1.522646e-01 2.308234e-01
8.550252e-01 39853 1.411534e+01 9.254788e+00 4.717010e-02 3.374205e-01
8.650455e-01 41367 1.401206e+01 9.095529e+00 -1.210877e-02 1.390575e-01
8.750680e-01 41617 1.368766e+01 8.795222e+00 1.112413e-01 2.221407e-01
8.849916e-01 42430 1.338218e+01 8.512217e+00 -4.897538e-02 1.937966e-01
8.949944e-01 44367 1.303884e+01 8.208436e+00 -2.578261e-02 -6.285487e-02
9.050336e-01 44569 1.283937e+01 7.998205e+00 2.846504e-01 3.949273e-01
9.150411e-01 46089 1.259800e+01 7.765481e+00 -1.193047e-01 2.653877e-01
9.250625e-01 46819 1.237430e+01 7.546147e+00 -4.545180e-02 2.517017e-01
9.350607e-01 47793 1.201664e+01 7.249217e+00 -7.433777e-02 5.960245e-02
9.450463e-01 48697 1.198594e+01 7.152200e+00 3.861014e-02 4.860483e-02
9.549734e-01 49443 1.170616e+01 6.909085e+00 -6.913149e-02 5.352054e-01
9.649510e-01 51097 1.144679e+01 6.681414e+00 -9.327681e-02 1.860040e-01
9.750082e-01 52453 1.125684e+01 6.496280e+00 2.549049e-01 2.947096e-01
9.850290e-01 52947 1.099324e+01 6.272423e+00 1.723092e-01 8.236519e-02
9.950258e-01 54193 1.083042e+01 6.108879e+00 -5.533420e-02 4.166019e-01
