# nc 324
# boxsize 6.000000e+02
# nbar 0.000000e+00
1.483274e-02 13 1.070719e+04 1.070609e+04 3.160484e+03 2.743903e+04
2.513187e-02 33 1.939014e+04 1.938326e+04 -5.809164e+03 -2.914291e+03
3.574650e-02 79 1.105013e+04 1.104212e+04 -4.982004e+02 3.433845e+02
4.583347e-02 105 7.439771e+03 7.430923e+03 7.433382e+02 2.320188e+03
5.486964e-02 145 7.332457e+03 7.319771e+03 3.849363e+01 -8.525262e+02
6.471857e-02 243 5.821141e+03 5.807279e+03 7.946911e+02 -2.716520e+03
7.503996e-02 313 5.346369e+03 5.329277e+03 2.493477e+02 8.494795e+02
8.485495e-02 369 4.294412e+03 4.276749e+03 8.906736e+02 -1.568306e+02
9.528688e-02 571 3.332646e+03 3.315505e+03 4.727101e+02 -6.612150e+02
1.059290e-01 601 2.889745e+03 2.871299e+03 1.275293e+02 -8.948774e+01
1.156806e-01 705 2.564853e+03 2.545286e+03 7.188351e+01 2.683257e+02
1.255756e-01 883 2.392683e+03 2.371266e+03 1.270187e+02 -2.264739e+02
1.352378e-01 909 2.229836e+03 2.206688e+03 -6.849150e+01 -4.042299e+00
1.449493e-01 1177 1.889720e+03 1.867210e+03 -1.691399e+01 -1.983766e+02
1.550659e-01 1323 1.604011e+03 1.582118e+03 1.541190e+02 -2.465931e+02
1.649601e-01 1453 1.546212e+03 1.522348e+03 5.941843e+01 1.819129e+01
1.749597e-01 1701 1.379766e+03 1.355853e+03 8.117596e+01 2.163744e+01
1.852437e-01 1963 1.344066e+03 1.317961e+03 1.090519e+02 1.102113e+01
1.951071e-01 1933 1.216810e+03 1.190630e+03 -5.243285e+01 9.128187e+01
2.049888e-01 2397 1.105073e+03 1.078860e+03 -3.692944e+00 5.994510e+01
2.151844e-01 2539 1.028218e+03 1.001365e+03 -2.356691e+01 -1.542398e+02
2.250745e-01 2694 9.655691e+02 9.379960e+02 3.329221e+00 4.067120e+01
2.350927e-01 3121 9.194410e+02 8.907991e+02 5.748336e+01 7.127140e+00
2.451974e-01 3255 8.807004e+02 8.509438e+02 -3.023982e+01 1.512383e+01
2.550872e-01 3517 8.102154e+02 7.806080e+02 6.099807e+01 -1.994218e+01
2.649947e-01 3813 7.666063e+02 7.364271e+02 -2.650283e+01 -8.133473e+01
2.750606e-01 4231 7.152552e+02 6.849557e+02 2.452805e+01 5.791548e+00
2.851157e-01 4389 6.709105e+02 6.404143e+02 1.594642e+01 3.266166e+01
2.950080e-01 4717 6.527656e+02 6.210552e+02 -8.893284e+00 -2.897049e+01
3.050474e-01 5191 6.347466e+02 6.018282e+02 -1.617601e+01 3.006359e+00
3.151078e-01 5373 6.049476e+02 5.715242e+02 1.095060e+01 2.368801e+01
3.251295e-01 5893 5.731046e+02 5.394543e+02 1.774714e+01 -4.119001e+00
3.352591e-01 6183 5.405549e+02 5.068536e+02 2.668410e+00 5.017383e-01
3.451640e-01 6349 5.214734e+02 4.870807e+02 4.442748e+00 -1.583966e+00
3.550965e-01 6993 4.988251e+02 4.640633e+02 -6.935932e+00 -8.913207e+00
3.649687e-01 7003 4.817171e+02 4.463338e+02 2.485667e+00 3.647646e+01
3.749450e-01 7941 4.509806e+02 4.160879e+02 -1.714589e+01 -3.017496e+01
3.851630e-01 8221 4.400412e+02 4.041996e+02 8.566983e-01 -3.290781e+01
3.951752e-01 8449 4.349096e+02 3.976841e+02 1.363870e+01 2.823910e+01
4.050872e-01 8931 4.233492e+02 3.853633e+02 -1.124122e+01 7.628752e+00
4.149904e-01 9289 4.044434e+02 3.664248e+02 -6.404696e+00 2.737628e+01
4.250484e-01 10113 3.899339e+02 3.515702e+02 -5.454991e+00 -1.978246e+01
4.350196e-01 10087 3.719345e+02 3.336993e+02 -4.254319e+00 -6.320723e+00
4.449689e-01 10998 3.669836e+02 3.276058e+02 2.760356e+00 -8.908799e-01
4.550136e-01 11233 3.621580e+02 3.216067e+02 -8.719410e+00 -2.264808e+00
4.650240e-01 11991 3.445789e+02 3.043935e+02 4.147604e+00 -4.291529e+00
4.750600e-01 12241 3.368275e+02 2.959316e+02 -1.270640e+01 -8.814308e+00
4.850824e-01 13033 3.350447e+02 2.927337e+02 3.853585e+00 -1.993246e+01
4.950626e-01 13227 3.223404e+02 2.800510e+02 8.087003e+00 -1.927821e+01
5.050218e-01 13993 3.157823e+02 2.727759e+02 2.091747e+00 1.214161e+00
5.149626e-01 14301 3.035925e+02 2.607268e+02 1.669949e+00 -1.661168e+01
5.249789e-01 15355 2.960150e+02 2.526987e+02 8.386811e+00 -2.998965e+00
5.350486e-01 15585 2.916951e+02 2.474823e+02 -1.576968e+00 1.661785e+01
5.451135e-01 16549 2.847646e+02 2.400941e+02 -2.638966e+00 7.719782e+00
5.551181e-01 16587 2.769890e+02 2.320570e+02 3.201846e+00 4.141212e+00
5.650424e-01 17461 2.738059e+02 2.279210e+02 1.239099e+00 5.289315e+00
5.750589e-01 18177 2.643849e+02 2.186340e+02 3.725250e+00 5.479950e+00
5.850828e-01 18739 2.574162e+02 2.114461e+02 2.083611e+00 -4.483750e+00
5.950416e-01 19165 2.547195e+02 2.078198e+02 6.017498e+00 7.160899e+00
6.049746e-01 20013 2.492488e+02 2.019529e+02 4.067705e+00 -3.135647e+00
6.149470e-01 20587 2.441489e+02 1.964410e+02 7.078627e+00 -5.635612e+00
6.249968e-01 21657 2.404238e+02 1.920531e+02 -6.038434e+00 -2.673896e+00
6.350666e-01 22129 2.374340e+02 1.882758e+02 1.227695e+00 2.180712e+00
6.450498e-01 22611 2.321102e+02 1.827029e+02 1.315764e+00 1.266257e+00
6.549912e-01 23317 2.267916e+02 1.771859e+02 3.482407e+00 -6.525377e+00
6.649535e-01 24222 2.231742e+02 1.730380e+02 2.919178e+00 1.285190e+00
6.749660e-01 24943 2.198688e+02 1.691521e+02 1.589600e+00 -9.775059e-01
6.850252e-01 25921 2.180486e+02 1.664292e+02 -4.112502e+00 4.398335e-01
6.950284e-01 26253 2.124128e+02 1.608362e+02 4.493181e+00 -5.737293e-01
7.049900e-01 27139 2.093292e+02 1.572244e+02 -2.885291e+00 7.635029e+00
7.150256e-01 28185 2.075272e+02 1.545900e+02 4.021177e+00 2.420502e+00
7.250860e-01 28969 2.024506e+02 1.495439e+02 4.160246e+00 1.901567e+00
7.350183e-01 28887 2.004936e+02 1.468577e+02 5.544339e+00 3.561263e+00
7.450018e-01 30937 1.982395e+02 1.439688e+02 -6.412114e-01 3.426767e+00
7.551045e-01 31341 1.936663e+02 1.394201e+02 6.587152e-01 4.164255e+00
7.650666e-01 31555 1.903383e+02 1.358233e+02 1.828156e+00 1.822678e+00
7.750154e-01 33025 1.873556e+02 1.325128e+02 1.107090e+00 7.894926e-01
7.850634e-01 33921 1.834486e+02 1.285709e+02 2.132637e+00 5.515552e+00
7.950596e-01 34285 1.841701e+02 1.278985e+02 6.755766e+00 1.047470e-01
8.050450e-01 35703 1.809440e+02 1.244992e+02 1.349949e+00 2.635122e+00
8.150563e-01 36205 1.767991e+02 1.205019e+02 -3.570410e+00 3.390349e+00
8.250795e-01 37485 1.755106e+02 1.184880e+02 3.391536e+00 3.595943e-01
8.350885e-01 38047 1.734424e+02 1.159661e+02 2.261758e+00 1.086695e+00
8.450499e-01 38913 1.720346e+02 1.139117e+02 8.705056e-01 2.733397e+00
8.550252e-01 39853 1.696644e+02 1.112418e+02 -1.696264e+00 1.782837e+00
8.650455e-01 41367 1.663650e+02 1.079917e+02 3.012789e+00 -2.439774e-01
8.750680e-01 41617 1.639802e+02 1.053705e+02 -1.285279e+00 1.487684e+00
8.849916e-01 42430 1.626429e+02 1.034540e+02 1.063973e+00 3.676522e+00
8.949944e-01 44367 1.608552e+02 1.012613e+02 3.044767e+00 -3.318782e-02
9.050336e-01 44569 1.589795e+02 9.903635e+01 2.503106e+00 2.162769e+00
9.150411e-01 46089 1.569313e+02 9.672862e+01 5.191571e-03 3.885311e+00
9.250625e-01 46819 1.555929e+02 9.488158e+01 1.227594e-01 2.272063e+00
9.350607e-01 47793 1.531239e+02 9.237305e+01 3.196490e+00 -8.130817e-01
9.450463e-01 48697 1.514121e+02 9.034849e+01 3.810970e+00 2.146649e+00
9.549734e-01 49443 1.501157e+02 8.860180e+01 3.438751e+00 -2.591108e-01
9.649510e-01 51097 1.484934e+02 8.667455e+01 1.904695e+00 -8.141556e-01
9.750082e-01 52453 1.462092e+02 8.437791e+01 1.942656e-01 -1.173182e+00
9.850290e-01 52947 1.444822e+02 8.243652e+01 1.960949e+00 -2.384465e+00
9.950258e-01 54193 1.447671e+02 8.165687e+01 1.509454e-01 2.819285e+00
