# nc 324
# boxsize 6.000000e+02
# nbar 0.000000e+00
1.483274e-02 13 1.068583e+04 1.068423e+04 -4.364797e+03 -1.212404e+04
2.513187e-02 33 1.572071e+04 1.571537e+04 -4.675345e+03 1.470268e+04
3.574650e-02 79 9.053895e+03 9.047297e+03 8.663154e+02 6.619395e+01
4.583347e-02 105 7.070117e+03 7.061625e+03 2.903862e+03 1.621550e+03
5.486964e-02 145 6.372540e+03 6.361628e+03 -8.891146e+01 1.895284e+03
6.471857e-02 243 5.914637e+03 5.900667e+03 -1.478561e+03 6.025711e+02
7.503996e-02 313 5.705830e+03 5.687591e+03 -1.933987e+03 1.061407e+02
8.485495e-02 369 4.175058e+03 4.157947e+03 1.155588e+03 7.669011e+02
9.528688e-02 571 3.307274e+03 3.290144e+03 3.390356e+02 -6.773032e+01
1.059290e-01 601 3.028989e+03 3.009713e+03 2.961807e+02 -8.667345e+01
1.156806e-01 705 2.756400e+03 2.735451e+03 2.295266e+02 3.041828e+02
1.255756e-01 883 2.531887e+03 2.509167e+03 5.673354e+01 -1.856738e+02
1.352378e-01 909 2.025311e+03 2.004267e+03 1.277608e+02 -2.228536e+01
1.449493e-01 1177 1.987529e+03 1.963866e+03 -5.711472e+01 1.688418e+02
1.550659e-01 1323 1.677476e+03 1.654600e+03 -4.148855e+01 -5.479362e+02
1.649601e-01 1453 1.537753e+03 1.514060e+03 8.275738e+01 4.955621e+01
1.749597e-01 1701 1.473276e+03 1.447716e+03 -9.347163e+01 -1.471305e+02
1.852437e-01 1963 1.376984e+03 1.350242e+03 1.125131e+02 -1.536005e+02
1.951071e-01 1933 1.187808e+03 1.162243e+03 -1.063039e+02 6.107395e+01
2.049888e-01 2397 1.129137e+03 1.102357e+03 6.766738e+01 -1.726849e+01
2.151844e-01 2539 1.015134e+03 9.886106e+02 -1.224307e+01 -1.191677e+02
2.250745e-01 2694 9.698894e+02 9.421929e+02 4.198816e+01 5.597543e+00
2.350927e-01 3121 9.217204e+02 8.930413e+02 1.875397e+00 -2.043980e+01
2.451974e-01 3255 8.767647e+02 8.471213e+02 1.682636e+01 -4.507516e+01
2.550872e-01 3517 7.850909e+02 7.563961e+02 3.188066e+01 7.290742e+01
2.649947e-01 3813 7.557697e+02 7.260173e+02 2.744422e+01 1.334099e+01
2.750606e-01 4231 7.204238e+02 6.898971e+02 4.339501e+01 7.232204e+01
2.851157e-01 4389 6.761325e+02 6.453961e+02 2.769978e+01 -1.359784e+01
2.950080e-01 4717 6.536234e+02 6.218608e+02 1.211745e+01 -6.330598e+00
3.050474e-01 5191 6.210533e+02 5.888377e+02 5.489723e+00 8.604505e+00
3.151078e-01 5373 5.770881e+02 5.451995e+02 -1.951906e+00 2.556813e+01
3.251295e-01 5893 5.743336e+02 5.406106e+02 1.256595e+01 1.113922e+01
3.352591e-01 6183 5.480170e+02 5.138535e+02 -9.717544e-01 1.970655e+01
3.451640e-01 6349 5.237184e+02 4.891783e+02 3.239081e-01 3.778942e+01
3.550965e-01 6993 5.061670e+02 4.709071e+02 -6.000099e+00 -9.152017e+00
3.649687e-01 7003 4.860384e+02 4.503348e+02 1.315395e+01 1.853080e+01
3.749450e-01 7941 4.686826e+02 4.324181e+02 2.101191e+00 -1.351434e+01
3.851630e-01 8221 4.487935e+02 4.122077e+02 -5.365022e+00 -2.322345e+01
3.951752e-01 8449 4.370327e+02 3.996209e+02 1.319912e+01 1.052106e+01
4.050872e-01 8931 4.231749e+02 3.851874e+02 6.985998e+00 -1.009353e+01
4.149904e-01 9289 4.121611e+02 3.734239e+02 6.666953e+00 1.041952e+01
4.250484e-01 10113 3.917245e+02 3.531902e+02 1.319190e+01 -9.020396e+00
4.350196e-01 10087 3.767811e+02 3.380420e+02 1.173583e+01 2.049615e+01
4.449689e-01 10998 3.651635e+02 3.259663e+02 1.136261e+01 4.365579e+00
4.550136e-01 11233 3.647650e+02 3.239252e+02 -6.107594e+00 -2.876471e+00
4.650240e-01 11991 3.507952e+02 3.098751e+02 8.701058e+00 -8.923610e+00
4.750600e-01 12241 3.422178e+02 3.006676e+02 -2.318522e+00 1.211519e+01
4.850824e-01 13033 3.359228e+02 2.934994e+02 -9.941989e+00 -9.434105e-01
4.950626e-01 13227 3.242001e+02 2.816634e+02 -1.129636e+00 -1.987218e+01
5.050218e-01 13993 3.148240e+02 2.719568e+02 3.742610e+00 2.540415e+00
5.149626e-01 14301 3.072283e+02 2.638444e+02 -2.122612e-01 -5.648605e+00
5.249789e-01 15355 2.989323e+02 2.551861e+02 -1.136301e+00 -3.117197e+00
5.350486e-01 15585 2.908694e+02 2.467831e+02 1.206054e+01 2.588419e+00
5.451135e-01 16549 2.891275e+02 2.437711e+02 -2.322553e+00 -7.433792e+00
5.551181e-01 16587 2.802592e+02 2.347948e+02 -2.872305e+00 1.381635e+01
5.650424e-01 17461 2.764243e+02 2.301004e+02 2.608550e+00 -5.840403e+00
5.750589e-01 18177 2.720208e+02 2.249535e+02 1.578613e+00 -3.944633e+00
5.850828e-01 18739 2.667887e+02 2.191498e+02 -4.988937e-01 9.336041e-01
5.950416e-01 19165 2.586654e+02 2.110363e+02 2.414809e+00 -1.583608e+00
6.049746e-01 20013 2.563026e+02 2.076703e+02 -3.628111e+00 3.528290e+00
6.149470e-01 20587 2.499217e+02 2.010824e+02 4.523014e+00 -7.995558e+00
6.249968e-01 21657 2.460691e+02 1.965664e+02 5.444543e-02 5.412883e+00
6.350666e-01 22129 2.417841e+02 1.917301e+02 5.957999e+00 4.690972e-01
6.450498e-01 22611 2.331344e+02 1.835079e+02 2.435263e+00 -2.163249e+00
6.549912e-01 23317 2.312782e+02 1.806867e+02 9.391134e-01 6.191899e+00
6.649535e-01 24222 2.276361e+02 1.764936e+02 9.177999e+00 -1.783639e+00
6.749660e-01 24943 2.252890e+02 1.733248e+02 1.369689e+00 8.017663e+00
6.850252e-01 25921 2.196080e+02 1.676200e+02 -3.138911e-01 -7.087090e+00
6.950284e-01 26253 2.208184e+02 1.672005e+02 -1.252031e+00 5.734361e+00
7.049900e-01 27139 2.119828e+02 1.592213e+02 4.804358e+00 1.973525e+00
7.150256e-01 28185 2.093764e+02 1.559674e+02 2.622487e+00 7.650010e-02
7.250860e-01 28969 2.089132e+02 1.543235e+02 -3.323527e+00 -6.087696e-01
7.350183e-01 28887 2.036827e+02 1.491961e+02 -4.308142e-01 -2.952774e+00
7.450018e-01 30937 2.012920e+02 1.461849e+02 4.056132e+00 5.710230e+00
7.551045e-01 31341 1.966521e+02 1.415660e+02 2.487643e-01 1.150575e+00
7.650666e-01 31555 1.950684e+02 1.392028e+02 5.647527e+00 3.571627e-01
7.750154e-01 33025 1.921044e+02 1.358719e+02 1.409608e+00 -1.908270e+00
7.850634e-01 33921 1.893984e+02 1.327410e+02 -5.835451e-01 4.395083e+00
7.950596e-01 34285 1.866216e+02 1.296015e+02 -3.146163e-01 -1.680475e-01
8.050450e-01 35703 1.832741e+02 1.261025e+02 6.509783e-01 -3.357351e+00
8.150563e-01 36205 1.807696e+02 1.232107e+02 5.871983e-01 -1.792065e+00
8.250795e-01 37485 1.783668e+02 1.204193e+02 -1.560774e+00 5.740338e-02
8.350885e-01 38047 1.762320e+02 1.178299e+02 1.421171e+00 -2.728931e-01
8.450499e-01 38913 1.733338e+02 1.147742e+02 1.886369e+00 1.966615e+00
8.550252e-01 39853 1.741422e+02 1.141770e+02 -1.689560e+00 4.087066e-01
8.650455e-01 41367 1.703400e+02 1.105722e+02 3.260026e+00 1.624601e+00
8.750680e-01 41617 1.680657e+02 1.079973e+02 -4.817688e+00 -5.952142e+00
8.849916e-01 42430 1.643751e+02 1.045555e+02 -3.268061e+00 4.063035e-01
8.949944e-01 44367 1.645950e+02 1.036196e+02 2.223398e+00 2.276299e+00
9.050336e-01 44569 1.614972e+02 1.006032e+02 -5.624703e-01 -5.057888e-01
9.150411e-01 46089 1.606256e+02 9.900745e+01 8.272040e-01 3.326765e-01
9.250625e-01 46819 1.568917e+02 9.567605e+01 1.528556e+00 6.330379e-01
9.350607e-01 47793 1.570560e+02 9.474611e+01 -1.592004e-01 -1.286767e+00
9.450463e-01 48697 1.533722e+02 9.151801e+01 9.490006e-01 1.365909e+00
9.549734e-01 49443 1.530920e+02 9.035928e+01 1.482758e+00 -1.624798e+00
9.649510e-01 51097 1.515161e+02 8.843927e+01 -3.322618e+00 -2.909191e+00
9.750082e-01 52453 1.492413e+02 8.612794e+01 -1.247471e+00 -2.106368e+00
9.850290e-01 52947 1.469202e+02 8.382822e+01 -1.825950e-01 -1.096677e+00
9.950258e-01 54193 1.472239e+02 8.304228e+01 -3.249228e+00 1.656941e-01
