# nc 324
# boxsize 6.000000e+02
# nbar 0.000000e+00
1.483274e-02 13 2.256770e+04 2.256537e+04 -1.625659e+04 3.015505e+04
2.513187e-02 33 1.461292e+04 1.460802e+04 -2.449873e+03 1.911229e+04
3.574650e-02 79 1.107647e+04 1.106846e+04 1.541714e+03 -3.610165e+03
4.583347e-02 105 8.163485e+03 8.153854e+03 -6.821642e+02 7.007908e+03
5.486964e-02 145 6.894975e+03 6.883270e+03 -9.884071e+02 -1.014933e+03
6.471857e-02 243 5.997728e+03 5.983434e+03 -3.603023e+02 8.271145e+02
7.503996e-02 313 5.341062e+03 5.323929e+03 -3.218001e+02 -3.380444e+02
8.485495e-02 369 4.052424e+03 4.035802e+03 -3.324881e+02 1.596388e+03
9.528688e-02 571 3.430497e+03 3.412711e+03 6.976041e+01 5.115303e+02
1.059290e-01 601 2.970034e+03 2.951045e+03 -3.667285e+02 1.311515e+02
1.156806e-01 705 2.751745e+03 2.730792e+03 -1.305082e+02 -4.202827e+01
1.255756e-01 883 2.456248e+03 2.434206e+03 9.396629e+01 -2.265651e+02
1.352378e-01 909 2.353688e+03 2.329242e+03 -2.210480e+01 -8.657981e+01
1.449493e-01 1177 1.790612e+03 1.769250e+03 -2.140957e+02 -1.952216e+01
1.550659e-01 1323 1.665997e+03 1.643301e+03 7.807674e+01 -2.675744e+02
1.649601e-01 1453 1.597112e+03 1.572475e+03 6.009107e+01 -5.209268e+01
1.749597e-01 1701 1.454549e+03 1.429334e+03 -1.444966e+02 -1.441285e+02
1.852437e-01 1963 1.304990e+03 1.279626e+03 6.334270e+01 -3.987991e+01
1.951071e-01 1933 1.273133e+03 1.245751e+03 -9.276966e+01 4.450858e+01
2.049888e-01 2397 1.118573e+03 1.092013e+03 -2.265843e+01 -6.018098e+01
2.151844e-01 2539 1.066760e+03 1.038876e+03 -2.828891e+01 -1.193219e+02
2.250745e-01 2694 9.793091e+02 9.513550e+02 3.381861e+01 3.381175e+01
2.350927e-01 3121 8.994117e+02 8.714156e+02 1.168931e+01 -2.904562e+01
2.451974e-01 3255 8.595829e+02 8.305310e+02 -3.579079e+01 -4.288189e+01
2.550872e-01 3517 8.196576e+02 7.896919e+02 -4.172129e+01 4.429453e+01
2.649947e-01 3813 7.807736e+02 7.500191e+02 -4.862534e+00 -1.039282e+02
2.750606e-01 4231 7.304821e+02 6.995638e+02 -5.490749e+00 3.039032e+01
2.851157e-01 4389 6.837606e+02 6.526833e+02 -4.346729e+01 1.083574e+01
2.950080e-01 4717 6.561680e+02 6.242863e+02 -5.051255e+01 -9.031106e+00
3.050474e-01 5191 6.343698e+02 6.014599e+02 -4.537511e+01 -2.629617e+01
3.151078e-01 5373 5.958371e+02 5.629098e+02 -3.558284e+01 -1.019477e+01
3.251295e-01 5893 5.765774e+02 5.427279e+02 -1.554522e+01 -3.774557e+01
3.352591e-01 6183 5.523287e+02 5.179250e+02 -2.399366e+01 -1.305145e+01
3.451640e-01 6349 5.285925e+02 4.937259e+02 -8.992595e+00 -1.120964e+01
3.550965e-01 6993 5.177742e+02 4.817048e+02 3.333130e+01 -4.154691e+01
3.649687e-01 7003 4.900788e+02 4.540934e+02 -1.360584e+01 -1.399990e+01
3.749450e-01 7941 4.683586e+02 4.321177e+02 -1.798793e+01 7.969535e+00
3.851630e-01 8221 4.620857e+02 4.244372e+02 1.272099e+01 -7.402622e+00
3.951752e-01 8449 4.543476e+02 4.154527e+02 -1.186974e+01 2.064481e+01
4.050872e-01 8931 4.232702e+02 3.852782e+02 -6.153836e+00 -2.699933e+01
4.149904e-01 9289 4.180272e+02 3.787389e+02 -1.865641e+01 9.931533e+00
4.250484e-01 10113 4.005431e+02 3.611472e+02 3.499405e+00 6.830974e+00
4.350196e-01 10087 3.900468e+02 3.499534e+02 -1.601940e+01 -1.065246e+01
4.449689e-01 10998 3.812900e+02 3.403751e+02 2.323948e+00 9.118972e+00
4.550136e-01 11233 3.613114e+02 3.208561e+02 -4.373505e+00 1.049536e+01
4.650240e-01 11991 3.541544e+02 3.128399e+02 -2.677454e-01 -3.104384e+00
4.750600e-01 12241 3.415188e+02 3.000521e+02 1.752312e+00 2.705272e+01
4.850824e-01 13033 3.357107e+02 2.933210e+02 -1.026890e+01 2.102704e+01
4.950626e-01 13227 3.301078e+02 2.867993e+02 -1.131273e+01 2.704380e+00
5.050218e-01 13993 3.151226e+02 2.722162e+02 -2.114557e+00 -1.274063e+01
5.149626e-01 14301 3.136259e+02 2.693431e+02 -2.149685e+01 1.359817e+01
5.249789e-01 15355 3.024355e+02 2.581852e+02 -3.595095e+00 4.389410e+00
5.350486e-01 15585 2.965641e+02 2.516111e+02 -4.029793e+00 3.354545e+00
5.451135e-01 16549 2.915411e+02 2.458038e+02 -1.058173e+01 1.069734e+00
5.551181e-01 16587 2.820254e+02 2.362771e+02 -2.005948e+00 1.432018e+00
5.650424e-01 17461 2.800830e+02 2.331509e+02 -4.556211e+00 2.310158e+00
5.750589e-01 18177 2.728664e+02 2.256504e+02 -8.664793e+00 6.934603e+00
5.850828e-01 18739 2.700585e+02 2.218316e+02 -6.320166e+00 -2.527422e+00
5.950416e-01 19165 2.619701e+02 2.137236e+02 -1.297107e+01 -1.130878e+01
6.049746e-01 20013 2.559980e+02 2.074260e+02 -8.543120e+00 2.810683e+00
6.149470e-01 20587 2.492026e+02 2.005074e+02 -2.823087e+00 2.195930e+00
6.249968e-01 21657 2.455049e+02 1.961118e+02 -5.559008e+00 7.373702e-01
6.350666e-01 22129 2.424475e+02 1.922498e+02 -7.271819e+00 1.990804e+00
6.450498e-01 22611 2.412785e+02 1.899204e+02 -2.213091e+00 2.104783e+00
6.549912e-01 23317 2.356411e+02 1.840973e+02 -1.031186e+01 -5.048488e-01
6.649535e-01 24222 2.300618e+02 1.783786e+02 -3.733448e+00 1.530825e+00
6.749660e-01 24943 2.288955e+02 1.760967e+02 -2.182665e-01 7.906269e+00
6.850252e-01 25921 2.211816e+02 1.688234e+02 -1.720040e+00 -2.492093e+00
6.950284e-01 26253 2.180246e+02 1.650849e+02 -2.399584e+00 9.843395e+00
7.049900e-01 27139 2.150387e+02 1.615142e+02 -5.592698e+00 5.889581e+00
7.150256e-01 28185 2.140872e+02 1.594766e+02 -1.798991e+00 1.666603e+00
7.250860e-01 28969 2.076451e+02 1.533869e+02 -1.801683e+00 2.115463e+00
7.350183e-01 28887 2.064894e+02 1.512518e+02 -1.291146e+00 -1.283223e+00
7.450018e-01 30937 2.038393e+02 1.480346e+02 -2.687400e+00 8.077491e+00
7.551045e-01 31341 1.998571e+02 1.438764e+02 2.126600e-01 2.236052e+00
7.650666e-01 31555 1.976450e+02 1.410343e+02 -1.596820e+00 7.826824e+00
7.750154e-01 33025 1.960046e+02 1.386264e+02 6.438662e-01 -2.200931e-01
7.850634e-01 33921 1.927742e+02 1.351066e+02 -5.189530e+00 3.913994e+00
7.950596e-01 34285 1.900165e+02 1.319584e+02 -5.103122e+00 4.185864e+00
8.050450e-01 35703 1.865358e+02 1.283441e+02 -6.124442e+00 1.095530e+00
8.150563e-01 36205 1.825134e+02 1.243992e+02 -3.037362e+00 -4.360182e+00
8.250795e-01 37485 1.813140e+02 1.224075e+02 -3.382781e+00 -1.336435e+00
8.350885e-01 38047 1.809588e+02 1.209903e+02 1.248472e+00 3.338989e+00
8.450499e-01 38913 1.762781e+02 1.167188e+02 -1.443213e+00 6.191590e+00
8.550252e-01 39853 1.740631e+02 1.141243e+02 -3.914760e-03 7.018725e-01
8.650455e-01 41367 1.719348e+02 1.116051e+02 -1.721883e+00 -1.921478e-01
8.750680e-01 41617 1.699010e+02 1.091731e+02 -8.477737e-01 -1.884685e-01
8.849916e-01 42430 1.669077e+02 1.061699e+02 -1.016629e+00 1.867531e-01
8.949944e-01 44367 1.667561e+02 1.049810e+02 -2.350399e+00 -2.373670e+00
9.050336e-01 44569 1.631730e+02 1.016464e+02 -3.457081e+00 5.906558e+00
9.150411e-01 46089 1.629675e+02 1.004511e+02 -6.585507e-01 -1.844213e+00
9.250625e-01 46819 1.623948e+02 9.903186e+01 2.051389e-01 2.124064e-01
9.350607e-01 47793 1.582025e+02 9.543646e+01 -5.975404e-01 4.032407e+00
9.450463e-01 48697 1.566566e+02 9.347803e+01 -2.066097e+00 -4.328961e-02
9.549734e-01 49443 1.552783e+02 9.164713e+01 -1.429672e+00 -4.924011e-01
9.649510e-01 51097 1.526406e+02 8.909293e+01 -2.146066e+00 1.002319e+00
9.750082e-01 52453 1.524077e+02 8.795401e+01 -7.203793e-01 2.071318e+00
9.850290e-01 52947 1.493682e+02 8.522338e+01 -3.169693e+00 1.506757e+00
9.950258e-01 54193 1.480382e+02 8.350169e+01 -1.279292e+00 1.740665e+00
