# nc 324
# boxsize 6.000000e+02
# nbar 0.000000e+00
1.483274e-02 13 2.896569e+04 2.896198e+04 1.202119e+04 -4.680648e+04
2.513187e-02 33 1.651954e+04 1.651354e+04 -4.716570e+03 -9.050532e+03
3.574650e-02 79 9.369504e+03 9.362884e+03 2.200272e+02 -4.573425e+03
4.583347e-02 105 6.567396e+03 6.559581e+03 -1.233088e+03 1.385101e+02
5.486964e-02 145 6.154334e+03 6.143740e+03 1.720984e+03 4.462484e+02
6.471857e-02 243 5.549701e+03 5.536460e+03 -1.283544e+02 2.674580e+02
7.503996e-02 313 5.379125e+03 5.361798e+03 -4.978924e+02 7.364518e+02
8.485495e-02 369 4.200298e+03 4.183001e+03 1.613036e+02 6.364230e+02
9.528688e-02 571 3.278834e+03 3.261920e+03 -3.224246e+02 -2.026077e+02
1.059290e-01 601 2.968222e+03 2.949273e+03 3.548823e+01 -4.591032e+02
1.156806e-01 705 2.820803e+03 2.799270e+03 -6.054437e+01 -6.679613e+01
1.255756e-01 883 2.381606e+03 2.360219e+03 1.135798e+02 -1.363188e+02
1.352378e-01 909 2.134604e+03 2.112434e+03 1.029018e+01 -1.051451e+02
1.449493e-01 1177 1.981580e+03 1.957924e+03 -8.979738e+01 1.557472e+02
1.550659e-01 1323 1.674240e+03 1.651438e+03 3.604236e+01 -1.775539e+02
1.649601e-01 1453 1.531383e+03 1.507752e+03 4.720126e+01 -9.673447e+01
1.749597e-01 1701 1.380559e+03 1.356575e+03 1.992669e+01 -2.013499e+02
1.852437e-01 1963 1.340734e+03 1.314693e+03 2.766499e+01 -1.087314e+02
1.951071e-01 1933 1.205543e+03 1.179597e+03 1.785588e+01 3.916668e+01
2.049888e-01 2397 1.109543e+03 1.083232e+03 -6.575841e+01 -9.203999e+01
2.151844e-01 2539 1.068330e+03 1.040430e+03 -1.271928e+01 1.156475e+01
2.250745e-01 2694 9.821388e+02 9.540722e+02 8.910390e+01 8.358147e+01
2.350927e-01 3121 9.438187e+02 9.144516e+02 3.518402e+01 -9.966957e+01
2.451974e-01 3255 8.628642e+02 8.336857e+02 5.787371e+00 1.102114e+02
2.550872e-01 3517 8.093282e+02 7.797602e+02 -4.314990e+00 5.196737e+01
2.649947e-01 3813 7.616291e+02 7.316510e+02 4.008130e+01 -4.454079e+01
2.750606e-01 4231 7.322397e+02 7.012242e+02 -1.415583e+01 5.486895e+01
2.851157e-01 4389 6.829635e+02 6.519137e+02 1.812910e+01 5.093478e+01
2.950080e-01 4717 6.508950e+02 6.192847e+02 6.243626e+01 1.988091e+01
3.050474e-01 5191 6.119742e+02 5.802309e+02 5.601295e+00 7.782935e+01
3.151078e-01 5373 6.035532e+02 5.702172e+02 5.086504e+00 -2.416603e+01
3.251295e-01 5893 5.765910e+02 5.427305e+02 7.234342e-02 2.569683e+01
3.352591e-01 6183 5.514366e+02 5.170721e+02 1.698786e+01 3.871719e+00
3.451640e-01 6349 5.395326e+02 5.039549e+02 1.350606e+01 5.565221e+01
3.550965e-01 6993 5.111892e+02 4.755824e+02 1.028677e-01 -3.769958e+01
3.649687e-01 7003 4.889398e+02 4.530371e+02 -2.611722e+00 5.694352e+01
3.749450e-01 7941 4.654182e+02 4.294073e+02 5.474714e+00 4.340252e+00
3.851630e-01 8221 4.480379e+02 4.115252e+02 2.621741e-01 -1.062094e+01
3.951752e-01 8449 4.387789e+02 4.012169e+02 -6.968358e+00 8.902122e+00
4.050872e-01 8931 4.203718e+02 3.826489e+02 8.346463e+00 -1.617423e+01
4.149904e-01 9289 4.050999e+02 3.670233e+02 8.081806e-01 5.052246e+01
4.250484e-01 10113 3.962079e+02 3.572305e+02 -5.115302e+00 -1.777953e+01
4.350196e-01 10087 3.882166e+02 3.483041e+02 -5.068172e+00 -9.106207e+00
4.449689e-01 10998 3.764456e+02 3.360434e+02 -4.744582e+00 2.587389e+00
4.550136e-01 11233 3.702751e+02 3.288250e+02 -3.120276e+00 1.523404e+01
4.650240e-01 11991 3.558104e+02 3.143043e+02 1.153001e+01 4.168774e+00
4.750600e-01 12241 3.455743e+02 3.036125e+02 5.806979e+00 1.267842e+01
4.850824e-01 13033 3.377480e+02 2.950906e+02 -4.702997e-02 -8.177394e+00
4.950626e-01 13227 3.278526e+02 2.848388e+02 8.195029e+00 -7.728477e+00
5.050218e-01 13993 3.191685e+02 2.757035e+02 1.054051e+01 3.372697e+00
5.149626e-01 14301 3.127440e+02 2.685940e+02 7.110578e+00 1.554140e+01
5.249789e-01 15355 3.056845e+02 2.609561e+02 -6.114901e+00 6.552950e-01
5.350486e-01 15585 3.021903e+02 2.563825e+02 8.117553e-01 -9.776143e-01
5.451135e-01 16549 2.861419e+02 2.412520e+02 5.330803e+00 4.396658e+00
5.551181e-01 16587 2.832440e+02 2.372967e+02 1.710617e+00 -4.598158e-01
5.650424e-01 17461 2.800335e+02 2.331013e+02 -3.468146e-01 1.554663e+00
5.750589e-01 18177 2.703517e+02 2.235741e+02 3.021071e+00 6.846787e+00
5.850828e-01 18739 2.681842e+02 2.202915e+02 -2.833487e+00 2.448179e-01
5.950416e-01 19165 2.600252e+02 2.121470e+02 8.916776e+00 6.591155e+00
6.049746e-01 20013 2.526339e+02 2.046982e+02 1.760210e+00 -6.059400e+00
6.149470e-01 20587 2.501220e+02 2.012444e+02 2.112616e+00 -3.707808e+00
6.249968e-01 21657 2.466659e+02 1.970410e+02 7.596185e-01 5.872039e+00
6.350666e-01 22129 2.420009e+02 1.918954e+02 2.703596e+00 -2.254332e+00
6.450498e-01 22611 2.374672e+02 1.869163e+02 -2.136089e+00 4.002312e+00
6.549912e-01 23317 2.331517e+02 1.821535e+02 6.887329e+00 5.041656e+00
6.649535e-01 24222 2.302626e+02 1.785382e+02 1.860927e+00 5.925488e+00
6.749660e-01 24943 2.246525e+02 1.728298e+02 -2.789903e+00 7.680606e-01
6.850252e-01 25921 2.224236e+02 1.697701e+02 4.546268e+00 5.254241e+00
6.950284e-01 26253 2.167275e+02 1.641009e+02 1.270795e+00 1.039876e+01
7.049900e-01 27139 2.165816e+02 1.626733e+02 1.952443e+00 4.001705e+00
7.150256e-01 28185 2.119525e+02 1.578791e+02 -2.963991e+00 2.805026e+00
7.250860e-01 28969 2.079461e+02 1.536049e+02 2.307373e+00 3.772284e+00
7.350183e-01 28887 2.048062e+02 1.500223e+02 1.215974e+00 5.064752e+00
7.450018e-01 30937 2.005956e+02 1.456819e+02 -1.131532e+00 4.848905e+00
7.551045e-01 31341 1.988609e+02 1.431562e+02 -6.670029e-01 2.403225e+00
7.650666e-01 31555 1.970148e+02 1.405856e+02 3.633964e-01 6.061523e+00
7.750154e-01 33025 1.924724e+02 1.361342e+02 4.329652e+00 8.567733e-01
7.850634e-01 33921 1.906558e+02 1.336172e+02 9.478908e-01 4.645279e+00
7.950596e-01 34285 1.873178e+02 1.300840e+02 1.819841e+00 6.542708e+00
8.050450e-01 35703 1.854822e+02 1.276191e+02 2.551106e+00 5.529131e+00
8.150563e-01 36205 1.806649e+02 1.231421e+02 -7.067638e-01 -8.382478e-02
8.250795e-01 37485 1.805701e+02 1.219047e+02 2.867416e+00 8.395026e+00
8.350885e-01 38047 1.774359e+02 1.186367e+02 4.989101e+00 2.384152e+00
8.450499e-01 38913 1.747242e+02 1.156908e+02 1.146639e+00 1.577045e+00
8.550252e-01 39853 1.740374e+02 1.141074e+02 1.873319e+00 8.123734e+00
8.650455e-01 41367 1.713681e+02 1.112403e+02 2.193582e+00 3.850917e+00
8.750680e-01 41617 1.688842e+02 1.085203e+02 1.049756e+00 -3.968173e+00
8.849916e-01 42430 1.671100e+02 1.062957e+02 1.495675e+00 1.780979e+00
8.949944e-01 44367 1.656162e+02 1.042616e+02 2.959989e+00 3.551795e-01
9.050336e-01 44569 1.641164e+02 1.022348e+02 2.263832e+00 8.725217e+00
9.150411e-01 46089 1.617706e+02 9.971469e+01 -6.177862e-01 3.710559e+00
9.250625e-01 46819 1.587404e+02 9.680342e+01 1.916474e+00 1.165040e+00
9.350607e-01 47793 1.578934e+02 9.524792e+01 1.171141e+00 6.800193e+00
9.450463e-01 48697 1.558742e+02 9.301257e+01 7.122689e-01 1.872909e+00
9.549734e-01 49443 1.533722e+02 9.051923e+01 2.715381e+00 2.435714e+00
9.649510e-01 51097 1.527796e+02 8.917371e+01 1.243295e+00 -2.404333e-01
9.750082e-01 52453 1.506304e+02 8.693021e+01 -4.318877e-01 4.662103e+00
9.850290e-01 52947 1.487173e+02 8.485325e+01 3.685921e-01 2.389076e+00
9.950258e-01 54193 1.475558e+02 8.322720e+01 -2.574214e+00 6.241969e+00
