# nc 324
# boxsize 6.000000e+02
# nbar 0.000000e+00
1.483274e-02 13 1.709772e+04 1.709559e+04 8.373650e+03 -1.364729e+04
2.513187e-02 33 1.366440e+04 1.365961e+04 -3.990321e+03 6.655559e+03
3.574650e-02 79 9.636842e+03 9.629881e+03 1.600097e+03 -5.700584e+03
4.583347e-02 105 8.959804e+03 8.949100e+03 -4.122987e+02 -2.908987e+03
5.486964e-02 145 7.131666e+03 7.119467e+03 -2.111015e+02 3.085990e+03
6.471857e-02 243 6.019041e+03 6.004492e+03 1.516175e+03 -7.132237e+02
7.503996e-02 313 5.112264e+03 5.095885e+03 4.805225e+02 -4.108186e+02
8.485495e-02 369 4.323211e+03 4.305530e+03 -5.300883e+02 -9.088439e+02
9.528688e-02 571 3.290545e+03 3.273613e+03 -4.375567e+02 -9.414957e+00
1.059290e-01 601 2.999942e+03 2.980761e+03 9.653609e+01 4.486605e+02
1.156806e-01 705 2.795365e+03 2.774040e+03 4.799751e+01 1.637387e+02
1.255756e-01 883 2.312698e+03 2.291901e+03 3.220965e+01 -3.364084e+02
1.352378e-01 909 2.070081e+03 2.048535e+03 1.806244e+02 -1.958161e+02
1.449493e-01 1177 1.901801e+03 1.879131e+03 -1.013124e+02 -9.956865e+01
1.550659e-01 1323 1.704755e+03 1.681521e+03 -6.888778e+00 -9.161576e+01
1.649601e-01 1453 1.543033e+03 1.519184e+03 -4.986414e+00 1.478506e+02
1.749597e-01 1701 1.447285e+03 1.422197e+03 2.365533e+01 -6.787548e+01
1.852437e-01 1963 1.318784e+03 1.293176e+03 6.153131e+01 -4.898856e+01
1.951071e-01 1933 1.231026e+03 1.204499e+03 -5.244503e+01 -5.397183e+00
2.049888e-01 2397 1.153766e+03 1.126397e+03 9.109343e+00 -2.300860e+01
2.151844e-01 2539 1.044369e+03 1.017071e+03 1.720304e+02 -2.982450e+01
2.250745e-01 2694 9.731148e+02 9.453350e+02 -1.743423e+01 1.074991e+02
2.350927e-01 3121 9.315381e+02 9.025293e+02 -1.253108e-02 -1.153578e+02
2.451974e-01 3255 8.567201e+02 8.277516e+02 1.994034e+01 2.892326e+01
2.550872e-01 3517 8.365499e+02 8.059908e+02 6.589845e+00 1.902742e+01
2.649947e-01 3813 7.729483e+02 7.425055e+02 3.096142e+01 3.513444e+01
2.750606e-01 4231 7.208528e+02 6.903182e+02 9.448742e-01 3.302154e+01
2.851157e-01 4389 6.842058e+02 6.531204e+02 6.414134e+00 1.122316e+02
2.950080e-01 4717 6.573456e+02 6.253879e+02 -8.962568e+00 -2.509056e+01
3.050474e-01 5191 6.147299e+02 5.828599e+02 2.658255e+01 -3.605703e+01
3.151078e-01 5373 5.967284e+02 5.637557e+02 2.804213e+01 2.647252e+01
3.251295e-01 5893 5.673184e+02 5.339977e+02 2.178512e+00 2.541922e+01
3.352591e-01 6183 5.327232e+02 4.995213e+02 7.876072e+00 1.498861e+00
3.451640e-01 6349 5.204745e+02 4.861394e+02 3.079396e+01 -3.909228e+00
3.550965e-01 6993 4.979393e+02 4.632448e+02 -1.399239e+00 4.293789e+00
3.649687e-01 7003 4.841385e+02 4.485688e+02 1.407412e+01 1.957731e+01
3.749450e-01 7941 4.715786e+02 4.350841e+02 1.198758e+01 -9.908731e+00
3.851630e-01 8221 4.496301e+02 4.129896e+02 -2.227974e+00 -2.199833e+00
3.951752e-01 8449 4.301286e+02 3.933166e+02 1.006606e+01 1.821087e+01
4.050872e-01 8931 4.195612e+02 3.819059e+02 8.739183e+00 -1.708505e+01
4.149904e-01 9289 4.048221e+02 3.667677e+02 7.093751e+00 2.749569e+01
4.250484e-01 10113 3.941507e+02 3.553789e+02 8.862420e+00 -7.688196e+00
4.350196e-01 10087 3.826412e+02 3.433049e+02 1.715800e+01 -4.054905e+00
4.449689e-01 10998 3.760122e+02 3.356517e+02 1.218867e+01 3.381492e+00
4.550136e-01 11233 3.614070e+02 3.209392e+02 7.011171e+00 4.135894e+00
4.650240e-01 11991 3.529130e+02 3.117478e+02 -1.711390e+00 -2.291421e+00
4.750600e-01 12241 3.418445e+02 3.003327e+02 -3.352702e+00 4.767340e+00
4.850824e-01 13033 3.351858e+02 2.928521e+02 1.762130e+01 2.695194e-01
4.950626e-01 13227 3.259454e+02 2.831863e+02 8.650288e+00 -2.337744e+01
5.050218e-01 13993 3.107979e+02 2.684816e+02 5.337401e+00 -1.346418e+01
5.149626e-01 14301 3.089438e+02 2.653150e+02 -2.324204e+00 1.187208e+01
5.249789e-01 15355 2.977283e+02 2.541625e+02 -3.448186e-01 -1.605776e+01
5.350486e-01 15585 2.915634e+02 2.473707e+02 9.467561e+00 6.694324e+00
5.451135e-01 16549 2.859673e+02 2.411100e+02 1.115738e+01 -4.175638e+00
5.551181e-01 16587 2.842703e+02 2.381547e+02 5.911517e+00 -8.043477e+00
5.650424e-01 17461 2.737704e+02 2.278981e+02 -2.088486e+00 5.852153e-01
5.750589e-01 18177 2.698704e+02 2.231739e+02 -1.814773e+00 -4.499767e+00
5.850828e-01 18739 2.623658e+02 2.155120e+02 4.214614e-01 -6.256750e+00
5.950416e-01 19165 2.534217e+02 2.067548e+02 -3.807146e+00 -2.284834e+00
6.049746e-01 20013 2.510945e+02 2.034577e+02 5.094336e-01 1.810529e+00
6.149470e-01 20587 2.512302e+02 2.021356e+02 4.275578e+00 4.255737e-03
6.249968e-01 21657 2.452813e+02 1.959302e+02 3.420562e+00 3.198147e+00
6.350666e-01 22129 2.382741e+02 1.889440e+02 9.122683e+00 3.614822e-01
6.450498e-01 22611 2.344281e+02 1.845201e+02 -4.934008e-01 1.139693e+00
6.549912e-01 23317 2.280950e+02 1.782007e+02 -1.468177e+00 7.347425e-01
6.649535e-01 24222 2.268333e+02 1.758800e+02 6.002528e+00 3.753951e-03
6.749660e-01 24943 2.238515e+02 1.722176e+02 4.068720e+00 -1.085779e+01
6.850252e-01 25921 2.191293e+02 1.672590e+02 -1.686964e+00 1.817746e+00
6.950284e-01 26253 2.162568e+02 1.637482e+02 5.209154e+00 -9.300764e+00
7.049900e-01 27139 2.114061e+02 1.587841e+02 3.106580e+00 -9.299728e-01
7.150256e-01 28185 2.070659e+02 1.542471e+02 -2.022764e-01 -3.931477e+00
7.250860e-01 28969 2.041683e+02 1.508145e+02 -1.009444e+00 -2.032160e+00
7.350183e-01 28887 2.020603e+02 1.480093e+02 4.492296e+00 -7.017634e+00
7.450018e-01 30937 2.000889e+02 1.453162e+02 2.811950e-01 -4.985113e-01
7.551045e-01 31341 1.966923e+02 1.415991e+02 -8.263001e-01 1.388490e+00
7.650666e-01 31555 1.921621e+02 1.371264e+02 5.152430e+00 5.936146e-01
7.750154e-01 33025 1.920586e+02 1.358397e+02 3.017785e-01 -1.378896e+00
7.850634e-01 33921 1.864680e+02 1.306883e+02 1.807040e+00 2.870045e+00
7.950596e-01 34285 1.855284e+02 1.288420e+02 -7.548286e-01 3.241256e-01
8.050450e-01 35703 1.826360e+02 1.256613e+02 2.367782e+00 -2.776831e+00
8.150563e-01 36205 1.785655e+02 1.217068e+02 -1.385669e+00 -6.050378e+00
8.250795e-01 37485 1.780167e+02 1.201805e+02 2.229656e-01 -2.998204e+00
8.350885e-01 38047 1.752621e+02 1.171850e+02 6.550008e+00 -3.152615e+00
8.450499e-01 38913 1.728019e+02 1.144172e+02 7.274858e-01 -2.215380e+00
8.550252e-01 39853 1.708659e+02 1.120279e+02 1.359841e+00 2.427013e+00
8.650455e-01 41367 1.704391e+02 1.106347e+02 3.295656e+00 -1.611575e+00
8.750680e-01 41617 1.662175e+02 1.068075e+02 3.137652e+00 -7.104588e+00
8.849916e-01 42430 1.649417e+02 1.049202e+02 1.950525e+00 -3.183566e+00
8.949944e-01 44367 1.631800e+02 1.027296e+02 -1.783953e+00 -5.657436e+00
9.050336e-01 44569 1.595111e+02 9.936783e+01 1.343236e+00 3.018161e+00
9.150411e-01 46089 1.599630e+02 9.859766e+01 1.382821e+00 2.597873e+00
9.250625e-01 46819 1.575818e+02 9.609718e+01 2.489033e+00 -2.709371e+00
9.350607e-01 47793 1.558560e+02 9.402091e+01 1.452021e+00 -1.426894e+00
9.450463e-01 48697 1.537547e+02 9.175074e+01 1.421194e-01 -2.266317e+00
9.549734e-01 49443 1.527490e+02 9.015356e+01 1.746064e+00 2.442618e+00
9.649510e-01 51097 1.519528e+02 8.869241e+01 9.918874e-01 -2.154423e+00
9.750082e-01 52453 1.482642e+02 8.556388e+01 -2.720425e-01 -2.730176e+00
9.850290e-01 52947 1.476496e+02 8.424658e+01 1.008862e+00 -4.245111e+00
9.950258e-01 54193 1.458130e+02 8.224654e+01 4.401599e-01 2.199924e+00
