# nc 324
# boxsize 6.000000e+02
# nbar 0.000000e+00
1.483274e-02 13 1.590736e+04 1.590549e+04 -1.086166e+04 1.196227e+04
2.513187e-02 33 1.384888e+04 1.384389e+04 6.865279e+03 3.752339e+03
3.574650e-02 79 9.935628e+03 9.928315e+03 -3.306738e+02 -7.786039e+02
4.583347e-02 105 7.411565e+03 7.402816e+03 -2.341628e+03 1.691186e+03
5.486964e-02 145 5.628373e+03 5.618729e+03 1.150360e+03 -1.626150e+03
6.471857e-02 243 5.398488e+03 5.385504e+03 1.253319e+03 2.351171e+03
7.503996e-02 313 4.617106e+03 4.602302e+03 -1.464738e+02 1.663854e+03
8.485495e-02 369 4.036448e+03 4.019928e+03 4.460539e+02 6.329190e+02
9.528688e-02 571 3.434430e+03 3.416648e+03 7.646810e+02 -6.706504e+02
1.059290e-01 601 2.761464e+03 2.743851e+03 2.868693e+01 -9.804843e+01
1.156806e-01 705 2.606005e+03 2.586102e+03 6.147051e+00 1.570479e+02
1.255756e-01 883 2.285533e+03 2.265053e+03 2.761809e+01 2.990542e+02
1.352378e-01 909 2.191870e+03 2.169116e+03 1.198401e+01 3.229055e+02
1.449493e-01 1177 1.967474e+03 1.944010e+03 1.686924e+02 1.251522e+00
1.550659e-01 1323 1.652200e+03 1.629629e+03 2.585382e+02 -1.995011e+01
1.649601e-01 1453 1.588076e+03 1.563526e+03 -1.644225e+02 1.424496e+02
1.749597e-01 1701 1.423355e+03 1.398637e+03 4.879887e+01 1.097910e+02
1.852437e-01 1963 1.316736e+03 1.291171e+03 -2.422328e+01 -2.249220e+02
1.951071e-01 1933 1.214597e+03 1.188436e+03 3.312378e+01 2.537734e+01
2.049888e-01 2397 1.131224e+03 1.104390e+03 2.775522e+01 -3.278343e+01
2.151844e-01 2539 1.052996e+03 1.025469e+03 3.795266e+01 -6.916676e+01
2.250745e-01 2694 9.870446e+02 9.588671e+02 3.236603e+01 1.646440e+02
2.350927e-01 3121 9.217334e+02 8.930527e+02 4.750443e+01 1.685041e+01
2.451974e-01 3255 8.770865e+02 8.474311e+02 2.907190e+01 2.726120e+01
2.550872e-01 3517 8.172216e+02 7.873647e+02 3.496362e+01 3.324278e+01
2.649947e-01 3813 7.576471e+02 7.278162e+02 7.589963e+00 9.889112e+00
2.750606e-01 4231 7.118697e+02 6.817042e+02 2.159842e+01 -8.812762e+00
2.851157e-01 4389 6.868951e+02 6.556729e+02 -3.474988e+01 2.240046e+01
2.950080e-01 4717 6.441870e+02 6.128900e+02 -3.803270e+01 7.670913e+01
3.050474e-01 5191 6.251716e+02 5.927461e+02 6.312057e+00 5.940124e+01
3.151078e-01 5373 6.041416e+02 5.707569e+02 -1.079347e+01 2.886706e+01
3.251295e-01 5893 5.653260e+02 5.321287e+02 4.538368e+01 -4.723577e+01
3.352591e-01 6183 5.472592e+02 5.131439e+02 4.978632e+00 3.975996e+01
3.451640e-01 6349 5.223129e+02 4.878691e+02 6.709605e+00 3.365900e+00
3.550965e-01 6993 5.028460e+02 4.678080e+02 -1.583926e+01 1.473990e+01
3.649687e-01 7003 4.765391e+02 4.415351e+02 3.332196e+01 1.623229e+01
3.749450e-01 7941 4.702047e+02 4.338172e+02 -1.928261e+00 1.189710e+01
3.851630e-01 8221 4.516949e+02 4.148857e+02 1.134954e+01 -4.053513e+01
3.951752e-01 8449 4.458481e+02 4.076783e+02 1.670862e+00 6.395043e+00
4.050872e-01 8931 4.232450e+02 3.852561e+02 1.254845e+01 1.772892e+01
4.149904e-01 9289 4.125172e+02 3.737384e+02 2.015504e+01 2.255314e+01
4.250484e-01 10113 3.966549e+02 3.576263e+02 1.313063e+01 -1.495475e+01
4.350196e-01 10087 3.816106e+02 3.423792e+02 -1.017386e+01 -2.364269e+01
4.449689e-01 10998 3.743403e+02 3.341741e+02 5.244665e+00 -1.177198e+01
4.550136e-01 11233 3.578852e+02 3.178189e+02 1.994841e+00 8.871542e+00
4.650240e-01 11991 3.468237e+02 3.063623e+02 3.545472e+00 1.024254e+01
4.750600e-01 12241 3.404933e+02 2.991469e+02 -1.839266e+00 1.956642e+01
4.850824e-01 13033 3.344996e+02 2.922617e+02 -5.494747e+00 1.697075e+00
4.950626e-01 13227 3.256263e+02 2.829048e+02 1.120624e+00 6.615011e+00
5.050218e-01 13993 3.164896e+02 2.733912e+02 1.146908e+01 3.934882e+00
5.149626e-01 14301 3.107691e+02 2.668904e+02 -2.643728e+00 1.373710e+01
5.249789e-01 15355 3.022017e+02 2.579790e+02 -3.403540e+00 -3.955868e+00
5.350486e-01 15585 2.964276e+02 2.514977e+02 3.450780e+00 4.985048e-01
5.451135e-01 16549 2.876125e+02 2.424929e+02 -8.943847e-01 1.087940e+01
5.551181e-01 16587 2.848099e+02 2.386082e+02 5.990852e+00 -1.611696e+00
5.650424e-01 17461 2.763345e+02 2.300235e+02 -2.884987e+00 1.531488e+01
5.750589e-01 18177 2.689157e+02 2.223798e+02 -7.686586e+00 2.748257e+00
5.850828e-01 18739 2.627162e+02 2.158061e+02 5.967793e+00 -7.625882e+00
5.950416e-01 19165 2.591683e+02 2.114415e+02 1.862320e+00 -6.192183e+00
6.049746e-01 20013 2.521874e+02 2.043393e+02 -9.142962e-01 -5.767063e+00
6.149470e-01 20587 2.506246e+02 2.016485e+02 3.514657e+00 -2.166039e+00
6.249968e-01 21657 2.450965e+02 1.957836e+02 -2.568507e+00 -6.350191e-01
6.350666e-01 22129 2.377064e+02 1.885007e+02 1.199190e+00 -4.502048e+00
6.450498e-01 22611 2.350177e+02 1.849870e+02 2.835925e+00 1.192316e+01
6.549912e-01 23317 2.325515e+02 1.816833e+02 7.177851e+00 -1.714021e+00
6.649535e-01 24222 2.285626e+02 1.772155e+02 -1.183217e+00 2.086493e+00
6.749660e-01 24943 2.242499e+02 1.725286e+02 2.620566e+00 6.885674e+00
6.850252e-01 25921 2.199567e+02 1.678838e+02 1.051798e-02 9.227239e-01
6.950284e-01 26253 2.149153e+02 1.627279e+02 -3.879517e+00 5.436194e-01
7.049900e-01 27139 2.136580e+02 1.604786e+02 -2.085159e+00 -5.061473e+00
7.150256e-01 28185 2.100244e+02 1.564495e+02 -2.953110e+00 -2.371663e+00
7.250860e-01 28969 2.060072e+02 1.521726e+02 1.027527e+00 -7.036976e+00
7.350183e-01 28887 2.022111e+02 1.481151e+02 1.996526e-02 7.104537e+00
7.450018e-01 30937 1.990584e+02 1.445615e+02 3.525383e+00 6.389163e+00
7.551045e-01 31341 1.955988e+02 1.408092e+02 5.142203e+00 -5.851588e-01
7.650666e-01 31555 1.957311e+02 1.396739e+02 2.753377e+00 3.552884e-01
7.750154e-01 33025 1.895365e+02 1.340508e+02 -2.560340e+00 -2.930909e+00
7.850634e-01 33921 1.909225e+02 1.338076e+02 4.047477e+00 9.938896e+00
7.950596e-01 34285 1.855724e+02 1.288707e+02 2.486246e+00 5.206114e+00
8.050450e-01 35703 1.828831e+02 1.258291e+02 2.505278e+00 1.909640e-01
8.150563e-01 36205 1.811807e+02 1.234903e+02 -1.588322e+00 -1.308300e+00
8.250795e-01 37485 1.784935e+02 1.205008e+02 3.771431e+00 7.019277e+00
8.350885e-01 38047 1.772452e+02 1.185075e+02 -4.287846e-01 1.721794e+00
8.450499e-01 38913 1.731516e+02 1.146525e+02 1.933686e+00 2.895071e+00
8.550252e-01 39853 1.709283e+02 1.120721e+02 3.324201e+00 2.493102e+00
8.650455e-01 41367 1.682793e+02 1.092348e+02 2.074047e-01 3.394179e+00
8.750680e-01 41617 1.678628e+02 1.078641e+02 1.831074e+00 -8.193792e-01
8.849916e-01 42430 1.639173e+02 1.042673e+02 2.289579e+00 1.713312e+00
8.949944e-01 44367 1.639420e+02 1.032083e+02 4.287434e+00 2.638249e+00
9.050336e-01 44569 1.621414e+02 1.010034e+02 -8.912776e-01 7.251542e+00
9.150411e-01 46089 1.588692e+02 9.792345e+01 1.515583e-01 6.525351e+00
9.250625e-01 46819 1.579465e+02 9.631960e+01 3.131326e-01 1.317266e+00
9.350607e-01 47793 1.563103e+02 9.429500e+01 -4.330969e-01 3.901181e+00
9.450463e-01 48697 1.548139e+02 9.237960e+01 -5.673589e-01 1.730366e+00
9.549734e-01 49443 1.537127e+02 9.072284e+01 2.352050e-01 3.142867e+00
9.649510e-01 51097 1.504085e+02 8.778803e+01 2.859307e-01 1.802277e+00
9.750082e-01 52453 1.493000e+02 8.616186e+01 2.241208e+00 2.639462e+00
9.850290e-01 52947 1.470649e+02 8.391169e+01 3.487162e+00 3.617128e+00
9.950258e-01 54193 1.455707e+02 8.211106e+01 1.971607e+00 -3.690610e+00
