# nc 324
# boxsize 6.000000e+02
# nbar 0.000000e+00
1.483274e-02 13 1.043114e+04 1.042985e+04 -1.816053e+03 -5.848135e+03
2.513187e-02 33 1.249004e+04 1.248551e+04 -3.442586e+02 6.360084e+02
3.574650e-02 79 8.614439e+03 8.608322e+03 2.147691e+03 6.553727e+02
4.583347e-02 105 8.070930e+03 8.061099e+03 -5.196660e+02 -1.812054e+03
5.486964e-02 145 6.643875e+03 6.632529e+03 -1.302409e+03 1.323021e+03
6.471857e-02 243 6.154616e+03 6.139790e+03 -6.272573e+02 -3.482092e+03
7.503996e-02 313 5.369026e+03 5.351820e+03 4.838144e+02 3.608276e+02
8.485495e-02 369 4.036952e+03 4.020459e+03 -1.287794e+02 5.051774e+02
9.528688e-02 571 3.392780e+03 3.375245e+03 -4.999294e+02 -4.407067e+02
1.059290e-01 601 2.937870e+03 2.919077e+03 2.939576e+02 -3.819932e+02
1.156806e-01 705 2.716429e+03 2.695735e+03 1.912536e+02 -4.049686e+01
1.255756e-01 883 2.238011e+03 2.217959e+03 4.935524e+01 -5.487850e+02
1.352378e-01 909 2.103658e+03 2.081836e+03 -1.872155e+02 2.332051e+02
1.449493e-01 1177 1.918297e+03 1.895426e+03 2.188423e+02 -1.237323e+02
1.550659e-01 1323 1.604216e+03 1.582367e+03 2.270396e+01 -1.256755e+02
1.649601e-01 1453 1.539255e+03 1.515516e+03 -1.203051e+01 8.172800e+01
1.749597e-01 1701 1.462074e+03 1.436763e+03 -4.745126e+01 -7.289017e+01
1.852437e-01 1963 1.299480e+03 1.274238e+03 1.216532e+01 -1.202944e+02
1.951071e-01 1933 1.175198e+03 1.149891e+03 5.361994e+01 -1.333599e+01
2.049888e-01 2397 1.123981e+03 1.097323e+03 -2.193509e+01 -1.665015e+02
2.151844e-01 2539 1.033786e+03 1.006763e+03 -4.273500e+01 -1.001919e+02
2.250745e-01 2694 9.790331e+02 9.510893e+02 9.859413e+00 1.181660e+01
2.350927e-01 3121 8.993251e+02 8.713380e+02 4.470552e+01 -6.502156e+01
2.451974e-01 3255 8.534252e+02 8.245710e+02 -2.892590e+01 -9.750188e+00
2.550872e-01 3517 8.128560e+02 7.831425e+02 6.772015e+01 1.884930e+00
2.649947e-01 3813 7.465078e+02 7.171102e+02 9.479611e+00 2.549202e-02
2.750606e-01 4231 7.116373e+02 6.814764e+02 -2.609525e+00 1.345079e+01
2.851157e-01 4389 6.766152e+02 6.458692e+02 -1.955283e+01 -2.689886e+01
2.950080e-01 4717 6.745576e+02 6.417860e+02 -3.467231e+00 -6.968211e+01
3.050474e-01 5191 6.039539e+02 5.726205e+02 3.382606e+01 -2.715807e+00
3.151078e-01 5373 5.977794e+02 5.647648e+02 -1.526182e+01 -4.857065e+00
3.251295e-01 5893 5.619150e+02 5.289120e+02 -4.279361e+01 -3.202760e-01
3.352591e-01 6183 5.348630e+02 5.015265e+02 2.337345e+01 1.250302e+00
3.451640e-01 6349 5.236921e+02 4.891619e+02 1.818573e+01 2.111704e+01
3.550965e-01 6993 4.934384e+02 4.590659e+02 1.587898e+01 -1.794462e+01
3.649687e-01 7003 4.766288e+02 4.416161e+02 3.149950e+01 1.425042e+01
3.749450e-01 7941 4.621976e+02 4.264395e+02 3.146821e+00 -5.440676e+00
3.851630e-01 8221 4.401264e+02 4.042580e+02 1.361519e+01 3.794687e+00
3.951752e-01 8449 4.333665e+02 3.962738e+02 -1.470240e+01 3.749079e+01
4.050872e-01 8931 4.185740e+02 3.810107e+02 -5.004972e+00 -1.466344e+01
4.149904e-01 9289 4.074600e+02 3.691697e+02 7.047492e+00 8.279676e+00
4.250484e-01 10113 3.927641e+02 3.541264e+02 6.189287e+00 1.110413e+01
4.350196e-01 10087 3.814087e+02 3.421957e+02 -4.191370e+00 -3.112921e+00
4.449689e-01 10998 3.643515e+02 3.252466e+02 5.343736e+00 5.565023e+00
4.550136e-01 11233 3.531326e+02 3.135930e+02 -4.076324e+00 1.113238e+00
4.650240e-01 11991 3.514032e+02 3.104195e+02 -1.962203e+00 3.258840e+00
4.750600e-01 12241 3.332583e+02 2.927907e+02 -8.142460e+00 -1.596851e+00
4.850824e-01 13033 3.228243e+02 2.820553e+02 6.869808e+00 1.488721e+01
4.950626e-01 13227 3.139858e+02 2.727942e+02 1.641794e+00 7.202002e+00
5.050218e-01 13993 3.059208e+02 2.642692e+02 -5.227253e+00 -9.987979e+00
5.149626e-01 14301 3.074492e+02 2.640457e+02 -1.655654e+00 -3.510311e+00
5.249789e-01 15355 2.950209e+02 2.518457e+02 -5.800608e+00 -2.768862e+00
5.350486e-01 15585 2.879012e+02 2.442630e+02 -2.930631e+00 2.172860e+00
5.451135e-01 16549 2.828377e+02 2.384648e+02 -1.200581e+00 7.790619e+00
5.551181e-01 16587 2.798762e+02 2.344744e+02 2.313117e+00 6.888195e+00
5.650424e-01 17461 2.739500e+02 2.280424e+02 5.148321e+00 7.028134e-01
5.750589e-01 18177 2.651943e+02 2.193032e+02 3.570985e+00 7.425181e+00
5.850828e-01 18739 2.590001e+02 2.127545e+02 -4.802776e+00 6.884279e-01
5.950416e-01 19165 2.525828e+02 2.060707e+02 1.121894e+00 6.616404e+00
6.049746e-01 20013 2.527919e+02 2.048361e+02 5.313605e-01 4.833138e-02
6.149470e-01 20587 2.451361e+02 1.972302e+02 -1.058882e+00 6.170657e+00
6.249968e-01 21657 2.430666e+02 1.941600e+02 -5.944175e+00 3.272958e+00
6.350666e-01 22129 2.374137e+02 1.882630e+02 -4.436646e-01 5.661402e+00
6.450498e-01 22611 2.327608e+02 1.832136e+02 2.845163e+00 9.733442e-01
6.549912e-01 23317 2.285639e+02 1.785685e+02 1.648003e+00 5.666962e+00
6.649535e-01 24222 2.240996e+02 1.737481e+02 3.876216e+00 4.266036e+00
6.749660e-01 24943 2.199301e+02 1.692003e+02 -2.213329e+00 3.280259e+00
6.850252e-01 25921 2.158022e+02 1.647191e+02 -4.585393e-01 5.893769e+00
6.950284e-01 26253 2.130056e+02 1.612907e+02 -2.840431e+00 5.475524e-01
7.049900e-01 27139 2.105148e+02 1.581166e+02 -4.524875e+00 2.112512e+00
7.150256e-01 28185 2.039809e+02 1.519514e+02 -1.975976e+00 4.887960e+00
7.250860e-01 28969 2.024973e+02 1.495824e+02 1.273440e+00 4.434689e+00
7.350183e-01 28887 2.012044e+02 1.473815e+02 4.280253e+00 8.075305e+00
7.450018e-01 30937 1.977405e+02 1.436036e+02 -1.011553e+00 4.556345e+00
7.551045e-01 31341 1.937878e+02 1.395084e+02 -1.623263e+00 8.229319e+00
7.650666e-01 31555 1.900163e+02 1.355944e+02 -2.774393e+00 9.791490e+00
7.750154e-01 33025 1.886108e+02 1.333932e+02 -2.180903e+00 1.119990e+01
7.850634e-01 33921 1.864337e+02 1.306608e+02 -1.319299e+00 1.152473e+01
7.950596e-01 34285 1.821324e+02 1.264824e+02 1.332009e+00 5.786921e+00
8.050450e-01 35703 1.800226e+02 1.238621e+02 6.316380e-02 4.281500e+00
8.150563e-01 36205 1.774397e+02 1.209445e+02 3.521494e-01 1.800982e+00
8.250795e-01 37485 1.748769e+02 1.180616e+02 4.391482e-01 6.390306e+00
8.350885e-01 38047 1.729072e+02 1.156075e+02 -1.731065e+00 2.458604e+00
8.450499e-01 38913 1.707694e+02 1.130779e+02 1.807921e+00 4.270444e-02
8.550252e-01 39853 1.698833e+02 1.113832e+02 1.200892e+00 -6.806613e-01
8.650455e-01 41367 1.670295e+02 1.084189e+02 1.130609e+00 3.748622e+00
8.750680e-01 41617 1.646745e+02 1.058125e+02 -1.147928e+00 3.941164e+00
8.849916e-01 42430 1.627648e+02 1.035310e+02 -1.714377e+00 4.471392e+00
8.949944e-01 44367 1.611876e+02 1.014729e+02 -1.260789e+00 7.504811e+00
9.050336e-01 44569 1.581330e+02 9.850833e+01 -1.876056e-01 5.228168e+00
9.150411e-01 46089 1.592141e+02 9.813425e+01 -2.331689e+00 9.306956e+00
9.250625e-01 46819 1.554506e+02 9.479703e+01 -1.381003e+00 2.762676e+00
9.350607e-01 47793 1.533559e+02 9.251107e+01 8.006492e-01 4.949323e+00
9.450463e-01 48697 1.519389e+02 9.066479e+01 -1.180589e+00 -8.150349e-01
9.549734e-01 49443 1.511323e+02 8.920011e+01 -2.334209e-01 5.297084e+00
9.649510e-01 51097 1.496034e+02 8.731765e+01 -2.481033e+00 7.930905e+00
9.750082e-01 52453 1.472210e+02 8.496335e+01 -2.033884e+00 3.014638e+00
9.850290e-01 52947 1.457726e+02 8.317465e+01 5.970253e-02 4.335195e+00
9.950258e-01 54193 1.438382e+02 8.113100e+01 -1.865190e+00 6.448813e+00
