# nc 512
# boxsize 1.000000e+03
8.018239e-03 9 6.110280e+03 5.289156e+05 4.578531e+07
1.659868e-02 64 1.459886e+04 1.267645e+06 1.100935e+08
2.586446e-02 157 1.170336e+04 1.012108e+06 8.757802e+07
3.529679e-02 292 8.928848e+03 7.681192e+05 6.616512e+07
4.513097e-02 529 7.347778e+03 6.290618e+05 5.396948e+07
5.555287e-02 820 6.084720e+03 5.173948e+05 4.413825e+07
6.539610e-02 1000 5.255924e+03 4.442663e+05 3.772613e+07
7.523297e-02 1483 4.845753e+03 4.066728e+05 3.433266e+07
8.527687e-02 1792 3.969801e+03 3.296073e+05 2.758562e+07
9.513029e-02 2293 3.202714e+03 2.631283e+05 2.185864e+07
1.052419e-01 2848 2.810885e+03 2.292096e+05 1.893508e+07
1.151206e-01 3232 2.415093e+03 1.950523e+05 1.601508e+07
1.250948e-01 4077 2.232623e+03 1.787528e+05 1.457981e+07
1.351559e-01 4552 2.010383e+03 1.591626e+05 1.287407e+07
1.451184e-01 5377 1.830275e+03 1.437532e+05 1.156204e+07
1.550677e-01 5974 1.639351e+03 1.264805e+05 1.003104e+07
1.650359e-01 6976 1.427093e+03 1.089275e+05 8.592918e+06
1.750550e-01 7717 1.322203e+03 9.984730e+04 7.813626e+06
1.850940e-01 8776 1.251163e+03 9.335092e+04 7.241179e+06
1.950993e-01 9553 1.164181e+03 8.598373e+04 6.625264e+06
2.050639e-01 10660 1.078625e+03 7.840454e+04 5.970133e+06
2.150232e-01 11608 9.935223e+02 7.141306e+04 5.403124e+06
2.250206e-01 12937 9.060316e+02 6.421401e+04 4.815348e+06
2.351002e-01 14062 8.530062e+02 5.952729e+04 4.417952e+06
2.450739e-01 15105 7.960196e+02 5.503858e+04 4.060874e+06
2.550522e-01 16492 7.490090e+02 5.103038e+04 3.731046e+06
2.650604e-01 17821 7.075593e+02 4.754896e+04 3.441894e+06
2.750125e-01 18940 6.655541e+02 4.416914e+04 3.175668e+06
2.850269e-01 20836 6.386690e+02 4.172074e+04 2.965400e+06
2.950518e-01 21949 6.067186e+02 3.904653e+04 2.744106e+06
3.050599e-01 23656 5.705383e+02 3.628168e+04 2.536877e+06
3.149891e-01 24727 5.413937e+02 3.391734e+04 2.347516e+06
3.250379e-01 27400 5.142509e+02 3.170208e+04 2.173426e+06
3.350922e-01 28096 4.947864e+02 3.010242e+04 2.045354e+06
3.450584e-01 30337 4.698543e+02 2.813726e+04 1.892776e+06
3.550604e-01 31696 4.453768e+02 2.631865e+04 1.761489e+06
3.650295e-01 33849 4.274444e+02 2.483681e+04 1.641386e+06
3.750722e-01 35800 4.139630e+02 2.372801e+04 1.557104e+06
3.850647e-01 37348 3.988453e+02 2.250205e+04 1.459150e+06
3.950397e-01 39535 3.810797e+02 2.113458e+04 1.359185e+06
4.050307e-01 41452 3.686356e+02 2.015268e+04 1.282537e+06
4.150177e-01 43669 3.547739e+02 1.905449e+04 1.199712e+06
4.250356e-01 45832 3.401428e+02 1.801090e+04 1.125855e+06
4.350008e-01 47524 3.290522e+02 1.714662e+04 1.061218e+06
4.450186e-01 50761 3.185007e+02 1.632652e+04 1.000835e+06
4.550579e-01 52264 3.071100e+02 1.548001e+04 9.388403e+05
4.650571e-01 54973 2.980070e+02 1.474112e+04 8.836462e+05
4.750553e-01 56890 2.873808e+02 1.401702e+04 8.337988e+05
4.849982e-01 59233 2.780026e+02 1.331447e+04 7.842639e+05
4.949997e-01 62460 2.701390e+02 1.272132e+04 7.413160e+05
5.050400e-01 64660 2.612958e+02 1.210097e+04 6.993170e+05
5.150365e-01 67105 2.552434e+02 1.161776e+04 6.639328e+05
5.250511e-01 70108 2.456524e+02 1.101563e+04 6.247011e+05
5.350611e-01 72421 2.380316e+02 1.046780e+04 5.881759e+05
5.450809e-01 75628 2.320797e+02 1.001306e+04 5.562175e+05
5.550666e-01 77374 2.253083e+02 9.565378e+03 5.266069e+05
5.650248e-01 80965 2.193970e+02 9.165658e+03 4.997138e+05
5.750209e-01 83536 2.143618e+02 8.765855e+03 4.724914e+05
5.849943e-01 86509 2.086447e+02 8.401077e+03 4.485098e+05
5.950118e-01 90088 2.028861e+02 8.003214e+03 4.228566e+05
6.050243e-01 92524 1.963712e+02 7.611971e+03 3.993589e+05
6.150021e-01 95685 1.931229e+02 7.361498e+03 3.815579e+05
6.250268e-01 99460 1.867458e+02 6.961974e+03 3.580248e+05
6.350319e-01 101791 1.832064e+02 6.699905e+03 3.403789e+05
6.450443e-01 105940 1.789298e+02 6.425145e+03 3.228769e+05
6.550363e-01 108040 1.743567e+02 6.133031e+03 3.046586e+05
6.650248e-01 112417 1.707134e+02 5.898384e+03 2.911418e+05
6.749918e-01 114172 1.666140e+02 5.640810e+03 2.758831e+05
6.849838e-01 119989 1.626729e+02 5.406800e+03 2.617387e+05
6.950359e-01 122428 1.585097e+02 5.172890e+03 2.485357e+05
7.050021e-01 125049 1.556501e+02 4.972072e+03 2.361573e+05
7.150185e-01 130682 1.517802e+02 4.750690e+03 2.238567e+05
7.250500e-01 132820 1.484887e+02 4.549900e+03 2.122898e+05
7.350461e-01 137169 1.458758e+02 4.379516e+03 2.021478e+05
7.450354e-01 139912 1.424091e+02 4.183127e+03 1.914896e+05
7.550326e-01 145021 1.398346e+02 4.028260e+03 1.822589e+05
7.650453e-01 148000 1.354210e+02 3.825640e+03 1.723596e+05
7.750260e-01 151840 1.331761e+02 3.686502e+03 1.644302e+05
7.849916e-01 155365 1.305332e+02 3.524817e+03 1.560285e+05
7.950130e-01 161410 1.277794e+02 3.391182e+03 1.485308e+05
8.050563e-01 164341 1.246035e+02 3.230964e+03 1.409496e+05
8.150452e-01 167704 1.224038e+02 3.105075e+03 1.345420e+05
8.250456e-01 172960 1.201149e+02 2.984575e+03 1.278684e+05
8.350307e-01 175597 1.175663e+02 2.854694e+03 1.215252e+05
8.450225e-01 181552 1.153684e+02 2.737185e+03 1.156135e+05
8.550387e-01 185185 1.133543e+02 2.625385e+03 1.099092e+05
8.650410e-01 189576 1.116570e+02 2.531744e+03 1.050434e+05
8.750145e-01 192850 1.092228e+02 2.425749e+03 1.002763e+05
8.849866e-01 198481 1.072112e+02 2.319133e+03 9.504197e+04
8.950163e-01 203908 1.050907e+02 2.221615e+03 9.069775e+04
9.050183e-01 206677 1.030793e+02 2.129694e+03 8.645899e+04
9.150119e-01 212440 1.009186e+02 2.041675e+03 8.246655e+04
9.250146e-01 216544 9.897534e+01 1.953257e+03 7.852716e+04
9.350152e-01 221725 9.753737e+01 1.885731e+03 7.532716e+04
9.450189e-01 226024 9.550690e+01 1.800111e+03 7.172686e+04
9.550021e-01 230515 9.405079e+01 1.725762e+03 6.823818e+04
9.650081e-01 236548 9.229549e+01 1.649151e+03 6.514900e+04
9.750165e-01 240697 9.083678e+01 1.594463e+03 6.263092e+04
9.850258e-01 246264 8.901847e+01 1.516857e+03 5.956665e+04
9.950310e-01 250480 8.753688e+01 1.451728e+03 5.678720e+04
