# nc 512
# boxsize 1.000000e+03
8.018239e-03 9 1.326519e+04 1.153367e+06 1.002837e+08
1.659868e-02 64 1.218009e+04 1.055106e+06 9.141348e+07
2.586446e-02 157 1.139459e+04 9.872996e+05 8.558614e+07
3.529679e-02 292 7.862741e+03 6.772150e+05 5.839462e+07
4.513097e-02 529 6.767431e+03 5.803134e+05 4.987482e+07
5.555287e-02 820 6.129426e+03 5.219708e+05 4.459635e+07
6.539610e-02 1000 5.246139e+03 4.427332e+05 3.753273e+07
7.523297e-02 1483 4.611102e+03 3.879782e+05 3.284822e+07
8.527687e-02 1792 4.070699e+03 3.387780e+05 2.841216e+07
9.513029e-02 2293 3.138353e+03 2.581529e+05 2.146824e+07
1.052419e-01 2848 2.840122e+03 2.311471e+05 1.906836e+07
1.151206e-01 3232 2.431264e+03 1.964300e+05 1.612473e+07
1.250948e-01 4077 2.338293e+03 1.869250e+05 1.520048e+07
1.351559e-01 4552 2.090603e+03 1.654417e+05 1.336454e+07
1.451184e-01 5377 1.872465e+03 1.462891e+05 1.170124e+07
1.550677e-01 5974 1.614435e+03 1.248565e+05 9.930095e+06
1.650359e-01 6976 1.432007e+03 1.094133e+05 8.632127e+06
1.750550e-01 7717 1.323830e+03 9.985466e+04 7.808262e+06
1.850940e-01 8776 1.236425e+03 9.227276e+04 7.160608e+06
1.950993e-01 9553 1.157976e+03 8.539318e+04 6.571504e+06
2.050639e-01 10660 1.075982e+03 7.845991e+04 5.990818e+06
2.150232e-01 11608 9.662713e+02 6.962335e+04 5.283304e+06
2.250206e-01 12937 9.266943e+02 6.576950e+04 4.930807e+06
2.351002e-01 14062 8.605912e+02 6.008805e+04 4.454770e+06
2.450739e-01 15105 8.072192e+02 5.602138e+04 4.141860e+06
2.550522e-01 16492 7.521205e+02 5.130999e+04 3.748908e+06
2.650604e-01 17821 7.103658e+02 4.792802e+04 3.479294e+06
2.750125e-01 18940 6.630052e+02 4.400899e+04 3.160562e+06
2.850269e-01 20836 6.304360e+02 4.131971e+04 2.939902e+06
2.950518e-01 21949 5.986722e+02 3.876346e+04 2.741432e+06
3.050599e-01 23656 5.667024e+02 3.610381e+04 2.527460e+06
3.149891e-01 24727 5.372635e+02 3.376479e+04 2.341960e+06
3.250379e-01 27400 5.131744e+02 3.178471e+04 2.185307e+06
3.350922e-01 28096 4.870265e+02 2.974714e+04 2.028509e+06
3.450584e-01 30337 4.765085e+02 2.854395e+04 1.915276e+06
3.550604e-01 31696 4.445309e+02 2.623491e+04 1.750116e+06
3.650295e-01 33849 4.301788e+02 2.510560e+04 1.660842e+06
3.750722e-01 35800 4.132217e+02 2.368992e+04 1.550656e+06
3.850647e-01 37348 3.936613e+02 2.225535e+04 1.446248e+06
3.950397e-01 39535 3.799585e+02 2.116424e+04 1.362473e+06
4.050307e-01 41452 3.684272e+02 2.019899e+04 1.284850e+06
4.150177e-01 43669 3.515946e+02 1.899990e+04 1.199975e+06
4.250356e-01 45832 3.407230e+02 1.811470e+04 1.133351e+06
4.350008e-01 47524 3.281307e+02 1.714389e+04 1.060947e+06
4.450186e-01 50761 3.181700e+02 1.638931e+04 1.004299e+06
4.550579e-01 52264 3.044817e+02 1.537025e+04 9.330229e+05
4.650571e-01 54973 2.970568e+02 1.471489e+04 8.815801e+05
4.750553e-01 56890 2.863313e+02 1.397990e+04 8.312056e+05
4.849982e-01 59233 2.770425e+02 1.334576e+04 7.875182e+05
4.949997e-01 62460 2.680667e+02 1.265981e+04 7.398106e+05
5.050400e-01 64660 2.583967e+02 1.203014e+04 6.976396e+05
5.150365e-01 67105 2.516700e+02 1.151942e+04 6.599384e+05
5.250511e-01 70108 2.444645e+02 1.099949e+04 6.247231e+05
5.350611e-01 72421 2.370707e+02 1.045526e+04 5.876358e+05
5.450809e-01 75628 2.304937e+02 1.000554e+04 5.561590e+05
5.550666e-01 77374 2.257580e+02 9.631514e+03 5.303434e+05
5.650248e-01 80965 2.188999e+02 9.158524e+03 4.989220e+05
5.750209e-01 83536 2.131543e+02 8.755942e+03 4.725494e+05
5.849943e-01 86509 2.069085e+02 8.365615e+03 4.468590e+05
5.950118e-01 90088 2.024105e+02 8.012706e+03 4.233416e+05
6.050243e-01 92524 1.973117e+02 7.677329e+03 4.013551e+05
6.150021e-01 95685 1.918882e+02 7.336122e+03 3.808897e+05
6.250268e-01 99460 1.862641e+02 6.993046e+03 3.590580e+05
6.350319e-01 101791 1.834138e+02 6.761945e+03 3.431819e+05
6.450443e-01 105940 1.777099e+02 6.399117e+03 3.215479e+05
6.550363e-01 108040 1.734785e+02 6.127035e+03 3.050777e+05
6.650248e-01 112417 1.687189e+02 5.859938e+03 2.894473e+05
6.749918e-01 114172 1.658339e+02 5.656610e+03 2.766979e+05
6.849838e-01 119989 1.623880e+02 5.434124e+03 2.629315e+05
6.950359e-01 122428 1.583902e+02 5.211753e+03 2.505541e+05
7.050021e-01 125049 1.546759e+02 4.962191e+03 2.356591e+05
7.150185e-01 130682 1.516136e+02 4.768086e+03 2.242468e+05
7.250500e-01 132820 1.479078e+02 4.555610e+03 2.124628e+05
7.350461e-01 137169 1.450203e+02 4.383762e+03 2.025076e+05
7.450354e-01 139912 1.418734e+02 4.206382e+03 1.923098e+05
7.550326e-01 145021 1.379019e+02 3.995018e+03 1.813463e+05
7.650453e-01 148000 1.353418e+02 3.848058e+03 1.728579e+05
7.750260e-01 151840 1.324891e+02 3.678506e+03 1.637581e+05
7.849916e-01 155365 1.300369e+02 3.533115e+03 1.562816e+05
7.950130e-01 161410 1.275904e+02 3.396737e+03 1.488232e+05
8.050563e-01 164341 1.250498e+02 3.251134e+03 1.411408e+05
8.150452e-01 167704 1.221076e+02 3.113091e+03 1.342259e+05
8.250456e-01 172960 1.202455e+02 2.995635e+03 1.282099e+05
8.350307e-01 175597 1.172463e+02 2.861604e+03 1.215859e+05
8.450225e-01 181552 1.152203e+02 2.752216e+03 1.160758e+05
8.550387e-01 185185 1.127926e+02 2.634109e+03 1.100150e+05
8.650410e-01 189576 1.108637e+02 2.533541e+03 1.051116e+05
8.750145e-01 192850 1.086597e+02 2.420011e+03 9.977903e+04
8.849866e-01 198481 1.068981e+02 2.332802e+03 9.523920e+04
8.950163e-01 203908 1.048568e+02 2.232464e+03 9.073254e+04
9.050183e-01 206677 1.025462e+02 2.138865e+03 8.672078e+04
9.150119e-01 212440 1.009580e+02 2.051841e+03 8.250352e+04
9.250146e-01 216544 9.914487e+01 1.968807e+03 7.873027e+04
9.350152e-01 221725 9.722703e+01 1.884713e+03 7.526143e+04
9.450189e-01 226024 9.523325e+01 1.803909e+03 7.169795e+04
9.550021e-01 230515 9.400491e+01 1.737056e+03 6.843709e+04
9.650081e-01 236548 9.194508e+01 1.654052e+03 6.514944e+04
9.750165e-01 240697 9.098067e+01 1.599858e+03 6.245384e+04
9.850258e-01 246264 8.902367e+01 1.529706e+03 5.972667e+04
9.950310e-01 250480 8.736634e+01 1.461667e+03 5.706881e+04
