# nc 512
# boxsize 1.000000e+03
8.018239e-03 9 9.303153e+03 8.087659e+05 7.031185e+07
1.659868e-02 64 1.286104e+04 1.117200e+06 9.706740e+07
2.586446e-02 157 1.174223e+04 1.015434e+06 8.785454e+07
3.529679e-02 292 9.307319e+03 8.024362e+05 6.926525e+07
4.513097e-02 529 6.915010e+03 5.939328e+05 5.112177e+07
5.555287e-02 820 5.819577e+03 4.964460e+05 4.248541e+07
6.539610e-02 1000 5.207502e+03 4.406049e+05 3.744436e+07
7.523297e-02 1483 4.776654e+03 3.998227e+05 3.366289e+07
8.527687e-02 1792 3.726887e+03 3.104486e+05 2.608133e+07
9.513029e-02 2293 3.223635e+03 2.655966e+05 2.211569e+07
1.052419e-01 2848 2.629095e+03 2.140445e+05 1.766297e+07
1.151206e-01 3232 2.434770e+03 1.969089e+05 1.617222e+07
1.250948e-01 4077 2.281968e+03 1.826272e+05 1.487148e+07
1.351559e-01 4552 2.035647e+03 1.611593e+05 1.301831e+07
1.451184e-01 5377 1.813531e+03 1.419238e+05 1.137000e+07
1.550677e-01 5974 1.623743e+03 1.258273e+05 1.002184e+07
1.650359e-01 6976 1.433839e+03 1.096370e+05 8.653521e+06
1.750550e-01 7717 1.316647e+03 9.939187e+04 7.769578e+06
1.850940e-01 8776 1.220026e+03 9.126109e+04 7.096039e+06
1.950993e-01 9553 1.131762e+03 8.345107e+04 6.423128e+06
2.050639e-01 10660 1.068668e+03 7.809229e+04 5.980726e+06
2.150232e-01 11608 9.861458e+02 7.089323e+04 5.360014e+06
2.250206e-01 12937 9.098640e+02 6.440416e+04 4.820251e+06
2.351002e-01 14062 8.531912e+02 5.970786e+04 4.432889e+06
2.450739e-01 15105 7.831088e+02 5.420363e+04 4.003360e+06
2.550522e-01 16492 7.532917e+02 5.138814e+04 3.755035e+06
2.650604e-01 17821 7.111263e+02 4.799524e+04 3.484330e+06
2.750125e-01 18940 6.707362e+02 4.455985e+04 3.199828e+06
2.850269e-01 20836 6.339877e+02 4.154141e+04 2.959900e+06
2.950518e-01 21949 5.971215e+02 3.852889e+04 2.715106e+06
3.050599e-01 23656 5.693120e+02 3.623275e+04 2.531259e+06
3.149891e-01 24727 5.411395e+02 3.392659e+04 2.347740e+06
3.250379e-01 27400 5.162996e+02 3.195412e+04 2.194369e+06
3.350922e-01 28096 4.868175e+02 2.967831e+04 2.023774e+06
3.450584e-01 30337 4.649211e+02 2.790810e+04 1.884046e+06
3.550604e-01 31696 4.494732e+02 2.650046e+04 1.764291e+06
3.650295e-01 33849 4.290330e+02 2.502930e+04 1.658236e+06
3.750722e-01 35800 4.134031e+02 2.369793e+04 1.551868e+06
3.850647e-01 37348 3.975927e+02 2.243970e+04 1.455863e+06
3.950397e-01 39535 3.788416e+02 2.102131e+04 1.349719e+06
4.050307e-01 41452 3.641884e+02 1.989714e+04 1.268547e+06
4.150177e-01 43669 3.513242e+02 1.895408e+04 1.197567e+06
4.250356e-01 45832 3.383476e+02 1.793408e+04 1.120776e+06
4.350008e-01 47524 3.273694e+02 1.711380e+04 1.059773e+06
4.450186e-01 50761 3.164393e+02 1.621818e+04 9.934159e+05
4.550579e-01 52264 3.041691e+02 1.537722e+04 9.351710e+05
4.650571e-01 54973 2.960393e+02 1.473425e+04 8.876822e+05
4.750553e-01 56890 2.855677e+02 1.398085e+04 8.333532e+05
4.849982e-01 59233 2.760034e+02 1.325131e+04 7.820949e+05
4.949997e-01 62460 2.669969e+02 1.261716e+04 7.373480e+05
5.050400e-01 64660 2.586892e+02 1.197931e+04 6.931495e+05
5.150365e-01 67105 2.531746e+02 1.154162e+04 6.596752e+05
5.250511e-01 70108 2.462700e+02 1.103778e+04 6.243930e+05
5.350611e-01 72421 2.376857e+02 1.049535e+04 5.903368e+05
5.450809e-01 75628 2.316445e+02 1.003156e+04 5.570931e+05
5.550666e-01 77374 2.235642e+02 9.516675e+03 5.241646e+05
5.650248e-01 80965 2.192111e+02 9.153676e+03 4.976893e+05
5.750209e-01 83536 2.115621e+02 8.691923e+03 4.702347e+05
5.849943e-01 86509 2.075348e+02 8.375661e+03 4.478772e+05
5.950118e-01 90088 2.022996e+02 7.988595e+03 4.218350e+05
6.050243e-01 92524 1.967173e+02 7.667519e+03 4.030169e+05
6.150021e-01 95685 1.920165e+02 7.322585e+03 3.802262e+05
6.250268e-01 99460 1.865900e+02 6.986685e+03 3.590878e+05
6.350319e-01 101791 1.822311e+02 6.701540e+03 3.411439e+05
6.450443e-01 105940 1.783086e+02 6.425408e+03 3.235664e+05
6.550363e-01 108040 1.738090e+02 6.142524e+03 3.070636e+05
6.650248e-01 112417 1.690314e+02 5.883156e+03 2.910120e+05
6.749918e-01 114172 1.649432e+02 5.622578e+03 2.755641e+05
6.849838e-01 119989 1.606810e+02 5.357858e+03 2.602792e+05
6.950359e-01 122428 1.582281e+02 5.176449e+03 2.484778e+05
7.050021e-01 125049 1.543993e+02 4.945470e+03 2.350884e+05
7.150185e-01 130682 1.507763e+02 4.742301e+03 2.234986e+05
7.250500e-01 132820 1.478175e+02 4.547709e+03 2.124696e+05
7.350461e-01 137169 1.443286e+02 4.356847e+03 2.015735e+05
7.450354e-01 139912 1.406262e+02 4.157010e+03 1.907509e+05
7.550326e-01 145021 1.384706e+02 4.003356e+03 1.821441e+05
7.650453e-01 148000 1.353767e+02 3.848305e+03 1.734422e+05
7.750260e-01 151840 1.326775e+02 3.672624e+03 1.639904e+05
7.849916e-01 155365 1.290701e+02 3.516954e+03 1.565593e+05
7.950130e-01 161410 1.270911e+02 3.382830e+03 1.485775e+05
8.050563e-01 164341 1.246480e+02 3.247135e+03 1.413950e+05
8.150452e-01 167704 1.219487e+02 3.111450e+03 1.348106e+05
8.250456e-01 172960 1.196156e+02 2.977942e+03 1.276010e+05
8.350307e-01 175597 1.173078e+02 2.862462e+03 1.218294e+05
8.450225e-01 181552 1.146130e+02 2.736443e+03 1.155835e+05
8.550387e-01 185185 1.127350e+02 2.635329e+03 1.105893e+05
8.650410e-01 189576 1.105644e+02 2.521147e+03 1.050182e+05
8.750145e-01 192850 1.082587e+02 2.411395e+03 9.983832e+04
8.849866e-01 198481 1.062455e+02 2.315457e+03 9.526934e+04
8.950163e-01 203908 1.047547e+02 2.226611e+03 9.082558e+04
9.050183e-01 206677 1.020290e+02 2.121318e+03 8.649424e+04
9.150119e-01 212440 1.006248e+02 2.048043e+03 8.263708e+04
9.250146e-01 216544 9.852534e+01 1.958565e+03 7.863395e+04
9.350152e-01 221725 9.717281e+01 1.885022e+03 7.518612e+04
9.450189e-01 226024 9.514539e+01 1.803461e+03 7.180700e+04
9.550021e-01 230515 9.329989e+01 1.721403e+03 6.828473e+04
9.650081e-01 236548 9.162068e+01 1.650416e+03 6.524872e+04
9.750165e-01 240697 9.012293e+01 1.589583e+03 6.266461e+04
9.850258e-01 246264 8.881737e+01 1.524989e+03 5.988832e+04
9.950310e-01 250480 8.696816e+01 1.452984e+03 5.680741e+04
