# nc 512
# boxsize 1.000000e+03
8.018239e-03 9 2.045121e+04 1.777045e+06 1.544133e+08
1.659868e-02 64 1.364328e+04 1.180025e+06 1.020841e+08
2.586446e-02 157 1.209676e+04 1.045637e+06 9.043782e+07
3.529679e-02 292 9.417733e+03 8.111941e+05 6.994829e+07
4.513097e-02 529 7.311407e+03 6.254948e+05 5.362904e+07
5.555287e-02 820 6.104667e+03 5.186771e+05 4.421481e+07
6.539610e-02 1000 5.635144e+03 4.761483e+05 4.041458e+07
7.523297e-02 1483 4.789931e+03 4.015754e+05 3.387929e+07
8.527687e-02 1792 3.854005e+03 3.209849e+05 2.696669e+07
9.513029e-02 2293 3.202539e+03 2.632111e+05 2.187365e+07
1.052419e-01 2848 2.783961e+03 2.262068e+05 1.862465e+07
1.151206e-01 3232 2.486097e+03 2.009099e+05 1.649426e+07
1.250948e-01 4077 2.245270e+03 1.794165e+05 1.460180e+07
1.351559e-01 4552 2.076898e+03 1.640987e+05 1.324477e+07
1.451184e-01 5377 1.778332e+03 1.387654e+05 1.110609e+07
1.550677e-01 5974 1.631203e+03 1.260245e+05 1.001149e+07
1.650359e-01 6976 1.445211e+03 1.103552e+05 8.705563e+06
1.750550e-01 7717 1.327399e+03 1.002906e+05 7.853764e+06
1.850940e-01 8776 1.245307e+03 9.284186e+04 7.199250e+06
1.950993e-01 9553 1.159740e+03 8.576446e+04 6.620210e+06
2.050639e-01 10660 1.067634e+03 7.779627e+04 5.941636e+06
2.150232e-01 11608 1.001564e+03 7.199094e+04 5.440850e+06
2.250206e-01 12937 9.146965e+02 6.482861e+04 4.857248e+06
2.351002e-01 14062 8.554520e+02 5.979104e+04 4.440650e+06
2.450739e-01 15105 7.943885e+02 5.483014e+04 4.043141e+06
2.550522e-01 16492 7.550651e+02 5.144796e+04 3.756945e+06
2.650604e-01 17821 7.128576e+02 4.803804e+04 3.484857e+06
2.750125e-01 18940 6.674929e+02 4.432854e+04 3.185211e+06
2.850269e-01 20836 6.312662e+02 4.124652e+04 2.929688e+06
2.950518e-01 21949 6.010179e+02 3.874371e+04 2.730476e+06
3.050599e-01 23656 5.683541e+02 3.607073e+04 2.517497e+06
3.149891e-01 24727 5.479117e+02 3.425028e+04 2.365118e+06
3.250379e-01 27400 5.206391e+02 3.215494e+04 2.203108e+06
3.350922e-01 28096 4.936358e+02 2.998049e+04 2.032369e+06
3.450584e-01 30337 4.677655e+02 2.799506e+04 1.883137e+06
3.550604e-01 31696 4.489626e+02 2.647032e+04 1.763593e+06
3.650295e-01 33849 4.319038e+02 2.507721e+04 1.650913e+06
3.750722e-01 35800 4.148347e+02 2.375685e+04 1.556839e+06
3.850647e-01 37348 3.998120e+02 2.252878e+04 1.458701e+06
3.950397e-01 39535 3.818708e+02 2.124894e+04 1.367891e+06
4.050307e-01 41452 3.660923e+02 2.005765e+04 1.279785e+06
4.150177e-01 43669 3.551826e+02 1.910735e+04 1.203484e+06
4.250356e-01 45832 3.443257e+02 1.827841e+04 1.140512e+06
4.350008e-01 47524 3.289464e+02 1.710121e+04 1.056558e+06
4.450186e-01 50761 3.183984e+02 1.631398e+04 9.978847e+05
4.550579e-01 52264 3.088755e+02 1.557031e+04 9.420038e+05
4.650571e-01 54973 2.972585e+02 1.475910e+04 8.857535e+05
4.750553e-01 56890 2.880308e+02 1.405585e+04 8.352630e+05
4.849982e-01 59233 2.770691e+02 1.328945e+04 7.834643e+05
4.949997e-01 62460 2.682702e+02 1.263058e+04 7.349391e+05
5.050400e-01 64660 2.614781e+02 1.211667e+04 7.000184e+05
5.150365e-01 67105 2.539637e+02 1.155449e+04 6.599216e+05
5.250511e-01 70108 2.469144e+02 1.106800e+04 6.268192e+05
5.350611e-01 72421 2.394508e+02 1.053694e+04 5.903504e+05
5.450809e-01 75628 2.312390e+02 9.996016e+03 5.542621e+05
5.550666e-01 77374 2.258367e+02 9.610551e+03 5.282972e+05
5.650248e-01 80965 2.202951e+02 9.200843e+03 5.007639e+05
5.750209e-01 83536 2.146353e+02 8.820873e+03 4.755395e+05
5.849943e-01 86509 2.070100e+02 8.335396e+03 4.449870e+05
5.950118e-01 90088 2.018758e+02 7.955110e+03 4.209959e+05
6.050243e-01 92524 1.979008e+02 7.674004e+03 4.016101e+05
6.150021e-01 95685 1.935742e+02 7.347042e+03 3.792301e+05
6.250268e-01 99460 1.871633e+02 6.998137e+03 3.587176e+05
6.350319e-01 101791 1.831064e+02 6.722100e+03 3.409657e+05
6.450443e-01 105940 1.779320e+02 6.401339e+03 3.222847e+05
6.550363e-01 108040 1.749529e+02 6.150296e+03 3.060894e+05
6.650248e-01 112417 1.695354e+02 5.875396e+03 2.900318e+05
6.749918e-01 114172 1.674891e+02 5.684164e+03 2.770612e+05
6.849838e-01 119989 1.625153e+02 5.413951e+03 2.624351e+05
6.950359e-01 122428 1.585980e+02 5.170761e+03 2.478362e+05
7.050021e-01 125049 1.556595e+02 4.976029e+03 2.362394e+05
7.150185e-01 130682 1.515506e+02 4.758917e+03 2.241137e+05
7.250500e-01 132820 1.489518e+02 4.579200e+03 2.132990e+05
7.350461e-01 137169 1.447949e+02 4.355811e+03 2.010805e+05
7.450354e-01 139912 1.427889e+02 4.200713e+03 1.918131e+05
7.550326e-01 145021 1.393458e+02 4.024454e+03 1.823546e+05
7.650453e-01 148000 1.357562e+02 3.852076e+03 1.736003e+05
7.750260e-01 151840 1.329864e+02 3.679109e+03 1.641347e+05
7.849916e-01 155365 1.307261e+02 3.545898e+03 1.564819e+05
7.950130e-01 161410 1.281567e+02 3.406192e+03 1.491303e+05
8.050563e-01 164341 1.253770e+02 3.262828e+03 1.419433e+05
8.150452e-01 167704 1.234197e+02 3.133213e+03 1.348366e+05
8.250456e-01 172960 1.204745e+02 2.996189e+03 1.281044e+05
8.350307e-01 175597 1.183739e+02 2.871301e+03 1.216089e+05
8.450225e-01 181552 1.160373e+02 2.753525e+03 1.159054e+05
8.550387e-01 185185 1.135228e+02 2.641703e+03 1.105451e+05
8.650410e-01 189576 1.110995e+02 2.521419e+03 1.046396e+05
8.750145e-01 192850 1.088886e+02 2.419767e+03 9.984148e+04
8.849866e-01 198481 1.072890e+02 2.333116e+03 9.558624e+04
8.950163e-01 203908 1.048231e+02 2.227049e+03 9.082645e+04
9.050183e-01 206677 1.031320e+02 2.135269e+03 8.626020e+04
9.150119e-01 212440 1.012801e+02 2.051410e+03 8.257292e+04
9.250146e-01 216544 9.934998e+01 1.961684e+03 7.861934e+04
9.350152e-01 221725 9.750616e+01 1.881592e+03 7.506069e+04
9.450189e-01 226024 9.595005e+01 1.807998e+03 7.164795e+04
9.550021e-01 230515 9.432302e+01 1.736519e+03 6.856681e+04
9.650081e-01 236548 9.271164e+01 1.660989e+03 6.533839e+04
9.750165e-01 240697 9.075143e+01 1.577552e+03 6.184021e+04
9.850258e-01 246264 8.914664e+01 1.520467e+03 5.957476e+04
9.950310e-01 250480 8.792467e+01 1.459184e+03 5.684416e+04
