# nc 512
# boxsize 1.000000e+03
8.018239e-03 9 1.613388e+04 1.401025e+06 1.216636e+08
1.659868e-02 64 1.676822e+04 1.450458e+06 1.254883e+08
2.586446e-02 157 1.282544e+04 1.107718e+06 9.573245e+07
3.529679e-02 292 9.276058e+03 7.963596e+05 6.845849e+07
4.513097e-02 529 7.871063e+03 6.716759e+05 5.744993e+07
5.555287e-02 820 6.290941e+03 5.340842e+05 4.550150e+07
6.539610e-02 1000 5.472599e+03 4.609227e+05 3.901984e+07
7.523297e-02 1483 4.628016e+03 3.872150e+05 3.261622e+07
8.527687e-02 1792 3.882317e+03 3.216443e+05 2.687560e+07
9.513029e-02 2293 3.132138e+03 2.563570e+05 2.122395e+07
1.052419e-01 2848 2.668817e+03 2.176415e+05 1.798762e+07
1.151206e-01 3232 2.485263e+03 2.008054e+05 1.648596e+07
1.250948e-01 4077 2.305654e+03 1.845288e+05 1.503855e+07
1.351559e-01 4552 2.041554e+03 1.616880e+05 1.307823e+07
1.451184e-01 5377 1.866920e+03 1.462180e+05 1.172423e+07
1.550677e-01 5974 1.614106e+03 1.246280e+05 9.891122e+06
1.650359e-01 6976 1.461599e+03 1.115792e+05 8.797571e+06
1.750550e-01 7717 1.328587e+03 1.004619e+05 7.872352e+06
1.850940e-01 8776 1.234049e+03 9.221199e+04 7.161132e+06
1.950993e-01 9553 1.157170e+03 8.558287e+04 6.604806e+06
2.050639e-01 10660 1.073226e+03 7.832470e+04 5.986942e+06
2.150232e-01 11608 9.832258e+02 7.074460e+04 5.353134e+06
2.250206e-01 12937 8.958520e+02 6.367030e+04 4.786180e+06
2.351002e-01 14062 8.520558e+02 5.968126e+04 4.435110e+06
2.450739e-01 15105 7.918312e+02 5.486209e+04 4.052365e+06
2.550522e-01 16492 7.469641e+02 5.113958e+04 3.750647e+06
2.650604e-01 17821 7.076379e+02 4.753891e+04 3.442097e+06
2.750125e-01 18940 6.732472e+02 4.470414e+04 3.210242e+06
2.850269e-01 20836 6.409604e+02 4.188987e+04 2.974238e+06
2.950518e-01 21949 6.003032e+02 3.858664e+04 2.714076e+06
3.050599e-01 23656 5.669197e+02 3.603805e+04 2.519040e+06
3.149891e-01 24727 5.512688e+02 3.451568e+04 2.382440e+06
3.250379e-01 27400 5.199424e+02 3.215546e+04 2.207354e+06
3.350922e-01 28096 4.884254e+02 2.971453e+04 2.019930e+06
3.450584e-01 30337 4.683068e+02 2.811626e+04 1.896804e+06
3.550604e-01 31696 4.568734e+02 2.697654e+04 1.797593e+06
3.650295e-01 33849 4.326903e+02 2.521415e+04 1.669260e+06
3.750722e-01 35800 4.137259e+02 2.365176e+04 1.545467e+06
3.850647e-01 37348 4.003967e+02 2.256767e+04 1.462148e+06
3.950397e-01 39535 3.784117e+02 2.100052e+04 1.351914e+06
4.050307e-01 41452 3.642642e+02 1.993864e+04 1.271491e+06
4.150177e-01 43669 3.556778e+02 1.911997e+04 1.203396e+06
4.250356e-01 45832 3.429177e+02 1.815285e+04 1.132184e+06
4.350008e-01 47524 3.294409e+02 1.715747e+04 1.060385e+06
4.450186e-01 50761 3.167554e+02 1.621875e+04 9.922639e+05
4.550579e-01 52264 3.044875e+02 1.536049e+04 9.340078e+05
4.650571e-01 54973 2.963945e+02 1.466949e+04 8.806651e+05
4.750553e-01 56890 2.869543e+02 1.403000e+04 8.361228e+05
4.849982e-01 59233 2.778740e+02 1.333046e+04 7.860941e+05
4.949997e-01 62460 2.691483e+02 1.267946e+04 7.389285e+05
5.050400e-01 64660 2.604200e+02 1.205626e+04 6.965932e+05
5.150365e-01 67105 2.543554e+02 1.158877e+04 6.627325e+05
5.250511e-01 70108 2.450383e+02 1.096510e+04 6.216767e+05
5.350611e-01 72421 2.375827e+02 1.045361e+04 5.874176e+05
5.450809e-01 75628 2.330802e+02 1.006698e+04 5.583109e+05
5.550666e-01 77374 2.260096e+02 9.599746e+03 5.271044e+05
5.650248e-01 80965 2.193066e+02 9.157627e+03 4.991602e+05
5.750209e-01 83536 2.136507e+02 8.750187e+03 4.711230e+05
5.849943e-01 86509 2.086505e+02 8.402534e+03 4.481232e+05
5.950118e-01 90088 2.043684e+02 8.065219e+03 4.253366e+05
6.050243e-01 92524 1.984283e+02 7.685111e+03 4.014346e+05
6.150021e-01 95685 1.920683e+02 7.306729e+03 3.792836e+05
6.250268e-01 99460 1.874958e+02 6.978400e+03 3.578684e+05
6.350319e-01 101791 1.828674e+02 6.700829e+03 3.407576e+05
6.450443e-01 105940 1.782649e+02 6.402232e+03 3.223475e+05
6.550363e-01 108040 1.749913e+02 6.182590e+03 3.080034e+05
6.650248e-01 112417 1.710716e+02 5.910432e+03 2.912447e+05
6.749918e-01 114172 1.660580e+02 5.644904e+03 2.762704e+05
6.849838e-01 119989 1.622390e+02 5.398602e+03 2.613618e+05
6.950359e-01 122428 1.586576e+02 5.180751e+03 2.492241e+05
7.050021e-01 125049 1.553692e+02 4.965641e+03 2.355203e+05
7.150185e-01 130682 1.521642e+02 4.762550e+03 2.239287e+05
7.250500e-01 132820 1.485496e+02 4.558850e+03 2.121348e+05
7.350461e-01 137169 1.455098e+02 4.370904e+03 2.014944e+05
7.450354e-01 139912 1.419445e+02 4.192212e+03 1.923199e+05
7.550326e-01 145021 1.391536e+02 4.023708e+03 1.823671e+05
7.650453e-01 148000 1.359903e+02 3.849509e+03 1.731798e+05
7.750260e-01 151840 1.331808e+02 3.673366e+03 1.639158e+05
7.849916e-01 155365 1.302488e+02 3.526539e+03 1.559299e+05
7.950130e-01 161410 1.274492e+02 3.381503e+03 1.484817e+05
8.050563e-01 164341 1.254387e+02 3.255124e+03 1.414976e+05
8.150452e-01 167704 1.229940e+02 3.111700e+03 1.340316e+05
8.250456e-01 172960 1.201831e+02 2.981580e+03 1.274902e+05
8.350307e-01 175597 1.175897e+02 2.851097e+03 1.215591e+05
8.450225e-01 181552 1.157662e+02 2.744750e+03 1.156795e+05
8.550387e-01 185185 1.130708e+02 2.626618e+03 1.100029e+05
8.650410e-01 189576 1.112264e+02 2.521886e+03 1.045697e+05
8.750145e-01 192850 1.088463e+02 2.413641e+03 9.970784e+04
8.849866e-01 198481 1.072506e+02 2.324422e+03 9.513841e+04
8.950163e-01 203908 1.048311e+02 2.230587e+03 9.093358e+04
9.050183e-01 206677 1.028134e+02 2.134671e+03 8.658367e+04
9.150119e-01 212440 1.008113e+02 2.038328e+03 8.208745e+04
9.250146e-01 216544 9.944322e+01 1.965401e+03 7.880156e+04
9.350152e-01 221725 9.750090e+01 1.879980e+03 7.506658e+04
9.450189e-01 226024 9.576515e+01 1.807665e+03 7.172167e+04
9.550021e-01 230515 9.400550e+01 1.727364e+03 6.829530e+04
9.650081e-01 236548 9.243932e+01 1.656862e+03 6.536375e+04
9.750165e-01 240697 9.078993e+01 1.588738e+03 6.228866e+04
9.850258e-01 246264 8.893443e+01 1.519056e+03 5.954007e+04
9.950310e-01 250480 8.772684e+01 1.459053e+03 5.697411e+04
