# nc 512
# boxsize 1.000000e+03
8.018239e-03 9 7.368870e+03 6.400655e+05 5.559818e+07
1.659868e-02 64 1.219857e+04 1.059125e+06 9.197258e+07
2.586446e-02 157 1.085705e+04 9.404821e+05 8.150826e+07
3.529679e-02 292 9.003232e+03 7.775904e+05 6.723614e+07
4.513097e-02 529 7.691590e+03 6.591499e+05 5.660919e+07
5.555287e-02 820 6.164106e+03 5.251782e+05 4.488830e+07
6.539610e-02 1000 5.487154e+03 4.637588e+05 3.937150e+07
7.523297e-02 1483 4.549682e+03 3.825728e+05 3.236506e+07
8.527687e-02 1792 3.949642e+03 3.284276e+05 2.752345e+07
9.513029e-02 2293 3.116659e+03 2.563644e+05 2.131858e+07
1.052419e-01 2848 2.765482e+03 2.256181e+05 1.864752e+07
1.151206e-01 3232 2.398465e+03 1.939419e+05 1.593504e+07
1.250948e-01 4077 2.279843e+03 1.824816e+05 1.485702e+07
1.351559e-01 4552 2.076716e+03 1.644591e+05 1.328175e+07
1.451184e-01 5377 1.806531e+03 1.415846e+05 1.136299e+07
1.550677e-01 5974 1.598955e+03 1.236888e+05 9.832793e+06
1.650359e-01 6976 1.431182e+03 1.097495e+05 8.684018e+06
1.750550e-01 7717 1.341170e+03 1.011922e+05 7.901646e+06
1.850940e-01 8776 1.226469e+03 9.191722e+04 7.160682e+06
1.950993e-01 9553 1.160174e+03 8.594368e+04 6.631132e+06
2.050639e-01 10660 1.058791e+03 7.715883e+04 5.887745e+06
2.150232e-01 11608 9.674354e+02 6.973453e+04 5.288268e+06
2.250206e-01 12937 9.007939e+02 6.390207e+04 4.790646e+06
2.351002e-01 14062 8.539672e+02 5.979707e+04 4.439562e+06
2.450739e-01 15105 8.047847e+02 5.566909e+04 4.103881e+06
2.550522e-01 16492 7.492454e+02 5.132830e+04 3.763613e+06
2.650604e-01 17821 7.019180e+02 4.735332e+04 3.438142e+06
2.750125e-01 18940 6.691591e+02 4.451823e+04 3.202219e+06
2.850269e-01 20836 6.276845e+02 4.115288e+04 2.931618e+06
2.950518e-01 21949 5.939722e+02 3.832751e+04 2.701656e+06
3.050599e-01 23656 5.689144e+02 3.625937e+04 2.536575e+06
3.149891e-01 24727 5.336967e+02 3.347336e+04 2.320964e+06
3.250379e-01 27400 5.144164e+02 3.184916e+04 2.188698e+06
3.350922e-01 28096 4.929240e+02 3.009245e+04 2.047341e+06
3.450584e-01 30337 4.707951e+02 2.835185e+04 1.914182e+06
3.550604e-01 31696 4.458354e+02 2.644802e+04 1.770489e+06
3.650295e-01 33849 4.346716e+02 2.537644e+04 1.677292e+06
3.750722e-01 35800 4.122234e+02 2.364259e+04 1.548046e+06
3.850647e-01 37348 3.958745e+02 2.240504e+04 1.455261e+06
3.950397e-01 39535 3.797661e+02 2.114207e+04 1.359724e+06
4.050307e-01 41452 3.656096e+02 2.006247e+04 1.279074e+06
4.150177e-01 43669 3.513148e+02 1.893292e+04 1.194472e+06
4.250356e-01 45832 3.388514e+02 1.798883e+04 1.123867e+06
4.350008e-01 47524 3.279706e+02 1.713970e+04 1.060664e+06
4.450186e-01 50761 3.149570e+02 1.619824e+04 9.933718e+05
4.550579e-01 52264 3.070606e+02 1.550956e+04 9.402030e+05
4.650571e-01 54973 2.943421e+02 1.465980e+04 8.832448e+05
4.750553e-01 56890 2.862445e+02 1.399625e+04 8.337159e+05
4.849982e-01 59233 2.785310e+02 1.338362e+04 7.875598e+05
4.949997e-01 62460 2.689984e+02 1.272023e+04 7.430304e+05
5.050400e-01 64660 2.595513e+02 1.207791e+04 6.986518e+05
5.150365e-01 67105 2.520380e+02 1.150753e+04 6.594604e+05
5.250511e-01 70108 2.434856e+02 1.093200e+04 6.200389e+05
5.350611e-01 72421 2.370689e+02 1.047915e+04 5.882788e+05
5.450809e-01 75628 2.311871e+02 1.004613e+04 5.587442e+05
5.550666e-01 77374 2.249093e+02 9.588262e+03 5.280342e+05
5.650248e-01 80965 2.181205e+02 9.145028e+03 4.986378e+05
5.750209e-01 83536 2.111735e+02 8.689302e+03 4.694593e+05
5.849943e-01 86509 2.062109e+02 8.331477e+03 4.453359e+05
5.950118e-01 90088 2.020741e+02 8.012605e+03 4.242947e+05
6.050243e-01 92524 1.964715e+02 7.646360e+03 4.005560e+05
6.150021e-01 95685 1.920091e+02 7.347324e+03 3.812817e+05
6.250268e-01 99460 1.856228e+02 6.968966e+03 3.582392e+05
6.350319e-01 101791 1.828273e+02 6.728355e+03 3.417219e+05
6.450443e-01 105940 1.780809e+02 6.429938e+03 3.241616e+05
6.550363e-01 108040 1.732335e+02 6.145293e+03 3.064391e+05
6.650248e-01 112417 1.691366e+02 5.870506e+03 2.900516e+05
6.749918e-01 114172 1.655824e+02 5.640467e+03 2.757921e+05
6.849838e-01 119989 1.613253e+02 5.407699e+03 2.626838e+05
6.950359e-01 122428 1.576917e+02 5.157922e+03 2.473094e+05
7.050021e-01 125049 1.547054e+02 4.978496e+03 2.366147e+05
7.150185e-01 130682 1.509751e+02 4.760433e+03 2.242078e+05
7.250500e-01 132820 1.479081e+02 4.563406e+03 2.128236e+05
7.350461e-01 137169 1.443784e+02 4.362265e+03 2.017362e+05
7.450354e-01 139912 1.408983e+02 4.176453e+03 1.913400e+05
7.550326e-01 145021 1.383534e+02 4.024541e+03 1.825870e+05
7.650453e-01 148000 1.354240e+02 3.864139e+03 1.741070e+05
7.750260e-01 151840 1.324500e+02 3.686237e+03 1.645011e+05
7.849916e-01 155365 1.295788e+02 3.536133e+03 1.564593e+05
7.950130e-01 161410 1.271166e+02 3.397388e+03 1.487026e+05
8.050563e-01 164341 1.241270e+02 3.242357e+03 1.413200e+05
8.150452e-01 167704 1.225810e+02 3.138090e+03 1.352480e+05
8.250456e-01 172960 1.195339e+02 2.989383e+03 1.276757e+05
8.350307e-01 175597 1.170950e+02 2.861905e+03 1.215932e+05
8.450225e-01 181552 1.149044e+02 2.749920e+03 1.158874e+05
8.550387e-01 185185 1.123309e+02 2.636672e+03 1.106610e+05
8.650410e-01 189576 1.108521e+02 2.534473e+03 1.051526e+05
8.750145e-01 192850 1.081730e+02 2.421771e+03 9.991063e+04
8.849866e-01 198481 1.063766e+02 2.322371e+03 9.524246e+04
8.950163e-01 203908 1.041694e+02 2.223199e+03 9.076849e+04
9.050183e-01 206677 1.025465e+02 2.137986e+03 8.655966e+04
9.150119e-01 212440 1.004315e+02 2.048606e+03 8.238309e+04
9.250146e-01 216544 9.872021e+01 1.965449e+03 7.883156e+04
9.350152e-01 221725 9.728916e+01 1.889808e+03 7.526497e+04
9.450189e-01 226024 9.503111e+01 1.805750e+03 7.179608e+04
9.550021e-01 230515 9.320827e+01 1.727618e+03 6.834708e+04
9.650081e-01 236548 9.138972e+01 1.652255e+03 6.503734e+04
9.750165e-01 240697 9.025086e+01 1.593897e+03 6.245548e+04
9.850258e-01 246264 8.853220e+01 1.529422e+03 5.974247e+04
9.950310e-01 250480 8.729674e+01 1.468745e+03 5.718293e+04
