8.018239e-03 9 6.882303e+03
1.659868e-02 64 7.209986e+03
2.586446e-02 157 5.513651e+03
3.529679e-02 292 3.979676e+03
4.513097e-02 529 3.391771e+03
5.555287e-02 820 2.700953e+03
6.539610e-02 1000 2.354686e+03
7.523297e-02 1483 2.014981e+03
8.527687e-02 1792 1.677140e+03
9.513029e-02 2293 1.335106e+03
1.052419e-01 2848 1.139048e+03
1.151206e-01 3232 1.074770e+03
1.250948e-01 4077 9.969050e+02
1.351559e-01 4552 8.793984e+02
1.451184e-01 5377 7.932144e+02
1.550677e-01 5974 6.893062e+02
1.650359e-01 6976 6.160764e+02
1.750550e-01 7717 5.626218e+02
1.850940e-01 8776 5.195591e+02
1.950993e-01 9553 4.919830e+02
2.050639e-01 10660 4.548736e+02
2.150232e-01 11608 4.072285e+02
2.250206e-01 12937 3.708819e+02
2.351002e-01 14062 3.512820e+02
2.450739e-01 15105 3.249704e+02
2.550522e-01 16492 3.093367e+02
2.650604e-01 17821 2.888647e+02
2.750125e-01 18940 2.751598e+02
2.850269e-01 20836 2.583025e+02
2.950518e-01 21949 2.411950e+02
3.050599e-01 23656 2.271221e+02
3.149891e-01 24727 2.183442e+02
3.250379e-01 27400 2.079761e+02
3.350922e-01 28096 1.934828e+02
3.450584e-01 30337 1.848669e+02
3.550604e-01 31696 1.779160e+02
3.650295e-01 33849 1.685142e+02
3.750722e-01 35800 1.600740e+02
3.850647e-01 37348 1.550028e+02
3.950397e-01 39535 1.474069e+02
4.050307e-01 41452 1.416781e+02
4.150177e-01 43669 1.365623e+02
4.250356e-01 45832 1.302307e+02
4.350008e-01 47524 1.266068e+02
4.450186e-01 50761 1.205501e+02
4.550579e-01 52264 1.161334e+02
4.650571e-01 54973 1.122635e+02
4.750553e-01 56890 1.088689e+02
4.849982e-01 59233 1.048904e+02
4.949997e-01 62460 1.014780e+02
5.050400e-01 64660 9.788581e+01
5.150365e-01 67105 9.555858e+01
5.250511e-01 70108 9.232449e+01
5.350611e-01 72421 8.872697e+01
5.450809e-01 75628 8.719514e+01
5.550666e-01 77374 8.470905e+01
5.650248e-01 80965 8.213483e+01
5.750209e-01 83536 7.993502e+01
5.849943e-01 86509 7.794313e+01
5.950118e-01 90088 7.607285e+01
6.050243e-01 92524 7.385638e+01
6.150021e-01 95685 7.161088e+01
6.250268e-01 99460 6.979543e+01
6.350319e-01 101791 6.810178e+01
6.450443e-01 105940 6.652883e+01
6.550363e-01 108040 6.496899e+01
6.650248e-01 112417 6.311166e+01
6.749918e-01 114172 6.211768e+01
6.849838e-01 119989 6.035725e+01
6.950359e-01 122428 5.946264e+01
7.050021e-01 125049 5.799324e+01
7.150185e-01 130682 5.658605e+01
7.250500e-01 132820 5.540770e+01
7.350461e-01 137169 5.448133e+01
7.450354e-01 139912 5.301451e+01
7.550326e-01 145021 5.202292e+01
7.650453e-01 148000 5.117811e+01
7.750260e-01 151840 4.960609e+01
7.849916e-01 155365 4.893869e+01
7.950130e-01 161410 4.812150e+01
8.050563e-01 164341 4.728938e+01
8.150452e-01 167704 4.617673e+01
8.250456e-01 172960 4.543959e+01
8.350307e-01 175597 4.474814e+01
8.450225e-01 181552 4.380875e+01
8.550387e-01 185185 4.286337e+01
8.650410e-01 189576 4.262470e+01
8.750145e-01 192850 4.189480e+01
8.849866e-01 198481 4.101681e+01
8.950163e-01 203908 4.035416e+01
9.050183e-01 206677 3.970547e+01
9.150119e-01 212440 3.915699e+01
9.250146e-01 216544 3.869678e+01
9.350152e-01 221725 3.784700e+01
9.450189e-01 226024 3.734645e+01
9.550021e-01 230515 3.690881e+01
9.650081e-01 236548 3.618589e+01
9.750165e-01 240697 3.569236e+01
9.850258e-01 246264 3.529951e+01
9.950310e-01 250480 3.459010e+01
