# nc 324
# boxsize 6.000000e+02
# nbar 0.000000e+00
1.483274e-02 13 1.408647e+04 1.408482e+04 -9.624402e+03 1.063044e+04
2.513187e-02 33 1.225984e+04 1.225542e+04 6.091558e+03 3.308578e+03
3.574650e-02 79 8.814180e+03 8.807693e+03 -2.965441e+02 -6.824662e+02
4.583347e-02 105 6.572244e+03 6.564485e+03 -2.084212e+03 1.521877e+03
5.486964e-02 145 4.989512e+03 4.980963e+03 1.036983e+03 -1.426643e+03
6.471857e-02 243 4.792932e+03 4.781405e+03 1.107282e+03 2.078651e+03
7.503996e-02 313 4.094636e+03 4.081509e+03 -1.059360e+02 1.442280e+03
8.485495e-02 369 3.580545e+03 3.565892e+03 3.858239e+02 5.182749e+02
9.528688e-02 571 3.037974e+03 3.022247e+03 6.808836e+02 -5.927632e+02
1.059290e-01 601 2.445475e+03 2.429878e+03 1.942417e+01 -8.277569e+01
1.156806e-01 705 2.309640e+03 2.292000e+03 1.430216e+01 1.464540e+02
1.255756e-01 883 2.022488e+03 2.004363e+03 3.203978e+01 2.695186e+02
1.352378e-01 909 1.942011e+03 1.921850e+03 5.309978e+00 2.842009e+02
1.449493e-01 1177 1.738381e+03 1.717650e+03 1.473576e+02 4.324717e+00
1.550659e-01 1323 1.450903e+03 1.431084e+03 2.347725e+02 -7.872649e+00
1.649601e-01 1453 1.393046e+03 1.371511e+03 -1.511068e+02 1.181189e+02
1.749597e-01 1701 1.253400e+03 1.231634e+03 3.345389e+01 9.463414e+01
1.852437e-01 1963 1.158835e+03 1.136336e+03 -2.622227e+01 -1.932640e+02
1.951071e-01 1933 1.065467e+03 1.042520e+03 2.742911e+01 2.843482e+01
2.049888e-01 2397 9.927223e+02 9.691739e+02 2.545742e+01 -2.588346e+01
2.151844e-01 2539 9.189911e+02 8.949695e+02 3.316470e+01 -5.576893e+01
2.250745e-01 2694 8.612800e+02 8.366924e+02 2.281004e+01 1.429368e+02
2.350927e-01 3121 8.049582e+02 7.799099e+02 4.165404e+01 1.790666e+01
2.451974e-01 3255 7.642349e+02 7.383954e+02 2.443519e+01 2.343789e+01
2.550872e-01 3517 7.113326e+02 6.853454e+02 3.045647e+01 2.743091e+01
2.649947e-01 3813 6.590616e+02 6.331117e+02 5.725822e+00 4.900627e+00
2.750606e-01 4231 6.177651e+02 5.915869e+02 1.577346e+01 -5.549731e+00
2.851157e-01 4389 5.940469e+02 5.670453e+02 -3.225083e+01 2.242783e+01
2.950080e-01 4717 5.577141e+02 5.306179e+02 -3.430473e+01 6.721992e+01
3.050474e-01 5191 5.396572e+02 5.116680e+02 6.633245e+00 5.124839e+01
3.151078e-01 5373 5.209262e+02 4.921391e+02 -1.139871e+01 2.414392e+01
3.251295e-01 5893 4.873433e+02 4.587264e+02 3.844571e+01 -4.282557e+01
3.352591e-01 6183 4.702854e+02 4.409689e+02 4.218370e+00 3.399998e+01
3.451640e-01 6349 4.494096e+02 4.197737e+02 6.100675e+00 5.246888e+00
3.550965e-01 6993 4.300667e+02 4.000994e+02 -1.590376e+01 1.422412e+01
3.649687e-01 7003 4.090987e+02 3.790485e+02 2.756527e+01 1.129022e+01
3.749450e-01 7941 4.025021e+02 3.713540e+02 -1.667905e+00 8.006265e+00
3.851630e-01 8221 3.873270e+02 3.557636e+02 1.111836e+01 -3.452921e+01
3.951752e-01 8449 3.810182e+02 3.483974e+02 2.892467e-01 4.628335e+00
4.050872e-01 8931 3.602249e+02 3.278930e+02 1.074797e+01 1.249381e+01
4.149904e-01 9289 3.510786e+02 3.180769e+02 1.715271e+01 1.995355e+01
4.250484e-01 10113 3.373188e+02 3.041278e+02 1.130777e+01 -1.497484e+01
4.350196e-01 10087 3.242814e+02 2.909443e+02 -1.007089e+01 -2.087955e+01
4.449689e-01 10998 3.173984e+02 2.833424e+02 3.586186e+00 -1.232900e+01
4.550136e-01 11233 3.031629e+02 2.692225e+02 1.366413e+00 7.863847e+00
4.650240e-01 11991 2.929487e+02 2.587730e+02 3.152397e+00 9.619712e+00
4.750600e-01 12241 2.878524e+02 2.528982e+02 -1.728934e+00 1.674335e+01
4.850824e-01 13033 2.827769e+02 2.470699e+02 -5.222453e+00 1.248848e+00
4.950626e-01 13227 2.745805e+02 2.385557e+02 2.841326e-01 5.538799e+00
5.050218e-01 13993 2.665084e+02 2.302159e+02 8.972394e+00 3.845908e+00
5.149626e-01 14301 2.618520e+02 2.248805e+02 -2.398924e+00 1.185871e+01
5.249789e-01 15355 2.540605e+02 2.168820e+02 -3.895706e+00 -4.766129e+00
5.350486e-01 15585 2.484668e+02 2.108057e+02 2.731080e+00 -2.311624e+00
5.451135e-01 16549 2.406260e+02 2.028780e+02 -1.931151e+00 8.400367e+00
5.551181e-01 16587 2.390788e+02 2.002960e+02 4.249267e+00 -2.118903e+00
5.650424e-01 17461 2.305687e+02 1.919282e+02 -2.270430e+00 1.067391e+01
5.750589e-01 18177 2.250449e+02 1.861013e+02 -4.774445e+00 4.440246e-01
5.850828e-01 18739 2.191232e+02 1.799974e+02 4.608069e+00 -4.604311e+00
5.950416e-01 19165 2.163582e+02 1.765158e+02 2.148403e+00 -4.868700e+00
6.049746e-01 20013 2.103269e+02 1.704205e+02 8.212938e-01 -4.859681e+00
6.149470e-01 20587 2.088878e+02 1.680675e+02 2.242823e+00 -1.985804e+00
6.249968e-01 21657 2.037905e+02 1.627893e+02 -1.543397e+00 -7.958668e-01
6.350666e-01 22129 1.979253e+02 1.569540e+02 5.021719e-01 -1.991903e+00
6.450498e-01 22611 1.950850e+02 1.535560e+02 1.975079e+00 1.196590e+01
6.549912e-01 23317 1.929894e+02 1.507756e+02 4.865535e+00 -7.874056e-01
6.649535e-01 24222 1.897038e+02 1.470854e+02 -1.045413e+00 2.448596e+00
6.749660e-01 24943 1.857085e+02 1.428760e+02 1.566772e+00 5.601434e+00
6.850252e-01 25921 1.821579e+02 1.390342e+02 -3.886032e-01 4.781764e-01
6.950284e-01 26253 1.778385e+02 1.346539e+02 -3.563887e+00 1.012878e+00
7.049900e-01 27139 1.767563e+02 1.327616e+02 -1.064360e+00 -2.799946e+00
7.150256e-01 28185 1.736322e+02 1.293404e+02 -2.144818e+00 -1.465693e+00
7.250860e-01 28969 1.698059e+02 1.254313e+02 1.312608e+00 -6.008847e+00
7.350183e-01 28887 1.666718e+02 1.220832e+02 2.928401e-01 6.165725e+00
7.450018e-01 30937 1.645543e+02 1.195032e+02 4.206592e+00 5.929232e+00
7.551045e-01 31341 1.615386e+02 1.162908e+02 4.166248e+00 5.535719e-01
7.650666e-01 31555 1.615232e+02 1.152632e+02 2.472898e+00 2.803684e-01
7.750154e-01 33025 1.559578e+02 1.103028e+02 -1.601985e+00 -9.890423e-01
7.850634e-01 33921 1.564742e+02 1.096648e+02 3.123186e+00 7.098085e+00
7.950596e-01 34285 1.523280e+02 1.057843e+02 2.349274e+00 4.379573e+00
8.050450e-01 35703 1.507917e+02 1.037493e+02 2.845064e+00 5.029097e-01
8.150563e-01 36205 1.485760e+02 1.012677e+02 -1.234975e+00 -5.610300e-01
8.250795e-01 37485 1.468007e+02 9.910537e+01 3.117749e+00 6.199820e+00
8.350885e-01 38047 1.456013e+02 9.735059e+01 -1.171948e+00 7.970306e-01
8.450499e-01 38913 1.417312e+02 9.384726e+01 1.350728e+00 3.484855e+00
8.550252e-01 39853 1.398291e+02 9.168163e+01 2.432510e+00 1.855342e+00
8.650455e-01 41367 1.380481e+02 8.960996e+01 3.729013e-01 3.311209e+00
8.750680e-01 41617 1.375396e+02 8.837971e+01 2.016999e+00 -1.040329e+00
8.849916e-01 42430 1.341603e+02 8.533878e+01 1.619456e+00 1.825011e+00
8.949944e-01 44367 1.342784e+02 8.453419e+01 3.038894e+00 2.639733e+00
9.050336e-01 44569 1.325754e+02 8.258604e+01 -1.219025e-01 5.347668e+00
9.150411e-01 46089 1.298690e+02 8.004833e+01 5.294165e-01 5.125082e+00
9.250625e-01 46819 1.288614e+02 7.858265e+01 -7.971296e-01 1.209511e+00
9.350607e-01 47793 1.275269e+02 7.693185e+01 1.646168e-01 2.853670e+00
9.450463e-01 48697 1.264144e+02 7.543328e+01 -8.579296e-01 1.062153e+00
9.549734e-01 49443 1.256188e+02 7.414165e+01 3.041385e-01 2.929315e+00
9.649510e-01 51097 1.225427e+02 7.152424e+01 1.518076e-01 4.081880e-01
9.750082e-01 52453 1.219550e+02 7.038106e+01 2.236333e+00 1.246458e+00
9.850290e-01 52947 1.198098e+02 6.836050e+01 2.401605e+00 2.275555e+00
9.950258e-01 54193 1.183962e+02 6.678297e+01 1.484713e+00 -3.416195e+00
