# nc 324
# boxsize 6.000000e+02
# nbar 0.000000e+00
1.483274e-02 13 1.673572e+04 1.673380e+04 -4.397101e+02 3.619592e+04
2.513187e-02 33 1.786773e+04 1.786165e+04 -3.605554e+03 6.717649e+03
3.574650e-02 79 9.390051e+03 9.383414e+03 3.557732e+03 -4.813005e+03
4.583347e-02 105 8.343549e+03 8.333524e+03 2.356358e+03 2.685057e+03
5.486964e-02 145 6.154536e+03 6.143919e+03 -5.538279e+02 4.075989e+02
6.471857e-02 243 5.652737e+03 5.639233e+03 6.521260e+02 6.782685e+02
7.503996e-02 313 4.908709e+03 4.893086e+03 -9.305338e+02 1.363551e+02
8.485495e-02 369 3.680377e+03 3.665339e+03 -2.417080e+01 -7.840526e+02
9.528688e-02 571 3.179216e+03 3.162806e+03 -7.547443e+01 -8.949193e+02
1.059290e-01 601 2.702310e+03 2.685023e+03 1.887910e+02 -1.836388e+02
1.156806e-01 705 2.350691e+03 2.332807e+03 -5.688241e+01 7.611341e+01
1.255756e-01 883 2.118383e+03 2.099406e+03 -1.228579e+02 8.086652e+01
1.352378e-01 909 1.936881e+03 1.916786e+03 1.356837e+02 -2.020025e+02
1.449493e-01 1177 1.732077e+03 1.711419e+03 -4.562493e+00 -2.246733e+01
1.550659e-01 1323 1.484219e+03 1.463988e+03 -4.117203e+01 9.147837e+01
1.649601e-01 1453 1.385635e+03 1.364221e+03 -5.303638e+01 1.092722e+02
1.749597e-01 1701 1.222260e+03 1.201036e+03 -4.688253e+01 -3.905294e+00
1.852437e-01 1963 1.179044e+03 1.156109e+03 -8.419786e+00 -7.857174e+01
1.951071e-01 1933 1.084694e+03 1.061346e+03 -6.377331e+00 3.161208e+01
2.049888e-01 2397 1.030589e+03 1.006121e+03 3.972963e-01 2.337627e+01
2.151844e-01 2539 8.899615e+02 8.667083e+02 -3.649291e+00 -1.062565e+02
2.250745e-01 2694 8.477026e+02 8.234963e+02 1.433593e+01 6.261460e+01
2.350927e-01 3121 8.345894e+02 8.086218e+02 2.269514e+01 -3.695996e+01
2.451974e-01 3255 7.799496e+02 7.535692e+02 9.984053e+00 2.631192e+01
2.550872e-01 3517 7.207130e+02 6.943854e+02 -3.407763e+01 5.839132e+01
2.649947e-01 3813 6.749039e+02 6.483279e+02 -9.897874e+00 -1.941805e+01
2.750606e-01 4231 6.481997e+02 6.207358e+02 -2.758520e+01 7.361598e+00
2.851157e-01 4389 6.010554e+02 5.737352e+02 7.188798e+00 3.019687e+01
2.950080e-01 4717 5.711494e+02 5.433950e+02 3.805714e+01 4.102029e+01
3.050474e-01 5191 5.424308e+02 5.143018e+02 2.859095e+01 4.514162e+00
3.151078e-01 5373 5.234703e+02 4.945439e+02 2.567734e+00 4.976560e+01
3.251295e-01 5893 4.947970e+02 4.657270e+02 7.984882e+00 -2.112732e+01
3.352591e-01 6183 4.798695e+02 4.499675e+02 8.923193e+00 -8.583099e+00
3.451640e-01 6349 4.533654e+02 4.234592e+02 7.799381e+00 1.407588e+01
3.550965e-01 6993 4.410610e+02 4.103233e+02 -7.225447e+00 -1.698827e+01
3.649687e-01 7003 4.182519e+02 3.875385e+02 -1.528337e+01 1.675712e+01
3.749450e-01 7941 3.982175e+02 3.674122e+02 -5.777222e-01 -2.924129e+01
3.851630e-01 8221 3.916202e+02 3.597114e+02 -2.118910e-01 -3.219897e+01
3.951752e-01 8449 3.790285e+02 3.465922e+02 -1.524200e+01 4.115329e+00
4.050872e-01 8931 3.623081e+02 3.298002e+02 1.666022e+00 -6.396322e+00
4.149904e-01 9289 3.460608e+02 3.135409e+02 -8.020721e+00 -4.753077e+00
4.250484e-01 10113 3.378988e+02 3.046526e+02 4.293317e+00 -9.406845e-01
4.350196e-01 10087 3.243045e+02 2.909637e+02 -4.321585e+00 5.704434e+00
4.449689e-01 10998 3.206483e+02 2.862341e+02 -6.429073e+00 3.202477e+00
4.550136e-01 11233 3.094780e+02 2.748279e+02 -4.304352e+00 2.061550e+01
4.650240e-01 11991 3.033625e+02 2.679779e+02 -1.263477e-01 -1.857405e+01
4.750600e-01 12241 2.906773e+02 2.553837e+02 -1.219505e+01 8.385877e+00
4.850824e-01 13033 2.806033e+02 2.451702e+02 -1.657663e+00 1.220656e+01
4.950626e-01 13227 2.795088e+02 2.428384e+02 -8.000767e+00 -7.283875e+00
5.050218e-01 13993 2.714521e+02 2.344943e+02 -5.989275e+00 2.387620e+00
5.149626e-01 14301 2.620964e+02 2.250941e+02 3.129740e-01 8.531627e+00
5.249789e-01 15355 2.544087e+02 2.171743e+02 -7.912239e+00 1.603450e+00
5.350486e-01 15585 2.497855e+02 2.119251e+02 -1.706839e+00 1.880074e+00
5.451135e-01 16549 2.460749e+02 2.074680e+02 -5.284538e+00 8.304878e+00
5.551181e-01 16587 2.356870e+02 1.974571e+02 -4.958023e+00 -2.187337e+00
5.650424e-01 17461 2.348192e+02 1.954700e+02 4.128784e-01 3.040927e+00
5.750589e-01 18177 2.322764e+02 1.920825e+02 -4.260543e+00 5.091287e+00
5.850828e-01 18739 2.231599e+02 1.833089e+02 -4.197189e+00 2.777116e+00
5.950416e-01 19165 2.215416e+02 1.807513e+02 -2.658716e-01 -2.154436e+00
6.049746e-01 20013 2.121510e+02 1.718952e+02 1.453195e+00 1.639008e+00
6.149470e-01 20587 2.079434e+02 1.673106e+02 2.300648e+00 -3.032884e+00
6.249968e-01 21657 2.090954e+02 1.670248e+02 -2.599689e+00 1.336769e+01
6.350666e-01 22129 2.014731e+02 1.597606e+02 9.488004e-01 -4.768150e+00
6.450498e-01 22611 1.979774e+02 1.558354e+02 -2.497978e-01 1.100430e+01
6.549912e-01 23317 1.943872e+02 1.518682e+02 -7.606881e-01 4.864561e+00
6.649535e-01 24222 1.918849e+02 1.487758e+02 -3.646118e+00 3.970564e+00
6.749660e-01 24943 1.881047e+02 1.447168e+02 -2.473266e+00 -3.059463e+00
6.850252e-01 25921 1.852948e+02 1.414263e+02 -4.792831e-02 9.536724e+00
6.950284e-01 26253 1.828848e+02 1.384772e+02 -1.742573e+00 2.728481e+00
7.049900e-01 27139 1.771906e+02 1.330854e+02 -2.003527e+00 -1.782912e+00
7.150256e-01 28185 1.756112e+02 1.308182e+02 2.010233e+00 -6.328315e+00
7.250860e-01 28969 1.738637e+02 1.284305e+02 -1.938519e+00 3.922547e+00
7.350183e-01 28887 1.709053e+02 1.251871e+02 -4.758819e+00 3.142088e+00
7.450018e-01 30937 1.676918e+02 1.217866e+02 2.870039e+00 5.975335e+00
7.551045e-01 31341 1.634659e+02 1.176756e+02 -1.244949e+00 6.422936e+00
7.650666e-01 31555 1.620058e+02 1.156090e+02 -1.871889e+00 -1.296014e+00
7.750154e-01 33025 1.603475e+02 1.134082e+02 -2.289213e+00 7.312985e-01
7.850634e-01 33921 1.577019e+02 1.105254e+02 3.272957e+00 -1.080793e+00
7.950596e-01 34285 1.561202e+02 1.084179e+02 -9.340160e-01 1.682884e+00
8.050450e-01 35703 1.527227e+02 1.050788e+02 -7.099830e-01 9.516098e-01
8.150563e-01 36205 1.524512e+02 1.039093e+02 -9.371763e-01 3.805383e+00
8.250795e-01 37485 1.502402e+02 1.014308e+02 -3.467448e+00 4.513786e-01
8.350885e-01 38047 1.475174e+02 9.863412e+01 5.126024e-01 -1.927690e+00
8.450499e-01 38913 1.461005e+02 9.674108e+01 6.069787e-02 -2.126021e+00
8.550252e-01 39853 1.429425e+02 9.372193e+01 -1.494481e+00 1.232217e+00
8.650455e-01 41367 1.420265e+02 9.219277e+01 -1.536679e-02 2.277254e+00
8.750680e-01 41617 1.406457e+02 9.037624e+01 7.549945e-01 1.825144e+00
8.849916e-01 42430 1.386696e+02 8.820335e+01 -4.940959e-01 4.365711e+00
8.949944e-01 44367 1.352787e+02 8.516108e+01 1.430734e+00 1.379072e+00
9.050336e-01 44569 1.342785e+02 8.364890e+01 -8.963002e-01 2.514923e+00
9.150411e-01 46089 1.327408e+02 8.182081e+01 1.551423e+00 9.347449e-02
9.250625e-01 46819 1.314729e+02 8.017412e+01 2.500819e+00 3.230891e+00
9.350607e-01 47793 1.302844e+02 7.859609e+01 -4.638516e-02 1.995850e+00
9.450463e-01 48697 1.279137e+02 7.632742e+01 -1.005029e+00 1.361725e+00
9.549734e-01 49443 1.267665e+02 7.481957e+01 2.332589e+00 1.522229e+00
9.649510e-01 51097 1.252370e+02 7.309835e+01 2.590058e-01 -4.937431e-01
9.750082e-01 52453 1.254435e+02 7.239316e+01 4.860974e-01 1.897936e+00
9.850290e-01 52947 1.220435e+02 6.963248e+01 2.469902e-01 -2.913983e-01
9.950258e-01 54193 1.219143e+02 6.876826e+01 -4.264973e-01 -2.786855e-01
