# nc 324
# boxsize 6.000000e+02
# nbar 0.000000e+00
1.483274e-02 13 1.998498e+04 1.998292e+04 -1.438144e+04 2.671484e+04
2.513187e-02 33 1.293774e+04 1.293340e+04 -2.189509e+03 1.690041e+04
3.574650e-02 79 9.816413e+03 9.809314e+03 1.348008e+03 -3.176692e+03
4.583347e-02 105 7.232199e+03 7.223667e+03 -6.365120e+02 6.189961e+03
5.486964e-02 145 6.117320e+03 6.106934e+03 -8.505940e+02 -8.869670e+02
6.471857e-02 243 5.328181e+03 5.315481e+03 -3.160954e+02 7.250396e+02
7.503996e-02 313 4.733704e+03 4.718520e+03 -2.845876e+02 -2.825139e+02
8.485495e-02 369 3.581103e+03 3.566415e+03 -3.077964e+02 1.424137e+03
9.528688e-02 571 3.033437e+03 3.017710e+03 7.070100e+01 4.419724e+02
1.059290e-01 601 2.622249e+03 2.605482e+03 -3.122993e+02 1.177953e+02
1.156806e-01 705 2.436635e+03 2.418080e+03 -1.130727e+02 -3.479374e+01
1.255756e-01 883 2.169322e+03 2.149855e+03 1.021566e+02 -1.978800e+02
1.352378e-01 909 2.077351e+03 2.055772e+03 -1.767901e+01 -7.303958e+01
1.449493e-01 1177 1.578919e+03 1.560082e+03 -1.932869e+02 -2.601224e+01
1.550659e-01 1323 1.459182e+03 1.439306e+03 8.032777e+01 -2.368019e+02
1.649601e-01 1453 1.404894e+03 1.383221e+03 5.533743e+01 -4.134424e+01
1.749597e-01 1701 1.274909e+03 1.252808e+03 -1.249469e+02 -1.355420e+02
1.852437e-01 1963 1.147713e+03 1.125406e+03 5.289158e+01 -3.690489e+01
1.951071e-01 1933 1.115819e+03 1.091819e+03 -8.374371e+01 3.974858e+01
2.049888e-01 2397 9.759078e+02 9.527366e+02 -2.191365e+01 -5.466934e+01
2.151844e-01 2539 9.314477e+02 9.070994e+02 -2.386370e+01 -1.025576e+02
2.250745e-01 2694 8.540417e+02 8.296643e+02 2.880669e+01 2.774272e+01
2.350927e-01 3121 7.830900e+02 7.587144e+02 4.505077e+00 -2.596888e+01
2.451974e-01 3255 7.455826e+02 7.203847e+02 -2.596784e+01 -3.963431e+01
2.550872e-01 3517 7.116021e+02 6.855880e+02 -3.310109e+01 4.114552e+01
2.649947e-01 3813 6.788775e+02 6.521372e+02 -1.858157e+00 -9.410534e+01
2.750606e-01 4231 6.331409e+02 6.063414e+02 -1.786951e+00 2.353526e+01
2.851157e-01 4389 5.898167e+02 5.630086e+02 -3.534802e+01 1.141929e+01
2.950080e-01 4717 5.675274e+02 5.399521e+02 -4.653244e+01 -7.934011e+00
3.050474e-01 5191 5.480120e+02 5.195828e+02 -3.633936e+01 -2.189168e+01
3.151078e-01 5373 5.129921e+02 4.846430e+02 -2.860578e+01 -7.815493e+00
3.251295e-01 5893 4.948252e+02 4.657770e+02 -1.471366e+01 -3.232142e+01
3.352591e-01 6183 4.756640e+02 4.460358e+02 -1.826326e+01 -9.007545e+00
3.451640e-01 6349 4.523965e+02 4.225562e+02 -4.740610e+00 -5.995922e+00
3.550965e-01 6993 4.442043e+02 4.132599e+02 2.708795e+01 -3.162040e+01
3.649687e-01 7003 4.194871e+02 3.886845e+02 -9.746649e+00 -8.505392e+00
3.749450e-01 7941 4.007441e+02 3.697369e+02 -1.370656e+01 8.089769e+00
3.851630e-01 8221 3.946976e+02 3.625401e+02 1.090447e+01 -5.037205e+00
3.951752e-01 8449 3.860732e+02 3.530233e+02 -1.174013e+01 2.109692e+01
4.050872e-01 8931 3.594624e+02 3.271994e+02 -4.298242e+00 -2.193850e+01
4.149904e-01 9289 3.543479e+02 3.210457e+02 -1.561898e+01 6.080831e+00
4.250484e-01 10113 3.402163e+02 3.067542e+02 4.266335e+00 5.842155e+00
4.350196e-01 10087 3.297914e+02 2.958913e+02 -1.280197e+01 -1.060546e+01
4.449689e-01 10998 3.230266e+02 2.883648e+02 2.455835e+00 1.044131e+01
4.550136e-01 11233 3.060654e+02 2.717957e+02 -3.771793e+00 1.065054e+01
4.650240e-01 11991 2.988427e+02 2.639807e+02 1.222258e+00 -2.390429e+00
4.750600e-01 12241 2.884130e+02 2.533940e+02 1.268348e+00 2.579100e+01
4.850824e-01 13033 2.839568e+02 2.481022e+02 -8.210052e+00 1.620113e+01
4.950626e-01 13227 2.778030e+02 2.413573e+02 -8.968102e+00 4.179164e+00
5.050218e-01 13993 2.657166e+02 2.295365e+02 -1.249610e+00 -1.157182e+01
5.149626e-01 14301 2.636929e+02 2.264598e+02 -1.832540e+01 1.233407e+01
5.249789e-01 15355 2.538436e+02 2.167021e+02 -2.388484e+00 3.263521e+00
5.350486e-01 15585 2.497477e+02 2.118911e+02 -2.622324e+00 3.597589e+00
5.451135e-01 16549 2.449046e+02 2.064845e+02 -8.857368e+00 2.058653e+00
5.551181e-01 16587 2.367133e+02 1.983156e+02 -1.708570e+00 1.681478e+00
5.650424e-01 17461 2.340524e+02 1.948337e+02 -4.522452e+00 2.498419e-01
5.750589e-01 18177 2.283758e+02 1.888597e+02 -7.595455e+00 4.541847e+00
5.850828e-01 18739 2.251356e+02 1.849312e+02 -5.486275e+00 -1.657450e+00
5.950416e-01 19165 2.184154e+02 1.781910e+02 -8.659058e+00 -1.107918e+01
6.049746e-01 20013 2.135408e+02 1.730245e+02 -7.535897e+00 2.024682e+00
6.149470e-01 20587 2.082027e+02 1.675186e+02 -9.219657e-01 2.706763e+00
6.249968e-01 21657 2.044917e+02 1.633500e+02 -3.550379e+00 2.294829e+00
6.350666e-01 22129 2.022905e+02 1.604066e+02 -5.084312e+00 1.661442e+00
6.450498e-01 22611 2.012489e+02 1.584121e+02 -7.651052e-01 2.173200e+00
6.549912e-01 23317 1.957320e+02 1.529181e+02 -7.007754e+00 -8.392836e-01
6.649535e-01 24222 1.908322e+02 1.479620e+02 -1.530753e+00 1.787866e+00
6.749660e-01 24943 1.900652e+02 1.462234e+02 2.213826e-01 6.900304e+00
6.850252e-01 25921 1.829890e+02 1.396717e+02 -3.212274e-02 -1.561927e+00
6.950284e-01 26253 1.807260e+02 1.368426e+02 -1.378608e+00 8.263326e+00
7.049900e-01 27139 1.788086e+02 1.343017e+02 -4.018106e+00 4.279880e+00
7.150256e-01 28185 1.773293e+02 1.320955e+02 -1.161758e+00 1.822227e+00
7.250860e-01 28969 1.715324e+02 1.267101e+02 -1.114790e+00 -2.505544e-01
7.350183e-01 28887 1.705072e+02 1.248957e+02 2.163092e-01 -3.454124e-01
7.450018e-01 30937 1.682884e+02 1.222165e+02 -2.839306e+00 5.079047e+00
7.551045e-01 31341 1.650178e+02 1.187944e+02 2.347183e-02 3.314109e+00
7.650666e-01 31555 1.631327e+02 1.164067e+02 -1.405518e+00 6.484272e+00
7.750154e-01 33025 1.617138e+02 1.143738e+02 1.367440e-01 -6.184338e-01
7.850634e-01 33921 1.587912e+02 1.112902e+02 -3.605529e+00 3.014273e+00
7.950596e-01 34285 1.561444e+02 1.084354e+02 -3.851681e+00 3.170419e+00
8.050450e-01 35703 1.533929e+02 1.055405e+02 -3.916340e+00 -5.288970e-01
8.150563e-01 36205 1.503804e+02 1.024974e+02 -1.708488e+00 -3.215730e+00
8.250795e-01 37485 1.488756e+02 1.005076e+02 -2.237113e+00 -6.042309e-01
8.350885e-01 38047 1.486601e+02 9.939554e+01 1.546711e+00 2.721774e+00
8.450499e-01 38913 1.447058e+02 9.581487e+01 -1.539219e-01 4.545764e+00
8.550252e-01 39853 1.427354e+02 9.358421e+01 -3.602683e-01 9.461524e-01
8.650455e-01 41367 1.410309e+02 9.154522e+01 -8.195662e-01 -1.422961e+00
8.750680e-01 41617 1.393918e+02 8.956929e+01 6.428750e-01 -8.759267e-01
8.849916e-01 42430 1.371362e+02 8.723209e+01 -1.205359e+00 -2.737809e-01
8.949944e-01 44367 1.364559e+02 8.590668e+01 -2.085951e+00 -2.602222e+00
9.050336e-01 44569 1.336872e+02 8.327843e+01 -2.249806e+00 5.050733e+00
9.150411e-01 46089 1.332578e+02 8.213879e+01 -4.568654e-01 -9.121686e-01
9.250625e-01 46819 1.328897e+02 8.103928e+01 -1.173463e-01 8.973611e-01
9.350607e-01 47793 1.294099e+02 7.806664e+01 -7.976612e-01 3.762640e+00
9.450463e-01 48697 1.280136e+02 7.638750e+01 -1.758640e+00 -1.714048e+00
9.549734e-01 49443 1.267685e+02 7.481953e+01 -1.169137e+00 4.737125e-01
9.649510e-01 51097 1.247168e+02 7.279388e+01 -8.060017e-01 6.761565e-01
9.750082e-01 52453 1.239939e+02 7.155649e+01 -9.611031e-02 1.759813e+00
9.850290e-01 52947 1.220951e+02 6.966200e+01 -2.357226e+00 1.772798e+00
9.950258e-01 54193 1.207202e+02 6.809284e+01 -5.687619e-01 1.709179e+00
