# nc 324
# boxsize 6.000000e+02
# nbar 0.000000e+00
1.483274e-02 13 1.514710e+04 1.514522e+04 7.415782e+03 -1.208487e+04
2.513187e-02 33 1.210566e+04 1.210142e+04 -3.538567e+03 5.864137e+03
3.574650e-02 79 8.554448e+03 8.548268e+03 1.424925e+03 -5.085517e+03
4.583347e-02 105 7.949581e+03 7.940083e+03 -3.555060e+02 -2.599777e+03
5.486964e-02 145 6.317779e+03 6.306972e+03 -1.722685e+02 2.739466e+03
6.471857e-02 243 5.331859e+03 5.318972e+03 1.350042e+03 -6.506828e+02
7.503996e-02 313 4.541616e+03 4.527065e+03 4.226139e+02 -3.412227e+02
8.485495e-02 369 3.823546e+03 3.807909e+03 -4.543280e+02 -7.958743e+02
9.528688e-02 571 2.916288e+03 2.901281e+03 -3.964683e+02 -1.455208e+01
1.059290e-01 601 2.642929e+03 2.626030e+03 7.904198e+01 3.857877e+02
1.156806e-01 705 2.471214e+03 2.452363e+03 4.478221e+01 1.557830e+02
1.255756e-01 883 2.046453e+03 2.028050e+03 1.804285e+01 -2.975503e+02
1.352378e-01 909 1.831243e+03 1.812184e+03 1.669700e+02 -1.577153e+02
1.449493e-01 1177 1.674936e+03 1.654972e+03 -9.060686e+01 -9.008221e+01
1.550659e-01 1323 1.498965e+03 1.478536e+03 -2.864974e+00 -7.960897e+01
1.649601e-01 1453 1.353034e+03 1.332124e+03 -3.343659e+00 1.214024e+02
1.749597e-01 1701 1.273009e+03 1.250940e+03 2.330099e+01 -6.479865e+01
1.852437e-01 1963 1.158455e+03 1.135960e+03 5.840571e+01 -3.945413e+01
1.951071e-01 1933 1.084238e+03 1.060872e+03 -4.209365e+01 -6.993120e+00
2.049888e-01 2397 1.010425e+03 9.864561e+02 8.224841e+00 -2.451138e+01
2.151844e-01 2539 9.118408e+02 8.880069e+02 1.437295e+02 -2.960734e+01
2.250745e-01 2694 8.496603e+02 8.254049e+02 -1.799213e+01 9.200764e+01
2.350927e-01 3121 8.128927e+02 7.875778e+02 -2.953333e+00 -1.041391e+02
2.451974e-01 3255 7.459675e+02 7.207449e+02 1.790869e+01 2.511296e+01
2.550872e-01 3517 7.272248e+02 7.006611e+02 6.384606e+00 1.597221e+01
2.649947e-01 3813 6.695724e+02 6.431998e+02 2.504671e+01 3.493143e+01
2.750606e-01 4231 6.256902e+02 5.991861e+02 -1.191442e-01 2.888192e+01
2.851157e-01 4389 5.907204e+02 5.638823e+02 5.240153e+00 9.652547e+01
2.950080e-01 4717 5.677858e+02 5.401820e+02 -6.225084e+00 -1.990505e+01
3.050474e-01 5191 5.299999e+02 5.025240e+02 2.380853e+01 -2.899869e+01
3.151078e-01 5373 5.152017e+02 4.867344e+02 2.546868e+01 1.925164e+01
3.251295e-01 5893 4.885845e+02 4.598882e+02 -1.049727e+00 1.842619e+01
3.352591e-01 6183 4.582942e+02 4.297309e+02 8.071955e+00 4.923553e+00
3.451640e-01 6349 4.472923e+02 4.177847e+02 2.833924e+01 -1.737124e+00
3.550965e-01 6993 4.283432e+02 3.984977e+02 -2.383383e+00 2.544130e+00
3.649687e-01 7003 4.147503e+02 3.842794e+02 1.437977e+01 1.560518e+01
3.749450e-01 7941 4.030769e+02 3.718836e+02 1.006017e+01 -1.113408e+01
3.851630e-01 8221 3.839545e+02 3.526664e+02 -2.618140e+00 -3.906679e+00
3.951752e-01 8449 3.672445e+02 3.358142e+02 7.176143e+00 1.258387e+01
4.050872e-01 8931 3.580201e+02 3.258895e+02 6.713543e+00 -1.515992e+01
4.149904e-01 9289 3.438150e+02 3.114941e+02 4.487457e+00 2.345773e+01
4.250484e-01 10113 3.346257e+02 3.017084e+02 9.054408e+00 -6.069806e+00
4.350196e-01 10087 3.241362e+02 2.908138e+02 1.324905e+01 -9.220255e+00
4.449689e-01 10998 3.185077e+02 2.843196e+02 8.617109e+00 3.087488e+00
4.550136e-01 11233 3.055308e+02 2.713216e+02 5.383769e+00 2.529912e+00
4.650240e-01 11991 2.997427e+02 2.647793e+02 -2.338609e+00 -2.986898e+00
4.750600e-01 12241 2.886102e+02 2.535631e+02 -3.132210e+00 1.982818e+00
4.850824e-01 13033 2.818865e+02 2.462838e+02 1.354760e+01 9.895118e-01
4.950626e-01 13227 2.744817e+02 2.384743e+02 5.795774e+00 -1.965768e+01
5.050218e-01 13993 2.616718e+02 2.260449e+02 3.482470e+00 -8.659573e+00
5.149626e-01 14301 2.601982e+02 2.234532e+02 -3.108808e+00 1.005286e+01
5.249789e-01 15355 2.506602e+02 2.139816e+02 -1.061928e+00 -1.378977e+01
5.350486e-01 15585 2.447405e+02 2.076442e+02 6.401913e+00 7.070889e+00
5.451135e-01 16549 2.399907e+02 2.023449e+02 9.334585e+00 -3.352955e+00
5.551181e-01 16587 2.382901e+02 1.996342e+02 3.511186e+00 -4.653822e+00
5.650424e-01 17461 2.295410e+02 1.910797e+02 -2.425132e+00 -7.230304e-01
5.750589e-01 18177 2.260083e+02 1.869007e+02 -1.007801e+00 -3.734514e-01
5.850828e-01 18739 2.189776e+02 1.798722e+02 6.364822e-02 -5.135429e+00
5.950416e-01 19165 2.115977e+02 1.726335e+02 -3.920398e+00 -2.017433e+00
6.049746e-01 20013 2.098615e+02 1.700468e+02 8.484100e-01 1.395707e+00
6.149470e-01 20587 2.095520e+02 1.686016e+02 3.765248e+00 2.316397e-01
6.249968e-01 21657 2.048872e+02 1.636631e+02 2.484559e+00 4.352289e+00
6.350666e-01 22129 1.988976e+02 1.577194e+02 7.386799e+00 7.921773e-01
6.450498e-01 22611 1.943972e+02 1.530110e+02 -7.077673e-01 2.511887e+00
6.549912e-01 23317 1.899997e+02 1.484388e+02 -7.561411e-01 -5.587124e-01
6.649535e-01 24222 1.889595e+02 1.465139e+02 4.091703e+00 -1.175468e+00
6.749660e-01 24943 1.854268e+02 1.426557e+02 2.452438e+00 -9.241445e+00
6.850252e-01 25921 1.821275e+02 1.390142e+02 -2.108176e+00 6.023802e-01
6.950284e-01 26253 1.788522e+02 1.354262e+02 4.813648e+00 -8.304105e+00
7.049900e-01 27139 1.754624e+02 1.317878e+02 2.585380e+00 -1.824923e-01
7.150256e-01 28185 1.714513e+02 1.277172e+02 -6.784319e-01 -1.736365e+00
7.250860e-01 28969 1.686957e+02 1.246124e+02 5.484306e-02 -2.204797e+00
7.350183e-01 28887 1.670742e+02 1.223813e+02 3.781185e+00 -3.417055e+00
7.450018e-01 30937 1.651419e+02 1.199363e+02 1.591605e+00 -7.390429e-01
7.551045e-01 31341 1.627982e+02 1.171990e+02 -2.045053e+00 1.998895e+00
7.650666e-01 31555 1.585395e+02 1.131344e+02 4.584566e+00 -3.450932e-01
7.750154e-01 33025 1.584182e+02 1.120463e+02 -6.744109e-01 -1.120959e-02
7.850634e-01 33921 1.536425e+02 1.076820e+02 1.480033e+00 1.838350e+00
7.950596e-01 34285 1.531358e+02 1.063464e+02 -4.719106e-01 1.241144e+00
8.050450e-01 35703 1.504339e+02 1.035059e+02 3.242448e+00 -3.704678e+00
8.150563e-01 36205 1.465419e+02 9.987955e+01 -7.264030e-01 -3.149163e+00
8.250795e-01 37485 1.465183e+02 9.891504e+01 3.290423e-01 -1.867857e+00
8.350885e-01 38047 1.440398e+02 9.630814e+01 4.842420e+00 -2.279976e+00
8.450499e-01 38913 1.418905e+02 9.394997e+01 1.193491e+00 -7.254280e-01
8.550252e-01 39853 1.402917e+02 9.198092e+01 1.093872e+00 3.572422e+00
8.650455e-01 41367 1.400226e+02 9.089143e+01 2.138078e+00 -1.792191e+00
8.750680e-01 41617 1.363855e+02 8.763783e+01 2.846810e+00 -5.361127e+00
8.849916e-01 42430 1.350390e+02 8.589871e+01 1.201856e+00 -4.846253e-01
8.949944e-01 44367 1.335933e+02 8.410336e+01 -1.239393e+00 -3.844315e+00
9.050336e-01 44569 1.309632e+02 8.158479e+01 1.224490e+00 2.281985e+00
9.150411e-01 46089 1.310096e+02 8.075173e+01 4.118364e-01 3.107398e+00
9.250625e-01 46819 1.290380e+02 7.869050e+01 2.000087e+00 -1.029705e+00
9.350607e-01 47793 1.276241e+02 7.699003e+01 1.865450e+00 -9.322347e-01
9.450463e-01 48697 1.255553e+02 7.492287e+01 -3.932220e-01 -1.075384e+00
9.549734e-01 49443 1.248472e+02 7.368578e+01 9.851404e-01 1.803061e+00
9.649510e-01 51097 1.240513e+02 7.240735e+01 1.110586e+00 -1.715218e+00
9.750082e-01 52453 1.212801e+02 6.999084e+01 -1.377978e-01 -1.849967e+00
9.850290e-01 52947 1.205103e+02 6.876092e+01 4.578284e-01 -1.768263e+00
9.950258e-01 54193 1.193516e+02 6.732206e+01 5.732118e-01 1.103016e+00
