# nc 324
# boxsize 6.000000e+02
# nbar 0.000000e+00
1.483274e-02 13 2.066632e+04 2.066375e+04 -5.149799e+03 1.227896e+03
2.513187e-02 33 1.269246e+04 1.268778e+04 -1.479736e+03 1.610902e+03
3.574650e-02 79 8.389192e+03 8.383271e+03 9.958094e+02 5.783358e+03
4.583347e-02 105 5.951168e+03 5.944038e+03 -1.423735e+03 2.856024e+03
5.486964e-02 145 5.835647e+03 5.825642e+03 3.290422e+03 4.292261e+03
6.471857e-02 243 5.213384e+03 5.201039e+03 1.459227e+02 -1.144756e+03
7.503996e-02 313 4.018829e+03 4.005897e+03 5.589587e+02 8.049403e+02
8.485495e-02 369 3.919866e+03 3.903675e+03 -9.299131e+02 7.052023e+02
9.528688e-02 571 2.914318e+03 2.899328e+03 2.556824e+02 2.204331e+02
1.059290e-01 601 2.440562e+03 2.424963e+03 8.152084e+01 3.127613e+02
1.156806e-01 705 2.328006e+03 2.310255e+03 1.477726e+01 2.790605e+02
1.255756e-01 883 2.233266e+03 2.213290e+03 1.811440e+02 -3.395429e+02
1.352378e-01 909 1.922560e+03 1.902551e+03 -4.292666e+01 1.483265e+02
1.449493e-01 1177 1.681877e+03 1.661814e+03 2.354854e+02 1.452559e+02
1.550659e-01 1323 1.451196e+03 1.431416e+03 -1.429838e+01 -1.525495e+02
1.649601e-01 1453 1.345205e+03 1.324448e+03 7.088982e+01 6.061043e+01
1.749597e-01 1701 1.261699e+03 1.239787e+03 -4.870730e+00 -6.316278e+01
1.852437e-01 1963 1.173671e+03 1.150864e+03 9.106443e+00 -2.246916e+01
1.951071e-01 1933 1.076383e+03 1.053227e+03 1.317021e+00 4.979858e+01
2.049888e-01 2397 9.787303e+02 9.554779e+02 8.025421e+00 -7.590016e+01
2.151844e-01 2539 8.887680e+02 8.655615e+02 -2.534745e+01 -7.419183e+01
2.250745e-01 2694 8.259604e+02 8.023834e+02 4.133223e+01 8.083165e+00
2.350927e-01 3121 7.770086e+02 7.528518e+02 -1.181491e+01 -8.895131e+01
2.451974e-01 3255 7.531825e+02 7.277104e+02 3.200208e+01 -8.595838e+00
2.550872e-01 3517 6.983052e+02 6.728010e+02 1.351821e+01 6.103841e+01
2.649947e-01 3813 6.736671e+02 6.471331e+02 1.939928e+01 -3.818351e+01
2.750606e-01 4231 6.281022e+02 6.014801e+02 -9.384390e+00 -1.914774e+01
2.851157e-01 4389 5.844355e+02 5.578588e+02 2.270952e+01 -1.773428e+01
2.950080e-01 4717 5.718643e+02 5.440902e+02 9.487267e+00 -5.095343e+01
3.050474e-01 5191 5.440811e+02 5.158589e+02 1.846543e+01 -2.149508e+01
3.151078e-01 5373 5.156039e+02 4.871133e+02 6.014563e+00 9.638967e+00
3.251295e-01 5893 5.024863e+02 4.729824e+02 4.384223e+00 -1.620477e+01
3.352591e-01 6183 4.698389e+02 4.405629e+02 -2.265056e+01 -4.566217e+01
3.451640e-01 6349 4.498522e+02 4.201828e+02 2.752730e+01 3.644423e+00
3.550965e-01 6993 4.339764e+02 4.037395e+02 1.617165e+01 -1.459697e+01
3.649687e-01 7003 4.292398e+02 3.977102e+02 -1.417672e+01 8.755607e+00
3.749450e-01 7941 4.060354e+02 3.746130e+02 1.373475e+01 2.006684e+01
3.851630e-01 8221 3.867646e+02 3.552518e+02 2.541872e-01 -2.691504e+01
3.951752e-01 8449 3.689192e+02 3.373334e+02 -3.721201e+00 4.966998e+00
4.050872e-01 8931 3.615991e+02 3.291458e+02 6.275754e+00 -1.030310e+01
4.149904e-01 9289 3.527531e+02 3.195917e+02 9.622541e+00 -2.435983e+01
4.250484e-01 10113 3.355250e+02 3.025151e+02 1.525115e+01 1.303229e+01
4.350196e-01 10087 3.257696e+02 2.922722e+02 -5.969112e+00 1.770355e+01
4.449689e-01 10998 3.146642e+02 2.808956e+02 8.676901e+00 -4.720459e+00
4.550136e-01 11233 3.097625e+02 2.750816e+02 -8.337440e+00 1.075257e+01
4.650240e-01 11991 2.962949e+02 2.617406e+02 7.655914e+00 3.743439e+00
4.750600e-01 12241 2.939945e+02 2.582946e+02 9.749384e+00 -2.724221e+00
4.850824e-01 13033 2.810500e+02 2.455549e+02 2.749590e-01 3.098013e+00
4.950626e-01 13227 2.705835e+02 2.350838e+02 -5.312600e+00 -5.465214e+00
5.050218e-01 13993 2.675175e+02 2.310891e+02 6.938659e+00 6.174319e+00
5.149626e-01 14301 2.627966e+02 2.256894e+02 -6.099654e+00 1.364210e+01
5.249789e-01 15355 2.505872e+02 2.139120e+02 4.572096e+00 -6.885406e+00
5.350486e-01 15585 2.482980e+02 2.106601e+02 3.629552e+00 9.580979e+00
5.451135e-01 16549 2.422903e+02 2.042842e+02 -7.000052e-01 -5.342035e+00
5.551181e-01 16587 2.377974e+02 1.992206e+02 -5.268210e+00 -7.416091e+00
5.650424e-01 17461 2.289266e+02 1.905585e+02 -4.515150e-01 8.871937e-01
5.750589e-01 18177 2.283550e+02 1.888377e+02 5.540997e-01 6.617198e+00
5.850828e-01 18739 2.187453e+02 1.796846e+02 2.051980e+00 -5.636398e+00
5.950416e-01 19165 2.171866e+02 1.771948e+02 1.594576e+00 -6.048527e+00
6.049746e-01 20013 2.131512e+02 1.727066e+02 2.681190e+00 2.616253e+00
6.149470e-01 20587 2.098916e+02 1.688756e+02 -7.334369e-01 3.402403e-01
6.249968e-01 21657 2.048615e+02 1.636477e+02 5.587642e+00 -4.140539e-01
6.350666e-01 22129 1.983187e+02 1.572608e+02 3.883172e+00 -6.663787e+00
6.450498e-01 22611 1.968572e+02 1.549519e+02 2.703886e+00 -5.266251e+00
6.549912e-01 23317 1.925644e+02 1.504426e+02 5.262652e+00 -1.805506e+00
6.649535e-01 24222 1.901220e+02 1.474068e+02 -2.256852e+00 5.128150e+00
6.749660e-01 24943 1.857115e+02 1.428771e+02 7.257727e+00 2.594114e+00
6.850252e-01 25921 1.835313e+02 1.400875e+02 1.007294e+00 -5.519865e-01
6.950284e-01 26253 1.764196e+02 1.335835e+02 -3.223244e-01 2.080360e+00
7.049900e-01 27139 1.766841e+02 1.327076e+02 2.276638e+00 4.586072e-01
7.150256e-01 28185 1.747821e+02 1.301967e+02 4.086433e+00 1.286173e+00
7.250860e-01 28969 1.710487e+02 1.263518e+02 -3.316726e+00 -9.259143e-01
7.350183e-01 28887 1.687032e+02 1.235765e+02 8.765729e-01 1.712323e+00
7.450018e-01 30937 1.664875e+02 1.209104e+02 7.602489e-01 -1.133235e+00
7.551045e-01 31341 1.628197e+02 1.172111e+02 2.922241e+00 -5.337010e-01
7.650666e-01 31555 1.603169e+02 1.144026e+02 1.126135e+00 -2.750434e+00
7.750154e-01 33025 1.580459e+02 1.117810e+02 -7.017971e-01 -2.477313e+00
7.850634e-01 33921 1.543624e+02 1.081870e+02 6.571228e+00 3.650449e+00
7.950596e-01 34285 1.546989e+02 1.074313e+02 5.190242e+00 3.456649e+00
8.050450e-01 35703 1.528977e+02 1.052009e+02 7.395326e-01 -1.357701e+00
8.150563e-01 36205 1.500380e+02 1.022671e+02 1.387728e+00 -3.857550e+00
8.250795e-01 37485 1.479187e+02 9.986150e+01 2.150195e+00 2.275527e+00
8.350885e-01 38047 1.445460e+02 9.664442e+01 1.704002e+00 -1.696094e-01
8.450499e-01 38913 1.440251e+02 9.536619e+01 -9.951501e-01 2.182387e+00
8.550252e-01 39853 1.403590e+02 9.202323e+01 -5.089591e-02 3.771670e+00
8.650455e-01 41367 1.392267e+02 9.037321e+01 2.359767e+00 4.565066e-01
8.750680e-01 41617 1.379048e+02 8.861436e+01 1.315683e+00 -3.573853e+00
8.849916e-01 42430 1.356650e+02 8.629469e+01 9.794968e-01 -4.626948e-01
8.949944e-01 44367 1.354189e+02 8.525000e+01 1.382610e+00 -9.830732e-01
9.050336e-01 44569 1.340188e+02 8.348492e+01 2.464669e+00 -9.948096e-01
9.150411e-01 46089 1.326771e+02 8.178467e+01 1.471456e+00 -2.018487e+00
9.250625e-01 46819 1.305192e+02 7.959360e+01 4.628916e-01 -1.236381e+00
9.350607e-01 47793 1.285287e+02 7.753780e+01 3.101615e+00 2.165051e+00
9.450463e-01 48697 1.277171e+02 7.621036e+01 1.842216e+00 -1.485687e+00
9.549734e-01 49443 1.254506e+02 7.404336e+01 -4.928779e-01 -2.212694e-01
9.649510e-01 51097 1.244719e+02 7.265298e+01 -1.114829e+00 -4.445780e-01
9.750082e-01 52453 1.230155e+02 7.099248e+01 1.101407e+00 3.222019e+00
9.850290e-01 52947 1.212301e+02 6.917090e+01 4.406275e-01 1.952205e-01
9.950258e-01 54193 1.208959e+02 6.819144e+01 3.004663e-01 -4.755351e-01
