# nc 324
# boxsize 6.000000e+02
# nbar 0.000000e+00
1.483274e-02 13 9.241810e+03 9.240666e+03 -1.608891e+03 -5.187779e+03
2.513187e-02 33 1.107055e+04 1.106653e+04 -2.780581e+02 5.751147e+02
3.574650e-02 79 7.635283e+03 7.629861e+03 1.880274e+03 5.595795e+02
4.583347e-02 105 7.155689e+03 7.146972e+03 -4.835928e+02 -1.609160e+03
5.486964e-02 145 5.907544e+03 5.897455e+03 -1.165358e+03 1.154238e+03
6.471857e-02 243 5.458189e+03 5.445042e+03 -5.404327e+02 -3.078578e+03
7.503996e-02 313 4.764012e+03 4.748744e+03 4.182379e+02 3.499855e+02
8.485495e-02 369 3.578958e+03 3.564334e+03 -1.052910e+02 4.532459e+02
9.528688e-02 571 3.007455e+03 2.991912e+03 -4.402906e+02 -3.977842e+02
1.059290e-01 601 2.596933e+03 2.580322e+03 2.717449e+02 -3.138086e+02
1.156806e-01 705 2.404801e+03 2.386479e+03 1.603751e+02 -1.065586e+01
1.255756e-01 883 1.975310e+03 1.957613e+03 4.583053e+01 -4.720063e+02
1.352378e-01 909 1.865247e+03 1.845900e+03 -1.616695e+02 1.972497e+02
1.449493e-01 1177 1.696119e+03 1.675896e+03 1.857831e+02 -9.743815e+01
1.550659e-01 1323 1.408168e+03 1.388990e+03 2.044443e+01 -1.082412e+02
1.649601e-01 1453 1.356378e+03 1.335459e+03 -6.179052e+00 7.125974e+01
1.749597e-01 1701 1.283868e+03 1.261642e+03 -4.608294e+01 -7.152182e+01
1.852437e-01 1963 1.143674e+03 1.121457e+03 1.224575e+01 -9.753381e+01
1.951071e-01 1933 1.031315e+03 1.009108e+03 4.238120e+01 -6.872470e+00
2.049888e-01 2397 9.851203e+02 9.617557e+02 -1.969001e+01 -1.425547e+02
2.151844e-01 2539 9.027272e+02 8.791299e+02 -4.095845e+01 -7.941248e+01
2.250745e-01 2694 8.527496e+02 8.284097e+02 9.944503e+00 9.670481e+00
2.350927e-01 3121 7.842904e+02 7.598834e+02 3.962905e+01 -5.754783e+01
2.451974e-01 3255 7.440039e+02 7.188496e+02 -2.103224e+01 -5.609167e+00
2.550872e-01 3517 7.082841e+02 6.823932e+02 5.339924e+01 -1.205651e+00
2.649947e-01 3813 6.475040e+02 6.220046e+02 5.826599e+00 -2.478620e+00
2.750606e-01 4231 6.163093e+02 5.901886e+02 -1.761172e+00 1.431282e+01
2.851157e-01 4389 5.868007e+02 5.601367e+02 -1.954338e+01 -2.056980e+01
2.950080e-01 4717 5.834383e+02 5.550945e+02 -2.015490e+00 -5.856684e+01
3.050474e-01 5191 5.216855e+02 4.946198e+02 2.957361e+01 1.061300e+00
3.151078e-01 5373 5.156411e+02 4.871636e+02 -1.492542e+01 -4.771099e-01
3.251295e-01 5893 4.856932e+02 4.571672e+02 -3.455210e+01 -2.013731e+00
3.352591e-01 6183 4.596225e+02 4.309757e+02 2.080737e+01 2.506608e+00
3.451640e-01 6349 4.494603e+02 4.198247e+02 1.518899e+01 1.858892e+01
3.550965e-01 6993 4.238448e+02 3.943209e+02 1.062279e+01 -1.419832e+01
3.649687e-01 7003 4.075450e+02 3.776071e+02 2.692279e+01 1.400576e+01
3.749450e-01 7941 3.948893e+02 3.643392e+02 1.810411e+00 -4.480575e+00
3.851630e-01 8221 3.782511e+02 3.474245e+02 9.760572e+00 3.146651e+00
3.951752e-01 8449 3.697829e+02 3.381314e+02 -1.443505e+01 3.194452e+01
4.050872e-01 8931 3.572300e+02 3.251722e+02 -6.436391e+00 -1.105066e+01
4.149904e-01 9289 3.471991e+02 3.145722e+02 5.979981e+00 4.836226e+00
4.250484e-01 10113 3.343366e+02 3.014468e+02 3.502524e+00 9.945904e+00
4.350196e-01 10087 3.241361e+02 2.908125e+02 -4.395552e+00 -4.562760e+00
4.449689e-01 10998 3.091079e+02 2.759325e+02 5.594146e+00 1.832208e+00
4.550136e-01 11233 2.993230e+02 2.658082e+02 -3.363930e+00 7.023431e-01
4.650240e-01 11991 2.979146e+02 2.631693e+02 -9.453738e-03 3.245461e+00
4.750600e-01 12241 2.820453e+02 2.477957e+02 -7.032493e+00 -2.590092e+00
4.850824e-01 13033 2.730891e+02 2.386008e+02 5.467786e+00 1.086474e+01
4.950626e-01 13227 2.657902e+02 2.309206e+02 1.738421e+00 7.481044e+00
5.050218e-01 13993 2.587475e+02 2.235187e+02 -3.640290e+00 -7.275329e+00
5.149626e-01 14301 2.587699e+02 2.222389e+02 -1.220582e+00 -3.852407e+00
5.249789e-01 15355 2.488504e+02 2.124328e+02 -4.392122e+00 -1.755141e+00
5.350486e-01 15585 2.423890e+02 2.056494e+02 -3.386940e+00 1.297469e+00
5.451135e-01 16549 2.381703e+02 2.008045e+02 -4.284739e-01 8.229178e+00
5.551181e-01 16587 2.352654e+02 1.971000e+02 9.475658e-01 4.831209e+00
5.650424e-01 17461 2.303943e+02 1.917855e+02 3.753586e+00 -2.508667e-02
5.750589e-01 18177 2.224695e+02 1.839725e+02 2.524587e+00 7.961783e+00
5.850828e-01 18739 2.167395e+02 1.780408e+02 -2.803785e+00 2.793674e-01
5.950416e-01 19165 2.116243e+02 1.726553e+02 7.015232e-01 4.567601e+00
6.049746e-01 20013 2.118758e+02 1.716816e+02 1.311461e+00 1.194455e+00
6.149470e-01 20587 2.049962e+02 1.649336e+02 4.459548e-01 5.269372e+00
6.249968e-01 21657 2.031440e+02 1.622711e+02 -4.169200e+00 2.119595e+00
6.350666e-01 22129 1.979854e+02 1.569970e+02 -1.729160e+00 4.619600e+00
6.450498e-01 22611 1.942513e+02 1.529017e+02 2.244466e+00 8.291287e-01
6.549912e-01 23317 1.904032e+02 1.487552e+02 1.266905e+00 5.289153e+00
6.649535e-01 24222 1.865788e+02 1.446580e+02 4.412114e+00 3.174831e+00
6.749660e-01 24943 1.833315e+02 1.410436e+02 -1.132272e+00 1.719382e+00
6.850252e-01 25921 1.792872e+02 1.368486e+02 -4.259124e-01 3.679077e+00
6.950284e-01 26253 1.770490e+02 1.340639e+02 -2.287718e+00 -4.791040e-01
7.049900e-01 27139 1.745101e+02 1.310737e+02 -3.745039e+00 3.486179e+00
7.150256e-01 28185 1.691873e+02 1.260322e+02 -1.441842e+00 4.835172e+00
7.250860e-01 28969 1.679334e+02 1.240496e+02 1.427811e+00 4.259105e+00
7.350183e-01 28887 1.669404e+02 1.222829e+02 3.389274e+00 7.307842e+00
7.450018e-01 30937 1.637694e+02 1.189324e+02 -1.946769e+00 4.024141e+00
7.551045e-01 31341 1.608238e+02 1.157770e+02 -1.594900e+00 6.119148e+00
7.650666e-01 31555 1.571993e+02 1.121761e+02 -2.643797e+00 8.067744e+00
7.750154e-01 33025 1.562388e+02 1.104991e+02 -2.024288e+00 8.668136e+00
7.850634e-01 33921 1.541205e+02 1.080147e+02 8.241611e-02 8.513556e+00
7.950596e-01 34285 1.502651e+02 1.043522e+02 1.616332e+00 4.158562e+00
8.050450e-01 35703 1.489121e+02 1.024566e+02 -2.117425e-01 2.204662e+00
8.150563e-01 36205 1.466324e+02 9.994567e+01 6.116925e-02 2.855196e-01
8.250795e-01 37485 1.446490e+02 9.765395e+01 8.578433e-01 5.666237e+00
8.350885e-01 38047 1.428861e+02 9.553522e+01 -7.612892e-01 1.578228e+00
8.450499e-01 38913 1.408945e+02 9.329608e+01 1.589371e+00 -3.528836e-02
8.550252e-01 39853 1.399101e+02 9.173191e+01 9.422858e-01 -8.060234e-01
8.650455e-01 41367 1.380727e+02 8.962282e+01 9.235891e-01 2.194748e+00
8.750680e-01 41617 1.356511e+02 8.716298e+01 -8.459231e-01 2.160991e+00
8.849916e-01 42430 1.344019e+02 8.549073e+01 -2.166327e+00 2.714038e+00
8.949944e-01 44367 1.327625e+02 8.357761e+01 -8.620360e-01 5.834309e+00
9.050336e-01 44569 1.300274e+02 8.099947e+01 -4.684622e-01 4.242550e+00
9.150411e-01 46089 1.307016e+02 8.055934e+01 -2.154319e+00 7.289259e+00
9.250625e-01 46819 1.280627e+02 7.809537e+01 -9.691702e-01 1.931119e+00
9.350607e-01 47793 1.259728e+02 7.599267e+01 5.596692e-01 4.071107e+00
9.450463e-01 48697 1.249765e+02 7.457634e+01 1.110124e-01 -1.847844e+00
9.549734e-01 49443 1.237773e+02 7.305424e+01 -3.304049e-01 4.445703e+00
9.649510e-01 51097 1.226185e+02 7.156843e+01 -2.762128e+00 5.446817e+00
9.750082e-01 52453 1.207245e+02 6.967123e+01 -1.249330e+00 2.425253e+00
9.850290e-01 52947 1.193620e+02 6.810532e+01 -5.001329e-01 2.983639e+00
9.950258e-01 54193 1.182222e+02 6.668232e+01 -1.125146e+00 4.294608e+00
