# nc 324
# boxsize 6.000000e+02
# nbar 0.000000e+00
1.483274e-02 13 1.632609e+04 1.632405e+04 -5.282758e+03 -3.304037e+03
2.513187e-02 33 1.329414e+04 1.328964e+04 1.151050e+04 2.314040e+04
3.574650e-02 79 9.440780e+03 9.434059e+03 2.805133e+03 -2.001987e+03
4.583347e-02 105 7.526177e+03 7.517140e+03 -7.291636e+02 3.641974e+02
5.486964e-02 145 5.896699e+03 5.886508e+03 -7.324921e+02 8.157817e+02
6.471857e-02 243 5.415883e+03 5.402939e+03 -1.728348e+02 -1.876822e+03
7.503996e-02 313 4.516377e+03 4.501829e+03 -9.679262e+01 1.440068e+03
8.485495e-02 369 3.492259e+03 3.478001e+03 2.526015e+02 1.949013e+02
9.528688e-02 571 2.945604e+03 2.930416e+03 -2.467205e+01 2.119365e-01
1.059290e-01 601 2.617723e+03 2.600953e+03 -5.637638e+02 -4.058939e+02
1.156806e-01 705 2.382582e+03 2.364440e+03 1.115315e+02 9.423455e+01
1.255756e-01 883 2.272829e+03 2.252505e+03 8.510688e+01 -6.974078e+00
1.352378e-01 909 1.919216e+03 1.899281e+03 2.139702e+02 -2.205528e+00
1.449493e-01 1177 1.651633e+03 1.631988e+03 -1.575130e+02 8.350134e+01
1.550659e-01 1323 1.415240e+03 1.395956e+03 -1.024153e+01 -7.464251e+01
1.649601e-01 1453 1.407879e+03 1.386138e+03 -1.534124e+02 1.064561e+02
1.749597e-01 1701 1.233320e+03 1.211917e+03 -7.360911e+01 1.204047e+01
1.852437e-01 1963 1.151698e+03 1.129337e+03 -3.786773e+01 -5.846136e+01
1.951071e-01 1933 1.053421e+03 1.030742e+03 -1.391077e+01 1.684776e+02
2.049888e-01 2397 9.994694e+02 9.757408e+02 3.074879e+01 -6.003984e+01
2.151844e-01 2539 9.297484e+02 9.054565e+02 1.655982e+01 1.370071e+01
2.250745e-01 2694 8.428912e+02 8.188294e+02 -5.462422e+01 6.805421e+01
2.350927e-01 3121 8.025862e+02 7.776278e+02 -5.467174e+00 -7.319502e+00
2.451974e-01 3255 7.529769e+02 7.275147e+02 1.367127e+01 1.001353e+02
2.550872e-01 3517 7.201664e+02 6.938420e+02 -2.055341e+01 4.539864e+01
2.649947e-01 3813 6.882573e+02 6.611550e+02 -3.790917e+01 -3.477931e+01
2.750606e-01 4231 6.271331e+02 6.005680e+02 4.695870e+01 -4.158868e+00
2.851157e-01 4389 6.003281e+02 5.730499e+02 9.872757e+00 5.571004e+01
2.950080e-01 4717 5.685590e+02 5.409334e+02 -2.124085e+01 1.743562e+01
3.050474e-01 5191 5.229996e+02 4.958762e+02 1.372023e+01 1.409263e+01
3.151078e-01 5373 5.105700e+02 4.823650e+02 -1.458669e+01 3.877295e+01
3.251295e-01 5893 4.842699e+02 4.558350e+02 1.781493e+01 -3.576774e+01
3.352591e-01 6183 4.788718e+02 4.490276e+02 -1.977351e+01 -2.565857e+01
3.451640e-01 6349 4.513685e+02 4.215981e+02 -2.198278e+00 3.416901e+00
3.550965e-01 6993 4.293265e+02 3.994240e+02 6.677115e-01 5.678153e+00
3.649687e-01 7003 4.150918e+02 3.846056e+02 -1.141261e+01 -7.602968e+00
3.749450e-01 7941 3.968532e+02 3.661461e+02 -4.636806e+00 -1.475391e+01
3.851630e-01 8221 3.934853e+02 3.614174e+02 9.179806e+00 5.069150e+00
3.951752e-01 8449 3.763621e+02 3.441442e+02 6.794987e-01 2.862696e+01
4.050872e-01 8931 3.582286e+02 3.260765e+02 -6.962310e+00 -9.926515e+00
4.149904e-01 9289 3.395204e+02 3.076057e+02 -1.882778e+00 1.613868e+00
4.250484e-01 10113 3.310330e+02 2.984695e+02 6.981818e+00 6.906165e+00
4.350196e-01 10087 3.279536e+02 2.942368e+02 -4.656960e+00 3.187669e+00
4.449689e-01 10998 3.166717e+02 2.826920e+02 2.780175e+00 -3.608403e+00
4.550136e-01 11233 3.084532e+02 2.739225e+02 6.974241e+00 1.517253e+01
4.650240e-01 11991 2.940033e+02 2.597015e+02 1.769486e+00 -3.959037e+00
4.750600e-01 12241 2.909403e+02 2.556097e+02 -4.736008e+00 3.445851e+00
4.850824e-01 13033 2.796502e+02 2.443345e+02 5.194045e+00 1.775957e+01
4.950626e-01 13227 2.776864e+02 2.412549e+02 -3.870190e+00 -7.066959e+00
5.050218e-01 13993 2.689101e+02 2.322915e+02 -6.158733e+00 7.423935e-01
5.149626e-01 14301 2.620170e+02 2.250168e+02 -6.512751e+00 9.632874e+00
5.249789e-01 15355 2.516268e+02 2.148025e+02 4.171304e+00 -2.218784e-02
5.350486e-01 15585 2.488248e+02 2.111070e+02 -2.584406e+00 -2.605058e-01
5.451135e-01 16549 2.410277e+02 2.032180e+02 -4.291532e+00 -8.959778e-01
5.551181e-01 16587 2.361225e+02 1.978201e+02 -1.722732e-01 9.342237e+00
5.650424e-01 17461 2.321531e+02 1.932515e+02 1.275557e-01 3.652195e+00
5.750589e-01 18177 2.258642e+02 1.867803e+02 -4.451226e+00 -5.475738e+00
5.850828e-01 18739 2.218111e+02 1.821990e+02 3.289945e+00 4.016385e-01
5.950416e-01 19165 2.188780e+02 1.785722e+02 -8.403004e-01 4.291231e+00
6.049746e-01 20013 2.123354e+02 1.720481e+02 -4.624161e+00 -5.090019e+00
6.149470e-01 20587 2.078342e+02 1.672254e+02 -4.305858e-01 -8.265806e+00
6.249968e-01 21657 2.021435e+02 1.614776e+02 3.477644e+00 -2.597174e+00
6.350666e-01 22129 1.990712e+02 1.578568e+02 -3.732287e+00 -1.672327e+00
6.450498e-01 22611 1.956031e+02 1.539651e+02 -3.422303e+00 6.883061e+00
6.549912e-01 23317 1.915008e+02 1.496125e+02 4.736003e-01 -2.262065e+00
6.649535e-01 24222 1.895201e+02 1.469408e+02 5.247246e+00 7.011745e+00
6.749660e-01 24943 1.849130e+02 1.422633e+02 4.786274e+00 -1.664670e+00
6.850252e-01 25921 1.822802e+02 1.391288e+02 -3.078998e-01 2.699692e+00
6.950284e-01 26253 1.803292e+02 1.365457e+02 2.464749e+00 -4.238807e+00
7.049900e-01 27139 1.765574e+02 1.326132e+02 -6.672189e-02 -1.281894e+00
7.150256e-01 28185 1.726290e+02 1.285937e+02 -5.013975e+00 3.740517e-01
7.250860e-01 28969 1.718949e+02 1.269748e+02 1.986795e+00 -3.368930e+00
7.350183e-01 28887 1.665869e+02 1.220221e+02 -3.423649e+00 3.146757e+00
7.450018e-01 30937 1.652497e+02 1.200126e+02 -1.220582e+00 4.039293e+00
7.551045e-01 31341 1.622561e+02 1.168073e+02 -2.447875e+00 1.713077e+00
7.650666e-01 31555 1.605103e+02 1.145357e+02 -7.502602e-01 5.919941e+00
7.750154e-01 33025 1.582589e+02 1.119325e+02 -1.133048e+00 -1.881196e+00
7.850634e-01 33921 1.551035e+02 1.087052e+02 -1.191686e+00 3.013114e+00
7.950596e-01 34285 1.531965e+02 1.063883e+02 -1.286930e+00 -2.804510e+00
8.050450e-01 35703 1.516444e+02 1.043362e+02 -5.024684e-01 6.348601e+00
8.150563e-01 36205 1.483186e+02 1.010928e+02 1.047866e+00 -2.368349e-01
8.250795e-01 37485 1.486970e+02 1.003855e+02 1.180908e+00 3.228204e+00
8.350885e-01 38047 1.445600e+02 9.665624e+01 -8.315437e-01 1.868480e+00
8.450499e-01 38913 1.431729e+02 9.480187e+01 -5.518846e-01 2.838512e+00
8.550252e-01 39853 1.408472e+02 9.234624e+01 -2.752261e-01 5.100658e+00
8.650455e-01 41367 1.403848e+02 9.112587e+01 -3.511928e-02 2.658586e+00
8.750680e-01 41617 1.377958e+02 8.854553e+01 8.631872e-02 -1.194366e+00
8.849916e-01 42430 1.358363e+02 8.640250e+01 -5.343693e-01 1.091073e+00
8.949944e-01 44367 1.363966e+02 8.586644e+01 6.791577e-01 -4.903668e-01
9.050336e-01 44569 1.326309e+02 8.262172e+01 -2.083773e+00 1.785247e+00
9.150411e-01 46089 1.315653e+02 8.109424e+01 -1.303069e-01 2.403797e+00
9.250625e-01 46819 1.303159e+02 7.946778e+01 -1.195775e+00 7.153029e-01
9.350607e-01 47793 1.276343e+02 7.699435e+01 6.732216e-02 3.260012e+00
9.450463e-01 48697 1.260367e+02 7.520573e+01 -1.303524e+00 -2.659311e-02
9.549734e-01 49443 1.255907e+02 7.412511e+01 5.562772e-01 2.175890e+00
9.649510e-01 51097 1.237681e+02 7.223956e+01 1.726152e-01 2.174538e+00
9.750082e-01 52453 1.209761e+02 6.981718e+01 -6.140392e-01 2.324670e+00
9.850290e-01 52947 1.205280e+02 6.876910e+01 6.613714e-01 1.947898e+00
9.950258e-01 54193 1.195599e+02 6.743820e+01 -4.816907e-01 3.330568e+00
