# nc 324
# boxsize 6.000000e+02
# nbar 0.000000e+00
1.483274e-02 13 9.480567e+03 9.479598e+03 2.814538e+03 2.431639e+04
2.513187e-02 33 1.718618e+04 1.718008e+04 -5.159456e+03 -2.615408e+03
3.574650e-02 79 9.783279e+03 9.776184e+03 -4.475706e+02 3.326014e+02
4.583347e-02 105 6.600868e+03 6.593018e+03 6.220894e+02 2.066333e+03
5.486964e-02 145 6.506379e+03 6.495121e+03 4.755915e+01 -7.343710e+02
6.471857e-02 243 5.160674e+03 5.148385e+03 7.023477e+02 -2.404021e+03
7.503996e-02 313 4.733342e+03 4.718209e+03 2.407576e+02 7.342794e+02
8.485495e-02 369 3.799934e+03 3.784302e+03 7.752175e+02 -1.701357e+02
9.528688e-02 571 2.944034e+03 2.928892e+03 4.064203e+02 -5.815203e+02
1.059290e-01 601 2.552750e+03 2.536455e+03 1.069241e+02 -5.695245e+01
1.156806e-01 705 2.266156e+03 2.248866e+03 7.218922e+01 2.445632e+02
1.255756e-01 883 2.111348e+03 2.092449e+03 1.130395e+02 -2.010921e+02
1.352378e-01 909 1.971287e+03 1.950824e+03 -7.372646e+01 -6.491449e+00
1.449493e-01 1177 1.664674e+03 1.644846e+03 -1.477765e+01 -1.768034e+02
1.550659e-01 1323 1.411386e+03 1.392122e+03 1.349516e+02 -2.209099e+02
1.649601e-01 1453 1.356516e+03 1.335580e+03 5.855161e+01 2.675777e+01
1.749597e-01 1701 1.211536e+03 1.190539e+03 6.533732e+01 1.855301e+01
1.852437e-01 1963 1.180459e+03 1.157531e+03 8.820325e+01 5.777406e+00
1.951071e-01 1933 1.064667e+03 1.041762e+03 -4.873383e+01 7.624626e+01
2.049888e-01 2397 9.676463e+02 9.446942e+02 6.402979e-01 5.586880e+01
2.151844e-01 2539 8.977815e+02 8.743339e+02 -1.834934e+01 -1.289687e+02
2.250745e-01 2694 8.410656e+02 8.170491e+02 4.380676e+00 3.539496e+01
2.350927e-01 3121 8.002927e+02 7.753625e+02 4.834929e+01 -2.864104e+00
2.451974e-01 3255 7.652509e+02 7.393951e+02 -2.696797e+01 1.329174e+01
2.550872e-01 3517 7.040386e+02 6.783114e+02 5.638731e+01 -1.235208e+01
2.649947e-01 3813 6.660382e+02 6.398196e+02 -1.750386e+01 -7.364922e+01
2.750606e-01 4231 6.183822e+02 5.921879e+02 1.960014e+01 8.540689e+00
2.851157e-01 4389 5.812442e+02 5.548244e+02 8.383007e+00 3.084022e+01
2.950080e-01 4717 5.633389e+02 5.359729e+02 -6.875947e+00 -2.405399e+01
3.050474e-01 5191 5.472853e+02 5.189022e+02 -1.374106e+01 -3.569292e-01
3.151078e-01 5373 5.215943e+02 4.927775e+02 6.095412e+00 2.124024e+01
3.251295e-01 5893 4.937222e+02 4.647327e+02 1.386630e+01 -1.815806e+00
3.352591e-01 6183 4.638381e+02 4.349198e+02 -9.542789e-01 6.555707e-01
3.451640e-01 6349 4.484092e+02 4.188362e+02 3.091702e+00 -4.220063e+00
3.550965e-01 6993 4.282130e+02 3.983726e+02 -6.334879e+00 -4.924834e+00
3.649687e-01 7003 4.107432e+02 3.805742e+02 4.697189e+00 2.918707e+01
3.749450e-01 7941 3.876927e+02 3.576975e+02 -1.536768e+01 -2.950633e+01
3.851630e-01 8221 3.764959e+02 3.458294e+02 1.102363e+00 -2.551880e+01
3.951752e-01 8449 3.693475e+02 3.377344e+02 1.127213e+01 2.791602e+01
4.050872e-01 8931 3.612661e+02 3.288513e+02 -1.033581e+01 9.542249e+00
4.149904e-01 9289 3.436742e+02 3.113684e+02 -4.569088e+00 2.102501e+01
4.250484e-01 10113 3.324814e+02 2.997714e+02 -6.291636e+00 -1.577768e+01
4.350196e-01 10087 3.165756e+02 2.840319e+02 -6.827422e-01 -3.146074e+00
4.449689e-01 10998 3.113118e+02 2.779068e+02 3.171548e+00 -4.138139e-01
4.550136e-01 11233 3.069464e+02 2.725780e+02 -7.392507e+00 -4.399643e+00
4.650240e-01 11991 2.924628e+02 2.583556e+02 4.134456e+00 -6.262921e+00
4.750600e-01 12241 2.850927e+02 2.504798e+02 -9.160846e+00 -7.175005e+00
4.850824e-01 13033 2.827653e+02 2.470573e+02 5.564221e+00 -1.489689e+01
4.950626e-01 13227 2.717176e+02 2.360711e+02 7.045590e+00 -1.624768e+01
5.050218e-01 13993 2.662035e+02 2.299498e+02 1.113291e+00 2.644552e+00
5.149626e-01 14301 2.552167e+02 2.191802e+02 2.329431e+00 -1.126572e+01
5.249789e-01 15355 2.489218e+02 2.124963e+02 8.135554e+00 8.893469e-02
5.350486e-01 15585 2.456059e+02 2.083802e+02 -1.042350e+00 1.419399e+01
5.451135e-01 16549 2.394040e+02 2.018484e+02 -1.928261e+00 1.023872e+01
5.551181e-01 16587 2.326484e+02 1.949096e+02 2.819213e+00 5.900764e+00
5.650424e-01 17461 2.292363e+02 1.908203e+02 1.211871e+00 6.160436e+00
5.750589e-01 18177 2.209888e+02 1.827477e+02 3.136279e+00 5.247750e+00
5.850828e-01 18739 2.152321e+02 1.767954e+02 3.508447e+00 -1.853176e+00
5.950416e-01 19165 2.133695e+02 1.740836e+02 6.067523e+00 5.824275e+00
6.049746e-01 20013 2.087430e+02 1.691326e+02 3.038266e+00 -2.264184e+00
6.149470e-01 20587 2.040909e+02 1.642102e+02 4.831159e+00 -5.330944e+00
6.249968e-01 21657 2.009148e+02 1.604924e+02 -4.504010e+00 -2.015129e+00
6.350666e-01 22129 1.981748e+02 1.571455e+02 8.859617e-01 2.368871e+00
6.450498e-01 22611 1.941161e+02 1.527966e+02 2.549842e+00 3.464535e-01
6.549912e-01 23317 1.885780e+02 1.473301e+02 2.274135e+00 -5.522966e+00
6.649535e-01 24222 1.856142e+02 1.439162e+02 2.674192e+00 1.686169e+00
6.749660e-01 24943 1.823095e+02 1.402562e+02 1.673668e+00 1.191404e+00
6.850252e-01 25921 1.817956e+02 1.387583e+02 -3.372662e+00 1.289576e+00
6.950284e-01 26253 1.764013e+02 1.335682e+02 4.570291e+00 -1.347261e+00
7.049900e-01 27139 1.733023e+02 1.301646e+02 -2.768071e+00 6.683008e+00
7.150256e-01 28185 1.723982e+02 1.284218e+02 3.702664e+00 1.628463e+00
7.250860e-01 28969 1.677892e+02 1.239402e+02 3.632426e+00 3.405229e+00
7.350183e-01 28887 1.661380e+02 1.216945e+02 3.802338e+00 1.588677e+00
7.450018e-01 30937 1.644113e+02 1.194013e+02 6.478227e-01 3.012471e+00
7.551045e-01 31341 1.602121e+02 1.153375e+02 4.251572e-01 3.126316e+00
7.650666e-01 31555 1.572908e+02 1.122409e+02 1.562975e+00 1.764991e+00
7.750154e-01 33025 1.552546e+02 1.098080e+02 1.366470e+00 1.222159e+00
7.850634e-01 33921 1.517542e+02 1.063580e+02 2.330473e+00 5.306306e+00
7.950596e-01 34285 1.519556e+02 1.055267e+02 5.491404e+00 1.246042e-01
8.050450e-01 35703 1.496245e+02 1.029503e+02 -5.732799e-02 1.822216e+00
8.150563e-01 36205 1.462035e+02 9.964855e+01 -3.102786e+00 1.770424e+00
8.250795e-01 37485 1.449991e+02 9.788886e+01 2.672232e+00 1.797229e+00
8.350885e-01 38047 1.431394e+02 9.570545e+01 7.889325e-01 7.651969e-01
8.450499e-01 38913 1.423847e+02 9.427907e+01 1.318936e+00 4.822563e-01
8.550252e-01 39853 1.393344e+02 9.135576e+01 -4.905678e-02 1.425560e+00
8.650455e-01 41367 1.373058e+02 8.912885e+01 2.557337e+00 -7.423793e-01
8.750680e-01 41617 1.350826e+02 8.680165e+01 -7.012313e-01 1.405696e+00
8.849916e-01 42430 1.338271e+02 8.512421e+01 6.286270e-01 2.945330e+00
8.949944e-01 44367 1.322138e+02 8.323130e+01 2.261044e+00 -1.128983e+00
9.050336e-01 44569 1.306656e+02 8.139757e+01 1.985119e+00 1.884613e+00
9.150411e-01 46089 1.293670e+02 7.973891e+01 -1.466593e-02 2.582469e+00
9.250625e-01 46819 1.277030e+02 7.787535e+01 5.419264e-01 1.376314e+00
9.350607e-01 47793 1.261619e+02 7.610824e+01 1.771235e+00 -1.041430e+00
9.450463e-01 48697 1.245429e+02 7.431486e+01 3.693265e+00 2.159357e+00
9.549734e-01 49443 1.237364e+02 7.303235e+01 2.868728e+00 5.463811e-01
9.649510e-01 51097 1.219034e+02 7.115395e+01 1.985812e+00 -5.882369e-01
9.750082e-01 52453 1.204020e+02 6.948452e+01 5.293235e-01 -8.640670e-03
9.850290e-01 52947 1.187436e+02 6.775088e+01 1.769726e+00 -1.640887e+00
9.950258e-01 54193 1.190025e+02 6.712428e+01 1.562445e-01 1.744723e+00
