# sigma2_v 1.971857582159724e+00
0.000000e+00 1.000000e+00
1.000000e-02 9.999014e-01
2.000000e-02 9.996057e-01
3.000000e-02 9.991131e-01
4.000000e-02 9.984238e-01
5.000000e-02 9.975383e-01
6.000000e-02 9.964571e-01
7.000000e-02 9.951808e-01
8.000000e-02 9.937103e-01
9.000000e-02 9.920464e-01
1.000000e-01 9.901901e-01
1.100000e-01 9.881425e-01
1.200000e-01 9.859048e-01
1.300000e-01 9.834784e-01
1.400000e-01 9.808648e-01
1.500000e-01 9.780654e-01
1.600000e-01 9.750819e-01
1.700000e-01 9.719162e-01
1.800000e-01 9.685700e-01
1.900000e-01 9.650454e-01
2.000000e-01 9.613444e-01
2.100000e-01 9.574693e-01
2.200000e-01 9.534222e-01
2.300000e-01 9.492055e-01
2.400000e-01 9.448217e-01
2.500000e-01 9.402733e-01
2.600000e-01 9.355630e-01
2.700000e-01 9.306934e-01
2.800000e-01 9.256674e-01
2.900000e-01 9.204878e-01
3.000000e-01 9.151576e-01
3.100000e-01 9.096798e-01
3.200000e-01 9.040575e-01
3.300000e-01 8.982938e-01
3.400000e-01 8.923919e-01
3.500000e-01 8.863552e-01
3.600000e-01 8.801870e-01
3.700000e-01 8.738907e-01
3.800000e-01 8.674697e-01
3.900000e-01 8.609275e-01
4.000000e-01 8.542677e-01
4.100000e-01 8.474938e-01
4.200000e-01 8.406095e-01
4.300000e-01 8.336185e-01
4.400000e-01 8.265243e-01
4.500000e-01 8.193308e-01
4.600000e-01 8.120417e-01
4.700000e-01 8.046607e-01
4.800000e-01 7.971917e-01
4.900000e-01 7.896384e-01
5.000000e-01 7.820046e-01
5.100000e-01 7.742943e-01
5.200000e-01 7.665112e-01
5.300000e-01 7.586592e-01
5.400000e-01 7.507420e-01
5.500000e-01 7.427636e-01
5.600000e-01 7.347277e-01
5.700000e-01 7.266383e-01
5.800000e-01 7.184990e-01
5.900000e-01 7.103137e-01
6.000000e-01 7.020862e-01
6.100000e-01 6.938203e-01
6.200000e-01 6.855195e-01
6.300000e-01 6.771878e-01
6.400000e-01 6.688286e-01
6.500000e-01 6.604458e-01
6.600000e-01 6.520429e-01
6.700000e-01 6.436234e-01
6.800000e-01 6.351910e-01
6.900000e-01 6.267491e-01
7.000000e-01 6.183011e-01
7.100000e-01 6.098506e-01
7.200000e-01 6.014008e-01
7.300000e-01 5.929551e-01
7.400000e-01 5.845167e-01
7.500000e-01 5.760888e-01
7.600000e-01 5.676747e-01
7.700000e-01 5.592773e-01
7.800000e-01 5.508997e-01
7.900000e-01 5.425450e-01
8.000000e-01 5.342160e-01
8.100000e-01 5.259156e-01
8.200000e-01 5.176466e-01
8.300000e-01 5.094117e-01
8.400000e-01 5.012135e-01
8.500000e-01 4.930547e-01
8.600000e-01 4.849379e-01
8.700000e-01 4.768653e-01
8.800000e-01 4.688396e-01
8.900000e-01 4.608629e-01
9.000000e-01 4.529375e-01
9.100000e-01 4.450655e-01
9.200000e-01 4.372492e-01
9.300000e-01 4.294905e-01
9.400000e-01 4.217914e-01
9.500000e-01 4.141538e-01
9.600000e-01 4.065795e-01
9.700000e-01 3.990702e-01
9.800000e-01 3.916276e-01
9.900000e-01 3.842533e-01
1.000000e+00 3.769488e-01
1.010000e+00 3.697157e-01
1.020000e+00 3.625551e-01
1.030000e+00 3.554686e-01
1.040000e+00 3.484573e-01
1.050000e+00 3.415223e-01
1.060000e+00 3.346649e-01
1.070000e+00 3.278859e-01
1.080000e+00 3.211864e-01
1.090000e+00 3.145673e-01
1.100000e+00 3.080293e-01
1.110000e+00 3.015733e-01
1.120000e+00 2.952000e-01
1.130000e+00 2.889099e-01
1.140000e+00 2.827037e-01
1.150000e+00 2.765818e-01
1.160000e+00 2.705447e-01
1.170000e+00 2.645928e-01
1.180000e+00 2.587263e-01
1.190000e+00 2.529457e-01
1.200000e+00 2.472510e-01
1.210000e+00 2.416424e-01
1.220000e+00 2.361200e-01
1.230000e+00 2.306840e-01
1.240000e+00 2.253341e-01
1.250000e+00 2.200705e-01
1.260000e+00 2.148930e-01
1.270000e+00 2.098015e-01
1.280000e+00 2.047957e-01
1.290000e+00 1.998754e-01
1.300000e+00 1.950403e-01
1.310000e+00 1.902901e-01
1.320000e+00 1.856245e-01
1.330000e+00 1.810429e-01
1.340000e+00 1.765451e-01
1.350000e+00 1.721304e-01
1.360000e+00 1.677983e-01
1.370000e+00 1.635484e-01
1.380000e+00 1.593800e-01
1.390000e+00 1.552924e-01
1.400000e+00 1.512852e-01
1.410000e+00 1.473575e-01
1.420000e+00 1.435087e-01
1.430000e+00 1.397380e-01
1.440000e+00 1.360448e-01
1.450000e+00 1.324281e-01
1.460000e+00 1.288873e-01
1.470000e+00 1.254215e-01
1.480000e+00 1.220298e-01
1.490000e+00 1.187115e-01
1.500000e+00 1.154656e-01
1.510000e+00 1.122912e-01
1.520000e+00 1.091875e-01
1.530000e+00 1.061535e-01
1.540000e+00 1.031884e-01
1.550000e+00 1.002911e-01
1.560000e+00 9.746068e-02
1.570000e+00 9.469626e-02
1.580000e+00 9.199684e-02
1.590000e+00 8.936144e-02
1.600000e+00 8.678908e-02
1.610000e+00 8.427879e-02
1.620000e+00 8.182958e-02
1.630000e+00 7.944045e-02
1.640000e+00 7.711041e-02
1.650000e+00 7.483848e-02
1.660000e+00 7.262366e-02
1.670000e+00 7.046494e-02
1.680000e+00 6.836135e-02
1.690000e+00 6.631188e-02
1.700000e+00 6.431556e-02
1.710000e+00 6.237139e-02
1.720000e+00 6.047839e-02
1.730000e+00 5.863558e-02
1.740000e+00 5.684200e-02
1.750000e+00 5.509668e-02
1.760000e+00 5.339865e-02
1.770000e+00 5.174696e-02
1.780000e+00 5.014067e-02
1.790000e+00 4.857882e-02
1.800000e+00 4.706051e-02
1.810000e+00 4.558479e-02
1.820000e+00 4.415075e-02
1.830000e+00 4.275750e-02
1.840000e+00 4.140414e-02
1.850000e+00 4.008977e-02
1.860000e+00 3.881353e-02
1.870000e+00 3.757455e-02
1.880000e+00 3.637197e-02
1.890000e+00 3.520496e-02
1.900000e+00 3.407267e-02
1.910000e+00 3.297430e-02
1.920000e+00 3.190903e-02
1.930000e+00 3.087606e-02
1.940000e+00 2.987461e-02
1.950000e+00 2.890391e-02
1.960000e+00 2.796319e-02
1.970000e+00 2.705170e-02
1.980000e+00 2.616871e-02
1.990000e+00 2.531350e-02
2.000000e+00 2.448535e-02
2.010000e+00 2.368356e-02
2.020000e+00 2.290745e-02
2.030000e+00 2.215633e-02
2.040000e+00 2.142956e-02
2.050000e+00 2.072647e-02
2.060000e+00 2.004643e-02
2.070000e+00 1.938882e-02
2.080000e+00 1.875303e-02
2.090000e+00 1.813844e-02
2.100000e+00 1.754448e-02
2.110000e+00 1.697057e-02
2.120000e+00 1.641615e-02
2.130000e+00 1.588065e-02
2.140000e+00 1.536355e-02
2.150000e+00 1.486431e-02
2.160000e+00 1.438242e-02
2.170000e+00 1.391737e-02
2.180000e+00 1.346867e-02
2.190000e+00 1.303584e-02
2.200000e+00 1.261840e-02
2.210000e+00 1.221589e-02
2.220000e+00 1.182786e-02
2.230000e+00 1.145388e-02
2.240000e+00 1.109351e-02
2.250000e+00 1.074635e-02
2.260000e+00 1.041197e-02
2.270000e+00 1.008999e-02
2.280000e+00 9.780009e-03
2.290000e+00 9.481658e-03
2.300000e+00 9.194567e-03
2.310000e+00 8.918377e-03
2.320000e+00 8.652737e-03
2.330000e+00 8.397309e-03
2.340000e+00 8.151761e-03
2.350000e+00 7.915770e-03
2.360000e+00 7.689023e-03
2.370000e+00 7.471215e-03
2.380000e+00 7.262048e-03
2.390000e+00 7.061233e-03
2.400000e+00 6.868491e-03
2.410000e+00 6.683548e-03
2.420000e+00 6.506139e-03
2.430000e+00 6.336006e-03
2.440000e+00 6.172899e-03
2.450000e+00 6.016575e-03
2.460000e+00 5.866798e-03
2.470000e+00 5.723339e-03
2.480000e+00 5.585975e-03
2.490000e+00 5.454491e-03
2.500000e+00 5.328678e-03
2.510000e+00 5.208332e-03
2.520000e+00 5.093256e-03
2.530000e+00 4.983261e-03
2.540000e+00 4.878161e-03
2.550000e+00 4.777776e-03
2.560000e+00 4.681934e-03
2.570000e+00 4.590466e-03
2.580000e+00 4.503210e-03
2.590000e+00 4.420007e-03
2.600000e+00 4.340706e-03
2.610000e+00 4.265159e-03
2.620000e+00 4.193223e-03
2.630000e+00 4.124761e-03
2.640000e+00 4.059638e-03
2.650000e+00 3.997725e-03
2.660000e+00 3.938900e-03
2.670000e+00 3.883039e-03
2.680000e+00 3.830029e-03
2.690000e+00 3.779755e-03
2.700000e+00 3.732110e-03
2.710000e+00 3.686989e-03
2.720000e+00 3.644292e-03
2.730000e+00 3.603920e-03
2.740000e+00 3.565781e-03
2.750000e+00 3.529782e-03
2.760000e+00 3.495838e-03
2.770000e+00 3.463865e-03
2.780000e+00 3.433780e-03
2.790000e+00 3.405507e-03
2.800000e+00 3.378969e-03
2.810000e+00 3.354096e-03
2.820000e+00 3.330817e-03
2.830000e+00 3.309066e-03
2.840000e+00 3.288778e-03
2.850000e+00 3.269892e-03
2.860000e+00 3.252348e-03
2.870000e+00 3.236088e-03
2.880000e+00 3.221059e-03
2.890000e+00 3.207207e-03
2.900000e+00 3.194482e-03
2.910000e+00 3.182835e-03
2.920000e+00 3.172220e-03
2.930000e+00 3.162592e-03
2.940000e+00 3.153907e-03
2.950000e+00 3.146125e-03
2.960000e+00 3.139207e-03
2.970000e+00 3.133114e-03
2.980000e+00 3.127809e-03
2.990000e+00 3.123259e-03
3.000000e+00 3.119430e-03
3.010000e+00 3.116289e-03
3.020000e+00 3.113807e-03
3.030000e+00 3.111952e-03
3.040000e+00 3.110698e-03
3.050000e+00 3.110018e-03
3.060000e+00 3.109884e-03
3.070000e+00 3.110272e-03
3.080000e+00 3.111159e-03
3.090000e+00 3.112521e-03
3.100000e+00 3.114336e-03
3.110000e+00 3.116582e-03
3.120000e+00 3.119241e-03
3.130000e+00 3.122291e-03
3.140000e+00 3.125714e-03
3.150000e+00 3.129492e-03
3.160000e+00 3.133607e-03
3.170000e+00 3.138043e-03
3.180000e+00 3.142782e-03
3.190000e+00 3.147810e-03
3.200000e+00 3.153111e-03
3.210000e+00 3.158669e-03
3.220000e+00 3.164472e-03
3.230000e+00 3.170504e-03
3.240000e+00 3.176753e-03
3.250000e+00 3.183204e-03
3.260000e+00 3.189847e-03
3.270000e+00 3.196666e-03
3.280000e+00 3.203652e-03
3.290000e+00 3.210791e-03
3.300000e+00 3.218072e-03
3.310000e+00 3.225484e-03
3.320000e+00 3.233015e-03
3.330000e+00 3.240654e-03
3.340000e+00 3.248390e-03
3.350000e+00 3.256213e-03
3.360000e+00 3.264112e-03
3.370000e+00 3.272076e-03
3.380000e+00 3.280096e-03
3.390000e+00 3.288161e-03
3.400000e+00 3.296261e-03
3.410000e+00 3.304386e-03
3.420000e+00 3.312526e-03
3.430000e+00 3.320672e-03
3.440000e+00 3.328813e-03
3.450000e+00 3.336940e-03
3.460000e+00 3.345044e-03
3.470000e+00 3.353114e-03
3.480000e+00 3.361142e-03
3.490000e+00 3.369118e-03
3.500000e+00 3.377033e-03
3.510000e+00 3.384877e-03
3.520000e+00 3.392642e-03
3.530000e+00 3.400319e-03
3.540000e+00 3.407898e-03
3.550000e+00 3.415370e-03
3.560000e+00 3.422728e-03
3.570000e+00 3.429961e-03
3.580000e+00 3.437063e-03
3.590000e+00 3.444023e-03
3.600000e+00 3.450834e-03
3.610000e+00 3.457488e-03
3.620000e+00 3.463976e-03
3.630000e+00 3.470291e-03
3.640000e+00 3.476425e-03
3.650000e+00 3.482370e-03
3.660000e+00 3.488119e-03
3.670000e+00 3.493664e-03
3.680000e+00 3.498999e-03
3.690000e+00 3.504117e-03
3.700000e+00 3.509010e-03
3.710000e+00 3.513674e-03
3.720000e+00 3.518101e-03
3.730000e+00 3.522286e-03
3.740000e+00 3.526222e-03
3.750000e+00 3.529906e-03
3.760000e+00 3.533331e-03
3.770000e+00 3.536492e-03
3.780000e+00 3.539386e-03
3.790000e+00 3.542007e-03
3.800000e+00 3.544353e-03
3.810000e+00 3.546419e-03
3.820000e+00 3.548202e-03
3.830000e+00 3.549700e-03
3.840000e+00 3.550909e-03
3.850000e+00 3.551827e-03
3.860000e+00 3.552453e-03
3.870000e+00 3.552785e-03
3.880000e+00 3.552822e-03
3.890000e+00 3.552563e-03
3.900000e+00 3.552007e-03
3.910000e+00 3.551155e-03
3.920000e+00 3.550007e-03
3.930000e+00 3.548563e-03
3.940000e+00 3.546825e-03
3.950000e+00 3.544794e-03
3.960000e+00 3.542471e-03
3.970000e+00 3.539860e-03
3.980000e+00 3.536962e-03
3.990000e+00 3.533780e-03
4.000000e+00 3.530318e-03
4.010000e+00 3.526579e-03
4.020000e+00 3.522567e-03
4.030000e+00 3.518286e-03
4.040000e+00 3.513741e-03
4.050000e+00 3.508937e-03
4.060000e+00 3.503879e-03
4.070000e+00 3.498572e-03
4.080000e+00 3.493023e-03
4.090000e+00 3.487237e-03
4.100000e+00 3.481220e-03
4.110000e+00 3.474980e-03
4.120000e+00 3.468523e-03
4.130000e+00 3.461856e-03
4.140000e+00 3.454986e-03
4.150000e+00 3.447920e-03
4.160000e+00 3.440667e-03
4.170000e+00 3.433233e-03
4.180000e+00 3.425627e-03
4.190000e+00 3.417857e-03
4.200000e+00 3.409931e-03
4.210000e+00 3.401857e-03
4.220000e+00 3.393643e-03
4.230000e+00 3.385297e-03
4.240000e+00 3.376827e-03
4.250000e+00 3.368243e-03
4.260000e+00 3.359552e-03
4.270000e+00 3.350763e-03
4.280000e+00 3.341883e-03
4.290000e+00 3.332920e-03
4.300000e+00 3.323884e-03
4.310000e+00 3.314781e-03
4.320000e+00 3.305619e-03
4.330000e+00 3.296407e-03
4.340000e+00 3.287151e-03
4.350000e+00 3.277859e-03
4.360000e+00 3.268538e-03
4.370000e+00 3.259194e-03
4.380000e+00 3.249835e-03
4.390000e+00 3.240466e-03
4.400000e+00 3.231094e-03
4.410000e+00 3.221725e-03
4.420000e+00 3.212363e-03
4.430000e+00 3.203015e-03
4.440000e+00 3.193685e-03
4.450000e+00 3.184378e-03
4.460000e+00 3.175097e-03
4.470000e+00 3.165848e-03
4.480000e+00 3.156632e-03
4.490000e+00 3.147454e-03
4.500000e+00 3.138316e-03
4.510000e+00 3.129220e-03
4.520000e+00 3.120168e-03
4.530000e+00 3.111162e-03
4.540000e+00 3.102203e-03
4.550000e+00 3.093292e-03
4.560000e+00 3.084429e-03
4.570000e+00 3.075613e-03
4.580000e+00 3.066845e-03
4.590000e+00 3.058124e-03
4.600000e+00 3.049447e-03
4.610000e+00 3.040815e-03
4.620000e+00 3.032223e-03
4.630000e+00 3.023671e-03
4.640000e+00 3.015154e-03
4.650000e+00 3.006671e-03
4.660000e+00 2.998216e-03
4.670000e+00 2.989787e-03
4.680000e+00 2.981379e-03
4.690000e+00 2.972987e-03
4.700000e+00 2.964606e-03
4.710000e+00 2.956232e-03
4.720000e+00 2.947857e-03
4.730000e+00 2.939478e-03
4.740000e+00 2.931086e-03
4.750000e+00 2.922677e-03
4.760000e+00 2.914243e-03
4.770000e+00 2.905777e-03
4.780000e+00 2.897273e-03
4.790000e+00 2.888723e-03
4.800000e+00 2.880120e-03
4.810000e+00 2.871456e-03
4.820000e+00 2.862724e-03
4.830000e+00 2.853915e-03
4.840000e+00 2.845023e-03
4.850000e+00 2.836037e-03
4.860000e+00 2.826952e-03
4.870000e+00 2.817759e-03
4.880000e+00 2.808449e-03
4.890000e+00 2.799015e-03
4.900000e+00 2.789448e-03
4.910000e+00 2.779741e-03
4.920000e+00 2.769886e-03
4.930000e+00 2.759874e-03
4.940000e+00 2.749699e-03
4.950000e+00 2.739351e-03
4.960000e+00 2.728825e-03
4.970000e+00 2.718113e-03
4.980000e+00 2.707207e-03
4.990000e+00 2.696100e-03
5.000000e+00 2.684786e-03
5.010000e+00 2.673258e-03
5.020000e+00 2.661511e-03
5.030000e+00 2.649537e-03
5.040000e+00 2.637331e-03
5.050000e+00 2.624888e-03
5.060000e+00 2.612203e-03
5.070000e+00 2.599270e-03
5.080000e+00 2.586085e-03
5.090000e+00 2.572643e-03
5.100000e+00 2.558942e-03
5.110000e+00 2.544977e-03
5.120000e+00 2.530745e-03
5.130000e+00 2.516243e-03
5.140000e+00 2.501469e-03
5.150000e+00 2.486420e-03
5.160000e+00 2.471096e-03
5.170000e+00 2.455493e-03
5.180000e+00 2.439613e-03
5.190000e+00 2.423453e-03
5.200000e+00 2.407014e-03
5.210000e+00 2.390296e-03
5.220000e+00 2.373300e-03
5.230000e+00 2.356026e-03
5.240000e+00 2.338476e-03
5.250000e+00 2.320651e-03
5.260000e+00 2.302554e-03
5.270000e+00 2.284186e-03
5.280000e+00 2.265552e-03
5.290000e+00 2.246654e-03
5.300000e+00 2.227495e-03
5.310000e+00 2.208080e-03
5.320000e+00 2.188413e-03
5.330000e+00 2.168498e-03
5.340000e+00 2.148340e-03
5.350000e+00 2.127945e-03
5.360000e+00 2.107318e-03
5.370000e+00 2.086464e-03
5.380000e+00 2.065391e-03
5.390000e+00 2.044104e-03
5.400000e+00 2.022610e-03
5.410000e+00 2.000916e-03
5.420000e+00 1.979029e-03
5.430000e+00 1.956957e-03
5.440000e+00 1.934707e-03
5.450000e+00 1.912287e-03
5.460000e+00 1.889705e-03
5.470000e+00 1.866970e-03
5.480000e+00 1.844089e-03
5.490000e+00 1.821072e-03
5.500000e+00 1.797926e-03
5.510000e+00 1.774662e-03
5.520000e+00 1.751287e-03
5.530000e+00 1.727811e-03
5.540000e+00 1.704243e-03
5.550000e+00 1.680593e-03
5.560000e+00 1.656870e-03
5.570000e+00 1.633083e-03
5.580000e+00 1.609241e-03
5.590000e+00 1.585355e-03
5.600000e+00 1.561433e-03
5.610000e+00 1.537486e-03
5.620000e+00 1.513523e-03
5.630000e+00 1.489553e-03
5.640000e+00 1.465586e-03
5.650000e+00 1.441631e-03
5.660000e+00 1.417699e-03
5.670000e+00 1.393798e-03
5.680000e+00 1.369938e-03
5.690000e+00 1.346128e-03
5.700000e+00 1.322378e-03
5.710000e+00 1.298696e-03
5.720000e+00 1.275092e-03
5.730000e+00 1.251574e-03
5.740000e+00 1.228152e-03
5.750000e+00 1.204834e-03
5.760000e+00 1.181629e-03
5.770000e+00 1.158546e-03
5.780000e+00 1.135592e-03
5.790000e+00 1.112775e-03
5.800000e+00 1.090105e-03
5.810000e+00 1.067588e-03
5.820000e+00 1.045232e-03
5.830000e+00 1.023045e-03
5.840000e+00 1.001034e-03
5.850000e+00 9.792064e-04
5.860000e+00 9.575688e-04
5.870000e+00 9.361279e-04
5.880000e+00 9.148903e-04
5.890000e+00 8.938621e-04
5.900000e+00 8.730495e-04
5.910000e+00 8.524581e-04
5.920000e+00 8.320937e-04
5.930000e+00 8.119614e-04
5.940000e+00 7.920663e-04
5.950000e+00 7.724133e-04
5.960000e+00 7.530069e-04
5.970000e+00 7.338514e-04
5.980000e+00 7.149507e-04
5.990000e+00 6.963087e-04
6.000000e+00 6.779288e-04
6.010000e+00 6.598141e-04
6.020000e+00 6.419675e-04
6.030000e+00 6.243918e-04
6.040000e+00 6.070890e-04
6.050000e+00 5.900613e-04
6.060000e+00 5.733103e-04
6.070000e+00 5.568375e-04
6.080000e+00 5.406438e-04
6.090000e+00 5.247302e-04
6.100000e+00 5.090970e-04
6.110000e+00 4.937444e-04
6.120000e+00 4.786722e-04
6.130000e+00 4.638800e-04
6.140000e+00 4.493668e-04
6.150000e+00 4.351317e-04
6.160000e+00 4.211731e-04
6.170000e+00 4.074892e-04
6.180000e+00 3.940780e-04
6.190000e+00 3.809371e-04
6.200000e+00 3.680638e-04
6.210000e+00 3.554550e-04
6.220000e+00 3.431073e-04
6.230000e+00 3.310171e-04
6.240000e+00 3.191805e-04
6.250000e+00 3.075931e-04
6.260000e+00 2.962504e-04
6.270000e+00 2.851476e-04
6.280000e+00 2.742795e-04
6.290000e+00 2.636407e-04
6.300000e+00 2.532255e-04
6.310000e+00 2.430280e-04
6.320000e+00 2.330419e-04
6.330000e+00 2.232608e-04
6.340000e+00 2.136779e-04
6.350000e+00 2.042864e-04
6.360000e+00 1.950791e-04
6.370000e+00 1.860487e-04
6.380000e+00 1.771876e-04
6.390000e+00 1.684880e-04
6.400000e+00 1.599421e-04
6.410000e+00 1.515419e-04
6.420000e+00 1.432790e-04
6.430000e+00 1.351453e-04
6.440000e+00 1.271322e-04
6.450000e+00 1.192312e-04
6.460000e+00 1.114337e-04
6.470000e+00 1.037309e-04
6.480000e+00 9.611429e-05
6.490000e+00 8.857493e-05
6.500000e+00 8.110406e-05
6.510000e+00 7.369292e-05
6.520000e+00 6.633274e-05
6.530000e+00 5.901479e-05
6.540000e+00 5.173041e-05
6.550000e+00 4.447099e-05
6.560000e+00 3.722805e-05
6.570000e+00 2.999319e-05
6.580000e+00 2.275816e-05
6.590000e+00 1.551483e-05
6.600000e+00 8.255270e-06
6.610000e+00 9.717130e-07
6.620000e+00 -6.343400e-06
6.630000e+00 -1.369741e-05
6.640000e+00 -2.109741e-05
6.650000e+00 -2.855027e-05
6.660000e+00 -3.606255e-05
6.670000e+00 -4.364055e-05
6.680000e+00 -5.129026e-05
6.690000e+00 -5.901736e-05
6.700000e+00 -6.682719e-05
6.710000e+00 -7.472475e-05
6.720000e+00 -8.271468e-05
6.730000e+00 -9.080127e-05
6.740000e+00 -9.898839e-05
6.750000e+00 -1.072795e-04
6.760000e+00 -1.156779e-04
6.770000e+00 -1.241860e-04
6.780000e+00 -1.328062e-04
6.790000e+00 -1.415404e-04
6.800000e+00 -1.503899e-04
6.810000e+00 -1.593558e-04
6.820000e+00 -1.684385e-04
6.830000e+00 -1.776383e-04
6.840000e+00 -1.869546e-04
6.850000e+00 -1.963868e-04
6.860000e+00 -2.059336e-04
6.870000e+00 -2.155933e-04
6.880000e+00 -2.253637e-04
6.890000e+00 -2.352425e-04
6.900000e+00 -2.452264e-04
6.910000e+00 -2.553122e-04
6.920000e+00 -2.654960e-04
6.930000e+00 -2.757735e-04
6.940000e+00 -2.861401e-04
6.950000e+00 -2.965908e-04
6.960000e+00 -3.071201e-04
6.970000e+00 -3.177223e-04
6.980000e+00 -3.283911e-04
6.990000e+00 -3.391202e-04
7.000000e+00 -3.499026e-04
7.010000e+00 -3.607314e-04
7.020000e+00 -3.715990e-04
7.030000e+00 -3.824977e-04
7.040000e+00 -3.934197e-04
7.050000e+00 -4.043567e-04
7.060000e+00 -4.153003e-04
7.070000e+00 -4.262419e-04
7.080000e+00 -4.371727e-04
7.090000e+00 -4.480837e-04
7.100000e+00 -4.589658e-04
7.110000e+00 -4.698098e-04
7.120000e+00 -4.806065e-04
7.130000e+00 -4.913463e-04
7.140000e+00 -5.020199e-04
7.150000e+00 -5.126177e-04
7.160000e+00 -5.231304e-04
7.170000e+00 -5.335484e-04
7.180000e+00 -5.438622e-04
7.190000e+00 -5.540625e-04
7.200000e+00 -5.641400e-04
7.210000e+00 -5.740853e-04
7.220000e+00 -5.838895e-04
7.230000e+00 -5.935436e-04
7.240000e+00 -6.030387e-04
7.250000e+00 -6.123661e-04
7.260000e+00 -6.215175e-04
7.270000e+00 -6.304845e-04
7.280000e+00 -6.392592e-04
7.290000e+00 -6.478337e-04
7.300000e+00 -6.562006e-04
7.310000e+00 -6.643524e-04
7.320000e+00 -6.722823e-04
7.330000e+00 -6.799836e-04
7.340000e+00 -6.874498e-04
7.350000e+00 -6.946749e-04
7.360000e+00 -7.016532e-04
7.370000e+00 -7.083791e-04
7.380000e+00 -7.148476e-04
7.390000e+00 -7.210540e-04
7.400000e+00 -7.269938e-04
7.410000e+00 -7.326629e-04
7.420000e+00 -7.380578e-04
7.430000e+00 -7.431750e-04
7.440000e+00 -7.480115e-04
7.450000e+00 -7.525648e-04
7.460000e+00 -7.568324e-04
7.470000e+00 -7.608125e-04
7.480000e+00 -7.645034e-04
7.490000e+00 -7.679039e-04
7.500000e+00 -7.710131e-04
7.510000e+00 -7.738303e-04
7.520000e+00 -7.763553e-04
7.530000e+00 -7.785880e-04
7.540000e+00 -7.805289e-04
7.550000e+00 -7.821784e-04
7.560000e+00 -7.835375e-04
7.570000e+00 -7.846073e-04
7.580000e+00 -7.853892e-04
7.590000e+00 -7.858849e-04
7.600000e+00 -7.860961e-04
7.610000e+00 -7.860251e-04
7.620000e+00 -7.856740e-04
7.630000e+00 -7.850453e-04
7.640000e+00 -7.841416e-04
7.650000e+00 -7.829657e-04
7.660000e+00 -7.815205e-04
7.670000e+00 -7.798090e-04
7.680000e+00 -7.778344e-04
7.690000e+00 -7.755999e-04
7.700000e+00 -7.731088e-04
7.710000e+00 -7.703644e-04
7.720000e+00 -7.673701e-04
7.730000e+00 -7.641295e-04
7.740000e+00 -7.606459e-04
7.750000e+00 -7.569227e-04
7.760000e+00 -7.529635e-04
7.770000e+00 -7.487716e-04
7.780000e+00 -7.443504e-04
7.790000e+00 -7.397033e-04
7.800000e+00 -7.348335e-04
7.810000e+00 -7.297442e-04
7.820000e+00 -7.244386e-04
7.830000e+00 -7.189196e-04
7.840000e+00 -7.131902e-04
7.850000e+00 -7.072532e-04
7.860000e+00 -7.011114e-04
7.870000e+00 -6.947673e-04
7.880000e+00 -6.882234e-04
7.890000e+00 -6.814821e-04
7.900000e+00 -6.745456e-04
7.910000e+00 -6.674160e-04
7.920000e+00 -6.600952e-04
7.930000e+00 -6.525852e-04
7.940000e+00 -6.448876e-04
7.950000e+00 -6.370040e-04
7.960000e+00 -6.289358e-04
7.970000e+00 -6.206844e-04
7.980000e+00 -6.122510e-04
7.990000e+00 -6.036367e-04
8.000000e+00 -5.948425e-04
8.010000e+00 -5.858693e-04
8.020000e+00 -5.767180e-04
8.030000e+00 -5.673892e-04
8.040000e+00 -5.578836e-04
8.050000e+00 -5.482019e-04
8.060000e+00 -5.383445e-04
8.070000e+00 -5.283119e-04
8.080000e+00 -5.181048e-04
8.090000e+00 -5.077234e-04
8.100000e+00 -4.971682e-04
8.110000e+00 -4.864398e-04
8.120000e+00 -4.755386e-04
8.130000e+00 -4.644652e-04
8.140000e+00 -4.532200e-04
8.150000e+00 -4.418038e-04
8.160000e+00 -4.302171e-04
8.170000e+00 -4.184610e-04
8.180000e+00 -4.065361e-04
8.190000e+00 -3.944436e-04
8.200000e+00 -3.821846e-04
8.210000e+00 -3.697604e-04
8.220000e+00 -3.571724e-04
8.230000e+00 -3.444223e-04
8.240000e+00 -3.315118e-04
8.250000e+00 -3.184430e-04
8.260000e+00 -3.052181e-04
8.270000e+00 -2.918395e-04
8.280000e+00 -2.783098e-04
8.290000e+00 -2.646319e-04
8.300000e+00 -2.508089e-04
8.310000e+00 -2.368443e-04
8.320000e+00 -2.227416e-04
8.330000e+00 -2.085048e-04
8.340000e+00 -1.941381e-04
8.350000e+00 -1.796458e-04
8.360000e+00 -1.650329e-04
8.370000e+00 -1.503042e-04
8.380000e+00 -1.354651e-04
8.390000e+00 -1.205213e-04
8.400000e+00 -1.054786e-04
8.410000e+00 -9.034314e-05
8.420000e+00 -7.512151e-05
8.430000e+00 -5.982042e-05
8.440000e+00 -4.444693e-05
8.450000e+00 -2.900836e-05
8.460000e+00 -1.351229e-05
8.470000e+00 2.033397e-06
8.480000e+00 1.762059e-05
8.490000e+00 3.324092e-05
8.500000e+00 4.888576e-05
8.510000e+00 6.454627e-05
8.520000e+00 8.021337e-05
8.530000e+00 9.587780e-05
8.540000e+00 1.115301e-04
8.550000e+00 1.271605e-04
8.560000e+00 1.427593e-04
8.570000e+00 1.583164e-04
8.580000e+00 1.738218e-04
8.590000e+00 1.892651e-04
8.600000e+00 2.046360e-04
8.610000e+00 2.199240e-04
8.620000e+00 2.351186e-04
8.630000e+00 2.502091e-04
8.640000e+00 2.651850e-04
8.650000e+00 2.800355e-04
8.660000e+00 2.947500e-04
8.670000e+00 3.093178e-04
8.680000e+00 3.237283e-04
8.690000e+00 3.379709e-04
8.700000e+00 3.520351e-04
8.710000e+00 3.659103e-04
8.720000e+00 3.795865e-04
8.730000e+00 3.930532e-04
8.740000e+00 4.063004e-04
8.750000e+00 4.193183e-04
8.760000e+00 4.320971e-04
8.770000e+00 4.446273e-04
8.780000e+00 4.568995e-04
8.790000e+00 4.689046e-04
8.800000e+00 4.806337e-04
8.810000e+00 4.920784e-04
8.820000e+00 5.032301e-04
8.830000e+00 5.140809e-04
8.840000e+00 5.246230e-04
8.850000e+00 5.348490e-04
8.860000e+00 5.447517e-04
8.870000e+00 5.543243e-04
8.880000e+00 5.635605e-04
8.890000e+00 5.724541e-04
8.900000e+00 5.809994e-04
8.910000e+00 5.891910e-04
8.920000e+00 5.970240e-04
8.930000e+00 6.044937e-04
8.940000e+00 6.115961e-04
8.950000e+00 6.183272e-04
8.960000e+00 6.246836e-04
8.970000e+00 6.306624e-04
8.980000e+00 6.362609e-04
8.990000e+00 6.414770e-04
9.000000e+00 6.463088e-04
9.010000e+00 6.507549e-04
9.020000e+00 6.548144e-04
9.030000e+00 6.584867e-04
9.040000e+00 6.617715e-04
9.050000e+00 6.646692e-04
9.060000e+00 6.671802e-04
9.070000e+00 6.693055e-04
9.080000e+00 6.710466e-04
9.090000e+00 6.724050e-04
9.100000e+00 6.733830e-04
9.110000e+00 6.739829e-04
9.120000e+00 6.742075e-04
9.130000e+00 6.740600e-04
9.140000e+00 6.735438e-04
9.150000e+00 6.726627e-04
9.160000e+00 6.714208e-04
9.170000e+00 6.698224e-04
9.180000e+00 6.678721e-04
9.190000e+00 6.655750e-04
9.200000e+00 6.629362e-04
9.210000e+00 6.599611e-04
9.220000e+00 6.566555e-04
9.230000e+00 6.530252e-04
9.240000e+00 6.490762e-04
9.250000e+00 6.448150e-04
9.260000e+00 6.402480e-04
9.270000e+00 6.353818e-04
9.280000e+00 6.302233e-04
9.290000e+00 6.247794e-04
9.300000e+00 6.190572e-04
9.310000e+00 6.130638e-04
9.320000e+00 6.068067e-04
9.330000e+00 6.002931e-04
9.340000e+00 5.935307e-04
9.350000e+00 5.865268e-04
9.360000e+00 5.792891e-04
9.370000e+00 5.718253e-04
9.380000e+00 5.641430e-04
9.390000e+00 5.562499e-04
9.400000e+00 5.481538e-04
9.410000e+00 5.398622e-04
9.420000e+00 5.313830e-04
9.430000e+00 5.227238e-04
9.440000e+00 5.138923e-04
9.450000e+00 5.048961e-04
9.460000e+00 4.957427e-04
9.470000e+00 4.864397e-04
9.480000e+00 4.769945e-04
9.490000e+00 4.674145e-04
9.500000e+00 4.577071e-04
9.510000e+00 4.478795e-04
9.520000e+00 4.379389e-04
9.530000e+00 4.278924e-04
9.540000e+00 4.177469e-04
9.550000e+00 4.075093e-04
9.560000e+00 3.971866e-04
9.570000e+00 3.867853e-04
9.580000e+00 3.763121e-04
9.590000e+00 3.657735e-04
9.600000e+00 3.551759e-04
9.610000e+00 3.445255e-04
9.620000e+00 3.338287e-04
9.630000e+00 3.230914e-04
9.640000e+00 3.123197e-04
9.650000e+00 3.015194e-04
9.660000e+00 2.906963e-04
9.670000e+00 2.798562e-04
9.680000e+00 2.690046e-04
9.690000e+00 2.581470e-04
9.700000e+00 2.472888e-04
9.710000e+00 2.364354e-04
9.720000e+00 2.255919e-04
9.730000e+00 2.147636e-04
9.740000e+00 2.039554e-04
9.750000e+00 1.931725e-04
9.760000e+00 1.824196e-04
9.770000e+00 1.717018e-04
9.780000e+00 1.610238e-04
9.790000e+00 1.503903e-04
9.800000e+00 1.398060e-04
9.810000e+00 1.292757e-04
9.820000e+00 1.188038e-04
9.830000e+00 1.083950e-04
9.840000e+00 9.805370e-05
9.850000e+00 8.778451e-05
9.860000e+00 7.759186e-05
9.870000e+00 6.748019e-05
9.880000e+00 5.745393e-05
9.890000e+00 4.751749e-05
9.900000e+00 3.767528e-05
9.910000e+00 2.793167e-05
9.920000e+00 1.829107e-05
9.930000e+00 8.757852e-06
9.940000e+00 -6.635934e-07
9.950000e+00 -9.968878e-06
9.960000e+00 -1.915361e-05
9.970000e+00 -2.821338e-05
9.980000e+00 -3.714379e-05
9.990000e+00 -4.594040e-05
1.000000e+01 -5.459880e-05
