# sigma2_v 2.106995716106684e+00
0.000000e+00 1.000000e+00
1.000000e-02 9.998947e-01
2.000000e-02 9.995787e-01
3.000000e-02 9.990523e-01
4.000000e-02 9.983158e-01
5.000000e-02 9.973698e-01
6.000000e-02 9.962147e-01
7.000000e-02 9.948513e-01
8.000000e-02 9.932805e-01
9.000000e-02 9.915034e-01
1.000000e-01 9.895209e-01
1.100000e-01 9.873344e-01
1.200000e-01 9.849453e-01
1.300000e-01 9.823551e-01
1.400000e-01 9.795654e-01
1.500000e-01 9.765780e-01
1.600000e-01 9.733947e-01
1.700000e-01 9.700175e-01
1.800000e-01 9.664486e-01
1.900000e-01 9.626902e-01
2.000000e-01 9.587447e-01
2.100000e-01 9.546144e-01
2.200000e-01 9.503020e-01
2.300000e-01 9.458100e-01
2.400000e-01 9.411413e-01
2.500000e-01 9.362988e-01
2.600000e-01 9.312853e-01
2.700000e-01 9.261039e-01
2.800000e-01 9.207578e-01
2.900000e-01 9.152502e-01
3.000000e-01 9.095844e-01
3.100000e-01 9.037638e-01
3.200000e-01 8.977918e-01
3.300000e-01 8.916720e-01
3.400000e-01 8.854080e-01
3.500000e-01 8.790035e-01
3.600000e-01 8.724621e-01
3.700000e-01 8.657878e-01
3.800000e-01 8.589843e-01
3.900000e-01 8.520555e-01
4.000000e-01 8.450054e-01
4.100000e-01 8.378380e-01
4.200000e-01 8.305572e-01
4.300000e-01 8.231672e-01
4.400000e-01 8.156721e-01
4.500000e-01 8.080759e-01
4.600000e-01 8.003829e-01
4.700000e-01 7.925971e-01
4.800000e-01 7.847229e-01
4.900000e-01 7.767643e-01
5.000000e-01 7.687256e-01
5.100000e-01 7.606110e-01
5.200000e-01 7.524247e-01
5.300000e-01 7.441710e-01
5.400000e-01 7.358540e-01
5.500000e-01 7.274780e-01
5.600000e-01 7.190471e-01
5.700000e-01 7.105656e-01
5.800000e-01 7.020375e-01
5.900000e-01 6.934670e-01
6.000000e-01 6.848583e-01
6.100000e-01 6.762154e-01
6.200000e-01 6.675423e-01
6.300000e-01 6.588431e-01
6.400000e-01 6.501218e-01
6.500000e-01 6.413823e-01
6.600000e-01 6.326285e-01
6.700000e-01 6.238642e-01
6.800000e-01 6.150933e-01
6.900000e-01 6.063194e-01
7.000000e-01 5.975464e-01
7.100000e-01 5.887779e-01
7.200000e-01 5.800173e-01
7.300000e-01 5.712684e-01
7.400000e-01 5.625344e-01
7.500000e-01 5.538189e-01
7.600000e-01 5.451252e-01
7.700000e-01 5.364566e-01
7.800000e-01 5.278161e-01
7.900000e-01 5.192071e-01
8.000000e-01 5.106325e-01
8.100000e-01 5.020953e-01
8.200000e-01 4.935984e-01
8.300000e-01 4.851447e-01
8.400000e-01 4.767370e-01
8.500000e-01 4.683778e-01
8.600000e-01 4.600699e-01
8.700000e-01 4.518158e-01
8.800000e-01 4.436178e-01
8.900000e-01 4.354784e-01
9.000000e-01 4.273999e-01
9.100000e-01 4.193844e-01
9.200000e-01 4.114341e-01
9.300000e-01 4.035510e-01
9.400000e-01 3.957371e-01
9.500000e-01 3.879942e-01
9.600000e-01 3.803242e-01
9.700000e-01 3.727288e-01
9.800000e-01 3.652096e-01
9.900000e-01 3.577682e-01
1.000000e+00 3.504061e-01
1.010000e+00 3.431245e-01
1.020000e+00 3.359250e-01
1.030000e+00 3.288086e-01
1.040000e+00 3.217766e-01
1.050000e+00 3.148301e-01
1.060000e+00 3.079700e-01
1.070000e+00 3.011973e-01
1.080000e+00 2.945128e-01
1.090000e+00 2.879174e-01
1.100000e+00 2.814117e-01
1.110000e+00 2.749964e-01
1.120000e+00 2.686720e-01
1.130000e+00 2.624391e-01
1.140000e+00 2.562981e-01
1.150000e+00 2.502493e-01
1.160000e+00 2.442931e-01
1.170000e+00 2.384297e-01
1.180000e+00 2.326592e-01
1.190000e+00 2.269819e-01
1.200000e+00 2.213976e-01
1.210000e+00 2.159065e-01
1.220000e+00 2.105085e-01
1.230000e+00 2.052034e-01
1.240000e+00 1.999912e-01
1.250000e+00 1.948715e-01
1.260000e+00 1.898441e-01
1.270000e+00 1.849086e-01
1.280000e+00 1.800648e-01
1.290000e+00 1.753122e-01
1.300000e+00 1.706503e-01
1.310000e+00 1.660786e-01
1.320000e+00 1.615966e-01
1.330000e+00 1.572037e-01
1.340000e+00 1.528993e-01
1.350000e+00 1.486827e-01
1.360000e+00 1.445532e-01
1.370000e+00 1.405102e-01
1.380000e+00 1.365528e-01
1.390000e+00 1.326802e-01
1.400000e+00 1.288917e-01
1.410000e+00 1.251863e-01
1.420000e+00 1.215633e-01
1.430000e+00 1.180217e-01
1.440000e+00 1.145606e-01
1.450000e+00 1.111790e-01
1.460000e+00 1.078760e-01
1.470000e+00 1.046506e-01
1.480000e+00 1.015019e-01
1.490000e+00 9.842874e-02
1.500000e+00 9.543015e-02
1.510000e+00 9.250508e-02
1.520000e+00 8.965248e-02
1.530000e+00 8.687127e-02
1.540000e+00 8.416038e-02
1.550000e+00 8.151872e-02
1.560000e+00 7.894519e-02
1.570000e+00 7.643870e-02
1.580000e+00 7.399813e-02
1.590000e+00 7.162238e-02
1.600000e+00 6.931033e-02
1.610000e+00 6.706086e-02
1.620000e+00 6.487284e-02
1.630000e+00 6.274517e-02
1.640000e+00 6.067672e-02
1.650000e+00 5.866638e-02
1.660000e+00 5.671301e-02
1.670000e+00 5.481552e-02
1.680000e+00 5.297279e-02
1.690000e+00 5.118371e-02
1.700000e+00 4.944718e-02
1.710000e+00 4.776210e-02
1.720000e+00 4.612739e-02
1.730000e+00 4.454197e-02
1.740000e+00 4.300475e-02
1.750000e+00 4.151468e-02
1.760000e+00 4.007069e-02
1.770000e+00 3.867173e-02
1.780000e+00 3.731676e-02
1.790000e+00 3.600477e-02
1.800000e+00 3.473472e-02
1.810000e+00 3.350561e-02
1.820000e+00 3.231644e-02
1.830000e+00 3.116623e-02
1.840000e+00 3.005401e-02
1.850000e+00 2.897882e-02
1.860000e+00 2.793970e-02
1.870000e+00 2.693574e-02
1.880000e+00 2.596599e-02
1.890000e+00 2.502957e-02
1.900000e+00 2.412556e-02
1.910000e+00 2.325310e-02
1.920000e+00 2.241132e-02
1.930000e+00 2.159937e-02
1.940000e+00 2.081640e-02
1.950000e+00 2.006159e-02
1.960000e+00 1.933415e-02
1.970000e+00 1.863326e-02
1.980000e+00 1.795815e-02
1.990000e+00 1.730807e-02
2.000000e+00 1.668225e-02
2.010000e+00 1.607996e-02
2.020000e+00 1.550048e-02
2.030000e+00 1.494310e-02
2.040000e+00 1.440714e-02
2.050000e+00 1.389191e-02
2.060000e+00 1.339676e-02
2.070000e+00 1.292103e-02
2.080000e+00 1.246409e-02
2.090000e+00 1.202532e-02
2.100000e+00 1.160412e-02
2.110000e+00 1.119990e-02
2.120000e+00 1.081208e-02
2.130000e+00 1.044010e-02
2.140000e+00 1.008341e-02
2.150000e+00 9.741468e-03
2.160000e+00 9.413762e-03
2.170000e+00 9.099780e-03
2.180000e+00 8.799028e-03
2.190000e+00 8.511023e-03
2.200000e+00 8.235298e-03
2.210000e+00 7.971396e-03
2.220000e+00 7.718875e-03
2.230000e+00 7.477302e-03
2.240000e+00 7.246260e-03
2.250000e+00 7.025343e-03
2.260000e+00 6.814155e-03
2.270000e+00 6.612315e-03
2.280000e+00 6.419450e-03
2.290000e+00 6.235202e-03
2.300000e+00 6.059221e-03
2.310000e+00 5.891170e-03
2.320000e+00 5.730722e-03
2.330000e+00 5.577562e-03
2.340000e+00 5.431382e-03
2.350000e+00 5.291888e-03
2.360000e+00 5.158795e-03
2.370000e+00 5.031825e-03
2.380000e+00 4.910714e-03
2.390000e+00 4.795205e-03
2.400000e+00 4.685049e-03
2.410000e+00 4.580010e-03
2.420000e+00 4.479856e-03
2.430000e+00 4.384367e-03
2.440000e+00 4.293331e-03
2.450000e+00 4.206543e-03
2.460000e+00 4.123807e-03
2.470000e+00 4.044934e-03
2.480000e+00 3.969744e-03
2.490000e+00 3.898064e-03
2.500000e+00 3.829727e-03
2.510000e+00 3.764574e-03
2.520000e+00 3.702453e-03
2.530000e+00 3.643220e-03
2.540000e+00 3.586734e-03
2.550000e+00 3.532863e-03
2.560000e+00 3.481481e-03
2.570000e+00 3.432468e-03
2.580000e+00 3.385708e-03
2.590000e+00 3.341093e-03
2.600000e+00 3.298518e-03
2.610000e+00 3.257886e-03
2.620000e+00 3.219102e-03
2.630000e+00 3.182079e-03
2.640000e+00 3.146731e-03
2.650000e+00 3.112981e-03
2.660000e+00 3.080753e-03
2.670000e+00 3.049976e-03
2.680000e+00 3.020583e-03
2.690000e+00 2.992513e-03
2.700000e+00 2.965705e-03
2.710000e+00 2.940104e-03
2.720000e+00 2.915658e-03
2.730000e+00 2.892318e-03
2.740000e+00 2.870039e-03
2.750000e+00 2.848778e-03
2.760000e+00 2.828494e-03
2.770000e+00 2.809151e-03
2.780000e+00 2.790713e-03
2.790000e+00 2.773149e-03
2.800000e+00 2.756428e-03
2.810000e+00 2.740523e-03
2.820000e+00 2.725407e-03
2.830000e+00 2.711056e-03
2.840000e+00 2.697449e-03
2.850000e+00 2.684565e-03
2.860000e+00 2.672384e-03
2.870000e+00 2.660889e-03
2.880000e+00 2.650063e-03
2.890000e+00 2.639892e-03
2.900000e+00 2.630362e-03
2.910000e+00 2.621459e-03
2.920000e+00 2.613171e-03
2.930000e+00 2.605487e-03
2.940000e+00 2.598396e-03
2.950000e+00 2.591889e-03
2.960000e+00 2.585956e-03
2.970000e+00 2.580589e-03
2.980000e+00 2.575778e-03
2.990000e+00 2.571516e-03
3.000000e+00 2.567795e-03
3.010000e+00 2.564608e-03
3.020000e+00 2.561946e-03
3.030000e+00 2.559803e-03
3.040000e+00 2.558172e-03
3.050000e+00 2.557044e-03
3.060000e+00 2.556414e-03
3.070000e+00 2.556272e-03
3.080000e+00 2.556613e-03
3.090000e+00 2.557428e-03
3.100000e+00 2.558709e-03
3.110000e+00 2.560449e-03
3.120000e+00 2.562639e-03
3.130000e+00 2.565271e-03
3.140000e+00 2.568336e-03
3.150000e+00 2.571825e-03
3.160000e+00 2.575728e-03
3.170000e+00 2.580036e-03
3.180000e+00 2.584740e-03
3.190000e+00 2.589828e-03
3.200000e+00 2.595291e-03
3.210000e+00 2.601118e-03
3.220000e+00 2.607297e-03
3.230000e+00 2.613817e-03
3.240000e+00 2.620667e-03
3.250000e+00 2.627835e-03
3.260000e+00 2.635308e-03
3.270000e+00 2.643075e-03
3.280000e+00 2.651122e-03
3.290000e+00 2.659437e-03
3.300000e+00 2.668008e-03
3.310000e+00 2.676820e-03
3.320000e+00 2.685862e-03
3.330000e+00 2.695119e-03
3.340000e+00 2.704579e-03
3.350000e+00 2.714229e-03
3.360000e+00 2.724054e-03
3.370000e+00 2.734041e-03
3.380000e+00 2.744178e-03
3.390000e+00 2.754451e-03
3.400000e+00 2.764847e-03
3.410000e+00 2.775353e-03
3.420000e+00 2.785956e-03
3.430000e+00 2.796644e-03
3.440000e+00 2.807404e-03
3.450000e+00 2.818224e-03
3.460000e+00 2.829093e-03
3.470000e+00 2.839998e-03
3.480000e+00 2.850928e-03
3.490000e+00 2.861873e-03
3.500000e+00 2.872821e-03
3.510000e+00 2.883763e-03
3.520000e+00 2.894688e-03
3.530000e+00 2.905588e-03
3.540000e+00 2.916454e-03
3.550000e+00 2.927276e-03
3.560000e+00 2.938046e-03
3.570000e+00 2.948758e-03
3.580000e+00 2.959403e-03
3.590000e+00 2.969976e-03
3.600000e+00 2.980470e-03
3.610000e+00 2.990880e-03
3.620000e+00 3.001200e-03
3.630000e+00 3.011425e-03
3.640000e+00 3.021552e-03
3.650000e+00 3.031576e-03
3.660000e+00 3.041496e-03
3.670000e+00 3.051307e-03
3.680000e+00 3.061007e-03
3.690000e+00 3.070596e-03
3.700000e+00 3.080071e-03
3.710000e+00 3.089432e-03
3.720000e+00 3.098679e-03
3.730000e+00 3.107810e-03
3.740000e+00 3.116827e-03
3.750000e+00 3.125731e-03
3.760000e+00 3.134522e-03
3.770000e+00 3.143202e-03
3.780000e+00 3.151773e-03
3.790000e+00 3.160236e-03
3.800000e+00 3.168594e-03
3.810000e+00 3.176850e-03
3.820000e+00 3.185006e-03
3.830000e+00 3.193066e-03
3.840000e+00 3.201032e-03
3.850000e+00 3.208907e-03
3.860000e+00 3.216695e-03
3.870000e+00 3.224400e-03
3.880000e+00 3.232024e-03
3.890000e+00 3.239572e-03
3.900000e+00 3.247047e-03
3.910000e+00 3.254452e-03
3.920000e+00 3.261791e-03
3.930000e+00 3.269067e-03
3.940000e+00 3.276283e-03
3.950000e+00 3.283443e-03
3.960000e+00 3.290550e-03
3.970000e+00 3.297606e-03
3.980000e+00 3.304613e-03
3.990000e+00 3.311575e-03
4.000000e+00 3.318493e-03
4.010000e+00 3.325369e-03
4.020000e+00 3.332206e-03
4.030000e+00 3.339003e-03
4.040000e+00 3.345762e-03
4.050000e+00 3.352485e-03
4.060000e+00 3.359170e-03
4.070000e+00 3.365818e-03
4.080000e+00 3.372429e-03
4.090000e+00 3.379002e-03
4.100000e+00 3.385536e-03
4.110000e+00 3.392030e-03
4.120000e+00 3.398481e-03
4.130000e+00 3.404887e-03
4.140000e+00 3.411246e-03
4.150000e+00 3.417555e-03
4.160000e+00 3.423810e-03
4.170000e+00 3.430008e-03
4.180000e+00 3.436144e-03
4.190000e+00 3.442215e-03
4.200000e+00 3.448215e-03
4.210000e+00 3.454139e-03
4.220000e+00 3.459982e-03
4.230000e+00 3.465738e-03
4.240000e+00 3.471401e-03
4.250000e+00 3.476965e-03
4.260000e+00 3.482423e-03
4.270000e+00 3.487769e-03
4.280000e+00 3.492995e-03
4.290000e+00 3.498094e-03
4.300000e+00 3.503059e-03
4.310000e+00 3.507882e-03
4.320000e+00 3.512555e-03
4.330000e+00 3.517071e-03
4.340000e+00 3.521421e-03
4.350000e+00 3.525599e-03
4.360000e+00 3.529594e-03
4.370000e+00 3.533401e-03
4.380000e+00 3.537010e-03
4.390000e+00 3.540414e-03
4.400000e+00 3.543604e-03
4.410000e+00 3.546573e-03
4.420000e+00 3.549313e-03
4.430000e+00 3.551817e-03
4.440000e+00 3.554076e-03
4.450000e+00 3.556084e-03
4.460000e+00 3.557833e-03
4.470000e+00 3.559317e-03
4.480000e+00 3.560528e-03
4.490000e+00 3.561461e-03
4.500000e+00 3.562109e-03
4.510000e+00 3.562466e-03
4.520000e+00 3.562528e-03
4.530000e+00 3.562288e-03
4.540000e+00 3.561742e-03
4.550000e+00 3.560885e-03
4.560000e+00 3.559713e-03
4.570000e+00 3.558223e-03
4.580000e+00 3.556411e-03
4.590000e+00 3.554275e-03
4.600000e+00 3.551811e-03
4.610000e+00 3.549018e-03
4.620000e+00 3.545893e-03
4.630000e+00 3.542437e-03
4.640000e+00 3.538647e-03
4.650000e+00 3.534524e-03
4.660000e+00 3.530068e-03
4.670000e+00 3.525278e-03
4.680000e+00 3.520157e-03
4.690000e+00 3.514705e-03
4.700000e+00 3.508925e-03
4.710000e+00 3.502817e-03
4.720000e+00 3.496386e-03
4.730000e+00 3.489634e-03
4.740000e+00 3.482564e-03
4.750000e+00 3.475181e-03
4.760000e+00 3.467487e-03
4.770000e+00 3.459489e-03
4.780000e+00 3.451190e-03
4.790000e+00 3.442596e-03
4.800000e+00 3.433712e-03
4.810000e+00 3.424545e-03
4.820000e+00 3.415099e-03
4.830000e+00 3.405382e-03
4.840000e+00 3.395400e-03
4.850000e+00 3.385159e-03
4.860000e+00 3.374668e-03
4.870000e+00 3.363932e-03
4.880000e+00 3.352959e-03
4.890000e+00 3.341756e-03
4.900000e+00 3.330332e-03
4.910000e+00 3.318693e-03
4.920000e+00 3.306848e-03
4.930000e+00 3.294804e-03
4.940000e+00 3.282569e-03
4.950000e+00 3.270151e-03
4.960000e+00 3.257557e-03
4.970000e+00 3.244796e-03
4.980000e+00 3.231875e-03
4.990000e+00 3.218803e-03
5.000000e+00 3.205585e-03
5.010000e+00 3.192231e-03
5.020000e+00 3.178747e-03
5.030000e+00 3.165140e-03
5.040000e+00 3.151419e-03
5.050000e+00 3.137588e-03
5.060000e+00 3.123656e-03
5.070000e+00 3.109629e-03
5.080000e+00 3.095513e-03
5.090000e+00 3.081313e-03
5.100000e+00 3.067037e-03
5.110000e+00 3.052688e-03
5.120000e+00 3.038274e-03
5.130000e+00 3.023798e-03
5.140000e+00 3.009265e-03
5.150000e+00 2.994680e-03
5.160000e+00 2.980047e-03
5.170000e+00 2.965370e-03
5.180000e+00 2.950651e-03
5.190000e+00 2.935896e-03
5.200000e+00 2.921105e-03
5.210000e+00 2.906282e-03
5.220000e+00 2.891429e-03
5.230000e+00 2.876548e-03
5.240000e+00 2.861641e-03
5.250000e+00 2.846708e-03
5.260000e+00 2.831752e-03
5.270000e+00 2.816771e-03
5.280000e+00 2.801768e-03
5.290000e+00 2.786741e-03
5.300000e+00 2.771692e-03
5.310000e+00 2.756618e-03
5.320000e+00 2.741520e-03
5.330000e+00 2.726396e-03
5.340000e+00 2.711246e-03
5.350000e+00 2.696067e-03
5.360000e+00 2.680857e-03
5.370000e+00 2.665616e-03
5.380000e+00 2.650340e-03
5.390000e+00 2.635028e-03
5.400000e+00 2.619676e-03
5.410000e+00 2.604282e-03
5.420000e+00 2.588843e-03
5.430000e+00 2.573356e-03
5.440000e+00 2.557818e-03
5.450000e+00 2.542225e-03
5.460000e+00 2.526575e-03
5.470000e+00 2.510863e-03
5.480000e+00 2.495087e-03
5.490000e+00 2.479242e-03
5.500000e+00 2.463326e-03
5.510000e+00 2.447334e-03
5.520000e+00 2.431263e-03
5.530000e+00 2.415109e-03
5.540000e+00 2.398869e-03
5.550000e+00 2.382540e-03
5.560000e+00 2.366117e-03
5.570000e+00 2.349598e-03
5.580000e+00 2.332980e-03
5.590000e+00 2.316259e-03
5.600000e+00 2.299431e-03
5.610000e+00 2.282496e-03
5.620000e+00 2.265448e-03
5.630000e+00 2.248287e-03
5.640000e+00 2.231010e-03
5.650000e+00 2.213614e-03
5.660000e+00 2.196097e-03
5.670000e+00 2.178458e-03
5.680000e+00 2.160696e-03
5.690000e+00 2.142808e-03
5.700000e+00 2.124794e-03
5.710000e+00 2.106653e-03
5.720000e+00 2.088385e-03
5.730000e+00 2.069988e-03
5.740000e+00 2.051464e-03
5.750000e+00 2.032812e-03
5.760000e+00 2.014034e-03
5.770000e+00 1.995129e-03
5.780000e+00 1.976099e-03
5.790000e+00 1.956945e-03
5.800000e+00 1.937669e-03
5.810000e+00 1.918274e-03
5.820000e+00 1.898761e-03
5.830000e+00 1.879134e-03
5.840000e+00 1.859395e-03
5.850000e+00 1.839547e-03
5.860000e+00 1.819594e-03
5.870000e+00 1.799540e-03
5.880000e+00 1.779389e-03
5.890000e+00 1.759146e-03
5.900000e+00 1.738815e-03
5.910000e+00 1.718401e-03
5.920000e+00 1.697909e-03
5.930000e+00 1.677346e-03
5.940000e+00 1.656717e-03
5.950000e+00 1.636027e-03
5.960000e+00 1.615284e-03
5.970000e+00 1.594493e-03
5.980000e+00 1.573663e-03
5.990000e+00 1.552798e-03
6.000000e+00 1.531908e-03
6.010000e+00 1.510998e-03
6.020000e+00 1.490077e-03
6.030000e+00 1.469153e-03
6.040000e+00 1.448232e-03
6.050000e+00 1.427324e-03
6.060000e+00 1.406436e-03
6.070000e+00 1.385576e-03
6.080000e+00 1.364753e-03
6.090000e+00 1.343976e-03
6.100000e+00 1.323251e-03
6.110000e+00 1.302589e-03
6.120000e+00 1.281998e-03
6.130000e+00 1.261485e-03
6.140000e+00 1.241060e-03
6.150000e+00 1.220732e-03
6.160000e+00 1.200508e-03
6.170000e+00 1.180397e-03
6.180000e+00 1.160407e-03
6.190000e+00 1.140548e-03
6.200000e+00 1.120826e-03
6.210000e+00 1.101250e-03
6.220000e+00 1.081828e-03
6.230000e+00 1.062568e-03
6.240000e+00 1.043477e-03
6.250000e+00 1.024563e-03
6.260000e+00 1.005834e-03
6.270000e+00 9.872950e-04
6.280000e+00 9.689544e-04
6.290000e+00 9.508185e-04
6.300000e+00 9.328937e-04
6.310000e+00 9.151860e-04
6.320000e+00 8.977013e-04
6.330000e+00 8.804452e-04
6.340000e+00 8.634230e-04
6.350000e+00 8.466396e-04
6.360000e+00 8.300998e-04
6.370000e+00 8.138079e-04
6.380000e+00 7.977679e-04
6.390000e+00 7.819836e-04
6.400000e+00 7.664582e-04
6.410000e+00 7.511949e-04
6.420000e+00 7.361962e-04
6.430000e+00 7.214645e-04
6.440000e+00 7.070018e-04
6.450000e+00 6.928096e-04
6.460000e+00 6.788893e-04
6.470000e+00 6.652416e-04
6.480000e+00 6.518671e-04
6.490000e+00 6.387661e-04
6.500000e+00 6.259382e-04
6.510000e+00 6.133830e-04
6.520000e+00 6.010995e-04
6.530000e+00 5.890866e-04
6.540000e+00 5.773427e-04
6.550000e+00 5.658659e-04
6.560000e+00 5.546540e-04
6.570000e+00 5.437045e-04
6.580000e+00 5.330146e-04
6.590000e+00 5.225811e-04
6.600000e+00 5.124006e-04
6.610000e+00 5.024696e-04
6.620000e+00 4.927840e-04
6.630000e+00 4.833397e-04
6.640000e+00 4.741324e-04
6.650000e+00 4.651575e-04
6.660000e+00 4.564101e-04
6.670000e+00 4.478853e-04
6.680000e+00 4.395780e-04
6.690000e+00 4.314829e-04
6.700000e+00 4.235946e-04
6.710000e+00 4.159076e-04
6.720000e+00 4.084162e-04
6.730000e+00 4.011149e-04
6.740000e+00 3.939978e-04
6.750000e+00 3.870593e-04
6.760000e+00 3.802936e-04
6.770000e+00 3.736948e-04
6.780000e+00 3.672573e-04
6.790000e+00 3.609754e-04
6.800000e+00 3.548435e-04
6.810000e+00 3.488559e-04
6.820000e+00 3.430074e-04
6.830000e+00 3.372926e-04
6.840000e+00 3.317063e-04
6.850000e+00 3.262435e-04
6.860000e+00 3.208994e-04
6.870000e+00 3.156695e-04
6.880000e+00 3.105492e-04
6.890000e+00 3.055344e-04
6.900000e+00 3.006212e-04
6.910000e+00 2.958060e-04
6.920000e+00 2.910853e-04
6.930000e+00 2.864560e-04
6.940000e+00 2.819154e-04
6.950000e+00 2.774610e-04
6.960000e+00 2.730905e-04
6.970000e+00 2.688023e-04
6.980000e+00 2.645948e-04
6.990000e+00 2.604668e-04
7.000000e+00 2.564177e-04
7.010000e+00 2.524471e-04
7.020000e+00 2.485548e-04
7.030000e+00 2.447412e-04
7.040000e+00 2.410070e-04
7.050000e+00 2.373533e-04
7.060000e+00 2.337815e-04
7.070000e+00 2.302935e-04
7.080000e+00 2.268913e-04
7.090000e+00 2.235776e-04
7.100000e+00 2.203552e-04
7.110000e+00 2.172274e-04
7.120000e+00 2.141977e-04
7.130000e+00 2.112701e-04
7.140000e+00 2.084486e-04
7.150000e+00 2.057379e-04
7.160000e+00 2.031426e-04
7.170000e+00 2.006680e-04
7.180000e+00 1.983193e-04
7.190000e+00 1.961021e-04
7.200000e+00 1.940221e-04
7.210000e+00 1.920853e-04
7.220000e+00 1.902979e-04
7.230000e+00 1.886663e-04
7.240000e+00 1.871967e-04
7.250000e+00 1.858959e-04
7.260000e+00 1.847705e-04
7.270000e+00 1.838271e-04
7.280000e+00 1.830725e-04
7.290000e+00 1.825134e-04
7.300000e+00 1.821566e-04
7.310000e+00 1.820088e-04
7.320000e+00 1.820766e-04
7.330000e+00 1.823664e-04
7.340000e+00 1.828847e-04
7.350000e+00 1.836377e-04
7.360000e+00 1.846314e-04
7.370000e+00 1.858716e-04
7.380000e+00 1.873640e-04
7.390000e+00 1.891137e-04
7.400000e+00 1.911259e-04
7.410000e+00 1.934052e-04
7.420000e+00 1.959559e-04
7.430000e+00 1.987819e-04
7.440000e+00 2.018869e-04
7.450000e+00 2.052739e-04
7.460000e+00 2.089455e-04
7.470000e+00 2.129040e-04
7.480000e+00 2.171509e-04
7.490000e+00 2.216876e-04
7.500000e+00 2.265145e-04
7.510000e+00 2.316318e-04
7.520000e+00 2.370389e-04
7.530000e+00 2.427346e-04
7.540000e+00 2.487174e-04
7.550000e+00 2.549847e-04
7.560000e+00 2.615338e-04
7.570000e+00 2.683608e-04
7.580000e+00 2.754616e-04
7.590000e+00 2.828312e-04
7.600000e+00 2.904640e-04
7.610000e+00 2.983538e-04
7.620000e+00 3.064936e-04
7.630000e+00 3.148759e-04
7.640000e+00 3.234924e-04
7.650000e+00 3.323341e-04
7.660000e+00 3.413915e-04
7.670000e+00 3.506544e-04
7.680000e+00 3.601119e-04
7.690000e+00 3.697525e-04
7.700000e+00 3.795642e-04
7.710000e+00 3.895342e-04
7.720000e+00 3.996493e-04
7.730000e+00 4.098956e-04
7.740000e+00 4.202588e-04
7.750000e+00 4.307240e-04
7.760000e+00 4.412757e-04
7.770000e+00 4.518983e-04
7.780000e+00 4.625753e-04
7.790000e+00 4.732900e-04
7.800000e+00 4.840254e-04
7.810000e+00 4.947641e-04
7.820000e+00 5.054882e-04
7.830000e+00 5.161797e-04
7.840000e+00 5.268204e-04
7.850000e+00 5.373917e-04
7.860000e+00 5.478750e-04
7.870000e+00 5.582514e-04
7.880000e+00 5.685021e-04
7.890000e+00 5.786079e-04
7.900000e+00 5.885500e-04
7.910000e+00 5.983093e-04
7.920000e+00 6.078669e-04
7.930000e+00 6.172040e-04
7.940000e+00 6.263019e-04
7.950000e+00 6.351420e-04
7.960000e+00 6.437061e-04
7.970000e+00 6.519760e-04
7.980000e+00 6.599342e-04
7.990000e+00 6.675631e-04
8.000000e+00 6.748458e-04
8.010000e+00 6.817657e-04
8.020000e+00 6.883065e-04
8.030000e+00 6.944526e-04
8.040000e+00 7.001889e-04
8.050000e+00 7.055007e-04
8.060000e+00 7.103742e-04
8.070000e+00 7.147958e-04
8.080000e+00 7.187529e-04
8.090000e+00 7.222334e-04
8.100000e+00 7.252260e-04
8.110000e+00 7.277201e-04
8.120000e+00 7.297057e-04
8.130000e+00 7.311740e-04
8.140000e+00 7.321165e-04
8.150000e+00 7.325258e-04
8.160000e+00 7.323954e-04
8.170000e+00 7.317193e-04
8.180000e+00 7.304928e-04
8.190000e+00 7.287117e-04
8.200000e+00 7.263728e-04
8.210000e+00 7.234740e-04
8.220000e+00 7.200137e-04
8.230000e+00 7.159916e-04
8.240000e+00 7.114078e-04
8.250000e+00 7.062638e-04
8.260000e+00 7.005615e-04
8.270000e+00 6.943041e-04
8.280000e+00 6.874954e-04
8.290000e+00 6.801401e-04
8.300000e+00 6.722438e-04
8.310000e+00 6.638128e-04
8.320000e+00 6.548544e-04
8.330000e+00 6.453765e-04
8.340000e+00 6.353878e-04
8.350000e+00 6.248978e-04
8.360000e+00 6.139167e-04
8.370000e+00 6.024554e-04
8.380000e+00 5.905255e-04
8.390000e+00 5.781391e-04
8.400000e+00 5.653090e-04
8.410000e+00 5.520485e-04
8.420000e+00 5.383717e-04
8.430000e+00 5.242928e-04
8.440000e+00 5.098267e-04
8.450000e+00 4.949888e-04
8.460000e+00 4.797948e-04
8.470000e+00 4.642607e-04
8.480000e+00 4.484030e-04
8.490000e+00 4.322382e-04
8.500000e+00 4.157835e-04
8.510000e+00 3.990558e-04
8.520000e+00 3.820725e-04
8.530000e+00 3.648510e-04
8.540000e+00 3.474089e-04
8.550000e+00 3.297637e-04
8.560000e+00 3.119332e-04
8.570000e+00 2.939348e-04
8.580000e+00 2.757861e-04
8.590000e+00 2.575045e-04
8.600000e+00 2.391075e-04
8.610000e+00 2.206120e-04
8.620000e+00 2.020352e-04
8.630000e+00 1.833938e-04
8.640000e+00 1.647042e-04
8.650000e+00 1.459827e-04
8.660000e+00 1.272451e-04
8.670000e+00 1.085071e-04
8.680000e+00 8.978382e-05
8.690000e+00 7.109009e-05
8.700000e+00 5.244031e-05
8.710000e+00 3.384847e-05
8.720000e+00 1.532810e-05
8.730000e+00 -3.107737e-06
8.740000e+00 -2.144644e-05
8.750000e+00 -3.967592e-05
8.760000e+00 -5.778456e-05
8.770000e+00 -7.576129e-05
8.780000e+00 -9.359553e-05
8.790000e+00 -1.112772e-04
8.800000e+00 -1.287969e-04
8.810000e+00 -1.461456e-04
8.820000e+00 -1.633147e-04
8.830000e+00 -1.802965e-04
8.840000e+00 -1.970835e-04
8.850000e+00 -2.136688e-04
8.860000e+00 -2.300461e-04
8.870000e+00 -2.462095e-04
8.880000e+00 -2.621537e-04
8.890000e+00 -2.778738e-04
8.900000e+00 -2.933654e-04
8.910000e+00 -3.086246e-04
8.920000e+00 -3.236479e-04
8.930000e+00 -3.384322e-04
8.940000e+00 -3.529748e-04
8.950000e+00 -3.672736e-04
8.960000e+00 -3.813267e-04
8.970000e+00 -3.951324e-04
8.980000e+00 -4.086896e-04
8.990000e+00 -4.219974e-04
9.000000e+00 -4.350552e-04
9.010000e+00 -4.478626e-04
9.020000e+00 -4.604195e-04
9.030000e+00 -4.727261e-04
9.040000e+00 -4.847826e-04
9.050000e+00 -4.965896e-04
9.060000e+00 -5.081475e-04
9.070000e+00 -5.194572e-04
9.080000e+00 -5.305194e-04
9.090000e+00 -5.413352e-04
9.100000e+00 -5.519054e-04
9.110000e+00 -5.622310e-04
9.120000e+00 -5.723131e-04
9.130000e+00 -5.821525e-04
9.140000e+00 -5.917503e-04
9.150000e+00 -6.011072e-04
9.160000e+00 -6.102242e-04
9.170000e+00 -6.191020e-04
9.180000e+00 -6.277411e-04
9.190000e+00 -6.361420e-04
9.200000e+00 -6.443051e-04
9.210000e+00 -6.522306e-04
9.220000e+00 -6.599185e-04
9.230000e+00 -6.673687e-04
9.240000e+00 -6.745807e-04
9.250000e+00 -6.815542e-04
9.260000e+00 -6.882884e-04
9.270000e+00 -6.947823e-04
9.280000e+00 -7.010347e-04
9.290000e+00 -7.070445e-04
9.300000e+00 -7.128098e-04
9.310000e+00 -7.183291e-04
9.320000e+00 -7.236002e-04
9.330000e+00 -7.286209e-04
9.340000e+00 -7.333889e-04
9.350000e+00 -7.379016e-04
9.360000e+00 -7.421560e-04
9.370000e+00 -7.461492e-04
9.380000e+00 -7.498780e-04
9.390000e+00 -7.533391e-04
9.400000e+00 -7.565290e-04
9.410000e+00 -7.594440e-04
9.420000e+00 -7.620803e-04
9.430000e+00 -7.644342e-04
9.440000e+00 -7.665015e-04
9.450000e+00 -7.682783e-04
9.460000e+00 -7.697604e-04
9.470000e+00 -7.709436e-04
9.480000e+00 -7.718237e-04
9.490000e+00 -7.723966e-04
9.500000e+00 -7.726581e-04
9.510000e+00 -7.726039e-04
9.520000e+00 -7.722300e-04
9.530000e+00 -7.715324e-04
9.540000e+00 -7.705071e-04
9.550000e+00 -7.691503e-04
9.560000e+00 -7.674584e-04
9.570000e+00 -7.654277e-04
9.580000e+00 -7.630551e-04
9.590000e+00 -7.603372e-04
9.600000e+00 -7.572714e-04
9.610000e+00 -7.538548e-04
9.620000e+00 -7.500851e-04
9.630000e+00 -7.459602e-04
9.640000e+00 -7.414782e-04
9.650000e+00 -7.366377e-04
9.660000e+00 -7.314375e-04
9.670000e+00 -7.258769e-04
9.680000e+00 -7.199553e-04
9.690000e+00 -7.136728e-04
9.700000e+00 -7.070297e-04
9.710000e+00 -7.000269e-04
9.720000e+00 -6.926655e-04
9.730000e+00 -6.849472e-04
9.740000e+00 -6.768741e-04
9.750000e+00 -6.684488e-04
9.760000e+00 -6.596743e-04
9.770000e+00 -6.505542e-04
9.780000e+00 -6.410924e-04
9.790000e+00 -6.312934e-04
9.800000e+00 -6.211623e-04
9.810000e+00 -6.107045e-04
9.820000e+00 -5.999260e-04
9.830000e+00 -5.888333e-04
9.840000e+00 -5.774334e-04
9.850000e+00 -5.657337e-04
9.860000e+00 -5.537421e-04
9.870000e+00 -5.414673e-04
9.880000e+00 -5.289180e-04
9.890000e+00 -5.161038e-04
9.900000e+00 -5.030345e-04
9.910000e+00 -4.897204e-04
9.920000e+00 -4.761724e-04
9.930000e+00 -4.624018e-04
9.940000e+00 -4.484201e-04
9.950000e+00 -4.342395e-04
9.960000e+00 -4.198724e-04
9.970000e+00 -4.053319e-04
9.980000e+00 -3.906311e-04
9.990000e+00 -3.757836e-04
1.000000e+01 -3.608035e-04
