# sigma2_v 2.321872438356578e+00
0.000000e+00 1.000000e+00
1.000000e-02 9.998839e-01
2.000000e-02 9.995357e-01
3.000000e-02 9.989557e-01
4.000000e-02 9.981442e-01
5.000000e-02 9.971019e-01
6.000000e-02 9.958294e-01
7.000000e-02 9.943277e-01
8.000000e-02 9.925978e-01
9.000000e-02 9.906409e-01
1.000000e-01 9.884584e-01
1.100000e-01 9.860518e-01
1.200000e-01 9.834228e-01
1.300000e-01 9.805732e-01
1.400000e-01 9.775049e-01
1.500000e-01 9.742203e-01
1.600000e-01 9.707214e-01
1.700000e-01 9.670107e-01
1.800000e-01 9.630907e-01
1.900000e-01 9.589642e-01
2.000000e-01 9.546340e-01
2.100000e-01 9.501030e-01
2.200000e-01 9.453743e-01
2.300000e-01 9.404511e-01
2.400000e-01 9.353368e-01
2.500000e-01 9.300347e-01
2.600000e-01 9.245485e-01
2.700000e-01 9.188818e-01
2.800000e-01 9.130383e-01
2.900000e-01 9.070219e-01
3.000000e-01 9.008366e-01
3.100000e-01 8.944865e-01
3.200000e-01 8.879756e-01
3.300000e-01 8.813083e-01
3.400000e-01 8.744887e-01
3.500000e-01 8.675214e-01
3.600000e-01 8.604106e-01
3.700000e-01 8.531610e-01
3.800000e-01 8.457771e-01
3.900000e-01 8.382635e-01
4.000000e-01 8.306250e-01
4.100000e-01 8.228661e-01
4.200000e-01 8.149917e-01
4.300000e-01 8.070065e-01
4.400000e-01 7.989155e-01
4.500000e-01 7.907234e-01
4.600000e-01 7.824351e-01
4.700000e-01 7.740554e-01
4.800000e-01 7.655894e-01
4.900000e-01 7.570419e-01
5.000000e-01 7.484177e-01
5.100000e-01 7.397219e-01
5.200000e-01 7.309593e-01
5.300000e-01 7.221347e-01
5.400000e-01 7.132531e-01
5.500000e-01 7.043194e-01
5.600000e-01 6.953382e-01
5.700000e-01 6.863144e-01
5.800000e-01 6.772529e-01
5.900000e-01 6.681582e-01
6.000000e-01 6.590352e-01
6.100000e-01 6.498883e-01
6.200000e-01 6.407223e-01
6.300000e-01 6.315416e-01
6.400000e-01 6.223508e-01
6.500000e-01 6.131542e-01
6.600000e-01 6.039563e-01
6.700000e-01 5.947613e-01
6.800000e-01 5.855734e-01
6.900000e-01 5.763968e-01
7.000000e-01 5.672356e-01
7.100000e-01 5.580938e-01
7.200000e-01 5.489752e-01
7.300000e-01 5.398839e-01
7.400000e-01 5.308234e-01
7.500000e-01 5.217975e-01
7.600000e-01 5.128098e-01
7.700000e-01 5.038638e-01
7.800000e-01 4.949628e-01
7.900000e-01 4.861102e-01
8.000000e-01 4.773091e-01
8.100000e-01 4.685628e-01
8.200000e-01 4.598742e-01
8.300000e-01 4.512462e-01
8.400000e-01 4.426818e-01
8.500000e-01 4.341835e-01
8.600000e-01 4.257540e-01
8.700000e-01 4.173959e-01
8.800000e-01 4.091116e-01
8.900000e-01 4.009034e-01
9.000000e-01 3.927735e-01
9.100000e-01 3.847240e-01
9.200000e-01 3.767570e-01
9.300000e-01 3.688743e-01
9.400000e-01 3.610779e-01
9.500000e-01 3.533693e-01
9.600000e-01 3.457502e-01
9.700000e-01 3.382222e-01
9.800000e-01 3.307866e-01
9.900000e-01 3.234449e-01
1.000000e+00 3.161981e-01
1.010000e+00 3.090474e-01
1.020000e+00 3.019939e-01
1.030000e+00 2.950385e-01
1.040000e+00 2.881820e-01
1.050000e+00 2.814253e-01
1.060000e+00 2.747690e-01
1.070000e+00 2.682137e-01
1.080000e+00 2.617598e-01
1.090000e+00 2.554079e-01
1.100000e+00 2.491582e-01
1.110000e+00 2.430110e-01
1.120000e+00 2.369664e-01
1.130000e+00 2.310247e-01
1.140000e+00 2.251857e-01
1.150000e+00 2.194495e-01
1.160000e+00 2.138159e-01
1.170000e+00 2.082848e-01
1.180000e+00 2.028559e-01
1.190000e+00 1.975289e-01
1.200000e+00 1.923034e-01
1.210000e+00 1.871789e-01
1.220000e+00 1.821551e-01
1.230000e+00 1.772312e-01
1.240000e+00 1.724068e-01
1.250000e+00 1.676812e-01
1.260000e+00 1.630536e-01
1.270000e+00 1.585233e-01
1.280000e+00 1.540895e-01
1.290000e+00 1.497514e-01
1.300000e+00 1.455080e-01
1.310000e+00 1.413586e-01
1.320000e+00 1.373020e-01
1.330000e+00 1.333374e-01
1.340000e+00 1.294636e-01
1.350000e+00 1.256797e-01
1.360000e+00 1.219845e-01
1.370000e+00 1.183770e-01
1.380000e+00 1.148560e-01
1.390000e+00 1.114203e-01
1.400000e+00 1.080688e-01
1.410000e+00 1.048003e-01
1.420000e+00 1.016136e-01
1.430000e+00 9.850732e-02
1.440000e+00 9.548037e-02
1.450000e+00 9.253145e-02
1.460000e+00 8.965929e-02
1.470000e+00 8.686261e-02
1.480000e+00 8.414013e-02
1.490000e+00 8.149056e-02
1.500000e+00 7.891261e-02
1.510000e+00 7.640498e-02
1.520000e+00 7.396636e-02
1.530000e+00 7.159547e-02
1.540000e+00 6.929099e-02
1.550000e+00 6.705164e-02
1.560000e+00 6.487611e-02
1.570000e+00 6.276313e-02
1.580000e+00 6.071139e-02
1.590000e+00 5.871964e-02
1.600000e+00 5.678658e-02
1.610000e+00 5.491097e-02
1.620000e+00 5.309154e-02
1.630000e+00 5.132705e-02
1.640000e+00 4.961627e-02
1.650000e+00 4.795797e-02
1.660000e+00 4.635095e-02
1.670000e+00 4.479401e-02
1.680000e+00 4.328596e-02
1.690000e+00 4.182563e-02
1.700000e+00 4.041187e-02
1.710000e+00 3.904353e-02
1.720000e+00 3.771949e-02
1.730000e+00 3.643863e-02
1.740000e+00 3.519987e-02
1.750000e+00 3.400213e-02
1.760000e+00 3.284433e-02
1.770000e+00 3.172545e-02
1.780000e+00 3.064445e-02
1.790000e+00 2.960032e-02
1.800000e+00 2.859207e-02
1.810000e+00 2.761873e-02
1.820000e+00 2.667933e-02
1.830000e+00 2.577295e-02
1.840000e+00 2.489865e-02
1.850000e+00 2.405553e-02
1.860000e+00 2.324272e-02
1.870000e+00 2.245934e-02
1.880000e+00 2.170453e-02
1.890000e+00 2.097748e-02
1.900000e+00 2.027737e-02
1.910000e+00 1.960340e-02
1.920000e+00 1.895478e-02
1.930000e+00 1.833077e-02
1.940000e+00 1.773061e-02
1.950000e+00 1.715358e-02
1.960000e+00 1.659896e-02
1.970000e+00 1.606607e-02
1.980000e+00 1.555422e-02
1.990000e+00 1.506275e-02
2.000000e+00 1.459102e-02
2.010000e+00 1.413840e-02
2.020000e+00 1.370428e-02
2.030000e+00 1.328805e-02
2.040000e+00 1.288913e-02
2.050000e+00 1.250696e-02
2.060000e+00 1.214097e-02
2.070000e+00 1.179063e-02
2.080000e+00 1.145542e-02
2.090000e+00 1.113481e-02
2.100000e+00 1.082831e-02
2.110000e+00 1.053544e-02
2.120000e+00 1.025571e-02
2.130000e+00 9.988678e-03
2.140000e+00 9.733885e-03
2.150000e+00 9.490898e-03
2.160000e+00 9.259290e-03
2.170000e+00 9.038650e-03
2.180000e+00 8.828576e-03
2.190000e+00 8.628675e-03
2.200000e+00 8.438569e-03
2.210000e+00 8.257888e-03
2.220000e+00 8.086270e-03
2.230000e+00 7.923368e-03
2.240000e+00 7.768840e-03
2.250000e+00 7.622357e-03
2.260000e+00 7.483596e-03
2.270000e+00 7.352245e-03
2.280000e+00 7.228001e-03
2.290000e+00 7.110568e-03
2.300000e+00 6.999659e-03
2.310000e+00 6.894995e-03
2.320000e+00 6.796306e-03
2.330000e+00 6.703328e-03
2.340000e+00 6.615805e-03
2.350000e+00 6.533489e-03
2.360000e+00 6.456139e-03
2.370000e+00 6.383520e-03
2.380000e+00 6.315404e-03
2.390000e+00 6.251571e-03
2.400000e+00 6.191807e-03
2.410000e+00 6.135902e-03
2.420000e+00 6.083656e-03
2.430000e+00 6.034872e-03
2.440000e+00 5.989360e-03
2.450000e+00 5.946936e-03
2.460000e+00 5.907422e-03
2.470000e+00 5.870644e-03
2.480000e+00 5.836435e-03
2.490000e+00 5.804633e-03
2.500000e+00 5.775080e-03
2.510000e+00 5.747624e-03
2.520000e+00 5.722119e-03
2.530000e+00 5.698423e-03
2.540000e+00 5.676398e-03
2.550000e+00 5.655912e-03
2.560000e+00 5.636837e-03
2.570000e+00 5.619050e-03
2.580000e+00 5.602432e-03
2.590000e+00 5.586870e-03
2.600000e+00 5.572253e-03
2.610000e+00 5.558476e-03
2.620000e+00 5.545437e-03
2.630000e+00 5.533040e-03
2.640000e+00 5.521192e-03
2.650000e+00 5.509803e-03
2.660000e+00 5.498789e-03
2.670000e+00 5.488069e-03
2.680000e+00 5.477565e-03
2.690000e+00 5.467205e-03
2.700000e+00 5.456920e-03
2.710000e+00 5.446643e-03
2.720000e+00 5.436312e-03
2.730000e+00 5.425870e-03
2.740000e+00 5.415261e-03
2.750000e+00 5.404433e-03
2.760000e+00 5.393340e-03
2.770000e+00 5.381936e-03
2.780000e+00 5.370180e-03
2.790000e+00 5.358035e-03
2.800000e+00 5.345466e-03
2.810000e+00 5.332441e-03
2.820000e+00 5.318932e-03
2.830000e+00 5.304913e-03
2.840000e+00 5.290363e-03
2.850000e+00 5.275262e-03
2.860000e+00 5.259593e-03
2.870000e+00 5.243343e-03
2.880000e+00 5.226500e-03
2.890000e+00 5.209056e-03
2.900000e+00 5.191005e-03
2.910000e+00 5.172343e-03
2.920000e+00 5.153071e-03
2.930000e+00 5.133188e-03
2.940000e+00 5.112700e-03
2.950000e+00 5.091611e-03
2.960000e+00 5.069929e-03
2.970000e+00 5.047665e-03
2.980000e+00 5.024831e-03
2.990000e+00 5.001439e-03
3.000000e+00 4.977507e-03
3.010000e+00 4.953050e-03
3.020000e+00 4.928088e-03
3.030000e+00 4.902641e-03
3.040000e+00 4.876731e-03
3.050000e+00 4.850381e-03
3.060000e+00 4.823615e-03
3.070000e+00 4.796458e-03
3.080000e+00 4.768938e-03
3.090000e+00 4.741080e-03
3.100000e+00 4.712914e-03
3.110000e+00 4.684468e-03
3.120000e+00 4.655772e-03
3.130000e+00 4.626857e-03
3.140000e+00 4.597753e-03
3.150000e+00 4.568490e-03
3.160000e+00 4.539102e-03
3.170000e+00 4.509618e-03
3.180000e+00 4.480071e-03
3.190000e+00 4.450492e-03
3.200000e+00 4.420913e-03
3.210000e+00 4.391366e-03
3.220000e+00 4.361882e-03
3.230000e+00 4.332492e-03
3.240000e+00 4.303226e-03
3.250000e+00 4.274114e-03
3.260000e+00 4.245186e-03
3.270000e+00 4.216471e-03
3.280000e+00 4.187997e-03
3.290000e+00 4.159792e-03
3.300000e+00 4.131882e-03
3.310000e+00 4.104293e-03
3.320000e+00 4.077049e-03
3.330000e+00 4.050175e-03
3.340000e+00 4.023693e-03
3.350000e+00 3.997624e-03
3.360000e+00 3.971989e-03
3.370000e+00 3.946808e-03
3.380000e+00 3.922098e-03
3.390000e+00 3.897876e-03
3.400000e+00 3.874157e-03
3.410000e+00 3.850956e-03
3.420000e+00 3.828284e-03
3.430000e+00 3.806154e-03
3.440000e+00 3.784575e-03
3.450000e+00 3.763555e-03
3.460000e+00 3.743102e-03
3.470000e+00 3.723220e-03
3.480000e+00 3.703915e-03
3.490000e+00 3.685189e-03
3.500000e+00 3.667042e-03
3.510000e+00 3.649475e-03
3.520000e+00 3.632486e-03
3.530000e+00 3.616072e-03
3.540000e+00 3.600229e-03
3.550000e+00 3.584950e-03
3.560000e+00 3.570229e-03
3.570000e+00 3.556057e-03
3.580000e+00 3.542425e-03
3.590000e+00 3.529320e-03
3.600000e+00 3.516732e-03
3.610000e+00 3.504647e-03
3.620000e+00 3.493051e-03
3.630000e+00 3.481927e-03
3.640000e+00 3.471259e-03
3.650000e+00 3.461030e-03
3.660000e+00 3.451221e-03
3.670000e+00 3.441812e-03
3.680000e+00 3.432785e-03
3.690000e+00 3.424117e-03
3.700000e+00 3.415787e-03
3.710000e+00 3.407773e-03
3.720000e+00 3.400052e-03
3.730000e+00 3.392601e-03
3.740000e+00 3.385395e-03
3.750000e+00 3.378411e-03
3.760000e+00 3.371624e-03
3.770000e+00 3.365009e-03
3.780000e+00 3.358542e-03
3.790000e+00 3.352198e-03
3.800000e+00 3.345950e-03
3.810000e+00 3.339775e-03
3.820000e+00 3.333647e-03
3.830000e+00 3.327541e-03
3.840000e+00 3.321433e-03
3.850000e+00 3.315299e-03
3.860000e+00 3.309113e-03
3.870000e+00 3.302853e-03
3.880000e+00 3.296494e-03
3.890000e+00 3.290016e-03
3.900000e+00 3.283394e-03
3.910000e+00 3.276608e-03
3.920000e+00 3.269636e-03
3.930000e+00 3.262459e-03
3.940000e+00 3.255057e-03
3.950000e+00 3.247410e-03
3.960000e+00 3.239502e-03
3.970000e+00 3.231316e-03
3.980000e+00 3.222834e-03
3.990000e+00 3.214043e-03
4.000000e+00 3.204927e-03
4.010000e+00 3.195475e-03
4.020000e+00 3.185673e-03
4.030000e+00 3.175511e-03
4.040000e+00 3.164978e-03
4.050000e+00 3.154067e-03
4.060000e+00 3.142769e-03
4.070000e+00 3.131077e-03
4.080000e+00 3.118986e-03
4.090000e+00 3.106492e-03
4.100000e+00 3.093592e-03
4.110000e+00 3.080282e-03
4.120000e+00 3.066564e-03
4.130000e+00 3.052436e-03
4.140000e+00 3.037901e-03
4.150000e+00 3.022959e-03
4.160000e+00 3.007616e-03
4.170000e+00 2.991876e-03
4.180000e+00 2.975744e-03
4.190000e+00 2.959228e-03
4.200000e+00 2.942334e-03
4.210000e+00 2.925072e-03
4.220000e+00 2.907451e-03
4.230000e+00 2.889483e-03
4.240000e+00 2.871178e-03
4.250000e+00 2.852550e-03
4.260000e+00 2.833611e-03
4.270000e+00 2.814375e-03
4.280000e+00 2.794858e-03
4.290000e+00 2.775075e-03
4.300000e+00 2.755042e-03
4.310000e+00 2.734775e-03
4.320000e+00 2.714293e-03
4.330000e+00 2.693614e-03
4.340000e+00 2.672755e-03
4.350000e+00 2.651736e-03
4.360000e+00 2.630576e-03
4.370000e+00 2.609295e-03
4.380000e+00 2.587912e-03
4.390000e+00 2.566449e-03
4.400000e+00 2.544924e-03
4.410000e+00 2.523360e-03
4.420000e+00 2.501776e-03
4.430000e+00 2.480193e-03
4.440000e+00 2.458633e-03
4.450000e+00 2.437115e-03
4.460000e+00 2.415661e-03
4.470000e+00 2.394291e-03
4.480000e+00 2.373025e-03
4.490000e+00 2.351884e-03
4.500000e+00 2.330887e-03
4.510000e+00 2.310054e-03
4.520000e+00 2.289405e-03
4.530000e+00 2.268957e-03
4.540000e+00 2.248730e-03
4.550000e+00 2.228741e-03
4.560000e+00 2.209008e-03
4.570000e+00 2.189547e-03
4.580000e+00 2.170376e-03
4.590000e+00 2.151511e-03
4.600000e+00 2.132965e-03
4.610000e+00 2.114754e-03
4.620000e+00 2.096892e-03
4.630000e+00 2.079392e-03
4.640000e+00 2.062267e-03
4.650000e+00 2.045528e-03
4.660000e+00 2.029186e-03
4.670000e+00 2.013252e-03
4.680000e+00 1.997735e-03
4.690000e+00 1.982643e-03
4.700000e+00 1.967986e-03
4.710000e+00 1.953770e-03
4.720000e+00 1.940002e-03
4.730000e+00 1.926686e-03
4.740000e+00 1.913828e-03
4.750000e+00 1.901432e-03
4.760000e+00 1.889501e-03
4.770000e+00 1.878038e-03
4.780000e+00 1.867043e-03
4.790000e+00 1.856519e-03
4.800000e+00 1.846465e-03
4.810000e+00 1.836879e-03
4.820000e+00 1.827762e-03
4.830000e+00 1.819111e-03
4.840000e+00 1.810923e-03
4.850000e+00 1.803194e-03
4.860000e+00 1.795921e-03
4.870000e+00 1.789099e-03
4.880000e+00 1.782721e-03
4.890000e+00 1.776783e-03
4.900000e+00 1.771277e-03
4.910000e+00 1.766197e-03
4.920000e+00 1.761535e-03
4.930000e+00 1.757282e-03
4.940000e+00 1.753430e-03
4.950000e+00 1.749970e-03
4.960000e+00 1.746893e-03
4.970000e+00 1.744188e-03
4.980000e+00 1.741845e-03
4.990000e+00 1.739855e-03
5.000000e+00 1.738205e-03
5.010000e+00 1.736885e-03
5.020000e+00 1.735884e-03
5.030000e+00 1.735190e-03
5.040000e+00 1.734791e-03
5.050000e+00 1.734676e-03
5.060000e+00 1.734832e-03
5.070000e+00 1.735248e-03
5.080000e+00 1.735911e-03
5.090000e+00 1.736810e-03
5.100000e+00 1.737932e-03
5.110000e+00 1.739265e-03
5.120000e+00 1.740797e-03
5.130000e+00 1.742516e-03
5.140000e+00 1.744410e-03
5.150000e+00 1.746468e-03
5.160000e+00 1.748678e-03
5.170000e+00 1.751028e-03
5.180000e+00 1.753508e-03
5.190000e+00 1.756106e-03
5.200000e+00 1.758811e-03
5.210000e+00 1.761614e-03
5.220000e+00 1.764503e-03
5.230000e+00 1.767468e-03
5.240000e+00 1.770501e-03
5.250000e+00 1.773592e-03
5.260000e+00 1.776730e-03
5.270000e+00 1.779909e-03
5.280000e+00 1.783119e-03
5.290000e+00 1.786352e-03
5.300000e+00 1.789601e-03
5.310000e+00 1.792858e-03
5.320000e+00 1.796116e-03
5.330000e+00 1.799368e-03
5.340000e+00 1.802609e-03
5.350000e+00 1.805832e-03
5.360000e+00 1.809031e-03
5.370000e+00 1.812202e-03
5.380000e+00 1.815340e-03
5.390000e+00 1.818439e-03
5.400000e+00 1.821497e-03
5.410000e+00 1.824508e-03
5.420000e+00 1.827470e-03
5.430000e+00 1.830380e-03
5.440000e+00 1.833234e-03
5.450000e+00 1.836029e-03
5.460000e+00 1.838765e-03
5.470000e+00 1.841438e-03
5.480000e+00 1.844047e-03
5.490000e+00 1.846590e-03
5.500000e+00 1.849067e-03
5.510000e+00 1.851476e-03
5.520000e+00 1.853817e-03
5.530000e+00 1.856088e-03
5.540000e+00 1.858291e-03
5.550000e+00 1.860423e-03
5.560000e+00 1.862486e-03
5.570000e+00 1.864478e-03
5.580000e+00 1.866402e-03
5.590000e+00 1.868256e-03
5.600000e+00 1.870042e-03
5.610000e+00 1.871759e-03
5.620000e+00 1.873408e-03
5.630000e+00 1.874990e-03
5.640000e+00 1.876506e-03
5.650000e+00 1.877955e-03
5.660000e+00 1.879339e-03
5.670000e+00 1.880659e-03
5.680000e+00 1.881914e-03
5.690000e+00 1.883105e-03
5.700000e+00 1.884233e-03
5.710000e+00 1.885298e-03
5.720000e+00 1.886301e-03
5.730000e+00 1.887242e-03
5.740000e+00 1.888120e-03
5.750000e+00 1.888937e-03
5.760000e+00 1.889691e-03
5.770000e+00 1.890383e-03
5.780000e+00 1.891013e-03
5.790000e+00 1.891579e-03
5.800000e+00 1.892082e-03
5.810000e+00 1.892520e-03
5.820000e+00 1.892893e-03
5.830000e+00 1.893200e-03
5.840000e+00 1.893439e-03
5.850000e+00 1.893609e-03
5.860000e+00 1.893709e-03
5.870000e+00 1.893736e-03
5.880000e+00 1.893690e-03
5.890000e+00 1.893568e-03
5.900000e+00 1.893367e-03
5.910000e+00 1.893087e-03
5.920000e+00 1.892724e-03
5.930000e+00 1.892275e-03
5.940000e+00 1.891739e-03
5.950000e+00 1.891112e-03
5.960000e+00 1.890392e-03
5.970000e+00 1.889575e-03
5.980000e+00 1.888659e-03
5.990000e+00 1.887641e-03
6.000000e+00 1.886516e-03
6.010000e+00 1.885282e-03
6.020000e+00 1.883936e-03
6.030000e+00 1.882474e-03
6.040000e+00 1.880893e-03
6.050000e+00 1.879189e-03
6.060000e+00 1.877359e-03
6.070000e+00 1.875400e-03
6.080000e+00 1.873309e-03
6.090000e+00 1.871081e-03
6.100000e+00 1.868714e-03
6.110000e+00 1.866204e-03
6.120000e+00 1.863550e-03
6.130000e+00 1.860746e-03
6.140000e+00 1.857791e-03
6.150000e+00 1.854682e-03
6.160000e+00 1.851417e-03
6.170000e+00 1.847992e-03
6.180000e+00 1.844405e-03
6.190000e+00 1.840655e-03
6.200000e+00 1.836739e-03
6.210000e+00 1.832656e-03
6.220000e+00 1.828403e-03
6.230000e+00 1.823981e-03
6.240000e+00 1.819387e-03
6.250000e+00 1.814622e-03
6.260000e+00 1.809683e-03
6.270000e+00 1.804572e-03
6.280000e+00 1.799287e-03
6.290000e+00 1.793830e-03
6.300000e+00 1.788200e-03
6.310000e+00 1.782398e-03
6.320000e+00 1.776427e-03
6.330000e+00 1.770285e-03
6.340000e+00 1.763977e-03
6.350000e+00 1.757503e-03
6.360000e+00 1.750865e-03
6.370000e+00 1.744067e-03
6.380000e+00 1.737112e-03
6.390000e+00 1.730001e-03
6.400000e+00 1.722739e-03
6.410000e+00 1.715330e-03
6.420000e+00 1.707778e-03
6.430000e+00 1.700086e-03
6.440000e+00 1.692260e-03
6.450000e+00 1.684304e-03
6.460000e+00 1.676224e-03
6.470000e+00 1.668026e-03
6.480000e+00 1.659713e-03
6.490000e+00 1.651294e-03
6.500000e+00 1.642773e-03
6.510000e+00 1.634157e-03
6.520000e+00 1.625453e-03
6.530000e+00 1.616668e-03
6.540000e+00 1.607808e-03
6.550000e+00 1.598881e-03
6.560000e+00 1.589894e-03
6.570000e+00 1.580854e-03
6.580000e+00 1.571769e-03
6.590000e+00 1.562647e-03
6.600000e+00 1.553495e-03
6.610000e+00 1.544322e-03
6.620000e+00 1.535135e-03
6.630000e+00 1.525942e-03
6.640000e+00 1.516752e-03
6.650000e+00 1.507572e-03
6.660000e+00 1.498411e-03
6.670000e+00 1.489276e-03
6.680000e+00 1.480176e-03
6.690000e+00 1.471119e-03
6.700000e+00 1.462112e-03
6.710000e+00 1.453164e-03
6.720000e+00 1.444282e-03
6.730000e+00 1.435474e-03
6.740000e+00 1.426748e-03
6.750000e+00 1.418110e-03
6.760000e+00 1.409569e-03
6.770000e+00 1.401130e-03
6.780000e+00 1.392802e-03
6.790000e+00 1.384591e-03
6.800000e+00 1.376503e-03
6.810000e+00 1.368545e-03
6.820000e+00 1.360723e-03
6.830000e+00 1.353043e-03
6.840000e+00 1.345509e-03
6.850000e+00 1.338128e-03
6.860000e+00 1.330905e-03
6.870000e+00 1.323843e-03
6.880000e+00 1.316949e-03
6.890000e+00 1.310225e-03
6.900000e+00 1.303677e-03
6.910000e+00 1.297307e-03
6.920000e+00 1.291118e-03
6.930000e+00 1.285114e-03
6.940000e+00 1.279297e-03
6.950000e+00 1.273670e-03
6.960000e+00 1.268235e-03
6.970000e+00 1.262992e-03
6.980000e+00 1.257944e-03
6.990000e+00 1.253092e-03
7.000000e+00 1.248436e-03
7.010000e+00 1.243977e-03
7.020000e+00 1.239714e-03
7.030000e+00 1.235648e-03
7.040000e+00 1.231778e-03
7.050000e+00 1.228103e-03
7.060000e+00 1.224621e-03
7.070000e+00 1.221332e-03
7.080000e+00 1.218234e-03
7.090000e+00 1.215325e-03
7.100000e+00 1.212602e-03
7.110000e+00 1.210062e-03
7.120000e+00 1.207704e-03
7.130000e+00 1.205524e-03
7.140000e+00 1.203519e-03
7.150000e+00 1.201685e-03
7.160000e+00 1.200019e-03
7.170000e+00 1.198517e-03
7.180000e+00 1.197175e-03
7.190000e+00 1.195988e-03
7.200000e+00 1.194952e-03
7.210000e+00 1.194063e-03
7.220000e+00 1.193317e-03
7.230000e+00 1.192707e-03
7.240000e+00 1.192230e-03
7.250000e+00 1.191880e-03
7.260000e+00 1.191652e-03
7.270000e+00 1.191542e-03
7.280000e+00 1.191544e-03
7.290000e+00 1.191653e-03
7.300000e+00 1.191864e-03
7.310000e+00 1.192171e-03
7.320000e+00 1.192569e-03
7.330000e+00 1.193053e-03
7.340000e+00 1.193618e-03
7.350000e+00 1.194259e-03
7.360000e+00 1.194971e-03
7.370000e+00 1.195748e-03
7.380000e+00 1.196586e-03
7.390000e+00 1.197480e-03
7.400000e+00 1.198425e-03
7.410000e+00 1.199416e-03
7.420000e+00 1.200449e-03
7.430000e+00 1.201520e-03
7.440000e+00 1.202625e-03
7.450000e+00 1.203758e-03
7.460000e+00 1.204917e-03
7.470000e+00 1.206098e-03
7.480000e+00 1.207297e-03
7.490000e+00 1.208510e-03
7.500000e+00 1.209735e-03
7.510000e+00 1.210969e-03
7.520000e+00 1.212208e-03
7.530000e+00 1.213450e-03
7.540000e+00 1.214692e-03
7.550000e+00 1.215934e-03
7.560000e+00 1.217171e-03
7.570000e+00 1.218404e-03
7.580000e+00 1.219630e-03
7.590000e+00 1.220848e-03
7.600000e+00 1.222057e-03
7.610000e+00 1.223255e-03
7.620000e+00 1.224444e-03
7.630000e+00 1.225621e-03
7.640000e+00 1.226788e-03
7.650000e+00 1.227943e-03
7.660000e+00 1.229088e-03
7.670000e+00 1.230222e-03
7.680000e+00 1.231346e-03
7.690000e+00 1.232462e-03
7.700000e+00 1.233571e-03
7.710000e+00 1.234673e-03
7.720000e+00 1.235770e-03
7.730000e+00 1.236864e-03
7.740000e+00 1.237957e-03
7.750000e+00 1.239050e-03
7.760000e+00 1.240147e-03
7.770000e+00 1.241249e-03
7.780000e+00 1.242358e-03
7.790000e+00 1.243479e-03
7.800000e+00 1.244612e-03
7.810000e+00 1.245761e-03
7.820000e+00 1.246930e-03
7.830000e+00 1.248121e-03
7.840000e+00 1.249338e-03
7.850000e+00 1.250583e-03
7.860000e+00 1.251861e-03
7.870000e+00 1.253174e-03
7.880000e+00 1.254526e-03
7.890000e+00 1.255922e-03
7.900000e+00 1.257363e-03
7.910000e+00 1.258854e-03
7.920000e+00 1.260399e-03
7.930000e+00 1.262001e-03
7.940000e+00 1.263664e-03
7.950000e+00 1.265391e-03
7.960000e+00 1.267185e-03
7.970000e+00 1.269051e-03
7.980000e+00 1.270992e-03
7.990000e+00 1.273010e-03
8.000000e+00 1.275111e-03
8.010000e+00 1.277295e-03
8.020000e+00 1.279567e-03
8.030000e+00 1.281930e-03
8.040000e+00 1.284386e-03
8.050000e+00 1.286939e-03
8.060000e+00 1.289590e-03
8.070000e+00 1.292342e-03
8.080000e+00 1.295197e-03
8.090000e+00 1.298158e-03
8.100000e+00 1.301227e-03
8.110000e+00 1.304404e-03
8.120000e+00 1.307692e-03
8.130000e+00 1.311091e-03
8.140000e+00 1.314604e-03
8.150000e+00 1.318230e-03
8.160000e+00 1.321971e-03
8.170000e+00 1.325826e-03
8.180000e+00 1.329796e-03
8.190000e+00 1.333880e-03
8.200000e+00 1.338079e-03
8.210000e+00 1.342392e-03
8.220000e+00 1.346817e-03
8.230000e+00 1.351354e-03
8.240000e+00 1.356001e-03
8.250000e+00 1.360757e-03
8.260000e+00 1.365618e-03
8.270000e+00 1.370584e-03
8.280000e+00 1.375651e-03
8.290000e+00 1.380817e-03
8.300000e+00 1.386078e-03
8.310000e+00 1.391431e-03
8.320000e+00 1.396872e-03
8.330000e+00 1.402397e-03
8.340000e+00 1.408003e-03
8.350000e+00 1.413683e-03
8.360000e+00 1.419434e-03
8.370000e+00 1.425251e-03
8.380000e+00 1.431127e-03
8.390000e+00 1.437057e-03
8.400000e+00 1.443036e-03
8.410000e+00 1.449057e-03
8.420000e+00 1.455113e-03
8.430000e+00 1.461198e-03
8.440000e+00 1.467306e-03
8.450000e+00 1.473428e-03
8.460000e+00 1.479557e-03
8.470000e+00 1.485687e-03
8.480000e+00 1.491809e-03
8.490000e+00 1.497914e-03
8.500000e+00 1.503996e-03
8.510000e+00 1.510045e-03
8.520000e+00 1.516053e-03
8.530000e+00 1.522012e-03
8.540000e+00 1.527912e-03
8.550000e+00 1.533745e-03
8.560000e+00 1.539502e-03
8.570000e+00 1.545173e-03
8.580000e+00 1.550749e-03
8.590000e+00 1.556221e-03
8.600000e+00 1.561580e-03
8.610000e+00 1.566815e-03
8.620000e+00 1.571919e-03
8.630000e+00 1.576880e-03
8.640000e+00 1.581690e-03
8.650000e+00 1.586339e-03
8.660000e+00 1.590817e-03
8.670000e+00 1.595116e-03
8.680000e+00 1.599226e-03
8.690000e+00 1.603136e-03
8.700000e+00 1.606839e-03
8.710000e+00 1.610325e-03
8.720000e+00 1.613585e-03
8.730000e+00 1.616609e-03
8.740000e+00 1.619390e-03
8.750000e+00 1.621918e-03
8.760000e+00 1.624185e-03
8.770000e+00 1.626183e-03
8.780000e+00 1.627903e-03
8.790000e+00 1.629337e-03
8.800000e+00 1.630478e-03
8.810000e+00 1.631318e-03
8.820000e+00 1.631850e-03
8.830000e+00 1.632067e-03
8.840000e+00 1.631962e-03
8.850000e+00 1.631528e-03
8.860000e+00 1.630760e-03
8.870000e+00 1.629651e-03
8.880000e+00 1.628195e-03
8.890000e+00 1.626388e-03
8.900000e+00 1.624224e-03
8.910000e+00 1.621698e-03
8.920000e+00 1.618807e-03
8.930000e+00 1.615545e-03
8.940000e+00 1.611910e-03
8.950000e+00 1.607897e-03
8.960000e+00 1.603504e-03
8.970000e+00 1.598728e-03
8.980000e+00 1.593567e-03
8.990000e+00 1.588019e-03
9.000000e+00 1.582082e-03
9.010000e+00 1.575754e-03
9.020000e+00 1.569036e-03
9.030000e+00 1.561925e-03
9.040000e+00 1.554423e-03
9.050000e+00 1.546529e-03
9.060000e+00 1.538244e-03
9.070000e+00 1.529568e-03
9.080000e+00 1.520503e-03
9.090000e+00 1.511051e-03
9.100000e+00 1.501213e-03
9.110000e+00 1.490992e-03
9.120000e+00 1.480390e-03
9.130000e+00 1.469409e-03
9.140000e+00 1.458055e-03
9.150000e+00 1.446329e-03
9.160000e+00 1.434235e-03
9.170000e+00 1.421779e-03
9.180000e+00 1.408964e-03
9.190000e+00 1.395795e-03
9.200000e+00 1.382277e-03
9.210000e+00 1.368415e-03
9.220000e+00 1.354216e-03
9.230000e+00 1.339684e-03
9.240000e+00 1.324826e-03
9.250000e+00 1.309648e-03
9.260000e+00 1.294157e-03
9.270000e+00 1.278359e-03
9.280000e+00 1.262261e-03
9.290000e+00 1.245871e-03
9.300000e+00 1.229195e-03
9.310000e+00 1.212242e-03
9.320000e+00 1.195018e-03
9.330000e+00 1.177532e-03
9.340000e+00 1.159792e-03
9.350000e+00 1.141805e-03
9.360000e+00 1.123580e-03
9.370000e+00 1.105125e-03
9.380000e+00 1.086449e-03
9.390000e+00 1.067560e-03
9.400000e+00 1.048467e-03
9.410000e+00 1.029179e-03
9.420000e+00 1.009704e-03
9.430000e+00 9.900507e-04
9.440000e+00 9.702288e-04
9.450000e+00 9.502470e-04
9.460000e+00 9.301144e-04
9.470000e+00 9.098398e-04
9.480000e+00 8.894325e-04
9.490000e+00 8.689015e-04
9.500000e+00 8.482560e-04
9.510000e+00 8.275051e-04
9.520000e+00 8.066579e-04
9.530000e+00 7.857237e-04
9.540000e+00 7.647116e-04
9.550000e+00 7.436307e-04
9.560000e+00 7.224903e-04
9.570000e+00 7.012994e-04
9.580000e+00 6.800673e-04
9.590000e+00 6.588031e-04
9.600000e+00 6.375158e-04
9.610000e+00 6.162146e-04
9.620000e+00 5.949085e-04
9.630000e+00 5.736067e-04
9.640000e+00 5.523181e-04
9.650000e+00 5.310519e-04
9.660000e+00 5.098170e-04
9.670000e+00 4.886224e-04
9.680000e+00 4.674770e-04
9.690000e+00 4.463899e-04
9.700000e+00 4.253699e-04
9.710000e+00 4.044261e-04
9.720000e+00 3.835671e-04
9.730000e+00 3.628020e-04
9.740000e+00 3.421397e-04
9.750000e+00 3.215888e-04
9.760000e+00 3.011584e-04
9.770000e+00 2.808571e-04
9.780000e+00 2.606939e-04
9.790000e+00 2.406774e-04
9.800000e+00 2.208165e-04
9.810000e+00 2.011200e-04
9.820000e+00 1.815965e-04
9.830000e+00 1.622547e-04
9.840000e+00 1.431036e-04
9.850000e+00 1.241516e-04
9.860000e+00 1.054076e-04
9.870000e+00 8.688010e-05
9.880000e+00 6.857787e-05
9.890000e+00 5.050950e-05
9.900000e+00 3.268359e-05
9.910000e+00 1.510872e-05
9.920000e+00 -2.206556e-06
9.930000e+00 -1.925374e-05
9.940000e+00 -3.602435e-05
9.950000e+00 -5.250996e-05
9.960000e+00 -6.870219e-05
9.970000e+00 -8.459271e-05
9.980000e+00 -1.001733e-04
9.990000e+00 -1.154356e-04
1.000000e+01 -1.303717e-04
