8.018239e-03 9 2.362137e+03
1.659868e-02 64 1.621156e+03
2.586446e-02 157 1.460815e+03
3.529679e-02 292 1.147587e+03
4.513097e-02 529 8.977294e+02
5.555287e-02 820 7.370954e+02
6.539610e-02 1000 6.871469e+02
7.523297e-02 1483 5.853595e+02
8.527687e-02 1792 4.754456e+02
9.513029e-02 2293 3.885542e+02
1.052419e-01 2848 3.319287e+02
1.151206e-01 3232 2.966875e+02
1.250948e-01 4077 2.703444e+02
1.351559e-01 4552 2.479361e+02
1.451184e-01 5377 2.108490e+02
1.550677e-01 5974 1.932832e+02
1.650359e-01 6976 1.662257e+02
1.750550e-01 7717 1.546860e+02
1.850940e-01 8776 1.430707e+02
1.950993e-01 9553 1.333002e+02
2.050639e-01 10660 1.229837e+02
2.150232e-01 11608 1.110908e+02
2.250206e-01 12937 9.924944e+01
2.351002e-01 14062 9.290079e+01
2.450739e-01 15105 8.557809e+01
2.550522e-01 16492 8.118851e+01
2.650604e-01 17821 7.634967e+01
2.750125e-01 18940 7.031944e+01
2.850269e-01 20836 6.554362e+01
2.950518e-01 21949 6.236138e+01
3.050599e-01 23656 5.814795e+01
3.149891e-01 24727 5.438771e+01
3.250379e-01 27400 5.193519e+01
3.350922e-01 28096 4.849889e+01
3.450584e-01 30337 4.573525e+01
3.550604e-01 31696 4.294560e+01
3.650295e-01 33849 4.028151e+01
3.750722e-01 35800 3.893112e+01
3.850647e-01 37348 3.681583e+01
3.950397e-01 39535 3.562788e+01
4.050307e-01 41452 3.371244e+01
4.150177e-01 43669 3.226366e+01
4.250356e-01 45832 3.040299e+01
4.350008e-01 47524 2.916782e+01
4.450186e-01 50761 2.796934e+01
4.550579e-01 52264 2.649189e+01
4.650571e-01 54973 2.590146e+01
4.750553e-01 56890 2.426623e+01
4.849982e-01 59233 2.381339e+01
4.949997e-01 62460 2.264695e+01
5.050400e-01 64660 2.195194e+01
5.150365e-01 67105 2.103247e+01
5.250511e-01 70108 2.007190e+01
5.350611e-01 72421 1.953731e+01
5.450809e-01 75628 1.863204e+01
5.550666e-01 77374 1.805373e+01
5.650248e-01 80965 1.728815e+01
5.750209e-01 83536 1.675211e+01
5.849943e-01 86509 1.629074e+01
5.950118e-01 90088 1.569500e+01
6.050243e-01 92524 1.517563e+01
6.150021e-01 95685 1.468523e+01
6.250268e-01 99460 1.415228e+01
6.350319e-01 101791 1.378772e+01
6.450443e-01 105940 1.326113e+01
6.550363e-01 108040 1.282368e+01
6.650248e-01 112417 1.247621e+01
6.749918e-01 114172 1.214915e+01
6.849838e-01 119989 1.173738e+01
6.950359e-01 122428 1.144595e+01
7.050021e-01 125049 1.115605e+01
7.150185e-01 130682 1.078959e+01
7.250500e-01 132820 1.057952e+01
7.350461e-01 137169 1.027971e+01
7.450354e-01 139912 1.004059e+01
7.550326e-01 145021 9.698213e+00
7.650453e-01 148000 9.482615e+00
7.750260e-01 151840 9.298013e+00
7.849916e-01 155365 8.939821e+00
7.950130e-01 161410 8.787933e+00
8.050563e-01 164341 8.545828e+00
8.150452e-01 167704 8.374535e+00
8.250456e-01 172960 8.150277e+00
8.350307e-01 175597 7.967928e+00
8.450225e-01 181552 7.709021e+00
8.550387e-01 185185 7.456662e+00
8.650410e-01 189576 7.372515e+00
8.750145e-01 192850 7.196232e+00
8.849866e-01 198481 7.139680e+00
8.950163e-01 203908 6.858942e+00
9.050183e-01 206677 6.709051e+00
9.150119e-01 212440 6.573859e+00
9.250146e-01 216544 6.497649e+00
9.350152e-01 221725 6.330326e+00
9.450189e-01 226024 6.237063e+00
9.550021e-01 230515 6.097294e+00
9.650081e-01 236548 5.938221e+00
9.750165e-01 240697 5.875944e+00
9.850258e-01 246264 5.745508e+00
9.950310e-01 250480 5.610717e+00
