8.018239e-03 9 1.166141e+03
1.659868e-02 64 1.561652e+03
2.586446e-02 157 1.419305e+03
3.529679e-02 292 1.127031e+03
4.513097e-02 529 8.460494e+02
5.555287e-02 820 7.162631e+02
6.539610e-02 1000 6.316281e+02
7.523297e-02 1483 5.830547e+02
8.527687e-02 1792 4.573370e+02
9.513029e-02 2293 3.924432e+02
1.052419e-01 2848 3.167833e+02
1.151206e-01 3232 2.912636e+02
1.250948e-01 4077 2.774546e+02
1.351559e-01 4552 2.439448e+02
1.451184e-01 5377 2.164777e+02
1.550677e-01 5974 1.928420e+02
1.650359e-01 6976 1.661994e+02
1.750550e-01 7717 1.521870e+02
1.850940e-01 8776 1.404560e+02
1.950993e-01 9553 1.305055e+02
2.050639e-01 10660 1.231055e+02
2.150232e-01 11608 1.097859e+02
2.250206e-01 12937 9.970502e+01
2.351002e-01 14062 9.124335e+01
2.450739e-01 15105 8.604131e+01
2.550522e-01 16492 8.114219e+01
2.650604e-01 17821 7.628680e+01
2.750125e-01 18940 7.105123e+01
2.850269e-01 20836 6.591603e+01
2.950518e-01 21949 6.084304e+01
3.050599e-01 23656 5.748367e+01
3.149891e-01 24727 5.445843e+01
3.250379e-01 27400 5.186570e+01
3.350922e-01 28096 4.809367e+01
3.450584e-01 30337 4.571542e+01
3.550604e-01 31696 4.333618e+01
3.650295e-01 33849 4.112745e+01
3.750722e-01 35800 3.874883e+01
3.850647e-01 37348 3.714346e+01
3.950397e-01 39535 3.535401e+01
4.050307e-01 41452 3.357917e+01
4.150177e-01 43669 3.223786e+01
4.250356e-01 45832 3.048821e+01
4.350008e-01 47524 2.947657e+01
4.450186e-01 50761 2.806902e+01
4.550579e-01 52264 2.710417e+01
4.650571e-01 54973 2.584829e+01
4.750553e-01 56890 2.467237e+01
4.849982e-01 59233 2.363800e+01
4.949997e-01 62460 2.280744e+01
5.050400e-01 64660 2.157273e+01
5.150365e-01 67105 2.101410e+01
5.250511e-01 70108 1.994953e+01
5.350611e-01 72421 1.961913e+01
5.450809e-01 75628 1.867348e+01
5.550666e-01 77374 1.813615e+01
5.650248e-01 80965 1.740945e+01
5.750209e-01 83536 1.673173e+01
5.849943e-01 86509 1.616408e+01
5.950118e-01 90088 1.565908e+01
6.050243e-01 92524 1.507036e+01
6.150021e-01 95685 1.461976e+01
6.250268e-01 99460 1.437080e+01
6.350319e-01 101791 1.365396e+01
6.450443e-01 105940 1.318732e+01
6.550363e-01 108040 1.282518e+01
6.650248e-01 112417 1.262096e+01
6.749918e-01 114172 1.225341e+01
6.849838e-01 119989 1.192984e+01
6.950359e-01 122428 1.146313e+01
7.050021e-01 125049 1.112446e+01
7.150185e-01 130682 1.089572e+01
7.250500e-01 132820 1.059142e+01
7.350461e-01 137169 1.023937e+01
7.450354e-01 139912 9.940081e+00
7.550326e-01 145021 9.745212e+00
7.650453e-01 148000 9.469132e+00
7.750260e-01 151840 9.173972e+00
7.849916e-01 155365 8.916033e+00
7.950130e-01 161410 8.696714e+00
8.050563e-01 164341 8.568183e+00
8.150452e-01 167704 8.307852e+00
8.250456e-01 172960 8.157639e+00
8.350307e-01 175597 7.923127e+00
8.450225e-01 181552 7.691465e+00
8.550387e-01 185185 7.526527e+00
8.650410e-01 189576 7.385105e+00
8.750145e-01 192850 7.260997e+00
8.849866e-01 198481 7.083683e+00
8.950163e-01 203908 6.858509e+00
9.050183e-01 206677 6.759859e+00
9.150119e-01 212440 6.608546e+00
9.250146e-01 216544 6.446645e+00
9.350152e-01 221725 6.356743e+00
9.450189e-01 226024 6.223841e+00
9.550021e-01 230515 6.061476e+00
9.650081e-01 236548 5.963227e+00
9.750165e-01 240697 5.781359e+00
9.850258e-01 246264 5.713280e+00
9.950310e-01 250480 5.581389e+00
