# text fof file
# logMmin 1.200000e+01 -> nfof_min 133
# boxsize 600.000000
# density total 7.941650e+05 7.941650e+05; rel difference 3.912853e-11
# nbar 3.676690e-03
1.483274e-02 13 4.353764e+04 4.380404e+04 1.789660e+04 -6.741829e+04
2.513187e-02 33 2.576970e+04 2.603227e+04 -9.211238e+03 -1.131005e+04
3.574650e-02 79 1.505216e+04 1.531336e+04 1.909369e+03 -3.635400e+03
4.583347e-02 105 1.010823e+04 1.036783e+04 -2.600552e+03 -4.754663e+02
5.486964e-02 145 1.007494e+04 1.032919e+04 2.633165e+03 3.386598e+02
6.471857e-02 243 8.337687e+03 8.589167e+03 -2.425587e+02 6.835462e+02
7.503996e-02 313 8.526681e+03 8.770352e+03 -5.459557e+02 1.077708e+03
8.485495e-02 369 6.736000e+03 6.979150e+03 2.953795e+02 5.833790e+02
9.528688e-02 571 4.860941e+03 5.106426e+03 -5.791729e+02 -5.315897e+02
1.059290e-01 601 4.571752e+03 4.812800e+03 1.092602e+02 -6.270352e+02
1.156806e-01 705 4.308005e+03 4.545008e+03 -8.187514e+01 -5.068792e+02
1.255756e-01 883 3.700362e+03 3.936710e+03 1.220956e+02 -4.657410e+02
1.352378e-01 909 3.306730e+03 3.541552e+03 1.011964e+02 -8.065013e+01
1.449493e-01 1177 3.044071e+03 3.276481e+03 -7.214352e+01 1.928707e+02
1.550659e-01 1323 2.600285e+03 2.833179e+03 2.141119e+02 -3.670010e+02
1.649601e-01 1453 2.350532e+03 2.582045e+03 2.094802e+02 -1.897178e+02
1.749597e-01 1701 2.095174e+03 2.326010e+03 -7.914172e+01 -1.256743e+02
1.852437e-01 1963 2.018507e+03 2.246012e+03 5.003535e+01 -9.159393e+01
1.951071e-01 1933 1.793394e+03 2.020907e+03 1.321065e+02 2.340744e+02
2.049888e-01 2397 1.658906e+03 1.885096e+03 -7.894790e+01 -5.189144e+01
2.151844e-01 2539 1.537405e+03 1.762119e+03 -3.810752e+01 4.210317e+01
2.250745e-01 2694 1.453455e+03 1.676144e+03 7.559094e+01 5.983634e+01
2.350927e-01 3121 1.401950e+03 1.621853e+03 -3.554705e+01 -5.239841e+01
2.451974e-01 3255 1.230233e+03 1.451427e+03 1.345570e+01 -1.356658e+01
2.550872e-01 3517 1.159453e+03 1.379159e+03 -1.157604e+01 6.559196e+01
2.649947e-01 3813 1.096067e+03 1.314230e+03 3.256710e+01 -7.281985e+01
2.750606e-01 4231 1.044072e+03 1.260333e+03 -5.471191e+01 3.284821e+01
2.851157e-01 4389 9.667212e+02 1.182409e+03 -3.196907e+01 1.568041e+01
2.950080e-01 4717 9.076677e+02 1.122374e+03 4.553611e+01 6.882894e+01
3.050474e-01 5191 8.576576e+02 1.071060e+03 -4.132373e+01 1.361033e+02
3.151078e-01 5373 8.318707e+02 1.042894e+03 1.266382e+01 -9.360836e+00
3.251295e-01 5893 7.758235e+02 9.862946e+02 -1.164142e+01 3.948348e+01
3.352591e-01 6183 7.303538e+02 9.398995e+02 5.166777e+01 -2.480205e+01
3.451640e-01 6349 7.109571e+02 9.181639e+02 -6.060194e+00 6.740770e+01
3.550965e-01 6993 6.739650e+02 8.800919e+02 8.730474e+00 -7.283132e+01
3.649687e-01 7003 6.532504e+02 8.573300e+02 -2.756696e+01 2.466013e+01
3.749450e-01 7941 6.046617e+02 8.088680e+02 1.651032e+01 1.506273e+01
3.851630e-01 8221 5.919343e+02 7.935770e+02 3.404021e+00 -2.709344e+00
3.951752e-01 8449 5.541404e+02 7.554785e+02 -2.858621e+01 4.125330e+01
4.050872e-01 8931 5.395199e+02 7.387234e+02 -2.151136e+01 -1.534632e+00
4.149904e-01 9289 5.063503e+02 7.052353e+02 -1.236545e+00 4.947973e+01
4.250484e-01 10113 4.899604e+02 6.870684e+02 8.888755e+00 -2.315155e+01
4.350196e-01 10087 4.675100e+02 6.635455e+02 -2.892595e+00 -4.585020e+01
4.449689e-01 10998 4.593096e+02 6.528865e+02 -1.373669e+01 -1.742114e+01
4.550136e-01 11233 4.428033e+02 6.348830e+02 6.774177e+00 -2.394531e+00
4.650240e-01 11991 4.313014e+02 6.213600e+02 1.427520e+01 -3.068436e+01
4.750600e-01 12241 4.085845e+02 5.980657e+02 -1.097936e+01 1.148613e+01
4.850824e-01 13033 3.902022e+02 5.787036e+02 8.366350e-01 1.699257e+01
4.950626e-01 13227 3.780294e+02 5.648979e+02 2.434345e+01 -3.062738e+00
5.050218e-01 13993 3.681160e+02 5.530981e+02 1.435052e+01 4.488511e+01
5.149626e-01 14301 3.561877e+02 5.396666e+02 1.423184e+01 1.278088e+01
5.249789e-01 15355 3.476227e+02 5.291378e+02 -3.908378e+00 -1.378629e+01
5.350486e-01 15585 3.342904e+02 5.145679e+02 -1.425447e+01 2.484838e+00
5.451135e-01 16549 3.163618e+02 4.962698e+02 1.089125e+01 7.139114e+00
5.551181e-01 16587 3.111917e+02 4.888145e+02 7.988114e+00 -1.311056e+01
5.650424e-01 17461 3.000976e+02 4.764693e+02 -1.131127e+01 4.116844e+00
5.750589e-01 18177 2.917853e+02 4.664847e+02 -1.428467e+01 1.603181e+01
5.850828e-01 18739 2.826561e+02 4.558889e+02 -1.022761e+01 7.644429e+00
5.950416e-01 19165 2.749271e+02 4.465225e+02 -2.424908e+00 1.589305e+01
6.049746e-01 20013 2.615782e+02 4.326546e+02 7.055009e+00 -3.414737e+00
6.149470e-01 20587 2.534840e+02 4.231420e+02 -2.315243e-01 -1.026568e+01
6.249968e-01 21657 2.510513e+02 4.181840e+02 2.474725e+00 1.343681e+01
6.350666e-01 22129 2.420178e+02 4.079821e+02 1.517684e+00 1.453671e+00
6.450498e-01 22611 2.330096e+02 3.979189e+02 1.063634e+00 -2.583568e+00
6.549912e-01 23317 2.277088e+02 3.908421e+02 -1.573390e+00 8.110548e+00
6.649535e-01 24222 2.258707e+02 3.864874e+02 8.464938e+00 9.988775e+00
6.749660e-01 24943 2.205921e+02 3.794575e+02 -4.093249e+00 -6.348091e+00
6.850252e-01 25921 2.082027e+02 3.670511e+02 8.163998e+00 5.401957e+00
6.950284e-01 26253 2.020765e+02 3.595114e+02 -6.533401e+00 1.547860e+01
7.049900e-01 27139 2.015812e+02 3.562769e+02 -8.186661e+00 -4.891474e+00
7.150256e-01 28185 1.920433e+02 3.462754e+02 -1.056197e+01 3.517366e+00
7.250860e-01 28969 1.893480e+02 3.414340e+02 4.380738e+00 -2.260973e+00
7.350183e-01 28887 1.851785e+02 3.355657e+02 -8.789764e+00 2.668053e+00
7.450018e-01 30937 1.799297e+02 3.289256e+02 4.071835e+00 1.428456e+01
7.551045e-01 31341 1.746791e+02 3.223154e+02 1.762554e-01 -6.735938e+00
7.650666e-01 31555 1.722481e+02 3.178052e+02 -5.887219e-01 6.439947e+00
7.750154e-01 33025 1.652178e+02 3.100637e+02 2.641075e-01 1.265500e+01
7.850634e-01 33921 1.658113e+02 3.077188e+02 -1.295880e+00 1.608156e+01
7.950596e-01 34285 1.580816e+02 2.995994e+02 4.369791e+00 2.906401e+00
8.050450e-01 35703 1.539632e+02 2.940394e+02 1.371935e+01 1.416623e+01
8.150563e-01 36205 1.507916e+02 2.891778e+02 -1.543033e+00 -4.374595e+00
8.250795e-01 37485 1.449629e+02 2.825516e+02 8.712848e+00 4.861238e+00
8.350885e-01 38047 1.391140e+02 2.759749e+02 4.465215e+00 -7.155449e+00
8.450499e-01 38913 1.377051e+02 2.724368e+02 1.554394e+00 -1.939212e+00
8.550252e-01 39853 1.382510e+02 2.701815e+02 -3.917336e+00 -4.371487e-01
8.650455e-01 41367 1.340908e+02 2.648509e+02 -2.491872e+00 -1.541009e+00
8.750680e-01 41617 1.296302e+02 2.593739e+02 1.638061e+00 -5.327947e+00
8.849916e-01 42430 1.260631e+02 2.545561e+02 2.811929e+00 -2.427337e+00
8.949944e-01 44367 1.243487e+02 2.509263e+02 2.583501e+00 -6.798970e+00
9.050336e-01 44569 1.216327e+02 2.466886e+02 -3.898528e+00 4.092050e+00
9.150411e-01 46089 1.127336e+02 2.386711e+02 -3.688203e+00 3.633545e+00
9.250625e-01 46819 1.127158e+02 2.361907e+02 -2.254312e+00 -1.685349e+00
9.350607e-01 47793 1.141372e+02 2.345969e+02 -2.929406e+00 1.695944e+00
9.450463e-01 48697 1.084101e+02 2.287100e+02 -1.458432e+00 8.558872e-01
9.549734e-01 49443 1.061525e+02 2.249725e+02 2.020314e+00 -3.886154e+00
9.649510e-01 51097 1.062905e+02 2.226410e+02 -3.554536e-01 7.252193e+00
9.750082e-01 52453 9.955840e+01 2.163361e+02 2.610385e-01 6.578782e+00
9.850290e-01 52947 9.758804e+01 2.128495e+02 -1.924953e+00 -3.348229e+00
9.950258e-01 54193 9.695259e+01 2.101482e+02 -6.507357e+00 3.198324e-01
