# text fof file
# logMmin 1.200000e+01 -> nfof_min 133
# boxsize 600.000000
# density total 7.940490e+05 7.940490e+05; rel difference 9.800568e-12
# nbar 3.676153e-03
1.483274e-02 13 3.556129e+04 3.582875e+04 -1.165568e+04 2.716956e+03
2.513187e-02 33 2.084892e+04 2.111313e+04 -2.756144e+03 4.579660e+03
3.574650e-02 79 1.455265e+04 1.481411e+04 5.467993e+02 9.791708e+03
4.583347e-02 105 1.017688e+04 1.043643e+04 -2.180520e+03 2.792815e+03
5.486964e-02 145 1.029601e+04 1.054992e+04 4.401091e+03 6.586945e+03
6.471857e-02 243 9.406218e+03 9.655363e+03 7.421068e+02 -2.359243e+03
7.503996e-02 313 7.057351e+03 7.305780e+03 7.428320e+02 9.513907e+02
8.485495e-02 369 6.893147e+03 7.135555e+03 -1.803555e+03 1.926201e+03
9.528688e-02 571 5.102532e+03 5.346913e+03 5.417910e+02 3.035666e+02
1.059290e-01 601 4.283950e+03 4.526872e+03 -4.301131e+01 9.303712e+01
1.156806e-01 705 4.123893e+03 4.362422e+03 3.931621e+02 6.295125e+02
1.255756e-01 883 3.799484e+03 4.035105e+03 3.626051e+02 -4.857001e+02
1.352378e-01 909 3.325810e+03 3.560368e+03 3.594415e+01 -1.967286e+01
1.449493e-01 1177 2.909708e+03 3.143788e+03 2.984144e+02 9.373558e+01
1.550659e-01 1323 2.565174e+03 2.798543e+03 -4.841063e+01 -2.745181e+02
1.649601e-01 1453 2.401785e+03 2.632574e+03 -3.685698e+01 1.612468e+02
1.749597e-01 1701 2.197670e+03 2.426795e+03 1.153438e+02 -1.693658e+02
1.852437e-01 1963 2.042811e+03 2.269864e+03 3.854354e+01 2.046012e+01
1.951071e-01 1933 1.874380e+03 2.100227e+03 -6.813637e+00 2.473209e+01
2.049888e-01 2397 1.652510e+03 1.878803e+03 -4.726225e+01 -2.116496e+02
2.151844e-01 2539 1.501012e+03 1.726735e+03 -1.286060e+02 -1.946941e+02
2.250745e-01 2694 1.408634e+03 1.632705e+03 5.548302e+01 4.051643e+01
2.350927e-01 3121 1.339335e+03 1.561294e+03 -5.625252e+01 -1.008351e+02
2.451974e-01 3255 1.240365e+03 1.461272e+03 8.628181e+01 -7.443513e+01
2.550872e-01 3517 1.166263e+03 1.385768e+03 2.362856e+01 1.246300e+02
2.649947e-01 3813 1.113762e+03 1.331214e+03 3.276069e+01 -9.014273e+01
2.750606e-01 4231 1.044154e+03 1.260414e+03 -7.452953e+01 -1.565964e+01
2.851157e-01 4389 9.872397e+02 1.202021e+03 8.339430e+01 -5.536028e+01
2.950080e-01 4717 9.304690e+02 1.144082e+03 -2.848528e+00 -6.159705e+01
3.050474e-01 5191 8.699936e+02 1.082801e+03 1.653458e+01 -5.494069e+01
3.151078e-01 5373 8.395453e+02 1.050173e+03 -1.564675e+01 -1.462385e+00
3.251295e-01 5893 8.069692e+02 1.015685e+03 1.133894e+01 5.017240e+01
3.352591e-01 6183 7.387003e+02 9.477703e+02 -1.669244e+01 -7.367770e+01
3.451640e-01 6349 7.112810e+02 9.184869e+02 6.892529e+01 -5.113987e+00
3.550965e-01 6993 6.714576e+02 8.777769e+02 9.042486e+00 -6.321452e+01
3.649687e-01 7003 6.566590e+02 8.604939e+02 -4.453122e+01 -1.141560e+01
3.749450e-01 7941 6.241919e+02 8.269103e+02 -2.748943e+01 2.333205e+01
3.851630e-01 8221 5.855421e+02 7.877371e+02 2.323553e+01 -8.196377e+00
3.951752e-01 8449 5.603569e+02 7.611874e+02 -1.007294e+01 -6.161316e+00
4.050872e-01 8931 5.522585e+02 7.503619e+02 -3.699331e+00 -2.625335e+01
4.149904e-01 9289 5.244410e+02 7.216677e+02 -1.280397e+01 -3.168467e+01
4.250484e-01 10113 4.991309e+02 6.953771e+02 -2.118915e+00 -2.525456e+01
4.350196e-01 10087 4.740448e+02 6.694514e+02 -1.472490e+01 1.979230e+01
4.449689e-01 10998 4.622195e+02 6.555410e+02 1.191766e+01 2.673595e+01
4.550136e-01 11233 4.459076e+02 6.376671e+02 -8.871006e+00 1.535902e+01
4.650240e-01 11991 4.230042e+02 6.140843e+02 2.899963e+00 1.083857e+01
4.750600e-01 12241 4.223981e+02 6.102293e+02 -1.544368e+01 -4.411059e+00
4.850824e-01 13033 3.939532e+02 5.820102e+02 -9.215402e+00 7.377894e+00
4.950626e-01 13227 3.787802e+02 5.655751e+02 1.058341e+01 -4.267679e+01
5.050218e-01 13993 3.618658e+02 5.477195e+02 -8.863770e+00 5.339942e+00
5.149626e-01 14301 3.590933e+02 5.421699e+02 -1.089246e+01 5.132606e+01
5.249789e-01 15355 3.337219e+02 5.172777e+02 2.360411e+01 -2.332943e+01
5.350486e-01 15585 3.362498e+02 5.162819e+02 -8.550449e+00 4.133851e+01
5.451135e-01 16549 3.289036e+02 5.068799e+02 -1.663297e+00 -6.836628e+00
5.551181e-01 16587 3.086815e+02 4.867473e+02 1.110258e+00 2.121922e+01
5.650424e-01 17461 3.017267e+02 4.778588e+02 1.420491e+01 -7.542056e-01
5.750589e-01 18177 2.903364e+02 4.653314e+02 -3.394004e+00 -3.706790e+00
5.850828e-01 18739 2.808155e+02 4.544071e+02 3.868238e+00 4.886184e+00
5.950416e-01 19165 2.733601e+02 4.452779e+02 6.100801e+00 1.602702e+00
6.049746e-01 20013 2.690122e+02 4.387169e+02 1.740826e+00 1.070158e+01
6.149470e-01 20587 2.586856e+02 4.273582e+02 -1.243220e+01 -1.629433e+01
6.249968e-01 21657 2.446647e+02 4.131118e+02 4.901662e+00 -9.646815e+00
6.350666e-01 22129 2.384524e+02 4.051758e+02 3.825660e+00 -1.813181e+00
6.450498e-01 22611 2.388056e+02 4.025128e+02 4.489528e+00 -1.321457e+01
6.549912e-01 23317 2.262870e+02 3.897528e+02 -3.297567e+00 1.220084e+01
6.649535e-01 24222 2.243554e+02 3.853323e+02 1.096298e+00 1.052317e+01
6.749660e-01 24943 2.162886e+02 3.761772e+02 1.079510e+01 7.447284e+00
6.850252e-01 25921 2.157031e+02 3.727956e+02 2.350267e+00 1.592145e+01
6.950284e-01 26253 2.029240e+02 3.601800e+02 -1.159129e+01 -7.865705e+00
7.049900e-01 27139 2.021135e+02 3.567178e+02 3.494062e+00 -2.594565e+00
7.150256e-01 28185 1.941468e+02 3.478763e+02 8.296762e+00 -9.148908e+00
7.250860e-01 28969 1.860470e+02 3.390165e+02 -4.440719e+00 2.053412e+01
7.350183e-01 28887 1.843344e+02 3.349700e+02 2.597106e-02 1.698474e+01
7.450018e-01 30937 1.772126e+02 3.269916e+02 1.102095e+00 -5.634832e+00
7.551045e-01 31341 1.721600e+02 3.205262e+02 -1.623768e+00 6.231105e+00
7.650666e-01 31555 1.687131e+02 3.153087e+02 3.507108e+00 -1.286444e+00
7.750154e-01 33025 1.673742e+02 3.116144e+02 8.837594e+00 6.611003e-01
7.850634e-01 33921 1.578693e+02 3.021761e+02 6.903782e+00 9.927950e+00
7.950596e-01 34285 1.557541e+02 2.980054e+02 -2.975688e+00 1.051313e+00
8.050450e-01 35703 1.512602e+02 2.922102e+02 3.058255e+00 2.224558e+00
8.150563e-01 36205 1.492830e+02 2.881782e+02 1.332359e+00 -7.062988e+00
8.250795e-01 37485 1.473408e+02 2.841773e+02 2.204711e-01 4.105755e-01
8.350885e-01 38047 1.412340e+02 2.774241e+02 -7.650970e+00 -4.060447e+00
8.450499e-01 38913 1.378805e+02 2.725779e+02 -1.300931e+00 -5.114304e-01
8.550252e-01 39853 1.331388e+02 2.668505e+02 -3.090419e+00 -6.860757e+00
8.650455e-01 41367 1.292358e+02 2.617288e+02 1.787500e+00 -6.108354e+00
8.750680e-01 41617 1.258395e+02 2.569688e+02 2.811489e+00 1.034176e+01
8.849916e-01 42430 1.283596e+02 2.560409e+02 1.034804e+01 -3.354775e+00
8.949944e-01 44367 1.223142e+02 2.496710e+02 2.088715e+00 -5.049449e+00
9.050336e-01 44569 1.170515e+02 2.438527e+02 6.185744e+00 -3.309044e+00
9.150411e-01 46089 1.163070e+02 2.409054e+02 -3.845813e+00 -1.189362e+00
9.250625e-01 46819 1.145646e+02 2.373543e+02 -4.574196e+00 -1.508942e+01
9.350607e-01 47793 1.102765e+02 2.322940e+02 5.445962e+00 5.086152e+00
9.450463e-01 48697 1.112520e+02 2.304247e+02 1.957124e+00 4.645905e+00
9.549734e-01 49443 1.049443e+02 2.242748e+02 -2.135824e+00 -5.076985e+00
9.649510e-01 51097 1.032626e+02 2.208956e+02 -2.386857e+00 1.024611e+00
9.750082e-01 52453 1.029027e+02 2.182953e+02 -4.494478e+00 -6.965019e+00
9.850290e-01 52947 9.886102e+01 2.136012e+02 7.408601e+00 2.383352e-01
9.950258e-01 54193 9.548727e+01 2.093534e+02 1.043231e+00 -5.993376e+00
