8.018239e-03 9 2.440769e+04
1.659868e-02 64 1.593984e+04
2.586446e-02 157 1.426857e+04
3.529679e-02 292 1.111185e+04
4.513097e-02 529 8.602395e+03
5.555287e-02 820 7.173896e+03
6.539610e-02 1000 6.616837e+03
7.523297e-02 1483 5.628583e+03
8.527687e-02 1792 4.536655e+03
9.513029e-02 2293 3.797423e+03
1.052419e-01 2848 3.309542e+03
1.151206e-01 3232 2.959614e+03
1.250948e-01 4077 2.677051e+03
1.351559e-01 4552 2.487600e+03
1.451184e-01 5377 2.139237e+03
1.550677e-01 5974 1.965035e+03
1.650359e-01 6976 1.757086e+03
1.750550e-01 7717 1.612986e+03
1.850940e-01 8776 1.518785e+03
1.950993e-01 9553 1.422082e+03
2.050639e-01 10660 1.312841e+03
2.150232e-01 11608 1.240415e+03
2.250206e-01 12937 1.140939e+03
2.351002e-01 14062 1.074007e+03
2.450739e-01 15105 1.001596e+03
2.550522e-01 16492 9.560333e+02
2.650604e-01 17821 9.070029e+02
2.750125e-01 18940 8.530887e+02
2.850269e-01 20836 8.136196e+02
2.950518e-01 21949 7.769491e+02
3.050599e-01 23656 7.385034e+02
3.149891e-01 24727 7.175529e+02
3.250379e-01 27400 6.839439e+02
3.350922e-01 28096 6.527268e+02
3.450584e-01 30337 6.230569e+02
3.550604e-01 31696 6.022931e+02
3.650295e-01 33849 5.818475e+02
3.750722e-01 35800 5.629270e+02
3.850647e-01 37348 5.467516e+02
3.950397e-01 39535 5.245787e+02
4.050307e-01 41452 5.051972e+02
4.150177e-01 43669 4.944074e+02
4.250356e-01 45832 4.819830e+02
4.350008e-01 47524 4.637935e+02
4.450186e-01 50761 4.511041e+02
4.550579e-01 52264 4.411132e+02
4.650571e-01 54973 4.273518e+02
4.750553e-01 56890 4.155112e+02
4.849982e-01 59233 4.032997e+02
4.949997e-01 62460 3.933912e+02
5.050400e-01 64660 3.850704e+02
5.150365e-01 67105 3.767894e+02
5.250511e-01 70108 3.685663e+02
5.350611e-01 72421 3.603200e+02
5.450809e-01 75628 3.498293e+02
5.550666e-01 77374 3.441945e+02
5.650248e-01 80965 3.377098e+02
5.750209e-01 83536 3.320691e+02
5.849943e-01 86509 3.223024e+02
5.950118e-01 90088 3.158835e+02
6.050243e-01 92524 3.117902e+02
6.150021e-01 95685 3.076060e+02
6.250268e-01 99460 2.992058e+02
6.350319e-01 101791 2.948707e+02
6.450443e-01 105940 2.876315e+02
6.550363e-01 108040 2.847351e+02
6.650248e-01 112417 2.782261e+02
6.749918e-01 114172 2.763255e+02
6.849838e-01 119989 2.708467e+02
6.950359e-01 122428 2.662811e+02
7.050021e-01 125049 2.623914e+02
7.150185e-01 130682 2.570800e+02
7.250500e-01 132820 2.547991e+02
7.350461e-01 137169 2.497394e+02
7.450354e-01 139912 2.478003e+02
7.550326e-01 145021 2.429499e+02
7.650453e-01 148000 2.385829e+02
7.750260e-01 151840 2.357735e+02
7.849916e-01 155365 2.332082e+02
7.950130e-01 161410 2.304295e+02
8.050563e-01 164341 2.268286e+02
8.150452e-01 167704 2.239558e+02
8.250456e-01 172960 2.206430e+02
8.350307e-01 175597 2.182763e+02
8.450225e-01 181552 2.153410e+02
8.550387e-01 185185 2.131062e+02
8.650410e-01 189576 2.098406e+02
8.750145e-01 192850 2.068036e+02
8.849866e-01 198481 2.052856e+02
8.950163e-01 203908 2.019818e+02
9.050183e-01 206677 1.999597e+02
9.150119e-01 212440 1.970812e+02
9.250146e-01 216544 1.949620e+02
9.350152e-01 221725 1.932947e+02
9.450189e-01 226024 1.912581e+02
9.550021e-01 230515 1.893484e+02
9.650081e-01 236548 1.876755e+02
9.750165e-01 240697 1.844278e+02
9.850258e-01 246264 1.828525e+02
9.950310e-01 250480 1.818477e+02
