8.018239e-03 9 1.438894e+04
1.659868e-02 64 1.669150e+04
2.586446e-02 157 1.348774e+04
3.529679e-02 292 1.207340e+04
4.513097e-02 529 9.019099e+03
5.555287e-02 820 7.736942e+03
6.539610e-02 1000 6.482631e+03
7.523297e-02 1483 5.166312e+03
8.527687e-02 1792 4.772565e+03
9.513029e-02 2293 3.862650e+03
1.052419e-01 2848 3.279911e+03
1.151206e-01 3232 2.909957e+03
1.250948e-01 4077 2.678684e+03
1.351559e-01 4552 2.472806e+03
1.451184e-01 5377 2.180261e+03
1.550677e-01 5974 1.935961e+03
1.650359e-01 6976 1.735790e+03
1.750550e-01 7717 1.628631e+03
1.850940e-01 8776 1.552193e+03
1.950993e-01 9553 1.457850e+03
2.050639e-01 10660 1.325849e+03
2.150232e-01 11608 1.218976e+03
2.250206e-01 12937 1.148669e+03
2.351002e-01 14062 1.071699e+03
2.450739e-01 15105 1.016460e+03
2.550522e-01 16492 9.632589e+02
2.650604e-01 17821 8.940464e+02
2.750125e-01 18940 8.497566e+02
2.850269e-01 20836 8.167623e+02
2.950518e-01 21949 7.803456e+02
3.050599e-01 23656 7.396266e+02
3.149891e-01 24727 7.157160e+02
3.250379e-01 27400 6.769088e+02
3.350922e-01 28096 6.555081e+02
3.450584e-01 30337 6.298998e+02
3.550604e-01 31696 6.038541e+02
3.650295e-01 33849 5.746943e+02
3.750722e-01 35800 5.630306e+02
3.850647e-01 37348 5.408859e+02
3.950397e-01 39535 5.314832e+02
4.050307e-01 41452 5.083366e+02
4.150177e-01 43669 4.906165e+02
4.250356e-01 45832 4.761400e+02
4.350008e-01 47524 4.649219e+02
4.450186e-01 50761 4.504835e+02
4.550579e-01 52264 4.412056e+02
4.650571e-01 54973 4.292574e+02
4.750553e-01 56890 4.172596e+02
4.849982e-01 59233 4.042536e+02
4.949997e-01 62460 3.984970e+02
5.050400e-01 64660 3.876234e+02
5.150365e-01 67105 3.778605e+02
5.250511e-01 70108 3.673407e+02
5.350611e-01 72421 3.615523e+02
5.450809e-01 75628 3.519723e+02
5.550666e-01 77374 3.470580e+02
5.650248e-01 80965 3.391331e+02
5.750209e-01 83536 3.317278e+02
5.849943e-01 86509 3.242833e+02
5.950118e-01 90088 3.195497e+02
6.050243e-01 92524 3.122590e+02
6.150021e-01 95685 3.073868e+02
6.250268e-01 99460 2.985588e+02
6.350319e-01 101791 2.966190e+02
6.450443e-01 105940 2.906088e+02
6.550363e-01 108040 2.852960e+02
6.650248e-01 112417 2.816649e+02
6.749918e-01 114172 2.740730e+02
6.849838e-01 119989 2.711013e+02
6.950359e-01 122428 2.674583e+02
7.050021e-01 125049 2.630146e+02
7.150185e-01 130682 2.601699e+02
7.250500e-01 132820 2.565594e+02
7.350461e-01 137169 2.511696e+02
7.450354e-01 139912 2.484103e+02
7.550326e-01 145021 2.443812e+02
7.650453e-01 148000 2.403594e+02
7.750260e-01 151840 2.380995e+02
7.849916e-01 155365 2.345788e+02
7.950130e-01 161410 2.310219e+02
8.050563e-01 164341 2.282834e+02
8.150452e-01 167704 2.247142e+02
8.250456e-01 172960 2.227776e+02
8.350307e-01 175597 2.189422e+02
8.450225e-01 181552 2.169220e+02
8.550387e-01 185185 2.144646e+02
8.650410e-01 189576 2.115280e+02
8.750145e-01 192850 2.080076e+02
8.849866e-01 198481 2.057172e+02
8.950163e-01 203908 2.029806e+02
9.050183e-01 206677 2.005075e+02
9.150119e-01 212440 1.981561e+02
9.250146e-01 216544 1.964537e+02
9.350152e-01 221725 1.948803e+02
9.450189e-01 226024 1.924012e+02
9.550021e-01 230515 1.897086e+02
9.650081e-01 236548 1.880969e+02
9.750165e-01 240697 1.858956e+02
9.850258e-01 246264 1.841375e+02
9.950310e-01 250480 1.824206e+02
