# text fof file
# logMmin 1.200000e+01 -> nfof_min 133
# boxsize 600.000000
# density total 1.517350e+05 1.517350e+05; rel difference 1.363901e-11
# nbar 7.024768e-04
1.483274e-02 13 3.567375e+04 3.709206e+04 -1.758788e+04 -2.862224e+04
2.513187e-02 33 5.842662e+04 5.982995e+04 -1.121925e+04 6.414629e+04
3.574650e-02 79 3.243646e+04 3.383495e+04 5.899504e+03 -1.602368e+03
4.583347e-02 105 2.410032e+04 2.549321e+04 1.168461e+04 6.962349e+03
5.486964e-02 145 2.451090e+04 2.588997e+04 5.026684e+02 4.567373e+03
6.471857e-02 243 2.249896e+04 2.386598e+04 -3.707465e+03 -2.762280e+03
7.503996e-02 313 2.050876e+04 2.186208e+04 -5.828046e+03 5.654354e+02
8.485495e-02 369 1.542418e+04 1.677854e+04 3.555898e+03 9.456785e+02
9.528688e-02 571 1.262065e+04 1.397158e+04 1.468208e+03 5.367953e+02
1.059290e-01 601 1.147520e+04 1.281645e+04 2.236748e+03 3.227389e+02
1.156806e-01 705 1.087748e+04 1.220744e+04 9.230374e+02 3.592086e+02
1.255756e-01 883 9.780921e+03 1.110390e+04 4.926918e+02 -7.916221e+02
1.352378e-01 909 8.272512e+03 9.595333e+03 9.549579e+01 1.958067e+02
1.449493e-01 1177 7.996260e+03 9.307596e+03 -3.955179e+02 7.921156e+01
1.550659e-01 1323 6.779593e+03 8.091215e+03 2.755005e+02 -2.382385e+03
1.649601e-01 1453 6.194667e+03 7.500744e+03 4.393812e+02 -1.760180e+02
1.749597e-01 1701 5.934243e+03 7.230193e+03 -4.068022e+02 -1.126663e+03
1.852437e-01 1963 5.588993e+03 6.876449e+03 3.995802e+02 -6.214566e+02
1.951071e-01 1933 4.897303e+03 6.184794e+03 -1.070888e+02 -2.577744e+02
2.049888e-01 2397 4.675753e+03 5.954603e+03 3.453589e+02 1.449234e+02
2.151844e-01 2539 4.106598e+03 5.385597e+03 3.346459e+02 -1.103860e+02
2.250745e-01 2694 4.133590e+03 5.398438e+03 2.878837e+02 -1.306450e+02
2.350927e-01 3121 3.824362e+03 5.084595e+03 2.601824e+02 -1.875077e+02
2.451974e-01 3255 3.640960e+03 4.893414e+03 5.174202e+01 -1.338947e+02
2.550872e-01 3517 3.254948e+03 4.507618e+03 3.062505e+02 4.012081e+02
2.649947e-01 3813 3.224752e+03 4.465322e+03 2.957415e+02 -1.098991e+02
2.750606e-01 4231 3.153342e+03 4.382997e+03 3.319315e+02 6.378156e+02
2.851157e-01 4389 2.874983e+03 4.103245e+03 9.105631e+01 -1.990895e+02
2.950080e-01 4717 2.767269e+03 3.987190e+03 5.452155e+01 -4.507473e+01
3.050474e-01 5191 2.670205e+03 3.881465e+03 -6.000176e+01 1.256870e+02
3.151078e-01 5373 2.576133e+03 3.778723e+03 -2.793036e+02 1.712697e+02
3.251295e-01 5893 2.387976e+03 3.587868e+03 -3.055686e+01 1.108445e+02
3.352591e-01 6183 2.342203e+03 3.531219e+03 2.621999e+01 2.438935e+01
3.451640e-01 6349 2.182417e+03 3.368335e+03 -1.934269e+01 2.288776e+02
3.550965e-01 6993 2.203102e+03 3.374166e+03 1.151568e+02 -2.087148e+02
3.649687e-01 7003 2.051144e+03 3.219697e+03 -1.588782e+02 -1.807545e+02
3.749450e-01 7941 2.000619e+03 3.159517e+03 3.725525e+01 4.356160e+01
3.851630e-01 8221 1.885574e+03 3.039708e+03 2.223408e+01 -6.301578e+01
3.951752e-01 8449 1.811626e+03 2.958522e+03 1.106661e+02 -5.271186e+01
4.050872e-01 8931 1.761714e+03 2.899716e+03 -5.117800e+01 -9.078475e+01
4.149904e-01 9289 1.711475e+03 2.840828e+03 9.896781e+00 -1.378873e+02
4.250484e-01 10113 1.612648e+03 2.737926e+03 -2.072229e+01 -1.689952e+02
4.350196e-01 10087 1.545369e+03 2.664115e+03 1.526738e+02 -4.488903e+01
4.449689e-01 10998 1.533979e+03 2.640582e+03 -3.755904e+01 -1.833827e+02
4.550136e-01 11233 1.504568e+03 2.600910e+03 -1.038462e+01 -6.042413e+01
4.650240e-01 11991 1.390037e+03 2.485962e+03 -1.386823e+01 9.974941e+00
4.750600e-01 12241 1.365553e+03 2.451059e+03 -1.084371e+01 -1.558127e+01
4.850824e-01 13033 1.357302e+03 2.430448e+03 -3.181548e+01 5.394282e+01
4.950626e-01 13227 1.337977e+03 2.399979e+03 6.875209e+00 -7.759494e+01
5.050218e-01 13993 1.319554e+03 2.370485e+03 -5.871235e-01 -9.668217e+01
5.149626e-01 14301 1.216093e+03 2.267818e+03 -2.293369e+01 -1.190723e+02
5.249789e-01 15355 1.186281e+03 2.228878e+03 -1.317322e+01 -1.096008e+02
5.350486e-01 15585 1.179089e+03 2.209230e+03 2.717854e+01 -1.035109e+02
5.451135e-01 16549 1.185500e+03 2.200856e+03 -1.109231e+01 -4.890784e+01
5.551181e-01 16587 1.087228e+03 2.104708e+03 -1.790487e+01 1.400697e+00
5.650424e-01 17461 1.102448e+03 2.104001e+03 2.475328e+01 -3.567782e+01
5.750589e-01 18177 1.022481e+03 2.024162e+03 9.175636e+01 7.781120e-01
5.850828e-01 18739 1.032741e+03 2.019168e+03 5.791350e+01 1.628375e+01
5.950416e-01 19165 9.744834e+02 1.958051e+03 -2.941694e+01 -2.351005e+01
6.049746e-01 20013 9.635062e+02 1.935885e+03 6.377316e+00 -3.272882e+01
6.149470e-01 20587 9.356782e+02 1.899982e+03 -3.173176e+01 -7.553349e+01
6.249968e-01 21657 9.076208e+02 1.864058e+03 -7.606418e+00 -2.661289e+01
6.350666e-01 22129 9.013234e+02 1.845620e+03 5.949894e+01 -7.425530e+00
6.450498e-01 22611 8.523684e+02 1.793613e+03 -2.424633e+01 6.834967e+00
6.549912e-01 23317 8.479111e+02 1.776983e+03 -1.885455e+01 -5.967035e+01
6.649535e-01 24222 8.240709e+02 1.745087e+03 -5.074842e+01 -1.258152e+01
6.749660e-01 24943 7.952430e+02 1.709603e+03 -3.572157e+01 3.758217e+01
6.850252e-01 25921 8.205441e+02 1.715613e+03 4.601395e+01 1.565426e+00
6.950284e-01 26253 7.869124e+02 1.676706e+03 -1.090860e+01 -1.201764e+01
7.049900e-01 27139 7.363145e+02 1.625358e+03 -1.826189e+01 1.648902e+01
7.150256e-01 28185 7.373163e+02 1.612902e+03 1.637448e+01 -2.164055e+01
7.250860e-01 28969 7.309940e+02 1.594993e+03 4.238140e+01 -7.848000e+01
7.350183e-01 28887 7.226426e+02 1.575687e+03 -1.234831e+01 5.044290e+00
7.450018e-01 30937 7.174957e+02 1.558702e+03 8.855901e+00 3.407310e+01
7.551045e-01 31341 6.732469e+02 1.513446e+03 -4.845745e+01 6.950379e+01
7.650666e-01 31555 6.580039e+02 1.489550e+03 5.271123e+01 4.956996e+01
7.750154e-01 33025 6.510229e+02 1.471693e+03 8.415749e+00 -5.034162e+00
7.850634e-01 33921 6.317875e+02 1.445115e+03 4.554399e+00 1.484855e+01
7.950596e-01 34285 6.401127e+02 1.437957e+03 2.498112e+01 1.468208e+01
8.050450e-01 35703 5.991873e+02 1.396831e+03 1.253819e+01 -1.458628e+01
8.150563e-01 36205 6.024722e+02 1.386220e+03 7.734930e+00 8.059965e+00
8.250795e-01 37485 5.885781e+02 1.363955e+03 -1.450926e+01 5.368311e+00
8.350885e-01 38047 5.754246e+02 1.342301e+03 -1.827207e+01 3.940755e+01
8.450499e-01 38913 5.579213e+02 1.318064e+03 -1.651375e+01 5.908011e+00
8.550252e-01 39853 5.563201e+02 1.304416e+03 1.956568e+01 -2.212838e+01
8.650455e-01 41367 5.396305e+02 1.280919e+03 -1.599370e+01 3.901047e+01
8.750680e-01 41617 5.213661e+02 1.256601e+03 -1.098779e+01 -8.143016e+00
8.849916e-01 42430 5.352646e+02 1.253100e+03 -1.490935e-01 1.970245e+00
8.949944e-01 44367 5.047346e+02 1.221396e+03 4.846260e+00 1.845167e+01
9.050336e-01 44569 4.966402e+02 1.203928e+03 -2.498912e+01 -9.324800e+00
9.150411e-01 46089 4.959313e+02 1.191173e+03 -2.352206e+00 -1.365518e+01
9.250625e-01 46819 4.800574e+02 1.169221e+03 2.696119e+01 -1.704124e+01
9.350607e-01 47793 4.804942e+02 1.157301e+03 1.920490e-01 -1.992627e+01
9.450463e-01 48697 4.683562e+02 1.137918e+03 -2.264664e+01 3.384637e+01
9.549734e-01 49443 4.574470e+02 1.119493e+03 -1.804411e+01 5.440419e+01
9.649510e-01 51097 4.558477e+02 1.106633e+03 1.215828e+01 -1.228801e+01
9.750082e-01 52453 4.230626e+02 1.075715e+03 -1.779607e+01 9.969306e+00
9.850290e-01 52947 4.456880e+02 1.076872e+03 6.146185e+00 -1.107763e+01
9.950258e-01 54193 4.323417e+02 1.057490e+03 2.616388e+01 7.204179e+01
