# text fof file
# logMmin 1.200000e+01 -> nfof_min 133
# boxsize 600.000000
# density total 1.514730e+05 1.514730e+05; rel difference 8.871449e-11
# nbar 7.012639e-04
1.483274e-02 13 7.592332e+04 7.733974e+04 -1.219320e+04 -1.272358e+03
2.513187e-02 33 5.176584e+04 5.317234e+04 -6.985424e+03 1.148103e+04
3.574650e-02 79 3.426634e+04 3.566725e+04 7.081837e+03 2.243196e+04
4.583347e-02 105 2.514496e+04 2.653909e+04 -6.950441e+03 1.918484e+04
5.486964e-02 145 2.315778e+04 2.454168e+04 1.384335e+04 1.801164e+04
6.471857e-02 243 2.180324e+04 2.317399e+04 -1.571064e+03 -4.986798e+03
7.503996e-02 313 1.736703e+04 1.873263e+04 2.133138e+03 3.085948e+03
8.485495e-02 369 1.680111e+04 1.815190e+04 -3.853671e+03 2.079031e+03
9.528688e-02 571 1.284891e+04 1.420142e+04 8.884146e+02 3.332971e+02
1.059290e-01 601 1.105020e+04 1.239651e+04 1.010130e+03 2.289258e+03
1.156806e-01 705 1.017283e+04 1.151036e+04 -3.282633e+02 1.073225e+03
1.255756e-01 883 1.019344e+04 1.151541e+04 6.169197e+02 -1.885820e+03
1.352378e-01 909 8.558549e+03 9.880643e+03 -6.856227e+02 2.040000e+03
1.449493e-01 1177 7.666965e+03 8.984524e+03 1.054335e+03 7.820076e+01
1.550659e-01 1323 6.632118e+03 7.948058e+03 1.303503e+02 -1.001347e+03
1.649601e-01 1453 6.005571e+03 7.316937e+03 3.479799e+02 -3.175261e+02
1.749597e-01 1701 5.938694e+03 7.236835e+03 5.075534e+01 -2.914755e+02
1.852437e-01 1963 5.368219e+03 6.662192e+03 -3.827423e+02 -6.733405e+02
1.951071e-01 1933 4.991052e+03 6.278942e+03 2.890321e+01 3.887376e+02
2.049888e-01 2397 4.574928e+03 5.858540e+03 4.115650e+02 5.072401e+02
2.151844e-01 2539 4.188024e+03 5.467417e+03 1.416238e+02 -2.432399e+02
2.250745e-01 2694 4.032425e+03 5.302495e+03 2.367419e+02 5.502148e+01
2.350927e-01 3121 3.668919e+03 4.936311e+03 1.048971e+02 -3.361250e+02
2.451974e-01 3255 3.828953e+03 5.077314e+03 -2.537713e+02 3.891434e+01
2.550872e-01 3517 3.539981e+03 4.784605e+03 2.922735e+01 2.850044e+02
2.649947e-01 3813 3.314736e+03 4.554049e+03 1.766767e+02 2.777862e+01
2.750606e-01 4231 3.032146e+03 4.269302e+03 7.478236e+01 -1.076167e+02
2.851157e-01 4389 2.879134e+03 4.109391e+03 -2.241054e+02 2.650575e+01
2.950080e-01 4717 2.778625e+03 4.000466e+03 -8.803448e+01 -2.460076e+02
3.050474e-01 5191 2.632020e+03 3.847674e+03 1.548863e+02 2.166625e+02
3.151078e-01 5373 2.503758e+03 3.712756e+03 7.637621e+01 1.089004e+01
3.251295e-01 5893 2.454205e+03 3.652523e+03 1.968001e+02 -1.430852e+02
3.352591e-01 6183 2.371597e+03 3.561057e+03 -2.965541e+02 -2.058185e+02
3.451640e-01 6349 2.209461e+03 3.395885e+03 8.622459e+01 -3.311023e+01
3.550965e-01 6993 2.159382e+03 3.335823e+03 -2.016094e+01 1.406659e+02
3.649687e-01 7003 2.085405e+03 3.253675e+03 -1.587923e+02 1.141595e+02
3.749450e-01 7941 1.963954e+03 3.127845e+03 1.565654e+02 2.109962e+02
3.851630e-01 8221 1.895696e+03 3.051289e+03 -9.170396e+01 -6.379113e+00
3.951752e-01 8449 1.805160e+03 2.954898e+03 5.356314e+01 -4.568138e+01
4.050872e-01 8931 1.720635e+03 2.864557e+03 -5.822926e+01 -7.374025e+01
4.149904e-01 9289 1.659565e+03 2.795940e+03 -6.115408e+01 -3.490067e+01
4.250484e-01 10113 1.649572e+03 2.773402e+03 -5.396333e+01 4.948824e-01
4.350196e-01 10087 1.588380e+03 2.704911e+03 2.641945e+01 1.476428e+02
4.449689e-01 10998 1.532006e+03 2.641041e+03 -1.030493e+02 -2.425160e+01
4.550136e-01 11233 1.498894e+03 2.597962e+03 6.352026e+00 1.687649e+02
4.650240e-01 11991 1.433427e+03 2.526486e+03 -3.262771e+01 1.137234e+02
4.750600e-01 12241 1.429720e+03 2.509698e+03 -6.977420e+01 1.222678e+02
4.850824e-01 13033 1.318844e+03 2.398878e+03 2.036387e+01 3.737347e+01
4.950626e-01 13227 1.344471e+03 2.407791e+03 -5.128419e+01 -2.320212e+01
5.050218e-01 13993 1.301809e+03 2.357232e+03 3.332284e+01 5.707640e+01
5.149626e-01 14301 1.261650e+03 2.309051e+03 3.630213e+01 -5.100459e+01
5.249789e-01 15355 1.195813e+03 2.239122e+03 -1.470904e+01 1.013664e+02
5.350486e-01 15585 1.212439e+03 2.239564e+03 -3.593971e+01 2.129448e+01
5.451135e-01 16549 1.128674e+03 2.155043e+03 2.621807e+01 -6.626357e+00
5.551181e-01 16587 1.150192e+03 2.159498e+03 -9.732361e+00 -1.630771e+01
5.650424e-01 17461 1.117056e+03 2.118219e+03 -4.580397e+01 -2.509988e+01
5.750589e-01 18177 1.067915e+03 2.063719e+03 1.778239e+01 -5.475398e+01
5.850828e-01 18739 1.029890e+03 2.018821e+03 -1.785071e+01 -1.213889e+01
5.950416e-01 19165 9.974832e+02 1.978829e+03 -1.691440e+01 -1.565858e+01
6.049746e-01 20013 9.306399e+02 1.911210e+03 -2.289450e+01 5.301657e+01
6.149470e-01 20587 9.163090e+02 1.886405e+03 2.243635e+01 -9.237652e+00
6.249968e-01 21657 9.228226e+02 1.878207e+03 1.395796e+01 1.058331e+01
6.350666e-01 22129 9.017037e+02 1.847862e+03 2.093543e+01 2.994104e+01
6.450498e-01 22611 8.970652e+02 1.830759e+03 -5.008165e+00 4.844156e+01
6.549912e-01 23317 8.532265e+02 1.783004e+03 -2.023466e+01 2.208585e+00
6.649535e-01 24222 8.285522e+02 1.750554e+03 -2.808327e+01 1.414378e+01
6.749660e-01 24943 8.283375e+02 1.736987e+03 1.389237e+01 1.477699e+01
6.850252e-01 25921 7.929293e+02 1.696432e+03 -2.361771e+01 -7.842525e+01
6.950284e-01 26253 7.922868e+02 1.682612e+03 8.706278e+01 2.734427e+00
7.049900e-01 27139 7.791104e+02 1.659325e+03 2.768898e+01 6.318342e+01
7.150256e-01 28185 7.479428e+02 1.622663e+03 1.968221e+01 -3.861085e+01
7.250860e-01 28969 7.646865e+02 1.621690e+03 -3.870913e+01 -7.014169e+01
7.350183e-01 28887 7.232295e+02 1.577930e+03 -3.239880e+01 -7.388399e+00
7.450018e-01 30937 6.933276e+02 1.542959e+03 -1.325829e+00 -5.005489e+01
7.551045e-01 31341 6.646252e+02 1.509010e+03 9.580544e+00 -6.158951e+00
7.650666e-01 31555 6.930915e+02 1.516379e+03 2.545514e+01 2.117255e+01
7.750154e-01 33025 6.536751e+02 1.475338e+03 3.337002e+01 -2.980565e+01
7.850634e-01 33921 6.572495e+02 1.464718e+03 3.740034e+00 4.087814e+01
7.950596e-01 34285 6.212832e+02 1.426604e+03 -1.038214e+01 -1.053448e+01
8.050450e-01 35703 6.102664e+02 1.406122e+03 5.031891e+00 2.436980e+01
8.150563e-01 36205 5.879487e+02 1.377973e+03 2.319405e+01 3.356269e+01
8.250795e-01 37485 6.228541e+02 1.388757e+03 5.163316e+00 2.307214e+01
8.350885e-01 38047 5.946280e+02 1.356849e+03 5.085529e+01 1.622078e+01
8.450499e-01 38913 5.561786e+02 1.318574e+03 4.521667e+01 3.170649e+00
8.550252e-01 39853 5.677308e+02 1.313527e+03 8.620341e+00 -3.071065e+01
8.650455e-01 41367 5.431285e+02 1.284812e+03 -4.070689e+01 -1.808428e+01
8.750680e-01 41617 5.513639e+02 1.277454e+03 -2.877028e+01 -6.288681e+01
8.849916e-01 42430 5.324699e+02 1.252892e+03 -1.797473e+01 1.964552e+01
8.949944e-01 44367 5.395575e+02 1.244839e+03 -7.554718e+00 2.230048e+01
9.050336e-01 44569 4.984957e+02 1.206596e+03 9.644315e+00 3.011639e+01
9.150411e-01 46089 5.217377e+02 1.208617e+03 1.199570e+01 1.620014e+01
9.250625e-01 46819 4.725059e+02 1.166128e+03 1.336782e+01 1.482539e+01
9.350607e-01 47793 4.860630e+02 1.162179e+03 -2.348017e+00 -5.670432e+00
9.450463e-01 48697 4.633651e+02 1.136436e+03 2.864026e+01 1.993139e+01
9.549734e-01 49443 4.496980e+02 1.116387e+03 -4.249296e+00 -2.474306e+01
9.649510e-01 51097 4.551147e+02 1.107698e+03 -2.053026e+01 2.408550e+00
9.750082e-01 52453 4.422276e+02 1.088188e+03 -1.188359e+01 -6.822924e+00
9.850290e-01 52947 4.397293e+02 1.074906e+03 6.882008e+00 8.081216e-02
9.950258e-01 54193 4.232156e+02 1.053813e+03 2.173234e+01 -2.357081e+01
