# text fof file
# logMmin 1.200000e+01 -> nfof_min 133
# boxsize 600.000000
# density total 1.525240e+05 1.525240e+05; rel difference 6.143377e-11
# nbar 7.061296e-04
1.483274e-02 13 5.508288e+04 5.649094e+04 2.285556e+03 -1.140482e+05
2.513187e-02 33 4.839800e+04 4.979610e+04 -6.340495e+03 1.967625e+04
3.574650e-02 79 4.946789e+04 5.084684e+04 -1.899988e+04 1.404964e+04
4.583347e-02 105 3.143593e+04 3.281268e+04 -4.223122e+03 -8.680631e+03
5.486964e-02 145 2.748426e+04 2.885105e+04 1.488811e+03 2.170795e+04
6.471857e-02 243 2.427137e+04 2.562582e+04 -7.274812e+02 5.663859e+03
7.503996e-02 313 1.807035e+04 1.942442e+04 -1.990934e+03 -3.091344e+03
8.485495e-02 369 1.670930e+04 1.805124e+04 -3.883383e+03 2.982675e+03
9.528688e-02 571 1.302273e+04 1.436424e+04 9.837621e+02 -1.928422e+03
1.059290e-01 601 1.170395e+04 1.303640e+04 1.270947e+03 1.248617e+03
1.156806e-01 705 1.109015e+04 1.241129e+04 8.098558e+02 3.788611e+03
1.255756e-01 883 1.059262e+04 1.190104e+04 9.949926e+01 -5.135063e+02
1.352378e-01 909 8.396514e+03 9.710479e+03 -3.405404e+02 9.659381e+02
1.449493e-01 1177 8.047143e+03 9.350632e+03 2.422630e+02 -1.511269e+03
1.550659e-01 1323 6.825678e+03 8.129569e+03 2.173122e+02 1.129600e+02
1.649601e-01 1453 6.370735e+03 7.666792e+03 1.174778e+02 -7.535145e+02
1.749597e-01 1701 5.773670e+03 7.065167e+03 -2.759303e+02 -7.954732e+02
1.852437e-01 1963 5.504508e+03 6.786122e+03 -3.375068e+02 3.812021e+02
1.951071e-01 1933 5.177168e+03 6.451362e+03 -1.457383e+02 2.245200e+01
2.049888e-01 2397 4.528473e+03 5.803569e+03 -1.478828e+02 -6.284479e+02
2.151844e-01 2539 4.256152e+03 5.524142e+03 5.657088e+02 -4.457215e+02
2.250745e-01 2694 4.090951e+03 5.349931e+03 -3.830298e+02 9.745523e+01
2.350927e-01 3121 3.896766e+03 5.147623e+03 -1.950030e+02 -1.290700e+01
2.451974e-01 3255 3.545012e+03 4.793454e+03 2.065773e+02 -1.246495e+02
2.550872e-01 3517 3.561329e+03 4.795645e+03 6.977322e+01 4.064298e+02
2.649947e-01 3813 3.334265e+03 4.563432e+03 7.814706e+01 -5.233204e+01
2.750606e-01 4231 3.116414e+03 4.340580e+03 -1.146441e+02 -1.454747e+02
2.851157e-01 4389 2.928198e+03 4.147009e+03 -3.815586e+01 2.275949e+02
2.950080e-01 4717 2.800104e+03 4.011524e+03 -4.409176e+01 -3.899954e+01
3.050474e-01 5191 2.682877e+03 3.886503e+03 -3.195401e+02 -2.723868e+02
3.151078e-01 5373 2.558227e+03 3.754851e+03 -1.171832e+02 -1.860373e+01
3.251295e-01 5893 2.430819e+03 3.621251e+03 -1.987440e+01 -1.514195e+02
3.352591e-01 6183 2.373791e+03 3.553838e+03 -2.085961e+02 -6.525137e+01
3.451640e-01 6349 2.134149e+03 3.316352e+03 -2.572160e+02 1.791769e+02
3.550965e-01 6993 2.114099e+03 3.284528e+03 1.707243e+02 -2.411904e+02
3.649687e-01 7003 2.031849e+03 3.194913e+03 -2.082038e+01 -4.286381e-02
3.749450e-01 7941 1.974549e+03 3.128606e+03 1.526812e+02 -3.315560e+01
3.851630e-01 8221 1.924540e+03 3.068812e+03 -3.943492e+01 -8.961465e+01
3.951752e-01 8449 1.782943e+03 2.925614e+03 -9.163655e+01 6.525242e+01
4.050872e-01 8931 1.814113e+03 2.940745e+03 -6.979875e+01 -4.011593e+01
4.149904e-01 9289 1.726099e+03 2.847274e+03 6.884872e+01 7.191268e+01
4.250484e-01 10113 1.591977e+03 2.712681e+03 1.383998e+02 -1.432021e+02
4.350196e-01 10087 1.577930e+03 2.686777e+03 7.247099e+01 1.501226e+02
4.449689e-01 10998 1.523811e+03 2.625018e+03 -5.740366e+01 4.778264e+01
4.550136e-01 11233 1.483993e+03 2.576070e+03 4.396932e+01 -8.173905e+01
4.650240e-01 11991 1.448856e+03 2.531370e+03 -5.953910e+01 8.517886e+01
4.750600e-01 12241 1.379065e+03 2.456520e+03 -3.745096e+01 3.679366e+00
4.850824e-01 13033 1.320842e+03 2.392030e+03 6.246994e+00 8.011182e+01
4.950626e-01 13227 1.328386e+03 2.385293e+03 6.056336e+01 2.854468e+01
5.050218e-01 13993 1.289061e+03 2.337690e+03 3.290260e+01 1.753110e+01
5.149626e-01 14301 1.238655e+03 2.280900e+03 -8.621776e+01 8.332558e+01
5.249789e-01 15355 1.194593e+03 2.229701e+03 -4.881588e+01 1.083410e+02
5.350486e-01 15585 1.154850e+03 2.182356e+03 -1.409323e+01 6.894337e+01
5.451135e-01 16549 1.108373e+03 2.129730e+03 -1.772579e+00 -3.240188e+01
5.551181e-01 16587 1.108064e+03 2.115982e+03 -6.455799e+01 -1.970877e+01
5.650424e-01 17461 1.082175e+03 2.081065e+03 5.991621e+01 5.745881e+01
5.750589e-01 18177 1.024117e+03 2.019413e+03 -6.595184e+01 3.683660e+01
5.850828e-01 18739 1.031586e+03 2.012136e+03 8.160279e+00 -4.010019e+01
5.950416e-01 19165 9.836263e+02 1.959541e+03 -1.650615e+01 7.230620e+01
6.049746e-01 20013 9.433364e+02 1.913513e+03 7.362692e+01 4.790724e+01
6.149470e-01 20587 9.476965e+02 1.903794e+03 5.077787e+01 -1.245181e+02
6.249968e-01 21657 9.352621e+02 1.880263e+03 -7.781333e+01 8.535508e+01
6.350666e-01 22129 8.942830e+02 1.834147e+03 -1.766461e+01 -4.853017e+00
6.450498e-01 22611 8.720516e+02 1.803296e+03 -1.856958e+01 4.308470e+00
6.549912e-01 23317 8.578698e+02 1.778967e+03 2.392121e+01 2.497975e+01
6.649535e-01 24222 8.126876e+02 1.730565e+03 -2.491082e+01 1.180724e+01
6.749660e-01 24943 7.851319e+02 1.696172e+03 -2.031092e+01 -8.779939e+01
6.850252e-01 25921 7.866099e+02 1.684069e+03 -1.645369e+01 7.158522e+01
6.950284e-01 26253 7.746342e+02 1.661800e+03 2.111631e+01 1.868347e+01
7.049900e-01 27139 7.452466e+02 1.626509e+03 5.227155e+01 1.732444e+01
7.150256e-01 28185 7.703187e+02 1.632022e+03 6.039318e+01 -1.682866e+01
7.250860e-01 28969 7.151382e+02 1.577792e+03 9.877044e+00 5.604517e+01
7.350183e-01 28887 7.139010e+02 1.563851e+03 1.414344e+01 -6.939389e+01
7.450018e-01 30937 6.829658e+02 1.528277e+03 -3.029125e+01 3.719131e+01
7.551045e-01 31341 6.592711e+02 1.498042e+03 2.905711e+00 1.161931e+01
7.650666e-01 31555 6.646454e+02 1.489008e+03 2.936492e+01 -1.987461e+01
7.750154e-01 33025 6.591754e+02 1.472194e+03 -4.036163e+01 2.968132e+01
7.850634e-01 33921 6.183531e+02 1.430519e+03 -1.745618e+01 4.042747e+01
7.950596e-01 34285 6.242469e+02 1.421814e+03 -1.203462e+01 6.175645e+01
8.050450e-01 35703 6.094125e+02 1.398750e+03 6.476684e+00 3.112415e+01
8.150563e-01 36205 5.986314e+02 1.378551e+03 3.370930e+01 2.665145e+00
8.250795e-01 37485 5.891957e+02 1.359354e+03 4.777332e+01 3.428521e+01
8.350885e-01 38047 6.033700e+02 1.356076e+03 3.513220e+01 -3.918895e-01
8.450499e-01 38913 5.778218e+02 1.326337e+03 -1.880590e+01 9.841144e+00
8.550252e-01 39853 5.498224e+02 1.295334e+03 1.417151e+01 1.067692e+01
8.650455e-01 41367 5.528979e+02 1.284707e+03 1.960787e+01 4.708783e+01
8.750680e-01 41617 5.420057e+02 1.265114e+03 1.103105e+01 -1.979953e+01
8.849916e-01 42430 5.071356e+02 1.230465e+03 3.826517e+01 -4.163936e-01
8.949944e-01 44367 5.153466e+02 1.223332e+03 1.735652e+01 -9.979127e+00
9.050336e-01 44569 4.877562e+02 1.193788e+03 -1.217616e+01 1.192725e+01
9.150411e-01 46089 4.775841e+02 1.175321e+03 2.611314e+01 2.105897e+00
9.250625e-01 46819 4.941800e+02 1.173284e+03 -1.158147e+01 2.262619e+01
9.350607e-01 47793 4.874622e+02 1.157047e+03 -3.114572e+01 -1.175467e+01
9.450463e-01 48697 4.727055e+02 1.136062e+03 -3.300858e+01 2.509827e+00
9.549734e-01 49443 4.677853e+02 1.121213e+03 -5.589308e+01 4.888005e+01
9.649510e-01 51097 4.412347e+02 1.093758e+03 -2.345835e+00 -1.109960e+01
9.750082e-01 52453 4.365884e+02 1.079194e+03 -2.056025e+00 -8.831005e+00
9.850290e-01 52947 4.195323e+02 1.057656e+03 -2.293118e+01 7.243188e+01
9.950258e-01 54193 4.225227e+02 1.047791e+03 -1.026510e+01 6.462410e+01
