# text fof file
# logMmin 1.200000e+01 -> nfof_min 133
# boxsize 600.000000
# density total 8.264210e+05 8.264210e+05; rel difference 3.982193e-11
# nbar 3.826023e-03
1.483274e-02 13 3.422757e+04 3.448490e+04 4.440492e+03 5.438925e+04
2.513187e-02 33 2.607539e+04 2.632703e+04 1.748695e+04 -6.652846e+03
3.574650e-02 79 1.575110e+04 1.600078e+04 -2.229926e+03 -1.029731e+04
4.583347e-02 105 1.227197e+04 1.251869e+04 3.556579e+03 7.753453e+02
5.486964e-02 145 1.219720e+04 1.243699e+04 -4.472766e+03 4.092328e+03
6.471857e-02 243 9.737435e+03 9.974969e+03 -3.932407e+02 7.870436e+02
7.503996e-02 313 8.276632e+03 8.510651e+03 1.526698e+03 -1.625695e+01
8.485495e-02 369 7.133305e+03 7.364387e+03 -1.530402e+03 1.289099e+03
9.528688e-02 571 5.468501e+03 5.700294e+03 2.690771e+02 2.295743e+02
1.059290e-01 601 4.850656e+03 5.079479e+03 1.304641e+02 -2.598329e+02
1.156806e-01 705 3.859052e+03 4.089001e+03 -3.059838e+02 7.157006e+01
1.255756e-01 883 3.504985e+03 3.732659e+03 1.128789e+02 -1.778128e+02
1.352378e-01 909 3.341582e+03 3.565424e+03 1.956756e+02 2.240900e+02
1.449493e-01 1177 2.988978e+03 3.211520e+03 2.978156e+01 2.630515e+02
1.550659e-01 1323 2.550519e+03 2.773561e+03 -1.140035e+02 2.249548e+01
1.649601e-01 1453 2.396605e+03 2.616957e+03 4.095435e+01 -2.879078e+02
1.749597e-01 1701 2.042281e+03 2.263658e+03 -8.631315e+01 -7.582631e+01
1.852437e-01 1963 1.982491e+03 2.200266e+03 -2.002377e+01 2.105075e+02
1.951071e-01 1933 1.829756e+03 2.046136e+03 7.992030e+01 2.677433e+02
2.049888e-01 2397 1.664779e+03 1.880466e+03 -5.469732e+01 -2.169242e+02
2.151844e-01 2539 1.502005e+03 1.717288e+03 -1.043160e+02 -8.763326e+01
2.250745e-01 2694 1.394339e+03 1.608413e+03 3.754815e+01 2.003506e+02
2.350927e-01 3121 1.324645e+03 1.536650e+03 4.144224e+01 -5.077706e+01
2.451974e-01 3255 1.218602e+03 1.429976e+03 7.249448e+01 -4.038209e+01
2.550872e-01 3517 1.150825e+03 1.360573e+03 -2.633941e+00 9.125587e+01
2.649947e-01 3813 1.051636e+03 1.261347e+03 -3.096234e+01 -7.057957e+01
2.750606e-01 4231 1.004608e+03 1.212358e+03 -1.561807e+01 -3.144613e-01
2.851157e-01 4389 9.462176e+02 1.152719e+03 -4.192678e+01 4.509726e+01
2.950080e-01 4717 8.906557e+02 1.096060e+03 1.980884e+00 9.945983e+00
3.050474e-01 5191 8.479069e+02 1.051760e+03 -1.094889e+01 -4.831525e+01
3.151078e-01 5373 8.006816e+02 1.003392e+03 -5.488704e+01 1.156273e+02
3.251295e-01 5893 7.778907e+02 9.782513e+02 9.283040e+00 6.383908e+01
3.352591e-01 6183 7.453283e+02 9.439682e+02 2.485950e+01 3.448567e+00
3.451640e-01 6349 7.287001e+02 9.248242e+02 -1.832569e+01 -3.224986e+01
3.550965e-01 6993 6.482147e+02 8.462526e+02 -2.198179e+01 -9.809400e+00
3.649687e-01 7003 6.146701e+02 8.117133e+02 4.203785e+01 1.807523e+01
3.749450e-01 7941 6.220954e+02 8.151490e+02 -3.630814e+01 -1.722839e+01
3.851630e-01 8221 5.778712e+02 7.708953e+02 -8.682043e+00 -1.352909e+01
3.951752e-01 8449 5.690091e+02 7.593643e+02 -2.865145e+01 -1.056925e+01
4.050872e-01 8931 5.223341e+02 7.134584e+02 -2.080590e+01 3.125155e+01
4.149904e-01 9289 5.006653e+02 6.904821e+02 -1.770053e+01 2.281306e+01
4.250484e-01 10113 4.915659e+02 6.789574e+02 -3.555264e+01 -2.219554e+01
4.350196e-01 10087 4.725678e+02 6.585771e+02 -1.084115e+01 1.115324e+01
4.449689e-01 10998 4.561051e+02 6.405823e+02 -2.676928e+01 -1.542133e+01
4.550136e-01 11233 4.379307e+02 6.211174e+02 -4.080002e+00 1.226678e+01
4.650240e-01 11991 4.290829e+02 6.100313e+02 -7.139963e+00 -3.233549e+00
4.750600e-01 12241 4.041611e+02 5.848437e+02 1.420054e-01 1.136556e+01
4.850824e-01 13033 3.883961e+02 5.678387e+02 -3.095045e+01 6.602408e+00
4.950626e-01 13227 3.653554e+02 5.446322e+02 -7.247393e+00 5.832065e-01
5.050218e-01 13993 3.604579e+02 5.373109e+02 -1.423455e+01 2.461743e+00
5.149626e-01 14301 3.482650e+02 5.237114e+02 -2.899489e+01 5.084364e+01
5.249789e-01 15355 3.299127e+02 5.049340e+02 -1.197311e+00 -1.098580e+00
5.350486e-01 15585 3.266257e+02 4.990718e+02 -1.449637e+00 -1.045697e+01
5.451135e-01 16549 3.101951e+02 4.821149e+02 -3.385294e+00 -1.928300e+01
5.551181e-01 16587 3.042130e+02 4.740579e+02 -1.528009e+00 -9.108421e+00
5.650424e-01 17461 2.945097e+02 4.629599e+02 2.783841e+00 -1.947474e+00
5.750589e-01 18177 2.860357e+02 4.529393e+02 -3.592087e+00 2.781032e+00
5.850828e-01 18739 2.684923e+02 4.355271e+02 7.223911e+00 -2.087160e+01
5.950416e-01 19165 2.717871e+02 4.352910e+02 -1.307448e+01 -1.197256e+01
6.049746e-01 20013 2.530186e+02 4.171073e+02 8.475631e-02 1.343833e+01
6.149470e-01 20587 2.533975e+02 4.145060e+02 3.325876e+00 -1.501673e+00
6.249968e-01 21657 2.426351e+02 4.029626e+02 -1.316070e+01 7.250513e+00
6.350666e-01 22129 2.334258e+02 3.927362e+02 5.924561e+00 8.973004e+00
6.450498e-01 22611 2.256486e+02 3.837519e+02 -9.640429e+00 2.781370e+01
6.549912e-01 23317 2.178463e+02 3.748285e+02 -5.058816e+00 4.741414e+00
6.649535e-01 24222 2.130016e+02 3.682520e+02 -5.047931e-01 1.161658e+01
6.749660e-01 24943 2.096459e+02 3.628553e+02 -8.641111e-01 -2.679522e-01
6.850252e-01 25921 2.025714e+02 3.546281e+02 4.621299e+00 7.465694e-01
6.950284e-01 26253 2.106758e+02 3.579540e+02 -4.847196e+00 2.113892e+01
7.049900e-01 27139 1.935268e+02 3.422336e+02 -1.863762e+00 -3.453603e+00
7.150256e-01 28185 1.880314e+02 3.353596e+02 -3.751398e+00 1.144847e+01
7.250860e-01 28969 1.771302e+02 3.245446e+02 -7.046693e-01 -2.652724e+00
7.350183e-01 28887 1.752803e+02 3.205113e+02 -5.410296e+00 1.992837e+01
7.450018e-01 30937 1.739512e+02 3.168513e+02 -3.359915e+00 -6.574490e+00
7.551045e-01 31341 1.676416e+02 3.095712e+02 -1.392783e+00 5.924881e+00
7.650666e-01 31555 1.614782e+02 3.025102e+02 -1.408521e+00 3.413323e+00
7.750154e-01 33025 1.601929e+02 2.989686e+02 -7.828116e+00 -6.915396e+00
7.850634e-01 33921 1.511583e+02 2.899702e+02 -5.514322e-01 1.650514e+00
7.950596e-01 34285 1.533215e+02 2.888734e+02 -5.702190e+00 7.173084e+00
8.050450e-01 35703 1.519666e+02 2.853217e+02 2.934458e+00 7.285140e-01
8.150563e-01 36205 1.449880e+02 2.779456e+02 -5.980427e+00 3.247603e+00
8.250795e-01 37485 1.435167e+02 2.743643e+02 6.828879e+00 1.560770e+01
8.350885e-01 38047 1.361854e+02 2.668828e+02 -8.520116e+00 -2.804470e+00
8.450499e-01 38913 1.313012e+02 2.611183e+02 -6.367128e+00 -8.471855e-01
8.550252e-01 39853 1.333050e+02 2.599243e+02 -5.136035e+00 -7.161484e+00
8.650455e-01 41367 1.259080e+02 2.526002e+02 4.538777e+00 6.465278e-02
8.750680e-01 41617 1.288437e+02 2.520006e+02 -6.793340e+00 5.247501e+00
8.849916e-01 42430 1.214604e+02 2.448263e+02 2.108563e+00 -3.451364e+00
8.949944e-01 44367 1.151990e+02 2.384233e+02 -5.765296e+00 2.178459e+00
9.050336e-01 44569 1.169971e+02 2.371265e+02 5.592286e+00 2.803969e+00
9.150411e-01 46089 1.146373e+02 2.332380e+02 2.612533e+00 5.909254e+00
9.250625e-01 46819 1.101099e+02 2.280778e+02 -2.345246e+00 -5.208617e+00
9.350607e-01 47793 1.087766e+02 2.248883e+02 -2.333280e+00 -3.190199e+00
9.450463e-01 48697 1.043164e+02 2.198692e+02 4.006353e+00 -2.275538e+00
9.549734e-01 49443 1.014997e+02 2.158846e+02 -1.012975e+00 2.715172e+00
9.649510e-01 51097 1.025476e+02 2.141882e+02 -2.965703e+00 -1.264874e+00
9.750082e-01 52453 9.791023e+01 2.091751e+02 6.353787e+00 -3.930979e-01
9.850290e-01 52947 9.565021e+01 2.056035e+02 -7.744186e-01 -6.732662e+00
9.950258e-01 54193 9.105354e+01 2.007506e+02 -1.180505e+00 6.707162e+00
