# text fof file
# logMmin 1.200000e+01 -> nfof_min 133
# boxsize 600.000000
# density total 8.266380e+05 8.266380e+05; rel difference 9.333077e-12
# nbar 3.827028e-03
1.483274e-02 13 3.409516e+04 3.435288e+04 -1.419754e+04 4.637764e+04
2.513187e-02 33 2.132788e+04 2.158194e+04 -2.249877e+03 2.519520e+04
3.574650e-02 79 1.685371e+04 1.710246e+04 2.207523e+03 -5.645408e+03
4.583347e-02 105 1.294140e+04 1.318701e+04 7.468187e+02 1.088256e+04
5.486964e-02 145 1.037015e+04 1.061336e+04 -2.366938e+03 -2.239944e+03
6.471857e-02 243 9.210235e+03 9.449016e+03 -1.466194e+03 1.962556e+03
7.503996e-02 313 8.267588e+03 8.501526e+03 -8.968509e+02 -7.459737e+02
8.485495e-02 369 6.374733e+03 6.608815e+03 -2.153876e+02 2.180407e+03
9.528688e-02 571 5.359140e+03 5.591324e+03 5.309950e+02 7.473370e+02
1.059290e-01 601 4.653641e+03 4.883491e+03 -3.683521e+02 2.572360e+02
1.156806e-01 705 4.407185e+03 4.632968e+03 -1.049835e+02 -1.153182e+02
1.255756e-01 883 3.740915e+03 3.966371e+03 1.551211e+02 2.425650e+01
1.352378e-01 909 3.444698e+03 3.667525e+03 -2.537075e+02 1.589445e+02
1.449493e-01 1177 2.728581e+03 2.954180e+03 -1.985101e+02 2.755000e+01
1.550659e-01 1323 2.533730e+03 2.756929e+03 -1.030803e+01 -3.248293e+02
1.649601e-01 1453 2.461229e+03 2.680516e+03 1.086280e+02 -7.655698e+01
1.749597e-01 1701 2.096198e+03 2.316615e+03 -2.296654e+02 7.182121e+01
1.852437e-01 1963 1.888935e+03 2.108432e+03 -4.853619e+01 -5.367508e+01
1.951071e-01 1933 1.874625e+03 2.090004e+03 -1.105135e+02 1.206515e+02
2.049888e-01 2397 1.654800e+03 1.870615e+03 1.352872e+00 -1.377607e+02
2.151844e-01 2539 1.545916e+03 1.760021e+03 3.153983e+01 -2.100627e+02
2.250745e-01 2694 1.406544e+03 1.620232e+03 -1.750365e+01 1.462646e+02
2.350927e-01 3121 1.337093e+03 1.548646e+03 9.623197e+01 -7.109883e+01
2.451974e-01 3255 1.216804e+03 1.428157e+03 -4.363662e+01 -5.604904e+01
2.550872e-01 3517 1.122573e+03 1.333291e+03 -3.602778e+01 1.043748e+02
2.649947e-01 3813 1.095670e+03 1.303536e+03 -6.102828e+01 -1.361335e+02
2.750606e-01 4231 1.017296e+03 1.224489e+03 -2.350010e+01 2.159656e+01
2.851157e-01 4389 9.581470e+02 1.164021e+03 3.077291e+01 4.177256e+01
2.950080e-01 4717 8.985788e+02 1.103533e+03 -5.437419e+01 -1.945855e+01
3.050474e-01 5191 8.614644e+02 1.064532e+03 -8.796223e+01 -3.437931e+01
3.151078e-01 5373 8.117162e+02 1.013741e+03 -4.595917e+01 4.732887e+01
3.251295e-01 5893 7.692767e+02 9.700934e+02 1.729171e+01 -8.986153e+01
3.352591e-01 6183 7.117000e+02 9.124028e+02 -3.747947e+01 1.376263e+01
3.451640e-01 6349 6.812444e+02 8.804035e+02 -2.871588e+01 3.028671e+01
3.550965e-01 6993 6.710215e+02 8.673959e+02 1.480953e+01 -5.369851e+01
3.649687e-01 7003 6.425663e+02 8.375321e+02 -1.610002e+01 5.517242e-02
3.749450e-01 7941 6.078167e+02 8.019113e+02 1.842376e+01 -3.076893e+01
3.851630e-01 8221 5.695900e+02 7.632366e+02 7.545581e+00 -9.300042e+00
3.951752e-01 8449 5.566531e+02 7.479918e+02 2.332770e+01 6.933126e+00
4.050872e-01 8931 5.338500e+02 7.238368e+02 -8.419130e+00 -4.331276e+01
4.149904e-01 9289 5.057864e+02 6.950591e+02 -2.761736e+01 1.969061e+01
4.250484e-01 10113 4.854238e+02 6.733421e+02 -1.154384e+01 -1.342926e+01
4.350196e-01 10087 4.608638e+02 6.479956e+02 -8.871602e+00 -4.174965e+01
4.449689e-01 10998 4.580642e+02 6.422491e+02 4.229520e+00 -3.898644e+01
4.550136e-01 11233 4.277204e+02 6.119841e+02 -1.235799e+01 2.818164e+01
4.650240e-01 11991 4.160606e+02 5.984556e+02 -1.091406e+01 1.570783e+01
4.750600e-01 12241 3.977455e+02 5.791351e+02 1.100217e+01 1.466231e+01
4.850824e-01 13033 3.890123e+02 5.683190e+02 -7.412414e+00 2.659084e+01
4.950626e-01 13227 3.701471e+02 5.487502e+02 -1.883132e+01 -1.620119e+01
5.050218e-01 13993 3.484358e+02 5.268555e+02 6.068558e+00 1.535717e+01
5.149626e-01 14301 3.422262e+02 5.184803e+02 6.330766e+00 2.605042e+01
5.249789e-01 15355 3.357132e+02 5.098300e+02 1.667627e+00 -4.289269e-01
5.350486e-01 15585 3.140815e+02 4.883717e+02 7.784698e+00 -4.435727e+00
5.451135e-01 16549 3.039124e+02 4.767523e+02 -1.976430e+01 1.669827e-01
5.551181e-01 16587 3.001264e+02 4.705730e+02 -1.048176e+01 -2.099771e+01
5.650424e-01 17461 2.920822e+02 4.608887e+02 -4.660769e+00 -1.744746e+01
5.750589e-01 18177 2.781015e+02 4.463182e+02 -2.057255e+01 -2.259761e+00
5.850828e-01 18739 2.756393e+02 4.413309e+02 1.248325e+00 -1.440342e+00
5.950416e-01 19165 2.673492e+02 4.316000e+02 -1.978182e+01 -1.234720e+00
6.049746e-01 20013 2.608670e+02 4.234048e+02 -6.402589e+00 6.494275e-01
6.149470e-01 20587 2.492291e+02 4.110983e+02 -3.394136e+00 -7.755211e+00
6.249968e-01 21657 2.440444e+02 4.040255e+02 -3.615224e+00 -2.464914e-01
6.350666e-01 22129 2.330692e+02 3.924012e+02 -5.744299e-01 -7.399365e+00
6.450498e-01 22611 2.294069e+02 3.866493e+02 -8.397205e+00 3.998889e+00
6.549912e-01 23317 2.230930e+02 3.788569e+02 -6.246589e+00 4.405322e+00
6.649535e-01 24222 2.194670e+02 3.732119e+02 2.590606e+00 1.474261e+01
6.749660e-01 24943 2.039781e+02 3.584445e+02 -6.248039e+00 -2.907162e+00
6.850252e-01 25921 2.070243e+02 3.579690e+02 -8.408691e+00 6.109927e-01
6.950284e-01 26253 2.006991e+02 3.503558e+02 -5.833009e+00 1.267029e+01
7.049900e-01 27139 1.945063e+02 3.429165e+02 -4.956332e+00 9.604640e+00
7.150256e-01 28185 1.858697e+02 3.337079e+02 -6.027382e+00 1.531869e+00
7.250860e-01 28969 1.849055e+02 3.302375e+02 -5.278875e+00 8.678912e-01
7.350183e-01 28887 1.798071e+02 3.237771e+02 -2.117140e+00 1.195457e+01
7.450018e-01 30937 1.708526e+02 3.145464e+02 -5.705500e-01 1.559448e+01
7.551045e-01 31341 1.686220e+02 3.102307e+02 -1.157272e+01 3.370123e+00
7.650666e-01 31555 1.653339e+02 3.052174e+02 -4.592603e+00 -3.617977e-02
7.750154e-01 33025 1.582729e+02 2.975612e+02 -3.599359e+00 -7.063635e+00
7.850634e-01 33921 1.542774e+02 2.921042e+02 2.003639e+00 7.138316e+00
7.950596e-01 34285 1.501866e+02 2.866448e+02 -8.710760e+00 3.641059e+00
8.050450e-01 35703 1.531221e+02 2.860702e+02 1.355836e-01 2.358063e+01
8.150563e-01 36205 1.442358e+02 2.773810e+02 -4.306194e+00 2.499005e-01
8.250795e-01 37485 1.378147e+02 2.704667e+02 -2.050978e+00 1.188171e+00
8.350885e-01 38047 1.350856e+02 2.660998e+02 -4.345961e+00 3.230952e+00
8.450499e-01 38913 1.331316e+02 2.622809e+02 -8.468768e+00 1.104422e+01
8.550252e-01 39853 1.270429e+02 2.557840e+02 -9.909023e+00 -8.106855e-01
8.650455e-01 41367 1.241417e+02 2.514095e+02 -6.314701e+00 -3.026556e+00
8.750680e-01 41617 1.243637e+02 2.490809e+02 -5.723549e+00 -6.053775e+00
8.849916e-01 42430 1.211004e+02 2.445481e+02 -4.278639e+00 9.155773e+00
8.949944e-01 44367 1.164503e+02 2.391791e+02 -5.197279e+00 -4.735010e+00
9.050336e-01 44569 1.154348e+02 2.361064e+02 -3.716799e+00 4.828414e+00
9.150411e-01 46089 1.114774e+02 2.312513e+02 -5.793772e+00 1.408330e+00
9.250625e-01 46819 1.071763e+02 2.262352e+02 -6.794633e+00 2.996305e+00
9.350607e-01 47793 1.069860e+02 2.237688e+02 1.570858e+00 -3.040425e+00
9.450463e-01 48697 1.021174e+02 2.185117e+02 1.277523e+00 3.450740e+00
9.549734e-01 49443 9.951139e+01 2.146752e+02 -2.200737e+00 -3.991090e+00
9.649510e-01 51097 9.970326e+01 2.124922e+02 -1.239901e+00 -3.626378e+00
9.750082e-01 52453 9.676395e+01 2.084823e+02 -6.341701e+00 5.333313e+00
9.850290e-01 52947 9.646227e+01 2.060275e+02 -2.596394e+00 -1.583380e-01
9.950258e-01 54193 9.243037e+01 2.014944e+02 -2.495916e+00 -1.772869e+00
