# text fof file
# logMmin 1.200000e+01 -> nfof_min 133
# boxsize 600.000000
# density total 8.289420e+05 8.289420e+05; rel difference 1.857242e-11
# nbar 3.837694e-03
1.483274e-02 13 2.913170e+04 2.938857e+04 -1.022993e+04 -6.998800e+03
2.513187e-02 33 2.461788e+04 2.487001e+04 2.148096e+04 4.342553e+04
3.574650e-02 79 1.724365e+04 1.749168e+04 5.892396e+03 -2.708116e+03
4.583347e-02 105 1.339170e+04 1.363591e+04 -1.932780e+03 -3.748811e+02
5.486964e-02 145 1.068495e+04 1.092663e+04 -5.692662e+02 -8.342228e+02
6.471857e-02 243 9.331884e+03 9.569641e+03 -5.604745e+02 -2.543292e+03
7.503996e-02 313 7.532159e+03 7.767667e+03 -2.550336e+02 1.799144e+03
8.485495e-02 369 6.188615e+03 6.422782e+03 4.939391e+02 1.397547e+02
9.528688e-02 571 5.128331e+03 5.361055e+03 -2.275587e+02 2.471006e+02
1.059290e-01 601 4.503710e+03 4.733780e+03 -8.068391e+02 -6.034504e+02
1.156806e-01 705 4.089254e+03 4.316700e+03 4.291136e+02 3.412108e+02
1.255756e-01 883 3.921306e+03 4.144457e+03 1.976840e+02 -4.162016e+02
1.352378e-01 909 3.283608e+03 3.507357e+03 3.760662e+02 -2.135031e+01
1.449493e-01 1177 2.958382e+03 3.180652e+03 -1.298685e+02 -1.179680e+02
1.550659e-01 1323 2.460651e+03 2.684117e+03 -5.226696e+01 -3.017944e+02
1.649601e-01 1453 2.346241e+03 2.566546e+03 -2.254090e+02 1.248623e+02
1.749597e-01 1701 2.124571e+03 2.343722e+03 -1.286964e+02 -2.715805e+02
1.852437e-01 1963 1.963783e+03 2.181194e+03 -1.247836e+02 -1.241062e+02
1.951071e-01 1933 1.768383e+03 1.985276e+03 2.001319e+01 2.773221e+02
2.049888e-01 2397 1.710405e+03 1.924175e+03 -5.078051e+01 -3.697302e+01
2.151844e-01 2539 1.539405e+03 1.752966e+03 -2.094306e+01 1.143065e+02
2.250745e-01 2694 1.415335e+03 1.628075e+03 -1.457062e+02 -1.539215e+01
2.350927e-01 3121 1.294664e+03 1.506902e+03 -1.190691e+01 1.010119e+02
2.451974e-01 3255 1.206802e+03 1.417761e+03 -1.708270e+01 2.477001e+01
2.550872e-01 3517 1.135243e+03 1.344799e+03 -6.636727e+01 1.349685e+02
2.649947e-01 3813 1.145132e+03 1.350366e+03 -2.055767e+01 -6.124057e+01
2.750606e-01 4231 1.006918e+03 1.213830e+03 6.217615e+01 1.150118e+02
2.851157e-01 4389 9.667775e+02 1.171582e+03 4.718627e+01 1.253414e+02
2.950080e-01 4717 8.947967e+02 1.099257e+03 -3.247672e+01 -2.477753e+01
3.050474e-01 5191 8.519045e+02 1.054780e+03 -9.814809e+00 2.680857e+01
3.151078e-01 5373 8.136882e+02 1.014908e+03 4.549928e+01 9.988360e+01
3.251295e-01 5893 7.849357e+02 9.841466e+02 -1.059370e+01 -4.890855e+01
3.352591e-01 6183 7.285289e+02 9.274771e+02 -3.225780e+01 1.275816e+01
3.451640e-01 6349 6.895800e+02 8.875287e+02 -5.150219e+00 8.351216e-01
3.550965e-01 6993 6.618536e+02 8.581960e+02 2.144647e+01 1.506557e+00
3.649687e-01 7003 6.411757e+02 8.355590e+02 -2.768416e+00 4.046182e+00
3.749450e-01 7941 6.048314e+02 7.984704e+02 -2.678546e+01 -3.344091e+01
3.851630e-01 8221 5.926152e+02 7.837057e+02 -8.602161e+00 -1.636722e+01
3.951752e-01 8449 5.511911e+02 7.423654e+02 -1.379812e+01 -3.589449e+00
4.050872e-01 8931 5.262955e+02 7.163134e+02 3.843974e-01 1.472299e+01
4.149904e-01 9289 5.170679e+02 7.046252e+02 1.315029e+01 9.557436e+00
4.250484e-01 10113 4.669128e+02 6.560101e+02 -1.852020e+01 -1.858085e+01
4.350196e-01 10087 4.590423e+02 6.457378e+02 1.665375e+01 1.606338e+00
4.449689e-01 10998 4.495602e+02 6.340046e+02 1.001814e+01 -2.431227e+01
4.550136e-01 11233 4.200785e+02 6.045459e+02 1.253452e+01 2.273407e+01
4.650240e-01 11991 4.189767e+02 6.003943e+02 1.232493e+00 4.949503e+00
4.750600e-01 12241 4.120245e+02 5.910547e+02 -6.639596e+00 6.266288e+00
4.850824e-01 13033 3.820608e+02 5.616223e+02 -1.757950e+01 6.347282e+00
4.950626e-01 13227 3.725155e+02 5.501914e+02 9.207939e+00 -1.556514e+01
5.050218e-01 13993 3.694353e+02 5.443625e+02 7.844103e+00 -3.150167e+00
5.149626e-01 14301 3.479969e+02 5.228004e+02 -2.570157e+01 1.521676e+01
5.249789e-01 15355 3.262962e+02 5.011668e+02 2.908793e+01 -1.691958e+01
5.350486e-01 15585 3.264186e+02 4.982169e+02 -7.363154e+00 -4.223513e+00
5.451135e-01 16549 3.155923e+02 4.859748e+02 -2.084219e+00 -1.199283e+01
5.551181e-01 16587 3.046415e+02 4.737630e+02 -1.838421e+01 6.888991e+00
5.650424e-01 17461 2.894916e+02 4.581372e+02 3.850776e+00 -1.872120e+01
5.750589e-01 18177 2.858185e+02 4.520931e+02 1.134645e+00 1.571066e+01
5.850828e-01 18739 2.725003e+02 4.381574e+02 4.959538e+00 1.355006e+01
5.950416e-01 19165 2.647786e+02 4.289061e+02 1.343738e+01 -7.403175e-01
6.049746e-01 20013 2.632678e+02 4.247637e+02 -2.592469e+00 2.364647e+00
6.149470e-01 20587 2.544888e+02 4.147549e+02 -1.367647e+01 -2.558099e+01
6.249968e-01 21657 2.398481e+02 4.001038e+02 -3.344817e+00 -3.064105e+00
6.350666e-01 22129 2.343829e+02 3.928708e+02 -1.069314e+01 -8.927256e+00
6.450498e-01 22611 2.258870e+02 3.833109e+02 -1.479521e+00 -6.742195e+00
6.549912e-01 23317 2.218048e+02 3.772928e+02 3.714642e+00 4.308424e+00
6.649535e-01 24222 2.181256e+02 3.716052e+02 1.591494e+01 6.143674e+00
6.749660e-01 24943 2.109076e+02 3.632095e+02 4.589972e+00 -9.924042e+00
6.850252e-01 25921 2.000466e+02 3.520855e+02 1.276518e+01 1.091799e+01
6.950284e-01 26253 1.967426e+02 3.468123e+02 -1.242365e+00 -7.060009e+00
7.049900e-01 27139 1.905152e+02 3.393784e+02 5.535713e+00 6.843594e+00
7.150256e-01 28185 1.845154e+02 3.321529e+02 -6.523102e+00 -6.238321e+00
7.250860e-01 28969 1.843474e+02 3.292925e+02 -5.871335e+00 -7.759797e+00
7.350183e-01 28887 1.768643e+02 3.210939e+02 3.265364e+00 -9.275179e+00
7.450018e-01 30937 1.721958e+02 3.149889e+02 -1.130739e+01 -1.384417e+00
7.551045e-01 31341 1.625778e+02 3.053570e+02 6.161840e+00 -7.941355e+00
7.650666e-01 31555 1.672161e+02 3.060342e+02 -5.397865e+00 1.446017e+01
7.750154e-01 33025 1.608098e+02 2.988355e+02 2.444307e+00 3.740107e-01
7.850634e-01 33921 1.537131e+02 2.912012e+02 2.608325e+00 1.203504e+01
7.950596e-01 34285 1.537076e+02 2.885914e+02 -7.822855e+00 3.361815e+00
8.050450e-01 35703 1.477443e+02 2.818707e+02 -2.306955e+00 3.160545e+00
8.150563e-01 36205 1.447822e+02 2.772625e+02 1.956023e+00 7.505928e+00
8.250795e-01 37485 1.398635e+02 2.713615e+02 -7.583570e+00 -4.070834e+00
8.350885e-01 38047 1.359493e+02 2.661871e+02 1.750996e-01 -7.984273e+00
8.450499e-01 38913 1.332377e+02 2.618722e+02 -1.164410e+00 5.318966e+00
8.550252e-01 39853 1.298938e+02 2.571611e+02 4.584232e-01 3.492352e+00
8.650455e-01 41367 1.236338e+02 2.506022e+02 -1.626688e+00 -4.967764e+00
8.750680e-01 41617 1.231381e+02 2.478187e+02 6.084963e+00 -4.687795e+00
8.849916e-01 42430 1.189572e+02 2.427226e+02 -6.193276e+00 4.302293e+00
8.949944e-01 44367 1.176657e+02 2.394733e+02 -5.044184e+00 -1.270641e+01
9.050336e-01 44569 1.144566e+02 2.350393e+02 2.977926e+00 8.147368e+00
9.150411e-01 46089 1.109158e+02 2.304578e+02 -5.648101e+00 -5.660647e+00
9.250625e-01 46819 1.073246e+02 2.258818e+02 -8.377989e+00 8.159921e+00
9.350607e-01 47793 1.083566e+02 2.241498e+02 -1.570503e+00 3.393757e+00
9.450463e-01 48697 1.025718e+02 2.183421e+02 -1.290703e+00 2.165279e+00
9.549734e-01 49443 1.043912e+02 2.171216e+02 8.724438e+00 7.299576e+00
9.649510e-01 51097 9.989977e+01 2.121713e+02 2.033201e+00 8.168694e+00
9.750082e-01 52453 9.725161e+01 2.083407e+02 -2.045632e+00 1.747616e+00
9.850290e-01 52947 9.138444e+01 2.027103e+02 2.372451e+00 1.369812e+00
9.950258e-01 54193 9.395238e+01 2.019365e+02 5.749415e-01 3.921093e+00
