8.018239e-03 9 6.919968e+03
1.659868e-02 64 7.292572e+03
2.586446e-02 157 6.095125e+03
3.529679e-02 292 4.564262e+03
4.513097e-02 529 3.653333e+03
5.555287e-02 820 2.953313e+03
6.539610e-02 1000 2.768532e+03
7.523297e-02 1483 2.408694e+03
8.527687e-02 1792 1.916253e+03
9.513029e-02 2293 1.638892e+03
1.052419e-01 2848 1.352738e+03
1.151206e-01 3232 1.217794e+03
1.250948e-01 4077 1.155279e+03
1.351559e-01 4552 1.043620e+03
1.451184e-01 5377 9.241532e+02
1.550677e-01 5974 8.046332e+02
1.650359e-01 6976 7.153854e+02
1.750550e-01 7717 6.553752e+02
1.850940e-01 8776 6.117844e+02
1.950993e-01 9553 5.631581e+02
2.050639e-01 10660 5.268890e+02
2.150232e-01 11608 4.829969e+02
2.250206e-01 12937 4.402512e+02
2.351002e-01 14062 4.199432e+02
2.450739e-01 15105 3.857958e+02
2.550522e-01 16492 3.637295e+02
2.650604e-01 17821 3.457319e+02
2.750125e-01 18940 3.197590e+02
2.850269e-01 20836 2.977803e+02
2.950518e-01 21949 2.886338e+02
3.050599e-01 23656 2.685501e+02
3.149891e-01 24727 2.564781e+02
3.250379e-01 27400 2.420583e+02
3.350922e-01 28096 2.325205e+02
3.450584e-01 30337 2.172731e+02
3.550604e-01 31696 2.092186e+02
3.650295e-01 33849 2.015621e+02
3.750722e-01 35800 1.926914e+02
3.850647e-01 37348 1.830883e+02
3.950397e-01 39535 1.764310e+02
4.050307e-01 41452 1.695305e+02
4.150177e-01 43669 1.624330e+02
4.250356e-01 45832 1.566803e+02
4.350008e-01 47524 1.504926e+02
4.450186e-01 50761 1.449069e+02
4.550579e-01 52264 1.404707e+02
4.650571e-01 54973 1.352687e+02
4.750553e-01 56890 1.313204e+02
4.849982e-01 59233 1.275825e+02
4.949997e-01 62460 1.229952e+02
5.050400e-01 64660 1.197419e+02
5.150365e-01 67105 1.153288e+02
5.250511e-01 70108 1.118023e+02
5.350611e-01 72421 1.085613e+02
5.450809e-01 75628 1.057832e+02
5.550666e-01 77374 1.027763e+02
5.650248e-01 80965 9.995081e+01
5.750209e-01 83536 9.720235e+01
5.849943e-01 86509 9.483920e+01
5.950118e-01 90088 9.242823e+01
6.050243e-01 92524 8.984727e+01
6.150021e-01 95685 8.789513e+01
6.250268e-01 99460 8.550322e+01
6.350319e-01 101791 8.345422e+01
6.450443e-01 105940 8.190510e+01
6.550363e-01 108040 7.993285e+01
6.650248e-01 112417 7.777799e+01
6.749918e-01 114172 7.661459e+01
6.849838e-01 119989 7.454804e+01
6.950359e-01 122428 7.305162e+01
7.050021e-01 125049 7.110526e+01
7.150185e-01 130682 6.981245e+01
7.250500e-01 132820 6.818925e+01
7.350461e-01 137169 6.752544e+01
7.450354e-01 139912 6.604772e+01
7.550326e-01 145021 6.457368e+01
7.650453e-01 148000 6.335568e+01
7.750260e-01 151840 6.240525e+01
7.849916e-01 155365 6.082144e+01
7.950130e-01 161410 5.968993e+01
8.050563e-01 164341 5.864660e+01
8.150452e-01 167704 5.776872e+01
8.250456e-01 172960 5.681968e+01
8.350307e-01 175597 5.576177e+01
8.450225e-01 181552 5.470218e+01
8.550387e-01 185185 5.381438e+01
8.650410e-01 189576 5.304804e+01
8.750145e-01 192850 5.246787e+01
8.849866e-01 198481 5.132919e+01
8.950163e-01 203908 5.072342e+01
9.050183e-01 206677 5.009817e+01
9.150119e-01 212440 4.939048e+01
9.250146e-01 216544 4.836919e+01
9.350152e-01 221725 4.761601e+01
9.450189e-01 226024 4.707343e+01
9.550021e-01 230515 4.653510e+01
9.650081e-01 236548 4.578016e+01
9.750165e-01 240697 4.518336e+01
9.850258e-01 246264 4.444839e+01
9.950310e-01 250480 4.377423e+01
