8.018239e-03 9 1.032840e+04
1.659868e-02 64 6.783237e+03
2.586446e-02 157 6.040327e+03
3.529679e-02 292 4.716294e+03
4.513097e-02 529 3.651588e+03
5.555287e-02 820 3.055257e+03
6.539610e-02 1000 2.815060e+03
7.523297e-02 1483 2.407769e+03
8.527687e-02 1792 1.943124e+03
9.513029e-02 2293 1.598288e+03
1.052419e-01 2848 1.390102e+03
1.151206e-01 3232 1.243306e+03
1.250948e-01 4077 1.125949e+03
1.351559e-01 4552 1.037840e+03
1.451184e-01 5377 8.837841e+02
1.550677e-01 5974 8.145922e+02
1.650359e-01 6976 7.101147e+02
1.750550e-01 7717 6.547130e+02
1.850940e-01 8776 6.135527e+02
1.950993e-01 9553 5.715556e+02
2.050639e-01 10660 5.265903e+02
2.150232e-01 11608 4.859955e+02
2.250206e-01 12937 4.409937e+02
2.351002e-01 14062 4.113603e+02
2.450739e-01 15105 3.831710e+02
2.550522e-01 16492 3.625981e+02
2.650604e-01 17821 3.434635e+02
2.750125e-01 18940 3.203173e+02
2.850269e-01 20836 2.998572e+02
2.950518e-01 21949 2.876726e+02
3.050599e-01 23656 2.705407e+02
3.149891e-01 24727 2.578282e+02
3.250379e-01 27400 2.459948e+02
3.350922e-01 28096 2.319931e+02
3.450584e-01 30337 2.190300e+02
3.550604e-01 31696 2.089420e+02
3.650295e-01 33849 2.005876e+02
3.750722e-01 35800 1.926746e+02
3.850647e-01 37348 1.839313e+02
3.950397e-01 39535 1.779172e+02
4.050307e-01 41452 1.699243e+02
4.150177e-01 43669 1.642541e+02
4.250356e-01 45832 1.586012e+02
4.350008e-01 47524 1.514684e+02
4.450186e-01 50761 1.458509e+02
4.550579e-01 52264 1.407670e+02
4.650571e-01 54973 1.365517e+02
4.750553e-01 56890 1.317064e+02
4.849982e-01 59233 1.279783e+02
4.949997e-01 62460 1.225361e+02
5.050400e-01 64660 1.194592e+02
5.150365e-01 67105 1.164460e+02
5.250511e-01 70108 1.124530e+02
5.350611e-01 72421 1.090460e+02
5.450809e-01 75628 1.066290e+02
5.550666e-01 77374 1.038273e+02
5.650248e-01 80965 1.004680e+02
5.750209e-01 83536 9.764198e+01
5.849943e-01 86509 9.502195e+01
5.950118e-01 90088 9.272297e+01
6.050243e-01 92524 9.030976e+01
6.150021e-01 95685 8.813412e+01
6.250268e-01 99460 8.571548e+01
6.350319e-01 101791 8.419954e+01
6.450443e-01 105940 8.192972e+01
6.550363e-01 108040 8.022955e+01
6.650248e-01 112417 7.815901e+01
6.749918e-01 114172 7.681636e+01
6.849838e-01 119989 7.482963e+01
6.950359e-01 122428 7.303516e+01
7.050021e-01 125049 7.216178e+01
7.150185e-01 130682 7.053848e+01
7.250500e-01 132820 6.888165e+01
7.350461e-01 137169 6.776947e+01
7.450354e-01 139912 6.647603e+01
7.550326e-01 145021 6.501938e+01
7.650453e-01 148000 6.389894e+01
7.750260e-01 151840 6.263605e+01
7.849916e-01 155365 6.105354e+01
7.950130e-01 161410 5.993615e+01
8.050563e-01 164341 5.900296e+01
8.150452e-01 167704 5.856177e+01
8.250456e-01 172960 5.706575e+01
8.350307e-01 175597 5.594451e+01
8.450225e-01 181552 5.555372e+01
8.550387e-01 185185 5.422286e+01
8.650410e-01 189576 5.342367e+01
8.750145e-01 192850 5.236919e+01
8.849866e-01 198481 5.195662e+01
8.950163e-01 203908 5.076982e+01
9.050183e-01 206677 5.057833e+01
9.150119e-01 212440 4.961103e+01
9.250146e-01 216544 4.857006e+01
9.350152e-01 221725 4.779968e+01
9.450189e-01 226024 4.723771e+01
9.550021e-01 230515 4.661606e+01
9.650081e-01 236548 4.613032e+01
9.750165e-01 240697 4.536541e+01
9.850258e-01 246264 4.478527e+01
9.950310e-01 250480 4.429147e+01
