# nc 512
# boxsize 1.000000e+03
8.018239e-03 9 7.718663e+03 9.345506e+05 1.131542e+08
1.659868e-02 64 7.097894e+03 8.569051e+05 1.034614e+08
2.586446e-02 157 6.659588e+03 8.043761e+05 9.718363e+07
3.529679e-02 292 4.601716e+03 5.538138e+05 6.669578e+07
4.513097e-02 529 3.956733e+03 4.748566e+05 5.706553e+07
5.555287e-02 820 3.583278e+03 4.282427e+05 5.127871e+07
6.539610e-02 1000 3.083287e+03 3.663925e+05 4.365344e+07
7.523297e-02 1483 2.709006e+03 3.215251e+05 3.829906e+07
8.527687e-02 1792 2.386508e+03 2.813098e+05 3.330736e+07
9.513029e-02 2293 1.821453e+03 2.131289e+05 2.509699e+07
1.052419e-01 2848 1.646134e+03 1.913743e+05 2.242380e+07
1.151206e-01 3232 1.408916e+03 1.631110e+05 1.905734e+07
1.250948e-01 4077 1.357284e+03 1.560388e+05 1.811607e+07
1.351559e-01 4552 1.207332e+03 1.380563e+05 1.597340e+07
1.451184e-01 5377 1.077834e+03 1.222138e+05 1.404610e+07
1.550677e-01 5974 9.208118e+02 1.037795e+05 1.188611e+07
1.650359e-01 6976 8.098040e+02 9.060091e+04 1.032715e+07
1.750550e-01 7717 7.453240e+02 8.279636e+04 9.389755e+06
1.850940e-01 8776 6.928759e+02 7.646712e+04 8.631341e+06
1.950993e-01 9553 6.502616e+02 7.130711e+04 8.012668e+06
2.050639e-01 10660 6.001361e+02 6.535098e+04 7.304653e+06
2.150232e-01 11608 5.374929e+02 5.811815e+04 6.473062e+06
2.250206e-01 12937 5.085222e+02 5.442304e+04 6.011931e+06
2.351002e-01 14062 4.666127e+02 4.948957e+04 5.435098e+06
2.450739e-01 15105 4.390360e+02 4.641151e+04 5.087731e+06
2.550522e-01 16492 4.068264e+02 4.255341e+04 4.630350e+06
2.650604e-01 17821 3.814961e+02 3.964553e+04 4.297955e+06
2.750125e-01 18940 3.545440e+02 3.648946e+04 3.930162e+06
2.850269e-01 20836 3.340059e+02 3.406083e+04 3.643073e+06
2.950518e-01 21949 3.146847e+02 3.190394e+04 3.405541e+06
3.050599e-01 23656 2.945611e+02 2.956648e+04 3.135262e+06
3.149891e-01 24727 2.792534e+02 2.782495e+04 2.937178e+06
3.250379e-01 27400 2.654845e+02 2.618996e+04 2.745410e+06
3.350922e-01 28096 2.511799e+02 2.457542e+04 2.564235e+06
3.450584e-01 30337 2.429609e+02 2.345990e+04 2.421219e+06
3.550604e-01 31696 2.255451e+02 2.159253e+04 2.222299e+06
3.650295e-01 33849 2.168685e+02 2.062305e+04 2.112277e+06
3.750722e-01 35800 2.068816e+02 1.946939e+04 1.981368e+06
3.850647e-01 37348 1.951925e+02 1.822046e+04 1.847318e+06
3.950397e-01 39535 1.888349e+02 1.749114e+04 1.764302e+06
4.050307e-01 41452 1.804860e+02 1.655265e+04 1.658358e+06
4.150177e-01 43669 1.723439e+02 1.564771e+04 1.559018e+06
4.250356e-01 45832 1.648702e+02 1.480907e+04 1.466224e+06
4.350008e-01 47524 1.577694e+02 1.404052e+04 1.382675e+06
4.450186e-01 50761 1.523155e+02 1.341312e+04 1.311943e+06
4.550579e-01 52264 1.453113e+02 1.264397e+04 1.229110e+06
4.650571e-01 54973 1.401800e+02 1.207215e+04 1.165656e+06
4.750553e-01 56890 1.344631e+02 1.147693e+04 1.103514e+06
4.849982e-01 59233 1.291993e+02 1.093808e+04 1.047445e+06
4.949997e-01 62460 1.233903e+02 1.033092e+04 9.845578e+05
5.050400e-01 64660 1.198434e+02 9.933570e+03 9.402694e+05
5.150365e-01 67105 1.155127e+02 9.462923e+03 8.891272e+05
5.250511e-01 70108 1.114887e+02 9.041307e+03 8.458773e+05
5.350611e-01 72421 1.076037e+02 8.614196e+03 8.002263e+05
5.450809e-01 75628 1.040502e+02 8.237439e+03 7.593323e+05
5.550666e-01 77374 1.012461e+02 7.935638e+03 7.273201e+05
5.650248e-01 80965 9.728161e+01 7.529407e+03 6.861728e+05
5.750209e-01 83536 9.412805e+01 7.205552e+03 6.529255e+05
5.849943e-01 86509 9.123141e+01 6.903665e+03 6.211394e+05
5.950118e-01 90088 8.869409e+01 6.638955e+03 5.942200e+05
6.050243e-01 92524 8.558680e+01 6.334602e+03 5.638013e+05
6.150021e-01 95685 8.322141e+01 6.087494e+03 5.386010e+05
6.250268e-01 99460 8.062926e+01 5.818817e+03 5.108962e+05
6.350319e-01 101791 7.840123e+01 5.596816e+03 4.889370e+05
6.450443e-01 105940 7.576592e+01 5.328764e+03 4.621088e+05
6.550363e-01 108040 7.339400e+01 5.098936e+03 4.400562e+05
6.650248e-01 112417 7.121069e+01 4.893928e+03 4.200779e+05
6.749918e-01 114172 6.964904e+01 4.728372e+03 4.030737e+05
6.849838e-01 119989 6.738911e+01 4.517661e+03 3.828249e+05
6.950359e-01 122428 6.577284e+01 4.363646e+03 3.679885e+05
7.050021e-01 125049 6.366027e+01 4.156310e+03 3.485183e+05
7.150185e-01 130682 6.233406e+01 4.020421e+03 3.344437e+05
7.250500e-01 132820 6.051838e+01 3.849024e+03 3.182446e+05
7.350461e-01 137169 5.899899e+01 3.710141e+03 3.054452e+05
7.450354e-01 139912 5.750859e+01 3.566097e+03 2.915196e+05
7.550326e-01 145021 5.569618e+01 3.401624e+03 2.763616e+05
7.650453e-01 148000 5.423880e+01 3.271014e+03 2.641944e+05
7.750260e-01 151840 5.289701e+01 3.140837e+03 2.522827e+05
7.849916e-01 155365 5.166876e+01 3.031359e+03 2.419485e+05
7.950130e-01 161410 5.035142e+01 2.912314e+03 2.312911e+05
8.050563e-01 164341 4.913385e+01 2.801169e+03 2.210277e+05
8.150452e-01 167704 4.797372e+01 2.696376e+03 2.116061e+05
8.250456e-01 172960 4.681546e+01 2.593794e+03 2.025458e+05
8.350307e-01 175597 4.551608e+01 2.481536e+03 1.927497e+05
8.450225e-01 181552 4.444437e+01 2.391741e+03 1.846721e+05
8.550387e-01 185185 4.351259e+01 2.304104e+03 1.767000e+05
8.650410e-01 189576 4.253183e+01 2.223560e+03 1.696001e+05
8.750145e-01 192850 4.155875e+01 2.135250e+03 1.618265e+05
8.849866e-01 198481 4.048392e+01 2.052308e+03 1.547589e+05
8.950163e-01 203908 3.963800e+01 1.974367e+03 1.481461e+05
9.050183e-01 206677 3.852256e+01 1.895001e+03 1.417769e+05
9.150119e-01 212440 3.784505e+01 1.831053e+03 1.361939e+05
9.250146e-01 216544 3.691034e+01 1.757019e+03 1.300500e+05
9.350152e-01 221725 3.619294e+01 1.700009e+03 1.254898e+05
9.450189e-01 226024 3.536340e+01 1.632881e+03 1.197992e+05
9.550021e-01 230515 3.476092e+01 1.577688e+03 1.148159e+05
9.650081e-01 236548 3.381340e+01 1.509533e+03 1.095935e+05
9.750165e-01 240697 3.316649e+01 1.459424e+03 1.054999e+05
9.850258e-01 246264 3.245097e+01 1.400703e+03 1.007110e+05
9.950310e-01 250480 3.174783e+01 1.348217e+03 9.669205e+04
