# nc 512
# boxsize 1.000000e+03
8.018239e-03 9 1.190381e+04 1.440150e+06 1.742337e+08
1.659868e-02 64 7.948936e+03 9.583539e+05 1.155585e+08
2.586446e-02 157 7.052834e+03 8.506796e+05 1.026408e+08
3.529679e-02 292 5.511082e+03 6.632742e+05 7.987779e+07
4.513097e-02 529 4.276275e+03 5.124371e+05 6.148598e+07
5.555287e-02 820 3.564711e+03 4.253583e+05 5.085359e+07
6.539610e-02 1000 3.297577e+03 3.922404e+05 4.677894e+07
7.523297e-02 1483 2.799344e+03 3.314218e+05 3.938011e+07
8.527687e-02 1792 2.260448e+03 2.666574e+05 3.161490e+07
9.513029e-02 2293 1.858257e+03 2.173373e+05 2.558265e+07
1.052419e-01 2848 1.613194e+03 1.873403e+05 2.192226e+07
1.151206e-01 3232 1.435776e+03 1.662419e+05 1.942506e+07
1.250948e-01 4077 1.299433e+03 1.494006e+05 1.735835e+07
1.351559e-01 4552 1.197398e+03 1.367045e+05 1.580057e+07
1.451184e-01 5377 1.016583e+03 1.152274e+05 1.325298e+07
1.550677e-01 5974 9.334120e+02 1.052207e+05 1.205238e+07
1.650359e-01 6976 8.152119e+02 9.120880e+04 1.039922e+07
1.750550e-01 7717 7.504258e+02 8.345112e+04 9.472568e+06
1.850940e-01 8776 7.007035e+02 7.728552e+04 8.718844e+06
1.950993e-01 9553 6.506780e+02 7.151515e+04 8.053831e+06
2.050639e-01 10660 5.970225e+02 6.502149e+04 7.273458e+06
2.150232e-01 11608 5.526230e+02 5.956607e+04 6.608559e+06
2.250206e-01 12937 4.996003e+02 5.344191e+04 5.904044e+06
2.351002e-01 14062 4.649770e+02 4.932678e+04 5.419264e+06
2.450739e-01 15105 4.301156e+02 4.530644e+04 4.957816e+06
2.550522e-01 16492 4.067996e+02 4.253779e+04 4.628448e+06
2.650604e-01 17821 3.836675e+02 3.984527e+04 4.316140e+06
2.750125e-01 18940 3.565098e+02 3.668397e+04 3.950346e+06
2.850269e-01 20836 3.334219e+02 3.396653e+04 3.632857e+06
2.950518e-01 21949 3.179209e+02 3.212352e+04 3.417400e+06
3.050599e-01 23656 2.978104e+02 2.981505e+04 3.153981e+06
3.149891e-01 24727 2.840264e+02 2.817371e+04 2.960764e+06
3.250379e-01 27400 2.697293e+02 2.655196e+04 2.776694e+06
3.350922e-01 28096 2.527603e+02 2.463735e+04 2.560598e+06
3.450584e-01 30337 2.378982e+02 2.299643e+04 2.379272e+06
3.550604e-01 31696 2.270760e+02 2.172036e+04 2.231357e+06
3.650295e-01 33849 2.164639e+02 2.050835e+04 2.093113e+06
3.750722e-01 35800 2.069841e+02 1.948371e+04 1.985174e+06
3.850647e-01 37348 1.971709e+02 1.837686e+04 1.860125e+06
3.950397e-01 39535 1.888320e+02 1.748833e+04 1.763736e+06
4.050307e-01 41452 1.798011e+02 1.646916e+04 1.650152e+06
4.150177e-01 43669 1.730211e+02 1.567351e+04 1.559334e+06
4.250356e-01 45832 1.661505e+02 1.490607e+04 1.473688e+06
4.350008e-01 47524 1.581989e+02 1.402875e+04 1.378245e+06
4.450186e-01 50761 1.516138e+02 1.332616e+04 1.303404e+06
4.550579e-01 52264 1.459820e+02 1.269224e+04 1.232578e+06
4.650571e-01 54973 1.401478e+02 1.208098e+04 1.167986e+06
4.750553e-01 56890 1.348743e+02 1.149148e+04 1.103466e+06
4.849982e-01 59233 1.295398e+02 1.093357e+04 1.044832e+06
4.949997e-01 62460 1.240087e+02 1.033005e+04 9.795196e+05
5.050400e-01 64660 1.205370e+02 9.961790e+03 9.412188e+05
5.150365e-01 67105 1.163164e+02 9.491383e+03 8.898359e+05
5.250511e-01 70108 1.120299e+02 9.064171e+03 8.462841e+05
5.350611e-01 72421 1.081875e+02 8.650223e+03 8.020984e+05
5.450809e-01 75628 1.047092e+02 8.270381e+03 7.612617e+05
5.550666e-01 77374 1.014387e+02 7.929408e+03 7.260334e+05
5.650248e-01 80965 9.769926e+01 7.556289e+03 6.883011e+05
5.750209e-01 83536 9.462014e+01 7.234452e+03 6.548535e+05
5.849943e-01 86509 9.132352e+01 6.898127e+03 6.213955e+05
5.950118e-01 90088 8.841019e+01 6.597137e+03 5.908526e+05
6.050243e-01 92524 8.602547e+01 6.348169e+03 5.642390e+05
6.150021e-01 95685 8.340780e+01 6.068067e+03 5.349349e+05
6.250268e-01 99460 8.043960e+01 5.789457e+03 5.080816e+05
6.350319e-01 101791 7.845452e+01 5.575147e+03 4.858218e+05
6.450443e-01 105940 7.588757e+01 5.336416e+03 4.636020e+05
6.550363e-01 108040 7.391158e+01 5.120582e+03 4.411961e+05
6.650248e-01 112417 7.163667e+01 4.904899e+03 4.199567e+05
6.749918e-01 114172 6.998273e+01 4.735425e+03 4.033798e+05
6.849838e-01 119989 6.756072e+01 4.510883e+03 3.819290e+05
6.950359e-01 122428 6.562344e+01 4.340091e+03 3.661591e+05
7.050021e-01 125049 6.415616e+01 4.178969e+03 3.495799e+05
7.150185e-01 130682 6.254099e+01 4.026093e+03 3.349134e+05
7.250500e-01 132820 6.060176e+01 3.850473e+03 3.189634e+05
7.350461e-01 137169 5.896051e+01 3.689315e+03 3.030212e+05
7.450354e-01 139912 5.765218e+01 3.562234e+03 2.908164e+05
7.550326e-01 145021 5.607005e+01 3.413972e+03 2.767998e+05
7.650453e-01 148000 5.469736e+01 3.295519e+03 2.663129e+05
7.750260e-01 151840 5.303796e+01 3.144505e+03 2.525562e+05
7.849916e-01 155365 5.179763e+01 3.029530e+03 2.418475e+05
7.950130e-01 161410 5.034806e+01 2.902459e+03 2.303559e+05
8.050563e-01 164341 4.913504e+01 2.794953e+03 2.207270e+05
8.150452e-01 167704 4.839062e+01 2.710556e+03 2.119566e+05
8.250456e-01 172960 4.687827e+01 2.588265e+03 2.019082e+05
8.350307e-01 175597 4.575137e+01 2.484708e+03 1.924383e+05
8.450225e-01 181552 4.481429e+01 2.402619e+03 1.850430e+05
8.550387e-01 185185 4.356699e+01 2.306291e+03 1.769034e+05
8.650410e-01 189576 4.266641e+01 2.218672e+03 1.691245e+05
8.750145e-01 192850 4.156527e+01 2.128436e+03 1.614158e+05
8.849866e-01 198481 4.079991e+01 2.059120e+03 1.552452e+05
8.950163e-01 203908 3.954540e+01 1.970325e+03 1.482148e+05
9.050183e-01 206677 3.897501e+01 1.908569e+03 1.422766e+05
9.150119e-01 212440 3.815026e+01 1.837857e+03 1.361803e+05
9.250146e-01 216544 3.704417e+01 1.756281e+03 1.300555e+05
9.350152e-01 221725 3.617221e+01 1.685594e+03 1.241970e+05
9.450189e-01 226024 3.551728e+01 1.633622e+03 1.195249e+05
9.550021e-01 230515 3.477858e+01 1.569448e+03 1.143449e+05
9.650081e-01 236548 3.408328e+01 1.515838e+03 1.098593e+05
9.750165e-01 240697 3.332367e+01 1.452479e+03 1.047163e+05
9.850258e-01 246264 3.261709e+01 1.403314e+03 1.010204e+05
9.950310e-01 250480 3.191573e+01 1.348252e+03 9.643825e+04
