# nc 512
# boxsize 1.000000e+03
8.018239e-03 9 3.560279e+03 4.293488e+05 5.177829e+07
1.659868e-02 64 8.520713e+03 1.030511e+06 1.246470e+08
2.586446e-02 157 6.838179e+03 8.249719e+05 9.956051e+07
3.529679e-02 292 5.214417e+03 6.269258e+05 7.543357e+07
4.513097e-02 529 4.305036e+03 5.161342e+05 6.195624e+07
5.555287e-02 820 3.561316e+03 4.251782e+05 5.085753e+07
6.539610e-02 1000 3.071960e+03 3.655189e+05 4.360853e+07
7.523297e-02 1483 2.836668e+03 3.359800e+05 3.993165e+07
8.527687e-02 1792 2.310879e+03 2.718884e+05 3.213873e+07
9.513029e-02 2293 1.861506e+03 2.176235e+05 2.560658e+07
1.052419e-01 2848 1.625916e+03 1.892738e+05 2.219993e+07
1.151206e-01 3232 1.399525e+03 1.619885e+05 1.892908e+07
1.250948e-01 4077 1.296836e+03 1.493172e+05 1.737579e+07
1.351559e-01 4552 1.162476e+03 1.329919e+05 1.540380e+07
1.451184e-01 5377 1.057309e+03 1.203437e+05 1.388582e+07
1.550677e-01 5974 9.304229e+02 1.046988e+05 1.197072e+07
1.650359e-01 6976 8.029200e+02 8.981023e+04 1.023953e+07
1.750550e-01 7717 7.458098e+02 8.286981e+04 9.398762e+06
1.850940e-01 8776 7.034678e+02 7.760595e+04 8.755195e+06
1.950993e-01 9553 6.559282e+02 7.198495e+04 8.093013e+06
2.050639e-01 10660 6.013942e+02 6.533348e+04 7.288808e+06
2.150232e-01 11608 5.476147e+02 5.909273e+04 6.566790e+06
2.250206e-01 12937 4.973464e+02 5.320127e+04 5.879565e+06
2.351002e-01 14062 4.625327e+02 4.902168e+04 5.383732e+06
2.450739e-01 15105 4.336442e+02 4.570876e+04 5.000738e+06
2.550522e-01 16492 4.039443e+02 4.222596e+04 4.597584e+06
2.650604e-01 17821 3.800008e+02 3.939157e+04 4.262508e+06
2.750125e-01 18940 3.561621e+02 3.661786e+04 3.942616e+06
2.850269e-01 20836 3.368123e+02 3.430464e+04 3.669732e+06
2.950518e-01 21949 3.185251e+02 3.213656e+04 3.412611e+06
3.050599e-01 23656 2.980647e+02 2.988827e+04 3.166599e+06
3.149891e-01 24727 2.807905e+02 2.790521e+04 2.938430e+06
3.250379e-01 27400 2.651490e+02 2.608915e+04 2.730872e+06
3.350922e-01 28096 2.539387e+02 2.476676e+04 2.575872e+06
3.450584e-01 30337 2.395080e+02 2.314633e+04 2.394218e+06
3.550604e-01 31696 2.257783e+02 2.168475e+04 2.239557e+06
3.650295e-01 33849 2.147225e+02 2.039343e+04 2.089249e+06
3.750722e-01 35800 2.070659e+02 1.948957e+04 1.986298e+06
3.850647e-01 37348 1.987529e+02 1.851457e+04 1.871992e+06
3.950397e-01 39535 1.876839e+02 1.733198e+04 1.747570e+06
4.050307e-01 41452 1.810959e+02 1.656038e+04 1.656758e+06
4.150177e-01 43669 1.735706e+02 1.569689e+04 1.559644e+06
4.250356e-01 45832 1.648350e+02 1.477219e+04 1.462409e+06
4.350008e-01 47524 1.581244e+02 1.404681e+04 1.382873e+06
4.450186e-01 50761 1.520589e+02 1.335117e+04 1.304865e+06
4.550579e-01 52264 1.455309e+02 1.264140e+04 1.228132e+06
4.650571e-01 54973 1.403496e+02 1.206713e+04 1.165204e+06
4.750553e-01 56890 1.346498e+02 1.148247e+04 1.104301e+06
4.849982e-01 59233 1.299353e+02 1.094638e+04 1.045166e+06
4.949997e-01 62460 1.251426e+02 1.044084e+04 9.917254e+05
5.050400e-01 64660 1.202490e+02 9.930808e+03 9.381472e+05
5.150365e-01 67105 1.166743e+02 9.523851e+03 8.935649e+05
5.250511e-01 70108 1.118761e+02 9.047599e+03 8.441445e+05
5.350611e-01 72421 1.074943e+02 8.602193e+03 7.995647e+05
5.450809e-01 75628 1.041117e+02 8.221376e+03 7.587978e+05
5.550666e-01 77374 1.005769e+02 7.866466e+03 7.217790e+05
5.650248e-01 80965 9.773483e+01 7.563070e+03 6.897074e+05
5.750209e-01 83536 9.483822e+01 7.248948e+03 6.566839e+05
5.849943e-01 86509 9.184083e+01 6.938120e+03 6.240537e+05
5.950118e-01 90088 8.818671e+01 6.585299e+03 5.898099e+05
6.050243e-01 92524 8.581176e+01 6.335878e+03 5.639369e+05
6.150021e-01 95685 8.343279e+01 6.088950e+03 5.381084e+05
6.250268e-01 99460 8.027003e+01 5.779838e+03 5.081626e+05
6.350319e-01 101791 7.842811e+01 5.577457e+03 4.867594e+05
6.450443e-01 105940 7.581123e+01 5.330580e+03 4.627147e+05
6.550363e-01 108040 7.364875e+01 5.112469e+03 4.402450e+05
6.650248e-01 112417 7.151176e+01 4.906480e+03 4.208799e+05
6.749918e-01 114172 6.970505e+01 4.717862e+03 4.023449e+05
6.849838e-01 119989 6.799096e+01 4.541397e+03 3.841942e+05
6.950359e-01 122428 6.553205e+01 4.332382e+03 3.653915e+05
7.050021e-01 125049 6.403958e+01 4.175864e+03 3.499308e+05
7.150185e-01 130682 6.206575e+01 3.996610e+03 3.331958e+05
7.250500e-01 132820 6.034518e+01 3.836368e+03 3.177850e+05
7.350461e-01 137169 5.903220e+01 3.698786e+03 3.040830e+05
7.450354e-01 139912 5.731766e+01 3.547408e+03 2.902862e+05
7.550326e-01 145021 5.572564e+01 3.398191e+03 2.760434e+05
7.650453e-01 148000 5.414574e+01 3.260392e+03 2.639162e+05
7.750260e-01 151840 5.285652e+01 3.137658e+03 2.519523e+05
7.849916e-01 155365 5.153825e+01 3.016594e+03 2.411053e+05
7.950130e-01 161410 5.038214e+01 2.907673e+03 2.307653e+05
8.050563e-01 164341 4.903727e+01 2.795241e+03 2.208814e+05
8.150452e-01 167704 4.790531e+01 2.692531e+03 2.119626e+05
8.250456e-01 172960 4.666570e+01 2.582036e+03 2.016026e+05
8.350307e-01 175597 4.556243e+01 2.486862e+03 1.930984e+05
8.450225e-01 181552 4.448474e+01 2.394994e+03 1.850812e+05
8.550387e-01 185185 4.351383e+01 2.304666e+03 1.769858e+05
8.650410e-01 189576 4.253916e+01 2.219479e+03 1.695509e+05
8.750145e-01 192850 4.151187e+01 2.131172e+03 1.618030e+05
8.849866e-01 198481 4.060678e+01 2.055025e+03 1.552828e+05
8.950163e-01 203908 3.951083e+01 1.967600e+03 1.480394e+05
9.050183e-01 206677 3.879963e+01 1.900934e+03 1.421184e+05
9.150119e-01 212440 3.794562e+01 1.832375e+03 1.361095e+05
9.250146e-01 216544 3.704188e+01 1.759791e+03 1.299976e+05
9.350152e-01 221725 3.627111e+01 1.700529e+03 1.251701e+05
9.450189e-01 226024 3.538343e+01 1.629092e+03 1.195112e+05
9.550021e-01 230515 3.468029e+01 1.571479e+03 1.145782e+05
9.650081e-01 236548 3.390948e+01 1.510664e+03 1.099462e+05
9.750165e-01 240697 3.331505e+01 1.462814e+03 1.055395e+05
9.850258e-01 246264 3.251472e+01 1.399070e+03 1.006499e+05
9.950310e-01 250480 3.178133e+01 1.341809e+03 9.595552e+04
