# nc 324
# boxsize 6.000000e+02
# nbar 0.000000e+00
1.483274e-02 13 1.978160e+03 1.977877e+03 -2.191599e+02 -3.414319e+03
2.513187e-02 33 1.744823e+03 1.744187e+03 1.122797e+02 4.873966e+02
3.574650e-02 79 1.671595e+03 1.670379e+03 -6.078050e+02 3.209871e+02
4.583347e-02 105 1.044388e+03 1.043125e+03 -1.478938e+02 -2.031048e+02
5.486964e-02 145 9.276405e+02 9.260538e+02 1.450804e+02 6.311815e+02
6.471857e-02 243 7.805304e+02 7.786559e+02 2.996931e+01 2.440723e+02
7.503996e-02 313 5.808605e+02 5.790156e+02 -6.348598e+01 -2.591700e+01
8.485495e-02 369 5.096430e+02 5.075510e+02 -7.361978e+01 6.289500e+01
9.528688e-02 571 4.120848e+02 4.099521e+02 3.522898e+00 -5.674248e+01
1.059290e-01 601 3.630358e+02 3.607189e+02 4.022652e+01 6.666817e+01
1.156806e-01 705 3.326423e+02 3.301174e+02 6.444722e+00 1.064883e+02
1.255756e-01 883 3.176986e+02 3.148441e+02 -5.267059e+00 -1.594537e+01
1.352378e-01 909 2.465125e+02 2.439456e+02 -2.892975e+01 2.366221e+01
1.449493e-01 1177 2.327205e+02 2.299516e+02 -1.194057e+00 -2.258021e+01
1.550659e-01 1323 1.916624e+02 1.890549e+02 9.979910e+00 -1.334709e+01
1.649601e-01 1453 1.758503e+02 1.731382e+02 -8.885180e-02 -1.316981e+01
1.749597e-01 1701 1.655625e+02 1.626909e+02 -1.142039e+01 -2.693486e+01
1.852437e-01 1963 1.495564e+02 1.466471e+02 -4.436087e+00 -1.494746e+00
1.951071e-01 1933 1.396589e+02 1.366518e+02 -7.127564e+00 3.236131e+00
2.049888e-01 2397 1.227555e+02 1.198439e+02 9.591462e-01 -1.470184e+01
2.151844e-01 2539 1.098633e+02 1.069950e+02 7.953001e+00 -1.193988e+01
2.250745e-01 2694 1.025135e+02 9.958716e+01 -4.895561e+00 8.154074e+00
2.350927e-01 3121 9.956178e+01 9.646333e+01 -4.737893e-01 4.294009e+00
2.451974e-01 3255 9.232402e+01 8.920254e+01 4.648380e-01 -2.402638e+00
2.550872e-01 3517 8.304005e+01 8.000541e+01 6.977636e-01 2.223359e+00
2.649947e-01 3813 7.817601e+01 7.509791e+01 6.197742e-01 -6.178804e+00
2.750606e-01 4231 7.274164e+01 6.966236e+01 1.806979e+00 -8.221836e-02
2.851157e-01 4389 6.492821e+01 6.197678e+01 1.440484e+00 6.996203e+00
2.950080e-01 4717 6.264368e+01 5.960119e+01 1.008810e+00 -6.248444e-01
3.050474e-01 5191 6.070854e+01 5.755947e+01 -3.003588e+00 -2.239719e+00
3.151078e-01 5373 5.674429e+01 5.360965e+01 7.721919e-01 -9.743966e-01
3.251295e-01 5893 5.457783e+01 5.137393e+01 -1.984353e+00 -2.779624e-01
3.352591e-01 6183 5.027471e+01 4.714147e+01 -3.994663e+00 2.312800e-01
3.451640e-01 6349 4.618108e+01 4.313589e+01 -2.158970e+00 3.636451e+00
3.550965e-01 6993 4.426621e+01 4.118281e+01 -3.735057e-01 -3.453773e+00
3.649687e-01 7003 4.168364e+01 3.862225e+01 2.048121e-01 1.858247e+00
3.749450e-01 7941 4.045472e+01 3.732438e+01 1.030180e+00 4.231206e-01
3.851630e-01 8221 3.793120e+01 3.484031e+01 3.310049e-01 1.931547e+00
3.951752e-01 8449 3.592999e+01 3.285466e+01 -9.467540e-01 4.416848e+00
4.050872e-01 8931 3.508527e+01 3.193680e+01 -1.962471e-01 -1.116215e+00
4.149904e-01 9289 3.329811e+01 3.016817e+01 -2.855632e-01 4.971825e-01
4.250484e-01 10113 3.196842e+01 2.882329e+01 8.245602e-01 -1.100802e+00
4.350196e-01 10087 2.967741e+01 2.662673e+01 -3.566950e-01 3.320147e-02
4.449689e-01 10998 2.851229e+01 2.545272e+01 -3.350072e-01 2.038753e-01
4.550136e-01 11233 2.786309e+01 2.474376e+01 -9.811805e-01 7.290848e-01
4.650240e-01 11991 2.625503e+01 2.319250e+01 -1.169862e+00 -7.830526e-02
4.750600e-01 12241 2.554443e+01 2.244287e+01 -7.547849e-01 -5.064892e-01
4.850824e-01 13033 2.434001e+01 2.126604e+01 -2.503854e-01 3.979925e-02
4.950626e-01 13227 2.308055e+01 2.005268e+01 1.033733e+00 2.997610e-01
5.050218e-01 13993 2.242991e+01 1.937568e+01 1.447442e-01 4.544610e-01
5.149626e-01 14301 2.167000e+01 1.861023e+01 -5.970929e-01 6.542878e-01
5.249789e-01 15355 2.081666e+01 1.777086e+01 3.586224e-01 -2.502439e-01
5.350486e-01 15585 2.014274e+01 1.708961e+01 -2.165205e-01 2.551664e-01
5.451135e-01 16549 1.922174e+01 1.620657e+01 1.588190e-01 7.754247e-01
5.551181e-01 16587 1.882483e+01 1.577132e+01 -3.492543e-02 -2.867655e-01
5.650424e-01 17461 1.830884e+01 1.524122e+01 -1.240938e-01 9.606336e-01
5.750589e-01 18177 1.748936e+01 1.446272e+01 -7.231639e-02 1.199369e+00
5.850828e-01 18739 1.721400e+01 1.414019e+01 2.245426e-01 -1.351032e-01
5.950416e-01 19165 1.631216e+01 1.330872e+01 -6.317409e-02 3.924514e-01
6.049746e-01 20013 1.557333e+01 1.261856e+01 9.208287e-02 -2.252428e-01
6.149470e-01 20587 1.523880e+01 1.226101e+01 -2.402498e-02 -1.437917e-01
6.249968e-01 21657 1.490909e+01 1.190956e+01 -1.405503e-01 2.733832e-01
6.350666e-01 22129 1.443820e+01 1.144890e+01 -2.567369e-01 2.113736e-01
6.450498e-01 22611 1.391340e+01 1.095186e+01 -2.480169e-01 5.460574e-01
6.549912e-01 23317 1.354944e+01 1.058583e+01 -3.370690e-02 3.738989e-01
6.649535e-01 24222 1.313894e+01 1.018725e+01 1.677714e-01 6.391291e-02
6.749660e-01 24943 1.277306e+01 9.827106e+00 1.145280e-01 -3.348570e-01
6.850252e-01 25921 1.237811e+01 9.447486e+00 3.216058e-01 6.519185e-01
6.950284e-01 26253 1.213626e+01 9.189592e+00 1.834854e-01 3.059203e-01
7.049900e-01 27139 1.167968e+01 8.772518e+00 -1.713583e-02 -9.362377e-03
7.150256e-01 28185 1.149522e+01 8.562896e+00 1.860401e-01 1.463195e-01
7.250860e-01 28969 1.110736e+01 8.205056e+00 1.337545e-01 2.209070e-01
7.350183e-01 28887 1.086130e+01 7.955742e+00 6.849725e-02 -1.326257e-02
7.450018e-01 30937 1.047898e+01 7.610297e+00 2.977004e-02 6.510044e-02
7.551045e-01 31341 1.018669e+01 7.332928e+00 -2.084755e-01 1.220769e-01
7.650666e-01 31555 9.907928e+00 7.070095e+00 -2.139812e-02 2.619476e-01
7.750154e-01 33025 9.809778e+00 6.938223e+00 -2.908581e-02 -1.379102e-01
7.850634e-01 33921 9.445453e+00 6.619877e+00 -5.012736e-02 2.208218e-01
7.950596e-01 34285 9.366331e+00 6.504514e+00 -4.751285e-02 1.428804e-02
8.050450e-01 35703 9.013463e+00 6.201705e+00 -2.122808e-01 1.775145e-01
8.150563e-01 36205 8.822143e+00 6.013009e+00 2.640674e-03 -2.150860e-01
8.250795e-01 37485 8.602587e+00 5.807608e+00 -2.744808e-02 8.903845e-02
8.350885e-01 38047 8.495499e+00 5.680270e+00 5.643232e-02 1.463821e-01
8.450499e-01 38913 8.234564e+00 5.452513e+00 -1.590281e-01 8.036672e-02
8.550252e-01 39853 8.040930e+00 5.272068e+00 -6.923299e-02 1.909650e-01
8.650455e-01 41367 7.841402e+00 5.090056e+00 -1.445862e-01 6.553662e-02
8.750680e-01 41617 7.684795e+00 4.937942e+00 3.696221e-02 1.540573e-01
8.849916e-01 42430 7.504729e+00 4.773463e+00 5.643451e-02 1.816058e-01
8.949944e-01 44367 7.331911e+00 4.615531e+00 -9.974324e-02 7.832180e-02
9.050336e-01 44569 7.211273e+00 4.492334e+00 4.479145e-02 1.397570e-01
9.150411e-01 46089 7.033092e+00 4.335030e+00 -1.095813e-01 2.041186e-01
9.250625e-01 46819 6.924129e+00 4.222574e+00 -2.361264e-01 1.407035e-01
9.350607e-01 47793 6.769615e+00 4.083840e+00 -9.118959e-03 1.049299e-01
9.450463e-01 48697 6.674320e+00 3.982626e+00 -6.864002e-02 1.446893e-01
9.549734e-01 49443 6.525353e+00 3.851319e+00 -5.189125e-02 1.453433e-01
9.649510e-01 51097 6.352461e+00 3.707855e+00 5.483180e-02 2.133929e-01
9.750082e-01 52453 6.240911e+00 3.601589e+00 -8.317950e-02 1.585892e-01
9.850290e-01 52947 6.133896e+00 3.499717e+00 1.702936e-02 1.858776e-01
9.950258e-01 54193 6.043776e+00 3.408969e+00 -1.634829e-01 1.219342e-01
