# nc 324
# boxsize 6.000000e+02
# nbar 0.000000e+00
1.483274e-02 13 1.959980e+03 1.959751e+03 -1.347462e+03 1.532275e+03
2.513187e-02 33 1.698801e+03 1.698190e+03 8.617114e+02 4.404102e+02
3.574650e-02 79 1.246516e+03 1.245600e+03 -4.730558e+01 -8.546783e+01
4.583347e-02 105 9.245621e+02 9.234692e+02 -3.010999e+02 2.402918e+02
5.486964e-02 145 7.006981e+02 6.994981e+02 1.672114e+02 -1.680798e+02
6.471857e-02 243 6.815891e+02 6.799513e+02 1.481169e+02 2.782649e+02
7.503996e-02 313 5.748620e+02 5.730208e+02 1.468711e+01 1.542713e+02
8.485495e-02 369 5.042034e+02 5.021405e+02 4.229128e+01 1.427243e+01
9.528688e-02 571 4.165708e+02 4.144170e+02 9.950601e+01 -7.399213e+01
1.059290e-01 601 3.432625e+02 3.410739e+02 1.404061e+00 -2.103615e+00
1.156806e-01 705 3.240056e+02 3.215297e+02 1.059779e+01 3.635558e+01
1.255756e-01 883 2.816259e+02 2.791001e+02 7.752989e+00 3.961465e+01
1.352378e-01 909 2.700916e+02 2.672852e+02 -7.008071e+00 2.897279e+01
1.449493e-01 1177 2.368324e+02 2.340064e+02 1.903130e+01 7.926139e+00
1.550659e-01 1323 1.869700e+02 1.844192e+02 3.122219e+01 8.424449e+00
1.649601e-01 1453 1.769969e+02 1.742628e+02 -1.909773e+01 9.116379e+00
1.749597e-01 1701 1.674023e+02 1.644967e+02 -1.007001e+01 9.503392e+00
1.852437e-01 1963 1.532274e+02 1.502525e+02 -4.383830e+00 -1.697483e+01
1.951071e-01 1933 1.365972e+02 1.336583e+02 -8.078288e-01 1.121961e+01
2.049888e-01 2397 1.286861e+02 1.256328e+02 2.556228e+00 1.636584e+00
2.151844e-01 2539 1.108372e+02 1.079427e+02 5.368995e+00 -3.361228e+00
2.250745e-01 2694 1.043322e+02 1.013518e+02 -3.938226e+00 1.804604e+01
2.350927e-01 3121 9.989917e+01 9.679066e+01 2.778303e+00 3.668628e+00
2.451974e-01 3255 9.212948e+01 8.901441e+01 2.314731e+00 -2.761551e-01
2.550872e-01 3517 8.492241e+01 8.182034e+01 1.829885e+00 4.655833e-01
2.649947e-01 3813 7.779718e+01 7.473386e+01 -8.925334e-01 -6.461517e-01
2.750606e-01 4231 7.099476e+01 6.798553e+01 3.969288e-01 -2.939085e-01
2.851157e-01 4389 6.683515e+01 6.379794e+01 -5.534866e+00 1.937903e+00
2.950080e-01 4717 6.247545e+01 5.944070e+01 -2.631984e+00 3.247607e+00
3.050474e-01 5191 5.901768e+01 5.595758e+01 9.797974e-01 3.464108e+00
3.151078e-01 5373 5.597757e+01 5.288390e+01 -9.470550e-01 -2.740072e-01
3.251295e-01 5893 5.268713e+01 4.959402e+01 1.117803e+00 -3.466027e+00
3.352591e-01 6183 4.958295e+01 4.649211e+01 8.718200e-02 3.872908e+00
3.451640e-01 6349 4.717856e+01 4.406776e+01 2.641216e+00 5.526075e-01
3.550965e-01 6993 4.391950e+01 4.085999e+01 3.870240e-02 -1.058534e+00
3.649687e-01 7003 4.284477e+01 3.969672e+01 1.122851e+00 1.716825e+00
3.749450e-01 7941 4.071107e+01 3.756102e+01 2.683452e-01 -5.040601e-02
3.851630e-01 8221 3.867932e+01 3.552837e+01 2.382684e+00 -3.502198e+00
3.951752e-01 8449 3.668961e+01 3.354808e+01 -6.566504e-01 -1.690520e+00
4.050872e-01 8931 3.522107e+01 3.206059e+01 9.594584e-01 -7.509588e-01
4.149904e-01 9289 3.279234e+01 2.971047e+01 -4.375792e-01 1.360272e+00
4.250484e-01 10113 3.150611e+01 2.840623e+01 -2.554369e-01 -7.522372e-01
4.350196e-01 10087 3.000064e+01 2.691684e+01 1.407342e-01 -1.995207e-01
4.449689e-01 10998 2.890038e+01 2.579931e+01 -8.241685e-02 -8.786379e-01
4.550136e-01 11233 2.757006e+01 2.448379e+01 -4.020687e-01 1.262237e+00
4.650240e-01 11991 2.596729e+01 2.293835e+01 9.618069e-01 3.522061e-01
4.750600e-01 12241 2.535587e+01 2.227635e+01 4.068100e-01 1.451378e+00
4.850824e-01 13033 2.467735e+01 2.156096e+01 4.447316e-01 7.614966e-02
4.950626e-01 13227 2.330122e+01 2.024403e+01 -1.617439e-01 -2.572066e-01
5.050218e-01 13993 2.241538e+01 1.936318e+01 -2.237859e-01 -7.651080e-01
5.149626e-01 14301 2.130147e+01 1.829390e+01 -9.135446e-02 -8.158153e-02
5.249789e-01 15355 2.095340e+01 1.788716e+01 -4.526788e-02 -2.969202e-01
5.350486e-01 15585 1.972307e+01 1.673351e+01 3.749460e-03 -1.616876e-01
5.451135e-01 16549 1.952722e+01 1.646381e+01 2.762910e-01 6.785822e-01
5.551181e-01 16587 1.874067e+01 1.570051e+01 -3.837686e-01 6.759063e-02
5.650424e-01 17461 1.810036e+01 1.506713e+01 4.221710e-01 2.372420e-01
5.750589e-01 18177 1.759558e+01 1.455077e+01 -5.285564e-01 1.944914e-01
5.850828e-01 18739 1.673892e+01 1.374995e+01 -1.152417e-01 2.163943e-01
5.950416e-01 19165 1.631089e+01 1.330757e+01 -3.557814e-01 -2.856817e-01
6.049746e-01 20013 1.598319e+01 1.295095e+01 1.542549e-01 9.377712e-02
6.149470e-01 20587 1.519693e+01 1.222726e+01 -4.557079e-02 1.361037e-01
6.249968e-01 21657 1.479765e+01 1.182042e+01 5.032715e-02 2.238079e-01
6.350666e-01 22129 1.440120e+01 1.141991e+01 -4.633232e-01 5.075912e-01
6.450498e-01 22611 1.372306e+01 1.080163e+01 3.869209e-02 -8.165883e-02
6.549912e-01 23317 1.370043e+01 1.070378e+01 -6.406776e-02 3.867890e-01
6.649535e-01 24222 1.326386e+01 1.028386e+01 3.808546e-01 5.966244e-02
6.749660e-01 24943 1.278451e+01 9.835679e+00 -2.519849e-01 7.222842e-02
6.850252e-01 25921 1.238805e+01 9.455354e+00 7.535023e-02 1.867985e-01
6.950284e-01 26253 1.210972e+01 9.169301e+00 -9.881227e-02 2.672466e-01
7.049900e-01 27139 1.162742e+01 8.733191e+00 2.933295e-01 2.753492e-01
7.150256e-01 28185 1.144250e+01 8.523812e+00 2.015635e-01 1.055603e-01
7.250860e-01 28969 1.106838e+01 8.175989e+00 4.144038e-02 4.448983e-02
7.350183e-01 28887 1.080605e+01 7.915301e+00 2.735460e-01 -4.534274e-02
7.450018e-01 30937 1.056818e+01 7.674947e+00 -8.600302e-02 4.918583e-02
7.551045e-01 31341 1.023633e+01 7.369221e+00 -1.538166e-01 -3.247328e-01
7.650666e-01 31555 1.003974e+01 7.164323e+00 1.711018e-01 3.462987e-02
7.750154e-01 33025 9.756938e+00 6.900871e+00 1.028281e-02 -2.232019e-01
7.850634e-01 33921 9.474507e+00 6.640354e+00 -1.153519e-01 3.512465e-01
7.950596e-01 34285 9.267583e+00 6.435903e+00 8.808956e-02 4.243502e-02
8.050450e-01 35703 9.041769e+00 6.221107e+00 -9.687779e-02 -1.062302e-01
8.150563e-01 36205 8.876817e+00 6.050495e+00 3.450467e-03 -6.377219e-02
8.250795e-01 37485 8.570519e+00 5.786182e+00 -8.992733e-02 1.112095e-01
8.350885e-01 38047 8.389991e+00 5.609622e+00 4.318617e-02 2.922968e-02
8.450499e-01 38913 8.236143e+00 5.453565e+00 3.337285e-02 2.245583e-01
8.550252e-01 39853 8.073577e+00 5.293500e+00 4.331687e-03 2.071073e-01
8.650455e-01 41367 7.777774e+00 5.048611e+00 2.014517e-02 1.393437e-01
8.750680e-01 41617 7.709664e+00 4.954077e+00 3.317542e-02 -1.760760e-01
8.849916e-01 42430 7.517684e+00 4.781838e+00 -5.736603e-02 1.909829e-01
8.949944e-01 44367 7.342144e+00 4.622069e+00 -2.201039e-01 2.128858e-01
9.050336e-01 44569 7.210846e+00 4.491965e+00 -3.443592e-02 7.789151e-02
9.150411e-01 46089 7.055817e+00 4.349142e+00 5.786951e-02 5.085614e-02
9.250625e-01 46819 6.914779e+00 4.216768e+00 4.266898e-02 -2.254835e-02
9.350607e-01 47793 6.737165e+00 4.064261e+00 3.152342e-02 2.868979e-01
9.450463e-01 48697 6.607450e+00 3.942759e+00 -1.250433e-01 1.035837e-01
9.549734e-01 49443 6.458683e+00 3.812075e+00 -7.218616e-02 2.092378e-01
9.649510e-01 51097 6.361666e+00 3.713209e+00 -1.872564e-02 8.127747e-03
9.750082e-01 52453 6.219011e+00 3.589061e+00 -1.949956e-02 -3.428702e-05
9.850290e-01 52947 6.116239e+00 3.489779e+00 -5.721344e-02 9.802628e-02
9.950258e-01 54193 6.021853e+00 3.396605e+00 8.424295e-02 2.030728e-01
