# nc 324
# boxsize 6.000000e+02
# nbar 0.000000e+00
1.483274e-02 13 2.277387e+03 2.277102e+03 -7.124169e+02 -5.168123e+02
2.513187e-02 33 1.900216e+03 1.899574e+03 1.660516e+03 3.320192e+03
3.574650e-02 79 1.328164e+03 1.327219e+03 3.970115e+02 -2.895336e+02
4.583347e-02 105 1.059608e+03 1.058336e+03 -1.291613e+02 4.657915e+01
5.486964e-02 145 8.393266e+02 8.378727e+02 -4.211204e+01 1.440388e+02
6.471857e-02 243 7.747609e+02 7.729062e+02 -1.130821e+01 -2.790913e+02
7.503996e-02 313 6.359293e+02 6.338830e+02 -1.567791e+01 1.875615e+02
8.485495e-02 369 4.884824e+02 4.864881e+02 4.537868e+01 -2.132871e-01
9.528688e-02 571 4.017655e+02 3.996966e+02 -1.938723e+01 -2.326301e+01
1.059290e-01 601 3.599002e+02 3.575973e+02 -7.499126e+01 -5.017744e+01
1.156806e-01 705 3.257535e+02 3.232733e+02 1.200607e+01 7.402481e+00
1.255756e-01 883 3.052349e+02 3.025037e+02 1.719146e+01 8.804408e+00
1.352378e-01 909 2.548421e+02 2.521951e+02 1.392504e+01 -6.746831e+00
1.449493e-01 1177 2.213555e+02 2.187227e+02 -2.283339e+01 6.076683e+00
1.550659e-01 1323 1.907845e+02 1.881866e+02 -2.769214e+00 -3.245190e+00
1.649601e-01 1453 1.871984e+02 1.843090e+02 -1.610677e+01 5.810621e+00
1.749597e-01 1701 1.595551e+02 1.567868e+02 -6.193775e+00 4.261464e+00
1.852437e-01 1963 1.495322e+02 1.466267e+02 -5.129324e+00 -6.459301e+00
1.951071e-01 1933 1.362093e+02 1.332763e+02 -9.400095e+00 2.033476e+01
2.049888e-01 2397 1.252644e+02 1.222929e+02 5.949781e+00 -1.460309e+01
2.151844e-01 2539 1.150541e+02 1.120485e+02 5.415874e+00 -8.850337e+00
2.250745e-01 2694 1.008952e+02 9.801359e+01 -1.204995e+00 1.239769e+01
2.350927e-01 3121 9.908210e+01 9.600046e+01 3.607366e+00 4.407693e+00
2.451974e-01 3255 9.067998e+01 8.761598e+01 1.803889e+00 1.070753e+01
2.550872e-01 3517 8.422564e+01 8.114886e+01 -2.761481e+00 2.657722e+00
2.649947e-01 3813 7.845757e+01 7.536945e+01 -3.901943e+00 -1.200053e+00
2.750606e-01 4231 7.134725e+01 6.832396e+01 2.409536e+00 -2.066475e+00
2.851157e-01 4389 6.786762e+01 6.478395e+01 -3.135323e-01 2.128979e-01
2.950080e-01 4717 6.353873e+01 6.045139e+01 -8.708559e-01 1.875469e+00
3.050474e-01 5191 5.904720e+01 5.598485e+01 -1.005950e+00 2.281202e+00
3.151078e-01 5373 5.635981e+01 5.324693e+01 -4.163784e+00 4.362020e+00
3.251295e-01 5893 5.259553e+01 4.950708e+01 4.953711e+00 -3.204887e+00
3.352591e-01 6183 4.964927e+01 4.655512e+01 -2.682990e+00 -2.327472e+00
3.451640e-01 6349 4.747697e+01 4.434687e+01 -1.507157e+00 1.625200e+00
3.550965e-01 6993 4.477342e+01 4.165481e+01 9.277064e-01 1.192138e-01
3.649687e-01 7003 4.221182e+01 3.911138e+01 -4.149394e-01 2.512650e+00
3.749450e-01 7941 4.033190e+01 3.721082e+01 1.259721e-01 -6.424105e-02
3.851630e-01 8221 3.918864e+01 3.599520e+01 -1.021895e+00 -1.454301e+00
3.951752e-01 8449 3.665258e+01 3.351496e+01 3.461244e-01 1.521370e+00
4.050872e-01 8931 3.427688e+01 3.120138e+01 -7.551481e-01 -8.548521e-01
4.149904e-01 9289 3.308849e+01 2.997847e+01 1.138897e+00 1.178909e+00
4.250484e-01 10113 3.146746e+01 2.837144e+01 -5.614377e-02 3.132905e-01
4.350196e-01 10087 2.994427e+01 2.686575e+01 3.543792e-01 -6.097137e-01
4.449689e-01 10998 2.955071e+01 2.637983e+01 -4.591421e-01 4.067781e-02
4.550136e-01 11233 2.744277e+01 2.437105e+01 6.654690e-02 7.270170e-02
4.650240e-01 11991 2.631937e+01 2.324957e+01 2.476394e-01 9.038901e-01
4.750600e-01 12241 2.496688e+01 2.193536e+01 -6.727285e-01 3.477053e-01
4.850824e-01 13033 2.428524e+01 2.121852e+01 -8.874008e-03 1.632284e+00
4.950626e-01 13227 2.390905e+01 2.077211e+01 -3.452305e-01 1.777352e-01
5.050218e-01 13993 2.239413e+01 1.934566e+01 -7.267017e-01 4.823900e-02
5.149626e-01 14301 2.180045e+01 1.872228e+01 -2.431061e-01 9.353283e-01
5.249789e-01 15355 2.074129e+01 1.770602e+01 -6.338740e-01 2.542490e-01
5.350486e-01 15585 2.016630e+01 1.710995e+01 -1.352023e-01 5.677658e-01
5.451135e-01 16549 1.932302e+01 1.629165e+01 -5.287918e-01 3.863195e-01
5.551181e-01 16587 1.881224e+01 1.576067e+01 5.689961e-01 -1.474214e-01
5.650424e-01 17461 1.783507e+01 1.484682e+01 -3.634404e-02 3.901994e-01
5.750589e-01 18177 1.725924e+01 1.427273e+01 -4.566672e-01 -2.880771e-01
5.850828e-01 18739 1.666799e+01 1.369165e+01 4.373042e-02 -2.696987e-01
5.950416e-01 19165 1.631751e+01 1.331285e+01 2.269792e-01 -7.020705e-01
6.049746e-01 20013 1.590911e+01 1.289085e+01 1.189094e-01 5.611494e-01
6.149470e-01 20587 1.541337e+01 1.240109e+01 -2.212329e-01 -5.062619e-01
6.249968e-01 21657 1.485163e+01 1.186380e+01 8.729154e-02 2.877780e-01
6.350666e-01 22129 1.438902e+01 1.140996e+01 2.253722e-01 -2.437727e-01
6.450498e-01 22611 1.372735e+01 1.080512e+01 2.939975e-01 2.372950e-01
6.549912e-01 23317 1.355815e+01 1.059255e+01 -6.143745e-02 6.199782e-02
6.649535e-01 24222 1.302857e+01 1.010171e+01 -1.810743e-01 -3.731944e-01
6.749660e-01 24943 1.268051e+01 9.755619e+00 1.060197e-03 3.782540e-01
6.850252e-01 25921 1.238070e+01 9.450029e+00 -6.786764e-02 1.603001e-01
6.950284e-01 26253 1.195861e+01 9.054862e+00 -1.676148e-01 4.325666e-01
7.049900e-01 27139 1.168964e+01 8.779958e+00 -1.736329e-01 3.722220e-01
7.150256e-01 28185 1.144737e+01 8.527432e+00 -1.324388e-01 3.743751e-02
7.250860e-01 28969 1.098112e+01 8.111521e+00 -1.118615e-02 -1.738477e-01
7.350183e-01 28887 1.077840e+01 7.895212e+00 -1.111197e-02 1.742276e-01
7.450018e-01 30937 1.049942e+01 7.625068e+00 -1.843364e-01 1.480426e-03
7.551045e-01 31341 1.018238e+01 7.330145e+00 5.264326e-03 3.937817e-01
7.650666e-01 31555 1.000215e+01 7.137577e+00 2.023234e-01 -6.484360e-02
7.750154e-01 33025 9.699986e+00 6.860461e+00 1.184728e-01 3.274870e-01
7.850634e-01 33921 9.445905e+00 6.620148e+00 8.837938e-02 3.592493e-01
7.950596e-01 34285 9.209326e+00 6.395525e+00 9.789961e-02 -1.587822e-02
8.050450e-01 35703 9.065681e+00 6.237546e+00 -4.618881e-02 1.992226e-01
8.150563e-01 36205 8.822198e+00 6.013232e+00 9.563658e-02 -2.725045e-02
8.250795e-01 37485 8.602092e+00 5.807284e+00 -1.418272e-01 2.473495e-01
8.350885e-01 38047 8.388963e+00 5.609036e+00 6.044781e-02 1.739143e-01
8.450499e-01 38913 8.267159e+00 5.474128e+00 -1.371067e-01 1.872489e-01
8.550252e-01 39853 8.048181e+00 5.276965e+00 2.665172e-02 1.005486e-01
8.650455e-01 41367 7.825160e+00 5.079418e+00 1.093846e-01 -3.015688e-02
8.750680e-01 41617 7.635301e+00 4.906281e+00 -9.167571e-02 -3.152712e-02
8.849916e-01 42430 7.488105e+00 4.763088e+00 -1.075215e-01 -8.968776e-02
8.949944e-01 44367 7.306919e+00 4.600052e+00 3.896998e-02 -2.664333e-02
9.050336e-01 44569 7.203907e+00 4.487721e+00 5.727834e-02 3.166120e-01
9.150411e-01 46089 7.084774e+00 4.366924e+00 -3.774194e-02 1.556243e-01
9.250625e-01 46819 6.908327e+00 4.212936e+00 2.175157e-02 9.965887e-02
9.350607e-01 47793 6.762347e+00 4.079467e+00 4.459166e-02 1.385007e-01
9.450463e-01 48697 6.578893e+00 3.925689e+00 -6.378216e-02 5.396864e-02
9.549734e-01 49443 6.494235e+00 3.833023e+00 1.285903e-02 -1.159948e-01
9.649510e-01 51097 6.324755e+00 3.691660e+00 1.869004e-02 7.272217e-02
9.750082e-01 52453 6.221589e+00 3.590472e+00 4.115108e-02 2.156329e-02
9.850290e-01 52947 6.149648e+00 3.508798e+00 -2.904209e-02 1.241976e-01
9.950258e-01 54193 6.008649e+00 3.389233e+00 5.647460e-02 3.184269e-02
