# nc 324
# boxsize 6.000000e+02
# nbar 0.000000e+00
1.483274e-02 13 2.781913e+03 2.781626e+03 -1.980853e+03 3.732943e+03
2.513187e-02 33 1.795413e+03 1.794811e+03 -3.318685e+02 2.319535e+03
3.574650e-02 79 1.373777e+03 1.372783e+03 1.606987e+02 -4.094262e+02
4.583347e-02 105 1.008627e+03 1.007437e+03 -1.366231e+02 8.315289e+02
5.486964e-02 145 8.659252e+02 8.644543e+02 -7.936910e+01 -1.004191e+02
6.471857e-02 243 7.623698e+02 7.605513e+02 -3.711083e+01 8.868912e+01
7.503996e-02 313 6.614289e+02 6.593088e+02 -4.257101e+01 -2.995622e+00
8.485495e-02 369 4.901848e+02 4.881761e+02 -6.066172e+01 2.029688e+02
9.528688e-02 571 4.147008e+02 4.125522e+02 2.317236e+01 4.658393e+01
1.059290e-01 601 3.576311e+02 3.553452e+02 -2.007456e+01 2.245657e+01
1.156806e-01 705 3.396564e+02 3.370678e+02 -1.117945e+01 4.841026e+00
1.255756e-01 883 2.943700e+02 2.917291e+02 3.244173e+01 -3.142839e+01
1.352378e-01 909 2.790486e+02 2.761464e+02 -1.345232e+00 -3.244117e+00
1.449493e-01 1177 2.148692e+02 2.123061e+02 -2.384485e+01 -1.432969e+01
1.550659e-01 1323 1.870734e+02 1.845277e+02 1.707251e+01 -2.224123e+01
1.649601e-01 1453 1.839957e+02 1.811549e+02 6.127985e+00 1.880237e+00
1.749597e-01 1701 1.623156e+02 1.595004e+02 -1.273780e+01 -2.812992e+01
1.852437e-01 1963 1.505471e+02 1.476227e+02 4.645833e-01 -6.123895e+00
1.951071e-01 1933 1.419452e+02 1.388927e+02 -1.691201e+01 4.213141e+00
2.049888e-01 2397 1.213365e+02 1.184571e+02 -2.312453e+00 -8.749158e+00
2.151844e-01 2539 1.128884e+02 1.099370e+02 -3.995241e+00 -9.268826e+00
2.250745e-01 2694 1.019229e+02 9.901231e+01 6.563702e-01 5.821043e+00
2.350927e-01 3121 9.422775e+01 9.129467e+01 -3.107299e-01 -4.519258e+00
2.451974e-01 3255 8.640244e+01 8.348230e+01 1.742162e+00 -6.097235e+00
2.550872e-01 3517 8.548366e+01 8.235899e+01 -1.073886e+00 5.741790e-01
2.649947e-01 3813 8.010539e+01 7.695068e+01 2.347245e+00 -7.763768e+00
2.750606e-01 4231 7.211932e+01 6.906562e+01 1.494924e-01 -1.154970e+00
2.851157e-01 4389 6.567701e+01 6.269073e+01 -3.063663e+00 1.578124e+00
2.950080e-01 4717 6.397842e+01 6.086872e+01 -4.070184e+00 1.797336e-01
3.050474e-01 5191 6.006836e+01 5.695359e+01 3.406353e-01 -3.787613e-01
3.151078e-01 5373 5.632556e+01 5.321326e+01 -7.457052e-01 2.588666e+00
3.251295e-01 5893 5.261065e+01 4.952314e+01 -1.831998e+00 -9.383284e-01
3.352591e-01 6183 5.057125e+01 4.741910e+01 4.569318e-01 2.653585e+00
3.451640e-01 6349 4.622445e+01 4.317635e+01 5.075148e-01 1.487076e+00
3.550965e-01 6993 4.468335e+01 4.157044e+01 -3.770531e-01 -2.218897e+00
3.649687e-01 7003 4.282781e+01 3.968329e+01 8.086049e-01 1.250213e+00
3.749450e-01 7941 4.013692e+01 3.703191e+01 -9.864940e-01 -6.259572e-01
3.851630e-01 8221 3.903030e+01 3.585073e+01 -7.464026e-01 -9.399647e-01
3.951752e-01 8449 3.633527e+01 3.322498e+01 -8.266470e-01 1.228577e+00
4.050872e-01 8931 3.472519e+01 3.160907e+01 -1.771277e-01 -6.371257e-01
4.149904e-01 9289 3.230187e+01 2.926600e+01 -1.586070e+00 -4.359539e-01
4.250484e-01 10113 3.131847e+01 2.823787e+01 -2.906145e-01 -3.273177e-01
4.350196e-01 10087 2.983710e+01 2.676971e+01 -4.563611e-03 -6.856740e-01
4.449689e-01 10998 2.938463e+01 2.623133e+01 -2.565433e-01 1.236752e+00
4.550136e-01 11233 2.791855e+01 2.479258e+01 -9.960812e-01 8.720894e-01
4.650240e-01 11991 2.587779e+01 2.285963e+01 -5.049269e-02 3.328182e-02
4.750600e-01 12241 2.519155e+01 2.213295e+01 -2.530747e-01 1.441529e+00
4.850824e-01 13033 2.498476e+01 2.182995e+01 5.134015e-01 7.991179e-01
4.950626e-01 13227 2.380154e+01 2.067913e+01 -5.728071e-02 6.568588e-01
5.050218e-01 13993 2.260580e+01 1.952775e+01 -2.408797e-02 2.726279e-01
5.149626e-01 14301 2.155217e+01 1.850907e+01 -4.448079e-01 1.096710e+00
5.249789e-01 15355 2.115637e+01 1.806019e+01 3.367155e-01 1.196697e-01
5.350486e-01 15585 2.042671e+01 1.733057e+01 -6.521710e-01 5.278110e-01
5.451135e-01 16549 1.950871e+01 1.644829e+01 -5.172140e-01 2.453749e-01
5.551181e-01 16587 1.863519e+01 1.561245e+01 -2.050803e-01 1.034649e+00
5.650424e-01 17461 1.819136e+01 1.514315e+01 -3.094838e-01 -1.180090e-01
5.750589e-01 18177 1.726755e+01 1.427976e+01 1.653553e-01 -1.723335e-01
5.850828e-01 18739 1.677845e+01 1.378247e+01 -4.529804e-01 -1.867039e-02
5.950416e-01 19165 1.644007e+01 1.341266e+01 -7.051139e-01 4.048690e-01
6.049746e-01 20013 1.571374e+01 1.273199e+01 3.364352e-02 4.828654e-01
6.149470e-01 20587 1.520101e+01 1.223070e+01 5.504618e-02 4.576042e-01
6.249968e-01 21657 1.479414e+01 1.181751e+01 -2.854796e-01 4.869758e-01
6.350666e-01 22129 1.439186e+01 1.141275e+01 2.748927e-01 -1.147516e-01
6.450498e-01 22611 1.399179e+01 1.101354e+01 -1.664311e-01 2.183767e-01
6.549912e-01 23317 1.362577e+01 1.064549e+01 7.323711e-02 -7.594019e-02
6.649535e-01 24222 1.322531e+01 1.025440e+01 4.265401e-01 8.553680e-02
6.749660e-01 24943 1.273233e+01 9.795414e+00 2.717109e-01 3.670225e-01
6.850252e-01 25921 1.247456e+01 9.521582e+00 -1.179457e-01 1.892909e-01
6.950284e-01 26253 1.217049e+01 9.215437e+00 -3.638759e-01 4.491768e-01
7.049900e-01 27139 1.171818e+01 8.801416e+00 8.391624e-03 1.692896e-01
7.150256e-01 28185 1.148178e+01 8.553190e+00 2.375870e-01 -6.070381e-02
7.250860e-01 28969 1.112412e+01 8.217301e+00 4.722402e-02 1.456382e-01
7.350183e-01 28887 1.083792e+01 7.938864e+00 8.820219e-02 5.082908e-01
7.450018e-01 30937 1.048650e+01 7.615751e+00 -3.317816e-02 1.135765e-01
7.551045e-01 31341 1.025244e+01 7.380677e+00 -2.026141e-01 7.189312e-02
7.650666e-01 31555 1.002106e+01 7.150743e+00 -2.320476e-01 1.949126e-01
7.750154e-01 33025 9.699781e+00 6.860498e+00 -3.148607e-02 -2.379467e-01
7.850634e-01 33921 9.586370e+00 6.718639e+00 -8.158381e-02 4.010858e-01
7.950596e-01 34285 9.219960e+00 6.402882e+00 -8.663166e-02 4.608653e-02
8.050450e-01 35703 9.130119e+00 6.281880e+00 -1.455291e-02 -1.984126e-03
8.150563e-01 36205 8.814930e+00 6.008227e+00 -5.561638e-02 -3.166761e-02
8.250795e-01 37485 8.613517e+00 5.814991e+00 -8.563130e-02 5.377775e-01
8.350885e-01 38047 8.415859e+00 5.627016e+00 -1.134320e-01 3.082183e-01
8.450499e-01 38913 8.315812e+00 5.506342e+00 -8.258248e-02 4.107297e-02
8.550252e-01 39853 8.085359e+00 5.301296e+00 6.751216e-02 5.350338e-02
8.650455e-01 41367 7.878909e+00 5.114296e+00 7.164653e-02 5.370946e-02
8.750680e-01 41617 7.686949e+00 4.939500e+00 -4.436097e-02 1.014353e-02
8.849916e-01 42430 7.511432e+00 4.777925e+00 5.840161e-03 -9.677964e-02
8.949944e-01 44367 7.388494e+00 4.651329e+00 -3.934074e-02 1.114422e-01
9.050336e-01 44569 7.239717e+00 4.510019e+00 9.532399e-02 4.082089e-02
9.150411e-01 46089 7.091264e+00 4.370990e+00 -2.939735e-02 7.715866e-02
9.250625e-01 46819 6.923857e+00 4.222261e+00 -2.308680e-02 2.000332e-01
9.350607e-01 47793 6.767205e+00 4.082288e+00 -5.215748e-02 2.477406e-01
9.450463e-01 48697 6.617836e+00 3.948914e+00 -4.904826e-02 2.559964e-01
9.549734e-01 49443 6.447941e+00 3.805661e+00 -4.710824e-02 1.733848e-01
9.649510e-01 51097 6.415646e+00 3.744707e+00 2.999606e-03 1.107403e-01
9.750082e-01 52453 6.231667e+00 3.596281e+00 -6.287853e-02 2.573973e-01
9.850290e-01 52947 6.131886e+00 3.498721e+00 2.155827e-02 2.353343e-01
9.950258e-01 54193 6.034737e+00 3.403945e+00 7.065717e-03 8.591305e-02
