# nc 324
# boxsize 6.000000e+02
# nbar 0.000000e+00
1.483274e-02 13 2.888519e+03 2.888159e+03 -7.253551e+02 1.881449e+02
2.513187e-02 33 1.734452e+03 1.733814e+03 -2.387393e+02 2.511654e+02
3.574650e-02 79 1.157340e+03 1.156522e+03 1.190717e+02 7.201848e+02
4.583347e-02 105 8.280045e+02 8.270124e+02 -1.789409e+02 4.092477e+02
5.486964e-02 145 8.116543e+02 8.102622e+02 4.546491e+02 5.529757e+02
6.471857e-02 243 7.447917e+02 7.430278e+02 -1.627901e+01 -1.916136e+02
7.503996e-02 313 5.650419e+02 5.632243e+02 5.824703e+01 9.809701e+01
8.485495e-02 369 5.527627e+02 5.504807e+02 -1.159604e+02 1.004701e+02
9.528688e-02 571 3.998557e+02 3.978002e+02 5.184830e+01 4.865848e+01
1.059290e-01 601 3.379154e+02 3.357554e+02 4.378187e+00 3.884597e+01
1.156806e-01 705 3.197858e+02 3.173486e+02 -9.105741e+00 2.488061e+01
1.255756e-01 883 3.061106e+02 3.033745e+02 3.087349e+01 -4.070102e+01
1.352378e-01 909 2.608728e+02 2.581595e+02 8.444735e+00 3.276145e+01
1.449493e-01 1177 2.225854e+02 2.199327e+02 2.855250e+01 6.460637e+00
1.550659e-01 1323 1.927845e+02 1.901566e+02 1.142325e+00 -2.961777e+01
1.649601e-01 1453 1.733982e+02 1.707234e+02 1.364911e+01 -7.181716e+00
1.749597e-01 1701 1.621875e+02 1.593727e+02 -4.346149e+00 7.424759e-01
1.852437e-01 1963 1.501425e+02 1.472269e+02 6.564841e-01 -3.834019e+00
1.951071e-01 1933 1.383130e+02 1.353364e+02 -1.068277e-01 -2.523071e+00
2.049888e-01 2397 1.220332e+02 1.191360e+02 -2.695334e+00 -7.304507e+00
2.151844e-01 2539 1.081369e+02 1.053129e+02 -5.548736e+00 -5.057677e+00
2.250745e-01 2694 1.006567e+02 9.778265e+01 1.589462e+00 9.261302e-01
2.350927e-01 3121 9.669322e+01 9.368517e+01 3.412542e+00 -1.247930e+01
2.451974e-01 3255 9.144505e+01 8.835396e+01 6.731855e-01 -9.895070e-01
2.550872e-01 3517 8.388483e+01 8.082188e+01 2.625802e+00 5.002533e+00
2.649947e-01 3813 7.804797e+01 7.497379e+01 1.706643e+00 -5.411401e+00
2.750606e-01 4231 7.155575e+01 6.852462e+01 1.561205e+00 -5.661539e+00
2.851157e-01 4389 6.618121e+01 6.317227e+01 -3.430037e-01 -3.519818e+00
2.950080e-01 4717 6.277678e+01 5.972726e+01 -2.521142e+00 -1.612552e+00
3.050474e-01 5191 5.912879e+01 5.606208e+01 1.248542e+00 -1.129635e+00
3.151078e-01 5373 5.624731e+01 5.313944e+01 1.366878e+00 7.890684e-01
3.251295e-01 5893 5.341551e+01 5.027931e+01 2.388082e+00 -9.104050e-01
3.352591e-01 6183 4.978856e+01 4.668623e+01 -1.153309e+00 -9.531788e-01
3.451640e-01 6349 4.684635e+01 4.375675e+01 1.799929e+00 1.339504e+00
3.550965e-01 6993 4.503216e+01 4.189548e+01 1.878453e+00 1.303070e+00
3.649687e-01 7003 4.310466e+01 3.993834e+01 -6.384628e-01 1.747237e-01
3.749450e-01 7941 4.029228e+01 3.717406e+01 7.813016e-01 1.206613e+00
3.851630e-01 8221 3.852474e+01 3.538646e+01 -7.868380e-01 -1.459403e+00
3.951752e-01 8449 3.657121e+01 3.344124e+01 1.017013e+00 2.125831e+00
4.050872e-01 8931 3.476132e+01 3.164227e+01 -1.170418e+00 -2.513128e+00
4.149904e-01 9289 3.278799e+01 2.970585e+01 3.754931e-01 1.830492e+00
4.250484e-01 10113 3.139214e+01 2.830397e+01 -4.670950e-01 2.879127e-01
4.350196e-01 10087 2.997194e+01 2.689154e+01 6.421930e-01 6.469893e-01
4.449689e-01 10998 2.859418e+01 2.552501e+01 4.022937e-01 -1.183891e+00
4.550136e-01 11233 2.754742e+01 2.446345e+01 2.511931e-01 8.937404e-01
4.650240e-01 11991 2.623863e+01 2.317819e+01 -4.376442e-01 4.085985e-01
4.750600e-01 12241 2.573066e+01 2.260653e+01 -2.922451e-01 9.550908e-01
4.850824e-01 13033 2.401317e+01 2.098054e+01 -1.341876e-01 8.974107e-02
4.950626e-01 13227 2.323191e+01 2.018398e+01 -4.545077e-01 -5.851638e-01
5.050218e-01 13993 2.292160e+01 1.980072e+01 9.230593e-03 1.231012e+00
5.149626e-01 14301 2.159781e+01 1.854822e+01 1.765023e-01 3.987873e-01
5.249789e-01 15355 2.066273e+01 1.763947e+01 -8.027592e-01 -5.471186e-02
5.350486e-01 15585 1.996013e+01 1.693475e+01 -7.736809e-02 4.335302e-01
5.451135e-01 16549 1.914262e+01 1.614005e+01 2.776129e-02 1.367667e-01
5.551181e-01 16587 1.870153e+01 1.566778e+01 2.489339e-01 4.529321e-01
5.650424e-01 17461 1.790243e+01 1.490234e+01 -3.141460e-01 -2.271550e-02
5.750589e-01 18177 1.737455e+01 1.436758e+01 -5.948961e-02 3.927740e-01
5.850828e-01 18739 1.686308e+01 1.385143e+01 5.080217e-02 3.960878e-01
5.950416e-01 19165 1.637998e+01 1.336406e+01 4.312705e-01 -4.434608e-02
6.049746e-01 20013 1.565911e+01 1.268801e+01 1.047809e-01 -6.603623e-03
6.149470e-01 20587 1.537222e+01 1.236829e+01 5.767092e-02 -2.657281e-01
6.249968e-01 21657 1.491605e+01 1.191518e+01 2.482184e-01 4.620751e-01
6.350666e-01 22129 1.434118e+01 1.137227e+01 1.333746e-01 1.750112e-01
6.450498e-01 22611 1.389751e+01 1.093930e+01 -9.652099e-02 1.504062e-01
6.549912e-01 23317 1.344763e+01 1.050605e+01 -1.880293e-02 8.195335e-02
6.649535e-01 24222 1.311290e+01 1.016718e+01 3.379156e-02 4.169250e-01
6.749660e-01 24943 1.263086e+01 9.717227e+00 2.799070e-01 4.569741e-01
6.850252e-01 25921 1.238155e+01 9.450568e+00 -3.313162e-01 -1.905389e-01
6.950284e-01 26253 1.199412e+01 9.081873e+00 3.812020e-01 2.154382e-01
7.049900e-01 27139 1.178678e+01 8.852983e+00 6.016534e-02 2.346762e-01
7.150256e-01 28185 1.147189e+01 8.545655e+00 1.763936e-01 -7.362669e-02
7.250860e-01 28969 1.112360e+01 8.217058e+00 1.706200e-03 -4.108276e-01
7.350183e-01 28887 1.078489e+01 7.899807e+00 -2.064988e-01 -6.692556e-02
7.450018e-01 30937 1.048192e+01 7.612350e+00 1.365189e-01 1.472866e-01
7.551045e-01 31341 1.018594e+01 7.332726e+00 3.801429e-02 8.244208e-02
7.650666e-01 31555 9.962208e+00 7.108811e+00 -1.463087e-01 2.432188e-01
7.750154e-01 33025 9.685450e+00 6.850140e+00 -5.265183e-02 -5.307747e-02
7.850634e-01 33921 9.501281e+00 6.659210e+00 1.787790e-01 2.241926e-01
7.950596e-01 34285 9.286066e+00 6.448790e+00 -9.815769e-02 -2.202024e-03
8.050450e-01 35703 9.043571e+00 6.222278e+00 -1.411429e-01 1.401614e-01
8.150563e-01 36205 8.807933e+00 6.003248e+00 1.060768e-01 -1.678060e-02
8.250795e-01 37485 8.669012e+00 5.852522e+00 9.284569e-02 6.383722e-02
8.350885e-01 38047 8.441323e+00 5.643969e+00 1.503795e-01 2.672390e-01
8.450499e-01 38913 8.167309e+00 5.408010e+00 6.305332e-02 -2.669058e-03
8.550252e-01 39853 8.046291e+00 5.275583e+00 4.797801e-02 3.742970e-02
8.650455e-01 41367 7.812429e+00 5.071248e+00 -1.151935e-02 -6.400541e-02
8.750680e-01 41617 7.682244e+00 4.936482e+00 5.842277e-02 1.341394e-01
8.849916e-01 42430 7.476727e+00 4.755635e+00 -4.700673e-02 -4.088602e-02
8.949944e-01 44367 7.339745e+00 4.620566e+00 2.952953e-02 1.272880e-01
9.050336e-01 44569 7.160480e+00 4.460513e+00 7.723622e-02 2.744413e-01
9.150411e-01 46089 7.081650e+00 4.365099e+00 2.869823e-01 6.770500e-02
9.250625e-01 46819 6.854461e+00 4.180056e+00 4.874194e-02 1.644244e-01
9.350607e-01 47793 6.742704e+00 4.067647e+00 -4.739533e-02 4.316834e-02
9.450463e-01 48697 6.632737e+00 3.957936e+00 7.285564e-02 -5.259454e-02
9.549734e-01 49443 6.469075e+00 3.818117e+00 -3.693299e-02 6.424269e-02
9.649510e-01 51097 6.360253e+00 3.712353e+00 -3.048264e-02 1.096765e-01
9.750082e-01 52453 6.215226e+00 3.586909e+00 -2.342266e-02 -3.509303e-02
9.850290e-01 52947 6.111848e+00 3.487188e+00 -7.671726e-02 1.600888e-01
9.950258e-01 54193 5.954678e+00 3.358674e+00 6.544589e-02 1.626658e-01
