# nc 324
# boxsize 6.000000e+02
# nbar 0.000000e+00
1.483274e-02 13 3.592542e+03 3.592082e+03 1.472936e+03 -5.838955e+03
2.513187e-02 33 2.052069e+03 2.051319e+03 -5.236341e+02 -1.175507e+03
3.574650e-02 79 1.187903e+03 1.187065e+03 3.567872e+01 -5.835806e+02
4.583347e-02 105 8.030556e+02 8.021014e+02 -1.899815e+02 4.684149e+01
5.486964e-02 145 7.938715e+02 7.925037e+02 1.639897e+02 4.998183e+01
6.471857e-02 243 6.836696e+02 6.820397e+02 -9.367438e+00 1.159565e+01
7.503996e-02 313 6.577755e+02 6.556564e+02 -3.240619e+01 7.042165e+01
8.485495e-02 369 5.279015e+02 5.257312e+02 2.737539e+01 6.037751e+01
9.528688e-02 571 3.965719e+02 3.945269e+02 -2.978011e+01 -3.154301e+00
1.059290e-01 601 3.580092e+02 3.557256e+02 -1.577181e+01 -5.118179e+01
1.156806e-01 705 3.411327e+02 3.385269e+02 3.547698e-02 -5.761416e+00
1.255756e-01 883 2.854187e+02 2.828578e+02 4.915078e+00 -3.458337e+01
1.352378e-01 909 2.551530e+02 2.525043e+02 4.795130e+00 -3.082157e+01
1.449493e-01 1177 2.300511e+02 2.273035e+02 -2.528945e+00 2.065011e+01
1.550659e-01 1323 1.894627e+02 1.868823e+02 1.955806e+00 -1.955189e+01
1.649601e-01 1453 1.690463e+02 1.664373e+02 1.047675e+01 -2.630712e+00
1.749597e-01 1701 1.634264e+02 1.605880e+02 3.667997e+00 -7.302919e+00
1.852437e-01 1963 1.553963e+02 1.523745e+02 2.290999e+00 -1.207440e+01
1.951071e-01 1933 1.385431e+02 1.355616e+02 7.498618e+00 -1.575478e-01
2.049888e-01 2397 1.215280e+02 1.186426e+02 -4.495416e+00 -1.153174e+01
2.151844e-01 2539 1.119582e+02 1.090336e+02 3.280001e+00 -1.879806e+00
2.250745e-01 2694 1.031010e+02 1.001560e+02 5.785124e+00 9.607011e+00
2.350927e-01 3121 9.743230e+01 9.440218e+01 3.774954e+00 -8.234961e-02
2.451974e-01 3255 9.019316e+01 8.714423e+01 8.622226e-01 8.092509e+00
2.550872e-01 3517 8.620306e+01 8.305362e+01 -8.936353e-01 4.301454e+00
2.649947e-01 3813 7.551249e+01 7.253991e+01 1.272409e+00 -5.265113e+00
2.750606e-01 4231 7.197729e+01 6.892860e+01 -3.781535e+00 7.413733e+00
2.851157e-01 4389 6.559074e+01 6.260900e+01 1.699370e+00 5.550649e+00
2.950080e-01 4717 6.333195e+01 6.025715e+01 3.874541e+00 1.853453e+00
3.050474e-01 5191 6.053232e+01 5.739252e+01 -1.151461e+00 2.377932e+00
3.151078e-01 5373 5.615345e+01 5.305206e+01 -2.681800e+00 6.236092e-01
3.251295e-01 5893 5.301203e+01 4.989897e+01 1.392094e+00 -1.367378e-02
3.352591e-01 6183 4.960564e+01 4.651397e+01 -5.829287e-01 1.510139e+00
3.451640e-01 6349 4.675879e+01 4.367531e+01 1.481100e+00 1.698068e+00
3.550965e-01 6993 4.409632e+01 4.102576e+01 -1.579941e+00 -2.038321e+00
3.649687e-01 7003 4.176292e+01 3.869597e+01 -7.730460e-01 2.127064e+00
3.749450e-01 7941 3.931261e+01 3.627139e+01 7.111015e-01 -1.066252e+00
3.851630e-01 8221 3.769044e+01 3.461970e+01 -1.006367e+00 -1.539781e+00
3.951752e-01 8449 3.605262e+01 3.296574e+01 -8.102006e-02 2.469060e+00
4.050872e-01 8931 3.390147e+01 3.085918e+01 9.805310e-01 -5.698803e-01
4.149904e-01 9289 3.312888e+01 3.001488e+01 -1.447202e-01 1.756435e-01
4.250484e-01 10113 3.138074e+01 2.829404e+01 5.629840e-01 -1.456151e+00
4.350196e-01 10087 3.043512e+01 2.730683e+01 -1.503800e+00 2.389849e-01
4.449689e-01 10998 2.843690e+01 2.538524e+01 -7.436012e-01 1.926142e-02
4.550136e-01 11233 2.774754e+01 2.464125e+01 -1.066252e+00 3.667799e-01
4.650240e-01 11991 2.637097e+01 2.329476e+01 -7.522299e-01 -1.792138e-01
4.750600e-01 12241 2.555236e+01 2.244975e+01 4.121156e-01 -1.534608e-01
4.850824e-01 13033 2.444243e+01 2.135637e+01 -8.796754e-01 5.502282e-01
4.950626e-01 13227 2.339764e+01 2.032835e+01 -2.116335e-01 -1.175069e-01
5.050218e-01 13993 2.244351e+01 1.938748e+01 3.820167e-01 -3.849186e-01
5.149626e-01 14301 2.153347e+01 1.849341e+01 -4.561146e-02 7.252198e-01
5.249789e-01 15355 2.075399e+01 1.771670e+01 -8.059586e-01 -8.203776e-02
5.350486e-01 15585 1.974691e+01 1.675393e+01 4.871099e-02 1.998151e-01
5.451135e-01 16549 1.963281e+01 1.655279e+01 1.066925e-01 -7.925381e-03
5.551181e-01 16587 1.857131e+01 1.555883e+01 4.556267e-01 1.728544e-01
5.650424e-01 17461 1.792965e+01 1.492531e+01 8.593032e-02 4.121766e-02
5.750589e-01 18177 1.741467e+01 1.440107e+01 -6.433707e-02 4.132231e-01
5.850828e-01 18739 1.681050e+01 1.380879e+01 -5.182959e-01 -1.453511e-01
5.950416e-01 19165 1.628285e+01 1.328431e+01 1.019186e-01 -4.241489e-02
6.049746e-01 20013 1.588323e+01 1.286970e+01 2.170506e-01 5.063401e-01
6.149470e-01 20587 1.522954e+01 1.225326e+01 4.281308e-01 2.820768e-01
6.249968e-01 21657 1.492241e+01 1.192037e+01 -3.674744e-01 1.507197e-01
6.350666e-01 22129 1.439279e+01 1.141312e+01 -1.592973e-03 -1.307541e-01
6.450498e-01 22611 1.388904e+01 1.093267e+01 -2.341789e-01 2.040902e-01
6.549912e-01 23317 1.334856e+01 1.042875e+01 -1.116253e-01 3.253050e-01
6.649535e-01 24222 1.305360e+01 1.012100e+01 -1.625083e-01 -1.915054e-01
6.749660e-01 24943 1.266948e+01 9.747314e+00 1.551755e-01 1.005241e-01
6.850252e-01 25921 1.225007e+01 9.350023e+00 -1.068618e-01 2.276432e-01
6.950284e-01 26253 1.208680e+01 9.151528e+00 1.130130e-01 2.772570e-01
7.049900e-01 27139 1.167161e+01 8.766459e+00 -7.754215e-02 5.806392e-01
7.150256e-01 28185 1.129744e+01 8.415542e+00 2.202356e-01 3.876883e-02
7.250860e-01 28969 1.098627e+01 8.115295e+00 -2.219770e-01 1.157111e-01
7.350183e-01 28887 1.087902e+01 7.968709e+00 -2.913417e-01 4.957448e-01
7.450018e-01 30937 1.062666e+01 7.717528e+00 -5.176569e-02 1.581214e-01
7.551045e-01 31341 1.022932e+01 7.363824e+00 6.933851e-02 2.594087e-01
7.650666e-01 31555 9.959325e+00 7.106787e+00 1.367283e-02 3.477000e-01
7.750154e-01 33025 9.839307e+00 6.958951e+00 -2.459768e-03 -1.399338e-02
7.850634e-01 33921 9.446387e+00 6.620659e+00 8.279023e-02 3.231151e-01
7.950596e-01 34285 9.181512e+00 6.376096e+00 -1.221542e-01 2.628532e-01
8.050450e-01 35703 8.963378e+00 6.167075e+00 -1.659560e-01 -5.564738e-02
8.150563e-01 36205 8.768750e+00 5.976784e+00 -3.115111e-02 -1.234460e-01
8.250795e-01 37485 8.542482e+00 5.767223e+00 1.363978e-01 1.910813e-01
8.350885e-01 38047 8.337590e+00 5.574691e+00 8.909818e-02 1.341452e-01
8.450499e-01 38913 8.235836e+00 5.453466e+00 -1.142255e-03 1.214492e-01
8.550252e-01 39853 7.979691e+00 5.231953e+00 7.730256e-02 1.661235e-01
8.650455e-01 41367 7.874107e+00 5.111305e+00 5.236835e-02 7.148686e-03
8.750680e-01 41617 7.712316e+00 4.955689e+00 -3.057076e-02 9.677146e-02
8.849916e-01 42430 7.507572e+00 4.775363e+00 -2.034825e-02 9.251530e-02
8.949944e-01 44367 7.343921e+00 4.623222e+00 -1.206916e-02 5.330103e-02
9.050336e-01 44569 7.184263e+00 4.475402e+00 1.091214e-01 2.384885e-01
9.150411e-01 46089 7.050353e+00 4.345860e+00 -5.159732e-02 2.048245e-01
9.250625e-01 46819 6.916763e+00 4.218003e+00 7.596077e-02 1.219460e-01
9.350607e-01 47793 6.712688e+00 4.049539e+00 -1.102121e-01 6.597886e-02
9.450463e-01 48697 6.655413e+00 3.971412e+00 5.835083e-03 7.572698e-02
9.549734e-01 49443 6.483600e+00 3.826670e+00 -5.904309e-02 3.126402e-01
9.649510e-01 51097 6.344200e+00 3.702979e+00 1.982627e-02 1.451658e-01
9.750082e-01 52453 6.216115e+00 3.587351e+00 1.119581e-01 1.146934e-01
9.850290e-01 52947 6.074700e+00 3.466053e+00 5.139537e-02 7.098573e-02
9.950258e-01 54193 5.942216e+00 3.351720e+00 -6.620094e-03 1.851827e-01
