# nc 324
# boxsize 6.000000e+02
# nbar 0.000000e+00
1.483274e-02 13 1.292234e+03 1.292074e+03 -2.251449e+02 -7.327467e+02
2.513187e-02 33 1.552491e+03 1.551927e+03 -4.376461e-01 9.763240e+01
3.574650e-02 79 1.069682e+03 1.068923e+03 2.289036e+02 4.707386e+01
4.583347e-02 105 1.002785e+03 1.001563e+03 -9.850179e+01 -2.247153e+02
5.486964e-02 145 8.531797e+02 8.517218e+02 -1.760205e+02 1.368850e+02
6.471857e-02 243 7.678049e+02 7.659575e+02 -5.377864e+01 -4.148284e+02
7.503996e-02 313 6.708318e+02 6.686797e+02 4.089739e+01 8.650183e+01
8.485495e-02 369 5.010029e+02 4.989539e+02 -7.120184e+00 7.636451e+01
9.528688e-02 571 4.226560e+02 4.204713e+02 -5.502372e+01 -6.711028e+01
1.059290e-01 601 3.562856e+02 3.540062e+02 4.882234e+01 -4.882087e+00
1.156806e-01 705 3.323453e+02 3.298114e+02 5.899078e+00 2.853252e+01
1.255756e-01 883 2.703286e+02 2.679084e+02 8.547806e+00 -4.635286e+01
1.352378e-01 909 2.626578e+02 2.599357e+02 -2.078592e+01 9.663934e+00
1.449493e-01 1177 2.335470e+02 2.307621e+02 1.465718e+01 -3.850806e+00
1.550659e-01 1323 1.843576e+02 1.818468e+02 4.649373e+00 -1.279484e+01
1.649601e-01 1453 1.793788e+02 1.766097e+02 3.156792e+00 2.906182e+00
1.749597e-01 1701 1.651674e+02 1.623066e+02 -5.809486e+00 -2.113669e+01
1.852437e-01 1963 1.496242e+02 1.467153e+02 1.670119e+00 8.958753e-01
1.951071e-01 1933 1.317021e+02 1.288688e+02 -2.136237e+00 3.700335e+00
2.049888e-01 2397 1.265399e+02 1.235393e+02 -1.009547e-01 -1.597370e+01
2.151844e-01 2539 1.093192e+02 1.064611e+02 -8.898661e+00 -3.142597e+00
2.250745e-01 2694 1.023136e+02 9.939285e+01 1.694528e+00 5.841436e-01
2.350927e-01 3121 9.529807e+01 9.233302e+01 3.922301e+00 -1.035407e+01
2.451974e-01 3255 8.981561e+01 8.677940e+01 2.661688e+00 4.173480e+00
2.550872e-01 3517 8.554712e+01 8.242062e+01 -2.702487e+00 -3.928619e+00
2.649947e-01 3813 7.551060e+01 7.253677e+01 5.132325e-01 -7.028689e+00
2.750606e-01 4231 7.036432e+01 6.738249e+01 1.085319e+00 5.434361e+00
2.851157e-01 4389 6.633768e+01 6.332454e+01 -1.689641e+00 3.213916e+00
2.950080e-01 4717 6.423940e+01 6.111921e+01 7.941324e-01 -3.357344e+00
3.050474e-01 5191 5.883061e+01 5.577879e+01 3.640225e+00 -2.311067e-01
3.151078e-01 5373 5.746697e+01 5.429254e+01 -1.057815e+00 3.058451e+00
3.251295e-01 5893 5.355315e+01 5.040807e+01 -5.254644e-01 -1.856763e+00
3.352591e-01 6183 4.907707e+01 4.601814e+01 6.839640e-01 -1.182053e+00
3.451640e-01 6349 4.637233e+01 4.331476e+01 5.179288e-01 1.476889e+00
3.550965e-01 6993 4.357116e+01 4.053642e+01 -1.175002e+00 -4.028190e+00
3.649687e-01 7003 4.201487e+01 3.892883e+01 7.138425e-01 2.778688e+00
3.749450e-01 7941 4.020430e+01 3.709351e+01 3.828368e-01 -1.153181e+00
3.851630e-01 8221 3.899516e+01 3.581776e+01 -4.133798e-01 -1.156760e+00
3.951752e-01 8449 3.620380e+01 3.310495e+01 -2.076312e+00 -1.053214e-01
4.050872e-01 8931 3.471362e+01 3.159827e+01 -1.526952e+00 -1.315347e+00
4.149904e-01 9289 3.250943e+01 2.945469e+01 2.652271e-01 -4.008370e-02
4.250484e-01 10113 3.165134e+01 2.853717e+01 -6.584933e-01 1.379309e+00
4.350196e-01 10087 2.998379e+01 2.690118e+01 5.761504e-01 -1.212118e+00
4.449689e-01 10998 2.857502e+01 2.550878e+01 2.299690e+00 -2.096538e-01
4.550136e-01 11233 2.740602e+01 2.433835e+01 5.933068e-01 -3.007877e-01
4.650240e-01 11991 2.689541e+01 2.375804e+01 -8.376522e-02 7.106587e-01
4.750600e-01 12241 2.509678e+01 2.204898e+01 4.808367e-01 2.244011e-01
4.850824e-01 13033 2.450274e+01 2.140865e+01 -8.912585e-01 7.484249e-01
4.950626e-01 13227 2.289340e+01 1.989006e+01 -5.332458e-01 -1.007660e+00
5.050218e-01 13993 2.248628e+01 1.942467e+01 -6.901886e-02 1.000495e-01
5.149626e-01 14301 2.144593e+01 1.841833e+01 3.884606e-01 4.234818e-01
5.249789e-01 15355 2.075867e+01 1.772108e+01 -5.508481e-01 1.826256e-03
5.350486e-01 15585 2.023832e+01 1.717125e+01 -7.481148e-01 2.061109e-01
5.451135e-01 16549 1.928359e+01 1.625887e+01 -2.308196e-01 -2.695435e-01
5.551181e-01 16587 1.886521e+01 1.580512e+01 -1.857652e-02 3.095669e-01
5.650424e-01 17461 1.802255e+01 1.500248e+01 -1.041469e-01 5.896047e-02
5.750589e-01 18177 1.755313e+01 1.451575e+01 -1.023305e-02 1.838692e-01
5.850828e-01 18739 1.688373e+01 1.386875e+01 -5.483527e-01 1.533994e-01
5.950416e-01 19165 1.604585e+01 1.309121e+01 -2.828024e-01 4.196779e-01
6.049746e-01 20013 1.599553e+01 1.296037e+01 3.055246e-01 2.523838e-01
6.149470e-01 20587 1.533378e+01 1.233765e+01 -1.727253e-01 -4.284569e-01
6.249968e-01 21657 1.474029e+01 1.177474e+01 -2.747194e-01 2.178434e-01
6.350666e-01 22129 1.428208e+01 1.132515e+01 2.104747e-01 4.195216e-01
6.450498e-01 22611 1.394194e+01 1.097446e+01 -1.976470e-01 2.180737e-01
6.549912e-01 23317 1.333342e+01 1.041705e+01 -1.012607e-01 1.539432e-01
6.649535e-01 24222 1.309629e+01 1.015425e+01 -1.804460e-01 6.184864e-02
6.749660e-01 24943 1.277779e+01 9.830639e+00 2.293319e-01 1.035729e+00
6.850252e-01 25921 1.231874e+01 9.402339e+00 9.903547e-03 -4.106914e-01
6.950284e-01 26253 1.195097e+01 9.049334e+00 -2.301765e-01 1.110488e-01
7.049900e-01 27139 1.152180e+01 8.654116e+00 -1.687285e-01 -2.257701e-01
7.150256e-01 28185 1.139845e+01 8.490828e+00 1.535364e-01 2.600966e-01
7.250860e-01 28969 1.112102e+01 8.214777e+00 1.520144e-01 -2.374904e-03
7.350183e-01 28887 1.086264e+01 7.956773e+00 4.814123e-02 3.416539e-01
7.450018e-01 30937 1.042332e+01 7.570002e+00 -1.490391e-01 6.864999e-02
7.551045e-01 31341 1.016875e+01 7.320333e+00 -4.842475e-02 -4.106177e-02
7.650666e-01 31555 1.002110e+01 7.150739e+00 2.029788e-01 1.680320e-01
7.750154e-01 33025 9.646389e+00 6.822547e+00 3.855610e-03 2.444316e-01
7.850634e-01 33921 9.444999e+00 6.619611e+00 7.994020e-03 3.166054e-01
7.950596e-01 34285 9.212874e+00 6.398056e+00 -1.156728e-01 -1.475426e-01
8.050450e-01 35703 8.978404e+00 6.177419e+00 -8.465408e-02 2.730977e-01
8.150563e-01 36205 8.794004e+00 5.993995e+00 -4.092941e-02 2.835699e-01
8.250795e-01 37485 8.585300e+00 5.796038e+00 -1.500911e-01 1.225887e-01
8.350885e-01 38047 8.475914e+00 5.667159e+00 -3.448410e-02 -1.086144e-02
8.450499e-01 38913 8.170680e+00 5.410233e+00 -6.658584e-02 2.729126e-01
8.550252e-01 39853 8.058749e+00 5.283784e+00 -1.371111e-01 1.739998e-01
8.650455e-01 41367 7.835204e+00 5.086048e+00 -5.716127e-02 -6.141049e-02
8.750680e-01 41617 7.643127e+00 4.911369e+00 7.750861e-02 -8.720467e-02
8.849916e-01 42430 7.453342e+00 4.740929e+00 -5.484007e-02 9.757405e-02
8.949944e-01 44367 7.299090e+00 4.594923e+00 -1.279231e-03 2.339435e-01
9.050336e-01 44569 7.210947e+00 4.491957e+00 -6.189930e-02 1.717207e-01
9.150411e-01 46089 7.026381e+00 4.330937e+00 1.069998e-02 2.419913e-01
9.250625e-01 46819 6.846235e+00 4.175011e+00 1.027163e-01 5.470873e-02
9.350607e-01 47793 6.767851e+00 4.082824e+00 -1.631514e-01 1.214868e-01
9.450463e-01 48697 6.600712e+00 3.938815e+00 -4.825740e-02 1.937240e-01
9.549734e-01 49443 6.448170e+00 3.805762e+00 2.045221e-02 1.522657e-01
9.649510e-01 51097 6.336531e+00 3.698600e+00 -7.598650e-02 4.153093e-02
9.750082e-01 52453 6.204909e+00 3.580855e+00 9.366204e-02 2.281596e-01
9.850290e-01 52947 6.096310e+00 3.478413e+00 -3.353930e-02 7.275642e-02
9.950258e-01 54193 5.942075e+00 3.351669e+00 3.545596e-03 7.130609e-02
