# text fof file
# logMmin 1.200000e+01 -> nfof_min 133
# boxsize 600.000000
# density total 7.716850e+05 7.716850e+05; rel difference 1.006227e-13
# nbar 3.572616e-03
1.483274e-02 13 2.029511e+04 2.057246e+04 -5.228857e+03 -5.755912e+03
2.513187e-02 33 2.057426e+04 2.084688e+04 -9.866848e+02 1.784576e+02
3.574650e-02 79 1.836723e+04 1.863371e+04 -1.687176e+03 1.022010e+04
4.583347e-02 105 1.216647e+04 1.243161e+04 -4.723969e+03 1.364370e+03
5.486964e-02 145 1.041186e+04 1.067347e+04 -2.971157e+03 5.351485e+03
6.471857e-02 243 9.782267e+03 1.003822e+04 9.947228e+02 -1.291372e+03
7.503996e-02 313 7.888792e+03 8.142482e+03 7.719351e+02 1.333774e+03
8.485495e-02 369 6.261583e+03 6.514722e+03 6.152119e+02 2.065981e+03
9.528688e-02 571 5.279080e+03 5.530343e+03 3.222633e+02 -2.626665e+01
1.059290e-01 601 4.516994e+03 4.766151e+03 -2.450238e+02 7.922160e+02
1.156806e-01 705 4.316049e+03 4.560998e+03 1.258793e+02 1.155544e+03
1.255756e-01 883 3.936061e+03 4.178184e+03 -1.337840e+02 7.807521e+02
1.352378e-01 909 3.330467e+03 3.572860e+03 3.301416e+02 -2.371209e+02
1.449493e-01 1177 2.897521e+03 3.139450e+03 -1.858074e+02 -1.552911e+02
1.550659e-01 1323 2.584450e+03 2.825291e+03 5.720698e+00 -3.424130e+02
1.649601e-01 1453 2.366613e+03 2.605731e+03 -2.664148e+02 -6.282098e+01
1.749597e-01 1701 2.225895e+03 2.462356e+03 -1.492752e+02 2.826378e+01
1.852437e-01 1963 2.035436e+03 2.270359e+03 -7.651743e+01 -7.555950e+01
1.951071e-01 1933 1.855588e+03 2.089491e+03 -6.372160e+01 -8.220907e+01
2.049888e-01 2397 1.814759e+03 2.044940e+03 -3.253090e+02 -1.080862e+02
2.151844e-01 2539 1.594713e+03 1.825615e+03 -2.727030e+01 -6.421951e+01
2.250745e-01 2694 1.505277e+03 1.734208e+03 5.972937e+01 -3.513287e+00
2.350927e-01 3121 1.343741e+03 1.573099e+03 -2.588972e+01 -1.555633e+01
2.451974e-01 3255 1.288086e+03 1.514971e+03 -6.856090e+01 -6.648711e+01
2.550872e-01 3517 1.213945e+03 1.439250e+03 -3.607274e+01 1.038232e+02
2.649947e-01 3813 1.127580e+03 1.352086e+03 3.152417e+01 7.352205e+01
2.750606e-01 4231 1.033759e+03 1.258030e+03 -6.976059e+01 -3.863005e+01
2.851157e-01 4389 9.955392e+02 1.217488e+03 -3.612184e+01 8.884313e+01
2.950080e-01 4717 9.205157e+02 1.142122e+03 -7.121990e+01 5.898945e+01
3.050474e-01 5191 8.938450e+02 1.112871e+03 1.848609e+01 2.773889e+01
3.151078e-01 5373 8.587341e+02 1.075770e+03 1.260914e+01 1.085786e+02
3.251295e-01 5893 8.079933e+02 1.024052e+03 -5.384867e+01 1.949930e+01
3.352591e-01 6183 7.743073e+02 9.885383e+02 -2.088503e+01 -2.569655e+00
3.451640e-01 6349 6.870098e+02 9.031931e+02 1.834725e+01 4.574565e+01
3.550965e-01 6993 6.783979e+02 8.915879e+02 -2.415543e+01 -2.529194e+01
3.649687e-01 7003 6.575682e+02 8.686613e+02 4.809123e+01 2.439376e+01
3.749450e-01 7941 6.263053e+02 8.361432e+02 1.118384e+01 1.572671e+01
3.851630e-01 8221 6.048105e+02 8.126842e+02 1.247647e+01 3.443445e+01
3.951752e-01 8449 5.941559e+02 7.993088e+02 -1.296098e+01 9.098267e+01
4.050872e-01 8931 5.402866e+02 7.466409e+02 -2.109513e+01 -5.386257e+00
4.149904e-01 9289 5.086255e+02 7.144992e+02 -3.451562e+00 2.616484e+01
4.250484e-01 10113 5.044534e+02 7.072881e+02 2.404282e+01 1.032569e+01
4.350196e-01 10087 5.032546e+02 7.027255e+02 1.048951e+01 -8.197070e+00
4.449689e-01 10998 4.676453e+02 6.674230e+02 -4.604581e+00 6.473700e+00
4.550136e-01 11233 4.584565e+02 6.558112e+02 -3.485322e+00 4.469074e+00
4.650240e-01 11991 4.450511e+02 6.405125e+02 -1.033137e+01 -5.720011e+00
4.750600e-01 12241 4.142042e+02 6.099540e+02 -2.153801e+01 2.796750e+01
4.850824e-01 13033 4.095614e+02 6.025447e+02 1.579886e+01 5.710031e+01
4.950626e-01 13227 3.917197e+02 5.836776e+02 -1.601274e+01 -2.685928e+01
5.050218e-01 13993 3.746005e+02 5.655718e+02 1.110869e+01 1.094030e+01
5.149626e-01 14301 3.670103e+02 5.557472e+02 -1.710008e+01 8.103341e+00
5.249789e-01 15355 3.562382e+02 5.432546e+02 -9.749654e+00 -3.197537e+00
5.350486e-01 15585 3.323934e+02 5.197071e+02 4.738498e+00 1.824641e+01
5.451135e-01 16549 3.334422e+02 5.173523e+02 -1.916808e+01 1.029163e+00
5.551181e-01 16587 3.180482e+02 5.011965e+02 -1.167702e+01 1.786041e+01
5.650424e-01 17461 3.067036e+02 4.885715e+02 1.026077e+01 -8.726369e+00
5.750589e-01 18177 2.985750e+02 4.786673e+02 -1.436520e+01 -1.850856e+01
5.850828e-01 18739 2.885412e+02 4.672497e+02 -2.387741e+00 -8.040989e+00
5.950416e-01 19165 2.853994e+02 4.615238e+02 -5.531773e+00 1.722912e+01
6.049746e-01 20013 2.705483e+02 4.463623e+02 -6.600142e+00 8.467637e+00
6.149470e-01 20587 2.631543e+02 4.372961e+02 -3.187474e+00 -3.395094e+00
6.249968e-01 21657 2.518214e+02 4.251294e+02 -4.918188e+00 4.784754e-01
6.350666e-01 22129 2.503641e+02 4.209035e+02 -5.413943e+00 1.126032e+01
6.450498e-01 22611 2.385751e+02 4.085423e+02 3.267413e+00 -3.897062e-01
6.549912e-01 23317 2.341241e+02 4.020370e+02 -7.851308e+00 -8.696383e+00
6.649535e-01 24222 2.308216e+02 3.964804e+02 -4.485550e+00 1.104552e+00
6.749660e-01 24943 2.184516e+02 3.839206e+02 -2.737492e+00 1.860689e+01
6.850252e-01 25921 2.210253e+02 3.828954e+02 -2.454666e+00 1.485234e+01
6.950284e-01 26253 2.079454e+02 3.699754e+02 6.070598e+00 2.146895e+00
7.049900e-01 27139 2.034082e+02 3.636349e+02 -1.268344e+01 8.911847e+00
7.150256e-01 28185 2.018219e+02 3.594856e+02 2.491505e+00 1.421343e+01
7.250860e-01 28969 1.986524e+02 3.541795e+02 1.481722e+00 -4.286495e+00
7.350183e-01 28887 1.884173e+02 3.437541e+02 -4.363635e+00 -9.925432e-01
7.450018e-01 30937 1.826831e+02 3.367046e+02 1.429594e+01 1.183584e+01
7.551045e-01 31341 1.772829e+02 3.299103e+02 6.502624e+00 1.778760e+00
7.650666e-01 31555 1.744343e+02 3.250417e+02 2.383643e+00 -4.475606e+00
7.750154e-01 33025 1.709269e+02 3.197300e+02 7.844886e+00 9.831126e-01
7.850634e-01 33921 1.683139e+02 3.150589e+02 2.109152e+00 2.269766e+00
7.950596e-01 34285 1.606355e+02 3.068956e+02 3.474128e+00 5.809189e+00
8.050450e-01 35703 1.595187e+02 3.033449e+02 -9.661908e+00 -2.507200e-01
8.150563e-01 36205 1.555048e+02 2.978186e+02 7.440258e+00 7.305773e-01
8.250795e-01 37485 1.500497e+02 2.913619e+02 -1.014429e+01 -4.364351e+00
8.350885e-01 38047 1.462896e+02 2.861095e+02 2.120338e+00 -1.988573e+00
8.450499e-01 38913 1.415017e+02 2.802290e+02 2.190587e+00 -4.139027e+00
8.550252e-01 39853 1.410836e+02 2.772673e+02 -6.730696e+00 1.021844e+01
8.650455e-01 41367 1.370506e+02 2.719503e+02 3.103879e+00 -2.110659e+00
8.750680e-01 41617 1.288801e+02 2.640286e+02 -3.109789e+00 2.294429e-01
8.849916e-01 42430 1.310655e+02 2.628155e+02 3.609875e+00 9.708586e+00
8.949944e-01 44367 1.263859e+02 2.572310e+02 -4.993308e+00 7.130982e+00
9.050336e-01 44569 1.216300e+02 2.516639e+02 5.348821e+00 1.970479e+00
9.150411e-01 46089 1.182114e+02 2.469737e+02 -2.012892e+00 8.964661e-03
9.250625e-01 46819 1.180570e+02 2.443241e+02 -2.997953e+00 1.898392e+00
9.350607e-01 47793 1.162195e+02 2.406824e+02 -2.235417e+00 -5.864253e+00
9.450463e-01 48697 1.111003e+02 2.350855e+02 -3.275642e+00 1.628253e+00
9.549734e-01 49443 1.089533e+02 2.313423e+02 6.894589e+00 1.743112e+00
9.649510e-01 51097 1.028126e+02 2.252944e+02 7.593708e+00 -5.218836e-01
9.750082e-01 52453 1.066875e+02 2.250747e+02 8.235099e-01 -1.480920e+00
9.850290e-01 52947 1.023070e+02 2.201221e+02 -5.020156e+00 3.617776e+00
9.950258e-01 54193 9.990937e+01 2.163477e+02 -1.268723e+00 6.159513e+00
