# text fof file
# logMmin 1.200000e+01 -> nfof_min 133
# boxsize 600.000000
# density total 7.708840e+05 7.708840e+05; rel difference 2.868084e-11
# nbar 3.568908e-03
1.483274e-02 13 3.161769e+04 3.189392e+04 -1.368648e+04 -6.355014e+03
2.513187e-02 33 2.517410e+04 2.544570e+04 2.208553e+04 4.290933e+04
3.574650e-02 79 1.724823e+04 1.751594e+04 6.033574e+03 -2.645945e+03
4.583347e-02 105 1.366084e+04 1.392432e+04 -1.511343e+03 1.179416e+03
5.486964e-02 145 1.079992e+04 1.106100e+04 -6.463530e+02 -5.052321e+02
6.471857e-02 243 9.598073e+03 9.854739e+03 -4.757701e+02 -3.214971e+03
7.503996e-02 313 8.143389e+03 8.396473e+03 -2.763473e+02 2.114188e+03
8.485495e-02 369 6.391067e+03 6.643951e+03 4.824792e+02 -1.967928e+01
9.528688e-02 571 5.326530e+03 5.577760e+03 -5.224716e+02 1.498039e+02
1.059290e-01 601 4.752900e+03 5.000890e+03 -7.885456e+02 -5.565108e+02
1.156806e-01 705 4.236727e+03 4.482549e+03 4.671242e+02 2.945840e+02
1.255756e-01 883 4.033024e+03 4.274633e+03 2.885118e+02 -2.795097e+02
1.352378e-01 909 3.381928e+03 3.624074e+03 2.519886e+02 -5.326144e+01
1.449493e-01 1177 2.983724e+03 3.225073e+03 -2.967774e+02 -1.968390e+01
1.550659e-01 1323 2.534134e+03 2.775988e+03 1.221356e+02 -2.476603e+02
1.649601e-01 1453 2.472133e+03 2.709833e+03 -2.300506e+02 1.820486e+02
1.749597e-01 1701 2.206601e+03 2.443633e+03 -1.817168e+02 -1.892845e+02
1.852437e-01 1963 2.051156e+03 2.286097e+03 -7.275694e+01 -4.899943e+01
1.951071e-01 1933 1.843424e+03 2.077888e+03 -9.371916e+01 3.046680e+02
2.049888e-01 2397 1.775944e+03 2.007326e+03 2.070352e+01 -1.029787e+01
2.151844e-01 2539 1.608611e+03 1.839465e+03 4.535966e+01 5.696680e+01
2.250745e-01 2694 1.481256e+03 1.711173e+03 -1.399156e+02 7.112920e+01
2.350927e-01 3121 1.377431e+03 1.606082e+03 -3.306713e+01 1.080619e+02
2.451974e-01 3255 1.263734e+03 1.491721e+03 2.695882e+01 6.747265e+01
2.550872e-01 3517 1.222288e+03 1.447590e+03 6.685583e+00 1.467652e+02
2.649947e-01 3813 1.184883e+03 1.407416e+03 -7.489777e+01 -9.127175e+01
2.750606e-01 4231 1.056110e+03 1.279714e+03 1.179588e+02 1.272420e+02
2.851157e-01 4389 1.018278e+03 1.239475e+03 1.500301e+01 1.238044e+02
2.950080e-01 4717 9.577338e+02 1.177784e+03 -8.262931e+01 1.033631e+01
3.050474e-01 5191 8.870795e+02 1.106762e+03 2.838077e+01 2.113061e+01
3.151078e-01 5373 8.566062e+02 1.074023e+03 4.156273e+01 6.995792e+01
3.251295e-01 5893 7.919446e+02 1.009215e+03 1.134077e+01 -4.821679e+01
3.352591e-01 6183 7.892366e+02 1.002827e+03 -5.584888e+01 -4.480634e+01
3.451640e-01 6349 7.361795e+02 9.493734e+02 1.617946e+00 1.306785e+01
3.550965e-01 6993 7.095958e+02 9.208736e+02 -1.373400e+01 1.956851e+01
3.649687e-01 7003 6.670302e+02 8.777224e+02 -8.926563e+00 -2.894385e+00
3.749450e-01 7941 6.358942e+02 8.452396e+02 -2.753976e+01 -4.471367e+01
3.851630e-01 8221 6.196954e+02 8.266007e+02 2.596259e+01 -5.820111e+00
3.951752e-01 8449 5.859185e+02 7.920541e+02 -1.521356e+01 1.704540e+01
4.050872e-01 8931 5.544907e+02 7.598491e+02 -2.085557e+01 -1.317274e+01
4.149904e-01 9289 5.317648e+02 7.357221e+02 3.048950e+01 4.342844e+01
4.250484e-01 10113 4.947902e+02 6.988334e+02 1.136946e+01 2.619806e+00
4.350196e-01 10087 4.917985e+02 6.927258e+02 -1.621584e+01 -1.987476e+01
4.449689e-01 10998 4.711104e+02 6.707936e+02 1.814736e+01 4.320749e+00
4.550136e-01 11233 4.558952e+02 6.537960e+02 4.198567e+01 1.570748e+01
4.650240e-01 11991 4.295971e+02 6.271082e+02 -1.285850e+01 6.402912e+00
4.750600e-01 12241 4.292156e+02 6.234039e+02 -4.855189e+00 -3.356169e+00
4.850824e-01 13033 4.087766e+02 6.021160e+02 -2.824661e+00 1.430305e+01
4.950626e-01 13227 3.967650e+02 5.883030e+02 -2.553240e+00 -1.474762e+00
5.050218e-01 13993 3.944965e+02 5.829801e+02 -1.619724e+01 1.241245e+01
5.149626e-01 14301 3.746703e+02 5.625801e+02 -1.232991e+01 3.302568e+01
5.249789e-01 15355 3.464586e+02 5.351451e+02 7.853418e+00 -3.200403e+01
5.350486e-01 15585 3.449482e+02 5.305892e+02 -5.421801e+00 -5.517266e+00
5.451135e-01 16549 3.312865e+02 5.157821e+02 -7.882396e+00 -1.559245e+01
5.551181e-01 16587 3.231422e+02 5.057231e+02 -1.212903e+01 4.190216e+00
5.650424e-01 17461 3.060116e+02 4.882327e+02 -1.158306e+01 -5.535571e+00
5.750589e-01 18177 2.971368e+02 4.777095e+02 -4.343779e+00 -2.850558e+01
5.850828e-01 18739 2.834910e+02 4.633277e+02 2.243577e+01 3.139843e+00
5.950416e-01 19165 2.858903e+02 4.621722e+02 4.690077e-01 1.508056e+01
6.049746e-01 20013 2.727472e+02 4.483763e+02 -1.243804e+01 -6.756766e+00
6.149470e-01 20587 2.721211e+02 4.447726e+02 -3.134256e+00 -2.802873e+01
6.249968e-01 21657 2.541442e+02 4.272195e+02 1.065760e+01 -7.871643e+00
6.350666e-01 22129 2.474435e+02 4.188234e+02 1.907175e+00 1.193766e+00
6.450498e-01 22611 2.377094e+02 4.080898e+02 6.049966e+00 1.283210e+01
6.549912e-01 23317 2.321993e+02 4.007791e+02 -9.892014e-01 7.511638e+00
6.649535e-01 24222 2.280804e+02 3.945795e+02 1.387467e+01 2.935526e+01
6.749660e-01 24943 2.241003e+02 3.884946e+02 1.572819e+01 -2.713220e+00
6.850252e-01 25921 2.168128e+02 3.799009e+02 -1.120572e+00 6.545424e+00
6.950284e-01 26253 2.109239e+02 3.724480e+02 -1.411817e+00 7.860828e+00
7.049900e-01 27139 2.053892e+02 3.653338e+02 9.170852e+00 1.908961e+00
7.150256e-01 28185 1.962882e+02 3.555787e+02 -1.351952e+01 -3.641893e+00
7.250860e-01 28969 1.928679e+02 3.501242e+02 3.256668e+00 4.678181e+00
7.350183e-01 28887 1.845907e+02 3.411682e+02 -1.765329e+00 -8.593204e+00
7.450018e-01 30937 1.850030e+02 3.386021e+02 8.765593e-01 2.388475e+00
7.551045e-01 31341 1.793573e+02 3.316209e+02 2.282108e-01 -8.222060e+00
7.650666e-01 31555 1.772524e+02 3.272637e+02 3.023873e+00 5.642856e-01
7.750154e-01 33025 1.745063e+02 3.224688e+02 1.651557e+01 3.870048e+00
7.850634e-01 33921 1.667030e+02 3.141270e+02 -3.021735e+00 6.158182e+00
7.950596e-01 34285 1.658361e+02 3.107020e+02 -1.178098e+00 9.394013e+00
8.050450e-01 35703 1.594517e+02 3.034931e+02 4.640474e+00 3.017074e+00
8.150563e-01 36205 1.512838e+02 2.951414e+02 4.529904e-01 -1.950016e+00
8.250795e-01 37485 1.557550e+02 2.954088e+02 -2.363093e+00 6.831400e+00
8.350885e-01 38047 1.438533e+02 2.846753e+02 -1.697997e+00 -2.805695e+00
8.450499e-01 38913 1.412093e+02 2.802276e+02 4.706575e+00 3.285797e+00
8.550252e-01 39853 1.377413e+02 2.752631e+02 -8.634901e-01 8.785001e+00
8.650455e-01 41367 1.404388e+02 2.743380e+02 -1.916952e+00 -1.872140e+00
8.750680e-01 41617 1.348990e+02 2.680803e+02 4.907081e+00 -2.290136e+00
8.849916e-01 42430 1.319516e+02 2.635714e+02 -1.390612e+00 -7.466955e+00
8.949944e-01 44367 1.300969e+02 2.597594e+02 5.509023e+00 -2.257074e+00
9.050336e-01 44569 1.238543e+02 2.532268e+02 3.617764e+00 9.124241e-03
9.150411e-01 46089 1.234302e+02 2.503775e+02 -1.723084e+00 -1.105383e-01
9.250625e-01 46819 1.180485e+02 2.445033e+02 2.491714e+00 3.665617e+00
9.350607e-01 47793 1.178847e+02 2.418573e+02 -1.246920e+00 1.642709e+00
9.450463e-01 48697 1.094766e+02 2.342923e+02 -3.918579e+00 -2.729184e+00
9.549734e-01 49443 1.085659e+02 2.312924e+02 -3.082350e-01 4.410527e+00
9.649510e-01 51097 1.073395e+02 2.281030e+02 -9.136272e+00 6.053049e+00
9.750082e-01 52453 1.035151e+02 2.234159e+02 -2.522056e+00 2.198243e-01
9.850290e-01 52947 1.029452e+02 2.206481e+02 -1.750795e+00 -8.133226e-01
9.950258e-01 54193 9.987598e+01 2.165015e+02 -3.973772e+00 9.849109e+00
