# text fof file
# logMmin 1.200000e+01 -> nfof_min 133
# boxsize 600.000000
# density total 7.729350e+05 7.729350e+05; rel difference 1.831233e-11
# nbar 3.578403e-03
1.483274e-02 13 1.787697e+04 1.815360e+04 -7.353863e+03 -2.482112e+04
2.513187e-02 33 2.314828e+04 2.341975e+04 -7.097387e+03 2.132311e+04
3.574650e-02 79 1.443754e+04 1.470638e+04 -9.786178e+02 -9.620023e+02
4.583347e-02 105 1.170983e+04 1.197483e+04 5.446593e+03 3.597380e+03
5.486964e-02 145 1.028534e+04 1.054668e+04 -4.626526e+01 3.189948e+03
6.471857e-02 243 9.292274e+03 9.549152e+03 -2.038774e+03 1.422402e+03
7.503996e-02 313 9.368250e+03 9.616923e+03 -2.937517e+03 2.669216e+00
8.485495e-02 369 6.571467e+03 6.822854e+03 2.154900e+03 1.324638e+03
9.528688e-02 571 5.176553e+03 5.427750e+03 5.834872e+02 -2.856920e+02
1.059290e-01 601 4.948050e+03 5.194253e+03 7.735523e+01 -6.591719e+01
1.156806e-01 705 4.311318e+03 4.555895e+03 5.002969e+02 6.968223e+02
1.255756e-01 883 4.006730e+03 4.247753e+03 -1.460561e+02 -2.522762e+02
1.352378e-01 909 3.086741e+03 3.331225e+03 2.315740e+02 -2.105398e+02
1.449493e-01 1177 3.123666e+03 3.362607e+03 -1.656787e+02 3.017775e+02
1.550659e-01 1323 2.631458e+03 2.871224e+03 -7.778689e+01 -8.551746e+02
1.649601e-01 1453 2.445783e+03 2.683211e+03 1.503674e+02 1.660399e+02
1.749597e-01 1701 2.323773e+03 2.558027e+03 -4.953329e+01 -1.948071e+02
1.852437e-01 1963 2.131180e+03 2.363809e+03 8.534627e+01 -2.891271e+02
1.951071e-01 1933 1.830815e+03 2.064857e+03 -1.992864e+02 7.695556e+01
2.049888e-01 2397 1.690721e+03 1.923458e+03 1.674057e+02 -8.153463e+01
2.151844e-01 2539 1.539042e+03 1.770981e+03 -7.776650e+01 -2.515554e+02
2.250745e-01 2694 1.446269e+03 1.676457e+03 3.336655e+01 5.277846e+01
2.350927e-01 3121 1.364118e+03 1.592455e+03 4.994157e+01 -4.190123e+01
2.451974e-01 3255 1.338900e+03 1.563650e+03 1.734788e+01 -3.353436e+01
2.550872e-01 3517 1.169877e+03 1.396355e+03 2.110234e+01 8.966290e+01
2.649947e-01 3813 1.111611e+03 1.336305e+03 4.662085e+00 3.313998e+01
2.750606e-01 4231 1.033069e+03 1.256911e+03 2.763215e+01 1.136795e+02
2.851157e-01 4389 9.921605e+02 1.213840e+03 2.555341e+01 -3.844546e+01
2.950080e-01 4717 9.558543e+02 1.175286e+03 7.096833e+00 1.940691e+00
3.050474e-01 5191 8.901526e+02 1.108968e+03 -4.155140e+01 2.513114e+00
3.151078e-01 5373 8.247473e+02 1.043201e+03 4.707747e+01 7.141891e+01
3.251295e-01 5893 8.237178e+02 1.038418e+03 5.827196e+00 -6.071598e+00
3.352591e-01 6183 7.876105e+02 1.000569e+03 1.096318e+01 5.055278e+01
3.451640e-01 6349 7.271061e+02 9.402121e+02 5.710342e+00 1.619940e+01
3.550965e-01 6993 7.017549e+02 9.128875e+02 2.981869e+00 -5.866261e+01
3.649687e-01 7003 6.537689e+02 8.647190e+02 -2.285287e+01 2.737920e+01
3.749450e-01 7941 6.455305e+02 8.534585e+02 2.015421e+01 -1.210574e+01
3.851630e-01 8221 6.078651e+02 8.150671e+02 -1.889645e+01 -4.927475e+01
3.951752e-01 8449 5.887579e+02 7.939395e+02 3.324876e+01 -2.349265e+01
4.050872e-01 8931 5.667868e+02 7.703655e+02 1.835890e+01 -6.387180e+01
4.149904e-01 9289 5.410146e+02 7.434206e+02 3.531844e+01 4.875149e+00
4.250484e-01 10113 5.096032e+02 7.115270e+02 9.094003e+00 -4.472866e+01
4.350196e-01 10087 4.901657e+02 6.905882e+02 9.682438e-01 1.626758e+01
4.449689e-01 10998 4.670410e+02 6.664673e+02 1.894122e+00 1.365137e+01
4.550136e-01 11233 4.539438e+02 6.514161e+02 -1.024771e+01 3.309488e+00
4.650240e-01 11991 4.296844e+02 6.265442e+02 1.901823e+01 -2.067205e+01
4.750600e-01 12241 4.185947e+02 6.134153e+02 -1.571579e+01 1.261976e+01
4.850824e-01 13033 4.114786e+02 6.038373e+02 -7.652005e+00 1.001071e+00
4.950626e-01 13227 3.845894e+02 5.770820e+02 -1.799299e+01 -1.518833e+01
5.050218e-01 13993 3.824346e+02 5.719265e+02 1.237089e+01 -9.082257e-01
5.149626e-01 14301 3.575594e+02 5.472404e+02 6.626436e+00 8.116485e+00
5.249789e-01 15355 3.548523e+02 5.416697e+02 4.770066e+00 1.441422e+01
5.350486e-01 15585 3.329734e+02 5.198105e+02 6.159411e+00 7.070150e+00
5.451135e-01 16549 3.333009e+02 5.168483e+02 1.242062e+00 9.083958e+00
5.551181e-01 16587 3.162366e+02 4.993077e+02 -1.331942e+00 1.618476e+01
5.650424e-01 17461 3.130263e+02 4.934579e+02 -4.009190e+00 1.423694e+01
5.750589e-01 18177 2.991871e+02 4.788045e+02 1.627586e-01 -1.288394e+01
5.850828e-01 18739 2.861488e+02 4.649062e+02 -1.250806e+01 -4.480799e+00
5.950416e-01 19165 2.827548e+02 4.590000e+02 2.522507e+01 1.252935e+00
6.049746e-01 20013 2.709938e+02 4.463474e+02 -3.910892e+00 7.284976e+00
6.149470e-01 20587 2.620284e+02 4.360256e+02 2.497799e+00 -1.200476e+01
6.249968e-01 21657 2.580518e+02 4.297537e+02 1.364869e+01 1.808585e+01
6.350666e-01 22129 2.464087e+02 4.174043e+02 1.161545e+01 -1.513753e+00
6.450498e-01 22611 2.372400e+02 4.071368e+02 1.478417e+01 -4.250464e+00
6.549912e-01 23317 2.400399e+02 4.063323e+02 4.578183e+00 1.248734e+01
6.649535e-01 24222 2.317846e+02 3.968687e+02 1.213429e+01 -1.493342e+01
6.749660e-01 24943 2.244152e+02 3.881553e+02 -2.117586e+00 1.181556e+00
6.850252e-01 25921 2.140916e+02 3.772573e+02 -7.584763e+00 8.736530e+00
6.950284e-01 26253 2.125189e+02 3.730858e+02 -8.969780e+00 1.739355e+01
7.049900e-01 27139 2.062246e+02 3.654066e+02 -3.135412e+00 1.014126e+00
7.150256e-01 28185 2.026556e+02 3.597696e+02 -6.570010e+00 -1.520408e+00
7.250860e-01 28969 1.966444e+02 3.523603e+02 -7.615954e-01 6.330418e+00
7.350183e-01 28887 1.891705e+02 3.439766e+02 1.605322e+00 -1.027679e+00
7.450018e-01 30937 1.846864e+02 3.378244e+02 4.499751e+00 -6.545976e-01
7.551045e-01 31341 1.794529e+02 3.311451e+02 -6.666659e+00 1.796713e+01
7.650666e-01 31555 1.742121e+02 3.245574e+02 6.628290e+00 8.560712e+00
7.750154e-01 33025 1.714949e+02 3.198088e+02 4.713368e+00 2.160592e+00
7.850634e-01 33921 1.653784e+02 3.126728e+02 -7.345438e-01 2.087246e+00
7.950596e-01 34285 1.627189e+02 3.080276e+02 8.267326e+00 1.803720e+01
8.050450e-01 35703 1.566491e+02 3.010559e+02 4.814994e+00 -3.459375e+00
8.150563e-01 36205 1.529099e+02 2.957418e+02 5.239974e+00 -6.218781e+00
8.250795e-01 37485 1.488360e+02 2.902359e+02 2.537770e+00 9.284370e+00
8.350885e-01 38047 1.442800e+02 2.844551e+02 1.081243e+01 2.651544e+00
8.450499e-01 38913 1.476030e+02 2.839768e+02 -2.104656e-01 -1.901488e+00
8.550252e-01 39853 1.358033e+02 2.735145e+02 3.967090e+00 -3.122606e+00
8.650455e-01 41367 1.386468e+02 2.726953e+02 1.901607e+00 1.837360e+00
8.750680e-01 41617 1.338400e+02 2.669229e+02 -9.268321e+00 -1.689820e+01
8.849916e-01 42430 1.311085e+02 2.625559e+02 -1.041047e+00 2.095105e+00
8.949944e-01 44367 1.285010e+02 2.582833e+02 9.857939e-01 1.649420e+01
9.050336e-01 44569 1.221989e+02 2.517335e+02 8.011379e+00 -3.178782e+00
9.150411e-01 46089 1.245456e+02 2.506024e+02 2.676614e+00 1.371162e+01
9.250625e-01 46819 1.140952e+02 2.416357e+02 1.568071e+00 -1.266427e+01
9.350607e-01 47793 1.167001e+02 2.406919e+02 3.051056e+00 3.077222e+00
9.450463e-01 48697 1.156755e+02 2.375469e+02 4.548208e+00 1.995262e+00
9.549734e-01 49443 1.096469e+02 2.314902e+02 4.824884e+00 2.546040e+00
9.649510e-01 51097 1.093019e+02 2.288098e+02 -3.757804e+00 7.175922e+00
9.750082e-01 52453 1.049137e+02 2.237844e+02 -4.958277e+00 4.616050e+00
9.850290e-01 52947 9.974265e+01 2.183938e+02 2.613992e+00 3.815340e+00
9.950258e-01 54193 1.021177e+02 2.173377e+02 2.789022e+00 3.638660e-01
