# nc 324
# boxsize 6.000000e+02
1.483274e-02 13 2.019526e+04 1.472293e+06 1.074471e+08
2.513187e-02 33 1.162236e+04 8.414680e+05 6.108470e+07
3.574650e-02 79 6.521060e+03 4.748530e+05 3.474312e+07
4.583347e-02 105 4.511082e+03 3.253658e+05 2.361413e+07
5.486964e-02 145 4.367278e+03 3.124734e+05 2.254368e+07
6.471857e-02 243 3.849565e+03 2.723455e+05 1.944921e+07
7.503996e-02 313 3.768150e+03 2.634688e+05 1.861530e+07
8.485495e-02 369 2.931859e+03 2.050931e+05 1.453188e+07
9.528688e-02 571 2.247389e+03 1.550730e+05 1.089479e+07
1.059290e-01 601 2.050884e+03 1.397168e+05 9.710975e+06
1.156806e-01 705 1.945602e+03 1.315641e+05 9.089779e+06
1.255756e-01 883 1.637006e+03 1.094420e+05 7.520172e+06
1.352378e-01 909 1.464327e+03 9.689991e+04 6.610125e+06
1.449493e-01 1177 1.347359e+03 8.840788e+04 6.001289e+06
1.550659e-01 1323 1.117854e+03 7.251163e+04 4.896770e+06
1.649601e-01 1453 1.026145e+03 6.533735e+04 4.351373e+06
1.749597e-01 1701 9.265128e+02 5.853877e+04 3.886868e+06
1.852437e-01 1963 8.944723e+02 5.625846e+04 3.718429e+06
1.951071e-01 1933 8.069380e+02 4.978800e+04 3.244309e+06
2.049888e-01 2397 7.242227e+02 4.424305e+04 2.874701e+06
2.151844e-01 2539 6.862987e+02 4.119005e+04 2.640816e+06
2.250745e-01 2694 6.309941e+02 3.745079e+04 2.395512e+06
2.350927e-01 3121 6.005016e+02 3.516682e+04 2.226749e+06
2.451974e-01 3255 5.508514e+02 3.180780e+04 1.995540e+06
2.550872e-01 3517 5.184251e+02 2.958710e+04 1.844110e+06
2.649947e-01 3813 4.782242e+02 2.666954e+04 1.639788e+06
2.750606e-01 4231 4.562539e+02 2.525691e+04 1.542050e+06
2.851157e-01 4389 4.185992e+02 2.289638e+04 1.394198e+06
2.950080e-01 4717 4.004423e+02 2.147046e+04 1.294180e+06
3.050474e-01 5191 3.758383e+02 1.986854e+04 1.182900e+06
3.151078e-01 5373 3.637861e+02 1.894247e+04 1.118173e+06
3.251295e-01 5893 3.429684e+02 1.766975e+04 1.042366e+06
3.352591e-01 6183 3.253127e+02 1.634742e+04 9.440425e+05
3.451640e-01 6349 3.158037e+02 1.568174e+04 8.974689e+05
3.550965e-01 6993 2.955971e+02 1.445130e+04 8.239060e+05
3.649687e-01 7003 2.812568e+02 1.352861e+04 7.624618e+05
3.749450e-01 7941 2.633637e+02 1.250476e+04 7.022798e+05
3.851630e-01 8221 2.534497e+02 1.185478e+04 6.602282e+05
3.951752e-01 8449 2.447007e+02 1.121285e+04 6.148691e+05
4.050872e-01 8931 2.340654e+02 1.059773e+04 5.799012e+05
4.149904e-01 9289 2.238017e+02 9.885894e+03 5.306326e+05
4.250484e-01 10113 2.154698e+02 9.390254e+03 5.029450e+05
4.350196e-01 10087 2.093232e+02 8.953270e+03 4.736313e+05
4.449689e-01 10998 2.016604e+02 8.468082e+03 4.423726e+05
4.550136e-01 11233 1.952538e+02 8.066446e+03 4.187659e+05
4.650240e-01 11991 1.845338e+02 7.519424e+03 3.893589e+05
4.750600e-01 12241 1.784933e+02 7.153165e+03 3.659174e+05
4.850824e-01 13033 1.731953e+02 6.815831e+03 3.452702e+05
4.950626e-01 13227 1.654214e+02 6.418371e+03 3.239782e+05
5.050218e-01 13993 1.594285e+02 6.063112e+03 3.036428e+05
5.149626e-01 14301 1.537538e+02 5.740680e+03 2.850740e+05
5.249789e-01 15355 1.492398e+02 5.473756e+03 2.689944e+05
5.350486e-01 15585 1.459381e+02 5.221976e+03 2.532142e+05
5.451135e-01 16549 1.369930e+02 4.858643e+03 2.359939e+05
5.551181e-01 16587 1.333195e+02 4.617177e+03 2.221116e+05
5.650424e-01 17461 1.309435e+02 4.452639e+03 2.118993e+05
5.750589e-01 18177 1.262704e+02 4.233133e+03 1.993371e+05
5.850828e-01 18739 1.239122e+02 4.070691e+03 1.903516e+05
5.950416e-01 19165 1.175195e+02 3.796352e+03 1.779865e+05
6.049746e-01 20013 1.138503e+02 3.619598e+03 1.676761e+05
6.149470e-01 20587 1.120890e+02 3.479480e+03 1.600337e+05
6.249968e-01 21657 1.088904e+02 3.310926e+03 1.510931e+05
6.350666e-01 22129 1.042722e+02 3.131813e+03 1.423368e+05
6.450498e-01 22611 1.017271e+02 3.009977e+03 1.357079e+05
6.549912e-01 23317 9.944187e+01 2.866098e+03 1.284318e+05
6.649535e-01 24222 9.597938e+01 2.718126e+03 1.219870e+05
6.749660e-01 24943 9.324609e+01 2.596387e+03 1.156737e+05
6.850252e-01 25921 9.106569e+01 2.480940e+03 1.099831e+05
6.950284e-01 26253 8.856977e+01 2.352103e+03 1.031664e+05
7.049900e-01 27139 8.666016e+01 2.282573e+03 9.945101e+04
7.150256e-01 28185 8.362993e+01 2.152992e+03 9.373158e+04
7.250860e-01 28969 8.106731e+01 2.047022e+03 8.930540e+04
7.350183e-01 28887 7.979179e+01 1.977575e+03 8.554964e+04
7.450018e-01 30937 7.735875e+01 1.862986e+03 8.049011e+04
7.551045e-01 31341 7.515366e+01 1.779405e+03 7.699184e+04
7.650666e-01 31555 7.330076e+01 1.715926e+03 7.371379e+04
7.750154e-01 33025 7.133927e+01 1.633252e+03 7.055605e+04
7.850634e-01 33921 6.967781e+01 1.551240e+03 6.681493e+04
7.950596e-01 34285 6.821200e+01 1.492624e+03 6.384940e+04
8.050450e-01 35703 6.589067e+01 1.412246e+03 6.081294e+04
8.150563e-01 36205 6.440796e+01 1.355262e+03 5.841763e+04
8.250795e-01 37485 6.278435e+01 1.293908e+03 5.567051e+04
8.350885e-01 38047 6.123191e+01 1.242463e+03 5.366793e+04
8.450499e-01 38913 5.989840e+01 1.180199e+03 5.089923e+04
8.550252e-01 39853 5.873319e+01 1.142746e+03 4.922636e+04
8.650455e-01 41367 5.725463e+01 1.085724e+03 4.684055e+04
8.750680e-01 41617 5.547010e+01 1.035319e+03 4.481654e+04
8.849916e-01 42430 5.522518e+01 1.004038e+03 4.314787e+04
8.949944e-01 44367 5.338945e+01 9.601036e+02 4.174504e+04
9.050336e-01 44569 5.226587e+01 9.059046e+02 3.952990e+04
9.150411e-01 46089 5.100847e+01 8.796082e+02 3.849416e+04
9.250625e-01 46819 5.018225e+01 8.411250e+02 3.699232e+04
9.350607e-01 47793 4.906121e+01 8.011480e+02 3.532462e+04
9.450463e-01 48697 4.764211e+01 7.609496e+02 3.413052e+04
9.549734e-01 49443 4.664415e+01 7.366447e+02 3.297858e+04
9.649510e-01 51097 4.541798e+01 6.926031e+02 3.150860e+04
9.750082e-01 52453 4.492126e+01 6.714339e+02 3.049129e+04
9.850290e-01 52947 4.370740e+01 6.431051e+02 2.962316e+04
9.950258e-01 54193 4.279973e+01 6.134313e+02 2.852077e+04
