# nc 324
# boxsize 6.000000e+02
1.483274e-02 13 9.018290e+03 6.611121e+05 4.860580e+07
2.513187e-02 33 7.376438e+03 5.339714e+05 3.877861e+07
3.574650e-02 79 6.970453e+03 5.006017e+05 3.612857e+07
4.583347e-02 105 5.252437e+03 3.744408e+05 2.684151e+07
5.486964e-02 145 4.741468e+03 3.352102e+05 2.384817e+07
6.471857e-02 243 4.327800e+03 3.051302e+05 2.168180e+07
7.503996e-02 313 3.262925e+03 2.296790e+05 1.634931e+07
8.485495e-02 369 2.957072e+03 2.070171e+05 1.469282e+07
9.528688e-02 571 2.165447e+03 1.490855e+05 1.045457e+07
1.059290e-01 601 2.077502e+03 1.421251e+05 9.917076e+06
1.156806e-01 705 1.738098e+03 1.178949e+05 8.195670e+06
1.255756e-01 883 1.642099e+03 1.104264e+05 7.613439e+06
1.352378e-01 909 1.463961e+03 9.783216e+04 6.727528e+06
1.449493e-01 1177 1.257491e+03 8.288152e+04 5.660230e+06
1.550659e-01 1323 1.149365e+03 7.460591e+04 5.031369e+06
1.649601e-01 1453 1.018878e+03 6.555616e+04 4.401403e+06
1.749597e-01 1701 9.165729e+02 5.868496e+04 3.939844e+06
1.852437e-01 1963 8.735271e+02 5.481605e+04 3.619406e+06
1.951071e-01 1933 7.941363e+02 4.941189e+04 3.248884e+06
2.049888e-01 2397 7.498507e+02 4.577418e+04 2.959702e+06
2.151844e-01 2539 6.690578e+02 4.018030e+04 2.586029e+06
2.250745e-01 2694 6.328577e+02 3.781794e+04 2.424674e+06
2.350927e-01 3121 5.983525e+02 3.527664e+04 2.236956e+06
2.451974e-01 3255 5.444866e+02 3.153305e+04 1.981644e+06
2.550872e-01 3517 5.090439e+02 2.920896e+04 1.831398e+06
2.649947e-01 3813 4.857291e+02 2.739012e+04 1.694298e+06
2.750606e-01 4231 4.448483e+02 2.483878e+04 1.527909e+06
2.851157e-01 4389 4.351402e+02 2.378099e+04 1.440016e+06
2.950080e-01 4717 3.939449e+02 2.131559e+04 1.291359e+06
3.050474e-01 5191 3.826286e+02 2.039930e+04 1.220741e+06
3.151078e-01 5373 3.553037e+02 1.872246e+04 1.117721e+06
3.251295e-01 5893 3.319924e+02 1.715926e+04 1.005859e+06
3.352591e-01 6183 3.220702e+02 1.631234e+04 9.499238e+05
3.451640e-01 6349 3.057444e+02 1.529939e+04 8.858379e+05
3.550965e-01 6993 2.881562e+02 1.410041e+04 8.029902e+05
3.649687e-01 7003 2.816976e+02 1.364064e+04 7.705331e+05
3.749450e-01 7941 2.647481e+02 1.263431e+04 7.119697e+05
3.851630e-01 8221 2.591789e+02 1.218595e+04 6.793774e+05
3.951752e-01 8449 2.423165e+02 1.111933e+04 6.116514e+05
4.050872e-01 8931 2.333096e+02 1.051140e+04 5.713463e+05
4.149904e-01 9289 2.208643e+02 9.853896e+03 5.350527e+05
4.250484e-01 10113 2.157965e+02 9.501202e+03 5.109884e+05
4.350196e-01 10087 2.052648e+02 8.867516e+03 4.726489e+05
4.449689e-01 10998 1.991450e+02 8.465979e+03 4.475836e+05
4.550136e-01 11233 1.927249e+02 8.064548e+03 4.209749e+05
4.650240e-01 11991 1.837996e+02 7.527219e+03 3.900710e+05
4.750600e-01 12241 1.732534e+02 6.943026e+03 3.575894e+05
4.850824e-01 13033 1.674824e+02 6.635604e+03 3.381249e+05
4.950626e-01 13227 1.621231e+02 6.319260e+03 3.204815e+05
5.050218e-01 13993 1.584349e+02 6.045965e+03 3.026914e+05
5.149626e-01 14301 1.537839e+02 5.759761e+03 2.849724e+05
5.249789e-01 15355 1.489638e+02 5.495397e+03 2.688414e+05
5.350486e-01 15585 1.436193e+02 5.187250e+03 2.524805e+05
5.451135e-01 16549 1.379034e+02 4.904312e+03 2.374806e+05
5.551181e-01 16587 1.329493e+02 4.658019e+03 2.246924e+05
5.650424e-01 17461 1.281826e+02 4.386613e+03 2.097963e+05
5.750589e-01 18177 1.243554e+02 4.197043e+03 1.993204e+05
5.850828e-01 18739 1.210433e+02 4.024989e+03 1.893855e+05
5.950416e-01 19165 1.180797e+02 3.831589e+03 1.785531e+05
6.049746e-01 20013 1.139444e+02 3.637185e+03 1.684685e+05
6.149470e-01 20587 1.104740e+02 3.448958e+03 1.589623e+05
6.249968e-01 21657 1.064555e+02 3.273820e+03 1.500111e+05
6.350666e-01 22129 1.038924e+02 3.153910e+03 1.437021e+05
6.450498e-01 22611 1.014601e+02 3.016300e+03 1.361001e+05
6.549912e-01 23317 9.858275e+01 2.868893e+03 1.292027e+05
6.649535e-01 24222 9.484334e+01 2.695032e+03 1.205979e+05
6.749660e-01 24943 9.278716e+01 2.599042e+03 1.156280e+05
6.850252e-01 25921 8.993971e+01 2.465473e+03 1.088760e+05
6.950284e-01 26253 8.750065e+01 2.358235e+03 1.044574e+05
7.049900e-01 27139 8.576416e+01 2.266932e+03 9.912359e+04
7.150256e-01 28185 8.241412e+01 2.141480e+03 9.422406e+04
7.250860e-01 28969 8.058102e+01 2.053692e+03 8.952302e+04
7.350183e-01 28887 7.865004e+01 1.967622e+03 8.570298e+04
7.450018e-01 30937 7.611455e+01 1.849745e+03 8.016167e+04
7.551045e-01 31341 7.350473e+01 1.763797e+03 7.680019e+04
7.650666e-01 31555 7.209592e+01 1.683626e+03 7.271702e+04
7.750154e-01 33025 7.060891e+01 1.623947e+03 6.982846e+04
7.850634e-01 33921 6.900106e+01 1.554629e+03 6.679615e+04
7.950596e-01 34285 6.739238e+01 1.491895e+03 6.377591e+04
8.050450e-01 35703 6.539636e+01 1.423001e+03 6.125749e+04
8.150563e-01 36205 6.420102e+01 1.358821e+03 5.851554e+04
8.250795e-01 37485 6.248785e+01 1.302197e+03 5.583105e+04
8.350885e-01 38047 6.114668e+01 1.239663e+03 5.317106e+04
8.450499e-01 38913 5.936143e+01 1.185959e+03 5.117680e+04
8.550252e-01 39853 5.841632e+01 1.144361e+03 4.905406e+04
8.650455e-01 41367 5.603194e+01 1.081121e+03 4.723927e+04
8.750680e-01 41617 5.506344e+01 1.037732e+03 4.510682e+04
8.849916e-01 42430 5.361937e+01 9.874694e+02 4.307468e+04
8.949944e-01 44367 5.198846e+01 9.420369e+02 4.154852e+04
9.050336e-01 44569 5.143138e+01 9.081295e+02 3.993857e+04
9.150411e-01 46089 5.009962e+01 8.677709e+02 3.821747e+04
9.250625e-01 46819 4.944165e+01 8.373221e+02 3.696525e+04
9.350607e-01 47793 4.784512e+01 7.941939e+02 3.535723e+04
9.450463e-01 48697 4.699297e+01 7.581088e+02 3.394665e+04
9.549734e-01 49443 4.586935e+01 7.253468e+02 3.267365e+04
9.649510e-01 51097 4.471466e+01 6.990848e+02 3.169371e+04
9.750082e-01 52453 4.395778e+01 6.709343e+02 3.069744e+04
9.850290e-01 52947 4.266138e+01 6.323882e+02 2.926743e+04
9.950258e-01 54193 4.218563e+01 6.136959e+02 2.857346e+04
