# nc 324
# boxsize 6.000000e+02
1.483274e-02 13 7.487920e+03 5.358403e+05 3.851288e+07
2.513187e-02 33 8.530547e+03 6.267146e+05 4.615288e+07
3.574650e-02 79 6.080849e+03 4.376068e+05 3.165385e+07
4.583347e-02 105 5.615545e+03 4.049775e+05 2.935375e+07
5.486964e-02 145 4.676564e+03 3.357720e+05 2.426379e+07
6.471857e-02 243 4.314643e+03 3.063668e+05 2.194463e+07
7.503996e-02 313 3.763150e+03 2.645958e+05 1.878363e+07
8.485495e-02 369 2.840250e+03 1.980446e+05 1.399564e+07
9.528688e-02 571 2.351120e+03 1.634841e+05 1.155365e+07
1.059290e-01 601 2.058522e+03 1.401193e+05 9.723721e+06
1.156806e-01 705 1.888419e+03 1.279980e+05 8.865398e+06
1.255756e-01 883 1.529988e+03 1.030458e+05 7.137861e+06
1.352378e-01 909 1.454978e+03 9.743616e+04 6.715614e+06
1.449493e-01 1177 1.324076e+03 8.679507e+04 5.879078e+06
1.550659e-01 1323 1.080023e+03 7.003184e+04 4.725240e+06
1.649601e-01 1453 1.043282e+03 6.694971e+04 4.478520e+06
1.749597e-01 1701 9.726831e+02 6.201276e+04 4.135256e+06
1.852437e-01 1963 8.669974e+02 5.487632e+04 3.653767e+06
1.951071e-01 1933 7.837249e+02 4.850008e+04 3.175740e+06
2.049888e-01 2397 7.484414e+02 4.564081e+04 2.952834e+06
2.151844e-01 2539 6.706860e+02 4.032442e+04 2.590402e+06
2.250745e-01 2694 6.242335e+02 3.734230e+04 2.392951e+06
2.350927e-01 3121 5.761933e+02 3.393024e+04 2.157435e+06
2.451974e-01 3255 5.438423e+02 3.169189e+04 2.005232e+06
2.550872e-01 3517 5.171411e+02 2.969314e+04 1.855266e+06
2.649947e-01 3813 4.679273e+02 2.645217e+04 1.640201e+06
2.750606e-01 4231 4.421274e+02 2.466040e+04 1.516252e+06
2.851157e-01 4389 4.196802e+02 2.296905e+04 1.397187e+06
2.950080e-01 4717 4.115010e+02 2.229379e+04 1.341344e+06
3.050474e-01 5191 3.683653e+02 1.966960e+04 1.184700e+06
3.151078e-01 5373 3.633034e+02 1.908765e+04 1.131679e+06
3.251295e-01 5893 3.392786e+02 1.753479e+04 1.031440e+06
3.352591e-01 6183 3.164783e+02 1.608587e+04 9.403516e+05
3.451640e-01 6349 3.056161e+02 1.528742e+04 8.807076e+05
3.550965e-01 6993 2.896887e+02 1.424768e+04 8.145320e+05
3.649687e-01 7003 2.712371e+02 1.328939e+04 7.633758e+05
3.749450e-01 7941 2.619997e+02 1.253158e+04 7.054968e+05
3.851630e-01 8221 2.539600e+02 1.198287e+04 6.677543e+05
3.951752e-01 8449 2.428170e+02 1.118612e+04 6.147944e+05
4.050872e-01 8931 2.326815e+02 1.061691e+04 5.817278e+05
4.149904e-01 9289 2.253441e+02 1.003027e+04 5.413686e+05
4.250484e-01 10113 2.145775e+02 9.516427e+03 5.134286e+05
4.350196e-01 10087 2.060497e+02 8.926354e+03 4.755683e+05
4.449689e-01 10998 1.934747e+02 8.279658e+03 4.422601e+05
4.550136e-01 11233 1.871272e+02 7.857971e+03 4.135891e+05
4.650240e-01 11991 1.833844e+02 7.591013e+03 3.945424e+05
4.750600e-01 12241 1.723469e+02 6.945754e+03 3.581591e+05
4.850824e-01 13033 1.666801e+02 6.652235e+03 3.420095e+05
4.950626e-01 13227 1.614282e+02 6.268787e+03 3.165882e+05
5.050218e-01 13993 1.552169e+02 5.976875e+03 3.014409e+05
5.149626e-01 14301 1.517922e+02 5.748310e+03 2.863950e+05
5.249789e-01 15355 1.460809e+02 5.419006e+03 2.671288e+05
5.350486e-01 15585 1.411975e+02 5.101852e+03 2.488622e+05
5.451135e-01 16549 1.360528e+02 4.896330e+03 2.387243e+05
5.551181e-01 16587 1.330790e+02 4.712567e+03 2.277581e+05
5.650424e-01 17461 1.292157e+02 4.471296e+03 2.134481e+05
5.750589e-01 18177 1.231070e+02 4.193769e+03 2.002397e+05
5.850828e-01 18739 1.190180e+02 3.970870e+03 1.884156e+05
5.950416e-01 19165 1.157322e+02 3.787085e+03 1.776055e+05
6.049746e-01 20013 1.142753e+02 3.689833e+03 1.707846e+05
6.149470e-01 20587 1.094664e+02 3.468796e+03 1.602638e+05
6.249968e-01 21657 1.072586e+02 3.326927e+03 1.525226e+05
6.350666e-01 22129 1.029044e+02 3.120791e+03 1.425380e+05
6.450498e-01 22611 9.977857e+01 2.979642e+03 1.357603e+05
6.549912e-01 23317 9.748770e+01 2.847903e+03 1.281520e+05
6.649535e-01 24222 9.382069e+01 2.707767e+03 1.217691e+05
6.749660e-01 24943 9.189381e+01 2.593907e+03 1.157968e+05
6.850252e-01 25921 8.872897e+01 2.460225e+03 1.095639e+05
6.950284e-01 26253 8.693083e+01 2.366775e+03 1.047052e+05
7.049900e-01 27139 8.483374e+01 2.260364e+03 9.882255e+04
7.150256e-01 28185 8.106730e+01 2.108707e+03 9.310930e+04
7.250860e-01 28969 8.018114e+01 2.045280e+03 8.922759e+04
7.350183e-01 28887 7.839010e+01 1.964395e+03 8.506081e+04
7.450018e-01 30937 7.532580e+01 1.858879e+03 8.086589e+04
7.551045e-01 31341 7.379809e+01 1.792258e+03 7.752343e+04
7.650666e-01 31555 7.130749e+01 1.698721e+03 7.377655e+04
7.750154e-01 33025 7.014697e+01 1.629885e+03 6.989788e+04
7.850634e-01 33921 6.844267e+01 1.561625e+03 6.726541e+04
7.950596e-01 34285 6.616895e+01 1.477555e+03 6.378745e+04
8.050450e-01 35703 6.505196e+01 1.429980e+03 6.131871e+04
8.150563e-01 36205 6.332535e+01 1.344191e+03 5.785375e+04
8.250795e-01 37485 6.162804e+01 1.295029e+03 5.605166e+04
8.350885e-01 38047 6.037527e+01 1.245802e+03 5.369461e+04
8.450499e-01 38913 5.872504e+01 1.181551e+03 5.083533e+04
8.550252e-01 39853 5.744865e+01 1.131626e+03 4.910969e+04
8.650455e-01 41367 5.636491e+01 1.096502e+03 4.710395e+04
8.750680e-01 41617 5.462162e+01 1.038626e+03 4.486212e+04
8.849916e-01 42430 5.381189e+01 9.967985e+02 4.350759e+04
8.949944e-01 44367 5.227255e+01 9.477605e+02 4.146736e+04
9.050336e-01 44569 5.060922e+01 9.072968e+02 4.008551e+04
9.150411e-01 46089 5.013907e+01 8.785977e+02 3.867495e+04
9.250625e-01 46819 4.891543e+01 8.411240e+02 3.719146e+04
9.350607e-01 47793 4.793888e+01 7.986212e+02 3.552808e+04
9.450463e-01 48697 4.682455e+01 7.696393e+02 3.417743e+04
9.549734e-01 49443 4.544286e+01 7.267771e+02 3.289751e+04
9.649510e-01 51097 4.473815e+01 6.991273e+02 3.176267e+04
9.750082e-01 52453 4.353752e+01 6.715052e+02 3.065764e+04
9.850290e-01 52947 4.290387e+01 6.447327e+02 2.951977e+04
9.950258e-01 54193 4.220013e+01 6.195004e+02 2.848562e+04
