# nc 324
# boxsize 6.000000e+02
1.483274e-02 13 1.584493e+04 1.149377e+06 8.351638e+07
2.513187e-02 33 1.022339e+04 7.350948e+05 5.299156e+07
3.574650e-02 79 7.743866e+03 5.573982e+05 4.029386e+07
4.583347e-02 105 5.715430e+03 4.088688e+05 2.941554e+07
5.486964e-02 145 4.872396e+03 3.462722e+05 2.478368e+07
6.471857e-02 243 4.231476e+03 2.996818e+05 2.141746e+07
7.503996e-02 313 3.730958e+03 2.610689e+05 1.845571e+07
8.485495e-02 369 2.791804e+03 1.944827e+05 1.374402e+07
9.528688e-02 571 2.381742e+03 1.638568e+05 1.146889e+07
1.059290e-01 601 2.037514e+03 1.390014e+05 9.686190e+06
1.156806e-01 705 1.891728e+03 1.292969e+05 9.041865e+06
1.255756e-01 883 1.697849e+03 1.133662e+05 7.773256e+06
1.352378e-01 909 1.609651e+03 1.068751e+05 7.293944e+06
1.449493e-01 1177 1.218845e+03 8.024127e+04 5.476124e+06
1.550659e-01 1323 1.103146e+03 7.162230e+04 4.840126e+06
1.649601e-01 1453 1.073300e+03 6.889090e+04 4.613402e+06
1.749597e-01 1701 9.556475e+02 6.035262e+04 3.994317e+06
1.852437e-01 1963 8.720536e+02 5.470573e+04 3.613379e+06
1.951071e-01 1933 8.411052e+02 5.221218e+04 3.422423e+06
2.049888e-01 2397 7.212015e+02 4.424388e+04 2.891051e+06
2.151844e-01 2539 6.954061e+02 4.167601e+04 2.670662e+06
2.250745e-01 2694 6.297410e+02 3.733138e+04 2.380369e+06
2.350927e-01 3121 5.705633e+02 3.355525e+04 2.136216e+06
2.451974e-01 3255 5.481391e+02 3.135184e+04 1.954692e+06
2.550872e-01 3517 5.167606e+02 2.940145e+04 1.829234e+06
2.649947e-01 3813 4.916664e+02 2.767636e+04 1.711794e+06
2.750606e-01 4231 4.499897e+02 2.510204e+04 1.548572e+06
2.851157e-01 4389 4.186040e+02 2.283351e+04 1.387455e+06
2.950080e-01 4717 4.033076e+02 2.160786e+04 1.298282e+06
3.050474e-01 5191 3.853513e+02 2.043637e+04 1.220193e+06
3.151078e-01 5373 3.577982e+02 1.861382e+04 1.101302e+06
3.251295e-01 5893 3.412328e+02 1.747798e+04 1.026663e+06
3.352591e-01 6183 3.280617e+02 1.656995e+04 9.612119e+05
3.451640e-01 6349 3.072764e+02 1.522275e+04 8.744239e+05
3.550965e-01 6993 2.999887e+02 1.479803e+04 8.457568e+05
3.649687e-01 7003 2.832696e+02 1.365259e+04 7.715986e+05
3.749450e-01 7941 2.672093e+02 1.270550e+04 7.163144e+05
3.851630e-01 8221 2.614162e+02 1.218305e+04 6.728188e+05
3.951752e-01 8449 2.499693e+02 1.151928e+04 6.341676e+05
4.050872e-01 8931 2.333562e+02 1.051829e+04 5.736322e+05
4.149904e-01 9289 2.259604e+02 1.006133e+04 5.448343e+05
4.250484e-01 10113 2.162639e+02 9.480858e+03 5.095900e+05
4.350196e-01 10087 2.077467e+02 8.894966e+03 4.708797e+05
4.449689e-01 10998 2.034764e+02 8.560015e+03 4.497915e+05
4.550136e-01 11233 1.908090e+02 7.949146e+03 4.164586e+05
4.650240e-01 11991 1.839090e+02 7.513297e+03 3.881476e+05
4.750600e-01 12241 1.755762e+02 7.052106e+03 3.620861e+05
4.850824e-01 13033 1.733447e+02 6.809400e+03 3.455914e+05
4.950626e-01 13227 1.659377e+02 6.447474e+03 3.249763e+05
5.050218e-01 13993 1.580409e+02 5.990779e+03 2.994918e+05
5.149626e-01 14301 1.547233e+02 5.755073e+03 2.834684e+05
5.249789e-01 15355 1.480882e+02 5.433290e+03 2.681349e+05
5.350486e-01 15585 1.449321e+02 5.242151e+03 2.546055e+05
5.451135e-01 16549 1.403420e+02 4.966217e+03 2.393740e+05
5.551181e-01 16587 1.346659e+02 4.687992e+03 2.252175e+05
5.650424e-01 17461 1.309751e+02 4.466618e+03 2.118118e+05
5.750589e-01 18177 1.263054e+02 4.252374e+03 2.008755e+05
5.850828e-01 18739 1.227796e+02 4.040214e+03 1.892852e+05
5.950416e-01 19165 1.187007e+02 3.830009e+03 1.779546e+05
6.049746e-01 20013 1.147414e+02 3.653198e+03 1.687990e+05
6.149470e-01 20587 1.120029e+02 3.481925e+03 1.597110e+05
6.249968e-01 21657 1.075747e+02 3.298963e+03 1.506861e+05
6.350666e-01 22129 1.061383e+02 3.167067e+03 1.428744e+05
6.450498e-01 22611 1.037172e+02 3.066986e+03 1.378360e+05
6.549912e-01 23317 1.000121e+02 2.874515e+03 1.282533e+05
6.649535e-01 24222 9.672194e+01 2.726935e+03 1.207968e+05
6.749660e-01 24943 9.460774e+01 2.624004e+03 1.162674e+05
6.850252e-01 25921 8.985443e+01 2.452959e+03 1.089990e+05
6.950284e-01 26253 8.827066e+01 2.367511e+03 1.037597e+05
7.049900e-01 27139 8.666975e+01 2.275934e+03 9.912151e+04
7.150256e-01 28185 8.448017e+01 2.180091e+03 9.488976e+04
7.250860e-01 28969 8.114770e+01 2.050974e+03 8.960974e+04
7.350183e-01 28887 7.920847e+01 1.967938e+03 8.499430e+04
7.450018e-01 30937 7.740253e+01 1.873782e+03 8.063903e+04
7.551045e-01 31341 7.542482e+01 1.797953e+03 7.758363e+04
7.650666e-01 31555 7.355074e+01 1.722743e+03 7.385490e+04
7.750154e-01 33025 7.234315e+01 1.663068e+03 7.119442e+04
7.850634e-01 33921 6.993447e+01 1.569217e+03 6.713658e+04
7.950596e-01 34285 6.811555e+01 1.497635e+03 6.430270e+04
8.050450e-01 35703 6.614783e+01 1.426126e+03 6.114319e+04
8.150563e-01 36205 6.482178e+01 1.362537e+03 5.825021e+04
8.250795e-01 37485 6.308747e+01 1.301629e+03 5.550804e+04
8.350885e-01 38047 6.199068e+01 1.259114e+03 5.384402e+04
8.450499e-01 38913 5.970845e+01 1.182342e+03 5.082713e+04
8.550252e-01 39853 5.820252e+01 1.131719e+03 4.891760e+04
8.650455e-01 41367 5.741539e+01 1.095659e+03 4.692781e+04
8.750680e-01 41617 5.600386e+01 1.037433e+03 4.477750e+04
8.849916e-01 42430 5.483830e+01 9.965073e+02 4.326602e+04
8.949944e-01 44367 5.361272e+01 9.563583e+02 4.137542e+04
9.050336e-01 44569 5.224625e+01 9.048882e+02 3.941943e+04
9.150411e-01 46089 5.128767e+01 8.691498e+02 3.802328e+04
9.250625e-01 46819 5.006489e+01 8.356840e+02 3.694045e+04
9.350607e-01 47793 4.897616e+01 7.970567e+02 3.524283e+04
9.450463e-01 48697 4.763355e+01 7.652178e+02 3.415430e+04
9.549734e-01 49443 4.659396e+01 7.351104e+02 3.278106e+04
9.649510e-01 51097 4.581040e+01 7.056675e+02 3.197100e+04
9.750082e-01 52453 4.453212e+01 6.687065e+02 3.055786e+04
9.850290e-01 52947 4.378294e+01 6.422900e+02 2.952933e+04
9.950258e-01 54193 4.273515e+01 6.082217e+02 2.824225e+04
