# text fof file
# logMmin 1.200000e+01 -> nfof_min 133
# boxsize 600.000000
# density total 1.516910e+05 1.516910e+05; rel difference 5.826004e-11
# nbar 7.022732e-04
1.483274e-02 13 1.044712e+05 1.058815e+05 5.524352e+04 -1.718724e+05
2.513187e-02 33 5.457452e+04 5.597765e+04 -1.091285e+04 -4.417051e+04
3.574650e-02 79 3.217283e+04 3.357293e+04 8.758436e+02 -2.230439e+04
4.583347e-02 105 2.362119e+04 2.501528e+04 -1.304899e+02 4.900587e+03
5.486964e-02 145 2.155719e+04 2.294138e+04 5.327829e+03 6.885819e+03
6.471857e-02 243 2.070226e+04 2.207332e+04 -1.044745e+03 4.997415e+02
7.503996e-02 313 1.927870e+04 2.063579e+04 -5.581750e+02 3.683415e+03
8.485495e-02 369 1.584412e+04 1.719710e+04 8.643345e+02 1.156057e+03
9.528688e-02 571 1.287241e+04 1.422253e+04 -1.160060e+03 5.180404e+02
1.059290e-01 601 1.152539e+04 1.286669e+04 1.825377e+01 -2.888846e+03
1.156806e-01 705 1.092503e+04 1.225481e+04 1.376512e+02 6.276765e+02
1.255756e-01 883 9.617528e+03 1.094239e+04 -1.777113e+02 -7.772003e+02
1.352378e-01 909 8.812152e+03 1.012976e+04 -5.518149e+02 -1.118396e+03
1.449493e-01 1177 7.688693e+03 9.003810e+03 -5.117224e+01 5.041976e+02
1.550659e-01 1323 6.572587e+03 7.887444e+03 -2.004548e+02 -5.350047e+02
1.649601e-01 1453 6.039352e+03 7.348091e+03 1.041580e+02 -5.606446e+01
1.749597e-01 1701 6.108244e+03 7.401414e+03 3.974188e+01 -6.938514e+02
1.852437e-01 1963 5.559758e+03 6.847842e+03 4.198000e+02 -1.882495e+02
1.951071e-01 1933 5.268005e+03 6.547850e+03 5.040475e+02 3.092204e+02
2.049888e-01 2397 4.550623e+03 5.832651e+03 -1.886417e+02 -5.691924e+02
2.151844e-01 2539 4.510216e+03 5.779181e+03 4.887440e+02 -1.321876e+02
2.250745e-01 2694 4.131766e+03 5.396990e+03 2.156271e+02 4.918461e+02
2.350927e-01 3121 3.917010e+03 5.174895e+03 3.567265e+02 -2.245687e+02
2.451974e-01 3255 3.709539e+03 4.959943e+03 1.296160e+02 6.249090e+02
2.550872e-01 3517 3.615125e+03 4.854923e+03 1.429095e+02 1.488949e+02
2.649947e-01 3813 3.272605e+03 4.511668e+03 2.865859e+02 -1.889589e+02
2.750606e-01 4231 3.173337e+03 4.402643e+03 5.219632e+01 6.460841e+02
2.851157e-01 4389 2.858948e+03 4.088217e+03 1.289910e+02 4.532539e+02
2.950080e-01 4717 2.836662e+03 4.053736e+03 1.918788e+01 1.529215e+01
3.050474e-01 5191 2.730147e+03 3.938672e+03 -1.024848e+02 7.134328e+01
3.151078e-01 5373 2.584339e+03 3.787047e+03 4.239273e+01 -1.799785e+02
3.251295e-01 5893 2.450652e+03 3.647261e+03 3.906151e+00 1.159896e+02
3.352591e-01 6183 2.347640e+03 3.536651e+03 -1.223451e+02 8.062212e+00
3.451640e-01 6349 2.227527e+03 3.410844e+03 -4.185914e+01 -6.976595e+01
3.550965e-01 6993 2.130483e+03 3.307027e+03 -7.510482e+01 -1.497732e+02
3.649687e-01 7003 2.021790e+03 3.192924e+03 -1.487671e+01 2.860021e+02
3.749450e-01 7941 1.940856e+03 3.104744e+03 1.520769e+02 -4.247198e+01
3.851630e-01 8221 1.859576e+03 3.016272e+03 -6.385643e+01 -1.766971e+02
3.951752e-01 8449 1.829981e+03 2.975611e+03 -1.344895e+01 5.334975e+01
4.050872e-01 8931 1.737143e+03 2.877760e+03 9.981705e+01 -2.238469e+02
4.149904e-01 9289 1.737137e+03 2.864365e+03 -9.937966e+01 1.331635e+02
4.250484e-01 10113 1.632395e+03 2.756071e+03 2.835773e+01 -4.468243e+01
4.350196e-01 10087 1.600640e+03 2.714139e+03 -6.475319e+01 1.393596e+02
4.449689e-01 10998 1.539078e+03 2.645581e+03 1.258472e+01 -5.044000e+01
4.550136e-01 11233 1.570784e+03 2.660028e+03 -8.179527e+01 3.838188e+01
4.650240e-01 11991 1.418101e+03 2.511102e+03 -5.040290e+01 -1.057759e+01
4.750600e-01 12241 1.429813e+03 2.507882e+03 -5.995052e+01 -1.157797e+01
4.850824e-01 13033 1.332419e+03 2.409040e+03 -1.097479e+02 -3.387206e-02
4.950626e-01 13227 1.329429e+03 2.392955e+03 3.575428e+01 -1.288354e+02
5.050218e-01 13993 1.304834e+03 2.358069e+03 2.677439e+01 -8.418092e+01
5.149626e-01 14301 1.229286e+03 2.279559e+03 -3.324891e+01 2.986495e+01
5.249789e-01 15355 1.187643e+03 2.230418e+03 -6.867242e+01 -8.136107e+01
5.350486e-01 15585 1.174793e+03 2.205905e+03 -1.418364e+01 2.064443e+01
5.451135e-01 16549 1.141590e+03 2.164227e+03 1.985062e+01 3.366285e+01
5.551181e-01 16587 1.106069e+03 2.120865e+03 -2.274948e+01 3.338638e+01
5.650424e-01 17461 1.056817e+03 2.066350e+03 -3.603131e+01 -8.922774e+01
5.750589e-01 18177 1.050505e+03 2.047604e+03 -5.311299e+01 -1.754447e+01
5.850828e-01 18739 1.032755e+03 2.019466e+03 -5.501178e+01 -1.861411e+01
5.950416e-01 19165 1.002874e+03 1.981543e+03 -4.671606e+01 -7.564732e+01
6.049746e-01 20013 9.692269e+02 1.940816e+03 6.659724e+01 1.131161e+02
6.149470e-01 20587 9.597994e+02 1.919736e+03 -2.068220e+01 1.791289e+01
6.249968e-01 21657 9.527488e+02 1.900494e+03 9.430417e+00 2.325942e+01
6.350666e-01 22129 8.783088e+02 1.827708e+03 1.695627e+01 9.542441e+00
6.450498e-01 22611 8.838511e+02 1.818757e+03 -4.680951e+01 1.174412e+02
6.549912e-01 23317 8.494397e+02 1.778478e+03 3.316695e+01 1.711008e+01
6.649535e-01 24222 8.171425e+02 1.740083e+03 6.213526e+00 3.419970e+01
6.749660e-01 24943 8.136061e+02 1.724041e+03 1.492011e+01 -3.790643e+01
6.850252e-01 25921 7.715579e+02 1.678545e+03 -1.090046e+01 1.088981e+02
6.950284e-01 26253 7.982992e+02 1.685577e+03 2.590400e+01 1.596166e+01
7.049900e-01 27139 7.676997e+02 1.649199e+03 -5.795223e+01 1.810341e+01
7.150256e-01 28185 7.532830e+02 1.625088e+03 5.046334e-01 4.149965e+01
7.250860e-01 28969 7.357750e+02 1.598727e+03 -2.891323e+01 -3.077919e+01
7.350183e-01 28887 7.426451e+02 1.590678e+03 1.082820e+01 -1.693280e+01
7.450018e-01 30937 7.087514e+02 1.552638e+03 -6.400447e+00 4.898361e+01
7.551045e-01 31341 6.805146e+02 1.518984e+03 -1.101427e+01 -3.690844e+00
7.650666e-01 31555 6.757964e+02 1.502550e+03 6.046368e+00 3.856326e+01
7.750154e-01 33025 6.507460e+02 1.471764e+03 -2.724795e+01 -1.077366e+01
7.850634e-01 33921 6.429421e+02 1.453240e+03 -9.622153e+01 -5.068491e+00
7.950596e-01 34285 6.256981e+02 1.428276e+03 -3.684130e+01 4.552306e+01
8.050450e-01 35703 6.161890e+02 1.408758e+03 -5.404181e+01 -1.248091e+01
8.150563e-01 36205 6.012940e+02 1.385674e+03 -5.330601e+01 -1.017730e+01
8.250795e-01 37485 5.921534e+02 1.366641e+03 -1.503992e+01 4.496068e+01
8.350885e-01 38047 5.763896e+02 1.343291e+03 3.307725e+01 8.449743e+00
8.450499e-01 38913 5.827870e+02 1.334872e+03 -2.193586e+01 1.161194e+01
8.550252e-01 39853 5.452779e+02 1.297444e+03 -1.125128e+01 1.010040e+01
8.650455e-01 41367 5.408259e+02 1.281967e+03 -1.956945e+01 6.934803e+01
8.750680e-01 41617 5.536169e+02 1.277577e+03 -1.474242e+01 2.744272e+01
8.849916e-01 42430 5.370798e+02 1.254547e+03 -2.254606e+01 -3.587098e+01
8.949944e-01 44367 5.099990e+02 1.224934e+03 -1.759102e+01 -3.847840e+01
9.050336e-01 44569 5.056357e+02 1.209778e+03 8.159462e+00 1.447599e+00
9.150411e-01 46089 4.885767e+02 1.186927e+03 -1.836214e+01 3.189316e+01
9.250625e-01 46819 4.871234e+02 1.173782e+03 -2.466236e+01 1.933905e+01
9.350607e-01 47793 4.666139e+02 1.149218e+03 -1.076475e+01 1.249059e+01
9.450463e-01 48697 4.704724e+02 1.139415e+03 1.313155e+01 1.949566e+01
9.549734e-01 49443 4.650518e+02 1.124264e+03 -2.577649e+01 2.103277e+01
9.649510e-01 51097 4.588040e+02 1.108610e+03 -1.421134e+01 1.287028e+01
9.750082e-01 52453 4.368233e+02 1.083871e+03 1.484308e+01 3.516793e+01
9.850290e-01 52947 4.321428e+02 1.069414e+03 3.729413e+01 -2.976647e+01
9.950258e-01 54193 4.413283e+02 1.062858e+03 3.110596e+00 -7.098780e+00
