# text fof file
# logMmin 1.200000e+01 -> nfof_min 133
# boxsize 600.000000
# density total 1.519290e+05 1.519290e+05; rel difference 1.073824e-10
# nbar 7.033750e-04
1.483274e-02 13 4.841191e+04 4.982696e+04 -3.298305e+04 1.823701e+04
2.513187e-02 33 4.079252e+04 4.219891e+04 5.831925e+03 -2.446168e+04
3.574650e-02 79 3.443535e+04 3.583060e+04 -3.653624e+03 -4.911588e+03
4.583347e-02 105 2.899224e+04 3.037817e+04 6.142500e+03 2.492903e+03
5.486964e-02 145 2.533072e+04 2.670676e+04 -1.450652e+03 6.363736e+02
6.471857e-02 243 2.212483e+04 2.349024e+04 3.238354e+03 -4.454187e+03
7.503996e-02 313 1.690442e+04 1.826712e+04 -1.861220e+03 -6.301157e+02
8.485495e-02 369 1.552736e+04 1.687984e+04 -1.586664e+02 6.422954e+02
9.528688e-02 571 1.152707e+04 1.288206e+04 -1.385222e+02 1.603403e+03
1.059290e-01 601 1.140388e+04 1.274350e+04 1.380723e+03 5.196032e+02
1.156806e-01 705 9.523516e+03 1.086162e+04 3.418198e+02 -1.101854e+02
1.255756e-01 883 9.691979e+03 1.101411e+04 2.817919e+01 6.414534e+02
1.352378e-01 909 8.496553e+03 9.815072e+03 3.011779e+02 6.789884e+02
1.449493e-01 1177 7.357019e+03 8.674137e+03 6.649256e+02 1.406040e+02
1.550659e-01 1323 6.880126e+03 8.188313e+03 7.008721e+02 1.156586e+02
1.649601e-01 1453 5.892634e+03 7.201419e+03 -2.862560e+00 1.215998e+02
1.749597e-01 1701 5.610346e+03 6.910007e+03 1.090998e+02 2.410182e+02
1.852437e-01 1963 5.591829e+03 6.877315e+03 -5.382239e+02 8.530046e+02
1.951071e-01 1933 4.815043e+03 6.102347e+03 6.633508e+02 -1.326986e+02
2.049888e-01 2397 4.813993e+03 6.087795e+03 -3.725737e+01 -4.420443e+02
2.151844e-01 2539 4.200596e+03 5.475424e+03 3.649966e+02 -1.726786e+02
2.250745e-01 2694 4.059186e+03 5.324433e+03 -2.359755e+02 1.624153e+01
2.350927e-01 3121 3.958173e+03 5.212471e+03 2.422099e+02 -6.728871e+02
2.451974e-01 3255 3.646070e+03 4.896596e+03 2.209935e+02 4.533257e+02
2.550872e-01 3517 3.413969e+03 4.659096e+03 6.195760e+01 2.250877e+02
2.649947e-01 3813 3.226111e+03 4.464794e+03 2.227988e+02 -9.926714e+01
2.750606e-01 4231 3.071367e+03 4.302687e+03 -5.319222e+01 -9.973573e+01
2.851157e-01 4389 3.136636e+03 4.351224e+03 -4.760026e+01 2.041802e+02
2.950080e-01 4717 2.771339e+03 3.989468e+03 -9.884309e+01 -3.929150e+02
3.050474e-01 5191 2.689446e+03 3.898047e+03 1.627181e+02 1.075734e+01
3.151078e-01 5373 2.571117e+03 3.772340e+03 1.425548e+02 1.192077e+02
3.251295e-01 5893 2.415935e+03 3.612502e+03 6.725303e+01 1.705681e+02
3.352591e-01 6183 2.340669e+03 3.528079e+03 2.496970e+00 1.653441e+02
3.451640e-01 6349 2.279834e+03 3.457646e+03 1.285285e+02 5.649768e+01
3.550965e-01 6993 2.101073e+03 3.277570e+03 -1.030121e+02 4.122085e+00
3.649687e-01 7003 2.076623e+03 3.241519e+03 -3.800430e+01 1.289852e+02
3.749450e-01 7941 1.994675e+03 3.152250e+03 2.661341e+00 -5.189610e+01
3.851630e-01 8221 1.933127e+03 3.081791e+03 5.249109e+01 -1.520240e+02
3.951752e-01 8449 1.854716e+03 2.996382e+03 -1.281535e+02 2.195378e+01
4.050872e-01 8931 1.712367e+03 2.853113e+03 4.255207e+01 -1.723300e+02
4.149904e-01 9289 1.690794e+03 2.820421e+03 -4.621628e+01 5.713477e+01
4.250484e-01 10113 1.675904e+03 2.793406e+03 -1.055208e+02 -1.746907e+02
4.350196e-01 10087 1.615781e+03 2.725680e+03 5.436713e+01 -4.360210e+01
4.449689e-01 10998 1.512327e+03 2.619597e+03 3.828161e+01 -3.273408e+01
4.550136e-01 11233 1.553416e+03 2.642605e+03 7.775191e+00 2.202696e+02
4.650240e-01 11991 1.461307e+03 2.547351e+03 1.052663e+02 -9.810211e+01
4.750600e-01 12241 1.384555e+03 2.466131e+03 -7.345346e+01 1.800408e+01
4.850824e-01 13033 1.362670e+03 2.433529e+03 1.968117e+01 3.669053e+01
4.950626e-01 13227 1.286081e+03 2.353343e+03 2.589783e+01 1.076097e+02
5.050218e-01 13993 1.285739e+03 2.339666e+03 -6.561563e+01 2.305555e+01
5.149626e-01 14301 1.244691e+03 2.290796e+03 -4.422888e+01 3.620491e+01
5.249789e-01 15355 1.192589e+03 2.232727e+03 -1.351863e+01 -4.490564e+01
5.350486e-01 15585 1.163330e+03 2.194349e+03 -1.528071e+01 -2.070002e+01
5.451135e-01 16549 1.138181e+03 2.159430e+03 3.010715e+00 -1.214243e+01
5.551181e-01 16587 1.105702e+03 2.118667e+03 -3.258950e+01 -1.296177e+00
5.650424e-01 17461 1.093626e+03 2.095138e+03 -4.588728e+01 -5.495253e+01
5.750589e-01 18177 1.030608e+03 2.029382e+03 -2.485996e+01 -1.172265e+01
5.850828e-01 18739 1.028403e+03 2.014080e+03 -5.924736e+00 3.707618e+01
5.950416e-01 19165 9.983218e+02 1.976035e+03 -2.447187e+01 -1.255015e+01
6.049746e-01 20013 9.732070e+02 1.942261e+03 -1.512003e+01 -8.478043e+01
6.149470e-01 20587 9.462357e+02 1.907083e+03 -2.096297e+01 1.661034e+01
6.249968e-01 21657 9.067097e+02 1.861914e+03 -1.184560e+01 4.829343e+01
6.350666e-01 22129 8.868308e+02 1.832705e+03 -1.199430e+02 -1.605743e+01
6.450498e-01 22611 8.891106e+02 1.821114e+03 -5.460718e+00 2.133193e+00
6.549912e-01 23317 8.446653e+02 1.773020e+03 -2.265848e+01 -4.461823e+01
6.649535e-01 24222 8.110445e+02 1.733606e+03 1.284679e+01 4.854175e+01
6.749660e-01 24943 8.424761e+02 1.744546e+03 -3.818507e+01 1.017103e+01
6.850252e-01 25921 8.080192e+02 1.704629e+03 -4.722656e+00 -5.052347e+01
6.950284e-01 26253 7.894100e+02 1.677179e+03 -6.486732e+01 -2.255176e+01
7.049900e-01 27139 7.758017e+02 1.653668e+03 -8.395618e+00 2.452370e-01
7.150256e-01 28185 7.620916e+02 1.629974e+03 -4.448487e+01 1.190639e+01
7.250860e-01 28969 7.386780e+02 1.599272e+03 1.356045e+01 -2.893254e+00
7.350183e-01 28887 7.048278e+02 1.561331e+03 -2.012844e+01 -4.981836e+00
7.450018e-01 30937 7.080856e+02 1.550561e+03 -7.775761e-01 -5.131666e+01
7.551045e-01 31341 6.909128e+02 1.524891e+03 -2.046651e+01 2.222527e+01
7.650666e-01 31555 6.713425e+02 1.497780e+03 -3.528873e+01 -1.605043e+01
7.750154e-01 33025 6.628499e+02 1.478777e+03 -4.200684e+01 -1.762585e+01
7.850634e-01 33921 6.323203e+02 1.444206e+03 6.025525e+00 5.963610e+00
7.950596e-01 34285 6.331250e+02 1.431881e+03 3.375600e+01 2.212338e+01
8.050450e-01 35703 5.815224e+02 1.383349e+03 -2.054349e+01 4.086630e+01
8.150563e-01 36205 5.851441e+02 1.373131e+03 -4.772573e+01 -3.196512e+01
8.250795e-01 37485 6.053871e+02 1.374037e+03 1.495459e+01 4.356272e+00
8.350885e-01 38047 5.638950e+02 1.333435e+03 1.631507e+01 1.971781e+01
8.450499e-01 38913 5.679995e+02 1.323580e+03 5.031843e+00 -1.639506e+01
8.550252e-01 39853 5.617870e+02 1.306803e+03 2.912089e+01 3.266085e+01
8.650455e-01 41367 5.401213e+02 1.280034e+03 -8.694838e+00 1.314697e+01
8.750680e-01 41617 5.229445e+02 1.256464e+03 -8.801684e+00 2.590854e-01
8.849916e-01 42430 5.278564e+02 1.247212e+03 1.938439e+01 4.543953e+01
8.949944e-01 44367 5.180546e+02 1.228594e+03 -2.080484e+00 4.589677e+01
9.050336e-01 44569 5.012783e+02 1.205679e+03 2.990431e+01 4.143455e+01
9.150411e-01 46089 4.979442e+02 1.191308e+03 2.715979e+01 -1.543165e+01
9.250625e-01 46819 4.880926e+02 1.172980e+03 1.883321e+01 -6.466009e+00
9.350607e-01 47793 4.779286e+02 1.154671e+03 3.953054e+00 4.725498e+01
9.450463e-01 48697 4.545584e+02 1.128613e+03 -1.168819e+01 7.579435e+00
9.549734e-01 49443 4.626152e+02 1.121474e+03 3.338874e+01 1.622776e+01
9.649510e-01 51097 4.495862e+02 1.101917e+03 1.021024e+01 3.594659e+01
9.750082e-01 52453 4.482674e+02 1.089225e+03 3.734931e+01 -1.746337e+01
9.850290e-01 52947 4.374644e+02 1.071143e+03 -4.795082e+00 -3.816937e+01
9.950258e-01 54193 4.290770e+02 1.054664e+03 1.376884e+01 1.079832e+01
