# text fof file
# logMmin 1.200000e+01 -> nfof_min 133
# boxsize 600.000000
# density total 1.526910e+05 1.526910e+05; rel difference 4.594807e-11
# nbar 7.069028e-04
1.483274e-02 13 7.737355e+04 7.878007e+04 -7.488903e+04 1.180273e+05
2.513187e-02 33 4.973792e+04 5.113531e+04 -6.866149e+03 7.026312e+04
3.574650e-02 79 3.957478e+04 4.095974e+04 3.021598e+03 -8.905592e+03
4.583347e-02 105 2.843691e+04 2.981641e+04 -7.163381e+03 2.230033e+04
5.486964e-02 145 2.571082e+04 2.707938e+04 -1.975374e+03 -8.074809e+02
6.471857e-02 243 2.189656e+04 2.325539e+04 1.607666e+02 1.080949e+03
7.503996e-02 313 1.956391e+04 2.091112e+04 -1.469012e+03 1.921851e+03
8.485495e-02 369 1.469464e+04 1.604320e+04 -1.984134e+03 5.824422e+03
9.528688e-02 571 1.286754e+04 1.420799e+04 -5.876475e+02 1.834287e+03
1.059290e-01 601 1.161423e+04 1.294570e+04 -1.346707e+03 2.071249e+03
1.156806e-01 705 1.048180e+04 1.180549e+04 -4.287956e+02 8.893187e+02
1.255756e-01 883 9.409312e+03 1.072671e+04 1.051870e+02 -1.529869e+03
1.352378e-01 909 9.320437e+03 1.062350e+04 -2.597818e+02 1.027961e+02
1.449493e-01 1177 7.227765e+03 8.539322e+03 -8.751149e+02 -3.661786e+02
1.550659e-01 1323 6.514989e+03 7.821648e+03 3.225817e+02 -8.217071e+02
1.649601e-01 1453 6.467834e+03 7.760830e+03 -3.020441e+02 8.130565e+01
1.749597e-01 1701 5.995997e+03 7.282190e+03 -3.319882e+02 -9.086224e+02
1.852437e-01 1963 5.560093e+03 6.839220e+03 -1.766716e+01 1.535585e+02
1.951071e-01 1933 5.194799e+03 6.467241e+03 -5.933189e+02 6.476506e+01
2.049888e-01 2397 4.579921e+03 5.852274e+03 -2.323498e+02 -4.776280e+02
2.151844e-01 2539 4.498102e+03 5.758199e+03 -1.165025e+02 2.877475e+01
2.250745e-01 2694 4.247015e+03 5.499988e+03 -9.700238e+01 2.108730e+02
2.350927e-01 3121 3.752360e+03 5.006175e+03 -1.414632e+02 -1.069756e+02
2.451974e-01 3255 3.604537e+03 4.849624e+03 -9.299868e+01 -9.115085e+01
2.550872e-01 3517 3.509321e+03 4.744078e+03 2.952014e+01 3.334310e+02
2.649947e-01 3813 3.321660e+03 4.549779e+03 5.633454e+01 -3.298698e+01
2.750606e-01 4231 3.028736e+03 4.255281e+03 1.883529e+02 -8.449370e+01
2.851157e-01 4389 2.843801e+03 4.064940e+03 -1.318337e+02 -5.779127e+01
2.950080e-01 4717 2.801942e+03 4.011812e+03 -2.424691e+02 1.533017e+01
3.050474e-01 5191 2.634418e+03 3.839130e+03 -1.873643e+02 -1.767267e+02
3.151078e-01 5373 2.497230e+03 3.695826e+03 -2.294543e+02 5.359472e+01
3.251295e-01 5893 2.390017e+03 3.581389e+03 -1.819451e+02 -2.822720e+02
3.352591e-01 6183 2.351616e+03 3.531649e+03 -8.565958e+01 -1.749326e+01
3.451640e-01 6349 2.223233e+03 3.398136e+03 2.365457e+01 7.205839e+00
3.550965e-01 6993 2.193324e+03 3.356714e+03 -1.670474e+01 -2.671048e+01
3.649687e-01 7003 2.059125e+03 3.218859e+03 -6.494032e+01 5.876522e+01
3.749450e-01 7941 2.022887e+03 3.171762e+03 -1.671535e+02 -3.852478e+00
3.851630e-01 8221 1.931386e+03 3.073730e+03 -1.254459e+02 -5.501418e+01
3.951752e-01 8449 1.872371e+03 3.005953e+03 3.264485e+01 9.849084e+01
4.050872e-01 8931 1.754343e+03 2.884929e+03 2.700962e+01 2.986359e+01
4.149904e-01 9289 1.697987e+03 2.820490e+03 -7.254354e+01 2.609192e+01
4.250484e-01 10113 1.657675e+03 2.770466e+03 2.549519e+01 3.010380e+01
4.350196e-01 10087 1.554261e+03 2.664108e+03 3.416745e+01 3.277569e+01
4.449689e-01 10998 1.570539e+03 2.665263e+03 -7.755007e+01 -5.485658e+00
4.550136e-01 11233 1.455264e+03 2.549181e+03 -5.252059e+01 -5.850592e+01
4.650240e-01 11991 1.443823e+03 2.525608e+03 -5.356957e+01 4.959958e+01
4.750600e-01 12241 1.411400e+03 2.483546e+03 -7.531175e+01 1.714995e+02
4.850824e-01 13033 1.373291e+03 2.436541e+03 -4.703181e+01 -4.585093e+01
4.950626e-01 13227 1.326087e+03 2.381966e+03 -2.689409e+01 -2.272330e+01
5.050218e-01 13993 1.290162e+03 2.337362e+03 -7.612510e+01 -1.152362e+00
5.149626e-01 14301 1.236444e+03 2.277672e+03 -4.258170e+01 2.588244e+00
5.249789e-01 15355 1.239148e+03 2.266346e+03 -5.650003e+00 4.061683e+01
5.350486e-01 15585 1.231854e+03 2.246427e+03 -2.949406e+01 -6.664824e+00
5.451135e-01 16549 1.149711e+03 2.163205e+03 -6.788932e+01 -7.614838e+01
5.551181e-01 16587 1.105296e+03 2.112321e+03 -3.062854e+01 5.603416e+01
5.650424e-01 17461 1.095282e+03 2.090655e+03 -2.491148e+01 5.850634e+00
5.750589e-01 18177 1.047997e+03 2.037931e+03 -1.133266e+00 -7.032308e+01
5.850828e-01 18739 1.005876e+03 1.989778e+03 2.942373e+00 -2.857764e+01
5.950416e-01 19165 1.022987e+03 1.990371e+03 -2.077153e+01 4.997940e+01
6.049746e-01 20013 9.917611e+02 1.951536e+03 3.525397e+01 -2.926019e+01
6.149470e-01 20587 9.595301e+02 1.912010e+03 7.249735e+01 1.035417e+01
6.249968e-01 21657 9.393916e+02 1.882288e+03 -8.743584e+01 1.078401e+02
6.350666e-01 22129 9.186979e+02 1.852315e+03 6.275628e+00 2.739514e+01
6.450498e-01 22611 8.831308e+02 1.810817e+03 -2.144607e+01 -2.573993e+01
6.549912e-01 23317 8.719391e+02 1.788696e+03 1.887469e+01 -2.723141e+01
6.649535e-01 24222 8.448324e+02 1.754345e+03 1.801796e+01 3.329128e+01
6.749660e-01 24943 8.132680e+02 1.716588e+03 1.420137e+01 2.827034e+00
6.850252e-01 25921 8.048953e+02 1.696803e+03 -1.700777e+01 1.429890e+01
6.950284e-01 26253 8.083734e+02 1.686131e+03 -1.741207e+01 -9.212484e+00
7.049900e-01 27139 7.603323e+02 1.636647e+03 -8.507887e+01 2.284546e+01
7.150256e-01 28185 7.569317e+02 1.620847e+03 -3.186859e+01 4.059497e+01
7.250860e-01 28969 7.524187e+02 1.604156e+03 -3.341885e+01 1.628035e+01
7.350183e-01 28887 7.258828e+02 1.571471e+03 8.879914e+00 5.550970e+01
7.450018e-01 30937 7.006050e+02 1.539937e+03 -2.203826e+01 3.693079e+01
7.551045e-01 31341 6.848652e+02 1.515389e+03 -4.241863e+01 3.190114e+01
7.650666e-01 31555 7.023564e+02 1.514786e+03 -8.374795e-01 8.210047e+01
7.750154e-01 33025 6.501923e+02 1.464781e+03 -2.642398e+01 -7.357731e+01
7.850634e-01 33921 6.662999e+02 1.462989e+03 2.703284e+01 5.934995e+01
7.950596e-01 34285 6.216603e+02 1.418937e+03 -3.237454e+01 -4.666107e+00
8.050450e-01 35703 6.165263e+02 1.402558e+03 -5.705679e+00 6.388980e+01
8.150563e-01 36205 5.959639e+02 1.375648e+03 8.009131e+00 -2.780924e+00
8.250795e-01 37485 6.142843e+02 1.375290e+03 1.466874e-02 8.329303e+01
8.350885e-01 38047 5.794791e+02 1.339049e+03 -3.132185e+00 -6.733296e+00
8.450499e-01 38913 5.728541e+02 1.322017e+03 -1.960234e+01 1.380026e+01
8.550252e-01 39853 5.660248e+02 1.304903e+03 1.591284e+01 -2.950656e+01
8.650455e-01 41367 5.746051e+02 1.297773e+03 -1.802887e+01 4.766105e+01
8.750680e-01 41617 5.385591e+02 1.261857e+03 -2.709130e+01 3.696128e+01
8.849916e-01 42430 5.314088e+02 1.244932e+03 -3.526303e+00 -5.004668e+01
8.949944e-01 44367 5.338333e+02 1.234004e+03 2.102825e+01 2.557519e+01
9.050336e-01 44569 5.086512e+02 1.205792e+03 -9.218524e+00 -7.000152e+00
9.150411e-01 46089 5.121097e+02 1.195620e+03 -2.116033e+01 2.594970e+01
9.250625e-01 46819 4.973073e+02 1.174229e+03 -1.820375e+01 -1.442761e+01
9.350607e-01 47793 4.823085e+02 1.152955e+03 -2.753251e+01 4.428640e+01
9.450463e-01 48697 4.768633e+02 1.137598e+03 2.136758e+01 4.348549e+01
9.549734e-01 49443 4.524444e+02 1.111251e+03 1.224627e+01 3.600939e+01
9.649510e-01 51097 4.461944e+02 1.095737e+03 -1.756087e+01 3.240077e+01
9.750082e-01 52453 4.505985e+02 1.086379e+03 -6.447836e+00 3.502131e+01
9.850290e-01 52947 4.495850e+02 1.073962e+03 -2.113698e+01 1.944639e+01
9.950258e-01 54193 4.392982e+02 1.056371e+03 -9.008555e+00 3.981617e+01
