# text fof file
# logMmin 1.200000e+01 -> nfof_min 133
# boxsize 600.000000
# density total 1.527410e+05 1.527410e+05; rel difference 3.889530e-11
# nbar 7.071343e-04
1.483274e-02 13 6.207659e+04 6.348291e+04 1.249183e+04 -5.748627e+04
2.513187e-02 33 4.555256e+04 4.695026e+04 -1.555471e+04 1.938146e+04
3.574650e-02 79 3.280784e+04 3.419722e+04 7.524034e+03 -2.427476e+04
4.583347e-02 105 3.087637e+04 3.225164e+04 2.697411e+02 -1.243323e+04
5.486964e-02 145 2.501794e+04 2.638689e+04 -1.777002e+03 1.575079e+04
6.471857e-02 243 2.199551e+04 2.335298e+04 6.030266e+03 -1.084075e+03
7.503996e-02 313 1.914389e+04 2.049210e+04 2.057888e+03 1.235984e+03
8.485495e-02 369 1.616280e+04 1.750524e+04 -3.096380e+03 -3.389992e+03
9.528688e-02 571 1.230144e+04 1.364507e+04 -2.005281e+03 -6.884964e+02
1.059290e-01 601 1.102617e+04 1.236082e+04 1.604340e+02 3.184383e+03
1.156806e-01 705 1.045362e+04 1.177731e+04 -4.376265e+01 2.826239e+03
1.255756e-01 883 9.425568e+03 1.074232e+04 1.282684e+03 -2.205606e+03
1.352378e-01 909 8.069128e+03 9.384658e+03 1.037405e+03 1.765492e+02
1.449493e-01 1177 7.486061e+03 8.794063e+03 -3.552884e+02 -1.202976e+03
1.550659e-01 1323 6.562640e+03 7.867988e+03 -2.024669e+02 -6.593772e+02
1.649601e-01 1453 6.271239e+03 7.566604e+03 -2.101400e+02 1.962080e+02
1.749597e-01 1701 5.834057e+03 7.122493e+03 4.740228e+02 -6.231047e+02
1.852437e-01 1963 5.473814e+03 6.754065e+03 8.410076e+01 2.689828e+02
1.951071e-01 1933 5.086425e+03 6.360607e+03 -3.166674e+02 1.136131e+02
2.049888e-01 2397 4.676918e+03 5.946516e+03 3.490050e+02 -4.605856e+02
2.151844e-01 2539 4.369778e+03 5.632792e+03 4.591570e+02 1.703213e+02
2.250745e-01 2694 4.090220e+03 5.347268e+03 -2.123453e+02 1.543174e+01
2.350927e-01 3121 4.002187e+03 5.247749e+03 -2.963690e+02 -6.296408e+02
2.451974e-01 3255 3.562574e+03 4.808631e+03 2.510004e+02 7.269298e+01
2.550872e-01 3517 3.349113e+03 4.589290e+03 -7.240172e+01 2.870190e+02
2.649947e-01 3813 3.107659e+03 4.343757e+03 1.882710e+02 3.665008e+02
2.750606e-01 4231 3.098207e+03 4.321267e+03 1.534206e+02 4.194906e+02
2.851157e-01 4389 2.815268e+03 4.037260e+03 -4.965925e+01 4.644898e+02
2.950080e-01 4717 2.764379e+03 3.975465e+03 1.149646e+02 3.555943e+02
3.050474e-01 5191 2.561998e+03 3.770125e+03 3.024068e+01 3.279117e+02
3.151078e-01 5373 2.557244e+03 3.752145e+03 -1.519619e+01 1.061109e+02
3.251295e-01 5893 2.397884e+03 3.588305e+03 -3.463916e+01 2.916978e+01
3.352591e-01 6183 2.290865e+03 3.474216e+03 -1.001923e+01 -1.749057e+02
3.451640e-01 6349 2.221372e+03 3.395899e+03 2.072894e+02 3.465781e+01
3.550965e-01 6993 2.133089e+03 3.300297e+03 -3.312947e+01 4.653461e+01
3.649687e-01 7003 2.059148e+03 3.218441e+03 8.010725e+01 2.527268e+02
3.749450e-01 7941 1.969927e+03 3.122454e+03 7.652099e+01 -2.015072e+02
3.851630e-01 8221 1.905512e+03 3.049479e+03 2.454957e+01 -6.911063e+01
3.951752e-01 8449 1.754216e+03 2.897528e+03 2.615536e-02 2.903362e+01
4.050872e-01 8931 1.777725e+03 2.905760e+03 -4.383512e+00 -8.872175e+01
4.149904e-01 9289 1.630173e+03 2.758524e+03 4.724414e+01 1.458955e+02
4.250484e-01 10113 1.639943e+03 2.754049e+03 1.546738e+01 -4.970964e+01
4.350196e-01 10087 1.559113e+03 2.668058e+03 -4.075510e+01 -4.183707e+01
4.449689e-01 10998 1.547196e+03 2.644041e+03 9.582486e+00 6.439105e+01
4.550136e-01 11233 1.471281e+03 2.562981e+03 8.405116e+01 6.094494e+01
4.650240e-01 11991 1.490053e+03 2.566030e+03 1.175769e+02 3.303519e+00
4.750600e-01 12241 1.426990e+03 2.496794e+03 1.065127e+01 1.044072e+02
4.850824e-01 13033 1.336420e+03 2.403929e+03 3.443394e+01 -6.679293e+01
4.950626e-01 13227 1.301835e+03 2.360474e+03 5.252331e+01 -1.620844e+01
5.050218e-01 13993 1.293716e+03 2.340050e+03 1.724796e+01 -3.728165e+01
5.149626e-01 14301 1.219401e+03 2.262614e+03 1.298873e+02 3.418002e+01
5.249789e-01 15355 1.166548e+03 2.204063e+03 -3.648567e+01 8.323946e+01
5.350486e-01 15585 1.151228e+03 2.177577e+03 -1.148703e+00 6.621509e+01
5.451135e-01 16549 1.123633e+03 2.140785e+03 7.195216e+01 5.672766e+01
5.551181e-01 16587 1.104851e+03 2.111631e+03 5.682095e+01 9.851746e+01
5.650424e-01 17461 1.064075e+03 2.064285e+03 -1.801996e+01 -2.757508e+01
5.750589e-01 18177 1.041270e+03 2.031950e+03 6.317830e+01 -4.538216e+01
5.850828e-01 18739 1.011568e+03 1.994001e+03 -1.486972e+01 8.373489e+01
5.950416e-01 19165 9.790311e+02 1.954169e+03 2.856738e+01 -5.844759e+00
6.049746e-01 20013 9.527455e+02 1.919564e+03 7.639738e+01 -5.804449e+01
6.149470e-01 20587 9.495325e+02 1.903597e+03 2.057077e+01 5.180986e+01
6.249968e-01 21657 9.114509e+02 1.859658e+03 3.063100e+01 1.602891e+01
6.350666e-01 22129 9.056197e+02 1.841540e+03 1.670540e+01 -1.779404e+01
6.450498e-01 22611 8.684642e+02 1.798951e+03 2.883599e+00 -7.922118e+01
6.549912e-01 23317 8.549394e+02 1.775077e+03 5.068723e+01 -3.539201e+01
6.649535e-01 24222 8.331395e+02 1.744887e+03 1.540312e+01 -3.121443e+01
6.749660e-01 24943 8.063586e+02 1.710940e+03 -3.127032e+01 -7.251429e+00
6.850252e-01 25921 7.958377e+02 1.689569e+03 5.679244e+00 6.804829e+01
6.950284e-01 26253 7.945461e+02 1.675322e+03 5.855563e+01 2.638591e+01
7.049900e-01 27139 7.703734e+02 1.643896e+03 3.228991e+01 -1.622543e+01
7.150256e-01 28185 7.344552e+02 1.603769e+03 1.580032e+00 -3.689698e+01
7.250860e-01 28969 7.177119e+02 1.578184e+03 1.224918e+01 -1.547127e+01
7.350183e-01 28887 7.068356e+02 1.557233e+03 -5.277092e+00 1.513148e+01
7.450018e-01 30937 6.933269e+02 1.534340e+03 -4.098291e+01 1.861539e-01
7.551045e-01 31341 6.981983e+02 1.524603e+03 7.718960e+01 8.631297e+01
7.650666e-01 31555 6.675344e+02 1.489656e+03 5.871920e+01 -1.985575e+01
7.750154e-01 33025 6.600145e+02 1.471370e+03 1.272429e+01 4.652320e+00
7.850634e-01 33921 6.527065e+02 1.453168e+03 5.032593e+01 1.913896e+01
7.950596e-01 34285 6.136910e+02 1.413093e+03 -3.624829e+01 -2.106119e+01
8.050450e-01 35703 6.129071e+02 1.399740e+03 -1.056820e+00 -1.945854e+01
8.150563e-01 36205 5.979985e+02 1.376769e+03 -6.523240e+00 -2.851524e+01
8.250795e-01 37485 5.797316e+02 1.351637e+03 1.680466e+01 -2.811559e+01
8.350885e-01 38047 5.776513e+02 1.337521e+03 -2.201012e+01 -2.977711e+01
8.450499e-01 38913 5.743010e+02 1.322687e+03 -1.273743e+01 -3.282795e+01
8.550252e-01 39853 5.670555e+02 1.305276e+03 2.018212e+00 -8.614459e+00
8.650455e-01 41367 5.415837e+02 1.276035e+03 3.002114e+00 1.404535e+00
8.750680e-01 41617 5.166453e+02 1.247511e+03 -2.511462e+01 -1.438750e+01
8.849916e-01 42430 5.212784e+02 1.238208e+03 1.441997e+01 4.884173e+01
8.949944e-01 44367 5.058074e+02 1.216074e+03 -2.897200e+00 3.612835e+01
9.050336e-01 44569 5.107895e+02 1.206843e+03 1.074073e+01 1.980329e+01
9.150411e-01 46089 4.879252e+02 1.180421e+03 3.011685e-01 -5.175803e+00
9.250625e-01 46819 4.808127e+02 1.163871e+03 2.521291e+01 8.335053e+00
9.350607e-01 47793 4.728335e+02 1.147005e+03 4.078858e+01 1.679084e+01
9.450463e-01 48697 4.771306e+02 1.137503e+03 1.765547e+00 -1.788854e+01
9.549734e-01 49443 4.505431e+02 1.109856e+03 1.048847e+01 -1.817627e+01
9.649510e-01 51097 4.469082e+02 1.095917e+03 -3.386404e+00 -5.950944e+01
9.750082e-01 52453 4.302704e+02 1.074391e+03 -8.735969e+00 -9.974713e+00
9.850290e-01 52947 4.242772e+02 1.059252e+03 1.105916e+01 -1.405042e+01
9.950258e-01 54193 4.352268e+02 1.053790e+03 -2.052869e+01 2.882153e+01
