# text fof file
# logMmin 1.200000e+01 -> nfof_min 133
# boxsize 600.000000
# density total 1.521490e+05 1.521490e+05; rel difference 6.387735e-11
# nbar 7.043935e-04
1.483274e-02 13 3.341419e+04 3.483031e+04 3.356874e+04 1.030414e+05
2.513187e-02 33 6.864527e+04 7.003994e+04 -1.348706e+04 -1.361148e+04
3.574650e-02 79 3.647853e+04 3.787084e+04 1.250905e+03 1.439122e+04
4.583347e-02 105 2.684880e+04 2.823501e+04 1.449317e+03 1.263399e+04
5.486964e-02 145 2.763427e+04 2.900374e+04 2.332850e+03 -5.406338e+03
6.471857e-02 243 2.175095e+04 2.311531e+04 3.515545e+03 -9.630646e+03
7.503996e-02 313 2.000737e+04 2.135840e+04 1.884340e+03 4.199402e+03
8.485495e-02 369 1.584206e+04 1.719055e+04 2.418573e+03 -1.262281e+03
9.528688e-02 571 1.277376e+04 1.412062e+04 1.027554e+03 -3.812375e+03
1.059290e-01 601 1.132119e+04 1.265954e+04 -1.546393e+02 8.117828e+02
1.156806e-01 705 1.000601e+04 1.133856e+04 5.393622e+02 1.622251e+03
1.255756e-01 883 9.307689e+03 1.063137e+04 -6.707477e+02 -1.493960e+03
1.352378e-01 909 9.001296e+03 1.031261e+04 -4.641317e+02 5.866764e+02
1.449493e-01 1177 7.505498e+03 8.818867e+03 -2.537357e+02 -1.708467e+03
1.550659e-01 1323 6.375910e+03 7.689099e+03 4.938839e+02 -5.798007e+02
1.649601e-01 1453 6.053288e+03 7.357619e+03 4.393039e+02 4.348839e+02
1.749597e-01 1701 5.588619e+03 6.886812e+03 -3.461086e+02 4.241896e+02
1.852437e-01 1963 5.529866e+03 6.814424e+03 -1.436264e+02 -1.474329e+02
1.951071e-01 1933 4.950500e+03 6.233081e+03 -2.384315e+02 7.755437e+02
2.049888e-01 2397 4.535620e+03 5.813946e+03 2.109212e+02 4.134809e+02
2.151844e-01 2539 4.254018e+03 5.525422e+03 -2.307988e+02 -3.906171e+02
2.250745e-01 2694 3.865092e+03 5.133782e+03 1.105685e+02 -7.141605e+01
2.350927e-01 3121 3.885594e+03 5.140064e+03 1.573007e+02 -3.004599e+02
2.451974e-01 3255 3.669184e+03 4.916872e+03 4.355499e+00 4.937288e+02
2.550872e-01 3517 3.493094e+03 4.733246e+03 4.602947e+02 1.678146e+02
2.649947e-01 3813 3.214209e+03 4.451505e+03 5.097344e+01 -3.416144e+02
2.750606e-01 4231 2.945572e+03 4.180375e+03 -7.841614e+00 5.829799e+01
2.851157e-01 4389 2.838986e+03 4.065165e+03 -4.837733e+00 1.753717e+02
2.950080e-01 4717 2.777798e+03 3.993593e+03 -1.219384e+02 1.701375e+02
3.050474e-01 5191 2.624587e+03 3.834538e+03 9.750138e+01 8.680135e+01
3.151078e-01 5373 2.564809e+03 3.764428e+03 -9.981821e+01 2.424916e+02
3.251295e-01 5893 2.460799e+03 3.652800e+03 1.323280e+01 9.247351e+01
3.352591e-01 6183 2.294474e+03 3.482745e+03 -6.572506e+00 -4.226358e+00
3.451640e-01 6349 2.177867e+03 3.360542e+03 -1.701993e+02 1.377791e+01
3.550965e-01 6993 2.073206e+03 3.249721e+03 -4.197347e+01 -1.656051e+01
3.649687e-01 7003 2.050900e+03 3.215832e+03 1.704392e+02 9.483962e+00
3.749450e-01 7941 1.929622e+03 3.090439e+03 -7.762727e+01 -1.671598e+02
3.851630e-01 8221 1.906362e+03 3.055271e+03 -2.537151e+01 4.265620e+00
3.951752e-01 8449 1.865025e+03 3.003886e+03 4.280645e+01 1.544014e+02
4.050872e-01 8931 1.780545e+03 2.913352e+03 -2.768956e+01 7.486572e+01
4.149904e-01 9289 1.716916e+03 2.842175e+03 -1.753026e+02 2.415055e+01
4.250484e-01 10113 1.647872e+03 2.766125e+03 1.150521e+02 -4.414829e+01
4.350196e-01 10087 1.559311e+03 2.673213e+03 -1.077110e+01 1.471025e+02
4.449689e-01 10998 1.572054e+03 2.671076e+03 1.220746e+02 -4.251230e+01
4.550136e-01 11233 1.489158e+03 2.583706e+03 -8.147060e+01 -5.428326e+01
4.650240e-01 11991 1.424753e+03 2.513205e+03 5.342454e+01 -2.499753e+01
4.750600e-01 12241 1.441299e+03 2.514184e+03 8.449303e+01 8.348317e+01
4.850824e-01 13033 1.343290e+03 2.414741e+03 2.079839e+01 5.905694e+01
4.950626e-01 13227 1.347909e+03 2.405260e+03 -2.731823e+01 -8.569793e+01
5.050218e-01 13993 1.279322e+03 2.332312e+03 7.367224e+01 7.472646e+01
5.149626e-01 14301 1.245203e+03 2.289513e+03 2.089859e+01 1.071710e+02
5.249789e-01 15355 1.167545e+03 2.209603e+03 -3.456396e+00 4.927366e+00
5.350486e-01 15585 1.176705e+03 2.203905e+03 1.369734e+01 -4.588406e+01
5.451135e-01 16549 1.106234e+03 2.130761e+03 -3.302935e+01 -4.971520e+00
5.551181e-01 16587 1.087899e+03 2.102046e+03 9.828908e+01 1.400372e+02
5.650424e-01 17461 1.059642e+03 2.065125e+03 3.821659e+01 -2.748740e+01
5.750589e-01 18177 1.003275e+03 2.005054e+03 3.362297e+01 -1.450842e+01
5.850828e-01 18739 1.006554e+03 1.994483e+03 7.981607e+00 -4.487223e+01
5.950416e-01 19165 9.754600e+02 1.955722e+03 -1.190857e+01 -6.623248e+01
6.049746e-01 20013 9.551146e+02 1.925914e+03 -5.719444e+01 1.238021e+01
6.149470e-01 20587 9.820054e+02 1.934161e+03 -3.284794e+01 -3.637944e+01
6.249968e-01 21657 9.245247e+02 1.874456e+03 1.778125e+01 -3.074917e+01
6.350666e-01 22129 8.741299e+02 1.820992e+03 -4.530732e+01 3.923691e+01
6.450498e-01 22611 8.613857e+02 1.797664e+03 7.949725e+01 3.406623e+01
6.549912e-01 23317 8.637973e+02 1.786295e+03 5.091681e+01 -1.282446e+01
6.649535e-01 24222 8.553868e+02 1.766381e+03 -9.578639e+00 -4.268987e+01
6.749660e-01 24943 8.006306e+02 1.710817e+03 -9.300688e+00 3.901449e+01
6.850252e-01 25921 7.955311e+02 1.693597e+03 -5.615708e+01 -3.197787e+01
6.950284e-01 26253 8.009556e+02 1.684360e+03 3.538293e+01 4.148663e+01
7.049900e-01 27139 7.804187e+02 1.655565e+03 -1.691348e+01 5.984839e+00
7.150256e-01 28185 7.532133e+02 1.621909e+03 -1.609922e+01 1.666039e+01
7.250860e-01 28969 7.238030e+02 1.586777e+03 1.617879e+01 4.502188e+01
7.350183e-01 28887 7.134771e+02 1.566116e+03 9.358661e+00 -2.656862e+01
7.450018e-01 30937 7.144059e+02 1.553635e+03 -2.729693e-01 -5.884368e+01
7.551045e-01 31341 6.746511e+02 1.511673e+03 3.815879e+01 -2.081294e+01
7.650666e-01 31555 6.646386e+02 1.491535e+03 1.716267e+01 -2.056422e+01
7.750154e-01 33025 6.541088e+02 1.471126e+03 1.595038e+01 5.226205e+01
7.850634e-01 33921 6.484673e+02 1.454080e+03 3.823824e+01 8.221420e+00
7.950596e-01 34285 6.409035e+02 1.435822e+03 2.779360e+00 1.536927e+01
8.050450e-01 35703 6.248442e+02 1.411787e+03 -1.757323e+01 -1.352546e+01
8.150563e-01 36205 6.011633e+02 1.382672e+03 2.176807e+01 -7.835731e+01
8.250795e-01 37485 6.004724e+02 1.369395e+03 -4.316866e+00 -4.118900e+00
8.350885e-01 38047 5.937585e+02 1.352001e+03 1.277117e+01 2.375449e+01
8.450499e-01 38913 5.612885e+02 1.317735e+03 5.224189e+01 3.530743e+01
8.550252e-01 39853 5.528845e+02 1.299607e+03 4.225336e+01 -1.945691e+01
8.650455e-01 41367 5.477137e+02 1.283665e+03 -2.384360e+01 -4.163973e+01
8.750680e-01 41617 5.522856e+02 1.273949e+03 -1.408285e+01 2.184368e+01
8.849916e-01 42430 5.366124e+02 1.251469e+03 -6.079693e+01 6.558961e+01
8.949944e-01 44367 5.224684e+02 1.230075e+03 -6.597868e+00 3.160837e+01
9.050336e-01 44569 5.180507e+02 1.214867e+03 -3.196205e+00 -1.351478e+01
9.150411e-01 46089 4.826761e+02 1.180592e+03 2.194157e+01 -7.563049e+00
9.250625e-01 46819 4.832850e+02 1.168779e+03 1.167917e+01 -1.818492e+00
9.350607e-01 47793 4.777768e+02 1.153311e+03 8.730513e+00 3.860793e+01
9.450463e-01 48697 4.699314e+02 1.136488e+03 -9.147722e+00 2.009554e+01
9.549734e-01 49443 4.610902e+02 1.119353e+03 2.364539e+00 -1.247542e+01
9.649510e-01 51097 4.623406e+02 1.108170e+03 8.760550e+00 1.694360e+01
9.750082e-01 52453 4.564330e+02 1.092700e+03 4.408033e+00 9.159928e+00
9.850290e-01 52947 4.380953e+02 1.070289e+03 -5.201721e+00 6.353588e+00
9.950258e-01 54193 4.390671e+02 1.059119e+03 1.178274e+01 6.275579e+01
