8.018239e-03 9 8.834075e+03
1.659868e-02 64 5.824634e+03
2.586446e-02 157 5.214842e+03
3.529679e-02 292 4.061915e+03
4.513097e-02 529 3.160598e+03
5.555287e-02 820 2.634307e+03
6.539610e-02 1000 2.452054e+03
7.523297e-02 1483 2.073501e+03
8.527687e-02 1792 1.687325e+03
9.513029e-02 2293 1.376060e+03
1.052419e-01 2848 1.197084e+03
1.151206e-01 3232 1.061485e+03
1.250948e-01 4077 9.682686e+02
1.351559e-01 4552 8.950971e+02
1.451184e-01 5377 7.588974e+02
1.550677e-01 5974 7.002604e+02
1.650359e-01 6976 6.089153e+02
1.750550e-01 7717 5.612174e+02
1.850940e-01 8776 5.260505e+02
1.950993e-01 9553 4.895658e+02
2.050639e-01 10660 4.513334e+02
2.150232e-01 11608 4.167422e+02
2.250206e-01 12937 3.757454e+02
2.351002e-01 14062 3.517083e+02
2.450739e-01 15105 3.242272e+02
2.550522e-01 16492 3.079558e+02
2.650604e-01 17821 2.921681e+02
2.750125e-01 18940 2.717570e+02
2.850269e-01 20836 2.543963e+02
2.950518e-01 21949 2.430713e+02
3.050599e-01 23656 2.281090e+02
3.149891e-01 24727 2.175203e+02
3.250379e-01 27400 2.078786e+02
3.350922e-01 28096 1.956360e+02
3.450584e-01 30337 1.840980e+02
3.550604e-01 31696 1.757425e+02
3.650295e-01 33849 1.682322e+02
3.750722e-01 35800 1.614184e+02
3.850647e-01 37348 1.545312e+02
3.950397e-01 39535 1.489101e+02
4.050307e-01 41452 1.419655e+02
4.150177e-01 43669 1.368691e+02
4.250356e-01 45832 1.317312e+02
4.350008e-01 47524 1.264081e+02
4.450186e-01 50761 1.207392e+02
4.550579e-01 52264 1.170590e+02
4.650571e-01 54973 1.134020e+02
4.750553e-01 56890 1.090951e+02
4.849982e-01 59233 1.057615e+02
4.949997e-01 62460 1.012751e+02
5.050400e-01 64660 9.902795e+01
5.150365e-01 67105 9.584315e+01
5.250511e-01 70108 9.224126e+01
5.350611e-01 72421 8.987789e+01
5.450809e-01 75628 8.758891e+01
5.550666e-01 77374 8.489447e+01
5.650248e-01 80965 8.223040e+01
5.750209e-01 83536 7.998387e+01
5.849943e-01 86509 7.757983e+01
5.950118e-01 90088 7.587016e+01
6.050243e-01 92524 7.383484e+01
6.150021e-01 95685 7.191547e+01
6.250268e-01 99460 6.957834e+01
6.350319e-01 101791 6.851417e+01
6.450443e-01 105940 6.664280e+01
6.550363e-01 108040 6.501775e+01
6.650248e-01 112417 6.344113e+01
6.749918e-01 114172 6.230172e+01
6.849838e-01 119989 6.022422e+01
6.950359e-01 122428 5.897172e+01
7.050021e-01 125049 5.795812e+01
7.150185e-01 130682 5.698563e+01
7.250500e-01 132820 5.530459e+01
7.350461e-01 137169 5.428741e+01
7.450354e-01 139912 5.361509e+01
7.550326e-01 145021 5.219827e+01
7.650453e-01 148000 5.132669e+01
7.750260e-01 151840 5.015522e+01
7.849916e-01 155365 4.897020e+01
7.950130e-01 161410 4.807595e+01
8.050563e-01 164341 4.724826e+01
8.150452e-01 167704 4.667761e+01
8.250456e-01 172960 4.566120e+01
8.350307e-01 175597 4.477563e+01
8.450225e-01 181552 4.416376e+01
8.550387e-01 185185 4.326151e+01
8.650410e-01 189576 4.265718e+01
8.750145e-01 192850 4.154684e+01
8.849866e-01 198481 4.125035e+01
8.950163e-01 203908 4.040322e+01
9.050183e-01 206677 3.994125e+01
9.150119e-01 212440 3.946950e+01
9.250146e-01 216544 3.845631e+01
9.350152e-01 221725 3.776908e+01
9.450189e-01 226024 3.731829e+01
9.550021e-01 230515 3.675754e+01
9.650081e-01 236548 3.639214e+01
9.750165e-01 240697 3.585233e+01
9.850258e-01 246264 3.534342e+01
9.950310e-01 250480 3.487021e+01
