8.018239e-03 9 4.077160e+03
1.659868e-02 64 5.505086e+03
2.586446e-02 157 5.045314e+03
3.529679e-02 292 4.006321e+03
4.513097e-02 529 2.988835e+03
5.555287e-02 820 2.534214e+03
6.539610e-02 1000 2.253553e+03
7.523297e-02 1483 2.071058e+03
8.527687e-02 1792 1.614921e+03
9.513029e-02 2293 1.398712e+03
1.052419e-01 2848 1.130956e+03
1.151206e-01 3232 1.049787e+03
1.250948e-01 4077 9.845394e+02
1.351559e-01 4552 8.732898e+02
1.451184e-01 5377 7.830775e+02
1.550677e-01 5974 6.959832e+02
1.650359e-01 6976 6.082885e+02
1.750550e-01 7717 5.565845e+02
1.850940e-01 8776 5.169617e+02
1.950993e-01 9553 4.809946e+02
2.050639e-01 10660 4.531548e+02
2.150232e-01 11608 4.115495e+02
2.250206e-01 12937 3.748216e+02
2.351002e-01 14062 3.496198e+02
2.450739e-01 15105 3.251730e+02
2.550522e-01 16492 3.101153e+02
2.650604e-01 17821 2.910248e+02
2.750125e-01 18940 2.738400e+02
2.850269e-01 20836 2.548479e+02
2.950518e-01 21949 2.400367e+02
3.050599e-01 23656 2.277223e+02
3.149891e-01 24727 2.160567e+02
3.250379e-01 27400 2.051288e+02
3.350922e-01 28096 1.924787e+02
3.450584e-01 30337 1.846763e+02
3.550604e-01 31696 1.767063e+02
3.650295e-01 33849 1.680817e+02
3.750722e-01 35800 1.615898e+02
3.850647e-01 37348 1.544467e+02
3.950397e-01 39535 1.472953e+02
4.050307e-01 41452 1.404528e+02
4.150177e-01 43669 1.359096e+02
4.250356e-01 45832 1.297242e+02
4.350008e-01 47524 1.265542e+02
4.450186e-01 50761 1.212267e+02
4.550579e-01 52264 1.167383e+02
4.650571e-01 54973 1.134717e+02
4.750553e-01 56890 1.081592e+02
4.849982e-01 59233 1.051418e+02
4.949997e-01 62460 1.016288e+02
5.050400e-01 64660 9.791010e+01
5.150365e-01 67105 9.500095e+01
5.250511e-01 70108 9.176737e+01
5.350611e-01 72421 8.974606e+01
5.450809e-01 75628 8.735857e+01
5.550666e-01 77374 8.441006e+01
5.650248e-01 80965 8.176825e+01
5.750209e-01 83536 8.003749e+01
5.849943e-01 86509 7.745090e+01
5.950118e-01 90088 7.591557e+01
6.050243e-01 92524 7.307645e+01
6.150021e-01 95685 7.157771e+01
6.250268e-01 99460 6.942953e+01
6.350319e-01 101791 6.812748e+01
6.450443e-01 105940 6.641447e+01
6.550363e-01 108040 6.470484e+01
6.650248e-01 112417 6.318104e+01
6.749918e-01 114172 6.166413e+01
6.849838e-01 119989 5.987195e+01
6.950359e-01 122428 5.903678e+01
7.050021e-01 125049 5.795105e+01
7.150185e-01 130682 5.623614e+01
7.250500e-01 132820 5.532782e+01
7.350461e-01 137169 5.427210e+01
7.450354e-01 139912 5.281915e+01
7.550326e-01 145021 5.194288e+01
7.650453e-01 148000 5.056346e+01
7.750260e-01 151840 4.997085e+01
7.849916e-01 155365 4.872784e+01
7.950130e-01 161410 4.775633e+01
8.050563e-01 164341 4.727525e+01
8.150452e-01 167704 4.623426e+01
8.250456e-01 172960 4.537271e+01
8.350307e-01 175597 4.472533e+01
8.450225e-01 181552 4.371296e+01
8.550387e-01 185185 4.288430e+01
8.650410e-01 189576 4.235688e+01
8.750145e-01 192850 4.155662e+01
8.849866e-01 198481 4.088018e+01
8.950163e-01 203908 4.034714e+01
9.050183e-01 206677 3.930472e+01
9.150119e-01 212440 3.904905e+01
9.250146e-01 216544 3.840583e+01
9.350152e-01 221725 3.764042e+01
9.450189e-01 226024 3.723044e+01
9.550021e-01 230515 3.672310e+01
9.650081e-01 236548 3.616115e+01
9.750165e-01 240697 3.563683e+01
9.850258e-01 246264 3.531912e+01
9.950310e-01 250480 3.453135e+01
