8.018239e-03 9 3.657759e+03
1.659868e-02 64 5.142137e+03
2.586446e-02 157 4.667331e+03
3.529679e-02 292 3.858603e+03
4.513097e-02 529 3.061083e+03
5.555287e-02 820 2.494179e+03
6.539610e-02 1000 2.368013e+03
7.523297e-02 1483 1.976897e+03
8.527687e-02 1792 1.666696e+03
9.513029e-02 2293 1.406284e+03
1.052419e-01 2848 1.165392e+03
1.151206e-01 3232 1.053010e+03
1.250948e-01 4077 9.938395e+02
1.351559e-01 4552 8.987671e+02
1.451184e-01 5377 7.896909e+02
1.550677e-01 5974 6.824552e+02
1.650359e-01 6976 6.172452e+02
1.750550e-01 7717 5.734888e+02
1.850940e-01 8776 5.231988e+02
1.950993e-01 9553 4.872247e+02
2.050639e-01 10660 4.488044e+02
2.150232e-01 11608 4.067485e+02
2.250206e-01 12937 3.802730e+02
2.351002e-01 14062 3.483650e+02
2.450739e-01 15105 3.254081e+02
2.550522e-01 16492 3.109156e+02
2.650604e-01 17821 2.922487e+02
2.750125e-01 18940 2.742165e+02
2.850269e-01 20836 2.554061e+02
2.950518e-01 21949 2.390321e+02
3.050599e-01 23656 2.270341e+02
3.149891e-01 24727 2.173582e+02
3.250379e-01 27400 2.055525e+02
3.350922e-01 28096 1.939610e+02
3.450584e-01 30337 1.859462e+02
3.550604e-01 31696 1.776091e+02
3.650295e-01 33849 1.680087e+02
3.750722e-01 35800 1.622505e+02
3.850647e-01 37348 1.537435e+02
3.950397e-01 39535 1.478726e+02
4.050307e-01 41452 1.412364e+02
4.150177e-01 43669 1.364999e+02
4.250356e-01 45832 1.313835e+02
4.350008e-01 47524 1.271048e+02
4.450186e-01 50761 1.218396e+02
4.550579e-01 52264 1.175545e+02
4.650571e-01 54973 1.126236e+02
4.750553e-01 56890 1.086191e+02
4.849982e-01 59233 1.051296e+02
4.949997e-01 62460 1.020343e+02
5.050400e-01 64660 9.804108e+01
5.150365e-01 67105 9.562894e+01
5.250511e-01 70108 9.161217e+01
5.350611e-01 72421 8.983591e+01
5.450809e-01 75628 8.689262e+01
5.550666e-01 77374 8.449526e+01
5.650248e-01 80965 8.173737e+01
5.750209e-01 83536 7.977797e+01
5.849943e-01 86509 7.834925e+01
5.950118e-01 90088 7.593642e+01
6.050243e-01 92524 7.411151e+01
6.150021e-01 95685 7.212670e+01
6.250268e-01 99460 7.040472e+01
6.350319e-01 101791 6.802931e+01
6.450443e-01 105940 6.638950e+01
6.550363e-01 108040 6.503204e+01
6.650248e-01 112417 6.365027e+01
6.749918e-01 114172 6.196555e+01
6.849838e-01 119989 6.076608e+01
6.950359e-01 122428 5.869251e+01
7.050021e-01 125049 5.803875e+01
7.150185e-01 130682 5.687977e+01
7.250500e-01 132820 5.518623e+01
7.350461e-01 137169 5.425053e+01
7.450354e-01 139912 5.339083e+01
7.550326e-01 145021 5.201331e+01
7.650453e-01 148000 5.089763e+01
7.750260e-01 151840 5.026183e+01
7.849916e-01 155365 4.877102e+01
7.950130e-01 161410 4.833846e+01
8.050563e-01 164341 4.729347e+01
8.150452e-01 167704 4.633566e+01
8.250456e-01 172960 4.542745e+01
8.350307e-01 175597 4.473635e+01
8.450225e-01 181552 4.391800e+01
8.550387e-01 185185 4.307812e+01
8.650410e-01 189576 4.242960e+01
8.750145e-01 192850 4.141003e+01
8.849866e-01 198481 4.103537e+01
8.950163e-01 203908 4.051040e+01
9.050183e-01 206677 3.976857e+01
9.150119e-01 212440 3.910562e+01
9.250146e-01 216544 3.848330e+01
9.350152e-01 221725 3.792170e+01
9.450189e-01 226024 3.745567e+01
9.550021e-01 230515 3.676008e+01
9.650081e-01 236548 3.622046e+01
9.750165e-01 240697 3.565634e+01
9.850258e-01 246264 3.531089e+01
9.950310e-01 250480 3.478447e+01
