# text fof file
# logMmin 1.200000e+01 -> nfof_min 133
# boxsize 600.000000
# density total 7.940140e+05 7.940140e+05; rel difference 2.128721e-11
# nbar 3.675991e-03
1.483274e-02 13 2.030098e+04 2.057046e+04 -5.425744e+03 -3.657122e+03
2.513187e-02 33 2.017375e+04 2.043866e+04 -1.400825e+03 2.146313e+02
3.574650e-02 79 1.789070e+04 1.814962e+04 -1.682350e+03 1.019947e+04
4.583347e-02 105 1.204371e+04 1.230114e+04 -4.781358e+03 2.140398e+03
5.486964e-02 145 1.014255e+04 1.039674e+04 -2.818311e+03 5.021916e+03
6.471857e-02 243 9.539023e+03 9.787702e+03 8.920923e+02 -1.485889e+03
7.503996e-02 313 7.697875e+03 7.944345e+03 7.374658e+02 1.261937e+03
8.485495e-02 369 6.157484e+03 6.403198e+03 6.520454e+02 2.282235e+03
9.528688e-02 571 5.161244e+03 5.405267e+03 2.322107e+02 1.871968e+01
1.059290e-01 601 4.411111e+03 4.653137e+03 -1.767315e+02 7.656054e+02
1.156806e-01 705 4.280145e+03 4.517552e+03 1.707790e+02 1.233589e+03
1.255756e-01 883 3.794754e+03 4.030343e+03 -2.025782e+02 6.597992e+02
1.352378e-01 909 3.238719e+03 3.474281e+03 2.874015e+02 -1.728587e+02
1.449493e-01 1177 2.838716e+03 3.073575e+03 -1.016720e+02 -2.074994e+02
1.550659e-01 1323 2.542190e+03 2.775850e+03 3.244168e+01 -2.686455e+02
1.649601e-01 1453 2.298501e+03 2.530914e+03 -1.998623e+02 -1.427266e+02
1.749597e-01 1701 2.170049e+03 2.399749e+03 -1.331429e+02 7.819687e+00
1.852437e-01 1963 2.001089e+03 2.228959e+03 -3.910666e+01 -6.080661e+01
1.951071e-01 1933 1.821018e+03 2.047965e+03 -7.655376e+01 -7.715127e+01
2.049888e-01 2397 1.759093e+03 1.982921e+03 -2.877624e+02 -1.510582e+02
2.151844e-01 2539 1.555770e+03 1.780022e+03 -3.068934e+00 -7.117126e+01
2.250745e-01 2694 1.477301e+03 1.699382e+03 5.267770e+01 -2.132770e+00
2.350927e-01 3121 1.318342e+03 1.540856e+03 -1.680740e+01 -1.138960e+01
2.451974e-01 3255 1.252172e+03 1.472671e+03 -6.934895e+01 -8.732466e+01
2.550872e-01 3517 1.179864e+03 1.398837e+03 -2.221254e+01 1.128840e+02
2.649947e-01 3813 1.109977e+03 1.327610e+03 1.981287e+01 2.135512e+01
2.750606e-01 4231 1.011632e+03 1.229310e+03 -4.473248e+01 -4.243432e+01
2.851157e-01 4389 9.752404e+02 1.190599e+03 -2.120913e+01 8.582883e+01
2.950080e-01 4717 9.054763e+02 1.120316e+03 -7.427290e+01 6.144157e+01
3.050474e-01 5191 8.700630e+02 1.082865e+03 1.861443e+00 2.333747e+01
3.151078e-01 5373 8.439676e+02 1.054376e+03 5.209523e+00 1.038086e+02
3.251295e-01 5893 7.827411e+02 9.928749e+02 -5.736480e+01 7.258156e+00
3.352591e-01 6183 7.539337e+02 9.620539e+02 -3.830452e+01 -9.032704e+00
3.451640e-01 6349 6.746580e+02 8.842944e+02 1.514124e+01 5.647048e+01
3.550965e-01 6993 6.631797e+02 8.701042e+02 -2.607194e+01 2.100324e-01
3.649687e-01 7003 6.376991e+02 8.429601e+02 4.176183e+01 1.809766e+01
3.749450e-01 7941 6.055434e+02 8.097205e+02 -5.549710e+00 3.550712e+00
3.851630e-01 8221 5.906780e+02 7.924612e+02 1.141034e+01 4.595994e+01
3.951752e-01 8449 5.776935e+02 7.770643e+02 -1.542623e+01 8.733065e+01
4.050872e-01 8931 5.270647e+02 7.274434e+02 -2.809817e+01 -1.287388e+01
4.149904e-01 9289 4.953263e+02 6.953134e+02 -3.371761e+00 1.608513e+01
4.250484e-01 10113 4.940539e+02 6.908070e+02 1.777352e+01 4.997393e+00
4.350196e-01 10087 4.930138e+02 6.864728e+02 1.213229e+01 -3.142658e+00
4.449689e-01 10998 4.570533e+02 6.509379e+02 -4.565449e+00 2.480645e+00
4.550136e-01 11233 4.370449e+02 6.298045e+02 -3.492318e+00 3.536105e+00
4.650240e-01 11991 4.305209e+02 6.207167e+02 -7.909570e+00 2.698845e+00
4.750600e-01 12241 3.989775e+02 5.896566e+02 -1.813525e+01 1.423441e+01
4.850824e-01 13033 3.996155e+02 5.869678e+02 1.215123e+01 3.934674e+01
4.950626e-01 13227 3.807826e+02 5.673295e+02 -2.814931e+01 -2.473138e+01
5.050218e-01 13993 3.609993e+02 5.470170e+02 2.114492e+01 4.439774e+00
5.149626e-01 14301 3.555199e+02 5.391105e+02 -2.453732e+01 -2.523190e+00
5.249789e-01 15355 3.453477e+02 5.272272e+02 -1.257693e+01 -7.070136e+00
5.350486e-01 15585 3.236554e+02 5.056040e+02 4.297222e+00 8.440614e+00
5.451135e-01 16549 3.234121e+02 5.022534e+02 -1.573575e+01 4.874598e+00
5.551181e-01 16587 3.063780e+02 4.848252e+02 -9.483496e+00 1.727696e+01
5.650424e-01 17461 2.972165e+02 4.741124e+02 1.800361e+01 1.568786e+00
5.750589e-01 18177 2.867899e+02 4.623997e+02 -1.697761e+01 -1.347331e+01
5.850828e-01 18739 2.767227e+02 4.510624e+02 4.559179e-01 -1.348817e+01
5.950416e-01 19165 2.757550e+02 4.472295e+02 -8.468819e+00 1.324327e+01
6.049746e-01 20013 2.621353e+02 4.331552e+02 -1.618793e+01 3.814095e+00
6.149470e-01 20587 2.565214e+02 4.256143e+02 -5.189405e+00 6.185615e+00
6.249968e-01 21657 2.458797e+02 4.140812e+02 1.052094e-01 6.381295e+00
6.350666e-01 22129 2.425039e+02 4.084176e+02 -2.754620e+00 8.021868e+00
6.450498e-01 22611 2.327813e+02 3.977738e+02 2.671777e+00 9.876812e+00
6.549912e-01 23317 2.256133e+02 3.892242e+02 -3.360237e+00 -1.180740e+01
6.649535e-01 24222 2.259458e+02 3.865773e+02 -4.722648e+00 -2.431044e-01
6.749660e-01 24943 2.140071e+02 3.744279e+02 -1.055456e+01 2.238815e+01
6.850252e-01 25921 2.132203e+02 3.709159e+02 -4.604997e+00 1.777986e+01
6.950284e-01 26253 2.003346e+02 3.582342e+02 6.882053e+00 8.661193e+00
7.049900e-01 27139 1.979780e+02 3.536274e+02 -1.360051e+01 9.365396e+00
7.150256e-01 28185 1.926125e+02 3.467466e+02 1.677252e+00 4.853125e+00
7.250860e-01 28969 1.896413e+02 3.416918e+02 -3.877389e-01 1.278022e+00
7.350183e-01 28887 1.818068e+02 3.331232e+02 -5.067682e+00 3.318468e+00
7.450018e-01 30937 1.754916e+02 3.257430e+02 1.625187e+01 1.374561e+01
7.551045e-01 31341 1.719635e+02 3.203949e+02 3.430880e-01 -9.960760e+00
7.650666e-01 31555 1.691579e+02 3.156374e+02 -2.413824e+00 -2.790292e+00
7.750154e-01 33025 1.660908e+02 3.107188e+02 8.703163e+00 -3.267104e+00
7.850634e-01 33921 1.621317e+02 3.051837e+02 3.383679e+00 -1.487091e+00
7.950596e-01 34285 1.550556e+02 2.975309e+02 2.901485e+00 5.090411e+00
8.050450e-01 35703 1.544198e+02 2.943918e+02 -4.843663e+00 -1.505126e+00
8.150563e-01 36205 1.507449e+02 2.891794e+02 5.172288e+00 5.709000e+00
8.250795e-01 37485 1.458980e+02 2.832169e+02 -9.997998e+00 -5.186629e+00
8.350885e-01 38047 1.451694e+02 2.800600e+02 2.277992e+00 1.807419e+00
8.450499e-01 38913 1.371509e+02 2.721022e+02 -5.481136e-01 -4.985003e+00
8.550252e-01 39853 1.359791e+02 2.687225e+02 -2.168746e+00 7.452927e+00
8.650455e-01 41367 1.304828e+02 2.625430e+02 4.958342e-01 -4.545932e+00
8.750680e-01 41617 1.261346e+02 2.571705e+02 -4.586631e+00 -1.946172e+00
8.849916e-01 42430 1.254947e+02 2.542255e+02 2.685847e+00 7.205727e+00
8.949944e-01 44367 1.205903e+02 2.485877e+02 -1.799013e+00 -5.537831e-02
9.050336e-01 44569 1.161125e+02 2.432790e+02 -1.111502e+00 9.082403e+00
9.150411e-01 46089 1.150628e+02 2.401402e+02 -3.550390e+00 -6.097022e+00
9.250625e-01 46819 1.144818e+02 2.372961e+02 -3.773283e+00 3.007704e+00
9.350607e-01 47793 1.128537e+02 2.338535e+02 -4.493086e+00 -4.936896e+00
9.450463e-01 48697 1.073888e+02 2.281269e+02 -5.171275e+00 -2.247798e+00
9.549734e-01 49443 1.054780e+02 2.245925e+02 4.966783e+00 -2.824483e-01
9.649510e-01 51097 1.014976e+02 2.198792e+02 7.908428e+00 -1.321425e+00
9.750082e-01 52453 1.026219e+02 2.181248e+02 3.598330e+00 8.346240e+00
9.850290e-01 52947 9.959386e+01 2.140235e+02 -3.505531e+00 4.531514e+00
9.950258e-01 54193 9.787011e+01 2.106983e+02 7.067555e-01 3.356253e+00
