# text fof file
# logMmin 1.200000e+01 -> nfof_min 133
# boxsize 600.000000
# density total 7.900560e+05 7.900560e+05; rel difference 1.027020e-11
# nbar 3.657667e-03
1.483274e-02 13 2.577562e+04 2.604538e+04 -7.655733e+03 -3.247317e+04
2.513187e-02 33 2.221148e+04 2.247677e+04 1.799500e+03 7.252307e+03
3.574650e-02 79 2.066434e+04 2.092263e+04 -5.092369e+03 1.831970e+03
4.583347e-02 105 1.289671e+04 1.315409e+04 -1.299080e+03 -2.458167e+03
5.486964e-02 145 1.107740e+04 1.133142e+04 1.538247e+03 8.519682e+03
6.471857e-02 243 9.614669e+03 9.864304e+03 2.194661e+02 3.979341e+03
7.503996e-02 313 7.097302e+03 7.347247e+03 -6.210701e+02 -3.936993e+02
8.485495e-02 369 6.629883e+03 6.874928e+03 -2.530697e+02 5.906714e+02
9.528688e-02 571 5.165667e+03 5.410882e+03 -5.100542e+01 -1.392265e+02
1.059290e-01 601 4.750985e+03 4.992260e+03 2.351564e+02 4.453853e+02
1.156806e-01 705 4.285374e+03 4.524116e+03 1.300274e+02 1.287428e+03
1.255756e-01 883 3.991628e+03 4.226649e+03 3.615352e+02 -1.410328e+02
1.352378e-01 909 3.199921e+03 3.437182e+03 -3.380178e+02 4.443577e+02
1.449493e-01 1177 3.029834e+03 3.263943e+03 -2.150508e+02 -3.361947e+02
1.550659e-01 1323 2.461881e+03 2.698026e+03 2.556865e+02 -4.084968e+02
1.649601e-01 1453 2.393901e+03 2.626152e+03 8.181841e+01 -1.016213e+01
1.749597e-01 1701 2.185968e+03 2.416726e+03 -1.419153e+02 -5.438929e+02
1.852437e-01 1963 1.986559e+03 2.216041e+03 7.016716e+01 1.391095e+02
1.951071e-01 1933 1.859641e+03 2.087127e+03 -1.391453e+02 1.369443e+02
2.049888e-01 2397 1.667517e+03 1.894907e+03 9.604172e+01 -1.247665e+02
2.151844e-01 2539 1.570031e+03 1.795274e+03 3.281055e+01 -1.908475e+02
2.250745e-01 2694 1.417804e+03 1.642914e+03 4.993772e+01 1.582620e+02
2.350927e-01 3121 1.381470e+03 1.603366e+03 -1.132035e+00 9.023483e+01
2.451974e-01 3255 1.284042e+03 1.504814e+03 -4.359542e+01 4.145926e+01
2.550872e-01 3517 1.176532e+03 1.396985e+03 -5.525160e+01 -1.895102e+01
2.649947e-01 3813 1.129782e+03 1.347956e+03 -9.473686e+00 1.900653e+01
2.750606e-01 4231 1.080768e+03 1.296844e+03 1.195416e+02 8.456915e+01
2.851157e-01 4389 9.844601e+02 1.200685e+03 9.892490e+00 1.111364e+02
2.950080e-01 4717 9.431761e+02 1.157506e+03 -1.230800e+02 -1.597948e+01
3.050474e-01 5191 8.896660e+02 1.102743e+03 7.018572e+00 -1.739628e+01
3.151078e-01 5373 8.635002e+02 1.074094e+03 3.192892e+01 4.196056e+01
3.251295e-01 5893 8.070983e+02 1.017068e+03 -2.956330e+01 -1.063047e+01
3.352591e-01 6183 7.408461e+02 9.510495e+02 -5.735724e+01 -2.195335e+01
3.451640e-01 6349 7.264341e+02 9.339075e+02 -7.222298e+00 -1.504760e+01
3.550965e-01 6993 6.782147e+02 8.853507e+02 -8.497364e+00 -4.966550e+01
3.649687e-01 7003 6.329200e+02 8.397881e+02 -1.316266e+01 5.066782e+00
3.749450e-01 7941 6.371445e+02 8.401409e+02 -9.082172e+00 -2.311446e+01
3.851630e-01 8221 5.841179e+02 7.876868e+02 -1.209692e+01 -6.723765e+00
3.951752e-01 8449 5.649452e+02 7.666211e+02 -4.124574e+01 3.553699e+01
4.050872e-01 8931 5.385959e+02 7.391880e+02 -7.066375e+00 1.945224e+01
4.149904e-01 9289 5.160913e+02 7.153582e+02 -9.147247e+00 9.041609e+00
4.250484e-01 10113 4.926112e+02 6.907308e+02 2.182624e+01 -1.140226e+01
4.350196e-01 10087 4.848120e+02 6.803483e+02 -2.453611e+01 -1.130810e+01
4.449689e-01 10998 4.602399e+02 6.550078e+02 -3.666443e+00 -5.456197e+01
4.550136e-01 11233 4.382321e+02 6.320727e+02 -3.488922e+01 -1.010941e+01
4.650240e-01 11991 4.364716e+02 6.271913e+02 1.497720e+00 -1.805922e+00
4.750600e-01 12241 4.050643e+02 5.962134e+02 -1.711827e+01 -1.551724e+01
4.850824e-01 13033 3.957200e+02 5.847507e+02 -1.285088e+01 3.741639e+01
4.950626e-01 13227 3.875714e+02 5.744129e+02 1.248366e+01 8.378842e-01
5.050218e-01 13993 3.654227e+02 5.519972e+02 1.118712e+01 -1.787397e+01
5.149626e-01 14301 3.522813e+02 5.375066e+02 1.191094e+01 4.500944e+00
5.249789e-01 15355 3.376129e+02 5.217899e+02 1.280741e+00 -1.072379e+01
5.350486e-01 15585 3.265154e+02 5.091904e+02 2.023742e+01 -3.280871e+00
5.451135e-01 16549 3.197695e+02 5.003309e+02 -2.347287e+01 5.423723e+00
5.551181e-01 16587 3.172352e+02 4.950720e+02 -1.244814e+00 2.896544e+00
5.650424e-01 17461 2.986685e+02 4.764525e+02 2.739069e+00 -1.291630e+01
5.750589e-01 18177 2.908237e+02 4.668578e+02 5.421797e+00 1.685625e-01
5.850828e-01 18739 2.864823e+02 4.601901e+02 -9.899559e+00 1.687175e+01
5.950416e-01 19165 2.683892e+02 4.423253e+02 -7.051078e-01 4.707132e+00
6.049746e-01 20013 2.647003e+02 4.363324e+02 -4.179322e+00 -8.371531e+00
6.149470e-01 20587 2.566945e+02 4.268599e+02 -4.466274e+00 3.886640e-01
6.249968e-01 21657 2.499962e+02 4.184776e+02 -7.152556e+00 9.064157e+00
6.350666e-01 22129 2.451627e+02 4.115968e+02 -8.356566e+00 1.839158e+01
6.450498e-01 22611 2.283128e+02 3.953298e+02 -1.042569e+01 4.769522e+00
6.549912e-01 23317 2.318644e+02 3.952031e+02 7.599221e+00 3.265112e+00
6.649535e-01 24222 2.230245e+02 3.853655e+02 -8.211102e+00 1.689628e+00
6.749660e-01 24943 2.199235e+02 3.800296e+02 -4.389341e+00 7.399342e+00
6.850252e-01 25921 2.126879e+02 3.715493e+02 -1.193974e+01 -1.896735e+01
6.950284e-01 26253 2.045236e+02 3.624546e+02 3.940541e+00 -1.032270e+01
7.049900e-01 27139 2.033960e+02 3.587181e+02 8.486144e+00 2.503525e+01
7.150256e-01 28185 1.921814e+02 3.474342e+02 2.499288e+00 2.090900e+00
7.250860e-01 28969 1.936685e+02 3.456765e+02 -3.272334e+00 -1.103724e+01
7.350183e-01 28887 1.839728e+02 3.357172e+02 2.668893e+00 9.485446e+00
7.450018e-01 30937 1.778127e+02 3.284111e+02 -8.188745e+00 6.821979e+00
7.551045e-01 31341 1.753147e+02 3.237909e+02 -3.650273e+00 4.478982e+00
7.650666e-01 31555 1.689438e+02 3.164517e+02 -3.021489e+00 1.272127e+00
7.750154e-01 33025 1.667407e+02 3.121418e+02 -2.738363e+00 -2.573626e+00
7.850634e-01 33921 1.584722e+02 3.035670e+02 -6.853366e+00 2.900152e+00
7.950596e-01 34285 1.613225e+02 3.028260e+02 -8.047384e+00 1.517417e+01
8.050450e-01 35703 1.520567e+02 2.937071e+02 2.923263e+00 5.204887e+00
8.150563e-01 36205 1.484482e+02 2.885476e+02 -4.145862e+00 -5.205722e+00
8.250795e-01 37485 1.493515e+02 2.864766e+02 5.644865e-01 2.683722e+00
8.350885e-01 38047 1.424059e+02 2.791357e+02 -4.282399e+00 5.249159e+00
8.450499e-01 38913 1.369036e+02 2.728427e+02 1.820485e+00 2.868383e+00
8.550252e-01 39853 1.355031e+02 2.693161e+02 7.763024e-01 -7.580497e+00
8.650455e-01 41367 1.324091e+02 2.646825e+02 -1.823370e-01 3.445756e+00
8.750680e-01 41617 1.287287e+02 2.597142e+02 -4.271129e+00 7.269554e+00
8.849916e-01 42430 1.264562e+02 2.557118e+02 -3.164932e+00 -4.449931e-01
8.949944e-01 44367 1.216409e+02 2.501158e+02 -8.132569e+00 -1.805229e+00
9.050336e-01 44569 1.200653e+02 2.465956e+02 -2.350532e+00 1.002121e+01
9.150411e-01 46089 1.215592e+02 2.450014e+02 -4.297400e+00 -4.987087e+00
9.250625e-01 46819 1.146448e+02 2.382420e+02 -5.858835e+00 4.371416e+00
9.350607e-01 47793 1.105732e+02 2.333073e+02 -7.210146e-01 5.913672e+00
9.450463e-01 48697 1.127434e+02 2.321456e+02 -3.847938e+00 -8.141694e+00
9.549734e-01 49443 1.049570e+02 2.251005e+02 -5.245201e-01 3.812521e-01
9.649510e-01 51097 1.004399e+02 2.200661e+02 1.317523e+00 8.774861e+00
9.750082e-01 52453 1.006054e+02 2.177753e+02 2.644799e+00 -1.365837e+01
9.850290e-01 52947 9.812579e+01 2.139735e+02 1.333257e+00 -4.179200e+00
9.950258e-01 54193 1.021686e+02 2.139040e+02 -5.066029e-01 -2.631585e-01
