# text fof file
# logMmin 1.200000e+01 -> nfof_min 133
# boxsize 600.000000
# density total 7.949560e+05 7.949560e+05; rel difference 1.248100e-11
# nbar 3.680352e-03
1.483274e-02 13 2.023249e+04 2.050152e+04 -1.253041e+04 1.097520e+04
2.513187e-02 33 1.542273e+04 1.568888e+04 -5.923895e+03 -2.247974e+03
3.574650e-02 79 1.482775e+04 1.508848e+04 -3.389559e+03 -4.919159e+02
4.583347e-02 105 1.114867e+04 1.140702e+04 1.534933e+02 2.072557e+03
5.486964e-02 145 1.010085e+04 1.035479e+04 7.866091e+02 1.285772e+03
6.471857e-02 243 9.726083e+03 9.973783e+03 5.722303e+02 -1.481831e+03
7.503996e-02 313 7.199566e+03 7.447157e+03 -5.296865e+02 -1.803389e+03
8.485495e-02 369 6.703678e+03 6.946882e+03 -3.557087e+02 2.137859e+03
9.528688e-02 571 4.895078e+03 5.140191e+03 -1.218713e+02 2.566895e+02
1.059290e-01 601 4.673606e+03 4.913703e+03 4.232548e+02 9.320056e+02
1.156806e-01 705 4.010390e+03 4.249431e+03 4.861037e+02 -2.146676e+02
1.255756e-01 883 3.697788e+03 3.933972e+03 -1.028235e+02 1.109688e+02
1.352378e-01 909 3.326216e+03 3.560523e+03 -4.597540e+00 3.100299e+01
1.449493e-01 1177 2.872474e+03 3.106691e+03 1.647874e+02 -9.033823e+01
1.550659e-01 1323 2.677437e+03 2.908870e+03 1.680751e+02 4.536789e+01
1.649601e-01 1453 2.388511e+03 2.619112e+03 -1.308656e+02 -2.366514e+02
1.749597e-01 1701 2.087130e+03 2.317954e+03 3.243472e+02 6.487626e+01
1.852437e-01 1963 2.007783e+03 2.235241e+03 -6.815785e+00 1.486519e+02
1.951071e-01 1933 1.859236e+03 2.085038e+03 -4.271310e+00 -1.716590e+02
2.049888e-01 2397 1.683321e+03 1.908631e+03 -1.633636e+02 -2.237367e+02
2.151844e-01 2539 1.543145e+03 1.767446e+03 5.918593e+01 -9.152209e+01
2.250745e-01 2694 1.438976e+03 1.661827e+03 -5.620327e+00 3.074018e+01
2.350927e-01 3121 1.398560e+03 1.618276e+03 3.703890e+01 -1.566402e+02
2.451974e-01 3255 1.256262e+03 1.476321e+03 4.525613e+01 7.933325e+01
2.550872e-01 3517 1.186253e+03 1.404663e+03 9.448422e+01 -3.534371e+01
2.649947e-01 3813 1.118975e+03 1.335914e+03 1.194427e+02 -4.188943e+01
2.750606e-01 4231 1.059057e+03 1.274369e+03 -8.051278e+01 3.862893e+01
2.851157e-01 4389 9.721582e+02 1.187361e+03 -5.268641e+00 7.596365e+01
2.950080e-01 4717 9.331194e+02 1.146330e+03 4.501028e+01 5.023833e+01
3.050474e-01 5191 8.893731e+02 1.100868e+03 1.367667e+01 8.252505e+01
3.151078e-01 5373 8.449279e+02 1.054974e+03 5.056608e+00 -2.788539e+01
3.251295e-01 5893 7.987110e+02 1.007619e+03 3.834786e+01 1.653713e+01
3.352591e-01 6183 7.393882e+02 9.481071e+02 -3.835971e+01 2.830238e+01
3.451640e-01 6349 7.110203e+02 9.179570e+02 -2.406822e+01 -3.538214e+01
3.550965e-01 6993 6.606738e+02 8.674732e+02 5.784154e+00 -1.156831e+01
3.649687e-01 7003 6.474258e+02 8.516760e+02 1.288797e+01 3.138890e+01
3.749450e-01 7941 6.092877e+02 8.128853e+02 5.933213e+00 -2.535086e+01
3.851630e-01 8221 5.873422e+02 7.891179e+02 -7.184830e+00 -6.166345e+00
3.951752e-01 8449 5.585351e+02 7.592405e+02 -2.791409e+01 4.061415e+01
4.050872e-01 8931 5.333262e+02 7.328646e+02 -5.874667e+01 -4.032059e+00
4.149904e-01 9289 5.115143e+02 7.096951e+02 7.361773e+00 -9.538547e+00
4.250484e-01 10113 4.960542e+02 6.923175e+02 3.344984e+01 -5.504362e+01
4.350196e-01 10087 4.744381e+02 6.695301e+02 2.274574e+00 3.900043e+01
4.449689e-01 10998 4.708904e+02 6.630052e+02 -1.711203e-02 -6.680036e+00
4.550136e-01 11233 4.534893e+02 6.441031e+02 -3.576637e+01 1.236445e+00
4.650240e-01 11991 4.258491e+02 6.163201e+02 -8.788887e+00 -1.899977e+01
4.750600e-01 12241 4.056246e+02 5.952286e+02 -7.349003e+00 -9.713098e+00
4.850824e-01 13033 3.972931e+02 5.846704e+02 9.073962e-02 2.890340e+01
4.950626e-01 13227 3.733422e+02 5.605902e+02 -9.711905e+00 -6.387105e+00
5.050218e-01 13993 3.586141e+02 5.446588e+02 2.303503e+01 -7.123396e+00
5.149626e-01 14301 3.556402e+02 5.389435e+02 3.812165e+00 1.242185e+01
5.249789e-01 15355 3.402121e+02 5.225724e+02 -8.444649e+00 -2.598650e+00
5.350486e-01 15585 3.360106e+02 5.158057e+02 2.215508e+01 8.662775e+00
5.451135e-01 16549 3.204138e+02 4.994574e+02 -1.861590e+01 -5.033305e+00
5.551181e-01 16587 3.098333e+02 4.874506e+02 1.048621e+01 -1.077461e+01
5.650424e-01 17461 2.933425e+02 4.706295e+02 2.422049e+01 -1.617192e+00
5.750589e-01 18177 2.945311e+02 4.685290e+02 7.884074e+00 1.756092e+01
5.850828e-01 18739 2.814477e+02 4.546619e+02 -4.490493e+00 -5.221647e+00
5.950416e-01 19165 2.710308e+02 4.431220e+02 1.126520e+01 3.359351e+00
6.049746e-01 20013 2.637855e+02 4.342310e+02 1.007893e+01 -5.374953e+00
6.149470e-01 20587 2.575782e+02 4.262108e+02 -8.603109e-01 1.695361e+01
6.249968e-01 21657 2.524845e+02 4.191081e+02 -1.238511e+01 -1.102201e+01
6.350666e-01 22129 2.479381e+02 4.124608e+02 1.306542e+01 8.333883e+00
6.450498e-01 22611 2.351177e+02 3.993702e+02 -8.444466e+00 -2.507416e+00
6.549912e-01 23317 2.315466e+02 3.936249e+02 8.840870e+00 3.326222e-01
6.649535e-01 24222 2.210399e+02 3.825183e+02 3.827977e+00 8.956293e+00
6.749660e-01 24943 2.171577e+02 3.766115e+02 2.478618e+00 -1.421292e+01
6.850252e-01 25921 2.078870e+02 3.665873e+02 7.671536e-01 1.929607e+00
6.950284e-01 26253 2.024128e+02 3.595693e+02 -6.174134e+00 -3.984944e-01
7.049900e-01 27139 2.028353e+02 3.570211e+02 3.393801e+00 1.044004e+01
7.150256e-01 28185 1.891594e+02 3.439375e+02 1.308910e+01 2.083912e+00
7.250860e-01 28969 1.866974e+02 3.392750e+02 4.918449e+00 7.344214e+00
7.350183e-01 28887 1.870593e+02 3.367394e+02 3.874078e+00 2.770497e+00
7.450018e-01 30937 1.823547e+02 3.304901e+02 1.304618e+01 -1.607607e+00
7.551045e-01 31341 1.725802e+02 3.206123e+02 -2.524549e+00 -4.391322e-01
7.650666e-01 31555 1.680610e+02 3.146210e+02 -2.194430e-01 7.780929e+00
7.750154e-01 33025 1.629054e+02 3.082321e+02 1.049513e+01 -1.314251e-01
7.850634e-01 33921 1.624876e+02 3.051968e+02 2.726861e+00 4.471489e+00
7.950596e-01 34285 1.557872e+02 2.978077e+02 6.434853e+00 8.371929e+00
8.050450e-01 35703 1.570111e+02 2.959513e+02 4.612299e-01 -4.848359e+00
8.150563e-01 36205 1.494171e+02 2.880537e+02 1.373640e+00 3.839756e+00
8.250795e-01 37485 1.443921e+02 2.819697e+02 1.075484e+00 1.094644e+01
8.350885e-01 38047 1.407527e+02 2.768922e+02 1.298316e+01 8.569221e+00
8.450499e-01 38913 1.390028e+02 2.731145e+02 2.291265e+00 1.084931e+00
8.550252e-01 39853 1.362374e+02 2.686736e+02 6.220024e+00 8.808447e+00
8.650455e-01 41367 1.343837e+02 2.648627e+02 -1.851333e+00 -1.703567e-01
8.750680e-01 41617 1.281140e+02 2.582264e+02 2.629641e+00 1.473408e+01
8.849916e-01 42430 1.262564e+02 2.545148e+02 7.996763e+00 -3.181652e+00
8.949944e-01 44367 1.229177e+02 2.498553e+02 2.387848e+00 2.612254e+00
9.050336e-01 44569 1.218683e+02 2.466607e+02 -2.763910e-02 5.796807e+00
9.150411e-01 46089 1.156016e+02 2.402774e+02 1.158491e+01 1.499367e+00
9.250625e-01 46819 1.165696e+02 2.383739e+02 -4.522570e+00 6.732054e+00
9.350607e-01 47793 1.125737e+02 2.334872e+02 1.349224e+01 6.901551e+00
9.450463e-01 48697 1.122035e+02 2.308049e+02 8.291623e+00 9.708261e+00
9.549734e-01 49443 1.063611e+02 2.249261e+02 6.972020e+00 7.548913e+00
9.649510e-01 51097 1.061956e+02 2.224322e+02 1.641492e+00 -6.306541e+00
9.750082e-01 52453 1.019484e+02 2.175623e+02 4.613780e+00 -1.033536e+01
9.850290e-01 52947 9.563223e+01 2.115757e+02 6.905075e-01 -5.581794e-01
9.950258e-01 54193 9.871928e+01 2.109908e+02 -5.119062e+00 7.524375e-01
