# text fof file
# logMmin 1.200000e+01 -> nfof_min 133
# boxsize 600.000000
# density total 7.941730e+05 7.941730e+05; rel difference 4.463130e-12
# nbar 3.676727e-03
1.483274e-02 13 1.723195e+04 1.750209e+04 -3.186550e+03 3.312912e+04
2.513187e-02 33 2.966310e+04 2.992450e+04 -1.064311e+04 -4.563847e+03
3.574650e-02 79 1.767621e+04 1.793514e+04 -1.637162e+03 -3.659887e+03
4.583347e-02 105 1.220116e+04 1.245825e+04 4.225180e+02 7.707602e+02
5.486964e-02 145 1.142521e+04 1.167699e+04 -2.015674e+02 2.526595e+02
6.471857e-02 243 9.036762e+03 9.286583e+03 1.185900e+03 -3.841169e+03
7.503996e-02 313 8.103842e+03 8.349030e+03 -7.441042e+01 1.095043e+03
8.485495e-02 369 6.651594e+03 6.895083e+03 1.298520e+03 -4.565108e+02
9.528688e-02 571 5.205473e+03 5.449176e+03 8.648514e+02 -7.456631e+02
1.059290e-01 601 4.495901e+03 4.737495e+03 1.821692e+02 -5.628804e+02
1.156806e-01 705 3.943294e+03 4.183113e+03 2.022204e+02 2.348698e+02
1.255756e-01 883 3.837407e+03 4.072554e+03 3.616451e+02 -3.177001e+02
1.352378e-01 909 3.383293e+03 3.617358e+03 -3.398066e+01 -3.307852e+01
1.449493e-01 1177 3.005516e+03 3.238427e+03 1.683707e+02 -4.018850e+02
1.550659e-01 1323 2.476168e+03 2.710658e+03 2.932080e+02 -4.166949e+02
1.649601e-01 1453 2.427323e+03 2.657643e+03 1.895335e+02 1.043580e+02
1.749597e-01 1701 2.095284e+03 2.326232e+03 1.774078e+02 -1.334919e+02
1.852437e-01 1963 2.021108e+03 2.248554e+03 1.780118e+02 9.412587e+01
1.951071e-01 1933 1.851610e+03 2.077893e+03 -4.989494e+00 3.459656e+01
2.049888e-01 2397 1.666599e+03 1.892576e+03 4.759790e+01 3.983159e+01
2.151844e-01 2539 1.515885e+03 1.741179e+03 1.588208e+01 -8.701654e+01
2.250745e-01 2694 1.481886e+03 1.703810e+03 -3.858905e+01 1.855682e+02
2.350927e-01 3121 1.355417e+03 1.576706e+03 1.042140e+02 6.643632e+01
2.451974e-01 3255 1.296476e+03 1.515489e+03 -3.707718e+01 -2.282653e+01
2.550872e-01 3517 1.182673e+03 1.401509e+03 9.008305e+01 1.770682e+01
2.649947e-01 3813 1.109687e+03 1.327288e+03 -4.447907e+01 -1.412745e+02
2.750606e-01 4231 1.016823e+03 1.234228e+03 7.979446e+01 3.958144e+01
2.851157e-01 4389 9.668943e+02 1.182563e+03 8.682490e+01 5.866422e+01
2.950080e-01 4717 9.358300e+02 1.149147e+03 -6.483841e+00 -2.524608e+01
3.050474e-01 5191 9.066714e+02 1.117564e+03 -3.083179e+01 -4.266593e+01
3.151078e-01 5373 8.601366e+02 1.069598e+03 6.443623e+01 6.628968e+01
3.251295e-01 5893 7.986002e+02 1.007755e+03 2.884866e+01 4.853661e+01
3.352591e-01 6183 7.515049e+02 9.597334e+02 8.782958e+00 2.840528e+01
3.451640e-01 6349 7.215692e+02 9.280629e+02 1.635429e+01 1.970784e+01
3.550965e-01 6993 6.982900e+02 9.027051e+02 -2.799416e+01 -1.580650e+01
3.649687e-01 7003 6.314412e+02 8.371003e+02 3.980745e+01 8.166443e+01
3.749450e-01 7941 5.988442e+02 8.034999e+02 -6.652399e+00 5.301533e-01
3.851630e-01 8221 5.850004e+02 7.872421e+02 2.066457e+01 -2.650537e+01
3.951752e-01 8449 5.761106e+02 7.755519e+02 3.334530e+01 6.663714e+00
4.050872e-01 8931 5.531647e+02 7.511712e+02 -1.087952e+01 -4.013035e+00
4.149904e-01 9289 5.238298e+02 7.210742e+02 1.762047e+01 4.064818e+01
4.250484e-01 10113 4.859554e+02 6.834401e+02 1.931524e+00 -2.167713e+01
4.350196e-01 10087 4.737561e+02 6.691494e+02 -2.633326e+00 -1.287303e+00
4.449689e-01 10998 4.525726e+02 6.469080e+02 9.484189e+00 -4.646284e+00
4.550136e-01 11233 4.514380e+02 6.425414e+02 -1.286732e+01 1.626754e+00
4.650240e-01 11991 4.258508e+02 6.165677e+02 1.196108e+01 -2.275487e+01
4.750600e-01 12241 4.003844e+02 5.908536e+02 -3.434907e+01 1.104937e+01
4.850824e-01 13033 4.063129e+02 5.927820e+02 -1.109917e+01 4.354924e+00
4.950626e-01 13227 3.830097e+02 5.692066e+02 8.857343e+00 -8.551849e+00
5.050218e-01 13993 3.681490e+02 5.531267e+02 -6.978711e+00 3.353223e+01
5.149626e-01 14301 3.488188e+02 5.333294e+02 -9.171929e+00 -8.683048e+00
5.249789e-01 15355 3.363960e+02 5.195440e+02 2.767032e+01 -2.179409e+01
5.350486e-01 15585 3.279810e+02 5.092203e+02 -3.902323e+00 5.010158e+00
5.451135e-01 16549 3.204315e+02 4.996981e+02 7.450984e+00 3.342432e+01
5.551181e-01 16587 3.065717e+02 4.849363e+02 9.760447e+00 -2.996833e+00
5.650424e-01 17461 3.091768e+02 4.840298e+02 -8.717907e+00 -8.389261e-01
5.750589e-01 18177 2.854835e+02 4.612623e+02 8.107585e+00 1.834678e+01
5.850828e-01 18739 2.780019e+02 4.520524e+02 6.617474e+00 2.746180e+00
5.950416e-01 19165 2.708754e+02 4.432108e+02 -5.399563e+00 1.214402e+01
6.049746e-01 20013 2.700822e+02 4.395426e+02 2.206809e+00 -1.295269e+01
6.149470e-01 20587 2.587074e+02 4.273430e+02 -2.144327e+00 -1.474833e+01
6.249968e-01 21657 2.451380e+02 4.134613e+02 1.206278e-01 -1.967443e+01
6.350666e-01 22129 2.407231e+02 4.069464e+02 -1.143364e+01 -1.845043e+00
6.450498e-01 22611 2.374428e+02 4.014078e+02 3.736058e+00 -1.327454e+01
6.549912e-01 23317 2.264162e+02 3.898287e+02 7.362308e+00 -4.141684e+00
6.649535e-01 24222 2.276267e+02 3.878493e+02 -2.172089e+00 -1.088727e+00
6.749660e-01 24943 2.153453e+02 3.754137e+02 8.349355e+00 7.532098e+00
6.850252e-01 25921 2.106205e+02 3.688782e+02 -9.952745e+00 1.012506e+01
6.950284e-01 26253 2.059734e+02 3.624721e+02 -4.307320e+00 -5.191006e+00
7.049900e-01 27139 2.086948e+02 3.616297e+02 -1.557418e+01 1.536753e+01
7.150256e-01 28185 1.921526e+02 3.463665e+02 1.668100e+01 6.256277e+00
7.250860e-01 28969 1.909206e+02 3.425833e+02 9.289372e+00 -4.110891e+00
7.350183e-01 28887 1.863157e+02 3.363863e+02 7.231964e+00 2.077115e+01
7.450018e-01 30937 1.812786e+02 3.299067e+02 6.558866e-01 6.312024e+00
7.551045e-01 31341 1.735308e+02 3.214834e+02 5.302851e+00 1.140139e+00
7.650666e-01 31555 1.711880e+02 3.170442e+02 -3.493195e+00 -1.635912e+00
7.750154e-01 33025 1.656134e+02 3.103449e+02 1.269589e+00 3.462936e+00
7.850634e-01 33921 1.559577e+02 3.008166e+02 1.363286e+00 1.066789e+01
7.950596e-01 34285 1.605175e+02 3.012773e+02 4.985858e+00 2.229315e+01
8.050450e-01 35703 1.525479e+02 2.930677e+02 7.698521e+00 6.603840e+00
8.150563e-01 36205 1.465691e+02 2.862935e+02 -9.921987e+00 4.040486e-01
8.250795e-01 37485 1.470240e+02 2.839345e+02 -8.006501e+00 1.339725e+00
8.350885e-01 38047 1.431475e+02 2.786662e+02 -6.364454e+00 -1.760250e+00
8.450499e-01 38913 1.392645e+02 2.734605e+02 4.925675e-01 9.707843e+00
8.550252e-01 39853 1.391330e+02 2.707534e+02 -7.000546e-01 4.692561e-01
8.650455e-01 41367 1.344364e+02 2.650736e+02 2.925624e+00 1.983974e+00
8.750680e-01 41617 1.256906e+02 2.568482e+02 -3.364218e+00 -4.003160e+00
8.849916e-01 42430 1.244003e+02 2.534956e+02 -4.184589e-01 7.064979e+00
8.949944e-01 44367 1.228627e+02 2.499893e+02 -4.549332e+00 9.756219e+00
9.050336e-01 44569 1.191128e+02 2.451091e+02 1.055087e+00 4.153384e+00
9.150411e-01 46089 1.160105e+02 2.406928e+02 1.072640e+00 4.897306e+00
9.250625e-01 46819 1.138987e+02 2.369073e+02 2.063818e+00 2.014082e+00
9.350607e-01 47793 1.097285e+02 2.319303e+02 4.044847e-01 -2.455283e+00
9.450463e-01 48697 1.108315e+02 2.301460e+02 -3.634560e+00 8.447551e+00
9.549734e-01 49443 1.062861e+02 2.250476e+02 7.750109e+00 -5.175643e+00
9.649510e-01 51097 1.042888e+02 2.214713e+02 2.577056e+00 4.429481e+00
9.750082e-01 52453 1.028955e+02 2.182547e+02 1.536771e+00 1.847297e+00
9.850290e-01 52947 1.017447e+02 2.152158e+02 -1.792186e+00 -6.652507e+00
9.950258e-01 54193 9.919044e+01 2.114154e+02 4.884501e+00 1.475637e+01
