# text fof file
# logMmin 1.200000e+01 -> nfof_min 133
# boxsize 600.000000
# density total 7.902780e+05 7.902780e+05; rel difference 5.218757e-11
# nbar 3.658694e-03
1.483274e-02 13 3.444969e+04 3.471937e+04 -1.478609e+04 4.230669e+04
2.513187e-02 33 2.217747e+04 2.244330e+04 -2.948392e+03 2.819198e+04
3.574650e-02 79 1.719188e+04 1.745242e+04 3.645479e+03 -6.973882e+03
4.583347e-02 105 1.255331e+04 1.281140e+04 2.695796e+02 1.072271e+04
5.486964e-02 145 1.065707e+04 1.091179e+04 -2.135243e+03 -2.134642e+03
6.471857e-02 243 9.446363e+03 9.696579e+03 -1.219169e+03 2.036296e+03
7.503996e-02 313 8.346916e+03 8.592577e+03 -6.346225e+02 -7.305563e+02
8.485495e-02 369 6.480692e+03 6.726303e+03 -3.402025e+02 2.240892e+03
9.528688e-02 571 5.347522e+03 5.591727e+03 4.459250e+02 7.266201e+02
1.059290e-01 601 4.702359e+03 4.943850e+03 -5.025085e+02 3.326706e+02
1.156806e-01 705 4.437773e+03 4.675249e+03 -1.303337e+02 -3.824548e+01
1.255756e-01 883 3.760403e+03 3.997604e+03 2.424947e+02 -2.116666e+02
1.352378e-01 909 3.568621e+03 3.802048e+03 -5.471786e+01 1.313882e+02
1.449493e-01 1177 2.819393e+03 3.055793e+03 -2.020342e+02 1.416746e+02
1.550659e-01 1323 2.538197e+03 2.773187e+03 1.389918e+02 -3.782759e+02
1.649601e-01 1453 2.518682e+03 2.748924e+03 2.047928e+02 1.830471e+01
1.749597e-01 1701 2.155121e+03 2.386323e+03 -2.921177e+02 -2.929679e+01
1.852437e-01 1963 1.946812e+03 2.176983e+03 -5.052865e+01 -8.249290e+01
1.951071e-01 1933 1.913982e+03 2.140272e+03 -1.466528e+02 4.314194e+01
2.049888e-01 2397 1.648038e+03 1.875747e+03 -4.274004e+01 -1.090870e+02
2.151844e-01 2539 1.572923e+03 1.798009e+03 5.676951e+00 -2.169463e+02
2.250745e-01 2694 1.447126e+03 1.671338e+03 -2.623403e+01 7.366712e+01
2.350927e-01 3121 1.336028e+03 1.559274e+03 6.088071e+01 -6.873045e+01
2.451974e-01 3255 1.244868e+03 1.466893e+03 -1.233887e+01 -5.695374e+01
2.550872e-01 3517 1.152805e+03 1.374007e+03 -7.900408e+01 1.006253e+02
2.649947e-01 3813 1.137240e+03 1.355016e+03 -2.265518e+01 -1.900197e+02
2.750606e-01 4231 1.049728e+03 1.267052e+03 7.464635e+00 2.498190e+01
2.851157e-01 4389 9.607570e+02 1.177995e+03 -1.322397e+01 1.492468e+01
2.950080e-01 4717 9.128791e+02 1.128575e+03 -4.193317e+01 -5.562791e+01
3.050474e-01 5191 8.831821e+02 1.096536e+03 -9.901183e+01 -7.725675e+01
3.151078e-01 5373 8.189682e+02 1.031960e+03 -3.416391e+01 4.332149e+01
3.251295e-01 5893 7.832065e+02 9.945175e+02 2.466186e+01 -1.054031e+02
3.352591e-01 6183 7.295515e+02 9.404170e+02 -2.088272e+01 2.501478e+01
3.451640e-01 6349 7.016582e+02 9.107017e+02 -3.230137e+01 4.783898e+01
3.550965e-01 6993 6.987819e+02 9.044068e+02 2.708979e+01 -6.540110e+01
3.649687e-01 7003 6.541948e+02 8.594456e+02 -1.743878e+01 1.939887e+01
3.749450e-01 7941 6.229218e+02 8.269503e+02 9.625379e+00 -3.411988e+01
3.851630e-01 8221 5.924235e+02 7.952529e+02 1.319769e+01 -6.864642e+00
3.951752e-01 8449 5.764001e+02 7.770375e+02 -1.541153e+01 1.116661e+01
4.050872e-01 8931 5.446497e+02 7.446217e+02 -1.364207e+01 -3.874370e+01
4.149904e-01 9289 5.209884e+02 7.197408e+02 -1.622693e+01 3.654057e+01
4.250484e-01 10113 4.942686e+02 6.921740e+02 -1.180491e+01 -9.451387e+00
4.350196e-01 10087 4.768006e+02 6.730843e+02 -1.631154e+01 -2.041794e+01
4.449689e-01 10998 4.685452e+02 6.623583e+02 9.460832e+00 -8.867211e+00
4.550136e-01 11233 4.471908e+02 6.399499e+02 -9.623185e+00 2.080775e+01
4.650240e-01 11991 4.248906e+02 6.168812e+02 -4.104290e+00 -9.902912e+00
4.750600e-01 12241 4.038742e+02 5.951022e+02 2.920578e+01 2.883337e+01
4.850824e-01 13033 4.040179e+02 5.919517e+02 -6.608396e+00 4.292425e+01
4.950626e-01 13227 3.875553e+02 5.743242e+02 -2.070631e+01 -7.200383e+00
5.050218e-01 13993 3.584457e+02 5.459045e+02 1.787909e+01 -8.092366e+00
5.149626e-01 14301 3.484728e+02 5.341752e+02 -8.367748e+00 1.020008e+01
5.249789e-01 15355 3.464893e+02 5.293157e+02 4.288603e+00 -1.071560e+01
5.350486e-01 15585 3.345600e+02 5.159546e+02 5.877885e+00 -3.264441e+00
5.451135e-01 16549 3.185693e+02 4.992519e+02 -2.144265e+01 2.685244e+01
5.551181e-01 16587 3.094143e+02 4.884423e+02 -2.043429e+01 3.064934e+00
5.650424e-01 17461 3.052169e+02 4.818533e+02 -1.017890e+01 -5.231175e+00
5.750589e-01 18177 2.860755e+02 4.628734e+02 -2.602146e+01 -4.278135e+00
5.850828e-01 18739 2.847002e+02 4.586537e+02 -9.537367e+00 -6.070555e+00
5.950416e-01 19165 2.764513e+02 4.488437e+02 -1.265594e+01 -1.705597e+01
6.049746e-01 20013 2.746224e+02 4.443073e+02 1.047426e+00 -3.262169e+00
6.149470e-01 20587 2.554691e+02 4.258072e+02 2.686181e+00 -1.825379e+01
6.249968e-01 21657 2.522248e+02 4.201877e+02 -7.856843e+00 -2.433192e+01
6.350666e-01 22129 2.417618e+02 4.088433e+02 -1.196975e+01 -1.983846e+01
6.450498e-01 22611 2.377685e+02 4.027155e+02 -3.333993e+00 1.334129e+01
6.549912e-01 23317 2.355993e+02 3.980455e+02 -4.012931e-01 4.031362e+00
6.649535e-01 24222 2.258047e+02 3.874601e+02 -2.687340e+00 1.651389e+01
6.749660e-01 24943 2.171975e+02 3.778713e+02 8.112054e-01 1.523249e+01
6.850252e-01 25921 2.166519e+02 3.745192e+02 -1.517235e+01 -1.023337e+01
6.950284e-01 26253 2.046544e+02 3.624852e+02 -1.690096e+01 3.634644e+00
7.049900e-01 27139 1.992651e+02 3.555533e+02 -6.321503e+00 7.380195e+00
7.150256e-01 28185 1.904776e+02 3.461199e+02 -3.703244e+00 3.895445e+00
7.250860e-01 28969 1.916683e+02 3.441404e+02 -3.064752e-03 7.956282e+00
7.350183e-01 28887 1.848499e+02 3.363084e+02 -9.816971e+00 -3.643844e+00
7.450018e-01 30937 1.797114e+02 3.297408e+02 -2.153324e+00 1.419612e+01
7.551045e-01 31341 1.746122e+02 3.232269e+02 -3.872404e+00 6.419178e+00
7.650666e-01 31555 1.701456e+02 3.172650e+02 -9.346721e+00 -7.063771e+00
7.750154e-01 33025 1.686044e+02 3.134016e+02 -5.021193e+00 4.932466e-01
7.850634e-01 33921 1.637919e+02 3.072392e+02 -3.444295e+00 1.629217e+01
7.950596e-01 34285 1.618966e+02 3.031812e+02 -1.017118e+01 4.598445e+00
8.050450e-01 35703 1.579352e+02 2.977023e+02 -6.887712e+00 1.780943e+01
8.150563e-01 36205 1.474989e+02 2.878514e+02 -3.680160e+00 -4.684729e+00
8.250795e-01 37485 1.477858e+02 2.853637e+02 -6.693594e+00 -4.795558e+00
8.350885e-01 38047 1.427091e+02 2.792793e+02 -9.312316e+00 -5.489551e+00
8.450499e-01 38913 1.391123e+02 2.742610e+02 -3.228629e-01 -3.715403e-01
8.550252e-01 39853 1.352118e+02 2.690727e+02 -5.009559e+00 2.697510e+00
8.650455e-01 41367 1.334664e+02 2.653122e+02 -3.611636e+00 4.873361e+00
8.750680e-01 41617 1.313874e+02 2.613707e+02 -2.059175e+00 4.706755e+00
8.849916e-01 42430 1.228028e+02 2.533462e+02 -1.050020e+01 -3.228008e+00
8.949944e-01 44367 1.208849e+02 2.495990e+02 -5.188041e+00 -5.820542e+00
9.050336e-01 44569 1.204371e+02 2.467762e+02 -5.027256e+00 2.785433e+00
9.150411e-01 46089 1.163238e+02 2.417227e+02 -8.379816e+00 -1.250563e-01
9.250625e-01 46819 1.171882e+02 2.397429e+02 -3.484946e+00 1.957368e+00
9.350607e-01 47793 1.104733e+02 2.332001e+02 -3.310757e+00 8.799263e+00
9.450463e-01 48697 1.080829e+02 2.293195e+02 -4.564697e-01 3.653488e-01
9.549734e-01 49443 1.067820e+02 2.261403e+02 -5.318910e-01 -3.514196e-02
9.649510e-01 51097 1.029694e+02 2.214977e+02 5.263887e+00 -6.936741e+00
9.750082e-01 52453 1.007368e+02 2.177969e+02 -8.244682e-01 8.175975e-01
9.850290e-01 52947 1.000202e+02 2.150047e+02 -9.757816e-01 -1.861444e+00
9.950258e-01 54193 9.802905e+01 2.115186e+02 2.111705e+00 4.899771e+00
