# text fof file
# logMmin 1.200000e+01 -> nfof_min 133
# boxsize 600.000000
# density total 3.965820e+05 3.965820e+05; rel difference 4.200080e-11
# nbar 1.836028e-03
1.483274e-02 13 4.252604e+04 4.306532e+04 -1.637308e+04 -1.129625e+04
2.513187e-02 33 3.483138e+04 3.536416e+04 3.368304e+04 6.452633e+04
3.574650e-02 79 2.543478e+04 2.596084e+04 6.280708e+03 -6.005088e+03
4.583347e-02 105 2.056551e+04 2.108475e+04 -1.191132e+03 1.173112e+03
5.486964e-02 145 1.548535e+04 1.600223e+04 -1.008331e+03 1.902596e+03
6.471857e-02 243 1.507575e+04 1.558304e+04 6.106813e+02 -6.473662e+03
7.503996e-02 313 1.267394e+04 1.317595e+04 -5.621929e+02 3.582827e+03
8.485495e-02 369 9.785774e+03 1.028823e+04 1.447477e+03 1.559661e+02
9.528688e-02 571 8.279658e+03 8.778823e+03 -3.753205e+02 -3.323488e+02
1.059290e-01 601 7.315171e+03 7.809513e+03 -1.535483e+03 -1.581629e+03
1.156806e-01 705 6.666312e+03 7.156054e+03 2.231178e+02 8.787298e+00
1.255756e-01 883 6.363482e+03 6.846311e+03 5.147377e+02 2.141743e+02
1.352378e-01 909 5.336341e+03 5.819897e+03 4.625730e+02 -7.059666e+01
1.449493e-01 1177 4.774110e+03 5.255479e+03 -4.331199e+02 3.147156e+02
1.550659e-01 1323 3.962238e+03 4.445510e+03 3.108851e+01 6.618855e+01
1.649601e-01 1453 4.157281e+03 4.629377e+03 -6.420170e+02 3.814846e+02
1.749597e-01 1701 3.467374e+03 3.942428e+03 -2.563936e+02 6.153355e+01
1.852437e-01 1963 3.239995e+03 3.711086e+03 -8.757698e+01 -5.722105e+02
1.951071e-01 1933 3.040309e+03 3.507776e+03 -2.032370e+02 4.742462e+02
2.049888e-01 2397 2.818409e+03 3.283256e+03 3.396080e+02 -2.692434e+02
2.151844e-01 2539 2.607942e+03 3.070231e+03 1.495017e+02 -1.368698e+02
2.250745e-01 2694 2.342010e+03 2.804253e+03 -4.466086e+01 1.867118e+02
2.350927e-01 3121 2.235615e+03 2.693790e+03 4.648109e+01 5.223527e+00
2.451974e-01 3255 2.129531e+03 2.583796e+03 9.602857e+01 3.497905e+02
2.550872e-01 3517 2.042187e+03 2.492324e+03 -1.256244e+00 1.499832e+02
2.649947e-01 3813 1.902865e+03 2.351167e+03 -1.515433e+02 8.934583e+01
2.750606e-01 4231 1.715138e+03 2.164048e+03 1.748638e+02 -9.895836e+01
2.851157e-01 4389 1.595054e+03 2.042521e+03 -4.957239e+01 -8.064766e+00
2.950080e-01 4717 1.617108e+03 2.056742e+03 -7.121832e+01 4.479041e+01
3.050474e-01 5191 1.459945e+03 1.900648e+03 -1.430153e+01 6.671381e+01
3.151078e-01 5373 1.389623e+03 1.827451e+03 -2.426199e+01 5.234796e+01
3.251295e-01 5893 1.315283e+03 1.750777e+03 1.917006e+02 -1.138764e+02
3.352591e-01 6183 1.296775e+03 1.726709e+03 -3.874340e+01 -6.693052e+01
3.451640e-01 6349 1.235868e+03 1.663196e+03 -5.103580e+01 5.328567e+01
3.550965e-01 6993 1.174503e+03 1.599507e+03 2.770994e+01 6.626450e+01
3.649687e-01 7003 1.110149e+03 1.533378e+03 1.136644e+01 3.753908e+01
3.749450e-01 7941 1.073950e+03 1.493494e+03 2.285762e+01 5.629823e+00
3.851630e-01 8221 1.062801e+03 1.476582e+03 -2.801482e+01 4.385009e+00
3.951752e-01 8449 1.000740e+03 1.413208e+03 3.950072e+01 2.086554e+01
4.050872e-01 8931 9.372008e+02 1.349016e+03 -2.937933e+00 -7.687293e+01
4.149904e-01 9289 8.992767e+02 1.308339e+03 5.613136e+01 8.174699e+01
4.250484e-01 10113 8.804631e+02 1.285054e+03 2.115928e+01 6.604886e+01
4.350196e-01 10087 8.490661e+02 1.250620e+03 1.687163e+01 -5.500220e+00
4.449689e-01 10998 8.367650e+02 1.233374e+03 -1.200416e+01 -3.448252e+01
4.550136e-01 11233 7.917708e+02 1.187031e+03 -1.526372e+01 4.702243e+01
4.650240e-01 11991 7.432597e+02 1.137900e+03 3.316774e+01 -2.628166e+01
4.750600e-01 12241 7.372265e+02 1.126481e+03 2.223676e+01 4.370921e+00
4.850824e-01 13033 7.216995e+02 1.106712e+03 -7.267221e+00 9.603440e+01
4.950626e-01 13227 7.072292e+02 1.087908e+03 -5.440345e+01 -3.478147e+01
5.050218e-01 13993 6.790170e+02 1.057395e+03 -3.145038e+01 -1.902638e+01
5.149626e-01 14301 6.453672e+02 1.022333e+03 5.733519e+00 8.001200e+01
5.249789e-01 15355 6.106166e+02 9.866068e+02 -1.685012e+01 -1.286642e+01
5.350486e-01 15585 6.084781e+02 9.787570e+02 -1.667313e+01 5.930420e+00
5.451135e-01 16549 5.966060e+02 9.626528e+02 -1.021319e+01 7.482507e+00
5.551181e-01 16587 5.778201e+02 9.408549e+02 9.500899e+00 2.299106e+01
5.650424e-01 17461 5.592274e+02 9.194113e+02 2.526684e+00 2.847891e+00
5.750589e-01 18177 5.267098e+02 8.865114e+02 -3.771929e+01 -7.389678e+00
5.850828e-01 18739 5.196216e+02 8.748031e+02 8.280831e+00 -1.731300e+01
5.950416e-01 19165 5.032534e+02 8.555619e+02 1.167651e+01 2.000253e+01
6.049746e-01 20013 4.947190e+02 8.428409e+02 3.096968e+00 1.392835e+01
6.149470e-01 20587 4.753836e+02 8.214008e+02 4.985967e+00 2.248507e+00
6.249968e-01 21657 4.752956e+02 8.155103e+02 -1.013600e+01 1.276799e+01
6.350666e-01 22129 4.526510e+02 7.916375e+02 -3.281837e+00 5.080156e+00
6.450498e-01 22611 4.381415e+02 7.744186e+02 -2.097520e+00 2.518499e+01
6.549912e-01 23317 4.322096e+02 7.640845e+02 1.661214e+01 -4.198938e+00
6.649535e-01 24222 4.086607e+02 7.400931e+02 7.003206e+00 -1.330562e+01
6.749660e-01 24943 4.072219e+02 7.333231e+02 1.482683e+00 1.724469e+01
6.850252e-01 25921 4.125538e+02 7.316767e+02 -1.084999e+01 2.438949e+01
6.950284e-01 26253 3.910192e+02 7.096076e+02 -1.861475e+01 2.419535e+01
7.049900e-01 27139 3.754054e+02 6.922534e+02 -5.874689e+00 -6.576879e+00
7.150256e-01 28185 3.726494e+02 6.845739e+02 -1.162816e+01 -3.129504e+01
7.250860e-01 28969 3.593884e+02 6.691089e+02 -2.806931e+00 1.926741e+01
7.350183e-01 28887 3.514962e+02 6.577993e+02 -9.166469e+00 2.454633e+01
7.450018e-01 30937 3.400705e+02 6.439858e+02 -4.176517e+00 -1.958456e-01
7.551045e-01 31341 3.306861e+02 6.316714e+02 6.228931e+00 1.166611e+01
7.650666e-01 31555 3.204972e+02 6.189816e+02 -1.881400e+00 -1.257694e+00
7.750154e-01 33025 3.201229e+02 6.132975e+02 -1.612493e+00 1.391054e+01
7.850634e-01 33921 3.117682e+02 6.020015e+02 2.573033e+00 1.624561e+01
7.950596e-01 34285 3.041020e+02 5.912843e+02 1.179877e+01 -8.197346e+00
8.050450e-01 35703 3.035055e+02 5.854928e+02 8.910701e+00 -2.008900e+00
8.150563e-01 36205 2.865800e+02 5.685907e+02 1.538619e+01 2.413724e+01
8.250795e-01 37485 2.836850e+02 5.613496e+02 1.318342e+01 1.918469e+01
8.350885e-01 38047 2.765979e+02 5.513335e+02 -1.252805e+01 -1.505463e+01
8.450499e-01 38913 2.705764e+02 5.421418e+02 -1.503571e+01 1.088409e+01
8.550252e-01 39853 2.681617e+02 5.353570e+02 1.600293e+01 -6.461826e-01
8.650455e-01 41367 2.685065e+02 5.303655e+02 1.044361e+01 -1.125340e+01
8.750680e-01 41617 2.480665e+02 5.120063e+02 4.215453e+00 -1.347346e+01
8.849916e-01 42430 2.461801e+02 5.057749e+02 1.123262e+01 -1.999221e+00
8.949944e-01 44367 2.473170e+02 5.014205e+02 5.143919e+00 -3.957997e+00
9.050336e-01 44569 2.394078e+02 4.914030e+02 6.517322e+00 7.783296e+00
9.150411e-01 46089 2.333602e+02 4.826436e+02 4.609861e+00 9.732926e-01
9.250625e-01 46819 2.280913e+02 4.744394e+02 1.107585e+01 -2.531397e+00
9.350607e-01 47793 2.197817e+02 4.644815e+02 3.160824e+00 7.864522e+00
9.450463e-01 48697 2.193403e+02 4.593316e+02 8.700557e-01 1.348104e+01
9.549734e-01 49443 2.166323e+02 4.529011e+02 8.744007e-01 -9.292859e+00
9.649510e-01 51097 2.112235e+02 4.449049e+02 -6.845833e+00 -4.774566e+00
9.750082e-01 52453 2.088192e+02 4.386736e+02 1.930653e+01 -1.096985e+01
9.850290e-01 52947 2.056936e+02 4.320836e+02 -3.372266e+00 4.970778e+00
9.950258e-01 54193 1.975210e+02 4.227453e+02 4.911520e+00 4.858074e+00
