# nc 324
# boxsize 6.000000e+02
# nbar 0.000000e+00
1.483274e-02 13 9.694946e+03 9.693704e+03 3.991314e+03 -1.572604e+04
2.513187e-02 33 5.534771e+03 5.532754e+03 -1.473762e+03 -3.125103e+03
3.574650e-02 79 3.181504e+03 3.179260e+03 9.042443e+01 -1.558849e+03
4.583347e-02 105 2.178340e+03 2.175751e+03 -4.768602e+02 9.787205e+01
5.486964e-02 145 2.113462e+03 2.109822e+03 4.882810e+02 1.430298e+02
6.471857e-02 243 1.851012e+03 1.846598e+03 -2.883707e+01 5.161461e+01
7.503996e-02 313 1.784716e+03 1.778967e+03 -1.165365e+02 2.116775e+02
8.485495e-02 369 1.419869e+03 1.414028e+03 6.829464e+01 1.824706e+02
9.528688e-02 571 1.077631e+03 1.072074e+03 -8.944490e+01 -2.971599e+01
1.059290e-01 601 9.741551e+02 9.679392e+02 -2.586588e+01 -1.486567e+02
1.156806e-01 705 9.307787e+02 9.236703e+02 -1.255298e+00 -1.359931e+01
1.255756e-01 883 7.787367e+02 7.717470e+02 2.275560e+01 -7.508451e+01
1.352378e-01 909 6.963752e+02 6.891451e+02 1.231484e+01 -7.432872e+01
1.449493e-01 1177 6.344781e+02 6.269014e+02 -1.528622e+01 5.196532e+01
1.550659e-01 1323 5.247991e+02 5.176523e+02 9.455142e+00 -5.595002e+01
1.649601e-01 1453 4.734001e+02 4.660933e+02 1.898411e+01 -1.767963e+01
1.749597e-01 1701 4.449123e+02 4.371834e+02 1.080122e+01 -3.565686e+01
1.852437e-01 1963 4.265775e+02 4.182849e+02 1.015932e+01 -3.576154e+01
1.951071e-01 1933 3.829655e+02 3.747234e+02 1.396578e+01 9.200184e+00
2.049888e-01 2397 3.397707e+02 3.317077e+02 -1.612982e+01 -3.401079e+01
2.151844e-01 2539 3.188230e+02 3.104958e+02 4.128377e+00 -9.751282e-01
2.250745e-01 2694 2.940397e+02 2.856398e+02 1.955800e+01 2.525201e+01
2.350927e-01 3121 2.786246e+02 2.699577e+02 1.242581e+01 -8.330018e+00
2.451974e-01 3255 2.561992e+02 2.475370e+02 1.090880e+00 3.254581e+01
2.550872e-01 3517 2.437238e+02 2.348183e+02 -3.605169e+00 1.249275e+01
2.649947e-01 3813 2.174191e+02 2.088611e+02 1.230666e+01 -1.794732e+01
2.750606e-01 4231 2.088558e+02 2.000094e+02 -7.415289e+00 2.155758e+01
2.851157e-01 4389 1.919977e+02 1.832685e+02 4.266073e+00 1.734236e+01
2.950080e-01 4717 1.846869e+02 1.757198e+02 1.544585e+01 4.541255e+00
3.050474e-01 5191 1.752337e+02 1.661431e+02 -1.589132e+00 1.429152e+01
3.151078e-01 5373 1.653844e+02 1.562501e+02 -4.389125e+00 -6.145718e-01
3.251295e-01 5893 1.574519e+02 1.482049e+02 1.056407e+00 3.109759e+00
3.352591e-01 6183 1.481239e+02 1.388928e+02 -2.557591e+00 3.111125e+00
3.451640e-01 6349 1.419326e+02 1.325725e+02 5.461112e+00 7.650589e+00
3.550965e-01 6993 1.334191e+02 1.241281e+02 -4.179248e+00 -8.514670e+00
3.649687e-01 7003 1.266857e+02 1.173835e+02 -1.241902e+00 1.000180e+01
3.749450e-01 7941 1.201083e+02 1.108165e+02 2.292768e+00 7.868714e-01
3.851630e-01 8221 1.149910e+02 1.056208e+02 -2.083125e+00 -7.253250e+00
3.951752e-01 8449 1.103805e+02 1.009295e+02 -1.396480e+00 5.360313e+00
4.050872e-01 8931 1.056250e+02 9.614578e+01 3.529677e+00 -2.425160e+00
4.149904e-01 9289 1.016021e+02 9.205153e+01 -1.072414e+00 4.150773e+00
4.250484e-01 10113 9.797813e+01 8.833952e+01 8.379225e-01 -5.316994e+00
4.350196e-01 10087 9.505692e+01 8.528557e+01 -4.182929e+00 -3.874064e-01
4.449689e-01 10998 9.079342e+01 8.104909e+01 -3.916343e-01 -7.528807e-01
4.550136e-01 11233 8.774133e+01 7.791820e+01 -1.938256e+00 4.017236e+00
4.650240e-01 11991 8.379995e+01 7.402337e+01 -8.421508e-01 1.346494e+00
4.750600e-01 12241 8.189084e+01 7.194737e+01 1.098854e+00 1.910294e+00
4.850824e-01 13033 7.928962e+01 6.927755e+01 -8.127561e-01 1.803602e+00
4.950626e-01 13227 7.600700e+01 6.603659e+01 4.970517e-01 -1.928288e+00
5.050218e-01 13993 7.308281e+01 6.313145e+01 1.464887e+00 -1.877996e+00
5.149626e-01 14301 7.047172e+01 6.052388e+01 4.516701e-01 2.462358e+00
5.249789e-01 15355 6.848730e+01 5.846431e+01 -1.416859e+00 -4.243635e-01
5.350486e-01 15585 6.545010e+01 5.552975e+01 -3.815089e-01 -1.695037e+00
5.451135e-01 16549 6.424769e+01 5.416842e+01 -1.239602e+00 -6.634317e-01
5.551181e-01 16587 6.188877e+01 5.185016e+01 9.804069e-02 8.678125e-01
5.650424e-01 17461 6.081004e+01 5.061914e+01 -1.212837e-01 -8.568500e-02
5.750589e-01 18177 5.878693e+01 4.861480e+01 -1.867746e-01 1.245716e+00
5.850828e-01 18739 5.717003e+01 4.696115e+01 -2.027109e+00 -1.455823e+00
5.950416e-01 19165 5.583815e+01 4.555568e+01 9.392194e-02 -3.835906e-01
6.049746e-01 20013 5.457131e+01 4.421632e+01 1.691299e+00 2.417121e+00
6.149470e-01 20587 5.257232e+01 4.229782e+01 5.888183e-01 -1.753218e-01
6.249968e-01 21657 5.133871e+01 4.101059e+01 3.896174e-01 1.509418e+00
6.350666e-01 22129 4.952451e+01 3.927261e+01 -1.481463e-01 -1.602365e+00
6.450498e-01 22611 4.893377e+01 3.851746e+01 -7.862738e-01 2.132581e+00
6.549912e-01 23317 4.751731e+01 3.712399e+01 -5.725026e-01 4.947423e-01
6.649535e-01 24222 4.590937e+01 3.559595e+01 8.774984e-02 4.805880e-01
6.749660e-01 24943 4.456409e+01 3.428548e+01 1.056933e-01 -9.904981e-01
6.850252e-01 25921 4.395627e+01 3.355026e+01 -4.163904e-01 1.237173e+00
6.950284e-01 26253 4.320881e+01 3.271635e+01 -3.469420e-02 5.605219e-01
7.049900e-01 27139 4.208762e+01 3.161178e+01 -1.961497e-01 1.100252e+00
7.150256e-01 28185 4.118059e+01 3.067558e+01 2.175845e-03 7.111841e-01
7.250860e-01 28969 3.988853e+01 2.946477e+01 -1.129218e+00 -5.082357e-01
7.350183e-01 28887 3.985181e+01 2.919139e+01 -8.036723e-01 8.433843e-01
7.450018e-01 30937 3.868245e+01 2.809258e+01 -3.897680e-02 4.236862e-01
7.551045e-01 31341 3.797459e+01 2.733726e+01 -1.917506e-01 5.307436e-01
7.650666e-01 31555 3.712799e+01 2.649389e+01 -3.300240e-01 9.440813e-01
7.750154e-01 33025 3.665947e+01 2.592797e+01 4.720199e-01 -1.216771e-01
7.850634e-01 33921 3.542408e+01 2.482709e+01 -3.148784e-01 1.071093e+00
7.950596e-01 34285 3.486275e+01 2.421069e+01 3.107141e-01 8.233527e-02
8.050450e-01 35703 3.391736e+01 2.333644e+01 -1.026111e+00 3.685880e-01
8.150563e-01 36205 3.341225e+01 2.277309e+01 -3.438646e-01 -4.329278e-01
8.250795e-01 37485 3.285722e+01 2.218228e+01 1.424822e-01 7.989435e-01
8.350885e-01 38047 3.199645e+01 2.139356e+01 5.236221e-02 6.362029e-01
8.450499e-01 38913 3.171245e+01 2.099853e+01 -7.266636e-01 6.643729e-01
8.550252e-01 39853 3.095248e+01 2.029399e+01 8.182034e-02 8.149735e-01
8.650455e-01 41367 3.081686e+01 2.000381e+01 -3.955664e-01 3.590541e-01
8.750680e-01 41617 3.006313e+01 1.931784e+01 6.446303e-01 4.307919e-01
8.849916e-01 42430 2.959029e+01 1.882220e+01 -1.535818e-01 1.126321e-01
8.949944e-01 44367 2.911926e+01 1.833190e+01 3.350492e-02 -3.634503e-01
9.050336e-01 44569 2.844874e+01 1.772219e+01 3.207517e-01 8.601696e-01
9.150411e-01 46089 2.810205e+01 1.732220e+01 -1.773589e-01 -1.718151e-01
9.250625e-01 46819 2.762855e+01 1.684884e+01 -3.339713e-01 -2.338540e-01
9.350607e-01 47793 2.690190e+01 1.622870e+01 2.315951e-01 8.232545e-01
9.450463e-01 48697 2.672275e+01 1.594606e+01 6.422435e-02 4.071335e-02
9.549734e-01 49443 2.637658e+01 1.556794e+01 8.706283e-02 2.220782e-01
9.649510e-01 51097 2.583832e+01 1.508209e+01 -3.387434e-01 1.872792e-01
9.750082e-01 52453 2.558620e+01 1.476568e+01 4.230611e-01 6.853799e-01
9.850290e-01 52947 2.484621e+01 1.417639e+01 4.219623e-02 3.102649e-01
9.950258e-01 54193 2.465788e+01 1.390838e+01 -5.971952e-02 5.560604e-01
