# nc 324
# boxsize 6.000000e+02
# nbar 0.000000e+00
1.483274e-02 13 7.183751e+03 7.182912e+03 7.304507e+02 1.044412e+04
2.513187e-02 33 5.510753e+03 5.508737e+03 3.321044e+03 -1.113512e+03
3.574650e-02 79 3.207241e+03 3.204897e+03 -9.085305e+02 -2.076821e+03
4.583347e-02 105 2.606812e+03 2.603751e+03 1.072965e+03 4.773007e+02
5.486964e-02 145 2.652957e+03 2.648371e+03 -8.406378e+02 8.376456e+02
6.471857e-02 243 2.145851e+03 2.140718e+03 -2.366177e+02 3.558768e+02
7.503996e-02 313 1.798077e+03 1.792306e+03 2.642516e+02 9.920462e+01
8.485495e-02 369 1.536854e+03 1.530565e+03 -2.610067e+02 1.667771e+02
9.528688e-02 571 1.177918e+03 1.171848e+03 2.033678e+02 2.379093e+02
1.059290e-01 601 1.012162e+03 1.005715e+03 1.070322e+02 -5.092443e+01
1.156806e-01 705 8.351908e+02 8.288293e+02 -1.346120e+02 1.094662e+01
1.255756e-01 883 7.384121e+02 7.318049e+02 -5.761837e+01 -9.952132e+01
1.352378e-01 909 7.205340e+02 7.130356e+02 4.551955e+00 6.175337e+01
1.449493e-01 1177 6.398945e+02 6.322595e+02 2.210804e+01 1.545550e+01
1.550659e-01 1323 5.377243e+02 5.304005e+02 3.947805e+01 1.020908e+01
1.649601e-01 1453 4.906012e+02 4.830351e+02 2.256989e-01 -5.066971e+01
1.749597e-01 1701 4.564753e+02 4.485556e+02 -1.535441e+01 -5.314577e+01
1.852437e-01 1963 4.144649e+02 4.064255e+02 -3.103401e+01 7.563358e+01
1.951071e-01 1933 3.903145e+02 3.819094e+02 1.368478e+00 4.220271e+01
2.049888e-01 2397 3.445833e+02 3.364029e+02 -2.733657e+01 -2.024852e+01
2.151844e-01 2539 3.166205e+02 3.083416e+02 -1.451404e+01 -1.991288e+01
2.250745e-01 2694 2.876742e+02 2.794603e+02 3.419087e+00 4.384510e+01
2.350927e-01 3121 2.683956e+02 2.600460e+02 9.382195e+00 -6.623251e+00
2.451974e-01 3255 2.585859e+02 2.498423e+02 3.978220e+00 1.321728e+01
2.550872e-01 3517 2.442338e+02 2.353061e+02 1.490597e+00 6.219241e+00
2.649947e-01 3813 2.147309e+02 2.062803e+02 -2.709244e+00 -1.363418e+01
2.750606e-01 4231 2.068522e+02 1.980883e+02 -7.528429e+00 2.466415e+00
2.851157e-01 4389 1.956206e+02 1.867309e+02 -9.105382e+00 2.676965e+00
2.950080e-01 4717 1.865828e+02 1.775182e+02 -3.370596e+00 -1.156770e+00
3.050474e-01 5191 1.790616e+02 1.697777e+02 -7.815184e+00 4.398631e+00
3.151078e-01 5373 1.707984e+02 1.613648e+02 -2.668937e+00 4.167066e+00
3.251295e-01 5893 1.592165e+02 1.498612e+02 -2.745506e+00 4.970070e+00
3.352591e-01 6183 1.510340e+02 1.416227e+02 -2.593379e+00 -6.045060e+00
3.451640e-01 6349 1.407408e+02 1.314597e+02 -6.348099e+00 -2.373147e+00
3.550965e-01 6993 1.336066e+02 1.243005e+02 3.632963e+00 -1.770188e+00
3.649687e-01 7003 1.297722e+02 1.202386e+02 3.883369e+00 1.767937e+00
3.749450e-01 7941 1.233488e+02 1.138034e+02 -1.835878e+00 5.014076e+00
3.851630e-01 8221 1.183940e+02 1.087474e+02 -5.881373e+00 -8.114836e-01
3.951752e-01 8449 1.113309e+02 1.018024e+02 -3.416781e+00 6.647384e+00
4.050872e-01 8931 1.079468e+02 9.826210e+01 2.162005e+00 -5.341072e+00
4.149904e-01 9289 1.031575e+02 9.346339e+01 1.734585e+00 -2.178489e+00
4.250484e-01 10113 9.889937e+01 8.917028e+01 2.515654e+00 -1.197781e+00
4.350196e-01 10087 9.458840e+01 8.486483e+01 -9.366251e-01 1.250169e+00
4.449689e-01 10998 8.984126e+01 8.020187e+01 -3.181496e+00 -1.042588e+00
4.550136e-01 11233 8.730289e+01 7.752809e+01 -1.561564e+00 -1.495642e+00
4.650240e-01 11991 8.298548e+01 7.330589e+01 -2.061007e+00 5.453968e-01
4.750600e-01 12241 8.273980e+01 7.269411e+01 -2.307472e+00 3.362139e-01
4.850824e-01 13033 7.861250e+01 6.868535e+01 -5.217731e-01 4.546235e+00
4.950626e-01 13227 7.621148e+01 6.621329e+01 -2.177552e+00 -3.492361e+00
5.050218e-01 13993 7.288229e+01 6.295813e+01 5.323201e-01 7.794130e-02
5.149626e-01 14301 7.189632e+01 6.174445e+01 -1.610978e+00 2.389371e+00
5.249789e-01 15355 6.832143e+01 5.832418e+01 -1.033271e+00 4.281060e-01
5.350486e-01 15585 6.744984e+01 5.722663e+01 4.535105e-01 5.678344e-01
5.451135e-01 16549 6.377153e+01 5.376723e+01 6.803711e-01 -3.631266e-01
5.551181e-01 16587 6.326304e+01 5.300045e+01 1.335956e+00 1.160164e+00
5.650424e-01 17461 6.112446e+01 5.088168e+01 1.797549e-01 -6.876670e-01
5.750589e-01 18177 5.905042e+01 4.883142e+01 7.860178e-01 -6.778574e-01
5.850828e-01 18739 5.771662e+01 4.740998e+01 8.658594e-01 1.584752e+00
5.950416e-01 19165 5.540389e+01 4.520208e+01 -5.107154e-01 1.889548e-03
6.049746e-01 20013 5.385303e+01 4.363611e+01 2.252505e-02 2.929830e-01
6.149470e-01 20587 5.293123e+01 4.258774e+01 -3.164017e-01 -1.696437e-01
6.249968e-01 21657 5.179977e+01 4.137808e+01 1.489411e-01 1.903570e+00
6.350666e-01 22129 4.943687e+01 3.920129e+01 1.591801e+00 -4.844104e-01
6.450498e-01 22611 4.901869e+01 3.858295e+01 -3.129980e-01 1.175328e+00
6.549912e-01 23317 4.808752e+01 3.756936e+01 2.797804e-01 3.475850e-01
6.649535e-01 24222 4.734138e+01 3.670589e+01 1.189683e+00 8.459738e-01
6.749660e-01 24943 4.568332e+01 3.514540e+01 -7.967156e-01 9.373263e-02
6.850252e-01 25921 4.437050e+01 3.386694e+01 5.703061e-01 7.775687e-02
6.950284e-01 26253 4.321839e+01 3.272432e+01 7.510333e-01 -9.446406e-01
7.049900e-01 27139 4.226284e+01 3.174254e+01 -9.633894e-01 1.760016e+00
7.150256e-01 28185 4.114777e+01 3.065127e+01 1.074969e+00 5.775248e-01
7.250860e-01 28969 4.066392e+01 3.003718e+01 -7.578630e-01 1.116916e+00
7.350183e-01 28887 3.982998e+01 2.917514e+01 -2.655872e-01 4.902446e-01
7.450018e-01 30937 3.873744e+01 2.813394e+01 -3.220578e-01 -5.841055e-01
7.551045e-01 31341 3.841506e+01 2.765402e+01 3.445394e-02 6.300078e-01
7.650666e-01 31555 3.733732e+01 2.664346e+01 -7.170703e-01 -8.459123e-01
7.750154e-01 33025 3.658275e+01 2.587402e+01 3.401896e-01 -1.860585e-01
7.850634e-01 33921 3.579306e+01 2.508598e+01 -6.236967e-01 4.081019e-01
7.950596e-01 34285 3.516870e+01 2.442279e+01 -1.320346e-01 9.711839e-01
8.050450e-01 35703 3.436073e+01 2.364166e+01 6.421327e-01 2.480038e-01
8.150563e-01 36205 3.381121e+01 2.304551e+01 2.742654e-01 -8.232546e-01
8.250795e-01 37485 3.355181e+01 2.265106e+01 -2.268636e-01 2.968231e-01
8.350885e-01 38047 3.277111e+01 2.191150e+01 3.038737e-01 4.817400e-03
8.450499e-01 38913 3.198456e+01 2.117886e+01 -7.335272e-02 4.883626e-01
8.550252e-01 39853 3.142699e+01 2.060550e+01 -2.866028e-01 1.057430e-01
8.650455e-01 41367 3.076435e+01 1.996959e+01 5.327114e-01 2.099465e-01
8.750680e-01 41617 3.050532e+01 1.960230e+01 4.661497e-02 -7.026595e-01
8.849916e-01 42430 2.954249e+01 1.879129e+01 1.909451e-01 -1.600441e-01
8.949944e-01 44367 2.921305e+01 1.839047e+01 7.181749e-02 5.296297e-01
9.050336e-01 44569 2.875356e+01 1.791213e+01 3.302238e-01 4.882911e-01
9.150411e-01 46089 2.821633e+01 1.739239e+01 1.697939e-01 2.023865e-01
9.250625e-01 46819 2.790093e+01 1.701444e+01 6.297988e-01 -7.383263e-01
9.350607e-01 47793 2.754701e+01 1.661808e+01 4.156789e-01 2.406881e-01
9.450463e-01 48697 2.705349e+01 1.614331e+01 1.183342e-01 4.742344e-01
9.549734e-01 49443 2.644543e+01 1.560869e+01 8.598050e-02 3.994544e-01
9.649510e-01 51097 2.623054e+01 1.531058e+01 -4.764648e-02 3.386604e-01
9.750082e-01 52453 2.556471e+01 1.475382e+01 2.860410e-01 3.493529e-01
9.850290e-01 52947 2.528049e+01 1.442441e+01 -4.943323e-02 1.828571e-01
9.950258e-01 54193 2.510194e+01 1.415881e+01 2.788018e-01 8.850948e-01
