# nc 324
# boxsize 6.000000e+02
# nbar 0.000000e+00
1.483274e-02 13 7.522674e+03 7.521897e+03 -5.378668e+03 1.008005e+04
2.513187e-02 33 4.861752e+03 4.860122e+03 -8.697661e+02 6.305780e+03
3.574650e-02 79 3.709261e+03 3.706578e+03 4.641807e+02 -1.143702e+03
4.583347e-02 105 2.726871e+03 2.723655e+03 -3.182107e+02 2.284303e+03
5.486964e-02 145 2.327622e+03 2.323669e+03 -2.573731e+02 -2.993123e+02
6.471857e-02 243 2.042082e+03 2.037213e+03 -1.091869e+02 2.537651e+02
7.503996e-02 313 1.787830e+03 1.782098e+03 -1.102743e+02 -5.318140e+01
8.485495e-02 369 1.332578e+03 1.327115e+03 -1.458640e+02 5.499113e+02
9.528688e-02 571 1.129973e+03 1.124116e+03 4.883748e+01 1.405433e+02
1.059290e-01 601 9.723197e+02 9.661034e+02 -8.160064e+01 5.296399e+01
1.156806e-01 705 9.177117e+02 9.107197e+02 -3.577375e+01 9.760154e-03
1.255756e-01 883 8.037543e+02 7.965427e+02 7.429316e+01 -7.708797e+01
1.352378e-01 909 7.651091e+02 7.571558e+02 -3.675203e+00 -1.620792e+01
1.449493e-01 1177 5.833894e+02 5.764305e+02 -7.220233e+01 -2.997480e+01
1.550659e-01 1323 5.181489e+02 5.110964e+02 4.659028e+01 -7.668050e+01
1.649601e-01 1453 5.085156e+02 5.006668e+02 1.993038e+01 -2.067986e+00
1.749597e-01 1701 4.520250e+02 4.441866e+02 -3.936222e+01 -6.975050e+01
1.852437e-01 1963 4.157259e+02 4.076483e+02 8.584968e+00 -1.655331e+01
1.951071e-01 1933 3.955396e+02 3.870323e+02 -4.027599e+01 1.469868e+01
2.049888e-01 2397 3.393619e+02 3.313074e+02 -9.229817e+00 -2.439330e+01
2.151844e-01 2539 3.212982e+02 3.128978e+02 -8.528561e+00 -3.003097e+01
2.250745e-01 2694 2.913783e+02 2.830604e+02 6.311761e+00 1.233084e+01
2.350927e-01 3121 2.673307e+02 2.590093e+02 -2.648031e+00 -1.101324e+01
2.451974e-01 3255 2.483583e+02 2.399657e+02 1.241681e+00 -1.438637e+01
2.550872e-01 3517 2.410690e+02 2.322579e+02 -4.129374e+00 9.364727e+00
2.649947e-01 3813 2.294532e+02 2.204160e+02 4.480058e+00 -3.106085e+01
2.750606e-01 4231 2.092677e+02 2.004078e+02 6.456930e-01 8.644731e-01
2.851157e-01 4389 1.908014e+02 1.821271e+02 -9.620107e+00 7.476015e+00
2.950080e-01 4717 1.860694e+02 1.770268e+02 -1.646446e+01 -1.900796e+00
3.050474e-01 5191 1.765505e+02 1.673944e+02 -2.798667e+00 -3.893085e+00
3.151078e-01 5373 1.646122e+02 1.555157e+02 -4.823485e+00 2.803255e+00
3.251295e-01 5893 1.552141e+02 1.461053e+02 -6.121625e+00 -7.002611e+00
3.352591e-01 6183 1.509052e+02 1.415021e+02 -1.152887e+00 3.020114e+00
3.451640e-01 6349 1.384188e+02 1.292904e+02 2.610083e+00 5.181558e+00
3.550965e-01 6993 1.358514e+02 1.263865e+02 2.315491e+00 -4.598258e+00
3.649687e-01 7003 1.294679e+02 1.199612e+02 8.614631e-01 2.502499e+00
3.749450e-01 7941 1.219032e+02 1.124732e+02 -2.442990e+00 -2.783580e-01
3.851630e-01 8221 1.188187e+02 1.091393e+02 3.769631e-01 -5.835192e-01
3.951752e-01 8449 1.125758e+02 1.029395e+02 -3.022682e+00 6.427256e+00
4.050872e-01 8931 1.059494e+02 9.644202e+01 -1.314969e+00 -2.294318e+00
4.149904e-01 9289 1.013940e+02 9.186559e+01 -4.948106e+00 -2.305687e+00
4.250484e-01 10113 9.838918e+01 8.871186e+01 6.122958e-02 -6.463599e-01
4.350196e-01 10087 9.353858e+01 8.392263e+01 -2.710393e-01 -4.157845e+00
4.449689e-01 10998 9.273125e+01 8.278134e+01 -4.840932e-01 3.447672e+00
4.550136e-01 11233 8.812749e+01 7.825985e+01 -2.448250e+00 3.876148e+00
4.650240e-01 11991 8.279896e+01 7.314057e+01 -3.126712e-01 -3.934659e-01
4.750600e-01 12241 8.060246e+01 7.081607e+01 -1.148574e+00 6.595756e+00
4.850824e-01 13033 7.964496e+01 6.958821e+01 4.792354e-01 2.954148e+00
4.950626e-01 13227 7.636022e+01 6.634304e+01 -1.301033e+00 2.598647e+00
5.050218e-01 13993 7.343392e+01 6.343547e+01 -1.053258e+00 -2.313688e+00
5.149626e-01 14301 7.037349e+01 6.043612e+01 -2.179107e+00 2.229806e+00
5.249789e-01 15355 6.935121e+01 5.920190e+01 1.815918e-01 5.548520e-03
5.350486e-01 15585 6.746304e+01 5.723697e+01 -1.406715e+00 1.614595e+00
5.451135e-01 16549 6.480842e+01 5.464234e+01 -6.650906e-01 3.006118e-01
5.551181e-01 16587 6.272615e+01 5.255143e+01 -1.391763e+00 2.366458e+00
5.650424e-01 17461 6.048005e+01 5.034546e+01 -1.621330e+00 2.588921e-01
5.750589e-01 18177 5.871107e+01 4.855274e+01 -9.561781e-01 -1.261917e+00
5.850828e-01 18739 5.663761e+01 4.652349e+01 -7.864790e-01 -9.329752e-02
5.950416e-01 19165 5.598411e+01 4.567467e+01 -1.496041e+00 -7.226250e-02
6.049746e-01 20013 5.408361e+01 4.382171e+01 -1.026676e+00 1.223712e+00
6.149470e-01 20587 5.331602e+01 4.289732e+01 7.457573e-01 2.478218e+00
6.249968e-01 21657 5.119933e+01 4.089741e+01 -2.006214e+00 2.181584e+00
6.350666e-01 22129 5.030427e+01 3.989001e+01 -3.032838e-02 2.769867e-01
6.450498e-01 22611 4.900929e+01 3.857751e+01 -8.101628e-01 2.403645e-01
6.549912e-01 23317 4.734066e+01 3.698599e+01 -4.688530e-01 -4.141535e-01
6.649535e-01 24222 4.700090e+01 3.644300e+01 1.597646e+00 3.668392e-01
6.749660e-01 24943 4.524965e+01 3.481285e+01 6.245455e-01 1.516517e+00
6.850252e-01 25921 4.428526e+01 3.380089e+01 -7.870002e-01 1.143377e+00
6.950284e-01 26253 4.330286e+01 3.278886e+01 -5.266109e-01 1.821354e+00
7.049900e-01 27139 4.255018e+01 3.195913e+01 4.523240e-01 1.089733e+00
7.150256e-01 28185 4.169905e+01 3.106302e+01 -1.465371e-01 -1.484019e-01
7.250860e-01 28969 4.055855e+01 2.996041e+01 -4.542507e-01 5.212317e-01
7.350183e-01 28887 3.962766e+01 2.902701e+01 3.963101e-01 1.561452e+00
7.450018e-01 30937 3.877746e+01 2.816189e+01 -2.429504e-01 6.694176e-01
7.551045e-01 31341 3.768760e+01 2.713074e+01 -8.375302e-01 1.273032e+00
7.650666e-01 31555 3.769614e+01 2.689892e+01 -3.794161e-01 1.072425e+00
7.750154e-01 33025 3.634281e+01 2.570391e+01 -1.467317e-01 -1.415393e-01
7.850634e-01 33921 3.571023e+01 2.502769e+01 -2.193903e-01 7.868497e-01
7.950596e-01 34285 3.503711e+01 2.433158e+01 -1.373252e+00 -5.801731e-02
8.050450e-01 35703 3.409908e+01 2.346208e+01 -2.655637e-01 1.501296e-01
8.150563e-01 36205 3.347884e+01 2.281839e+01 4.820327e-02 4.588578e-01
8.250795e-01 37485 3.293206e+01 2.223214e+01 2.612643e-01 1.462403e+00
8.350885e-01 38047 3.233718e+01 2.162107e+01 -3.119062e-01 1.373489e-01
8.450499e-01 38913 3.162068e+01 2.093790e+01 -1.353765e-01 9.173799e-02
8.550252e-01 39853 3.113861e+01 2.041635e+01 -5.620298e-01 -3.255274e-01
8.650455e-01 41367 3.080713e+01 1.999757e+01 1.096097e-01 7.430049e-01
8.750680e-01 41617 3.015611e+01 1.937781e+01 9.663687e-02 5.918999e-01
8.849916e-01 42430 2.967005e+01 1.887244e+01 -6.497131e-02 1.787572e-02
8.949944e-01 44367 2.925814e+01 1.841916e+01 -2.755213e-01 9.979591e-01
9.050336e-01 44569 2.841438e+01 1.770019e+01 4.111883e-02 1.117817e+00
9.150411e-01 46089 2.805979e+01 1.729579e+01 -7.766438e-02 5.647452e-01
9.250625e-01 46819 2.772199e+01 1.690554e+01 -1.045684e-01 5.532227e-01
9.350607e-01 47793 2.731647e+01 1.647880e+01 -3.470300e-01 1.716424e+00
9.450463e-01 48697 2.679842e+01 1.599101e+01 -1.865840e-01 2.644249e-01
9.549734e-01 49443 2.630797e+01 1.552735e+01 -3.643496e-01 6.534240e-01
9.649510e-01 51097 2.624075e+01 1.531576e+01 -4.976900e-01 1.088922e+00
9.750082e-01 52453 2.546741e+01 1.469721e+01 5.612165e-02 1.231766e+00
9.850290e-01 52947 2.514477e+01 1.434676e+01 4.142821e-02 6.335389e-01
9.950258e-01 54193 2.471984e+01 1.394329e+01 1.563196e-01 6.543561e-01
