# nc 324
# boxsize 6.000000e+02
# nbar 0.000000e+00
1.483274e-02 13 6.326356e+03 6.325632e+03 -2.049837e+02 1.363079e+04
2.513187e-02 33 6.690133e+03 6.687857e+03 -1.314782e+03 2.573805e+03
3.574650e-02 79 3.539866e+03 3.537360e+03 1.322043e+03 -1.795559e+03
4.583347e-02 105 3.154861e+03 3.151071e+03 9.587285e+02 1.002715e+03
5.486964e-02 145 2.318210e+03 2.314212e+03 -2.048692e+02 2.114419e+02
6.471857e-02 243 2.128012e+03 2.122927e+03 2.461572e+02 1.722881e+02
7.503996e-02 313 1.865148e+03 1.859217e+03 -3.684330e+02 4.834224e+01
8.485495e-02 369 1.374773e+03 1.369157e+03 3.640104e+01 -3.173457e+02
9.528688e-02 571 1.184497e+03 1.178381e+03 -2.377437e+01 -3.616332e+02
1.059290e-01 601 9.790035e+02 9.727448e+02 5.080479e+01 -7.736722e+01
1.156806e-01 705 8.698211e+02 8.632040e+02 -5.993446e+00 -1.432141e+00
1.255756e-01 883 7.819021e+02 7.748977e+02 -3.502800e+01 3.194635e+01
1.352378e-01 909 7.156263e+02 7.082025e+02 1.819050e+01 -6.490266e+01
1.449493e-01 1177 6.202776e+02 6.128796e+02 1.969831e+01 -1.565830e+01
1.550659e-01 1323 5.222144e+02 5.150982e+02 -3.004552e+00 6.589076e+00
1.649601e-01 1453 4.874407e+02 4.799051e+02 4.876605e+00 2.197089e+01
1.749597e-01 1701 4.341323e+02 4.265986e+02 -1.119176e+01 -1.867912e+01
1.852437e-01 1963 4.177697e+02 4.096449e+02 -1.383168e+01 -2.107606e+01
1.951071e-01 1933 3.845616e+02 3.762886e+02 5.572475e+00 2.501535e+00
2.049888e-01 2397 3.581177e+02 3.496208e+02 6.014760e+00 2.218921e+01
2.151844e-01 2539 3.093021e+02 3.012216e+02 7.224020e+00 -1.750824e+01
2.250745e-01 2694 2.865252e+02 2.783438e+02 7.167526e+00 3.250896e+00
2.350927e-01 3121 2.826606e+02 2.738691e+02 -3.065698e+00 -4.924633e+00
2.451974e-01 3255 2.613856e+02 2.525486e+02 3.794037e+00 1.448189e+01
2.550872e-01 3517 2.388410e+02 2.301207e+02 -7.973277e+00 1.104594e+01
2.649947e-01 3813 2.268881e+02 2.179534e+02 7.080865e+00 -8.969089e+00
2.750606e-01 4231 2.100196e+02 2.011186e+02 -3.879089e+00 2.967261e+00
2.851157e-01 4389 1.934656e+02 1.846727e+02 1.005140e+01 6.539763e+00
2.950080e-01 4717 1.859426e+02 1.769060e+02 9.057362e+00 7.505319e+00
3.050474e-01 5191 1.749361e+02 1.658634e+02 3.531194e+00 5.791083e+00
3.151078e-01 5373 1.645627e+02 1.554709e+02 2.072195e+00 1.340384e+01
3.251295e-01 5893 1.554315e+02 1.463015e+02 -2.510514e+00 -8.621413e+00
3.352591e-01 6183 1.497437e+02 1.404120e+02 -3.526576e+00 -1.835108e+00
3.451640e-01 6349 1.415534e+02 1.322155e+02 6.042438e+00 2.894629e+00
3.550965e-01 6993 1.338835e+02 1.245545e+02 -1.252679e+00 -2.370879e+00
3.649687e-01 7003 1.273559e+02 1.180047e+02 -6.200991e+00 6.369902e+00
3.749450e-01 7941 1.205862e+02 1.112554e+02 -3.488421e-01 -6.450812e+00
3.851630e-01 8221 1.162806e+02 1.068055e+02 -6.784702e-01 -4.746280e+00
3.951752e-01 8449 1.120011e+02 1.024155e+02 -1.499297e+00 1.891037e+00
4.050872e-01 8931 1.057194e+02 9.623428e+01 -1.484395e-01 -3.296689e+00
4.149904e-01 9289 1.017614e+02 9.219937e+01 -4.269428e+00 -3.480031e+00
4.250484e-01 10113 9.779877e+01 8.817677e+01 5.367433e-01 4.449589e-01
4.350196e-01 10087 9.466893e+01 8.493607e+01 -2.628839e+00 -3.497845e+00
4.449689e-01 10998 9.000493e+01 8.034614e+01 -2.248849e+00 -3.999522e-01
4.550136e-01 11233 8.787804e+01 7.803904e+01 4.851559e-01 4.348217e+00
4.650240e-01 11991 8.576193e+01 7.575704e+01 -7.565345e-01 -2.589274e+00
4.750600e-01 12241 8.251176e+01 7.249297e+01 -3.014586e+00 1.459912e+00
4.850824e-01 13033 7.804751e+01 6.819064e+01 -5.090834e-01 9.670453e-01
4.950626e-01 13227 7.629374e+01 6.628461e+01 -2.089963e+00 -1.298122e+00
5.050218e-01 13993 7.346406e+01 6.346151e+01 -3.772248e+00 -1.613777e+00
5.149626e-01 14301 7.176518e+01 6.163263e+01 1.893662e+00 3.173730e+00
5.249789e-01 15355 6.967702e+01 5.948037e+01 -1.796087e+00 -3.367109e-01
5.350486e-01 15585 6.662195e+01 5.652320e+01 -4.718641e-02 -2.284102e+00
5.451135e-01 16549 6.541859e+01 5.515576e+01 -9.494712e-01 1.496501e-01
5.551181e-01 16587 6.200374e+01 5.194492e+01 -1.182358e+00 1.090870e+00
5.650424e-01 17461 6.068133e+01 5.051245e+01 4.547833e-01 -3.462233e-01
5.750589e-01 18177 5.893136e+01 4.873442e+01 2.599661e-01 2.065939e+00
5.850828e-01 18739 5.806965e+01 4.769895e+01 -8.878534e-01 1.322421e+00
5.950416e-01 19165 5.664624e+01 4.621611e+01 4.800654e-02 -1.102337e+00
6.049746e-01 20013 5.414496e+01 4.387193e+01 -1.509921e-01 2.576612e+00
6.149470e-01 20587 5.283990e+01 4.251472e+01 -1.061084e-01 -2.131909e+00
6.249968e-01 21657 5.180309e+01 4.138114e+01 -6.227114e-01 1.331256e+00
6.350666e-01 22129 5.043271e+01 3.999125e+01 -6.619617e-01 -1.827414e-01
6.450498e-01 22611 4.922468e+01 3.874661e+01 -1.489431e-01 1.545878e+00
6.549912e-01 23317 4.715332e+01 3.683869e+01 -8.276275e-01 8.141730e-01
6.649535e-01 24222 4.631129e+01 3.590731e+01 2.426894e-01 -4.901960e-02
6.749660e-01 24943 4.493781e+01 3.457281e+01 -7.235143e-01 -1.486048e+00
6.850252e-01 25921 4.463664e+01 3.406971e+01 -1.956261e-01 -8.947294e-02
6.950284e-01 26253 4.323407e+01 3.273624e+01 7.778299e-02 3.737164e-02
7.049900e-01 27139 4.274422e+01 3.210472e+01 -1.076142e-01 6.775156e-01
7.150256e-01 28185 4.126695e+01 3.074075e+01 -6.375923e-01 -1.423407e+00
7.250860e-01 28969 4.065170e+01 3.002872e+01 -1.414515e+00 -3.643570e-02
7.350183e-01 28887 3.941730e+01 2.887323e+01 -7.038439e-01 5.589444e-01
7.450018e-01 30937 3.879019e+01 2.817162e+01 5.536682e-01 1.281540e-01
7.551045e-01 31341 3.768644e+01 2.713043e+01 2.370053e-03 1.063534e+00
7.650666e-01 31555 3.692368e+01 2.634881e+01 -8.355842e-01 -1.074053e+00
7.750154e-01 33025 3.632011e+01 2.568752e+01 4.236790e-01 -1.389603e+00
7.850634e-01 33921 3.562899e+01 2.497132e+01 -1.462115e-01 7.025083e-01
7.950596e-01 34285 3.514045e+01 2.440408e+01 -6.183786e-01 7.822920e-01
8.050450e-01 35703 3.426241e+01 2.357367e+01 1.292115e-01 2.120508e-01
8.150563e-01 36205 3.379866e+01 2.303723e+01 -1.082774e-01 4.897417e-01
8.250795e-01 37485 3.304167e+01 2.230723e+01 -7.712442e-01 -3.878353e-01
8.350885e-01 38047 3.211356e+01 2.147158e+01 -4.081712e-01 -4.305201e-01
8.450499e-01 38913 3.184236e+01 2.108493e+01 -3.126521e-01 7.126931e-01
8.550252e-01 39853 3.133952e+01 2.054799e+01 -1.157065e-01 1.381921e+00
8.650455e-01 41367 3.075847e+01 1.996570e+01 3.232660e-01 3.330374e-01
8.750680e-01 41617 3.004277e+01 1.930475e+01 2.015991e-01 4.173171e-02
8.849916e-01 42430 2.951231e+01 1.877187e+01 -1.287807e-01 6.815534e-01
8.949944e-01 44367 2.894135e+01 1.821957e+01 4.661067e-01 6.039159e-01
9.050336e-01 44569 2.852362e+01 1.776917e+01 -2.010605e-01 4.564843e-01
9.150411e-01 46089 2.833044e+01 1.746279e+01 2.960432e-01 -5.173907e-04
9.250625e-01 46819 2.781412e+01 1.696134e+01 2.915921e-03 -9.454457e-02
9.350607e-01 47793 2.731944e+01 1.648080e+01 -1.625388e-01 7.829757e-01
9.450463e-01 48697 2.686725e+01 1.603220e+01 -2.587785e-01 -3.145525e-01
9.549734e-01 49443 2.626899e+01 1.550428e+01 -2.468013e-01 7.372647e-01
9.649510e-01 51097 2.613447e+01 1.525416e+01 -1.012705e-01 3.377021e-01
9.750082e-01 52453 2.559999e+01 1.477415e+01 -2.835541e-01 -1.261989e-01
9.850290e-01 52947 2.534244e+01 1.445937e+01 1.321658e-01 -1.749720e-01
9.950258e-01 54193 2.510758e+01 1.416174e+01 -3.202951e-01 4.578543e-01
