# text fof file
# logMmin 1.200000e+01 -> nfof_min 133
# boxsize 600.000000
# density total 6.878660e+05 6.878660e+05; rel difference 4.025235e-12
# nbar 3.184565e-03
1.483274e-02 13 3.908991e+04 3.939978e+04 -1.881909e+04 4.198112e+04
2.513187e-02 33 2.514390e+04 2.544938e+04 -4.045676e+03 3.378457e+04
3.574650e-02 79 1.911974e+04 1.941961e+04 3.840422e+03 -8.201660e+03
4.583347e-02 105 1.407834e+04 1.437531e+04 -4.362085e+02 1.225177e+04
5.486964e-02 145 1.185895e+04 1.215227e+04 -1.363356e+03 -1.863639e+03
6.471857e-02 243 1.054193e+04 1.083013e+04 -9.477032e+02 2.047914e+03
7.503996e-02 313 9.250007e+03 9.533349e+03 -5.325132e+02 -1.059375e+03
8.485495e-02 369 7.064782e+03 7.348530e+03 -6.993253e+02 2.487782e+03
9.528688e-02 571 5.981568e+03 6.263001e+03 3.451227e+02 6.511439e+02
1.059290e-01 601 5.162669e+03 5.441664e+03 -5.751497e+02 2.645328e+02
1.156806e-01 705 4.891365e+03 5.165775e+03 -2.977629e+02 -6.764797e+01
1.255756e-01 883 4.202778e+03 4.476287e+03 3.888033e+02 -4.388940e+02
1.352378e-01 909 4.051531e+03 4.320208e+03 -1.346036e+00 -1.250806e+02
1.449493e-01 1177 3.057962e+03 3.331730e+03 -3.086222e+02 9.220092e+01
1.550659e-01 1323 2.812421e+03 3.083838e+03 2.158418e+02 -4.844454e+02
1.649601e-01 1453 2.793995e+03 3.060040e+03 1.948857e+02 3.769158e+01
1.749597e-01 1701 2.398304e+03 2.665277e+03 -2.903649e+02 -1.428558e+02
1.852437e-01 1963 2.214915e+03 2.479756e+03 1.512696e+00 -1.677156e+02
1.951071e-01 1933 2.182203e+03 2.442530e+03 -1.773750e+02 -2.885527e+00
2.049888e-01 2397 1.846018e+03 2.108756e+03 -6.847137e+01 -1.039631e+02
2.151844e-01 2539 1.767022e+03 2.026636e+03 -7.587195e+01 -1.871155e+02
2.250745e-01 2694 1.605089e+03 1.864339e+03 3.391241e+01 5.499920e+01
2.350927e-01 3121 1.477674e+03 1.735931e+03 4.412523e+01 -1.563147e+02
2.451974e-01 3255 1.377379e+03 1.634259e+03 -3.831021e+01 -9.570954e+01
2.550872e-01 3517 1.304249e+03 1.559134e+03 -8.650382e+01 7.661656e+01
2.649947e-01 3813 1.254415e+03 1.506670e+03 9.497106e+00 -2.279695e+02
2.750606e-01 4231 1.192430e+03 1.442674e+03 1.259099e+01 -1.100355e+01
2.851157e-01 4389 1.060683e+03 1.312233e+03 -4.547788e+01 9.132087e+01
2.950080e-01 4717 1.015940e+03 1.265349e+03 -6.765788e+01 -8.321123e+01
3.050474e-01 5191 9.904222e+02 1.236805e+03 -6.761864e+01 -8.174737e+01
3.151078e-01 5373 9.215261e+02 1.167282e+03 -1.842885e+01 -1.845427e+01
3.251295e-01 5893 8.721979e+02 1.116592e+03 1.003892e+01 -1.040988e+02
3.352591e-01 6183 8.369376e+02 1.079266e+03 -5.932041e+00 1.559327e+00
3.451640e-01 6349 7.912535e+02 1.032400e+03 -2.571172e+01 3.134094e+01
3.550965e-01 6993 7.877137e+02 1.025016e+03 5.551129e+01 -8.136368e+01
3.649687e-01 7003 7.387292e+02 9.754792e+02 -2.641979e+01 7.630624e-01
3.749450e-01 7941 7.111110e+02 9.458600e+02 5.960357e+00 -3.341917e+01
3.851630e-01 8221 6.756530e+02 9.090892e+02 1.204521e+01 2.831959e+00
3.951752e-01 8449 6.498270e+02 8.814044e+02 -3.224398e+01 1.498593e+01
4.050872e-01 8931 6.065609e+02 8.380445e+02 -1.534173e+01 -7.257150e+01
4.149904e-01 9289 5.902150e+02 8.193371e+02 -2.038537e+01 1.298424e+01
4.250484e-01 10113 5.625276e+02 7.904237e+02 -2.987548e+01 -1.064991e+01
4.350196e-01 10087 5.450800e+02 7.708706e+02 -3.836086e+01 -4.314480e+01
4.449689e-01 10998 5.279025e+02 7.516998e+02 3.461740e+00 1.410355e+01
4.550136e-01 11233 5.084458e+02 7.305040e+02 -3.883334e+01 2.817519e+01
4.650240e-01 11991 4.755175e+02 6.975757e+02 -5.897123e+00 -3.129338e+01
4.750600e-01 12241 4.640415e+02 6.837384e+02 9.484653e+00 5.726721e+01
4.850824e-01 13033 4.573387e+02 6.741223e+02 3.481508e+00 5.475975e+01
4.950626e-01 13227 4.338475e+02 6.499197e+02 -1.553702e+01 1.116778e+01
5.050218e-01 13993 4.126994e+02 6.279439e+02 -7.319638e+00 -3.968346e+01
5.149626e-01 14301 4.014679e+02 6.146584e+02 -2.497628e+01 1.946469e+01
5.249789e-01 15355 3.944099e+02 6.049931e+02 4.949265e+00 -2.614330e+01
5.350486e-01 15585 3.874038e+02 5.953304e+02 -3.636397e+00 -4.864380e+00
5.451135e-01 16549 3.742009e+02 5.805069e+02 -7.043184e+00 -4.668502e+00
5.551181e-01 16587 3.612664e+02 5.660114e+02 -1.702336e+01 8.967333e+00
5.650424e-01 17461 3.506036e+02 5.535487e+02 -3.596770e+01 1.515502e+01
5.750589e-01 18177 3.285299e+02 5.316812e+02 -1.066881e+01 -1.304681e+01
5.850828e-01 18739 3.251385e+02 5.253401e+02 -1.837692e+01 -2.046836e+01
5.950416e-01 19165 3.082762e+02 5.080465e+02 -1.449655e+01 -1.789424e+01
6.049746e-01 20013 3.041935e+02 5.012869e+02 -3.133945e+00 -2.236916e+01
6.149470e-01 20587 2.970591e+02 4.920701e+02 5.694706e+00 -1.848203e+01
6.249968e-01 21657 2.840699e+02 4.781946e+02 -1.595962e+01 7.823227e-01
6.350666e-01 22129 2.835168e+02 4.742815e+02 -2.529359e+01 -3.778643e+00
6.450498e-01 22611 2.751281e+02 4.642299e+02 -6.797894e+00 -5.688745e+00
6.549912e-01 23317 2.670762e+02 4.544969e+02 -4.420719e+00 1.051976e+01
6.649535e-01 24222 2.562064e+02 4.426626e+02 -9.436460e+00 1.877584e+00
6.749660e-01 24943 2.533895e+02 4.371084e+02 -1.174265e+01 1.404023e+01
6.850252e-01 25921 2.432568e+02 4.259647e+02 -1.032710e+01 -4.502004e+00
6.950284e-01 26253 2.375379e+02 4.182820e+02 -1.486757e+01 1.012835e+01
7.049900e-01 27139 2.333240e+02 4.117863e+02 -1.632106e+01 1.784474e+01
7.150256e-01 28185 2.282287e+02 4.046424e+02 1.464081e+00 -2.190429e+00
7.250860e-01 28969 2.222603e+02 3.968943e+02 -6.308836e+00 -6.015121e+00
7.350183e-01 28887 2.094655e+02 3.842467e+02 -1.259427e+01 3.434242e+00
7.450018e-01 30937 2.064782e+02 3.788412e+02 -6.229495e+00 4.879086e+00
7.551045e-01 31341 1.983438e+02 3.697177e+02 -5.115359e+00 2.136497e+01
7.650666e-01 31555 2.025691e+02 3.695496e+02 -7.113167e+00 1.548464e+01
7.750154e-01 33025 1.928418e+02 3.594506e+02 -6.310038e+00 7.608632e+00
7.850634e-01 33921 1.922579e+02 3.558438e+02 -1.074860e+01 1.267998e+01
7.950596e-01 34285 1.875696e+02 3.494073e+02 -5.029655e+00 -1.628635e+00
8.050450e-01 35703 1.781708e+02 3.397646e+02 1.698706e-01 1.387521e+01
8.150563e-01 36205 1.736320e+02 3.335431e+02 1.328056e+00 -1.277603e+01
8.250795e-01 37485 1.652383e+02 3.247774e+02 3.820174e+00 -4.582891e-01
8.350885e-01 38047 1.690972e+02 3.242958e+02 3.498233e+00 1.631523e+00
8.450499e-01 38913 1.599226e+02 3.151518e+02 -5.110244e-01 6.290285e+00
8.550252e-01 39853 1.544053e+02 3.085128e+02 -2.003067e+00 1.418042e+01
8.650455e-01 41367 1.568885e+02 3.071279e+02 -7.449083e+00 8.299480e+00
8.750680e-01 41617 1.518398e+02 3.008603e+02 6.432752e+00 -1.054372e-01
8.849916e-01 42430 1.443722e+02 2.931530e+02 -1.114417e+01 -8.783349e+00
8.949944e-01 44367 1.424245e+02 2.889896e+02 -4.258358e+00 -2.015181e+00
9.050336e-01 44569 1.377175e+02 2.831088e+02 -4.621035e+00 1.059609e+01
9.150411e-01 46089 1.333395e+02 2.775202e+02 -6.204480e+00 2.349665e+00
9.250625e-01 46819 1.346080e+02 2.754259e+02 1.840524e+00 3.016094e+00
9.350607e-01 47793 1.290812e+02 2.692202e+02 -6.756079e+00 1.243037e+01
9.450463e-01 48697 1.286528e+02 2.661352e+02 -2.128354e+00 -1.063911e+01
9.549734e-01 49443 1.205272e+02 2.585287e+02 4.228251e+00 1.361540e+01
9.649510e-01 51097 1.202210e+02 2.555891e+02 -7.711996e-01 -3.136961e+00
9.750082e-01 52453 1.172424e+02 2.510921e+02 1.435790e+00 1.121108e+01
9.850290e-01 52947 1.150426e+02 2.470896e+02 -3.452955e+00 3.018146e-01
9.950258e-01 54193 1.080353e+02 2.404249e+02 7.059472e-02 -2.180834e+00
