# text fof file
# logMmin 1.200000e+01 -> nfof_min 133
# boxsize 600.000000
# density total 6.890250e+05 6.890250e+05; rel difference 2.399758e-11
# nbar 3.189930e-03
1.483274e-02 13 3.716247e+04 3.747162e+04 3.075856e+03 6.118358e+04
2.513187e-02 33 2.976138e+04 3.006372e+04 1.809914e+04 -1.011385e+04
3.574650e-02 79 1.655999e+04 1.686115e+04 -2.604103e+03 -1.035042e+04
4.583347e-02 105 1.340302e+04 1.370040e+04 4.840975e+03 1.170402e+03
5.486964e-02 145 1.350328e+04 1.379289e+04 -4.764034e+03 4.124654e+03
6.471857e-02 243 1.096708e+04 1.125358e+04 -1.144387e+03 1.636248e+03
7.503996e-02 313 9.361546e+03 9.644021e+03 1.852410e+03 -1.542360e+02
8.485495e-02 369 8.237763e+03 8.516211e+03 -1.895081e+03 7.620842e+02
9.528688e-02 571 6.132287e+03 6.412544e+03 5.018599e+02 1.010109e+03
1.059290e-01 601 5.399245e+03 5.676308e+03 3.570144e+02 -3.692785e+02
1.156806e-01 705 4.319445e+03 4.597604e+03 -5.754990e+02 4.289943e+02
1.255756e-01 883 3.886980e+03 4.162906e+03 -2.122873e+02 -2.535510e+02
1.352378e-01 909 3.677722e+03 3.949646e+03 3.022448e+01 2.046946e+02
1.449493e-01 1177 3.387120e+03 3.656422e+03 1.216903e+02 4.526647e+02
1.550659e-01 1323 2.888292e+03 3.158131e+03 1.512069e+02 -7.489931e+01
1.649601e-01 1453 2.651535e+03 2.919265e+03 5.279703e+01 -4.224573e+02
1.749597e-01 1701 2.437008e+03 2.702757e+03 -6.177955e+01 -2.484728e+02
1.852437e-01 1963 2.224988e+03 2.489220e+03 -1.946435e+02 3.606709e+02
1.951071e-01 1933 2.119891e+03 2.380991e+03 4.219231e+01 1.926282e+02
2.049888e-01 2397 1.887795e+03 2.149015e+03 -3.654919e+01 -2.300508e+02
2.151844e-01 2539 1.702058e+03 1.962863e+03 -8.635490e+01 -1.170516e+02
2.250745e-01 2694 1.611809e+03 1.870329e+03 -7.219762e+01 2.292650e+02
2.350927e-01 3121 1.475576e+03 1.733392e+03 1.899378e+01 1.998924e+01
2.451974e-01 3255 1.405580e+03 1.660982e+03 5.105758e+01 7.716074e+01
2.550872e-01 3517 1.360927e+03 1.613221e+03 1.302902e+00 2.359647e+01
2.649947e-01 3813 1.203592e+03 1.457392e+03 -4.870030e+01 -6.963287e+01
2.750606e-01 4231 1.193535e+03 1.443194e+03 -4.483138e+01 -5.570284e+00
2.851157e-01 4389 1.082441e+03 1.332505e+03 -4.551054e+01 -1.154238e+01
2.950080e-01 4717 1.041466e+03 1.289131e+03 2.551700e+01 3.915411e+01
3.050474e-01 5191 1.005913e+03 1.251013e+03 -7.982726e+01 5.680433e+01
3.151078e-01 5373 9.771016e+02 1.219320e+03 -4.785281e-01 7.785389e+00
3.251295e-01 5893 9.057499e+02 1.147651e+03 3.867976e+01 7.131598e+01
3.352591e-01 6183 8.695186e+02 1.109310e+03 2.457415e+00 3.160950e+01
3.451640e-01 6349 8.222513e+02 1.060870e+03 -5.330309e+01 -2.651220e+01
3.550965e-01 6993 7.684908e+02 1.006663e+03 -5.763891e+00 4.357625e+01
3.649687e-01 7003 7.250560e+02 9.622885e+02 4.453769e+01 -2.470718e+01
3.749450e-01 7941 7.103539e+02 9.446722e+02 -3.618623e+00 1.607716e+01
3.851630e-01 8221 6.707278e+02 9.040864e+02 -4.681445e+01 -3.236807e+01
3.951752e-01 8449 6.413255e+02 8.731575e+02 -1.355710e+01 4.339103e+01
4.050872e-01 8931 6.086051e+02 8.394280e+02 -1.773467e+01 -3.119950e+01
4.149904e-01 9289 5.782825e+02 8.080257e+02 2.088966e+00 1.530900e+01
4.250484e-01 10113 5.676204e+02 7.945262e+02 2.157596e+01 -2.036672e+01
4.350196e-01 10087 5.433783e+02 7.688785e+02 -1.870284e+01 -1.810027e+01
4.449689e-01 10998 5.201378e+02 7.442842e+02 -4.977493e-01 -3.644542e+01
4.550136e-01 11233 4.899717e+02 7.136196e+02 1.697751e+01 -3.345429e+00
4.650240e-01 11991 4.851202e+02 7.055838e+02 -2.449623e+00 4.551020e+00
4.750600e-01 12241 4.713357e+02 6.896791e+02 -1.846515e+01 2.436844e+00
4.850824e-01 13033 4.408058e+02 6.591948e+02 -5.002638e+00 5.576588e+01
4.950626e-01 13227 4.307160e+02 6.467291e+02 -2.627405e+01 -1.620296e+01
5.050218e-01 13993 4.237506e+02 6.370269e+02 5.148433e+00 -1.788710e+00
5.149626e-01 14301 3.982141e+02 6.114157e+02 2.825279e+00 4.530673e+01
5.249789e-01 15355 3.947497e+02 6.048032e+02 -1.172282e+01 -1.268465e+00
5.350486e-01 15585 3.861514e+02 5.938314e+02 1.178889e+01 -3.028738e+01
5.451135e-01 16549 3.698164e+02 5.763586e+02 2.380748e+01 -1.228332e+01
5.551181e-01 16587 3.542643e+02 5.597120e+02 1.053471e+01 4.334875e+00
5.650424e-01 17461 3.449046e+02 5.483601e+02 -2.342370e+01 -1.719844e+01
5.750589e-01 18177 3.302093e+02 5.326093e+02 -4.218375e+00 1.286119e+01
5.850828e-01 18739 3.278637e+02 5.271437e+02 1.373892e+01 7.048145e+00
5.950416e-01 19165 3.120809e+02 5.107190e+02 5.371447e+00 1.367950e+01
6.049746e-01 20013 3.045700e+02 5.011598e+02 -1.385318e+01 2.207635e+01
6.149470e-01 20587 2.995024e+02 4.936187e+02 1.449291e+01 1.105595e+00
6.249968e-01 21657 2.915892e+02 4.837787e+02 3.425554e+00 1.599063e+01
6.350666e-01 22129 2.675643e+02 4.612198e+02 -8.128475e+00 -2.092532e-01
6.450498e-01 22611 2.739028e+02 4.628401e+02 7.869308e+00 2.197467e+01
6.549912e-01 23317 2.668196e+02 4.538896e+02 7.953972e-01 2.012355e+01
6.649535e-01 24222 2.639266e+02 4.482289e+02 1.728394e+01 1.500974e+01
6.749660e-01 24943 2.482800e+02 4.327541e+02 -2.327005e+00 -2.769847e+01
6.850252e-01 25921 2.397550e+02 4.228840e+02 8.517732e+00 1.098723e+01
6.950284e-01 26253 2.417590e+02 4.210737e+02 5.888674e+00 -1.558889e+01
7.049900e-01 27139 2.304265e+02 4.092202e+02 -6.481923e+00 2.018726e+00
7.150256e-01 28185 2.223558e+02 3.998792e+02 -1.215031e-01 1.376830e+01
7.250860e-01 28969 2.182479e+02 3.935404e+02 4.674603e+00 6.331498e+00
7.350183e-01 28887 2.175254e+02 3.897529e+02 4.683828e-01 -3.386546e-01
7.450018e-01 30937 2.093002e+02 3.805134e+02 4.974178e+00 -1.073346e+01
7.551045e-01 31341 2.008159e+02 3.711189e+02 -2.224498e+00 8.005383e+00
7.650666e-01 31555 1.968540e+02 3.651004e+02 -5.844954e+00 -1.102737e+01
7.750154e-01 33025 1.955205e+02 3.609818e+02 -4.951647e+00 -5.120973e+00
7.850634e-01 33921 1.849638e+02 3.503617e+02 -7.615669e+00 1.858468e+01
7.950596e-01 34285 1.833815e+02 3.461239e+02 1.303386e+00 8.470317e+00
8.050450e-01 35703 1.734464e+02 3.361433e+02 3.380411e+00 -2.154457e+00
8.150563e-01 36205 1.762123e+02 3.349406e+02 1.315522e+01 1.634706e+00
8.250795e-01 37485 1.735732e+02 3.300452e+02 6.809392e-01 2.605589e+00
8.350885e-01 38047 1.642608e+02 3.207148e+02 3.491782e+00 -8.266742e+00
8.450499e-01 38913 1.639353e+02 3.174551e+02 7.155655e+00 1.518831e+01
8.550252e-01 39853 1.578163e+02 3.104081e+02 7.624243e+00 -2.108879e+00
8.650455e-01 41367 1.573110e+02 3.070455e+02 -9.753937e-01 4.545971e+00
8.750680e-01 41617 1.509488e+02 2.999526e+02 -7.633514e+00 -1.984748e-01
8.849916e-01 42430 1.468089e+02 2.943585e+02 1.164485e+01 -3.775232e+00
8.949944e-01 44367 1.431532e+02 2.891023e+02 -2.627464e+00 4.370619e+00
9.050336e-01 44569 1.404998e+02 2.845193e+02 1.186616e+01 -5.703906e+00
9.150411e-01 46089 1.409589e+02 2.818868e+02 2.565460e+00 5.250050e+00
9.250625e-01 46819 1.335623e+02 2.744610e+02 6.439958e-01 -8.875920e+00
9.350607e-01 47793 1.347879e+02 2.723436e+02 4.270939e+00 -2.352531e+00
9.450463e-01 48697 1.266889e+02 2.646424e+02 2.139286e-01 -4.582898e+00
9.549734e-01 49443 1.262052e+02 2.615741e+02 -6.541197e-01 2.611672e+00
9.649510e-01 51097 1.260161e+02 2.586610e+02 9.963387e+00 -9.551310e+00
9.750082e-01 52453 1.185375e+02 2.515353e+02 6.183129e+00 -6.324900e+00
9.850290e-01 52947 1.174976e+02 2.481906e+02 7.201834e+00 -8.619387e-01
9.950258e-01 54193 1.167550e+02 2.450513e+02 6.674674e+00 -3.124333e+00
