# text fof file
# logMmin 1.200000e+01 -> nfof_min 133
# boxsize 600.000000
# density total 6.928040e+05 6.928040e+05; rel difference 6.799032e-12
# nbar 3.207426e-03
1.483274e-02 13 1.856769e+04 1.887660e+04 -8.435842e+03 -2.325176e+04
2.513187e-02 33 2.565247e+04 2.595539e+04 -7.627585e+03 2.301448e+04
3.574650e-02 79 1.545718e+04 1.575758e+04 -3.386061e+02 -8.017310e+02
4.583347e-02 105 1.269109e+04 1.298722e+04 5.784068e+03 4.865335e+03
5.486964e-02 145 1.121361e+04 1.150563e+04 -8.484393e+01 2.868630e+03
6.471857e-02 243 1.021375e+04 1.050066e+04 -2.658368e+03 1.221178e+03
7.503996e-02 313 1.012300e+04 1.040141e+04 -3.234021e+03 -1.069838e+02
8.485495e-02 369 7.044011e+03 7.325607e+03 1.964527e+03 1.300048e+03
9.528688e-02 571 5.686792e+03 5.967513e+03 6.349760e+02 -5.177259e+00
1.059290e-01 601 5.348060e+03 5.623810e+03 1.349968e+02 -2.722680e+01
1.156806e-01 705 4.750747e+03 5.024052e+03 5.073830e+02 7.954413e+02
1.255756e-01 883 4.355429e+03 4.625367e+03 -1.552001e+02 -1.781358e+02
1.352378e-01 909 3.425228e+03 3.698185e+03 1.388505e+02 -1.013681e+02
1.449493e-01 1177 3.371951e+03 3.639864e+03 -2.394841e+02 3.769358e+02
1.550659e-01 1323 2.831808e+03 3.100707e+03 2.249342e+01 -8.784044e+02
1.649601e-01 1453 2.656629e+03 2.922641e+03 1.742123e+02 7.433520e+01
1.749597e-01 1701 2.530426e+03 2.792863e+03 -7.981503e+01 -2.261555e+02
1.852437e-01 1963 2.356275e+03 2.616230e+03 1.386955e+01 -2.803049e+02
1.951071e-01 1933 1.993717e+03 2.255887e+03 -1.778057e+02 8.654118e+01
2.049888e-01 2397 1.849842e+03 2.110350e+03 1.458560e+02 -8.166232e+01
2.151844e-01 2539 1.682912e+03 1.942598e+03 -2.365291e+00 -2.106835e+02
2.250745e-01 2694 1.597906e+03 1.855155e+03 3.583205e+01 1.417042e+02
2.350927e-01 3121 1.512840e+03 1.767858e+03 7.110985e+01 -5.890599e+01
2.451974e-01 3255 1.462621e+03 1.714424e+03 3.547789e+01 -5.269742e+01
2.550872e-01 3517 1.272931e+03 1.526795e+03 1.011589e+02 1.613571e+02
2.649947e-01 3813 1.202703e+03 1.454857e+03 -7.172302e+00 1.080732e+02
2.750606e-01 4231 1.142086e+03 1.392256e+03 8.256313e+01 9.029385e+01
2.851157e-01 4389 1.091980e+03 1.339972e+03 7.512676e+01 -7.755204e+01
2.950080e-01 4717 1.042837e+03 1.288794e+03 2.204373e+01 -3.874675e+01
3.050474e-01 5191 9.888425e+02 1.233175e+03 1.615386e+00 2.380609e+01
3.151078e-01 5373 9.071043e+02 1.151536e+03 5.761531e+01 4.340065e+01
3.251295e-01 5893 9.016165e+02 1.142161e+03 -1.751791e+01 1.975074e+01
3.352591e-01 6183 8.598926e+02 1.098661e+03 -1.744867e+01 6.639463e+01
3.451640e-01 6349 8.049955e+02 1.043156e+03 3.101003e+00 3.227590e+01
3.550965e-01 6993 7.815811e+02 1.017230e+03 -1.769917e+01 -8.839802e+01
3.649687e-01 7003 7.397509e+02 9.743290e+02 1.300495e+01 3.056269e+01
3.749450e-01 7941 7.037511e+02 9.370053e+02 6.437285e+00 -9.683504e+00
3.851630e-01 8221 6.694696e+02 9.013394e+02 -4.255138e+01 -5.453449e+01
3.951752e-01 8449 6.463307e+02 8.761627e+02 5.110926e+01 -1.776497e+01
4.050872e-01 8931 6.136334e+02 8.424251e+02 3.653353e+00 -3.682893e+01
4.149904e-01 9289 5.963275e+02 8.228266e+02 3.553528e+01 1.280844e+01
4.250484e-01 10113 5.624233e+02 7.883080e+02 8.239317e+00 -6.153646e+01
4.350196e-01 10087 5.306837e+02 7.559519e+02 -1.321266e+01 5.186156e+01
4.449689e-01 10998 5.038765e+02 7.282223e+02 -5.375010e+00 1.007428e+01
4.550136e-01 11233 4.950663e+02 7.166455e+02 -3.807848e+01 1.444123e+00
4.650240e-01 11991 4.744120e+02 6.946213e+02 1.210794e+01 -6.298068e+00
4.750600e-01 12241 4.631378e+02 6.809474e+02 -1.651203e+01 1.579415e+00
4.850824e-01 13033 4.485659e+02 6.644864e+02 -1.098273e+01 1.264204e+01
4.950626e-01 13227 4.344063e+02 6.484652e+02 -1.893680e+01 -2.851609e+01
5.050218e-01 13993 4.216881e+02 6.337753e+02 2.217590e+01 -5.750277e+00
5.149626e-01 14301 3.989078e+02 6.105274e+02 -1.007503e+01 1.577140e+01
5.249789e-01 15355 3.879474e+02 5.975410e+02 1.067547e+01 1.332400e+01
5.350486e-01 15585 3.714686e+02 5.799197e+02 1.476090e+01 1.039303e+01
5.451135e-01 16549 3.655919e+02 5.713416e+02 1.461592e+01 -9.239778e-02
5.551181e-01 16587 3.544104e+02 5.584024e+02 -7.552414e+00 4.704638e+00
5.650424e-01 17461 3.448996e+02 5.469293e+02 -1.841586e+00 -1.670524e+01
5.750589e-01 18177 3.276565e+02 5.291025e+02 -3.658495e+00 -2.002193e+01
5.850828e-01 18739 3.217014e+02 5.206945e+02 -1.722073e+01 -9.946711e+00
5.950416e-01 19165 3.164127e+02 5.128661e+02 6.055885e+00 2.304634e+00
6.049746e-01 20013 3.053130e+02 5.003849e+02 -5.509023e+00 2.621069e+00
6.149470e-01 20587 2.948613e+02 4.884979e+02 3.350956e+00 -2.424478e+00
6.249968e-01 21657 2.866403e+02 4.784489e+02 5.949532e-01 3.523845e+01
6.350666e-01 22129 2.755887e+02 4.662263e+02 -5.932449e+00 -1.109173e+01
6.450498e-01 22611 2.682153e+02 4.570163e+02 1.276158e+01 -3.119555e+00
6.549912e-01 23317 2.654947e+02 4.515268e+02 8.173466e-01 1.663346e+01
6.649535e-01 24222 2.587060e+02 4.428644e+02 8.646976e+00 -4.434478e+00
6.749660e-01 24943 2.481225e+02 4.313189e+02 2.664557e+00 1.525209e+01
6.850252e-01 25921 2.423908e+02 4.235926e+02 -1.186560e+01 8.600671e+00
6.950284e-01 26253 2.376856e+02 4.166867e+02 -5.232091e+00 8.950408e+00
7.049900e-01 27139 2.278529e+02 4.059961e+02 -4.999229e-01 -4.932780e+00
7.150256e-01 28185 2.270983e+02 4.021366e+02 3.559724e+00 -5.588634e+00
7.250860e-01 28969 2.191606e+02 3.929548e+02 1.830227e+00 -1.551767e+00
7.350183e-01 28887 2.117664e+02 3.842841e+02 -1.327430e+00 -3.817234e+00
7.450018e-01 30937 2.089106e+02 3.789724e+02 7.956572e+00 8.607769e+00
7.551045e-01 31341 2.031800e+02 3.715849e+02 -6.504350e+00 1.121259e+01
7.650666e-01 31555 1.941279e+02 3.619169e+02 1.104470e+01 2.235550e+00
7.750154e-01 33025 1.915085e+02 3.569280e+02 1.194254e+00 -2.269488e+00
7.850634e-01 33921 1.903416e+02 3.529292e+02 -3.139939e+00 6.647618e+00
7.950596e-01 34285 1.791177e+02 3.419680e+02 1.149151e+01 2.928432e+00
8.050450e-01 35703 1.791242e+02 3.388744e+02 -6.432237e+00 -2.457536e+00
8.150563e-01 36205 1.715041e+02 3.305650e+02 1.365374e+00 -8.765198e+00
8.250795e-01 37485 1.659952e+02 3.237583e+02 -4.932940e+00 9.767803e+00
8.350885e-01 38047 1.634214e+02 3.189950e+02 5.807589e+00 6.199901e+00
8.450499e-01 38913 1.633411e+02 3.159292e+02 -4.440738e+00 1.160118e+00
8.550252e-01 39853 1.577167e+02 3.092115e+02 4.313440e+00 -1.988251e+00
8.650455e-01 41367 1.546925e+02 3.042457e+02 6.651360e-01 9.261264e+00
8.750680e-01 41617 1.518466e+02 2.994201e+02 -4.642383e+00 -1.337300e+01
8.849916e-01 42430 1.475390e+02 2.937265e+02 -1.111106e+01 -1.406275e+00
8.949944e-01 44367 1.430857e+02 2.879809e+02 -3.193446e-01 9.242294e+00
9.050336e-01 44569 1.378538e+02 2.817935e+02 3.199747e+00 2.944541e+00
9.150411e-01 46089 1.371519e+02 2.784794e+02 -1.423404e+00 9.180660e+00
9.250625e-01 46819 1.292660e+02 2.707878e+02 4.275943e+00 -1.581936e+00
9.350607e-01 47793 1.333879e+02 2.704571e+02 3.345013e+00 -2.061293e+00
9.450463e-01 48697 1.277460e+02 2.642408e+02 5.215909e+00 5.930839e+00
9.549734e-01 49443 1.220258e+02 2.580827e+02 3.980410e+00 2.152736e+00
9.649510e-01 51097 1.245357e+02 2.567924e+02 -9.182126e+00 6.827243e+00
9.750082e-01 52453 1.170828e+02 2.496926e+02 -2.384003e+00 8.302216e+00
9.850290e-01 52947 1.156745e+02 2.461594e+02 -3.744059e+00 -1.043105e+00
9.950258e-01 54193 1.142225e+02 2.426375e+02 3.151902e+00 -3.392158e-03
