# text fof file
# logMmin 1.200000e+01 -> nfof_min 133
# boxsize 600.000000
# density total 6.913040e+05 6.913040e+05; rel difference 2.399526e-11
# nbar 3.200481e-03
1.483274e-02 13 3.836520e+04 3.867281e+04 -1.260171e+04 9.462812e+03
2.513187e-02 33 2.449001e+04 2.479337e+04 -3.069553e+03 6.172021e+03
3.574650e-02 79 1.618522e+04 1.648593e+04 1.107131e+03 1.084257e+04
4.583347e-02 105 1.180357e+04 1.210154e+04 -2.294552e+03 4.073359e+03
5.486964e-02 145 1.099018e+04 1.128327e+04 5.365691e+03 7.489332e+03
6.471857e-02 243 1.052194e+04 1.080876e+04 1.013461e+03 -2.104213e+03
7.503996e-02 313 7.906629e+03 8.192637e+03 7.449588e+02 9.033919e+02
8.485495e-02 369 7.738247e+03 8.017403e+03 -2.072525e+03 1.631454e+03
9.528688e-02 571 5.645495e+03 5.927276e+03 5.546370e+02 3.003467e+02
1.059290e-01 601 4.770164e+03 5.050184e+03 7.965089e+01 5.721047e+02
1.156806e-01 705 4.591211e+03 4.866321e+03 2.042271e+02 5.484537e+02
1.255756e-01 883 4.326861e+03 4.597823e+03 3.798508e+02 -8.207395e+02
1.352378e-01 909 3.789101e+03 4.058848e+03 -5.251195e+01 2.869102e+02
1.449493e-01 1177 3.269055e+03 3.538792e+03 3.523049e+02 6.113002e+01
1.550659e-01 1323 2.838221e+03 3.107730e+03 -6.202718e+01 -3.518942e+02
1.649601e-01 1453 2.626559e+03 2.893661e+03 5.426247e+01 -2.489849e+00
1.749597e-01 1701 2.433859e+03 2.698644e+03 1.902751e+01 -1.457022e+02
1.852437e-01 1963 2.291573e+03 2.553430e+03 7.532851e+01 1.193627e+01
1.951071e-01 1933 2.082673e+03 2.343612e+03 1.511310e+02 4.414314e+01
2.049888e-01 2397 1.874565e+03 2.135089e+03 -5.278558e+01 -2.288906e+02
2.151844e-01 2539 1.670922e+03 1.931552e+03 -1.358827e+02 -1.855303e+02
2.250745e-01 2694 1.580631e+03 1.839065e+03 1.421601e+01 7.969329e+00
2.350927e-01 3121 1.520933e+03 1.776411e+03 4.116383e+01 -2.727864e+02
2.451974e-01 3255 1.436718e+03 1.690052e+03 6.077667e+01 4.379819e+01
2.550872e-01 3517 1.323731e+03 1.576442e+03 2.730553e+01 1.680444e+02
2.649947e-01 3813 1.263359e+03 1.513759e+03 -4.479676e+00 -9.932839e+01
2.750606e-01 4231 1.175792e+03 1.425187e+03 -7.770177e+01 -4.934074e+01
2.851157e-01 4389 1.114076e+03 1.361687e+03 6.525973e+01 -5.475066e+01
2.950080e-01 4717 1.069205e+03 1.314568e+03 -1.810608e+01 -6.206202e+01
3.050474e-01 5191 9.908343e+02 1.235699e+03 5.522969e+01 -2.854525e+01
3.151078e-01 5373 9.324091e+02 1.176114e+03 -1.710311e+01 -2.390950e+01
3.251295e-01 5893 9.224509e+02 1.162442e+03 4.099566e+01 3.831179e+01
3.352591e-01 6183 8.470809e+02 1.087306e+03 1.484857e+01 -7.954263e+01
3.451640e-01 6349 8.068382e+02 1.045501e+03 4.261146e+01 6.540536e+00
3.550965e-01 6993 7.574901e+02 9.954412e+02 3.418313e+01 -4.344009e+01
3.649687e-01 7003 7.521690e+02 9.864613e+02 6.699433e+00 -2.244940e+00
3.749450e-01 7941 6.999945e+02 9.341584e+02 1.070495e+01 2.059618e+01
3.851630e-01 8221 6.703077e+02 9.027465e+02 -3.653340e-01 -3.589560e+01
3.951752e-01 8449 6.333284e+02 8.648973e+02 -8.513320e+00 3.475461e+00
4.050872e-01 8931 6.247341e+02 8.531512e+02 -7.347776e+00 -2.450249e+01
4.149904e-01 9289 6.002809e+02 8.270088e+02 8.010417e+00 -1.946876e+01
4.250484e-01 10113 5.512401e+02 7.788284e+02 2.430447e+00 -9.371815e-01
4.350196e-01 10087 5.431354e+02 7.677271e+02 -1.218403e+01 4.492340e+01
4.449689e-01 10998 5.241345e+02 7.469122e+02 2.312670e+01 2.027763e+01
4.550136e-01 11233 5.056278e+02 7.266238e+02 -2.755674e+01 8.144439e+00
4.650240e-01 11991 4.771841e+02 6.976848e+02 5.860216e+00 1.574392e+01
4.750600e-01 12241 4.764520e+02 6.932582e+02 -1.553714e+01 -2.768091e+01
4.850824e-01 13033 4.528936e+02 6.688564e+02 -1.312560e+01 2.326837e+01
4.950626e-01 13227 4.359929e+02 6.504268e+02 2.045351e+01 -2.090847e+01
5.050218e-01 13993 4.196968e+02 6.326403e+02 1.308092e+01 6.551400e+00
5.149626e-01 14301 4.121454e+02 6.224890e+02 -4.323691e+00 5.785609e+01
5.249789e-01 15355 3.764199e+02 5.882654e+02 1.378455e+01 -5.965901e+00
5.350486e-01 15585 3.730802e+02 5.818751e+02 5.837725e+00 1.697196e+01
5.451135e-01 16549 3.700429e+02 5.756843e+02 -6.948076e+00 -1.691184e+01
5.551181e-01 16587 3.618122e+02 5.651724e+02 1.821467e+00 5.802825e+00
5.650424e-01 17461 3.510476e+02 5.526100e+02 6.383361e+00 2.197985e+00
5.750589e-01 18177 3.336886e+02 5.346354e+02 -3.965446e+00 9.022104e+00
5.850828e-01 18739 3.195274e+02 5.194552e+02 1.226417e+01 7.561209e+00
5.950416e-01 19165 3.161490e+02 5.132148e+02 2.137827e+00 -7.305258e+00
6.049746e-01 20013 3.074084e+02 5.026218e+02 1.079469e-01 -4.731473e+00
6.149470e-01 20587 2.949153e+02 4.890915e+02 1.282858e+00 -1.993492e+01
6.249968e-01 21657 2.902678e+02 4.818852e+02 -4.028038e+00 7.889213e+00
6.350666e-01 22129 2.744011e+02 4.658061e+02 7.757269e+00 2.402082e+01
6.450498e-01 22611 2.720746e+02 4.605811e+02 -9.780611e+00 -1.061977e+01
6.549912e-01 23317 2.612964e+02 4.487563e+02 5.831384e+00 -7.293883e+00
6.649535e-01 24222 2.527434e+02 4.387675e+02 1.182368e+01 6.078602e+00
6.749660e-01 24943 2.505093e+02 4.336889e+02 1.413307e+01 -2.708441e-01
6.850252e-01 25921 2.461462e+02 4.269762e+02 3.831616e-01 1.087092e+01
6.950284e-01 26253 2.405323e+02 4.193618e+02 -6.455538e+00 -6.785385e+00
7.049900e-01 27139 2.267025e+02 4.056372e+02 8.163588e+00 -2.313890e+00
7.150256e-01 28185 2.265928e+02 4.022607e+02 6.369451e+00 -1.077221e+00
7.250860e-01 28969 2.156353e+02 3.908487e+02 -8.146883e+00 1.447108e+01
7.350183e-01 28887 2.108844e+02 3.841417e+02 -6.914739e-01 1.590294e+00
7.450018e-01 30937 2.072118e+02 3.782489e+02 1.034928e+01 -1.726666e+00
7.551045e-01 31341 1.999416e+02 3.697429e+02 1.907041e+00 -5.780416e+00
7.650666e-01 31555 2.006021e+02 3.670369e+02 6.311824e-01 1.735248e+00
7.750154e-01 33025 1.905792e+02 3.567495e+02 1.164418e+01 8.152882e+00
7.850634e-01 33921 1.881084e+02 3.518391e+02 2.028090e+01 1.185967e+01
7.950596e-01 34285 1.819810e+02 3.444301e+02 5.209233e+00 -2.133061e+00
8.050450e-01 35703 1.811513e+02 3.407366e+02 4.327624e+00 4.277742e+00
8.150563e-01 36205 1.742028e+02 3.328629e+02 9.173879e+00 9.022796e+00
8.250795e-01 37485 1.686334e+02 3.260179e+02 8.626982e+00 1.617575e+01
8.350885e-01 38047 1.647398e+02 3.203327e+02 5.523446e+00 -4.160380e+00
8.450499e-01 38913 1.595806e+02 3.138893e+02 -2.374686e+00 2.443972e+00
8.550252e-01 39853 1.546790e+02 3.076602e+02 -1.635967e-01 -9.914318e+00
8.650455e-01 41367 1.557051e+02 3.053340e+02 2.390127e+00 8.990262e+00
8.750680e-01 41617 1.481505e+02 2.974782e+02 9.087715e-01 -5.043623e+00
8.849916e-01 42430 1.487670e+02 2.949446e+02 7.693330e+00 -9.839073e+00
8.949944e-01 44367 1.449529e+02 2.895902e+02 -6.143705e+00 -2.356122e+00
9.050336e-01 44569 1.417015e+02 2.846162e+02 4.277309e+00 -5.931427e+00
9.150411e-01 46089 1.382012e+02 2.795552e+02 5.398540e+00 -7.360754e+00
9.250625e-01 46819 1.351658e+02 2.748052e+02 -3.966819e+00 -8.068995e+00
9.350607e-01 47793 1.301584e+02 2.689237e+02 1.314137e+01 -8.862691e+00
9.450463e-01 48697 1.300382e+02 2.660174e+02 -3.321212e+00 2.072018e+00
9.549734e-01 49443 1.246596e+02 2.600320e+02 -1.690578e+00 9.179179e+00
9.649510e-01 51097 1.196758e+02 2.543522e+02 -5.047862e-01 2.734443e+00
9.750082e-01 52453 1.179887e+02 2.506075e+02 4.780836e+00 7.511882e+00
9.850290e-01 52947 1.152907e+02 2.463346e+02 2.762524e+00 7.599859e+00
9.950258e-01 54193 1.128040e+02 2.422293e+02 3.128767e-01 -9.023973e+00
