# text fof file
# logMmin 1.200000e+01 -> nfof_min 133
# boxsize 600.000000
# density total 7.504170e+05 7.504170e+05; rel difference 2.935495e-11
# nbar 3.474153e-03
1.483274e-02 13 1.835429e+04 1.863923e+04 -8.156049e+03 -2.638337e+04
2.513187e-02 33 2.400778e+04 2.428732e+04 -7.902496e+03 2.257545e+04
3.574650e-02 79 1.459129e+04 1.486841e+04 -8.549100e+02 -7.118800e+02
4.583347e-02 105 1.202915e+04 1.230214e+04 5.478237e+03 3.935995e+03
5.486964e-02 145 1.043367e+04 1.070312e+04 -8.935128e+01 3.244159e+03
6.471857e-02 243 9.512328e+03 9.777048e+03 -2.459903e+03 1.352762e+03
7.503996e-02 313 9.511204e+03 9.767764e+03 -2.972650e+03 -4.016293e+01
8.485495e-02 369 6.742692e+03 7.001705e+03 2.017872e+03 1.195289e+03
9.528688e-02 571 5.332287e+03 5.591008e+03 6.596575e+02 -1.854542e+02
1.059290e-01 601 5.054688e+03 5.308541e+03 1.965235e+02 -9.676163e+01
1.156806e-01 705 4.455824e+03 4.707619e+03 5.064771e+02 7.803814e+02
1.255756e-01 883 4.082611e+03 4.331262e+03 -1.689863e+02 -1.937383e+02
1.352378e-01 909 3.184275e+03 3.436051e+03 1.545968e+02 -4.738000e+01
1.449493e-01 1177 3.178663e+03 3.425228e+03 -2.263148e+02 3.650795e+02
1.550659e-01 1323 2.673567e+03 2.921031e+03 -7.017169e+01 -9.006496e+02
1.649601e-01 1453 2.515070e+03 2.759687e+03 1.571547e+02 1.696508e+02
1.749597e-01 1701 2.382225e+03 2.623698e+03 -9.932160e+01 -2.118318e+02
1.852437e-01 1963 2.189719e+03 2.429427e+03 2.892798e+01 -2.480539e+02
1.951071e-01 1933 1.882851e+03 2.123980e+03 -1.899594e+02 7.658950e+01
2.049888e-01 2397 1.726773e+03 1.966833e+03 1.678543e+02 -9.222443e+01
2.151844e-01 2539 1.581109e+03 1.820132e+03 -3.354405e+01 -2.224328e+02
2.250745e-01 2694 1.487953e+03 1.725093e+03 1.793268e+01 6.093039e+01
2.350927e-01 3121 1.403076e+03 1.638320e+03 6.069537e+01 -4.337518e+01
2.451974e-01 3255 1.360220e+03 1.592346e+03 3.034645e+01 -2.418719e+01
2.550872e-01 3517 1.196475e+03 1.430063e+03 1.813897e+01 1.211689e+02
2.649947e-01 3813 1.127787e+03 1.359891e+03 1.914406e+01 5.460804e+01
2.750606e-01 4231 1.062522e+03 1.293144e+03 3.595327e+01 9.426277e+01
2.851157e-01 4389 1.016730e+03 1.245295e+03 3.576184e+01 -6.921014e+01
2.950080e-01 4717 9.742577e+02 1.200772e+03 8.401781e+00 -1.951771e+01
3.050474e-01 5191 9.146780e+02 1.140160e+03 -4.125784e+01 2.287079e+01
3.151078e-01 5373 8.520574e+02 1.076926e+03 4.616835e+01 4.501266e+01
3.251295e-01 5893 8.354337e+02 1.057330e+03 1.851434e+01 -9.391937e-01
3.352591e-01 6183 8.036126e+02 1.023433e+03 3.412166e+00 4.597116e+01
3.451640e-01 6349 7.473922e+02 9.669891e+02 1.629875e+01 2.496899e+01
3.550965e-01 6993 7.229418e+02 9.404085e+02 -1.224001e+00 -8.459100e+01
3.649687e-01 7003 6.752684e+02 8.924074e+02 -2.244724e+01 2.503943e+01
3.749450e-01 7941 6.639722e+02 8.782111e+02 1.606203e+01 -1.047021e+01
3.851630e-01 8221 6.205565e+02 8.344272e+02 -3.460751e+01 -5.111279e+01
3.951752e-01 8449 6.055357e+02 8.169540e+02 4.297353e+01 -4.692316e+00
4.050872e-01 8931 5.740454e+02 7.846035e+02 1.176567e+01 -5.542223e+01
4.149904e-01 9289 5.569805e+02 7.654795e+02 2.996635e+01 1.006278e+01
4.250484e-01 10113 5.253023e+02 7.332487e+02 4.362967e+00 -4.708374e+01
4.350196e-01 10087 4.959350e+02 7.032952e+02 -7.846807e+00 4.222348e+01
4.449689e-01 10998 4.731305e+02 6.793982e+02 2.140848e+00 9.503593e+00
4.550136e-01 11233 4.668029e+02 6.702749e+02 -1.835864e+01 4.842519e+00
4.650240e-01 11991 4.395375e+02 6.426628e+02 1.535350e+01 -2.037214e+01
4.750600e-01 12241 4.280482e+02 6.290865e+02 -1.225608e+01 7.666779e+00
4.850824e-01 13033 4.232896e+02 6.214870e+02 -1.615927e+01 -4.800317e-01
4.950626e-01 13227 3.977811e+02 5.958404e+02 -2.988095e+01 -1.904924e+01
5.050218e-01 13993 3.901881e+02 5.858704e+02 2.016314e+01 -6.962236e+00
5.149626e-01 14301 3.704767e+02 5.655397e+02 -2.756411e+00 1.879954e+01
5.249789e-01 15355 3.628802e+02 5.556915e+02 7.280789e+00 1.018074e+01
5.350486e-01 15585 3.415125e+02 5.341755e+02 8.760879e+00 1.117137e+00
5.451135e-01 16549 3.417315e+02 5.310323e+02 9.786538e+00 5.213928e+00
5.551181e-01 16587 3.248618e+02 5.135723e+02 -3.547946e+00 1.348141e+01
5.650424e-01 17461 3.202418e+02 5.064523e+02 -1.454779e+00 5.258267e+00
5.750589e-01 18177 3.087311e+02 4.936401e+02 7.038865e-01 -2.166520e+01
5.850828e-01 18739 2.930287e+02 4.774542e+02 -1.459959e+01 -1.217911e+01
5.950416e-01 19165 2.917441e+02 4.731867e+02 1.597351e+01 2.445350e+00
6.049746e-01 20013 2.802657e+02 4.606608e+02 -6.119843e+00 5.570839e+00
6.149470e-01 20587 2.691758e+02 4.485370e+02 -2.918344e+00 -8.761724e+00
6.249968e-01 21657 2.649906e+02 4.420033e+02 5.163994e+00 2.545323e+01
6.350666e-01 22129 2.550738e+02 4.309392e+02 6.300830e+00 2.187778e+00
6.450498e-01 22611 2.453500e+02 4.201428e+02 1.974093e+01 -8.462700e+00
6.549912e-01 23317 2.451663e+02 4.169029e+02 -2.363812e+00 1.377280e+01
6.649535e-01 24222 2.364825e+02 4.070305e+02 1.079789e+01 -8.237648e+00
6.749660e-01 24943 2.311806e+02 3.998246e+02 -4.754971e+00 4.656031e+00
6.850252e-01 25921 2.216593e+02 3.894492e+02 -7.134183e+00 6.277402e+00
6.950284e-01 26253 2.212858e+02 3.860918e+02 -1.105548e+01 1.564351e+01
7.049900e-01 27139 2.105956e+02 3.750077e+02 1.115220e+00 -3.159638e+00
7.150256e-01 28185 2.105278e+02 3.719024e+02 -2.496494e+00 -7.381136e+00
7.250860e-01 28969 2.034588e+02 3.636117e+02 9.191883e-01 2.624426e+00
7.350183e-01 28887 1.942260e+02 3.538417e+02 2.822788e+00 -4.391607e+00
7.450018e-01 30937 1.911624e+02 3.486363e+02 5.099816e+00 -1.550190e+00
7.551045e-01 31341 1.836428e+02 3.402223e+02 -1.399451e+00 9.463730e+00
7.650666e-01 31555 1.768435e+02 3.324402e+02 1.264026e+01 2.969959e+00
7.750154e-01 33025 1.764788e+02 3.292946e+02 3.290821e+00 4.066597e+00
7.850634e-01 33921 1.714755e+02 3.228515e+02 1.174715e+00 3.654119e+00
7.950596e-01 34285 1.670527e+02 3.168883e+02 9.419912e+00 1.429379e+01
8.050450e-01 35703 1.630172e+02 3.112386e+02 1.141543e+00 -5.576762e+00
8.150563e-01 36205 1.572568e+02 3.044506e+02 7.531489e+00 -1.167945e+01
8.250795e-01 37485 1.530509e+02 2.987719e+02 1.163478e+00 1.149295e+01
8.350885e-01 38047 1.490092e+02 2.932586e+02 7.645765e+00 2.615301e+00
8.450499e-01 38913 1.509323e+02 2.917643e+02 -1.915903e+00 -1.027104e+00
8.550252e-01 39853 1.435230e+02 2.841120e+02 8.437887e+00 -5.888710e+00
8.650455e-01 41367 1.426236e+02 2.807631e+02 3.358700e+00 3.499588e+00
8.750680e-01 41617 1.385633e+02 2.753862e+02 -9.070206e+00 -1.090666e+01
8.849916e-01 42430 1.336305e+02 2.695349e+02 -4.098895e+00 2.381467e+00
8.949944e-01 44367 1.320022e+02 2.658099e+02 6.070341e+00 1.377074e+01
9.050336e-01 44569 1.248306e+02 2.586437e+02 5.799585e+00 -7.911263e+00
9.150411e-01 46089 1.270571e+02 2.573627e+02 2.950433e+00 9.400662e+00
9.250625e-01 46819 1.169052e+02 2.485102e+02 -1.126028e+00 -1.099360e+01
9.350607e-01 47793 1.239717e+02 2.501875e+02 3.326599e+00 5.798302e+00
9.450463e-01 48697 1.168050e+02 2.432795e+02 1.373083e+00 8.541616e+00
9.549734e-01 49443 1.129723e+02 2.384588e+02 2.650804e+00 2.285667e+00
9.649510e-01 51097 1.138703e+02 2.364297e+02 -5.866215e+00 8.527374e+00
9.750082e-01 52453 1.077361e+02 2.303154e+02 -8.049779e+00 4.401081e+00
9.850290e-01 52947 1.036927e+02 2.254906e+02 9.297389e-01 9.475200e-01
9.950258e-01 54193 1.038841e+02 2.231286e+02 3.282513e+00 -5.239684e+00
