# text fof file
# logMmin 1.200000e+01 -> nfof_min 133
# boxsize 600.000000
# density total 7.466800e+05 7.466800e+05; rel difference 5.754909e-11
# nbar 3.456852e-03
1.483274e-02 13 3.583907e+04 3.612416e+04 3.410857e+03 6.017020e+04
2.513187e-02 33 2.755802e+04 2.783698e+04 1.816457e+04 -8.888236e+03
3.574650e-02 79 1.578061e+04 1.605815e+04 -2.134866e+03 -1.058342e+04
4.583347e-02 105 1.243124e+04 1.270561e+04 4.246149e+03 1.351355e+03
5.486964e-02 145 1.284930e+04 1.311586e+04 -4.809753e+03 3.956563e+03
6.471857e-02 243 1.033071e+04 1.059462e+04 -1.047240e+03 8.192661e+02
7.503996e-02 313 8.878816e+03 9.138731e+03 1.679225e+03 -3.886808e+02
8.485495e-02 369 7.648264e+03 7.905016e+03 -1.934165e+03 1.019747e+03
9.528688e-02 571 5.723216e+03 5.981487e+03 4.961056e+02 7.428727e+02
1.059290e-01 601 5.091435e+03 5.346446e+03 3.453029e+02 -3.301546e+02
1.156806e-01 705 4.013821e+03 4.270292e+03 -5.024401e+02 3.010018e+02
1.255756e-01 883 3.699929e+03 3.953521e+03 -1.797585e+02 -1.684920e+02
1.352378e-01 909 3.464396e+03 3.714580e+03 6.921060e+01 2.344135e+02
1.449493e-01 1177 3.158995e+03 3.407085e+03 1.237499e+02 4.181121e+02
1.550659e-01 1323 2.706398e+03 2.954834e+03 4.714818e+01 -3.653771e+01
1.649601e-01 1453 2.510949e+03 2.757012e+03 7.044054e+00 -3.040509e+02
1.749597e-01 1701 2.241996e+03 2.487328e+03 -6.744411e+01 -1.623094e+02
1.852437e-01 1963 2.116125e+03 2.358725e+03 -1.313216e+02 3.422494e+02
1.951071e-01 1933 1.979111e+03 2.219583e+03 1.673807e+01 2.322970e+02
2.049888e-01 2397 1.773248e+03 2.013575e+03 -1.267395e+01 -2.309510e+02
2.151844e-01 2539 1.577033e+03 1.817534e+03 -1.219711e+02 -9.775474e+01
2.250745e-01 2694 1.506527e+03 1.744533e+03 -2.962523e+01 1.880562e+02
2.350927e-01 3121 1.388425e+03 1.625498e+03 1.589352e+01 1.079789e+00
2.451974e-01 3255 1.323766e+03 1.558545e+03 3.356891e+01 7.858889e+01
2.550872e-01 3517 1.268253e+03 1.500606e+03 -2.722295e+01 3.411290e+01
2.649947e-01 3813 1.121828e+03 1.355590e+03 -5.218892e+01 -3.640306e+01
2.750606e-01 4231 1.108949e+03 1.339004e+03 -6.079242e+00 -4.732902e+01
2.851157e-01 4389 1.014743e+03 1.244788e+03 -5.459101e+01 -1.441529e+01
2.950080e-01 4717 9.604572e+02 1.189034e+03 2.308997e+01 5.030781e+01
3.050474e-01 5191 9.283434e+02 1.154500e+03 -1.024359e+02 4.029063e+01
3.151078e-01 5373 9.034884e+02 1.126901e+03 -2.605791e+01 5.933794e+01
3.251295e-01 5893 8.509437e+02 1.073296e+03 6.127019e+01 5.098397e+01
3.352591e-01 6183 8.037463e+02 1.024934e+03 2.342846e+00 4.879282e+01
3.451640e-01 6349 7.749896e+02 9.941248e+02 -2.800105e+01 -2.485734e+01
3.550965e-01 6993 7.157294e+02 9.350571e+02 -1.008951e+01 3.702491e+01
3.649687e-01 7003 6.656671e+02 8.848323e+02 5.169191e+01 -3.586560e+01
3.749450e-01 7941 6.678868e+02 8.831631e+02 -2.451686e+01 -1.096007e+01
3.851630e-01 8221 6.243013e+02 8.391948e+02 -3.908902e+01 -5.494710e+01
3.951752e-01 8449 6.044683e+02 8.173144e+02 -2.653981e+01 2.870717e+01
4.050872e-01 8931 5.691137e+02 7.814387e+02 -1.137674e+01 -3.444151e+01
4.149904e-01 9289 5.469269e+02 7.576780e+02 3.914226e+00 2.351895e+01
4.250484e-01 10113 5.388340e+02 7.467439e+02 6.199225e+00 4.984730e+00
4.350196e-01 10087 5.134720e+02 7.203220e+02 -2.061998e+01 1.449302e+00
4.449689e-01 10998 4.871919e+02 6.932592e+02 -1.298825e+01 -3.353614e+01
4.550136e-01 11233 4.656313e+02 6.705110e+02 7.649188e+00 2.559523e+00
4.650240e-01 11991 4.598061e+02 6.618320e+02 -9.122069e+00 -9.720289e+00
4.750600e-01 12241 4.329987e+02 6.347206e+02 -1.546851e+01 3.487536e+00
4.850824e-01 13033 4.077057e+02 6.091154e+02 -2.152086e+01 2.753640e+01
4.950626e-01 13227 3.978391e+02 5.971140e+02 -2.838568e+01 2.854064e+00
5.050218e-01 13993 3.869800e+02 5.843397e+02 -1.110214e+01 1.833550e+00
5.149626e-01 14301 3.787287e+02 5.738804e+02 7.657725e-01 4.417999e+01
5.249789e-01 15355 3.631948e+02 5.571959e+02 -9.801726e+00 -2.418999e+00
5.350486e-01 15585 3.519462e+02 5.442541e+02 2.052108e+01 -2.075361e+01
5.451135e-01 16549 3.381687e+02 5.292538e+02 2.335615e+01 -1.476772e+01
5.551181e-01 16587 3.282823e+02 5.176383e+02 7.614354e+00 -9.251307e+00
5.650424e-01 17461 3.182943e+02 5.060425e+02 -2.532285e+01 -8.746004e+00
5.750589e-01 18177 3.056317e+02 4.922437e+02 1.253214e-01 1.194091e+01
5.850828e-01 18739 2.997958e+02 4.841840e+02 1.098409e+01 -7.171098e+00
5.950416e-01 19165 2.879514e+02 4.712636e+02 9.651006e+00 1.651507e+01
6.049746e-01 20013 2.831804e+02 4.641887e+02 -6.940208e+00 2.063568e+01
6.149470e-01 20587 2.799139e+02 4.583481e+02 9.627395e+00 -2.040758e+00
6.249968e-01 21657 2.678566e+02 4.454542e+02 -1.773177e+01 1.747216e+01
6.350666e-01 22129 2.501798e+02 4.282086e+02 -6.983243e+00 2.847417e+00
6.450498e-01 22611 2.522265e+02 4.266862e+02 1.908083e+00 1.785069e+01
6.549912e-01 23317 2.490714e+02 4.210783e+02 1.026996e+00 1.682864e+01
6.649535e-01 24222 2.431443e+02 4.133056e+02 9.237695e+00 1.448289e+01
6.749660e-01 24943 2.281768e+02 3.986244e+02 -4.062698e+00 -1.470220e+01
6.850252e-01 25921 2.214391e+02 3.903796e+02 9.615489e+00 1.095318e+01
6.950284e-01 26253 2.263302e+02 3.910041e+02 9.306146e+00 -9.219548e+00
7.049900e-01 27139 2.156928e+02 3.799142e+02 -2.332655e+00 -9.180732e+00
7.150256e-01 28185 2.035108e+02 3.677531e+02 -6.974341e+00 3.282582e+00
7.250860e-01 28969 2.022672e+02 3.637990e+02 3.900273e+00 -8.292283e-01
7.350183e-01 28887 2.003116e+02 3.593557e+02 -2.323360e+00 5.319844e+00
7.450018e-01 30937 1.939700e+02 3.517294e+02 2.446127e+00 -4.179462e+00
7.551045e-01 31341 1.822474e+02 3.402590e+02 -3.711668e+00 1.404861e+01
7.650666e-01 31555 1.838301e+02 3.384563e+02 -2.638690e+00 -6.993906e+00
7.750154e-01 33025 1.782516e+02 3.315752e+02 -3.885685e+00 -1.500386e-02
7.850634e-01 33921 1.705054e+02 3.231819e+02 -5.675132e+00 1.923723e+01
7.950596e-01 34285 1.675165e+02 3.182220e+02 -3.676015e+00 8.585853e+00
8.050450e-01 35703 1.599421e+02 3.101121e+02 -7.493075e-01 2.042323e+00
8.150563e-01 36205 1.612665e+02 3.081673e+02 5.518319e+00 -7.980270e-02
8.250795e-01 37485 1.586646e+02 3.035439e+02 -1.981055e+00 2.088883e+00
8.350885e-01 38047 1.505843e+02 2.952879e+02 -2.645473e+00 -4.848193e+00
8.450499e-01 38913 1.508426e+02 2.926525e+02 -1.091931e+00 1.451511e+01
8.550252e-01 39853 1.437684e+02 2.852215e+02 3.499382e+00 -3.496260e+00
8.650455e-01 41367 1.431679e+02 2.820479e+02 -1.195719e+00 -2.335040e+00
8.750680e-01 41617 1.398879e+02 2.771697e+02 -1.085334e+01 2.539691e+00
8.849916e-01 42430 1.329329e+02 2.700172e+02 1.001272e+00 -8.425212e+00
8.949944e-01 44367 1.294702e+02 2.651254e+02 3.389570e+00 -4.135037e-01
9.050336e-01 44569 1.285122e+02 2.618397e+02 5.935047e+00 3.982474e+00
9.150411e-01 46089 1.267859e+02 2.580976e+02 -1.904803e+00 -1.259272e+00
9.250625e-01 46819 1.212873e+02 2.520663e+02 2.481108e+00 -5.016754e+00
9.350607e-01 47793 1.207289e+02 2.491116e+02 -2.054359e+00 3.996751e+00
9.450463e-01 48697 1.156126e+02 2.434327e+02 -3.097583e+00 -8.138968e+00
9.549734e-01 49443 1.151054e+02 2.405702e+02 1.363612e+00 2.140531e+00
9.649510e-01 51097 1.131014e+02 2.368312e+02 4.283744e+00 -8.440412e+00
9.750082e-01 52453 1.062309e+02 2.302946e+02 1.043738e+00 2.500972e-01
9.850290e-01 52947 1.098601e+02 2.298464e+02 9.867595e+00 -2.957945e-01
9.950258e-01 54193 1.035518e+02 2.237659e+02 1.909356e+00 -1.542333e+00
