# text fof file
# logMmin 1.200000e+01 -> nfof_min 133
# boxsize 600.000000
# density total 7.494120e+05 7.494120e+05; rel difference 2.731087e-11
# nbar 3.469500e-03
1.483274e-02 13 1.652373e+04 1.680983e+04 -3.591432e+03 -1.274963e+04
2.513187e-02 33 2.067437e+04 2.095505e+04 -4.794517e+02 5.875339e+02
3.574650e-02 79 1.473907e+04 1.501659e+04 1.796621e+03 2.936747e+02
4.583347e-02 105 1.274169e+04 1.301402e+04 -6.622504e+02 -2.596620e+03
5.486964e-02 145 1.115610e+04 1.142484e+04 -1.175169e+03 2.155264e+03
6.471857e-02 243 1.018639e+04 1.044934e+04 -9.321967e+02 -4.871740e+03
7.503996e-02 313 8.770215e+03 9.029398e+03 -1.611393e+02 1.482834e+03
8.485495e-02 369 6.710679e+03 6.970323e+03 -4.561863e+02 5.384959e+02
9.528688e-02 571 5.548009e+03 5.806042e+03 -1.394622e+03 -6.170326e+02
1.059290e-01 601 4.869703e+03 5.124903e+03 5.355941e+02 -8.110620e+02
1.156806e-01 705 4.521543e+03 4.773103e+03 1.573212e+02 -3.401196e+01
1.255756e-01 883 3.662966e+03 3.915791e+03 3.222003e+02 -7.039330e+02
1.352378e-01 909 3.565692e+03 3.813953e+03 -4.114154e+02 2.363131e+02
1.449493e-01 1177 3.134520e+03 3.381921e+03 2.038610e+02 -3.278645e+02
1.550659e-01 1323 2.601659e+03 2.850541e+03 2.523117e+01 -1.347843e+02
1.649601e-01 1453 2.463547e+03 2.709283e+03 2.006912e+02 8.129014e+01
1.749597e-01 1701 2.354816e+03 2.597258e+03 -1.332177e+02 -1.567868e+02
1.852437e-01 1963 2.093281e+03 2.335199e+03 7.839493e+01 -1.554888e+02
1.951071e-01 1933 1.923733e+03 2.164321e+03 -2.381541e+01 -7.173702e+01
2.049888e-01 2397 1.774677e+03 2.013977e+03 -8.568579e+01 -1.833570e+02
2.151844e-01 2539 1.629109e+03 1.867213e+03 -1.019396e+02 -2.869436e+02
2.250745e-01 2694 1.512149e+03 1.748983e+03 6.784320e+01 8.047009e+01
2.350927e-01 3121 1.426575e+03 1.661435e+03 6.759882e+01 -9.924835e+01
2.451974e-01 3255 1.343119e+03 1.576214e+03 -5.401281e+01 -4.626242e+01
2.550872e-01 3517 1.257952e+03 1.489684e+03 7.370670e+01 -4.849081e+01
2.649947e-01 3813 1.152986e+03 1.384450e+03 -2.811185e+01 -3.089970e+00
2.750606e-01 4231 1.066401e+03 1.297205e+03 -4.781600e+01 7.197190e+01
2.851157e-01 4389 1.004433e+03 1.233913e+03 -2.650020e+01 9.000204e+00
2.950080e-01 4717 9.935598e+02 1.219523e+03 -6.972108e+00 -1.482798e+02
3.050474e-01 5191 9.044791e+02 1.130848e+03 2.573837e+01 1.590448e+01
3.151078e-01 5373 8.973294e+02 1.120083e+03 -3.791367e+01 -3.032812e+01
3.251295e-01 5893 8.278495e+02 1.050558e+03 -5.960263e+01 -4.982562e+01
3.352591e-01 6183 7.882516e+02 1.009418e+03 1.594059e+01 2.055699e+01
3.451640e-01 6349 7.494637e+02 9.693028e+02 2.026226e+01 1.131972e+01
3.550965e-01 6993 7.139551e+02 9.324129e+02 1.197297e+01 -1.394757e+01
3.649687e-01 7003 6.793435e+02 8.965374e+02 4.533055e+01 1.276234e+01
3.749450e-01 7941 6.391602e+02 8.556954e+02 4.843747e+00 1.276673e+01
3.851630e-01 8221 6.174158e+02 8.318909e+02 1.315428e+01 -1.007950e+01
3.951752e-01 8449 5.837131e+02 7.973701e+02 -3.608406e+01 2.605215e+01
4.050872e-01 8931 5.722903e+02 7.833602e+02 -3.331015e+01 -1.278343e+01
4.149904e-01 9289 5.431941e+02 7.533656e+02 -9.873316e+00 8.557001e+00
4.250484e-01 10113 5.288303e+02 7.367621e+02 -2.321464e+00 -5.672102e+00
4.350196e-01 10087 5.112249e+02 7.173633e+02 -2.137482e+01 -2.466758e+01
4.449689e-01 10998 4.845226e+02 6.899103e+02 -1.196624e+01 -2.155219e+01
4.550136e-01 11233 4.709701e+02 6.743105e+02 3.602729e+00 -3.953320e+01
4.650240e-01 11991 4.531666e+02 6.550419e+02 1.491905e+00 1.662259e+01
4.750600e-01 12241 4.243476e+02 6.261859e+02 -1.716987e+01 -9.433229e+00
4.850824e-01 13033 4.141127e+02 6.137792e+02 1.139283e+01 1.742188e+01
4.950626e-01 13227 3.898520e+02 5.892709e+02 -4.553007e+00 -6.144606e+00
5.050218e-01 13993 3.800236e+02 5.774294e+02 -3.482743e+01 -3.221306e+01
5.149626e-01 14301 3.780133e+02 5.723622e+02 -4.754292e+00 1.394359e+01
5.249789e-01 15355 3.588275e+02 5.525751e+02 -9.251807e+00 1.010596e+00
5.350486e-01 15585 3.444133e+02 5.369584e+02 -3.144642e+01 2.449079e+01
5.451135e-01 16549 3.404666e+02 5.302919e+02 -4.709737e+00 1.432371e+01
5.551181e-01 16587 3.327220e+02 5.204706e+02 2.614609e+00 -8.704002e+00
5.650424e-01 17461 3.154378e+02 5.027702e+02 -5.842827e+00 -1.774670e+01
5.750589e-01 18177 3.143269e+02 4.985732e+02 6.078613e+00 -1.518709e+00
5.850828e-01 18739 3.037672e+02 4.866028e+02 -1.228631e+01 -8.213511e+00
5.950416e-01 19165 2.930282e+02 4.745420e+02 -5.446343e+00 -1.547812e+01
6.049746e-01 20013 2.830792e+02 4.632679e+02 6.879541e-02 1.153825e+01
6.149470e-01 20587 2.678687e+02 4.477894e+02 1.886359e+00 1.277184e+01
6.249968e-01 21657 2.669621e+02 4.438864e+02 4.041536e+00 -1.283034e+01
6.350666e-01 22129 2.635282e+02 4.379348e+02 -5.860273e+00 -6.313914e+00
6.450498e-01 22611 2.523950e+02 4.259929e+02 -1.050838e+01 -7.752991e+00
6.549912e-01 23317 2.372718e+02 4.110277e+02 3.278461e-01 1.660639e+00
6.649535e-01 24222 2.369683e+02 4.077007e+02 4.796846e+00 7.830873e+00
6.749660e-01 24943 2.302012e+02 3.993826e+02 1.181900e+01 1.977951e+01
6.850252e-01 25921 2.250155e+02 3.923071e+02 -1.121863e+01 4.068061e+00
6.950284e-01 26253 2.241233e+02 3.885403e+02 -7.431917e+00 -5.003495e+00
7.049900e-01 27139 2.159240e+02 3.792828e+02 6.217470e-01 1.553556e+01
7.150256e-01 28185 2.029604e+02 3.665526e+02 1.177404e+00 -4.091203e-01
7.250860e-01 28969 1.950729e+02 3.576991e+02 -5.866337e+00 1.411974e+01
7.350183e-01 28887 1.980628e+02 3.569360e+02 2.555696e+00 -1.325770e+00
7.450018e-01 30937 1.901134e+02 3.481491e+02 -8.875580e+00 1.247981e+01
7.551045e-01 31341 1.877979e+02 3.434978e+02 -4.873360e+00 -5.867880e-01
7.650666e-01 31555 1.805495e+02 3.353726e+02 -1.169545e+00 9.699013e+00
7.750154e-01 33025 1.740958e+02 3.278766e+02 -1.069572e+01 3.769313e+00
7.850634e-01 33921 1.752733e+02 3.257799e+02 -8.402293e+00 1.169203e+01
7.950596e-01 34285 1.694353e+02 3.188096e+02 5.874079e+00 4.007346e+00
8.050450e-01 35703 1.616199e+02 3.105391e+02 -2.843225e+00 6.532846e+00
8.150563e-01 36205 1.572004e+02 3.046797e+02 1.389743e+00 -1.181720e+01
8.250795e-01 37485 1.576315e+02 3.021269e+02 1.511358e+00 1.522173e+01
8.350885e-01 38047 1.519653e+02 2.954991e+02 -5.912339e+00 2.758465e+00
8.450499e-01 38913 1.475920e+02 2.898120e+02 -9.364678e+00 -7.503740e+00
8.550252e-01 39853 1.436171e+02 2.844173e+02 -7.799579e-01 -1.104730e+01
8.650455e-01 41367 1.419524e+02 2.805676e+02 8.351955e-01 -3.042939e+00
8.750680e-01 41617 1.326636e+02 2.718389e+02 2.579093e+00 -6.660612e+00
8.849916e-01 42430 1.370801e+02 2.719791e+02 -1.706857e-01 4.405947e+00
8.949944e-01 44367 1.310302e+02 2.654412e+02 -7.152852e-01 7.203393e+00
9.050336e-01 44569 1.281533e+02 2.609561e+02 1.777399e+00 -5.312652e+00
9.150411e-01 46089 1.246171e+02 2.560997e+02 -4.097781e+00 8.978837e+00
9.250625e-01 46819 1.220631e+02 2.518892e+02 3.227428e+00 -3.063796e+00
9.350607e-01 47793 1.164998e+02 2.459172e+02 4.297128e-01 -6.164650e+00
9.450463e-01 48697 1.137554e+02 2.416939e+02 -3.552903e+00 5.362478e+00
9.549734e-01 49443 1.127985e+02 2.385822e+02 -2.863859e+00 -2.708191e+00
9.649510e-01 51097 1.092048e+02 2.339290e+02 -1.914854e+00 8.018616e+00
9.750082e-01 52453 1.105429e+02 2.321633e+02 6.520233e+00 7.413705e+00
9.850290e-01 52947 1.077937e+02 2.280592e+02 -3.183615e+00 3.088149e+00
9.950258e-01 54193 1.008741e+02 2.216435e+02 -1.271344e+00 4.943613e+00
