# text fof file
# logMmin 1.200000e+01 -> nfof_min 133
# boxsize 600.000000
# density total 7.721800e+05 7.721800e+05; rel difference 5.668828e-11
# nbar 3.574907e-03
1.483274e-02 13 3.589119e+04 3.616633e+04 -1.281675e+04 5.010412e+03
2.513187e-02 33 2.172638e+04 2.199797e+04 -4.036752e+03 5.095380e+03
3.574650e-02 79 1.485048e+04 1.511943e+04 2.110680e+02 1.020767e+04
4.583347e-02 105 1.066762e+04 1.093427e+04 -2.161664e+03 2.971112e+03
5.486964e-02 145 1.042567e+04 1.068704e+04 4.929118e+03 6.771762e+03
6.471857e-02 243 9.587269e+03 9.843632e+03 7.722079e+02 -2.216364e+03
7.503996e-02 313 7.203966e+03 7.459593e+03 6.342802e+02 8.530660e+02
8.485495e-02 369 7.051254e+03 7.300688e+03 -1.943889e+03 1.856242e+03
9.528688e-02 571 5.179316e+03 5.430980e+03 5.314998e+02 3.367502e+02
1.059290e-01 601 4.385810e+03 4.635755e+03 7.003982e+01 2.217774e+02
1.156806e-01 705 4.207084e+03 4.452625e+03 3.596324e+02 5.734835e+02
1.255756e-01 883 3.879430e+03 4.121959e+03 3.277578e+02 -5.715568e+02
1.352378e-01 909 3.405612e+03 3.646968e+03 2.510122e+01 -8.698092e+00
1.449493e-01 1177 2.987897e+03 3.228648e+03 3.124316e+02 1.513887e+02
1.550659e-01 1323 2.617890e+03 2.858132e+03 -7.802419e+01 -3.234365e+02
1.649601e-01 1453 2.422515e+03 2.660555e+03 -2.942390e+01 8.703577e+01
1.749597e-01 1701 2.231960e+03 2.468061e+03 9.391579e+01 -1.077683e+02
1.852437e-01 1963 2.106108e+03 2.339493e+03 9.141013e+01 1.090462e+01
1.951071e-01 1933 1.905088e+03 2.137814e+03 1.015495e+01 2.473393e+01
2.049888e-01 2397 1.690373e+03 1.923286e+03 -5.308632e+01 -1.706317e+02
2.151844e-01 2539 1.547455e+03 1.779467e+03 -1.488092e+02 -1.851003e+02
2.250745e-01 2694 1.451801e+03 1.682134e+03 4.221378e+01 3.110335e+01
2.350927e-01 3121 1.384665e+03 1.612681e+03 -3.385758e+01 -1.036550e+02
2.451974e-01 3255 1.283332e+03 1.510223e+03 9.133878e+01 -4.377171e+01
2.550872e-01 3517 1.187704e+03 1.413847e+03 4.324024e+01 1.209788e+02
2.649947e-01 3813 1.144273e+03 1.367921e+03 4.362108e+00 -4.519937e+01
2.750606e-01 4231 1.054450e+03 1.277645e+03 -7.326079e+01 -8.127592e+00
2.851157e-01 4389 1.008686e+03 1.229848e+03 7.283086e+01 -5.490401e+01
2.950080e-01 4717 9.585360e+02 1.178122e+03 -2.114971e+01 -9.017346e+01
3.050474e-01 5191 8.978096e+02 1.116483e+03 2.134789e+01 -6.169009e+01
3.151078e-01 5373 8.532903e+02 1.070447e+03 -1.395569e+01 5.896737e+00
3.251295e-01 5893 8.353803e+02 1.049685e+03 -4.333039e+00 4.762458e+01
3.352591e-01 6183 7.657294e+02 9.803383e+02 -2.982881e+01 -7.606888e+01
3.451640e-01 6349 7.339004e+02 9.468091e+02 6.309252e+01 -7.265141e+00
3.550965e-01 6993 6.819163e+02 8.946721e+02 1.952166e+01 -4.906489e+01
3.649687e-01 7003 6.740833e+02 8.837781e+02 -3.416397e+01 3.820247e+00
3.749450e-01 7941 6.391261e+02 8.477977e+02 -8.791186e+00 2.809520e+01
3.851630e-01 8221 6.069573e+02 8.144902e+02 2.715696e+01 -1.750353e+01
3.951752e-01 8449 5.740050e+02 7.807156e+02 -6.286528e+00 -1.331934e+01
4.050872e-01 8931 5.665249e+02 7.703661e+02 9.816241e+00 -1.604736e+01
4.149904e-01 9289 5.397755e+02 7.425373e+02 -8.687905e+00 -4.256012e+01
4.250484e-01 10113 5.124119e+02 7.142952e+02 9.542312e+00 -1.213250e+01
4.350196e-01 10087 4.886959e+02 6.895133e+02 -8.872099e+00 3.485033e+01
4.449689e-01 10998 4.736640e+02 6.726282e+02 9.509026e+00 3.390365e+01
4.550136e-01 11233 4.557151e+02 6.532180e+02 -1.322427e+01 2.126364e+01
4.650240e-01 11991 4.371298e+02 6.333694e+02 3.716403e+00 1.461864e+01
4.750600e-01 12241 4.322169e+02 6.256191e+02 -1.854881e+00 -2.621851e+01
4.850824e-01 13033 4.021854e+02 5.959366e+02 -1.029797e+01 3.023551e+00
4.950626e-01 13227 3.876766e+02 5.800014e+02 1.235133e+01 -3.330926e+01
5.050218e-01 13993 3.750419e+02 5.657648e+02 5.693135e+00 1.510961e+01
5.149626e-01 14301 3.670435e+02 5.556232e+02 -9.938709e+00 5.081966e+01
5.249789e-01 15355 3.400282e+02 5.292429e+02 1.928635e+01 -1.666254e+01
5.350486e-01 15585 3.351038e+02 5.218566e+02 2.755256e+00 3.799879e+01
5.451135e-01 16549 3.355207e+02 5.189617e+02 1.638481e+00 -5.029341e+00
5.551181e-01 16587 3.204159e+02 5.030357e+02 1.002006e+01 2.057976e+01
5.650424e-01 17461 3.120974e+02 4.929163e+02 1.837635e+01 1.340650e+01
5.750589e-01 18177 3.010094e+02 4.805275e+02 -1.335912e+00 -4.645281e-02
5.850828e-01 18739 2.863111e+02 4.652542e+02 7.358584e+00 4.820243e-01
5.950416e-01 19165 2.807929e+02 4.576299e+02 3.220027e+00 3.239999e+00
6.049746e-01 20013 2.752849e+02 4.500492e+02 1.110127e+00 1.151567e+01
6.149470e-01 20587 2.633766e+02 4.373414e+02 -1.368575e+01 -1.194411e+01
6.249968e-01 21657 2.527932e+02 4.257649e+02 3.790098e+00 -7.667062e+00
6.350666e-01 22129 2.451265e+02 4.165939e+02 7.285774e+00 8.915633e+00
6.450498e-01 22611 2.471128e+02 4.151281e+02 -4.895357e+00 -1.451203e+01
6.549912e-01 23317 2.307312e+02 3.992559e+02 1.750801e+00 7.809689e+00
6.649535e-01 24222 2.306254e+02 3.961796e+02 1.696581e+00 1.186298e+01
6.749660e-01 24943 2.231427e+02 3.873910e+02 7.715153e+00 -2.573782e+00
6.850252e-01 25921 2.234236e+02 3.845882e+02 -2.785462e+00 8.429559e+00
6.950284e-01 26253 2.110130e+02 3.721576e+02 -1.198112e+01 -7.906837e+00
7.049900e-01 27139 2.053040e+02 3.649131e+02 -7.973958e-01 4.989571e+00
7.150256e-01 28185 2.014728e+02 3.590960e+02 4.628092e+00 -9.105323e+00
7.250860e-01 28969 1.920546e+02 3.491660e+02 -5.441649e+00 1.745446e+01
7.350183e-01 28887 1.912805e+02 3.457208e+02 -4.440328e-01 1.308896e+01
7.450018e-01 30937 1.824047e+02 3.363780e+02 2.241020e+00 -8.182494e+00
7.551045e-01 31341 1.780687e+02 3.303429e+02 2.063303e+00 2.772130e+00
7.650666e-01 31555 1.763346e+02 3.262671e+02 6.153760e+00 -1.818117e-01
7.750154e-01 33025 1.720716e+02 3.204084e+02 5.864520e+00 5.339136e+00
7.850634e-01 33921 1.648870e+02 3.125174e+02 1.268721e+01 7.909183e+00
7.950596e-01 34285 1.584438e+02 3.052528e+02 3.083647e+00 1.739297e+00
8.050450e-01 35703 1.571114e+02 3.015627e+02 4.475703e+00 -5.271466e+00
8.150563e-01 36205 1.529510e+02 2.959584e+02 2.478646e+00 -1.587323e+00
8.250795e-01 37485 1.508558e+02 2.917870e+02 4.984606e+00 4.314885e+00
8.350885e-01 38047 1.452478e+02 2.852904e+02 -4.879678e+00 -7.653093e+00
8.450499e-01 38913 1.401451e+02 2.792119e+02 -7.157680e+00 3.713725e+00
8.550252e-01 39853 1.387701e+02 2.756271e+02 1.505856e+00 -6.425672e+00
8.650455e-01 41367 1.339710e+02 2.698387e+02 3.948576e+00 -7.389380e+00
8.750680e-01 41617 1.326275e+02 2.663129e+02 3.704612e+00 5.518742e+00
8.849916e-01 42430 1.306476e+02 2.624384e+02 6.467767e+00 -6.764559e+00
8.949944e-01 44367 1.261775e+02 2.569936e+02 2.043160e+00 -4.114994e+00
9.050336e-01 44569 1.229830e+02 2.523879e+02 4.809676e+00 -4.180135e+00
9.150411e-01 46089 1.201403e+02 2.480600e+02 -2.881934e+00 -2.422373e+00
9.250625e-01 46819 1.166554e+02 2.433699e+02 -9.328403e+00 -1.322960e+01
9.350607e-01 47793 1.148119e+02 2.397234e+02 8.173354e+00 1.119125e+00
9.450463e-01 48697 1.155725e+02 2.376503e+02 1.954790e+00 6.442108e-01
9.549734e-01 49443 1.091941e+02 2.313821e+02 2.166519e+00 -2.212983e+00
9.649510e-01 51097 1.063085e+02 2.272251e+02 -5.604051e+00 -3.764435e+00
9.750082e-01 52453 1.061796e+02 2.246849e+02 -2.176913e+00 -3.056615e+00
9.850290e-01 52947 1.019407e+02 2.198073e+02 5.196502e+00 4.299567e+00
9.950258e-01 54193 9.911414e+01 2.157997e+02 -3.625847e-01 -8.399100e+00
