# text fof file
# logMmin 1.200000e+01 -> nfof_min 133
# boxsize 600.000000
# density total 7.681470e+05 7.681470e+05; rel difference 3.777060e-11
# nbar 3.556236e-03
1.483274e-02 13 3.574605e+04 3.602305e+04 2.941249e+03 5.985093e+04
2.513187e-02 33 2.762110e+04 2.789198e+04 1.759103e+04 -8.251517e+03
3.574650e-02 79 1.536169e+04 1.563147e+04 -2.333975e+03 -1.071198e+04
4.583347e-02 105 1.244155e+04 1.270784e+04 3.972284e+03 1.421540e+03
5.486964e-02 145 1.260348e+04 1.286237e+04 -4.736330e+03 4.305601e+03
6.471857e-02 243 1.014759e+04 1.040389e+04 -7.482026e+02 1.037092e+03
7.503996e-02 313 8.627908e+03 8.880567e+03 1.675462e+03 -3.766895e+02
8.485495e-02 369 7.389352e+03 7.639105e+03 -1.771565e+03 1.091741e+03
9.528688e-02 571 5.537914e+03 5.789095e+03 5.996953e+02 6.586802e+02
1.059290e-01 601 4.996194e+03 5.243774e+03 3.126206e+02 -2.346454e+02
1.156806e-01 705 3.932011e+03 4.181098e+03 -5.019055e+02 2.375485e+02
1.255756e-01 883 3.661853e+03 3.907775e+03 -1.801605e+02 -1.355645e+02
1.352378e-01 909 3.384923e+03 3.627928e+03 1.741349e+02 2.453793e+02
1.449493e-01 1177 3.092119e+03 3.333020e+03 8.633650e+01 2.877542e+02
1.550659e-01 1323 2.654974e+03 2.896151e+03 1.333973e+01 -1.072977e+02
1.649601e-01 1453 2.452905e+03 2.691904e+03 -9.173994e+00 -3.072028e+02
1.749597e-01 1701 2.191386e+03 2.429659e+03 -3.455991e+01 -1.791677e+02
1.852437e-01 1963 2.080013e+03 2.315370e+03 -1.301248e+02 2.837132e+02
1.951071e-01 1933 1.905284e+03 2.139435e+03 5.063962e+01 2.306062e+02
2.049888e-01 2397 1.727059e+03 1.960604e+03 -3.898527e+01 -1.953701e+02
2.151844e-01 2539 1.537648e+03 1.771296e+03 -1.039935e+02 -1.150433e+02
2.250745e-01 2694 1.468771e+03 1.700000e+03 -7.372035e+00 1.954839e+02
2.350927e-01 3121 1.353260e+03 1.583598e+03 3.294213e+01 -4.695380e+01
2.451974e-01 3255 1.288723e+03 1.516875e+03 2.806651e+01 7.295197e+01
2.550872e-01 3517 1.234603e+03 1.460392e+03 -3.508069e+01 6.032444e+01
2.649947e-01 3813 1.099478e+03 1.326363e+03 -5.265128e+01 -5.680775e+01
2.750606e-01 4231 1.077790e+03 1.301426e+03 -7.183714e+00 -4.289362e+01
2.851157e-01 4389 9.909789e+02 1.214386e+03 -5.235992e+01 1.796110e+01
2.950080e-01 4717 9.334058e+02 1.155608e+03 6.648197e+00 5.851204e+01
3.050474e-01 5191 9.028170e+02 1.122630e+03 -9.406275e+01 9.094890e+00
3.151078e-01 5373 8.754718e+02 1.092789e+03 3.775047e-01 6.616186e+01
3.251295e-01 5893 8.330704e+02 1.048866e+03 4.665027e+01 3.220080e+01
3.352591e-01 6183 7.815990e+02 9.965909e+02 1.264897e+01 4.272115e+01
3.451640e-01 6349 7.569167e+02 9.696945e+02 -2.704995e+01 -2.511489e+01
3.550965e-01 6993 6.933936e+02 9.067581e+02 -1.530953e+01 1.406672e+01
3.649687e-01 7003 6.479608e+02 8.609369e+02 3.769801e+01 -1.391376e+01
3.749450e-01 7941 6.548013e+02 8.636330e+02 -1.889343e+01 -1.709109e+01
3.851630e-01 8221 6.052687e+02 8.142827e+02 -4.124683e+01 -4.948069e+01
3.951752e-01 8449 5.923422e+02 7.988334e+02 -2.545187e+01 2.228207e+01
4.050872e-01 8931 5.514524e+02 7.579957e+02 -2.702288e+01 -3.020543e+01
4.149904e-01 9289 5.282258e+02 7.334169e+02 3.020476e+00 2.999810e+01
4.250484e-01 10113 5.232926e+02 7.254398e+02 4.803785e+00 3.865469e+00
4.350196e-01 10087 5.007743e+02 7.016718e+02 -8.631509e+00 -7.252274e+00
4.449689e-01 10998 4.782231e+02 6.780385e+02 -1.971344e+01 -2.940605e+01
4.550136e-01 11233 4.543399e+02 6.533051e+02 9.845111e+00 6.201610e+00
4.650240e-01 11991 4.497998e+02 6.458427e+02 -5.398758e+00 4.553492e+00
4.750600e-01 12241 4.192809e+02 6.155614e+02 -1.297457e+01 1.190431e+01
4.850824e-01 13033 3.969831e+02 5.926774e+02 -2.385998e+01 1.506971e+01
4.950626e-01 13227 3.842309e+02 5.782643e+02 -2.638113e+01 -1.696742e+01
5.050218e-01 13993 3.788770e+02 5.703533e+02 -9.549648e+00 -8.408958e+00
5.149626e-01 14301 3.664405e+02 5.563719e+02 5.988701e+00 5.147110e+01
5.249789e-01 15355 3.525287e+02 5.411865e+02 -6.642351e+00 -9.562351e-01
5.350486e-01 15585 3.411067e+02 5.281900e+02 2.227335e+01 -2.228220e+01
5.451135e-01 16549 3.280031e+02 5.138585e+02 1.308957e+01 -1.541964e+01
5.551181e-01 16587 3.187097e+02 5.028362e+02 3.189662e+00 1.318581e+00
5.650424e-01 17461 3.089901e+02 4.915568e+02 -2.584221e+01 3.286083e+00
5.750589e-01 18177 2.954157e+02 4.771057e+02 -1.235563e-01 1.245340e+01
5.850828e-01 18739 2.912589e+02 4.705269e+02 2.705107e+00 -1.358069e+01
5.950416e-01 19165 2.800703e+02 4.582320e+02 1.031208e+01 1.106055e+01
6.049746e-01 20013 2.753092e+02 4.512485e+02 -9.041367e+00 2.298854e+01
6.149470e-01 20587 2.744191e+02 4.474111e+02 1.185730e+01 6.490957e-01
6.249968e-01 21657 2.594755e+02 4.322873e+02 -1.226508e+01 1.859296e+01
6.350666e-01 22129 2.439160e+02 4.168215e+02 -7.252000e+00 -2.929773e+00
6.450498e-01 22611 2.420958e+02 4.123310e+02 -6.412127e+00 1.984624e+01
6.549912e-01 23317 2.417521e+02 4.090307e+02 4.186907e+00 1.436283e+01
6.649535e-01 24222 2.317853e+02 3.982148e+02 1.778026e+00 8.716916e+00
6.749660e-01 24943 2.210657e+02 3.869187e+02 -5.803638e+00 -1.102453e+01
6.850252e-01 25921 2.133374e+02 3.780105e+02 9.689137e+00 1.382028e+01
6.950284e-01 26253 2.182145e+02 3.787213e+02 4.017782e+00 -4.558826e+00
7.049900e-01 27139 2.095670e+02 3.692271e+02 -1.458441e+00 -7.633895e+00
7.150256e-01 28185 1.948905e+02 3.552901e+02 -1.242735e+01 1.237648e+01
7.250860e-01 28969 1.939358e+02 3.516571e+02 1.156229e+00 -4.734158e+00
7.350183e-01 28887 1.920752e+02 3.473806e+02 -7.251230e+00 7.809371e+00
7.450018e-01 30937 1.899482e+02 3.429170e+02 2.333180e+00 -2.646634e+00
7.551045e-01 31341 1.784734e+02 3.316918e+02 -1.883336e+00 6.846609e+00
7.650666e-01 31555 1.810807e+02 3.306978e+02 4.765174e+00 -2.971311e+00
7.750154e-01 33025 1.724333e+02 3.217164e+02 -1.214257e+00 3.988355e+00
7.850634e-01 33921 1.640511e+02 3.129656e+02 -7.090331e+00 1.664875e+01
7.950596e-01 34285 1.613202e+02 3.082744e+02 -4.530160e+00 1.364594e+01
8.050450e-01 35703 1.545224e+02 3.007936e+02 -6.189742e+00 -5.886351e-01
8.150563e-01 36205 1.568329e+02 2.996031e+02 2.148156e+00 -2.634391e+00
8.250795e-01 37485 1.539226e+02 2.948543e+02 1.396569e+00 2.397827e+00
8.350885e-01 38047 1.475395e+02 2.878170e+02 -8.539251e+00 -8.937763e+00
8.450499e-01 38913 1.460491e+02 2.840945e+02 -3.344491e+00 5.061595e+00
8.550252e-01 39853 1.403827e+02 2.776650e+02 1.674031e+00 -2.012861e+00
8.650455e-01 41367 1.390558e+02 2.740921e+02 -1.499044e+00 -3.093653e+00
8.750680e-01 41617 1.354545e+02 2.690866e+02 -1.135568e+01 6.910890e+00
8.849916e-01 42430 1.293122e+02 2.625267e+02 -3.615668e+00 -6.490057e-01
8.949944e-01 44367 1.235508e+02 2.562662e+02 3.418234e+00 1.914672e+00
9.050336e-01 44569 1.241237e+02 2.540247e+02 5.457249e+00 -1.856995e+00
9.150411e-01 46089 1.205162e+02 2.492009e+02 -1.141637e+00 -1.554046e+00
9.250625e-01 46819 1.175068e+02 2.447804e+02 -6.506957e-01 5.188872e-01
9.350607e-01 47793 1.165980e+02 2.416937e+02 -2.991762e+00 7.409531e+00
9.450463e-01 48697 1.120648e+02 2.364388e+02 6.563118e-01 -9.691837e+00
9.549734e-01 49443 1.108171e+02 2.332137e+02 6.945971e+00 -1.498417e+00
9.649510e-01 51097 1.087718e+02 2.295279e+02 1.900702e+00 -7.161271e+00
9.750082e-01 52453 1.035575e+02 2.240305e+02 2.506131e+00 1.751301e-01
9.850290e-01 52947 1.049836e+02 2.223900e+02 1.006890e+01 -2.800562e+00
9.950258e-01 54193 9.956672e+01 2.168958e+02 9.159704e-01 -1.208544e+00
