# text fof file
# logMmin 1.200000e+01 -> nfof_min 133
# boxsize 600.000000
# density total 7.678670e+05 7.678670e+05; rel difference 1.694106e-11
# nbar 3.554940e-03
1.483274e-02 13 3.563305e+04 3.591058e+04 -1.617459e+04 4.397666e+04
2.513187e-02 33 2.239790e+04 2.267157e+04 -4.025872e+03 2.581598e+04
3.574650e-02 79 1.734026e+04 1.760869e+04 2.937229e+03 -6.533521e+03
4.583347e-02 105 1.279643e+04 1.306221e+04 3.426891e+02 1.105890e+04
5.486964e-02 145 1.076350e+04 1.102601e+04 -1.703047e+03 -1.767624e+03
6.471857e-02 243 9.688106e+03 9.945722e+03 -1.143560e+03 2.496133e+03
7.503996e-02 313 8.441867e+03 8.695184e+03 -6.160596e+02 -7.924709e+02
8.485495e-02 369 6.560091e+03 6.813323e+03 -4.152697e+02 2.282341e+03
9.528688e-02 571 5.521550e+03 5.772782e+03 2.132953e+02 6.856232e+02
1.059290e-01 601 4.759854e+03 5.008895e+03 -5.493818e+02 2.829950e+02
1.156806e-01 705 4.467370e+03 4.712544e+03 -1.032574e+02 2.731905e+01
1.255756e-01 883 3.841529e+03 4.085881e+03 3.426741e+02 -2.724248e+02
1.352378e-01 909 3.683876e+03 3.923994e+03 -6.909178e+01 -4.696988e+01
1.449493e-01 1177 2.842154e+03 3.086176e+03 -2.259883e+02 1.364749e+02
1.550659e-01 1323 2.569573e+03 2.812007e+03 1.347017e+02 -3.991567e+02
1.649601e-01 1453 2.551846e+03 2.789423e+03 2.260647e+02 5.529980e+01
1.749597e-01 1701 2.194970e+03 2.433307e+03 -3.206972e+02 -7.165377e+01
1.852437e-01 1963 1.982643e+03 2.219934e+03 -2.064906e+01 -9.823220e+01
1.951071e-01 1933 1.982612e+03 2.215225e+03 -1.765128e+02 -1.746602e+01
2.049888e-01 2397 1.686473e+03 1.921047e+03 -5.609348e+00 -1.241844e+02
2.151844e-01 2539 1.600651e+03 1.832776e+03 -1.658043e+01 -2.115942e+02
2.250745e-01 2694 1.484590e+03 1.715494e+03 2.397046e+01 5.386543e+01
2.350927e-01 3121 1.369063e+03 1.599017e+03 6.461855e+01 -9.592588e+01
2.451974e-01 3255 1.255891e+03 1.485255e+03 -5.181005e+00 -7.587285e+01
2.550872e-01 3517 1.180898e+03 1.408757e+03 -9.258882e+01 1.305071e+02
2.649947e-01 3813 1.151828e+03 1.376688e+03 -1.847367e+01 -1.949816e+02
2.750606e-01 4231 1.076604e+03 1.300427e+03 -2.437088e-02 -2.374669e-01
2.851157e-01 4389 9.782849e+02 1.202335e+03 -4.505010e+01 6.144927e+01
2.950080e-01 4717 9.190166e+02 1.142007e+03 -3.702428e+01 -3.659363e+01
3.050474e-01 5191 8.980822e+02 1.118232e+03 -1.028566e+02 -5.266111e+01
3.151078e-01 5373 8.368306e+02 1.056368e+03 -1.044864e+01 3.418486e+01
3.251295e-01 5893 7.972849e+02 1.015278e+03 2.894394e+01 -9.935374e+01
3.352591e-01 6183 7.561095e+02 9.728019e+02 -4.391536e+00 9.252915e+00
3.451640e-01 6349 7.137401e+02 9.294426e+02 -4.093190e+01 5.462003e+01
3.550965e-01 6993 7.194616e+02 9.310690e+02 3.769503e+01 -5.731349e+01
3.649687e-01 7003 6.662081e+02 8.779639e+02 -5.727080e+00 1.442977e+01
3.749450e-01 7941 6.387012e+02 8.488685e+02 2.610000e+00 -3.933677e+01
3.851630e-01 8221 6.114318e+02 8.200417e+02 2.077815e+01 3.681108e+00
3.951752e-01 8449 5.915432e+02 7.981806e+02 -9.127660e+00 -3.555939e-01
4.050872e-01 8931 5.590830e+02 7.650283e+02 -1.512442e+01 -3.638005e+01
4.149904e-01 9289 5.411339e+02 7.452183e+02 -1.123090e+01 3.569635e+01
4.250484e-01 10113 5.090300e+02 7.126838e+02 -1.790712e+01 -2.336596e+00
4.350196e-01 10087 4.934820e+02 6.952117e+02 -1.746787e+01 -7.883115e+00
4.449689e-01 10998 4.780635e+02 6.779816e+02 2.776911e+01 1.016298e+01
4.550136e-01 11233 4.598390e+02 6.582664e+02 -2.092164e+01 2.230761e+01
4.650240e-01 11991 4.387935e+02 6.362133e+02 2.331481e+00 -1.494631e+01
4.750600e-01 12241 4.205892e+02 6.167960e+02 2.283386e+01 4.743769e+01
4.850824e-01 13033 4.124900e+02 6.063248e+02 -1.109013e+01 4.076207e+01
4.950626e-01 13227 3.970544e+02 5.895090e+02 -1.052769e+01 1.200807e+01
5.050218e-01 13993 3.677656e+02 5.608491e+02 9.223446e+00 -2.346633e+01
5.149626e-01 14301 3.582625e+02 5.494329e+02 -1.824093e+01 9.802547e+00
5.249789e-01 15355 3.583905e+02 5.462928e+02 2.943746e-01 -1.041306e+01
5.350486e-01 15585 3.434734e+02 5.302883e+02 -6.958492e-01 -1.070622e+01
5.451135e-01 16549 3.227656e+02 5.095201e+02 -1.958860e+01 2.229095e+01
5.551181e-01 16587 3.166654e+02 5.012111e+02 -2.853377e+01 3.510233e+00
5.650424e-01 17461 3.151013e+02 4.967337e+02 -2.128006e+01 4.374928e+00
5.750589e-01 18177 2.947611e+02 4.766695e+02 -1.771954e+01 -8.032359e+00
5.850828e-01 18739 2.922439e+02 4.714115e+02 -1.469636e+01 -1.331069e+01
5.950416e-01 19165 2.840106e+02 4.615339e+02 -1.008490e+01 -2.054493e+01
6.049746e-01 20013 2.807693e+02 4.557614e+02 -5.544317e+00 -1.561248e+01
6.149470e-01 20587 2.598148e+02 4.357359e+02 4.061132e+00 -9.926259e+00
6.249968e-01 21657 2.589683e+02 4.319614e+02 -6.611444e+00 -1.667933e+01
6.350666e-01 22129 2.485476e+02 4.205609e+02 -8.173960e+00 -1.508949e+01
6.450498e-01 22611 2.465439e+02 4.159197e+02 -4.215755e+00 6.976237e+00
6.549912e-01 23317 2.405346e+02 4.081516e+02 9.308841e-01 1.254008e+00
6.649535e-01 24222 2.312885e+02 3.979113e+02 -9.203403e+00 2.363777e+01
6.749660e-01 24943 2.266522e+02 3.912980e+02 -5.398481e-01 1.899652e+01
6.850252e-01 25921 2.192122e+02 3.825811e+02 -1.644321e+01 -1.886026e+01
6.950284e-01 26253 2.127740e+02 3.746897e+02 -1.398745e+01 1.158592e+01
7.049900e-01 27139 2.065956e+02 3.670661e+02 -1.255490e+01 1.305680e+01
7.150256e-01 28185 1.992652e+02 3.586243e+02 -9.113181e-02 -5.557978e-01
7.250860e-01 28969 1.945470e+02 3.521817e+02 -3.730027e+00 -3.187243e-01
7.350183e-01 28887 1.914809e+02 3.470305e+02 -1.198166e+01 -3.310614e-02
7.450018e-01 30937 1.855128e+02 3.397689e+02 -3.315708e+00 1.413997e+01
7.551045e-01 31341 1.798849e+02 3.327897e+02 -3.813004e+00 1.252895e+01
7.650666e-01 31555 1.769634e+02 3.278424e+02 -7.585132e+00 3.463846e+00
7.750154e-01 33025 1.744506e+02 3.232057e+02 -4.919988e+00 4.688851e+00
7.850634e-01 33921 1.707004e+02 3.177035e+02 -4.965901e-01 2.453026e+00
7.950596e-01 34285 1.669353e+02 3.122486e+02 -9.366226e+00 9.019499e+00
8.050450e-01 35703 1.601693e+02 3.047537e+02 -4.661082e+00 1.096124e+01
8.150563e-01 36205 1.532657e+02 2.972504e+02 -4.873897e-01 -1.243186e+01
8.250795e-01 37485 1.509369e+02 2.929048e+02 -6.204734e+00 -2.066751e+00
8.350885e-01 38047 1.481535e+02 2.882887e+02 -4.766634e+00 -6.406524e-01
8.450499e-01 38913 1.420452e+02 2.815191e+02 -4.727314e+00 -5.043722e+00
8.550252e-01 39853 1.393790e+02 2.770663e+02 -2.627102e+00 1.024611e+01
8.650455e-01 41367 1.377028e+02 2.732760e+02 -1.167156e+00 6.189409e+00
8.750680e-01 41617 1.354756e+02 2.691599e+02 1.900859e+00 1.146043e+01
8.849916e-01 42430 1.268699e+02 2.610486e+02 -8.429326e+00 -7.352468e-01
8.949944e-01 44367 1.264885e+02 2.581927e+02 -1.729333e+00 -1.957612e+00
9.050336e-01 44569 1.225870e+02 2.531273e+02 -4.348733e+00 3.427284e+00
9.150411e-01 46089 1.189402e+02 2.482918e+02 -9.353477e+00 1.961348e+00
9.250625e-01 46819 1.200684e+02 2.464124e+02 -5.337195e+00 -1.584774e+00
9.350607e-01 47793 1.160741e+02 2.414396e+02 -6.065075e+00 6.051547e+00
9.450463e-01 48697 1.113303e+02 2.360671e+02 -1.129892e+00 -4.871432e+00
9.549734e-01 49443 1.115448e+02 2.337090e+02 1.151996e+00 2.712948e+00
9.649510e-01 51097 1.052305e+02 2.275272e+02 1.011135e+00 -1.211753e+01
9.750082e-01 52453 1.035415e+02 2.240728e+02 -1.235976e+00 1.940091e+00
9.850290e-01 52947 1.000398e+02 2.196278e+02 -5.984238e-01 -1.396229e+00
9.950258e-01 54193 9.954742e+01 2.169378e+02 -4.098498e+00 -3.815298e-01
