# text fof file
# logMmin 1.200000e+01 -> nfof_min 133
# boxsize 600.000000
# density total 7.687440e+05 7.687440e+05; rel difference 2.951922e-11
# nbar 3.559000e-03
1.483274e-02 13 2.746566e+04 2.774351e+04 -2.677082e+03 6.353554e+04
2.513187e-02 33 3.040152e+04 3.067208e+04 -8.303641e+03 1.178060e+04
3.574650e-02 79 1.684598e+04 1.711488e+04 3.727556e+03 -9.038139e+03
4.583347e-02 105 1.554360e+04 1.580554e+04 6.060109e+03 5.383903e+03
5.486964e-02 145 1.099894e+04 1.126046e+04 -3.189926e+02 7.906827e+02
6.471857e-02 243 9.614314e+03 9.871619e+03 8.129641e+02 7.521570e+02
7.503996e-02 313 8.664448e+03 8.916971e+03 -1.549086e+03 -3.667319e+02
8.485495e-02 369 6.365269e+03 6.619064e+03 -1.094803e+02 -1.283119e+03
9.528688e-02 571 5.692239e+03 5.942350e+03 2.974118e+02 -2.332515e+03
1.059290e-01 601 4.717582e+03 4.966618e+03 8.761047e+02 -1.422332e+02
1.156806e-01 705 4.155971e+03 4.403186e+03 -7.642905e+00 3.069802e+02
1.255756e-01 883 3.790010e+03 4.034485e+03 -4.416730e+01 5.056912e+01
1.352378e-01 909 3.456923e+03 3.699126e+03 2.172003e+02 -4.444649e+02
1.449493e-01 1177 3.089271e+03 3.330059e+03 -1.217832e+00 1.001838e+02
1.550659e-01 1323 2.588482e+03 2.830337e+03 1.500499e+01 1.916113e+02
1.649601e-01 1453 2.519451e+03 2.757177e+03 -2.393027e+01 1.330072e+02
1.749597e-01 1701 2.155618e+03 2.394266e+03 -5.053771e+01 7.656351e+01
1.852437e-01 1963 2.046173e+03 2.281884e+03 2.786577e+01 7.500745e+01
1.951071e-01 1933 1.926040e+03 2.159514e+03 5.954544e+01 -1.385242e+02
2.049888e-01 2397 1.747664e+03 1.980479e+03 3.602681e+01 8.907621e+01
2.151844e-01 2539 1.593601e+03 1.825597e+03 6.653853e+01 -2.101675e+02
2.250745e-01 2694 1.470491e+03 1.701447e+03 2.733485e+00 1.158556e+02
2.350927e-01 3121 1.429410e+03 1.657182e+03 7.675270e+01 -1.213377e+02
2.451974e-01 3255 1.336345e+03 1.562632e+03 1.445859e+01 8.506326e+01
2.550872e-01 3517 1.206777e+03 1.433430e+03 -3.448299e+00 1.026219e+02
2.649947e-01 3813 1.158114e+03 1.382438e+03 4.562873e+01 -4.336216e+01
2.750606e-01 4231 1.098221e+03 1.320770e+03 -5.794049e+01 -3.961763e+01
2.851157e-01 4389 1.027459e+03 1.248981e+03 4.387525e+01 2.723707e+01
2.950080e-01 4717 9.565171e+02 1.177377e+03 2.231867e+01 2.974444e+01
3.050474e-01 5191 8.783984e+02 1.099288e+03 3.678517e+01 4.173897e+01
3.151078e-01 5373 8.497159e+02 1.068242e+03 1.094315e+01 7.456279e+01
3.251295e-01 5893 7.990302e+02 1.016602e+03 1.128066e+00 -3.992072e+01
3.352591e-01 6183 7.787859e+02 9.937493e+02 1.029281e+01 3.455499e+01
3.451640e-01 6349 7.288869e+02 9.432822e+02 -2.972676e+00 3.952920e+01
3.550965e-01 6993 6.902225e+02 9.035641e+02 3.775133e+00 -2.967378e+01
3.649687e-01 7003 6.465659e+02 8.594702e+02 9.374000e+00 3.651603e+01
3.749450e-01 7941 6.277935e+02 8.385184e+02 -2.274891e+01 1.218342e+01
3.851630e-01 8221 6.232438e+02 8.306078e+02 2.362203e+01 -5.798352e+01
3.951752e-01 8449 5.866110e+02 7.933967e+02 1.434430e+01 -4.169482e+00
4.050872e-01 8931 5.467984e+02 7.535791e+02 1.134713e+01 -3.868528e+01
4.149904e-01 9289 5.342705e+02 7.387063e+02 -1.165351e+01 -1.523763e+01
4.250484e-01 10113 5.145393e+02 7.173456e+02 2.170918e+01 5.190874e+00
4.350196e-01 10087 4.801686e+02 6.829849e+02 1.520851e+01 3.074987e+01
4.449689e-01 10998 4.844011e+02 6.833451e+02 7.127708e+00 2.293463e+01
4.550136e-01 11233 4.529031e+02 6.518228e+02 -1.365448e+01 2.441488e+01
4.650240e-01 11991 4.385291e+02 6.357065e+02 1.229634e+01 -3.263012e+01
4.750600e-01 12241 4.264506e+02 6.216599e+02 -1.440514e+01 1.212635e+01
4.850824e-01 13033 4.064790e+02 6.007846e+02 -8.633728e+00 3.414531e+00
4.950626e-01 13227 4.027306e+02 5.941606e+02 -2.595743e+01 -2.725456e+00
5.050218e-01 13993 3.850096e+02 5.754711e+02 5.757489e+00 -1.041408e+00
5.149626e-01 14301 3.663010e+02 5.560773e+02 8.015609e+00 8.153104e+00
5.249789e-01 15355 3.549856e+02 5.430775e+02 -1.322828e+01 2.689862e+01
5.350486e-01 15585 3.461418e+02 5.322670e+02 -7.257555e+00 -6.694734e+00
5.451135e-01 16549 3.330591e+02 5.179454e+02 1.653479e+01 -6.551796e+00
5.551181e-01 16587 3.228739e+02 5.061418e+02 8.433342e-01 -1.656955e+01
5.650424e-01 17461 3.187551e+02 4.995011e+02 -9.435543e-01 -1.811126e+01
5.750589e-01 18177 3.125639e+02 4.911080e+02 4.150328e+00 3.472626e+00
5.850828e-01 18739 2.955705e+02 4.738932e+02 -1.249368e+01 1.952563e+01
5.950416e-01 19165 2.820042e+02 4.596484e+02 6.639956e+00 -2.579168e+01
6.049746e-01 20013 2.748901e+02 4.507313e+02 1.161789e+01 1.634883e+01
6.149470e-01 20587 2.674611e+02 4.416342e+02 8.116010e+00 -6.184849e+00
6.249968e-01 21657 2.599430e+02 4.324820e+02 4.785103e+00 1.929477e+01
6.350666e-01 22129 2.545973e+02 4.251102e+02 1.346103e+01 -1.489443e+01
6.450498e-01 22611 2.443024e+02 4.139010e+02 9.567471e+00 1.438369e+01
6.549912e-01 23317 2.377492e+02 4.057288e+02 -1.191088e+01 -5.780760e+00
6.649535e-01 24222 2.349899e+02 4.005393e+02 -2.958769e+00 3.695112e+01
6.749660e-01 24943 2.295280e+02 3.932697e+02 -5.245900e+00 -1.698166e+01
6.850252e-01 25921 2.164643e+02 3.802200e+02 4.783887e+00 1.656919e+01
6.950284e-01 26253 2.143434e+02 3.756357e+02 -1.073688e+01 -2.470674e+00
7.049900e-01 27139 2.076403e+02 3.676069e+02 5.028277e+00 -1.946954e+01
7.150256e-01 28185 2.068685e+02 3.640550e+02 2.884244e+00 -9.336509e+00
7.250860e-01 28969 1.981228e+02 3.545811e+02 7.060032e-01 -1.502771e+00
7.350183e-01 28887 1.869456e+02 3.434717e+02 -3.401953e+00 1.292566e+01
7.450018e-01 30937 1.910141e+02 3.435453e+02 1.047480e+00 -2.741965e+00
7.551045e-01 31341 1.811141e+02 3.334403e+02 -3.074381e+00 8.556950e+00
7.650666e-01 31555 1.798494e+02 3.296769e+02 -2.017567e-01 1.247505e+01
7.750154e-01 33025 1.736332e+02 3.224003e+02 -7.823082e-01 1.049852e+01
7.850634e-01 33921 1.720579e+02 3.184184e+02 7.647280e+00 1.913492e+01
7.950596e-01 34285 1.678330e+02 3.126390e+02 -3.139872e+00 4.281417e+00
8.050450e-01 35703 1.579935e+02 3.030299e+02 -3.785823e-01 -6.293411e+00
8.150563e-01 36205 1.586739e+02 3.007059e+02 9.589607e+00 3.637133e+00
8.250795e-01 37485 1.502137e+02 2.922050e+02 -8.776562e+00 -4.471383e+00
8.350885e-01 38047 1.478749e+02 2.878913e+02 1.179500e+00 -2.661952e+00
8.450499e-01 38913 1.421982e+02 2.813990e+02 7.701190e-01 -2.452187e+00
8.550252e-01 39853 1.387944e+02 2.764724e+02 -2.870405e+00 -1.530865e+00
8.650455e-01 41367 1.378986e+02 2.732043e+02 1.305811e+00 4.493456e+00
8.750680e-01 41617 1.340464e+02 2.680384e+02 -2.870381e+00 5.505189e+00
8.849916e-01 42430 1.336826e+02 2.651754e+02 1.607161e-01 -2.329773e+00
8.949944e-01 44367 1.258767e+02 2.576039e+02 2.150003e+00 -1.063008e+01
9.050336e-01 44569 1.258496e+02 2.549645e+02 2.441630e+00 4.863537e+00
9.150411e-01 46089 1.206617e+02 2.491570e+02 6.521958e-01 8.769760e-01
9.250625e-01 46819 1.176135e+02 2.447219e+02 1.402524e+01 5.323802e+00
9.350607e-01 47793 1.162317e+02 2.413412e+02 2.308870e-01 -2.736214e+00
9.450463e-01 48697 1.159533e+02 2.386284e+02 -1.630717e+00 9.822994e-01
9.549734e-01 49443 1.107345e+02 2.330388e+02 -1.113808e-01 5.428652e+00
9.649510e-01 51097 1.071587e+02 2.284582e+02 -1.448992e+00 -1.568381e+00
9.750082e-01 52453 1.079183e+02 2.264117e+02 2.475379e+00 5.976757e+00
9.850290e-01 52947 1.024626e+02 2.208228e+02 4.673291e+00 1.935523e+00
9.950258e-01 54193 1.031059e+02 2.187647e+02 2.832623e+00 9.296723e+00
