# nc 324
# boxsize 6.000000e+02
1.483274e-02 13 3.340913e+04 1.626535e+06 7.924375e+07
2.513187e-02 33 2.624665e+04 1.281685e+06 6.272987e+07
3.574650e-02 79 1.911294e+04 9.113548e+05 4.362348e+07
4.583347e-02 105 1.526397e+04 7.146119e+05 3.363674e+07
5.486964e-02 145 1.186039e+04 5.554595e+05 2.623836e+07
6.471857e-02 243 1.078153e+04 5.018461e+05 2.361537e+07
7.503996e-02 313 8.995677e+03 4.069263e+05 1.867597e+07
8.485495e-02 369 7.029887e+03 3.131673e+05 1.424359e+07
9.528688e-02 571 6.038838e+03 2.631775e+05 1.174109e+07
1.059290e-01 601 5.358598e+03 2.285989e+05 1.005172e+07
1.156806e-01 705 4.858590e+03 2.051105e+05 8.961880e+06
1.255756e-01 883 4.708691e+03 1.947554e+05 8.358772e+06
1.352378e-01 909 3.975646e+03 1.609936e+05 6.818302e+06
1.449493e-01 1177 3.424788e+03 1.363157e+05 5.730058e+06
1.550659e-01 1323 2.967876e+03 1.146185e+05 4.706614e+06
1.649601e-01 1453 2.943020e+03 1.115667e+05 4.523263e+06
1.749597e-01 1701 2.606625e+03 9.690741e+04 3.872707e+06
1.852437e-01 1963 2.466750e+03 8.983511e+04 3.543993e+06
1.951071e-01 1933 2.232829e+03 7.912723e+04 3.063781e+06
2.049888e-01 2397 2.147439e+03 7.458517e+04 2.847144e+06
2.151844e-01 2539 1.992469e+03 6.729884e+04 2.517172e+06
2.250745e-01 2694 1.830667e+03 6.055280e+04 2.245534e+06
2.350927e-01 3121 1.748449e+03 5.615279e+04 2.034978e+06
2.451974e-01 3255 1.643136e+03 5.136518e+04 1.822872e+06
2.550872e-01 3517 1.581317e+03 4.822263e+04 1.682265e+06
2.649947e-01 3813 1.555694e+03 4.626521e+04 1.585602e+06
2.750606e-01 4231 1.417844e+03 4.114484e+04 1.387958e+06
2.851157e-01 4389 1.366624e+03 3.875398e+04 1.287644e+06
2.950080e-01 4717 1.281716e+03 3.521070e+04 1.145802e+06
3.050474e-01 5191 1.216368e+03 3.267656e+04 1.046600e+06
3.151078e-01 5373 1.177877e+03 3.077907e+04 9.721204e+05
3.251295e-01 5893 1.157557e+03 2.937501e+04 9.035019e+05
3.352591e-01 6183 1.099085e+03 2.698023e+04 8.154753e+05
3.451640e-01 6349 1.042119e+03 2.501964e+04 7.490701e+05
3.550965e-01 6993 9.904356e+02 2.316597e+04 6.829492e+05
3.649687e-01 7003 9.862239e+02 2.246319e+04 6.472638e+05
3.749450e-01 7941 9.229445e+02 2.044186e+04 5.842682e+05
3.851630e-01 8221 9.152355e+02 1.976199e+04 5.507721e+05
3.951752e-01 8449 8.883729e+02 1.858306e+04 5.055382e+05
4.050872e-01 8931 8.452016e+02 1.710881e+04 4.584432e+05
4.149904e-01 9289 8.180760e+02 1.627509e+04 4.314740e+05
4.250484e-01 10113 7.838471e+02 1.493970e+04 3.864412e+05
4.350196e-01 10087 7.857536e+02 1.447469e+04 3.650974e+05
4.449689e-01 10998 7.591443e+02 1.368863e+04 3.421532e+05
4.550136e-01 11233 7.343702e+02 1.283535e+04 3.144175e+05
4.650240e-01 11991 7.141940e+02 1.218066e+04 2.930449e+05
4.750600e-01 12241 7.009994e+02 1.161644e+04 2.765135e+05
4.850824e-01 13033 6.742914e+02 1.080576e+04 2.529984e+05
4.950626e-01 13227 6.620699e+02 1.031325e+04 2.387668e+05
5.050218e-01 13993 6.420091e+02 9.719824e+03 2.212184e+05
5.149626e-01 14301 6.286492e+02 9.207105e+03 2.056497e+05
5.249789e-01 15355 6.033240e+02 8.486824e+03 1.872398e+05
5.350486e-01 15585 5.928566e+02 8.154343e+03 1.789673e+05
5.451135e-01 16549 5.909312e+02 7.811896e+03 1.672491e+05
5.551181e-01 16587 5.630458e+02 7.279366e+03 1.550827e+05
5.650424e-01 17461 5.585589e+02 6.993770e+03 1.468595e+05
5.750589e-01 18177 5.472738e+02 6.635584e+03 1.373696e+05
5.850828e-01 18739 5.307156e+02 6.194684e+03 1.276119e+05
5.950416e-01 19165 5.212454e+02 5.860085e+03 1.193989e+05
6.049746e-01 20013 5.104258e+02 5.621273e+03 1.138130e+05
6.149470e-01 20587 5.023555e+02 5.340730e+03 1.066470e+05
6.249968e-01 21657 4.898984e+02 5.046132e+03 1.001866e+05
6.350666e-01 22129 4.784674e+02 4.752249e+03 9.423345e+04
6.450498e-01 22611 4.711832e+02 4.536244e+03 8.932974e+04
6.549912e-01 23317 4.611390e+02 4.258944e+03 8.331931e+04
6.649535e-01 24222 4.526296e+02 4.078350e+03 7.969350e+04
6.749660e-01 24943 4.431354e+02 3.898386e+03 7.616569e+04
6.850252e-01 25921 4.328381e+02 3.644842e+03 7.025041e+04
6.950284e-01 26253 4.258791e+02 3.441553e+03 6.684180e+04
7.049900e-01 27139 4.236402e+02 3.328170e+03 6.406265e+04
7.150256e-01 28185 4.097592e+02 3.110901e+03 6.051192e+04
7.250860e-01 28969 4.026569e+02 2.975797e+03 5.849953e+04
7.350183e-01 28887 3.923868e+02 2.801698e+03 5.540363e+04
7.450018e-01 30937 3.872330e+02 2.663338e+03 5.256377e+04
7.551045e-01 31341 3.785574e+02 2.513360e+03 5.032800e+04
7.650666e-01 31555 3.745679e+02 2.409468e+03 4.795228e+04
7.750154e-01 33025 3.686512e+02 2.287958e+03 4.593572e+04
7.850634e-01 33921 3.597541e+02 2.144152e+03 4.372046e+04
7.950596e-01 34285 3.566920e+02 2.064382e+03 4.235423e+04
8.050450e-01 35703 3.489943e+02 1.932855e+03 4.019535e+04
8.150563e-01 36205 3.406993e+02 1.828921e+03 3.871709e+04
8.250795e-01 37485 3.349602e+02 1.744404e+03 3.728589e+04
8.350885e-01 38047 3.309705e+02 1.661290e+03 3.597171e+04
8.450499e-01 38913 3.254943e+02 1.591691e+03 3.485993e+04
8.550252e-01 39853 3.186089e+02 1.485776e+03 3.335783e+04
8.650455e-01 41367 3.141160e+02 1.393967e+03 3.202799e+04
8.750680e-01 41617 3.091938e+02 1.356882e+03 3.115024e+04
8.849916e-01 42430 3.019965e+02 1.270717e+03 3.003480e+04
8.949944e-01 44367 2.993071e+02 1.199635e+03 2.893216e+04
9.050336e-01 44569 2.918201e+02 1.126988e+03 2.790177e+04
9.150411e-01 46089 2.887722e+02 1.066355e+03 2.714249e+04
9.250625e-01 46819 2.833319e+02 1.013088e+03 2.628150e+04
9.350607e-01 47793 2.791596e+02 9.655051e+02 2.527699e+04
9.450463e-01 48697 2.749447e+02 9.232115e+02 2.484212e+04
9.549734e-01 49443 2.711330e+02 8.704212e+02 2.415900e+04
9.649510e-01 51097 2.662912e+02 8.295450e+02 2.339256e+04
9.750082e-01 52453 2.594485e+02 7.737565e+02 2.266384e+04
9.850290e-01 52947 2.579041e+02 7.510219e+02 2.225173e+04
9.950258e-01 54193 2.532726e+02 7.074943e+02 2.166937e+04
