# nc 324
# boxsize 6.000000e+02
1.483274e-02 13 1.914905e+04 9.166891e+05 4.394486e+07
2.513187e-02 33 2.241936e+04 1.081401e+06 5.226851e+07
3.574650e-02 79 1.537871e+04 7.384719e+05 3.560912e+07
4.583347e-02 105 1.448915e+04 6.850855e+05 3.257555e+07
5.486964e-02 145 1.168816e+04 5.495068e+05 2.604729e+07
6.471857e-02 243 1.092006e+04 5.065680e+05 2.372538e+07
7.503996e-02 313 9.514796e+03 4.320892e+05 1.989424e+07
8.485495e-02 369 7.205218e+03 3.236094e+05 1.480623e+07
9.528688e-02 571 6.066974e+03 2.672797e+05 1.205783e+07
1.059290e-01 601 5.318335e+03 2.292598e+05 1.016199e+07
1.156806e-01 705 4.841032e+03 2.051974e+05 8.985673e+06
1.255756e-01 883 4.078941e+03 1.698470e+05 7.344146e+06
1.352378e-01 909 3.720481e+03 1.531981e+05 6.572996e+06
1.449493e-01 1177 3.430446e+03 1.374773e+05 5.773138e+06
1.550659e-01 1323 3.021359e+03 1.176789e+05 4.850422e+06
1.649601e-01 1453 2.808404e+03 1.073421e+05 4.364944e+06
1.749597e-01 1701 2.680451e+03 1.011431e+05 4.077129e+06
1.852437e-01 1963 2.371700e+03 8.767380e+04 3.493850e+06
1.951071e-01 1933 2.171889e+03 7.812136e+04 3.057101e+06
2.049888e-01 2397 2.091552e+03 7.339888e+04 2.804704e+06
2.151844e-01 2539 1.949518e+03 6.666855e+04 2.503395e+06
2.250745e-01 2694 1.863000e+03 6.209388e+04 2.289814e+06
2.350927e-01 3121 1.710180e+03 5.550285e+04 2.016937e+06
2.451974e-01 3255 1.610873e+03 5.142843e+04 1.846338e+06
2.550872e-01 3517 1.547396e+03 4.784859e+04 1.678435e+06
2.649947e-01 3813 1.444772e+03 4.392080e+04 1.521368e+06
2.750606e-01 4231 1.386681e+03 4.083167e+04 1.381748e+06
2.851157e-01 4389 1.297834e+03 3.712431e+04 1.237371e+06
2.950080e-01 4717 1.304809e+03 3.666963e+04 1.199688e+06
3.050474e-01 5191 1.183394e+03 3.228063e+04 1.043796e+06
3.151078e-01 5373 1.165913e+03 3.111444e+04 9.879472e+05
3.251295e-01 5893 1.087466e+03 2.805754e+04 8.770593e+05
3.352591e-01 6183 1.064145e+03 2.676155e+04 8.172574e+05
3.451640e-01 6349 1.035846e+03 2.518734e+04 7.508577e+05
3.550965e-01 6993 9.757906e+02 2.315452e+04 6.815976e+05
3.649687e-01 7003 9.558297e+02 2.218424e+04 6.458190e+05
3.749450e-01 7941 9.322150e+02 2.107602e+04 5.975324e+05
3.851630e-01 8221 8.648059e+02 1.891470e+04 5.289429e+05
3.951752e-01 8449 8.694553e+02 1.841275e+04 5.012272e+05
4.050872e-01 8931 8.398848e+02 1.731062e+04 4.637072e+05
4.149904e-01 9289 8.046254e+02 1.621364e+04 4.290517e+05
4.250484e-01 10113 7.875038e+02 1.533945e+04 3.962210e+05
4.350196e-01 10087 7.603488e+02 1.456431e+04 3.730482e+05
4.449689e-01 10998 7.370052e+02 1.359234e+04 3.398860e+05
4.550136e-01 11233 7.239741e+02 1.290761e+04 3.164287e+05
4.650240e-01 11991 7.035885e+02 1.234110e+04 2.981829e+05
4.750600e-01 12241 6.670430e+02 1.126937e+04 2.702282e+05
4.850824e-01 13033 6.556288e+02 1.073030e+04 2.528466e+05
4.950626e-01 13227 6.343829e+02 1.005322e+04 2.324449e+05
5.050218e-01 13993 6.191345e+02 9.590438e+03 2.188773e+05
5.149626e-01 14301 6.179890e+02 9.290568e+03 2.077205e+05
5.249789e-01 15355 5.972463e+02 8.695559e+03 1.917509e+05
5.350486e-01 15585 5.802649e+02 8.164655e+03 1.780413e+05
5.451135e-01 16549 5.665576e+02 7.698350e+03 1.648405e+05
5.551181e-01 16587 5.546438e+02 7.339954e+03 1.564585e+05
5.650424e-01 17461 5.384030e+02 6.902173e+03 1.455844e+05
5.750589e-01 18177 5.260914e+02 6.574201e+03 1.364749e+05
5.850828e-01 18739 5.204769e+02 6.289098e+03 1.289640e+05
5.950416e-01 19165 5.081145e+02 5.896613e+03 1.194303e+05
6.049746e-01 20013 5.071752e+02 5.727537e+03 1.143301e+05
6.149470e-01 20587 4.921284e+02 5.391648e+03 1.073432e+05
6.249968e-01 21657 4.770661e+02 5.063285e+03 1.002800e+05
6.350666e-01 22129 4.730111e+02 4.875069e+03 9.498564e+04
6.450498e-01 22611 4.577430e+02 4.555483e+03 8.938689e+04
6.549912e-01 23317 4.546049e+02 4.382735e+03 8.455133e+04
6.649535e-01 24222 4.394037e+02 4.096809e+03 7.945744e+04
6.749660e-01 24943 4.301962e+02 3.894864e+03 7.517980e+04
6.850252e-01 25921 4.241823e+02 3.701628e+03 7.113261e+04
6.950284e-01 26253 4.139245e+02 3.520183e+03 6.762185e+04
7.049900e-01 27139 4.119486e+02 3.385906e+03 6.464100e+04
7.150256e-01 28185 4.010739e+02 3.166618e+03 6.035163e+04
7.250860e-01 28969 3.924551e+02 3.005792e+03 5.752473e+04
7.350183e-01 28887 3.839015e+02 2.844733e+03 5.501502e+04
7.450018e-01 30937 3.823025e+02 2.767848e+03 5.300862e+04
7.551045e-01 31341 3.740848e+02 2.584610e+03 5.008512e+04
7.650666e-01 31555 3.662055e+02 2.461392e+03 4.832423e+04
7.750154e-01 33025 3.569415e+02 2.277499e+03 4.548855e+04
7.850634e-01 33921 3.535683e+02 2.211902e+03 4.391570e+04
7.950596e-01 34285 3.475118e+02 2.101791e+03 4.199506e+04
8.050450e-01 35703 3.397758e+02 2.001597e+03 4.038011e+04
8.150563e-01 36205 3.331152e+02 1.867538e+03 3.839129e+04
8.250795e-01 37485 3.281583e+02 1.773955e+03 3.670701e+04
8.350885e-01 38047 3.236617e+02 1.711270e+03 3.584011e+04
8.450499e-01 38913 3.159351e+02 1.592109e+03 3.408181e+04
8.550252e-01 39853 3.135120e+02 1.538939e+03 3.322725e+04
8.650455e-01 41367 3.046087e+02 1.425866e+03 3.189944e+04
8.750680e-01 41617 3.008282e+02 1.373888e+03 3.096252e+04
8.849916e-01 42430 2.976576e+02 1.310787e+03 2.979099e+04
8.949944e-01 44367 2.894855e+02 1.221470e+03 2.861044e+04
9.050336e-01 44569 2.885106e+02 1.180776e+03 2.791776e+04
9.150411e-01 46089 2.851467e+02 1.122121e+03 2.705758e+04
9.250625e-01 46819 2.764616e+02 1.032049e+03 2.580646e+04
9.350607e-01 47793 2.727856e+02 9.996730e+02 2.543637e+04
9.450463e-01 48697 2.706734e+02 9.523618e+02 2.472475e+04
9.549734e-01 49443 2.651956e+02 8.877996e+02 2.383017e+04
9.649510e-01 51097 2.629669e+02 8.625002e+02 2.315640e+04
9.750082e-01 52453 2.582691e+02 7.983821e+02 2.248016e+04
9.850290e-01 52947 2.506533e+02 7.478725e+02 2.182993e+04
9.950258e-01 54193 2.496776e+02 7.210937e+02 2.126967e+04
