# nc 324
# boxsize 6.000000e+02
1.483274e-02 13 1.936086e+04 9.347070e+05 4.520268e+07
2.513187e-02 33 2.808227e+04 1.347981e+06 6.481178e+07
3.574650e-02 79 1.636895e+04 7.768441e+05 3.703156e+07
4.583347e-02 105 1.281897e+04 6.062456e+05 2.884083e+07
5.486964e-02 145 1.129339e+04 5.270629e+05 2.482820e+07
6.471857e-02 243 1.044788e+04 4.814806e+05 2.245244e+07
7.503996e-02 313 1.005801e+04 4.585098e+05 2.118778e+07
8.485495e-02 369 7.399091e+03 3.317551e+05 1.517347e+07
9.528688e-02 571 6.008090e+03 2.609158e+05 1.163656e+07
1.059290e-01 601 5.446794e+03 2.342180e+05 1.039046e+07
1.156806e-01 705 5.063972e+03 2.100259e+05 9.029929e+06
1.255756e-01 883 4.574897e+03 1.880299e+05 8.028350e+06
1.352378e-01 909 3.755598e+03 1.487452e+05 6.205204e+06
1.449493e-01 1177 3.673744e+03 1.446091e+05 5.998931e+06
1.550659e-01 1323 3.182721e+03 1.220086e+05 4.974242e+06
1.649601e-01 1453 2.886494e+03 1.088767e+05 4.407677e+06
1.749597e-01 1701 2.738601e+03 1.017486e+05 4.070038e+06
1.852437e-01 1963 2.583597e+03 9.307616e+04 3.633801e+06
1.951071e-01 1933 2.241725e+03 7.930416e+04 3.077646e+06
2.049888e-01 2397 2.174850e+03 7.405836e+04 2.784658e+06
2.151844e-01 2539 1.958191e+03 6.538157e+04 2.437136e+06
2.250745e-01 2694 1.859369e+03 6.064882e+04 2.220800e+06
2.350927e-01 3121 1.815142e+03 5.765698e+04 2.069406e+06
2.451974e-01 3255 1.698594e+03 5.288536e+04 1.876439e+06
2.550872e-01 3517 1.542747e+03 4.630031e+04 1.608834e+06
2.649947e-01 3813 1.500446e+03 4.442595e+04 1.519874e+06
2.750606e-01 4231 1.426489e+03 4.103591e+04 1.381655e+06
2.851157e-01 4389 1.349006e+03 3.778975e+04 1.253444e+06
2.950080e-01 4717 1.296010e+03 3.547146e+04 1.152486e+06
3.050474e-01 5191 1.236471e+03 3.267547e+04 1.040817e+06
3.151078e-01 5373 1.171270e+03 3.010163e+04 9.401709e+05
3.251295e-01 5893 1.153062e+03 2.912096e+04 9.001623e+05
3.352591e-01 6183 1.085686e+03 2.686200e+04 8.233594e+05
3.451640e-01 6349 1.041185e+03 2.503224e+04 7.494271e+05
3.550965e-01 6993 1.024250e+03 2.400933e+04 7.033446e+05
3.649687e-01 7003 9.782313e+02 2.206870e+04 6.299578e+05
3.749450e-01 7941 9.601316e+02 2.103461e+04 5.907061e+05
3.851630e-01 8221 9.126558e+02 1.940255e+04 5.347473e+05
3.951752e-01 8449 8.806608e+02 1.820618e+04 4.964686e+05
4.050872e-01 8931 8.613902e+02 1.747505e+04 4.673748e+05
4.149904e-01 9289 8.486892e+02 1.676005e+04 4.386229e+05
4.250484e-01 10113 7.948245e+02 1.505530e+04 3.890071e+05
4.350196e-01 10087 7.696413e+02 1.419651e+04 3.618768e+05
4.449689e-01 10998 7.463529e+02 1.338438e+04 3.360471e+05
4.550136e-01 11233 7.497487e+02 1.312733e+04 3.214593e+05
4.650240e-01 11991 7.183476e+02 1.216100e+04 2.911474e+05
4.750600e-01 12241 7.060926e+02 1.158239e+04 2.742251e+05
4.850824e-01 13033 6.820101e+02 1.091448e+04 2.537392e+05
4.950626e-01 13227 6.658046e+02 1.031669e+04 2.367789e+05
5.050218e-01 13993 6.386689e+02 9.574463e+03 2.189563e+05
5.149626e-01 14301 6.319596e+02 9.176213e+03 2.043497e+05
5.249789e-01 15355 6.077625e+02 8.606158e+03 1.900441e+05
5.350486e-01 15585 5.968013e+02 8.139131e+03 1.766058e+05
5.451135e-01 16549 5.848723e+02 7.727807e+03 1.670639e+05
5.551181e-01 16587 5.665908e+02 7.251239e+03 1.540130e+05
5.650424e-01 17461 5.633864e+02 7.003357e+03 1.457676e+05
5.750589e-01 18177 5.523812e+02 6.675883e+03 1.384341e+05
5.850828e-01 18739 5.359042e+02 6.213792e+03 1.275774e+05
5.950416e-01 19165 5.255614e+02 5.977962e+03 1.209197e+05
6.049746e-01 20013 5.167607e+02 5.677281e+03 1.140195e+05
6.149470e-01 20587 4.981690e+02 5.272833e+03 1.061151e+05
6.249968e-01 21657 4.912882e+02 5.063431e+03 9.966852e+04
6.350666e-01 22129 4.807625e+02 4.815686e+03 9.457664e+04
6.450498e-01 22611 4.701477e+02 4.503344e+03 8.833202e+04
6.549912e-01 23317 4.619350e+02 4.321493e+03 8.439596e+04
6.649535e-01 24222 4.571561e+02 4.098317e+03 7.970229e+04
6.749660e-01 24943 4.437318e+02 3.857181e+03 7.446082e+04
6.850252e-01 25921 4.337545e+02 3.671777e+03 7.101599e+04
6.950284e-01 26253 4.303876e+02 3.489832e+03 6.749688e+04
7.049900e-01 27139 4.212978e+02 3.313228e+03 6.406880e+04
7.150256e-01 28185 4.110318e+02 3.134767e+03 6.088200e+04
7.250860e-01 28969 4.081166e+02 3.011393e+03 5.826033e+04
7.350183e-01 28887 3.988249e+02 2.815290e+03 5.477026e+04
7.450018e-01 30937 3.849859e+02 2.636958e+03 5.176755e+04
7.551045e-01 31341 3.779837e+02 2.530340e+03 4.993562e+04
7.650666e-01 31555 3.758789e+02 2.425717e+03 4.778741e+04
7.750154e-01 33025 3.653640e+02 2.272093e+03 4.568341e+04
7.850634e-01 33921 3.632423e+02 2.187833e+03 4.409328e+04
7.950596e-01 34285 3.525440e+02 2.034440e+03 4.186354e+04
8.050450e-01 35703 3.490018e+02 1.972187e+03 4.058870e+04
8.150563e-01 36205 3.392532e+02 1.847133e+03 3.889594e+04
8.250795e-01 37485 3.379224e+02 1.767411e+03 3.718561e+04
8.350885e-01 38047 3.314268e+02 1.654470e+03 3.586383e+04
8.450499e-01 38913 3.225960e+02 1.572425e+03 3.443054e+04
8.550252e-01 39853 3.201437e+02 1.502312e+03 3.331390e+04
8.650455e-01 41367 3.087702e+02 1.389119e+03 3.188824e+04
8.750680e-01 41617 3.060928e+02 1.327881e+03 3.097003e+04
8.849916e-01 42430 2.995760e+02 1.248453e+03 2.959338e+04
8.949944e-01 44367 2.981451e+02 1.197409e+03 2.906026e+04
9.050336e-01 44569 2.927595e+02 1.144401e+03 2.801674e+04
9.150411e-01 46089 2.843656e+02 1.064913e+03 2.692864e+04
9.250625e-01 46819 2.839425e+02 1.026759e+03 2.627350e+04
9.350607e-01 47793 2.799734e+02 9.816749e+02 2.554212e+04
9.450463e-01 48697 2.730056e+02 9.108359e+02 2.465232e+04
9.549734e-01 49443 2.698207e+02 8.777278e+02 2.402013e+04
9.649510e-01 51097 2.648423e+02 8.297076e+02 2.325365e+04
9.750082e-01 52453 2.618340e+02 7.889426e+02 2.281980e+04
9.850290e-01 52947 2.573811e+02 7.457573e+02 2.198598e+04
9.950258e-01 54193 2.513380e+02 6.900682e+02 2.139024e+04
