# nc 324
# boxsize 6.000000e+02
1.483274e-02 13 1.916698e+04 9.318412e+05 4.538592e+07
2.513187e-02 33 3.489575e+04 1.677057e+06 8.070330e+07
3.574650e-02 79 2.000661e+04 9.444947e+05 4.474822e+07
4.583347e-02 105 1.326763e+04 6.271904e+05 2.985471e+07
5.486964e-02 145 1.294638e+04 6.044104e+05 2.841520e+07
6.471857e-02 243 1.036502e+04 4.764278e+05 2.214743e+07
7.503996e-02 313 9.643453e+03 4.327510e+05 1.971455e+07
8.485495e-02 369 7.727671e+03 3.437002e+05 1.557762e+07
9.528688e-02 571 6.119205e+03 2.645741e+05 1.179701e+07
1.059290e-01 601 5.246820e+03 2.248984e+05 9.935058e+06
1.156806e-01 705 4.674284e+03 1.966332e+05 8.560443e+06
1.255756e-01 883 4.369196e+03 1.805898e+05 7.790874e+06
1.352378e-01 909 3.995437e+03 1.614928e+05 6.825255e+06
1.449493e-01 1177 3.482965e+03 1.388361e+05 5.830743e+06
1.550659e-01 1323 2.952935e+03 1.144468e+05 4.722910e+06
1.649601e-01 1453 2.907871e+03 1.102656e+05 4.453730e+06
1.749597e-01 1701 2.579661e+03 9.603353e+04 3.859700e+06
1.852437e-01 1963 2.502068e+03 9.004388e+04 3.514089e+06
1.951071e-01 1933 2.294792e+03 8.168825e+04 3.162446e+06
2.049888e-01 2397 2.065155e+03 7.215153e+04 2.783535e+06
2.151844e-01 2539 1.949846e+03 6.615220e+04 2.484271e+06
2.250745e-01 2694 1.861714e+03 6.144083e+04 2.261001e+06
2.350927e-01 3121 1.762255e+03 5.695317e+04 2.064637e+06
2.451974e-01 3255 1.706645e+03 5.329895e+04 1.886091e+06
2.550872e-01 3517 1.570104e+03 4.801079e+04 1.680530e+06
2.649947e-01 3813 1.478233e+03 4.443173e+04 1.536657e+06
2.750606e-01 4231 1.400968e+03 4.077879e+04 1.380636e+06
2.851157e-01 4389 1.312604e+03 3.690380e+04 1.227014e+06
2.950080e-01 4717 1.296169e+03 3.577699e+04 1.168196e+06
3.050474e-01 5191 1.254808e+03 3.396999e+04 1.094324e+06
3.151078e-01 5373 1.202291e+03 3.149861e+04 9.893226e+05
3.251295e-01 5893 1.143064e+03 2.912523e+04 9.027426e+05
3.352591e-01 6183 1.089002e+03 2.700971e+04 8.199964e+05
3.451640e-01 6349 1.032589e+03 2.497737e+04 7.489614e+05
3.550965e-01 6993 9.975516e+02 2.352842e+04 6.963042e+05
3.649687e-01 7003 9.811856e+02 2.243936e+04 6.422383e+05
3.749450e-01 7941 9.116342e+02 2.023201e+04 5.738111e+05
3.851630e-01 8221 8.858239e+02 1.902344e+04 5.296396e+05
3.951752e-01 8449 9.028484e+02 1.888653e+04 5.082539e+05
4.050872e-01 8931 8.610928e+02 1.745605e+04 4.636161e+05
4.149904e-01 9289 8.273388e+02 1.645568e+04 4.331934e+05
4.250484e-01 10113 7.893016e+02 1.516361e+04 3.906994e+05
4.350196e-01 10087 7.550503e+02 1.408468e+04 3.602800e+05
4.449689e-01 10998 7.498712e+02 1.358027e+04 3.396067e+05
4.550136e-01 11233 7.347199e+02 1.301021e+04 3.204566e+05
4.650240e-01 11991 7.040037e+02 1.208824e+04 2.929426e+05
4.750600e-01 12241 6.903465e+02 1.148940e+04 2.723461e+05
4.850824e-01 13033 6.845085e+02 1.102770e+04 2.569013e+05
4.950626e-01 13227 6.684560e+02 1.048035e+04 2.408836e+05
5.050218e-01 13993 6.426256e+02 9.800979e+03 2.209919e+05
5.149626e-01 14301 6.241633e+02 9.196750e+03 2.043708e+05
5.249789e-01 15355 6.115304e+02 8.651654e+03 1.896379e+05
5.350486e-01 15585 5.955163e+02 8.183549e+03 1.774788e+05
5.451135e-01 16549 5.745215e+02 7.719675e+03 1.660804e+05
5.551181e-01 16587 5.636611e+02 7.359933e+03 1.560505e+05
5.650424e-01 17461 5.601677e+02 7.095396e+03 1.478210e+05
5.750589e-01 18177 5.417344e+02 6.610573e+03 1.362305e+05
5.850828e-01 18739 5.290851e+02 6.280916e+03 1.287170e+05
5.950416e-01 19165 5.138195e+02 5.904725e+03 1.199188e+05
6.049746e-01 20013 5.008314e+02 5.610505e+03 1.139657e+05
6.149470e-01 20587 4.972345e+02 5.354898e+03 1.070349e+05
6.249968e-01 21657 4.784941e+02 4.989784e+03 9.890636e+04
6.350666e-01 22129 4.712630e+02 4.763573e+03 9.428125e+04
6.450498e-01 22611 4.609423e+02 4.493330e+03 8.799989e+04
6.549912e-01 23317 4.572437e+02 4.341927e+03 8.465603e+04
6.649535e-01 24222 4.476325e+02 4.117341e+03 7.991098e+04
6.749660e-01 24943 4.418183e+02 3.937013e+03 7.581866e+04
6.850252e-01 25921 4.296374e+02 3.675823e+03 7.087009e+04
6.950284e-01 26253 4.196277e+02 3.486273e+03 6.751880e+04
7.049900e-01 27139 4.135664e+02 3.313727e+03 6.399631e+04
7.150256e-01 28185 4.056605e+02 3.135881e+03 6.067825e+04
7.250860e-01 28969 4.013931e+02 3.041920e+03 5.849894e+04
7.350183e-01 28887 3.895905e+02 2.834222e+03 5.490238e+04
7.450018e-01 30937 3.829120e+02 2.685788e+03 5.258870e+04
7.551045e-01 31341 3.847754e+02 2.648009e+03 5.101287e+04
7.650666e-01 31555 3.704500e+02 2.415037e+03 4.750254e+04
7.750154e-01 33025 3.616628e+02 2.288301e+03 4.545525e+04
7.850634e-01 33921 3.541586e+02 2.181824e+03 4.391629e+04
7.950596e-01 34285 3.491608e+02 2.069708e+03 4.191330e+04
8.050450e-01 35703 3.410578e+02 1.937413e+03 4.019329e+04
8.150563e-01 36205 3.349852e+02 1.837477e+03 3.832389e+04
8.250795e-01 37485 3.311743e+02 1.756059e+03 3.709703e+04
8.350885e-01 38047 3.282971e+02 1.677047e+03 3.580032e+04
8.450499e-01 38913 3.185463e+02 1.586148e+03 3.439243e+04
8.550252e-01 39853 3.182123e+02 1.524252e+03 3.314729e+04
8.650455e-01 41367 3.087160e+02 1.430784e+03 3.209976e+04
8.750680e-01 41617 3.035365e+02 1.345261e+03 3.064767e+04
8.849916e-01 42430 3.006976e+02 1.294931e+03 2.985070e+04
8.949944e-01 44367 2.954713e+02 1.203162e+03 2.883967e+04
9.050336e-01 44569 2.911136e+02 1.147824e+03 2.806314e+04
9.150411e-01 46089 2.849186e+02 1.088740e+03 2.716362e+04
9.250625e-01 46819 2.801849e+02 1.035770e+03 2.604970e+04
9.350607e-01 47793 2.767382e+02 9.924019e+02 2.539021e+04
9.450463e-01 48697 2.712854e+02 9.181386e+02 2.460512e+04
9.549734e-01 49443 2.660375e+02 8.796817e+02 2.415970e+04
9.649510e-01 51097 2.649802e+02 8.320526e+02 2.302560e+04
9.750082e-01 52453 2.584538e+02 7.904493e+02 2.259867e+04
9.850290e-01 52947 2.536062e+02 7.472739e+02 2.206597e+04
9.950258e-01 54193 2.509625e+02 7.111896e+02 2.143193e+04
