# text fof file
# logMmin 1.200000e+01 -> nfof_min 133
# boxsize 600.000000
# density total 7.505990e+05 7.505990e+05; rel difference 2.972891e-11
# nbar 3.474995e-03
1.483274e-02 13 2.057633e+04 2.086132e+04 -1.377585e+04 8.880137e+03
2.513187e-02 33 1.616915e+04 1.645108e+04 -5.420872e+03 -3.068099e+03
3.574650e-02 79 1.571425e+04 1.599040e+04 -3.090821e+03 -3.466914e+02
4.583347e-02 105 1.171590e+04 1.198962e+04 9.460596e+00 1.630771e+03
5.486964e-02 145 1.078515e+04 1.105398e+04 1.271588e+03 1.652984e+03
6.471857e-02 243 1.022706e+04 1.048954e+04 7.236713e+02 -1.685234e+03
7.503996e-02 313 7.644319e+03 7.906494e+03 -5.742340e+02 -1.614622e+03
8.485495e-02 369 6.994418e+03 7.252449e+03 -3.103552e+02 2.047605e+03
9.528688e-02 571 5.026134e+03 5.286580e+03 -1.687481e+02 8.761274e+01
1.059290e-01 601 4.962830e+03 5.217024e+03 6.230947e+02 9.326445e+02
1.156806e-01 705 4.189809e+03 4.443413e+03 4.104869e+02 -2.844700e+02
1.255756e-01 883 3.877177e+03 4.127658e+03 -1.988248e+02 9.938451e+01
1.352378e-01 909 3.516107e+03 3.764318e+03 -1.785110e+01 -3.175264e+01
1.449493e-01 1177 3.028213e+03 3.276445e+03 1.887973e+02 -9.738760e+01
1.550659e-01 1323 2.783374e+03 3.029196e+03 1.985818e+02 1.660958e+02
1.649601e-01 1453 2.490776e+03 2.735608e+03 -1.359505e+02 -3.177971e+02
1.749597e-01 1701 2.213663e+03 2.458061e+03 3.107666e+02 1.110071e+02
1.852437e-01 1963 2.105195e+03 2.346522e+03 -5.560741e+01 2.479003e+02
1.951071e-01 1933 1.918074e+03 2.158305e+03 4.742788e+01 -1.220004e+02
2.049888e-01 2397 1.766485e+03 2.005508e+03 -1.539072e+02 -2.296229e+02
2.151844e-01 2539 1.630485e+03 1.868147e+03 8.128680e+01 -1.594695e+02
2.250745e-01 2694 1.522604e+03 1.758660e+03 -3.139345e+01 -2.337373e+01
2.350927e-01 3121 1.453303e+03 1.686882e+03 3.788057e+01 -9.648788e+01
2.451974e-01 3255 1.316396e+03 1.549943e+03 4.118188e+01 1.220434e+02
2.550872e-01 3517 1.248948e+03 1.480537e+03 9.957702e+01 -3.225048e+01
2.649947e-01 3813 1.174251e+03 1.404434e+03 7.075253e+01 -4.115070e+01
2.750606e-01 4231 1.096993e+03 1.326081e+03 -1.275524e+02 -1.163365e+00
2.851157e-01 4389 1.019733e+03 1.248101e+03 -2.676031e+01 9.990235e+01
2.950080e-01 4717 9.849557e+02 1.210928e+03 4.169821e+01 -2.382915e+01
3.050474e-01 5191 9.347197e+02 1.159084e+03 3.845758e+01 8.719070e+01
3.151078e-01 5373 8.754821e+02 1.099012e+03 1.568491e+01 -9.438204e-01
3.251295e-01 5893 8.377769e+02 1.059509e+03 4.724903e+01 1.951433e+01
3.352591e-01 6183 7.879203e+02 1.008677e+03 -4.088279e+01 1.457994e+01
3.451640e-01 6349 7.542606e+02 9.733401e+02 -3.592646e+01 8.324376e+00
3.550965e-01 6993 6.982376e+02 9.173576e+02 1.017606e+01 4.666271e-01
3.649687e-01 7003 6.801459e+02 8.968619e+02 1.860089e+01 2.729653e+01
3.749450e-01 7941 6.432184e+02 8.590071e+02 5.826528e+00 -9.937678e+00
3.851630e-01 8221 6.222211e+02 8.359073e+02 -5.532228e+00 3.246701e+00
3.951752e-01 8449 5.918491e+02 8.043871e+02 -2.909734e+01 2.563963e+01
4.050872e-01 8931 5.546938e+02 7.669377e+02 -4.101102e+01 -6.879494e-01
4.149904e-01 9289 5.403214e+02 7.503433e+02 6.077848e+00 -8.419883e+00
4.250484e-01 10113 5.189604e+02 7.274528e+02 8.435925e+00 -7.302116e+01
4.350196e-01 10087 4.970965e+02 7.042665e+02 1.631260e+01 4.579821e+01
4.449689e-01 10998 4.935045e+02 6.975358e+02 -8.321570e+00 -3.150910e+00
4.550136e-01 11233 4.747928e+02 6.772875e+02 -3.862925e+01 1.352838e+01
4.650240e-01 11991 4.501753e+02 6.520019e+02 -1.694412e+01 -1.460643e+01
4.750600e-01 12241 4.292250e+02 6.300698e+02 2.014487e+01 1.614801e+00
4.850824e-01 13033 4.135255e+02 6.128869e+02 1.022007e+01 1.581672e+01
4.950626e-01 13227 3.960462e+02 5.942756e+02 -7.132642e+00 -7.442657e+00
5.050218e-01 13993 3.808888e+02 5.777826e+02 1.256409e+01 4.398221e+00
5.149626e-01 14301 3.719514e+02 5.667570e+02 -2.866480e-01 1.332463e+01
5.249789e-01 15355 3.646356e+02 5.571310e+02 -1.917907e+01 -2.392439e+01
5.350486e-01 15585 3.524906e+02 5.434243e+02 1.471851e+01 9.145703e+00
5.451135e-01 16549 3.397640e+02 5.293156e+02 -1.455783e+01 -1.461232e+01
5.551181e-01 16587 3.335357e+02 5.207759e+02 1.928921e+01 -7.499727e+00
5.650424e-01 17461 3.132427e+02 5.005750e+02 1.531412e+01 -2.163707e+00
5.750589e-01 18177 3.170882e+02 5.004796e+02 1.341119e+00 1.589758e+01
5.850828e-01 18739 2.943945e+02 4.785092e+02 -2.377661e+00 -3.564933e+00
5.950416e-01 19165 2.868694e+02 4.691546e+02 2.638148e+00 4.735057e+00
6.049746e-01 20013 2.786847e+02 4.593409e+02 6.404201e+00 -1.109653e+01
6.149470e-01 20587 2.713737e+02 4.502435e+02 -2.158288e+00 1.074967e+01
6.249968e-01 21657 2.632733e+02 4.405746e+02 -1.647570e+01 9.342027e+00
6.350666e-01 22129 2.662218e+02 4.397125e+02 2.663170e+00 1.315053e+01
6.450498e-01 22611 2.503803e+02 4.240471e+02 -1.776815e+00 2.471026e+00
6.549912e-01 23317 2.443774e+02 4.162151e+02 -1.795056e+00 -9.428783e+00
6.649535e-01 24222 2.329700e+02 4.042547e+02 1.433890e+01 -3.936249e-01
6.749660e-01 24943 2.321224e+02 4.005080e+02 -7.742149e+00 3.014212e+00
6.850252e-01 25921 2.191295e+02 3.874550e+02 6.255595e-01 -4.379252e+00
6.950284e-01 26253 2.188868e+02 3.842247e+02 4.494587e+00 1.248087e+01
7.049900e-01 27139 2.128085e+02 3.766016e+02 7.790752e+00 1.309955e+01
7.150256e-01 28185 2.058327e+02 3.683657e+02 1.521687e+01 -1.342749e+00
7.250860e-01 28969 2.015331e+02 3.621356e+02 -4.377273e+00 1.589896e+00
7.350183e-01 28887 1.997590e+02 3.578387e+02 6.272423e+00 -5.223811e+00
7.450018e-01 30937 1.879198e+02 3.462446e+02 8.792596e+00 -1.169825e+01
7.551045e-01 31341 1.845927e+02 3.408599e+02 -6.306343e-02 -5.881755e-01
7.650666e-01 31555 1.782157e+02 3.333758e+02 -2.485900e+00 4.600850e+00
7.750154e-01 33025 1.766400e+02 3.293505e+02 7.061869e+00 2.424837e+00
7.850634e-01 33921 1.732760e+02 3.240650e+02 2.587128e+00 1.474189e+00
7.950596e-01 34285 1.659139e+02 3.160443e+02 -5.206284e+00 9.696372e+00
8.050450e-01 35703 1.667856e+02 3.137819e+02 -3.373011e+00 -5.511277e-01
8.150563e-01 36205 1.608098e+02 3.068184e+02 -3.695544e+00 4.280107e+00
8.250795e-01 37485 1.528597e+02 2.985882e+02 -3.201726e+00 1.565768e+00
8.350885e-01 38047 1.500909e+02 2.939388e+02 1.286856e+01 9.078741e+00
8.450499e-01 38913 1.486471e+02 2.901927e+02 5.158028e-02 -4.228820e-03
8.550252e-01 39853 1.448628e+02 2.849291e+02 -8.821067e-01 1.096639e+01
8.650455e-01 41367 1.433992e+02 2.812107e+02 5.881832e+00 -6.076250e+00
8.750680e-01 41617 1.354315e+02 2.733213e+02 -2.109872e+00 1.540588e+01
8.849916e-01 42430 1.339276e+02 2.696820e+02 5.178537e+00 -1.687643e+01
8.949944e-01 44367 1.277920e+02 2.631171e+02 6.501610e+00 5.039747e-01
9.050336e-01 44569 1.307728e+02 2.622992e+02 -1.707592e+00 8.014079e+00
9.150411e-01 46089 1.228336e+02 2.547250e+02 1.079184e+01 1.717289e+00
9.250625e-01 46819 1.233473e+02 2.523934e+02 -4.338131e+00 1.906555e+00
9.350607e-01 47793 1.190944e+02 2.472020e+02 9.695275e+00 4.831510e+00
9.450463e-01 48697 1.158710e+02 2.426781e+02 6.594323e+00 2.806518e+00
9.549734e-01 49443 1.129824e+02 2.384176e+02 2.285492e+00 2.904506e+00
9.649510e-01 51097 1.087894e+02 2.334219e+02 3.712760e+00 3.520904e+00
9.750082e-01 52453 1.112283e+02 2.322972e+02 1.449395e+00 -1.075462e+01
9.850290e-01 52947 1.045456e+02 2.259370e+02 -3.888788e+00 9.675267e-01
9.950258e-01 54193 1.046272e+02 2.235048e+02 -1.118715e+00 1.864004e+00
