# text fof file
# logMmin 1.200000e+01 -> nfof_min 133
# boxsize 600.000000
# density total 7.500270e+05 7.500270e+05; rel difference 2.972209e-11
# nbar 3.472347e-03
1.483274e-02 13 4.532856e+04 4.561074e+04 1.859216e+04 -7.071388e+04
2.513187e-02 33 2.676677e+04 2.704499e+04 -9.904849e+03 -1.226744e+04
3.574650e-02 79 1.556060e+04 1.583741e+04 2.053530e+03 -5.905641e+03
4.583347e-02 105 1.048593e+04 1.076106e+04 -3.142079e+03 6.361184e+01
5.486964e-02 145 1.058784e+04 1.085718e+04 3.006597e+03 4.482022e+02
6.471857e-02 243 8.721179e+03 8.987706e+03 9.545045e+01 8.089738e+02
7.503996e-02 313 8.781383e+03 9.040167e+03 -4.892843e+02 1.077621e+03
8.485495e-02 369 6.968903e+03 7.227030e+03 3.049219e+02 4.791399e+02
9.528688e-02 571 5.119010e+03 5.379098e+03 -6.579460e+02 -5.481180e+02
1.059290e-01 601 4.775125e+03 5.030778e+03 2.901553e+02 -6.172050e+02
1.156806e-01 705 4.568987e+03 4.819914e+03 4.412889e+01 -6.698803e+02
1.255756e-01 883 3.852910e+03 4.103749e+03 3.833307e+01 -4.194170e+02
1.352378e-01 909 3.481947e+03 3.730791e+03 1.074319e+02 -1.913413e+02
1.449493e-01 1177 3.166125e+03 3.412879e+03 -1.052677e+02 2.936366e+02
1.550659e-01 1323 2.668954e+03 2.916697e+03 1.540889e+02 -3.748006e+02
1.649601e-01 1453 2.481588e+03 2.726833e+03 1.392714e+02 -2.300139e+02
1.749597e-01 1701 2.193393e+03 2.438237e+03 -5.668563e+01 -1.060197e+02
1.852437e-01 1963 2.115724e+03 2.357031e+03 6.192002e+01 -8.306398e+01
1.951071e-01 1933 1.873002e+03 2.114452e+03 8.701221e+01 1.887325e+02
2.049888e-01 2397 1.716012e+03 1.956469e+03 -1.346488e+02 -9.100077e+01
2.151844e-01 2539 1.625342e+03 1.863357e+03 -6.581137e+01 4.539683e+00
2.250745e-01 2694 1.508962e+03 1.745604e+03 6.199703e+01 5.767975e+01
2.350927e-01 3121 1.465543e+03 1.698982e+03 7.836147e+00 -1.493020e+01
2.451974e-01 3255 1.297563e+03 1.531948e+03 8.323835e+01 1.808642e+01
2.550872e-01 3517 1.230292e+03 1.462822e+03 -2.941882e+01 -3.249573e+00
2.649947e-01 3813 1.146376e+03 1.377938e+03 4.110003e+01 -8.037787e+01
2.750606e-01 4231 1.095071e+03 1.324503e+03 -7.188138e+01 6.415161e+01
2.851157e-01 4389 1.020133e+03 1.248668e+03 -3.668015e+00 5.411919e+01
2.950080e-01 4717 9.626230e+02 1.189897e+03 7.094087e+01 4.821086e+01
3.050474e-01 5191 9.023682e+02 1.128620e+03 -3.211069e+01 1.245303e+02
3.151078e-01 5373 8.739465e+02 1.097763e+03 7.796313e+00 -5.054048e+00
3.251295e-01 5893 8.177133e+02 1.040784e+03 -9.803931e+00 5.291854e+01
3.352591e-01 6183 7.698788e+02 9.919664e+02 4.793300e+01 1.344115e+01
3.451640e-01 6349 7.499667e+02 9.695540e+02 1.510486e+01 3.779797e+01
3.550965e-01 6993 7.108837e+02 9.293234e+02 -2.052119e+01 -6.402773e+01
3.649687e-01 7003 6.847309e+02 9.013256e+02 -3.029642e+01 5.382421e+01
3.749450e-01 7941 6.330833e+02 8.498575e+02 1.720621e+01 3.527754e+01
3.851630e-01 8221 6.189583e+02 8.330960e+02 1.085546e+01 -2.444048e+01
3.951752e-01 8449 5.799725e+02 7.937452e+02 -2.029760e+01 2.015921e+01
4.050872e-01 8931 5.732495e+02 7.840043e+02 -2.240999e+00 -4.063427e+00
4.149904e-01 9289 5.346880e+02 7.454156e+02 -6.482260e+00 4.665205e+01
4.250484e-01 10113 5.189260e+02 7.276255e+02 -4.300505e+00 -2.649000e+01
4.350196e-01 10087 4.905410e+02 6.985763e+02 -6.199933e+00 -3.986094e+01
4.449689e-01 10998 4.838686e+02 6.891086e+02 -1.141318e+01 -6.985829e+00
4.550136e-01 11233 4.726036e+02 6.755714e+02 4.835499e+00 1.232469e+01
4.650240e-01 11991 4.509706e+02 6.528742e+02 1.208033e+01 -2.321948e+01
4.750600e-01 12241 4.315879e+02 6.323400e+02 -2.149213e+00 7.058461e+00
4.850824e-01 13033 4.135783e+02 6.131158e+02 -7.290561e+00 1.911690e+01
4.950626e-01 13227 4.071311e+02 6.040952e+02 2.028540e+01 -3.770134e-01
5.050218e-01 13993 3.853447e+02 5.818204e+02 1.809820e+01 1.875660e+01
5.149626e-01 14301 3.803860e+02 5.742103e+02 4.441124e+00 1.933629e+01
5.249789e-01 15355 3.627679e+02 5.557438e+02 -4.477935e+00 -1.175441e+01
5.350486e-01 15585 3.491668e+02 5.407732e+02 -9.500325e+00 -2.615028e+00
5.451135e-01 16549 3.391490e+02 5.289854e+02 -3.724506e+00 2.091528e+01
5.551181e-01 16587 3.270629e+02 5.155292e+02 7.370524e-01 -2.488939e+00
5.650424e-01 17461 3.216470e+02 5.077393e+02 -1.849660e+01 4.958528e+00
5.750589e-01 18177 3.136586e+02 4.978358e+02 -2.063910e+01 9.928515e+00
5.850828e-01 18739 2.978547e+02 4.815334e+02 -1.897424e+01 -2.894981e+00
5.950416e-01 19165 2.899608e+02 4.718609e+02 1.652387e+00 2.030022e+01
6.049746e-01 20013 2.741893e+02 4.558573e+02 2.592769e+00 -4.702356e+00
6.149470e-01 20587 2.741809e+02 4.526928e+02 7.886835e+00 -8.544684e+00
6.249968e-01 21657 2.650606e+02 4.421805e+02 3.580204e-01 1.118272e+01
6.350666e-01 22129 2.597050e+02 4.347143e+02 9.574470e+00 5.706210e+00
6.450498e-01 22611 2.490934e+02 4.231926e+02 7.362107e+00 2.376854e+00
6.549912e-01 23317 2.447812e+02 4.167171e+02 -4.464704e+00 1.628117e+01
6.649535e-01 24222 2.401180e+02 4.099697e+02 9.584616e-01 1.578063e+01
6.749660e-01 24943 2.303351e+02 3.992951e+02 -4.389149e+00 -1.690179e+01
6.850252e-01 25921 2.264614e+02 3.932338e+02 -2.086018e-01 8.881216e-01
6.950284e-01 26253 2.166921e+02 3.827314e+02 -3.176697e+00 2.988945e+00
7.049900e-01 27139 2.164749e+02 3.795168e+02 -1.233325e+01 6.081215e+00
7.150256e-01 28185 2.045806e+02 3.675748e+02 -1.004001e+00 1.334693e-02
7.250860e-01 28969 2.002993e+02 3.613888e+02 6.243348e+00 -1.678442e+00
7.350183e-01 28887 1.970102e+02 3.559954e+02 4.411711e-01 1.013299e+01
7.450018e-01 30937 1.878348e+02 3.463403e+02 -1.427218e+00 9.843957e+00
7.551045e-01 31341 1.845297e+02 3.409762e+02 -8.859885e+00 -2.954129e+00
7.650666e-01 31555 1.839943e+02 3.376517e+02 4.017363e-01 1.001764e+01
7.750154e-01 33025 1.792008e+02 3.313229e+02 6.822153e+00 1.073590e+01
7.850634e-01 33921 1.744436e+02 3.250368e+02 1.576270e+00 3.251730e+00
7.950596e-01 34285 1.671135e+02 3.170403e+02 -2.026528e+00 1.050940e+01
8.050450e-01 35703 1.623612e+02 3.108929e+02 4.494567e+00 6.353569e+00
8.150563e-01 36205 1.619430e+02 3.077463e+02 -8.771179e-01 -4.519841e+00
8.250795e-01 37485 1.537889e+02 2.993768e+02 4.056986e+00 7.205251e+00
8.350885e-01 38047 1.489600e+02 2.933227e+02 -4.262088e+00 -1.275727e+01
8.450499e-01 38913 1.456069e+02 2.883386e+02 2.340451e+00 -7.185536e+00
8.550252e-01 39853 1.456695e+02 2.856116e+02 -9.707368e+00 1.120095e+00
8.650455e-01 41367 1.424573e+02 2.807501e+02 -3.019182e+00 -7.494834e+00
8.750680e-01 41617 1.360116e+02 2.738336e+02 9.189364e+00 5.950855e+00
8.849916e-01 42430 1.320791e+02 2.686384e+02 6.973100e+00 1.070624e+01
8.949944e-01 44367 1.326926e+02 2.663400e+02 -3.227957e+00 -8.794331e+00
9.050336e-01 44569 1.279296e+02 2.606655e+02 -1.584675e+00 3.572711e+00
9.150411e-01 46089 1.232144e+02 2.550943e+02 -1.092735e+00 3.840269e+00
9.250625e-01 46819 1.190523e+02 2.499097e+02 2.606800e+00 -2.207795e+00
9.350607e-01 47793 1.185933e+02 2.470362e+02 -4.153009e+00 9.588569e+00
9.450463e-01 48697 1.185560e+02 2.444148e+02 -1.334902e+00 2.758415e+00
9.549734e-01 49443 1.107546e+02 2.372341e+02 -1.297263e+00 -6.445253e+00
9.649510e-01 51097 1.123408e+02 2.356266e+02 7.306969e+00 5.764052e+00
9.750082e-01 52453 1.044457e+02 2.285060e+02 -2.723034e+00 1.118727e+01
9.850290e-01 52947 1.042764e+02 2.259093e+02 -1.870510e+00 -3.792254e+00
9.950258e-01 54193 1.034529e+02 2.229617e+02 -1.434254e+01 1.298307e+00
