# text fof file
# logMmin 1.200000e+01 -> nfof_min 133
# boxsize 600.000000
# density total 7.481870e+05 7.481870e+05; rel difference 2.102981e-11
# nbar 3.463829e-03
1.483274e-02 13 3.202572e+04 3.231039e+04 -1.595718e+04 -6.030090e+03
2.513187e-02 33 2.596055e+04 2.624039e+04 2.376581e+04 4.495392e+04
3.574650e-02 79 1.763227e+04 1.790821e+04 5.981471e+03 -3.175548e+03
4.583347e-02 105 1.411816e+04 1.438956e+04 -1.592563e+03 1.067270e+03
5.486964e-02 145 1.114783e+04 1.141680e+04 -7.468095e+02 -5.820687e+02
6.471857e-02 243 9.805040e+03 1.006970e+04 -5.240718e+02 -3.099254e+03
7.503996e-02 313 8.350226e+03 8.611125e+03 -2.707715e+02 2.289562e+03
8.485495e-02 369 6.566746e+03 6.827387e+03 5.180641e+02 -2.533827e+02
9.528688e-02 571 5.501702e+03 5.760504e+03 -3.881702e+02 1.835194e+02
1.059290e-01 601 4.869477e+03 5.125167e+03 -7.441919e+02 -6.754564e+02
1.156806e-01 705 4.316582e+03 4.570241e+03 4.187760e+02 3.067269e+02
1.255756e-01 883 4.138762e+03 4.387834e+03 2.323181e+02 -3.820628e+02
1.352378e-01 909 3.477027e+03 3.726607e+03 2.780156e+02 3.623587e+00
1.449493e-01 1177 3.061987e+03 3.310807e+03 -3.013165e+02 3.996811e+01
1.550659e-01 1323 2.570605e+03 2.820335e+03 7.477423e+01 -1.029229e+02
1.649601e-01 1453 2.540958e+03 2.785953e+03 -2.327829e+02 2.420350e+02
1.749597e-01 1701 2.245732e+03 2.490430e+03 -1.733752e+02 -1.693692e+02
1.852437e-01 1963 2.090023e+03 2.332527e+03 -8.703094e+01 -1.235256e+02
1.951071e-01 1933 1.880369e+03 2.122356e+03 -9.305497e+01 3.168427e+02
2.049888e-01 2397 1.827092e+03 2.065559e+03 7.153949e+01 -5.256141e+01
2.151844e-01 2539 1.643063e+03 1.881305e+03 7.700521e+01 1.877452e+01
2.250745e-01 2694 1.514117e+03 1.751350e+03 -1.435771e+02 9.165758e+01
2.350927e-01 3121 1.410313e+03 1.646173e+03 -5.663689e+00 8.910775e+01
2.451974e-01 3255 1.297691e+03 1.532748e+03 3.431895e+01 8.307249e+01
2.550872e-01 3517 1.263045e+03 1.495037e+03 1.840257e+01 1.106076e+02
2.649947e-01 3813 1.213108e+03 1.442692e+03 -3.736183e+01 -7.311229e+01
2.750606e-01 4231 1.092568e+03 1.322767e+03 1.313005e+02 1.031522e+02
2.851157e-01 4389 1.040430e+03 1.268739e+03 1.070822e+01 9.907355e+01
2.950080e-01 4717 9.850012e+02 1.211812e+03 -5.903742e+01 3.149235e+01
3.050474e-01 5191 9.034194e+02 1.130301e+03 4.926934e+01 2.131627e+01
3.151078e-01 5373 8.758514e+02 1.100246e+03 4.467528e+01 3.816784e+01
3.251295e-01 5893 8.093943e+02 1.033632e+03 3.165741e+01 -5.715676e+01
3.352591e-01 6183 8.122156e+02 1.032349e+03 -5.248035e+01 -7.645860e+01
3.451640e-01 6349 7.549489e+02 9.748466e+02 -7.830809e+00 -1.268618e+01
3.550965e-01 6993 7.260422e+02 9.440897e+02 -2.665624e+01 3.846722e+01
3.649687e-01 7003 6.783323e+02 8.960757e+02 -5.490657e+00 -4.107958e+00
3.749450e-01 7941 6.458390e+02 8.622629e+02 -4.444867e+01 -4.533435e+01
3.851630e-01 8221 6.429825e+02 8.558032e+02 2.931582e+01 6.273336e+00
3.951752e-01 8449 6.063939e+02 8.185542e+02 -1.019297e+01 2.442172e+01
4.050872e-01 8931 5.723642e+02 7.838556e+02 -2.174156e+01 -4.938422e+00
4.149904e-01 9289 5.447134e+02 7.551617e+02 3.311446e+01 3.067201e+01
4.250484e-01 10113 5.154899e+02 7.251589e+02 1.681798e+01 1.145567e+01
4.350196e-01 10087 5.082843e+02 7.151414e+02 -4.184537e+00 -3.878249e+01
4.449689e-01 10998 4.812703e+02 6.874505e+02 2.508768e+01 -3.843468e+00
4.550136e-01 11233 4.732481e+02 6.767610e+02 5.511318e+01 2.586133e+01
4.650240e-01 11991 4.389120e+02 6.428442e+02 -8.484157e+00 5.691153e+00
4.750600e-01 12241 4.405938e+02 6.408723e+02 -6.665689e-02 -1.939663e+00
4.850824e-01 13033 4.193804e+02 6.188075e+02 9.424689e+00 2.351391e+01
4.950626e-01 13227 4.091153e+02 6.064213e+02 -3.874053e+00 7.680300e+00
5.050218e-01 13993 4.020697e+02 5.968727e+02 -1.988695e+01 1.120781e+01
5.149626e-01 14301 3.830214e+02 5.770580e+02 -2.885844e+00 2.930598e+01
5.249789e-01 15355 3.546837e+02 5.494273e+02 7.871665e+00 -2.098665e+01
5.350486e-01 15585 3.540605e+02 5.455356e+02 -6.428545e+00 -8.188493e+00
5.451135e-01 16549 3.414769e+02 5.315536e+02 -5.669213e+00 -1.254158e+01
5.551181e-01 16587 3.309648e+02 5.194086e+02 1.839576e+00 8.932560e-01
5.650424e-01 17461 3.148116e+02 5.026334e+02 -4.894168e+00 -1.339557e+00
5.750589e-01 18177 3.068740e+02 4.928071e+02 -3.953996e+00 -2.225759e+01
5.850828e-01 18739 2.928845e+02 4.780311e+02 2.093563e+01 -1.329416e+00
5.950416e-01 19165 2.977706e+02 4.788065e+02 -3.998157e+00 1.740543e+01
6.049746e-01 20013 2.808908e+02 4.618694e+02 -1.193507e+01 -8.119815e+00
6.149470e-01 20587 2.784058e+02 4.566792e+02 6.171638e+00 -1.520516e+01
6.249968e-01 21657 2.617852e+02 4.401273e+02 1.635786e+01 -7.130287e+00
6.350666e-01 22129 2.549608e+02 4.315333e+02 6.896511e-02 -3.006933e+00
6.450498e-01 22611 2.490606e+02 4.237301e+02 7.133568e+00 9.823829e+00
6.549912e-01 23317 2.417747e+02 4.149127e+02 3.876787e+00 7.923393e-01
6.649535e-01 24222 2.347941e+02 4.063887e+02 7.473770e+00 2.958990e+01
6.749660e-01 24943 2.304623e+02 3.999509e+02 1.845935e+01 -2.230239e+00
6.850252e-01 25921 2.225411e+02 3.907762e+02 1.450698e+00 2.304929e+00
6.950284e-01 26253 2.211948e+02 3.866762e+02 -2.680835e+00 5.642138e+00
7.049900e-01 27139 2.113501e+02 3.762118e+02 1.197305e+01 2.772286e+00
7.150256e-01 28185 2.032729e+02 3.671313e+02 -9.668354e+00 5.484444e+00
7.250860e-01 28969 1.959883e+02 3.587294e+02 5.229273e+00 1.348172e+00
7.350183e-01 28887 1.919151e+02 3.527801e+02 4.174274e+00 9.392557e-01
7.450018e-01 30937 1.920373e+02 3.499091e+02 2.622931e+00 5.767440e+00
7.551045e-01 31341 1.844234e+02 3.414115e+02 -6.293134e+00 -1.076188e+01
7.650666e-01 31555 1.847163e+02 3.386765e+02 8.005186e+00 7.835961e+00
7.750154e-01 33025 1.791177e+02 3.317723e+02 1.430016e+01 -1.219841e-01
7.850634e-01 33921 1.732380e+02 3.246907e+02 1.751085e+00 5.697567e+00
7.950596e-01 34285 1.718875e+02 3.208373e+02 2.758707e+00 5.647186e+00
8.050450e-01 35703 1.652347e+02 3.133489e+02 4.490283e+00 3.598744e+00
8.150563e-01 36205 1.568073e+02 3.047333e+02 1.362857e+00 -1.056577e+01
8.250795e-01 37485 1.613215e+02 3.049374e+02 6.414574e-01 3.150403e+00
8.350885e-01 38047 1.475729e+02 2.928823e+02 5.314737e+00 7.535076e-01
8.450499e-01 38913 1.466101e+02 2.894689e+02 -3.463602e-01 1.216036e+00
8.550252e-01 39853 1.434139e+02 2.845933e+02 9.113317e-03 1.071069e+01
8.650455e-01 41367 1.453768e+02 2.831041e+02 7.686510e-01 -4.065007e+00
8.750680e-01 41617 1.403903e+02 2.771127e+02 5.082663e+00 -1.941582e+00
8.849916e-01 42430 1.384100e+02 2.731303e+02 -2.209315e+00 -1.228300e+01
8.949944e-01 44367 1.345043e+02 2.679296e+02 2.835119e+00 -6.153697e+00
9.050336e-01 44569 1.270579e+02 2.605693e+02 5.232262e+00 -6.225711e+00
9.150411e-01 46089 1.275364e+02 2.581950e+02 -2.421273e+00 5.701789e-01
9.250625e-01 46819 1.218901e+02 2.520786e+02 5.325721e+00 2.456417e+00
9.350607e-01 47793 1.224329e+02 2.497796e+02 2.222950e-01 6.799104e-01
9.450463e-01 48697 1.162625e+02 2.434699e+02 -6.368754e+00 -2.209081e+00
9.549734e-01 49443 1.105829e+02 2.375548e+02 -1.967724e+00 1.002386e+00
9.649510e-01 51097 1.112628e+02 2.354089e+02 -6.359806e+00 1.059331e+01
9.750082e-01 52453 1.054891e+02 2.295186e+02 -3.700972e+00 3.208848e+00
9.850290e-01 52947 1.069711e+02 2.278582e+02 2.067530e+00 -2.663160e+00
9.950258e-01 54193 1.053401e+02 2.244420e+02 -2.375659e+00 9.914620e+00
