# text fof file
# logMmin 1.200000e+01 -> nfof_min 133
# boxsize 600.000000
# density total 7.460520e+05 7.460520e+05; rel difference 1.372263e-11
# nbar 3.453944e-03
1.483274e-02 13 2.690564e+04 2.719134e+04 -7.265387e+03 -3.648612e+04
2.513187e-02 33 2.329920e+04 2.358019e+04 1.206272e+03 6.285491e+03
3.574650e-02 79 2.155215e+04 2.182587e+04 -5.749429e+03 2.742975e+03
4.583347e-02 105 1.376011e+04 1.403255e+04 -1.507071e+03 -2.708589e+03
5.486964e-02 145 1.167682e+04 1.194589e+04 1.640910e+03 8.707856e+03
6.471857e-02 243 1.005273e+04 1.031742e+04 -1.871172e+02 3.756000e+03
7.503996e-02 313 7.409628e+03 7.674693e+03 -8.334266e+02 -4.062505e+02
8.485495e-02 369 6.991503e+03 7.251096e+03 -4.700600e+02 6.905554e+02
9.528688e-02 571 5.402475e+03 5.662521e+03 2.770713e+01 -1.650793e+02
1.059290e-01 601 5.056291e+03 5.311636e+03 3.652404e+02 7.251369e+02
1.156806e-01 705 4.457480e+03 4.710921e+03 2.094734e+02 1.381813e+03
1.255756e-01 883 4.186578e+03 4.435826e+03 1.344910e+02 -9.139110e+01
1.352378e-01 909 3.363539e+03 3.615051e+03 -3.993074e+02 4.975187e+02
1.449493e-01 1177 3.230507e+03 3.478170e+03 -2.470716e+02 -3.626808e+02
1.550659e-01 1323 2.554167e+03 2.804978e+03 2.216347e+02 -2.693504e+02
1.649601e-01 1453 2.515323e+03 2.761562e+03 7.279347e+01 -1.594726e+02
1.749597e-01 1701 2.277639e+03 2.522651e+03 -2.286827e+02 -5.376656e+02
1.852437e-01 1963 2.088657e+03 2.331950e+03 4.601640e+01 2.051689e+02
1.951071e-01 1933 1.988333e+03 2.228824e+03 -1.008516e+02 1.545378e+02
2.049888e-01 2397 1.766598e+03 2.007388e+03 1.023457e+02 -1.338100e+02
2.151844e-01 2539 1.646908e+03 1.885860e+03 1.425702e+01 -2.181083e+02
2.250745e-01 2694 1.475312e+03 1.714449e+03 2.716114e+01 1.467442e+02
2.350927e-01 3121 1.441197e+03 1.676863e+03 2.893655e+01 1.167215e+02
2.451974e-01 3255 1.368017e+03 1.601528e+03 -3.991930e+01 5.881931e+01
2.550872e-01 3517 1.236240e+03 1.470041e+03 -2.254698e+01 -1.980478e+00
2.649947e-01 3813 1.178986e+03 1.410717e+03 1.860280e+01 -6.886014e+00
2.750606e-01 4231 1.139864e+03 1.368883e+03 1.048798e+02 9.717268e+01
2.851157e-01 4389 1.035187e+03 1.264521e+03 -6.380280e+00 1.743566e+02
2.950080e-01 4717 9.874358e+02 1.214958e+03 -9.375332e+01 -3.713509e+01
3.050474e-01 5191 9.432580e+02 1.168837e+03 1.186835e+00 -3.002512e+01
3.151078e-01 5373 9.246824e+02 1.147143e+03 4.930777e+01 -2.189014e+00
3.251295e-01 5893 8.527782e+02 1.075248e+03 -3.862992e+01 2.955582e-01
3.352591e-01 6183 7.787434e+02 1.001707e+03 -4.932281e+01 5.354804e+00
3.451640e-01 6349 7.539520e+02 9.746785e+02 -1.183987e+00 4.987094e-01
3.550965e-01 6993 7.204791e+02 9.396804e+02 -1.364810e+00 -6.209155e+01
3.649687e-01 7003 6.788643e+02 8.972878e+02 -1.356778e+01 2.097263e+01
3.749450e-01 7941 6.654130e+02 8.810950e+02 -2.316159e+00 -2.056147e+00
3.851630e-01 8221 6.059637e+02 8.225635e+02 1.083996e+00 1.894104e+01
3.951752e-01 8449 5.989131e+02 8.124322e+02 -2.572132e+01 4.123407e+01
4.050872e-01 8931 5.747895e+02 7.868281e+02 3.926693e+00 7.230596e+00
4.149904e-01 9289 5.490572e+02 7.598472e+02 -1.200318e+01 1.442517e+01
4.250484e-01 10113 5.250735e+02 7.345352e+02 9.681525e+00 -4.686095e+01
4.350196e-01 10087 5.063637e+02 7.141640e+02 -3.823249e+01 1.772137e+01
4.449689e-01 10998 4.813037e+02 6.882117e+02 -1.185997e+01 -5.319451e+01
4.550136e-01 11233 4.561161e+02 6.622812e+02 -2.104225e+01 -5.868284e+00
4.650240e-01 11991 4.580867e+02 6.605428e+02 -1.996132e+00 -1.998891e+00
4.750600e-01 12241 4.217309e+02 6.250276e+02 -1.071671e+01 -2.266242e+01
4.850824e-01 13033 4.188774e+02 6.190787e+02 -2.690426e+01 3.995961e+01
4.950626e-01 13227 4.129628e+02 6.104985e+02 3.103449e+00 1.337063e+01
5.050218e-01 13993 3.897233e+02 5.869277e+02 3.273544e+00 -1.573602e+01
5.149626e-01 14301 3.766828e+02 5.723170e+02 8.688733e+00 1.645197e+01
5.249789e-01 15355 3.621441e+02 5.565049e+02 2.967649e+00 -2.191325e+01
5.350486e-01 15585 3.504150e+02 5.431639e+02 -4.267434e+00 -4.591059e+00
5.451135e-01 16549 3.382029e+02 5.294867e+02 -1.871712e+01 -1.855702e+00
5.551181e-01 16587 3.368185e+02 5.250018e+02 3.890669e+00 6.921004e+00
5.650424e-01 17461 3.200258e+02 5.076729e+02 3.864239e+00 -1.712951e+01
5.750589e-01 18177 3.071162e+02 4.936740e+02 1.356564e+01 1.112096e+01
5.850828e-01 18739 3.068820e+02 4.902015e+02 -5.830842e+00 2.503914e+01
5.950416e-01 19165 2.905447e+02 4.735821e+02 3.472722e-01 2.139892e+01
6.049746e-01 20013 2.791630e+02 4.611356e+02 -8.572556e+00 5.400294e+00
6.149470e-01 20587 2.769119e+02 4.561216e+02 -1.087526e+01 -2.654426e-01
6.249968e-01 21657 2.612771e+02 4.403810e+02 -1.245054e+01 1.791030e+01
6.350666e-01 22129 2.577093e+02 4.343574e+02 -7.192815e+00 9.779835e+00
6.450498e-01 22611 2.474111e+02 4.230791e+02 -1.371525e+01 1.155231e+01
6.549912e-01 23317 2.509749e+02 4.227613e+02 -3.280554e+00 1.316826e+01
6.649535e-01 24222 2.385313e+02 4.099159e+02 -6.878741e+00 -9.807381e+00
6.749660e-01 24943 2.311290e+02 4.010796e+02 -2.622886e+00 9.526103e+00
6.850252e-01 25921 2.278755e+02 3.954850e+02 -5.885608e+00 4.913180e-01
6.950284e-01 26253 2.162878e+02 3.835983e+02 -2.338356e-02 -6.361128e+00
7.049900e-01 27139 2.178573e+02 3.817215e+02 1.980161e-01 2.015248e+01
7.150256e-01 28185 2.040158e+02 3.683036e+02 -6.888018e+00 -7.355433e+00
7.250860e-01 28969 2.052009e+02 3.661518e+02 -5.822612e+00 -1.857109e+00
7.350183e-01 28887 1.943647e+02 3.551762e+02 -3.926277e+00 1.661366e+01
7.450018e-01 30937 1.913134e+02 3.499735e+02 -9.375487e-01 1.291936e+01
7.551045e-01 31341 1.907175e+02 3.465333e+02 -6.902447e+00 4.044229e+00
7.650666e-01 31555 1.814068e+02 3.368974e+02 -3.245581e+00 4.858902e+00
7.750154e-01 33025 1.792168e+02 3.324209e+02 9.881451e-01 -2.622317e+00
7.850634e-01 33921 1.711007e+02 3.237682e+02 -6.746501e+00 -1.616639e-02
7.950596e-01 34285 1.738898e+02 3.228058e+02 -1.212043e+01 1.448032e+01
8.050450e-01 35703 1.626426e+02 3.121418e+02 -1.534721e+00 1.801194e+01
8.150563e-01 36205 1.621683e+02 3.089545e+02 -5.570250e+00 -1.485481e+00
8.250795e-01 37485 1.596814e+02 3.043985e+02 -4.983432e+00 3.568255e+00
8.350885e-01 38047 1.540326e+02 2.977492e+02 -2.310847e+00 9.144400e+00
8.450499e-01 38913 1.480724e+02 2.909897e+02 7.481012e+00 -7.307397e+00
8.550252e-01 39853 1.440048e+02 2.855333e+02 -3.636238e-01 4.549704e+00
8.650455e-01 41367 1.402386e+02 2.803038e+02 -1.014549e+00 3.989131e+00
8.750680e-01 41617 1.396662e+02 2.771867e+02 -1.853400e+00 -3.923514e+00
8.849916e-01 42430 1.344257e+02 2.711203e+02 -5.109759e+00 -4.801043e+00
8.949944e-01 44367 1.335385e+02 2.678470e+02 1.619123e+00 4.310433e+00
9.050336e-01 44569 1.258625e+02 2.603418e+02 -4.514609e+00 1.073579e+01
9.150411e-01 46089 1.300318e+02 2.602532e+02 -3.175569e+00 5.576782e+00
9.250625e-01 46819 1.232888e+02 2.534359e+02 -1.596097e+01 4.521587e+00
9.350607e-01 47793 1.201736e+02 2.489243e+02 9.365999e-01 1.017105e+01
9.450463e-01 48697 1.202218e+02 2.463351e+02 -9.973767e-02 8.477218e-01
9.549734e-01 49443 1.125654e+02 2.392167e+02 4.099595e-01 -6.535165e+00
9.649510e-01 51097 1.080533e+02 2.340266e+02 -3.321384e+00 1.023555e+01
9.750082e-01 52453 1.088796e+02 2.319656e+02 2.578257e+00 2.641230e-03
9.850290e-01 52947 1.044156e+02 2.268829e+02 1.441092e+00 -4.799958e+00
9.950258e-01 54193 1.067032e+02 2.256780e+02 -4.552541e+00 2.540054e+00
