8.018239e-03 9 1.205799e+04
1.659868e-02 64 1.297818e+04
2.586446e-02 157 1.067009e+04
3.529679e-02 292 8.079482e+03
4.513097e-02 529 6.488514e+03
5.555287e-02 820 5.234727e+03
6.539610e-02 1000 4.874842e+03
7.523297e-02 1483 4.269778e+03
8.527687e-02 1792 3.402756e+03
9.513029e-02 2293 2.881207e+03
1.052419e-01 2848 2.413630e+03
1.151206e-01 3232 2.166873e+03
1.250948e-01 4077 2.062417e+03
1.351559e-01 4552 1.866442e+03
1.451184e-01 5377 1.653093e+03
1.550677e-01 5974 1.458134e+03
1.650359e-01 6976 1.302539e+03
1.750550e-01 7717 1.192578e+03
1.850940e-01 8776 1.104345e+03
1.950993e-01 9553 1.023264e+03
2.050639e-01 10660 9.742521e+02
2.150232e-01 11608 8.921185e+02
2.250206e-01 12937 8.189710e+02
2.351002e-01 14062 7.881765e+02
2.450739e-01 15105 7.212239e+02
2.550522e-01 16492 6.876281e+02
2.650604e-01 17821 6.555965e+02
2.750125e-01 18940 6.090400e+02
2.850269e-01 20836 5.783223e+02
2.950518e-01 21949 5.584280e+02
3.050599e-01 23656 5.241001e+02
3.149891e-01 24727 4.995665e+02
3.250379e-01 27400 4.767805e+02
3.350922e-01 28096 4.587804e+02
3.450584e-01 30337 4.344935e+02
3.550604e-01 31696 4.205346e+02
3.650295e-01 33849 4.034021e+02
3.750722e-01 35800 3.889227e+02
3.850647e-01 37348 3.735777e+02
3.950397e-01 39535 3.593484e+02
4.050307e-01 41452 3.496901e+02
4.150177e-01 43669 3.373093e+02
4.250356e-01 45832 3.257354e+02
4.350008e-01 47524 3.133328e+02
4.450186e-01 50761 3.035294e+02
4.550579e-01 52264 2.949089e+02
4.650571e-01 54973 2.874499e+02
4.750553e-01 56890 2.789098e+02
4.849982e-01 59233 2.721117e+02
4.949997e-01 62460 2.640719e+02
5.050400e-01 64660 2.579893e+02
5.150365e-01 67105 2.515686e+02
5.250511e-01 70108 2.436201e+02
5.350611e-01 72421 2.384011e+02
5.450809e-01 75628 2.312271e+02
5.550666e-01 77374 2.261430e+02
5.650248e-01 80965 2.218688e+02
5.750209e-01 83536 2.165485e+02
5.849943e-01 86509 2.125175e+02
5.950118e-01 90088 2.072831e+02
6.050243e-01 92524 2.030852e+02
6.150021e-01 95685 1.984333e+02
6.250268e-01 99460 1.954569e+02
6.350319e-01 101791 1.904752e+02
6.450443e-01 105940 1.882752e+02
6.550363e-01 108040 1.839948e+02
6.650248e-01 112417 1.802623e+02
6.749918e-01 114172 1.787730e+02
6.849838e-01 119989 1.744454e+02
6.950359e-01 122428 1.709565e+02
7.050021e-01 125049 1.681694e+02
7.150185e-01 130682 1.644732e+02
7.250500e-01 132820 1.619155e+02
7.350461e-01 137169 1.601922e+02
7.450354e-01 139912 1.569521e+02
7.550326e-01 145021 1.544324e+02
7.650453e-01 148000 1.525094e+02
7.750260e-01 151840 1.500380e+02
7.849916e-01 155365 1.474105e+02
7.950130e-01 161410 1.456031e+02
8.050563e-01 164341 1.432766e+02
8.150452e-01 167704 1.406385e+02
8.250456e-01 172960 1.393449e+02
8.350307e-01 175597 1.371057e+02
8.450225e-01 181552 1.347345e+02
8.550387e-01 185185 1.331134e+02
8.650410e-01 189576 1.313291e+02
8.750145e-01 192850 1.306113e+02
8.849866e-01 198481 1.281040e+02
8.950163e-01 203908 1.270266e+02
9.050183e-01 206677 1.252546e+02
9.150119e-01 212440 1.237744e+02
9.250146e-01 216544 1.219010e+02
9.350152e-01 221725 1.205243e+02
9.450189e-01 226024 1.191444e+02
9.550021e-01 230515 1.180826e+02
9.650081e-01 236548 1.164557e+02
9.750165e-01 240697 1.147048e+02
9.850258e-01 246264 1.137583e+02
9.950310e-01 250480 1.119955e+02
