8.018239e-03 9 1.172098e+04
1.659868e-02 64 1.070438e+04
2.586446e-02 157 1.002346e+04
3.529679e-02 292 6.912777e+03
4.513097e-02 529 5.979108e+03
5.555287e-02 820 5.418116e+03
6.539610e-02 1000 4.662562e+03
7.523297e-02 1483 4.105259e+03
8.527687e-02 1792 3.607149e+03
9.513029e-02 2293 2.784325e+03
1.052419e-01 2848 2.532248e+03
1.151206e-01 3232 2.170286e+03
1.250948e-01 4077 2.095449e+03
1.351559e-01 4552 1.868874e+03
1.451184e-01 5377 1.673592e+03
1.550677e-01 5974 1.446980e+03
1.650359e-01 6976 1.285216e+03
1.750550e-01 7717 1.189022e+03
1.850940e-01 8776 1.111560e+03
1.950993e-01 9553 1.047702e+03
2.050639e-01 10660 9.717355e+02
2.150232e-01 11608 8.743766e+02
2.250206e-01 12937 8.387551e+02
2.351002e-01 14062 7.806636e+02
2.450739e-01 15105 7.343005e+02
2.550522e-01 16492 6.861713e+02
2.650604e-01 17821 6.504584e+02
2.750125e-01 18940 6.068335e+02
2.850269e-01 20836 5.780340e+02
2.950518e-01 21949 5.514854e+02
3.050599e-01 23656 5.214244e+02
3.149891e-01 24727 4.968636e+02
3.250379e-01 27400 4.760606e+02
3.350922e-01 28096 4.534934e+02
3.450584e-01 30337 4.456684e+02
3.550604e-01 31696 4.156238e+02
3.650295e-01 33849 4.041363e+02
3.750722e-01 35800 3.889171e+02
3.850647e-01 37348 3.712494e+02
3.950397e-01 39535 3.603434e+02
4.050307e-01 41452 3.497579e+02
4.150177e-01 43669 3.365457e+02
4.250356e-01 45832 3.269206e+02
4.350008e-01 47524 3.154042e+02
4.450186e-01 50761 3.071938e+02
4.550579e-01 52264 2.951666e+02
4.650571e-01 54973 2.882447e+02
4.750553e-01 56890 2.793305e+02
4.849982e-01 59233 2.710386e+02
4.949997e-01 62460 2.626168e+02
5.050400e-01 64660 2.554346e+02
5.150365e-01 67105 2.501702e+02
5.250511e-01 70108 2.435608e+02
5.350611e-01 72421 2.368687e+02
5.450809e-01 75628 2.312781e+02
5.550666e-01 77374 2.282194e+02
5.650248e-01 80965 2.216932e+02
5.750209e-01 83536 2.165905e+02
5.849943e-01 86509 2.121243e+02
5.950118e-01 90088 2.080296e+02
6.050243e-01 92524 2.035456e+02
6.150021e-01 95685 1.992038e+02
6.250268e-01 99460 1.945944e+02
6.350319e-01 101791 1.919854e+02
6.450443e-01 105940 1.873596e+02
6.550363e-01 108040 1.833749e+02
6.650248e-01 112417 1.795513e+02
6.749918e-01 114172 1.775136e+02
6.849838e-01 119989 1.747385e+02
6.950359e-01 122428 1.714050e+02
7.050021e-01 125049 1.678945e+02
7.150185e-01 130682 1.657202e+02
7.250500e-01 132820 1.625212e+02
7.350461e-01 137169 1.602082e+02
7.450354e-01 139912 1.578035e+02
7.550326e-01 145021 1.539927e+02
7.650453e-01 148000 1.519925e+02
7.750260e-01 151840 1.497090e+02
7.849916e-01 155365 1.479854e+02
7.950130e-01 161410 1.460438e+02
8.050563e-01 164341 1.436864e+02
8.150452e-01 167704 1.412304e+02
8.250456e-01 172960 1.395999e+02
8.350307e-01 175597 1.371781e+02
8.450225e-01 181552 1.355853e+02
8.550387e-01 185185 1.337038e+02
8.650410e-01 189576 1.319896e+02
8.750145e-01 192850 1.302763e+02
8.849866e-01 198481 1.286185e+02
8.950163e-01 203908 1.273344e+02
9.050183e-01 206677 1.252615e+02
9.150119e-01 212440 1.235922e+02
9.250146e-01 216544 1.223241e+02
9.350152e-01 221725 1.210561e+02
9.450189e-01 226024 1.192959e+02
9.550021e-01 230515 1.182098e+02
9.650081e-01 236548 1.166705e+02
9.750165e-01 240697 1.156859e+02
9.850258e-01 246264 1.141444e+02
9.950310e-01 250480 1.127499e+02
