8.018239e-03 9 6.572438e+03
1.659868e-02 64 1.080627e+04
2.586446e-02 157 9.588302e+03
3.529679e-02 292 7.963470e+03
4.513097e-02 529 6.811127e+03
5.555287e-02 820 5.439527e+03
6.539610e-02 1000 4.864714e+03
7.523297e-02 1483 4.039919e+03
8.527687e-02 1792 3.502861e+03
9.513029e-02 2293 2.765673e+03
1.052419e-01 2848 2.465056e+03
1.151206e-01 3232 2.136371e+03
1.250948e-01 4077 2.039489e+03
1.351559e-01 4552 1.863130e+03
1.451184e-01 5377 1.619704e+03
1.550677e-01 5974 1.430920e+03
1.650359e-01 6976 1.281926e+03
1.750550e-01 7717 1.203268e+03
1.850940e-01 8776 1.104090e+03
1.950993e-01 9553 1.047256e+03
2.050639e-01 10660 9.548959e+02
2.150232e-01 11608 8.735972e+02
2.250206e-01 12937 8.159956e+02
2.351002e-01 14062 7.731991e+02
2.450739e-01 15105 7.301745e+02
2.550522e-01 16492 6.825537e+02
2.650604e-01 17821 6.413560e+02
2.750125e-01 18940 6.126926e+02
2.850269e-01 20836 5.769150e+02
2.950518e-01 21949 5.465330e+02
3.050599e-01 23656 5.239098e+02
3.149891e-01 24727 4.929126e+02
3.250379e-01 27400 4.775932e+02
3.350922e-01 28096 4.586895e+02
3.450584e-01 30337 4.395402e+02
3.550604e-01 31696 4.170905e+02
3.650295e-01 33849 4.071543e+02
3.750722e-01 35800 3.877873e+02
3.850647e-01 37348 3.735825e+02
3.950397e-01 39535 3.599168e+02
4.050307e-01 41452 3.480698e+02
4.150177e-01 43669 3.345956e+02
4.250356e-01 45832 3.237716e+02
4.350008e-01 47524 3.158633e+02
4.450186e-01 50761 3.039119e+02
4.550579e-01 52264 2.967693e+02
4.650571e-01 54973 2.860509e+02
4.750553e-01 56890 2.795383e+02
4.849982e-01 59233 2.722350e+02
4.949997e-01 62460 2.640104e+02
5.050400e-01 64660 2.564109e+02
5.150365e-01 67105 2.494619e+02
5.250511e-01 70108 2.421418e+02
5.350611e-01 72421 2.367241e+02
5.450809e-01 75628 2.318356e+02
5.550666e-01 77374 2.268243e+02
5.650248e-01 80965 2.207256e+02
5.750209e-01 83536 2.148285e+02
5.849943e-01 86509 2.107534e+02
5.950118e-01 90088 2.073960e+02
6.050243e-01 92524 2.023901e+02
6.150021e-01 95685 1.987981e+02
6.250268e-01 99460 1.937213e+02
6.350319e-01 101791 1.916672e+02
6.450443e-01 105940 1.872502e+02
6.550363e-01 108040 1.833711e+02
6.650248e-01 112417 1.797881e+02
6.749918e-01 114172 1.770690e+02
6.849838e-01 119989 1.734126e+02
6.950359e-01 122428 1.697536e+02
7.050021e-01 125049 1.681004e+02
7.150185e-01 130682 1.651223e+02
7.250500e-01 132820 1.623900e+02
7.350461e-01 137169 1.588347e+02
7.450354e-01 139912 1.563944e+02
7.550326e-01 145021 1.545514e+02
7.650453e-01 148000 1.523291e+02
7.750260e-01 151840 1.495881e+02
7.849916e-01 155365 1.472086e+02
7.950130e-01 161410 1.451556e+02
8.050563e-01 164341 1.425436e+02
8.150452e-01 167704 1.417241e+02
8.250456e-01 172960 1.389156e+02
8.350307e-01 175597 1.369744e+02
8.450225e-01 181552 1.347882e+02
8.550387e-01 185185 1.329200e+02
8.650410e-01 189576 1.319839e+02
8.750145e-01 192850 1.297733e+02
8.849866e-01 198481 1.281032e+02
8.950163e-01 203908 1.262261e+02
9.050183e-01 206677 1.249410e+02
9.150119e-01 212440 1.234011e+02
9.250146e-01 216544 1.220615e+02
9.350152e-01 221725 1.207162e+02
9.450189e-01 226024 1.185937e+02
9.550021e-01 230515 1.172231e+02
9.650081e-01 236548 1.156475e+02
9.750165e-01 240697 1.152339e+02
9.850258e-01 246264 1.135806e+02
9.950310e-01 250480 1.125682e+02
