# sigma2_v 1.025780066669736e+01
0.000000e+00 1.000000e+00
1.000000e-02 9.994872e-01
2.000000e-02 9.979506e-01
3.000000e-02 9.953950e-01
4.000000e-02 9.918285e-01
5.000000e-02 9.872623e-01
6.000000e-02 9.817110e-01
7.000000e-02 9.751919e-01
8.000000e-02 9.677254e-01
9.000000e-02 9.593348e-01
1.000000e-01 9.500458e-01
1.100000e-01 9.398871e-01
1.200000e-01 9.288895e-01
1.300000e-01 9.170862e-01
1.400000e-01 9.045123e-01
1.500000e-01 8.912050e-01
1.600000e-01 8.772031e-01
1.700000e-01 8.625469e-01
1.800000e-01 8.472780e-01
1.900000e-01 8.314392e-01
2.000000e-01 8.150742e-01
2.100000e-01 7.982272e-01
2.200000e-01 7.809432e-01
2.300000e-01 7.632672e-01
2.400000e-01 7.452445e-01
2.500000e-01 7.269202e-01
2.600000e-01 7.083391e-01
2.700000e-01 6.895458e-01
2.800000e-01 6.705839e-01
2.900000e-01 6.514965e-01
3.000000e-01 6.323256e-01
3.100000e-01 6.131121e-01
3.200000e-01 5.938958e-01
3.300000e-01 5.747152e-01
3.400000e-01 5.556071e-01
3.500000e-01 5.366072e-01
3.600000e-01 5.177491e-01
3.700000e-01 4.990650e-01
3.800000e-01 4.805854e-01
3.900000e-01 4.623387e-01
4.000000e-01 4.443517e-01
4.100000e-01 4.266494e-01
4.200000e-01 4.092546e-01
4.300000e-01 3.921886e-01
4.400000e-01 3.754705e-01
4.500000e-01 3.591177e-01
4.600000e-01 3.431457e-01
4.700000e-01 3.275682e-01
4.800000e-01 3.123970e-01
4.900000e-01 2.976425e-01
5.000000e-01 2.833130e-01
5.100000e-01 2.694154e-01
5.200000e-01 2.559549e-01
5.300000e-01 2.429354e-01
5.400000e-01 2.303591e-01
5.500000e-01 2.182270e-01
5.600000e-01 2.065388e-01
5.700000e-01 1.952928e-01
5.800000e-01 1.844863e-01
5.900000e-01 1.741155e-01
6.000000e-01 1.641756e-01
6.100000e-01 1.546609e-01
6.200000e-01 1.455647e-01
6.300000e-01 1.368798e-01
6.400000e-01 1.285979e-01
6.500000e-01 1.207105e-01
6.600000e-01 1.132084e-01
6.700000e-01 1.060816e-01
6.800000e-01 9.932012e-02
6.900000e-01 9.291336e-02
7.000000e-01 8.685048e-02
7.100000e-01 8.112037e-02
7.200000e-01 7.571176e-02
7.300000e-01 7.061321e-02
7.400000e-01 6.581320e-02
7.500000e-01 6.130017e-02
7.600000e-01 5.706253e-02
7.700000e-01 5.308876e-02
7.800000e-01 4.936739e-02
7.900000e-01 4.588708e-02
8.000000e-01 4.263661e-02
8.100000e-01 3.960493e-02
8.200000e-01 3.678120e-02
8.300000e-01 3.415479e-02
8.400000e-01 3.171532e-02
8.500000e-01 2.945263e-02
8.600000e-01 2.735689e-02
8.700000e-01 2.541852e-02
8.800000e-01 2.362825e-02
8.900000e-01 2.197712e-02
9.000000e-01 2.045648e-02
9.100000e-01 1.905803e-02
9.200000e-01 1.777376e-02
9.300000e-01 1.659601e-02
9.400000e-01 1.551745e-02
9.500000e-01 1.453109e-02
9.600000e-01 1.363024e-02
9.700000e-01 1.280857e-02
9.800000e-01 1.206004e-02
9.900000e-01 1.137896e-02
1.000000e+00 1.075992e-02
1.010000e+00 1.019783e-02
1.020000e+00 9.687899e-03
1.030000e+00 9.225614e-03
1.040000e+00 8.806747e-03
1.050000e+00 8.427341e-03
1.060000e+00 8.083698e-03
1.070000e+00 7.772370e-03
1.080000e+00 7.490153e-03
1.090000e+00 7.234072e-03
1.100000e+00 7.001371e-03
1.110000e+00 6.789505e-03
1.120000e+00 6.596130e-03
1.130000e+00 6.419090e-03
1.140000e+00 6.256407e-03
1.150000e+00 6.106275e-03
1.160000e+00 5.967046e-03
1.170000e+00 5.837223e-03
1.180000e+00 5.715449e-03
1.190000e+00 5.600499e-03
1.200000e+00 5.491274e-03
1.210000e+00 5.386788e-03
1.220000e+00 5.286163e-03
1.230000e+00 5.188621e-03
1.240000e+00 5.093477e-03
1.250000e+00 5.000133e-03
1.260000e+00 4.908070e-03
1.270000e+00 4.816842e-03
1.280000e+00 4.726071e-03
1.290000e+00 4.635442e-03
1.300000e+00 4.544696e-03
1.310000e+00 4.453630e-03
1.320000e+00 4.362083e-03
1.330000e+00 4.269943e-03
1.340000e+00 4.177135e-03
1.350000e+00 4.083619e-03
1.360000e+00 3.989388e-03
1.370000e+00 3.894465e-03
1.380000e+00 3.798895e-03
1.390000e+00 3.702749e-03
1.400000e+00 3.606113e-03
1.410000e+00 3.509095e-03
1.420000e+00 3.411812e-03
1.430000e+00 3.314396e-03
1.440000e+00 3.216985e-03
1.450000e+00 3.119725e-03
1.460000e+00 3.022770e-03
1.470000e+00 2.926271e-03
1.480000e+00 2.830385e-03
1.490000e+00 2.735267e-03
1.500000e+00 2.641067e-03
1.510000e+00 2.547935e-03
1.520000e+00 2.456016e-03
1.530000e+00 2.365446e-03
1.540000e+00 2.276358e-03
1.550000e+00 2.188874e-03
1.560000e+00 2.103112e-03
1.570000e+00 2.019175e-03
1.580000e+00 1.937164e-03
1.590000e+00 1.857165e-03
1.600000e+00 1.779257e-03
1.610000e+00 1.703509e-03
1.620000e+00 1.629982e-03
1.630000e+00 1.558726e-03
1.640000e+00 1.489783e-03
1.650000e+00 1.423187e-03
1.660000e+00 1.358964e-03
1.670000e+00 1.297131e-03
1.680000e+00 1.237701e-03
1.690000e+00 1.180677e-03
1.700000e+00 1.126059e-03
1.710000e+00 1.073839e-03
1.720000e+00 1.024007e-03
1.730000e+00 9.765453e-04
1.740000e+00 9.314343e-04
1.750000e+00 8.886496e-04
1.760000e+00 8.481634e-04
1.770000e+00 8.099450e-04
1.780000e+00 7.739602e-04
1.790000e+00 7.401722e-04
1.800000e+00 7.085414e-04
1.810000e+00 6.790251e-04
1.820000e+00 6.515781e-04
1.830000e+00 6.261523e-04
1.840000e+00 6.026970e-04
1.850000e+00 5.811584e-04
1.860000e+00 5.614797e-04
1.870000e+00 5.436016e-04
1.880000e+00 5.274612e-04
1.890000e+00 5.129932e-04
1.900000e+00 5.001291e-04
1.910000e+00 4.887976e-04
1.920000e+00 4.789248e-04
1.930000e+00 4.704343e-04
1.940000e+00 4.632474e-04
1.950000e+00 4.572837e-04
1.960000e+00 4.524609e-04
1.970000e+00 4.486959e-04
1.980000e+00 4.459049e-04
1.990000e+00 4.440037e-04
2.000000e+00 4.429088e-04
2.010000e+00 4.425376e-04
2.020000e+00 4.428089e-04
2.030000e+00 4.436440e-04
2.040000e+00 4.449666e-04
2.050000e+00 4.467040e-04
2.060000e+00 4.487873e-04
2.070000e+00 4.511521e-04
2.080000e+00 4.537388e-04
2.090000e+00 4.564932e-04
2.100000e+00 4.593667e-04
2.110000e+00 4.623168e-04
2.120000e+00 4.653070e-04
2.130000e+00 4.683074e-04
2.140000e+00 4.712944e-04
2.150000e+00 4.742508e-04
2.160000e+00 4.771657e-04
2.170000e+00 4.800345e-04
2.180000e+00 4.828584e-04
2.190000e+00 4.856446e-04
2.200000e+00 4.884054e-04
2.210000e+00 4.911579e-04
2.220000e+00 4.939241e-04
2.230000e+00 4.967298e-04
2.240000e+00 4.996042e-04
2.250000e+00 5.025797e-04
2.260000e+00 5.056911e-04
2.270000e+00 5.089749e-04
2.280000e+00 5.124692e-04
2.290000e+00 5.162124e-04
2.300000e+00 5.202433e-04
2.310000e+00 5.246004e-04
2.320000e+00 5.293210e-04
2.330000e+00 5.344409e-04
2.340000e+00 5.399940e-04
2.350000e+00 5.460114e-04
2.360000e+00 5.525213e-04
2.370000e+00 5.595482e-04
2.380000e+00 5.671127e-04
2.390000e+00 5.752306e-04
2.400000e+00 5.839129e-04
2.410000e+00 5.931654e-04
2.420000e+00 6.029879e-04
2.430000e+00 6.133742e-04
2.440000e+00 6.243114e-04
2.450000e+00 6.357802e-04
2.460000e+00 6.477540e-04
2.470000e+00 6.601990e-04
2.480000e+00 6.730742e-04
2.490000e+00 6.863310e-04
2.500000e+00 6.999132e-04
2.510000e+00 7.137575e-04
2.520000e+00 7.277931e-04
2.530000e+00 7.419422e-04
2.540000e+00 7.561202e-04
2.550000e+00 7.702364e-04
2.560000e+00 7.841944e-04
2.570000e+00 7.978924e-04
2.580000e+00 8.112246e-04
2.590000e+00 8.240814e-04
2.600000e+00 8.363509e-04
2.610000e+00 8.479195e-04
2.620000e+00 8.586732e-04
2.630000e+00 8.684988e-04
2.640000e+00 8.772851e-04
2.650000e+00 8.849242e-04
2.660000e+00 8.913126e-04
2.670000e+00 8.963530e-04
2.680000e+00 8.999549e-04
2.690000e+00 9.020364e-04
2.700000e+00 9.025252e-04
2.710000e+00 9.013595e-04
2.720000e+00 8.984895e-04
2.730000e+00 8.938777e-04
2.740000e+00 8.875002e-04
2.750000e+00 8.793469e-04
2.760000e+00 8.694221e-04
2.770000e+00 8.577449e-04
2.780000e+00 8.443491e-04
2.790000e+00 8.292830e-04
2.800000e+00 8.126094e-04
2.810000e+00 7.944051e-04
2.820000e+00 7.747600e-04
2.830000e+00 7.537763e-04
2.840000e+00 7.315680e-04
2.850000e+00 7.082591e-04
2.860000e+00 6.839827e-04
2.870000e+00 6.588799e-04
2.880000e+00 6.330978e-04
2.890000e+00 6.067884e-04
2.900000e+00 5.801069e-04
2.910000e+00 5.532105e-04
2.920000e+00 5.262561e-04
2.930000e+00 4.993997e-04
2.940000e+00 4.727945e-04
2.950000e+00 4.465893e-04
2.960000e+00 4.209278e-04
2.970000e+00 3.959469e-04
2.980000e+00 3.717762e-04
2.990000e+00 3.485363e-04
3.000000e+00 3.263388e-04
3.010000e+00 3.052852e-04
3.020000e+00 2.854665e-04
3.030000e+00 2.669629e-04
3.040000e+00 2.498434e-04
3.050000e+00 2.341655e-04
3.060000e+00 2.199759e-04
3.070000e+00 2.073098e-04
3.080000e+00 1.961913e-04
3.090000e+00 1.866338e-04
3.100000e+00 1.786401e-04
3.110000e+00 1.722029e-04
3.120000e+00 1.673049e-04
3.130000e+00 1.639194e-04
3.140000e+00 1.620105e-04
3.150000e+00 1.615337e-04
3.160000e+00 1.624359e-04
3.170000e+00 1.646561e-04
3.180000e+00 1.681255e-04
3.190000e+00 1.727676e-04
3.200000e+00 1.784989e-04
3.210000e+00 1.852291e-04
3.220000e+00 1.928607e-04
3.230000e+00 2.012901e-04
3.240000e+00 2.104073e-04
3.250000e+00 2.200964e-04
3.260000e+00 2.302359e-04
3.270000e+00 2.406987e-04
3.280000e+00 2.513532e-04
3.290000e+00 2.620630e-04
3.300000e+00 2.726881e-04
3.310000e+00 2.830850e-04
3.320000e+00 2.931079e-04
3.330000e+00 3.026092e-04
3.340000e+00 3.114407e-04
3.350000e+00 3.194543e-04
3.360000e+00 3.265035e-04
3.370000e+00 3.324445e-04
3.380000e+00 3.371373e-04
3.390000e+00 3.404475e-04
3.400000e+00 3.422472e-04
3.410000e+00 3.424169e-04
3.420000e+00 3.408468e-04
3.430000e+00 3.374382e-04
3.440000e+00 3.321050e-04
3.450000e+00 3.247751e-04
3.460000e+00 3.153916e-04
3.470000e+00 3.039141e-04
3.480000e+00 2.903196e-04
3.490000e+00 2.746034e-04
3.500000e+00 2.567799e-04
3.510000e+00 2.368831e-04
3.520000e+00 2.149669e-04
3.530000e+00 1.911050e-04
3.540000e+00 1.653911e-04
3.550000e+00 1.379380e-04
3.560000e+00 1.088776e-04
3.570000e+00 7.835923e-05
3.580000e+00 4.654932e-05
3.590000e+00 1.362950e-05
3.600000e+00 -2.020472e-05
3.610000e+00 -5.474575e-05
3.620000e+00 -8.977584e-05
3.630000e+00 -1.250691e-04
3.640000e+00 -1.603938e-04
3.650000e+00 -1.955145e-04
3.660000e+00 -2.301946e-04
3.670000e+00 -2.641984e-04
3.680000e+00 -2.972937e-04
3.690000e+00 -3.292544e-04
3.700000e+00 -3.598620e-04
3.710000e+00 -3.889086e-04
3.720000e+00 -4.161986e-04
3.730000e+00 -4.415504e-04
3.740000e+00 -4.647986e-04
3.750000e+00 -4.857952e-04
3.760000e+00 -5.044110e-04
3.770000e+00 -5.205367e-04
3.780000e+00 -5.340838e-04
3.790000e+00 -5.449852e-04
3.800000e+00 -5.531951e-04
3.810000e+00 -5.586898e-04
3.820000e+00 -5.614671e-04
3.830000e+00 -5.615458e-04
3.840000e+00 -5.589652e-04
3.850000e+00 -5.537839e-04
3.860000e+00 -5.460794e-04
3.870000e+00 -5.359457e-04
3.880000e+00 -5.234927e-04
3.890000e+00 -5.088441e-04
3.900000e+00 -4.921357e-04
3.910000e+00 -4.735136e-04
3.920000e+00 -4.531321e-04
3.930000e+00 -4.311516e-04
3.940000e+00 -4.077367e-04
3.950000e+00 -3.830542e-04
3.960000e+00 -3.572707e-04
3.970000e+00 -3.305509e-04
3.980000e+00 -3.030558e-04
3.990000e+00 -2.749406e-04
4.000000e+00 -2.463529e-04
4.010000e+00 -2.174318e-04
4.020000e+00 -1.883057e-04
4.030000e+00 -1.590917e-04
4.040000e+00 -1.298940e-04
4.050000e+00 -1.008037e-04
4.060000e+00 -7.189767e-05
4.070000e+00 -4.323835e-05
4.080000e+00 -1.487352e-05
4.090000e+00 1.316371e-05
4.100000e+00 4.085466e-05
4.110000e+00 6.819464e-05
4.120000e+00 9.519233e-05
4.130000e+00 1.218690e-04
4.140000e+00 1.482573e-04
4.150000e+00 1.744006e-04
4.160000e+00 2.003510e-04
4.170000e+00 2.261686e-04
4.180000e+00 2.519195e-04
4.190000e+00 2.776743e-04
4.200000e+00 3.035067e-04
4.210000e+00 3.294913e-04
4.220000e+00 3.557025e-04
4.230000e+00 3.822124e-04
4.240000e+00 4.090892e-04
4.250000e+00 4.363958e-04
4.260000e+00 4.641879e-04
4.270000e+00 4.925132e-04
4.280000e+00 5.214096e-04
4.290000e+00 5.509043e-04
4.300000e+00 5.810127e-04
4.310000e+00 6.117378e-04
4.320000e+00 6.430693e-04
4.330000e+00 6.749835e-04
4.340000e+00 7.074426e-04
4.350000e+00 7.403950e-04
4.360000e+00 7.737753e-04
4.370000e+00 8.075050e-04
4.380000e+00 8.414922e-04
4.390000e+00 8.756332e-04
4.400000e+00 9.098127e-04
4.410000e+00 9.439054e-04
4.420000e+00 9.777765e-04
4.430000e+00 1.011284e-03
4.440000e+00 1.044278e-03
4.450000e+00 1.076606e-03
4.460000e+00 1.108110e-03
4.470000e+00 1.138631e-03
4.480000e+00 1.168010e-03
4.490000e+00 1.196088e-03
4.500000e+00 1.222712e-03
4.510000e+00 1.247732e-03
4.520000e+00 1.271002e-03
4.530000e+00 1.292389e-03
4.540000e+00 1.311763e-03
4.550000e+00 1.329010e-03
4.560000e+00 1.344024e-03
4.570000e+00 1.356714e-03
4.580000e+00 1.367001e-03
4.590000e+00 1.374822e-03
4.600000e+00 1.380129e-03
4.610000e+00 1.382889e-03
4.620000e+00 1.383087e-03
4.630000e+00 1.380725e-03
4.640000e+00 1.375819e-03
4.650000e+00 1.368404e-03
4.660000e+00 1.358532e-03
4.670000e+00 1.346271e-03
4.680000e+00 1.331705e-03
4.690000e+00 1.314934e-03
4.700000e+00 1.296071e-03
4.710000e+00 1.275245e-03
4.720000e+00 1.252599e-03
4.730000e+00 1.228286e-03
4.740000e+00 1.202470e-03
4.750000e+00 1.175328e-03
4.760000e+00 1.147041e-03
4.770000e+00 1.117802e-03
4.780000e+00 1.087806e-03
4.790000e+00 1.057254e-03
4.800000e+00 1.026349e-03
4.810000e+00 9.952957e-04
4.820000e+00 9.642971e-04
4.830000e+00 9.335546e-04
4.840000e+00 9.032656e-04
4.850000e+00 8.736218e-04
4.860000e+00 8.448074e-04
4.870000e+00 8.169979e-04
4.880000e+00 7.903585e-04
4.890000e+00 7.650422e-04
4.900000e+00 7.411888e-04
4.910000e+00 7.189238e-04
4.920000e+00 6.983568e-04
4.930000e+00 6.795807e-04
4.940000e+00 6.626709e-04
4.950000e+00 6.476847e-04
4.960000e+00 6.346607e-04
4.970000e+00 6.236184e-04
4.980000e+00 6.145585e-04
4.990000e+00 6.074625e-04
5.000000e+00 6.022937e-04
5.010000e+00 5.989971e-04
5.020000e+00 5.975005e-04
5.030000e+00 5.977158e-04
5.040000e+00 5.995396e-04
5.050000e+00 6.028548e-04
5.060000e+00 6.075325e-04
5.070000e+00 6.134330e-04
5.080000e+00 6.204085e-04
5.090000e+00 6.283043e-04
5.100000e+00 6.369611e-04
5.110000e+00 6.462172e-04
5.120000e+00 6.559105e-04
5.130000e+00 6.658807e-04
5.140000e+00 6.759709e-04
5.150000e+00 6.860303e-04
5.160000e+00 6.959154e-04
5.170000e+00 7.054923e-04
5.180000e+00 7.146378e-04
5.190000e+00 7.232411e-04
5.200000e+00 7.312049e-04
5.210000e+00 7.384464e-04
5.220000e+00 7.448979e-04
5.230000e+00 7.505072e-04
5.240000e+00 7.552381e-04
5.250000e+00 7.590700e-04
5.260000e+00 7.619978e-04
5.270000e+00 7.640311e-04
5.280000e+00 7.651933e-04
5.290000e+00 7.655209e-04
5.300000e+00 7.650618e-04
5.310000e+00 7.638739e-04
5.320000e+00 7.620237e-04
5.330000e+00 7.595842e-04
5.340000e+00 7.566333e-04
5.350000e+00 7.532515e-04
5.360000e+00 7.495203e-04
5.370000e+00 7.455200e-04
5.380000e+00 7.413278e-04
5.390000e+00 7.370160e-04
5.400000e+00 7.326502e-04
5.410000e+00 7.282875e-04
5.420000e+00 7.239754e-04
5.430000e+00 7.197502e-04
5.440000e+00 7.156362e-04
5.450000e+00 7.116447e-04
5.460000e+00 7.077735e-04
5.470000e+00 7.040066e-04
5.480000e+00 7.003139e-04
5.490000e+00 6.966520e-04
5.500000e+00 6.929638e-04
5.510000e+00 6.891798e-04
5.520000e+00 6.852190e-04
5.530000e+00 6.809897e-04
5.540000e+00 6.763912e-04
5.550000e+00 6.713151e-04
5.560000e+00 6.656469e-04
5.570000e+00 6.592682e-04
5.580000e+00 6.520581e-04
5.590000e+00 6.438952e-04
5.600000e+00 6.346599e-04
5.610000e+00 6.242358e-04
5.620000e+00 6.125123e-04
5.630000e+00 5.993857e-04
5.640000e+00 5.847615e-04
5.650000e+00 5.685558e-04
5.660000e+00 5.506968e-04
5.670000e+00 5.311261e-04
5.680000e+00 5.097999e-04
5.690000e+00 4.866899e-04
5.700000e+00 4.617839e-04
5.710000e+00 4.350865e-04
5.720000e+00 4.066191e-04
5.730000e+00 3.764203e-04
5.740000e+00 3.445453e-04
5.750000e+00 3.110657e-04
5.760000e+00 2.760690e-04
5.770000e+00 2.396577e-04
5.780000e+00 2.019479e-04
5.790000e+00 1.630689e-04
5.800000e+00 1.231610e-04
5.810000e+00 8.237501e-05
5.820000e+00 4.086971e-05
5.830000e+00 -1.189139e-06
5.840000e+00 -4.363074e-05
5.850000e+00 -8.628100e-05
5.860000e+00 -1.289643e-04
5.870000e+00 -1.715052e-04
5.880000e+00 -2.137302e-04
5.890000e+00 -2.554696e-04
5.900000e+00 -2.965588e-04
5.910000e+00 -3.368398e-04
5.920000e+00 -3.761632e-04
5.930000e+00 -4.143887e-04
5.940000e+00 -4.513866e-04
5.950000e+00 -4.870392e-04
5.960000e+00 -5.212408e-04
5.970000e+00 -5.538992e-04
5.980000e+00 -5.849357e-04
5.990000e+00 -6.142857e-04
6.000000e+00 -6.418986e-04
6.010000e+00 -6.677383e-04
6.020000e+00 -6.917825e-04
6.030000e+00 -7.140228e-04
6.040000e+00 -7.344638e-04
6.050000e+00 -7.531230e-04
6.060000e+00 -7.700295e-04
6.070000e+00 -7.852236e-04
6.080000e+00 -7.987554e-04
6.090000e+00 -8.106842e-04
6.100000e+00 -8.210768e-04
6.110000e+00 -8.300065e-04
6.120000e+00 -8.375520e-04
6.130000e+00 -8.437957e-04
6.140000e+00 -8.488226e-04
6.150000e+00 -8.527190e-04
6.160000e+00 -8.555707e-04
6.170000e+00 -8.574624e-04
6.180000e+00 -8.584759e-04
6.190000e+00 -8.586887e-04
6.200000e+00 -8.581736e-04
6.210000e+00 -8.569969e-04
6.220000e+00 -8.552176e-04
6.230000e+00 -8.528866e-04
6.240000e+00 -8.500458e-04
6.250000e+00 -8.467278e-04
6.260000e+00 -8.429546e-04
6.270000e+00 -8.387379e-04
6.280000e+00 -8.340787e-04
6.290000e+00 -8.289666e-04
6.300000e+00 -8.233808e-04
6.310000e+00 -8.172891e-04
6.320000e+00 -8.106493e-04
6.330000e+00 -8.034089e-04
6.340000e+00 -7.955057e-04
6.350000e+00 -7.868691e-04
6.360000e+00 -7.774201e-04
6.370000e+00 -7.670729e-04
6.380000e+00 -7.557357e-04
6.390000e+00 -7.433118e-04
6.400000e+00 -7.297009e-04
6.410000e+00 -7.148005e-04
6.420000e+00 -6.985072e-04
6.430000e+00 -6.807182e-04
6.440000e+00 -6.613325e-04
6.450000e+00 -6.402528e-04
6.460000e+00 -6.173868e-04
6.470000e+00 -5.926486e-04
6.480000e+00 -5.659602e-04
6.490000e+00 -5.372529e-04
6.500000e+00 -5.064685e-04
6.510000e+00 -4.735607e-04
6.520000e+00 -4.384963e-04
6.530000e+00 -4.012560e-04
6.540000e+00 -3.618352e-04
6.550000e+00 -3.202452e-04
6.560000e+00 -2.765131e-04
6.570000e+00 -2.306830e-04
6.580000e+00 -1.828155e-04
6.590000e+00 -1.329883e-04
6.600000e+00 -8.129550e-05
6.610000e+00 -2.784783e-05
6.620000e+00 2.722827e-05
6.630000e+00 8.379123e-05
6.640000e+00 1.416853e-04
6.650000e+00 2.007417e-04
6.660000e+00 2.607797e-04
6.670000e+00 3.216082e-04
6.680000e+00 3.830273e-04
6.690000e+00 4.448298e-04
6.700000e+00 5.068031e-04
6.710000e+00 5.687310e-04
6.720000e+00 6.303959e-04
6.730000e+00 6.915801e-04
6.740000e+00 7.520684e-04
6.750000e+00 8.116499e-04
6.760000e+00 8.701194e-04
6.770000e+00 9.272801e-04
6.780000e+00 9.829445e-04
6.790000e+00 1.036936e-03
6.800000e+00 1.089093e-03
6.810000e+00 1.139264e-03
6.820000e+00 1.187316e-03
6.830000e+00 1.233130e-03
6.840000e+00 1.276607e-03
6.850000e+00 1.317662e-03
6.860000e+00 1.356230e-03
6.870000e+00 1.392262e-03
6.880000e+00 1.425729e-03
6.890000e+00 1.456618e-03
6.900000e+00 1.484934e-03
6.910000e+00 1.510696e-03
6.920000e+00 1.533940e-03
6.930000e+00 1.554717e-03
6.940000e+00 1.573089e-03
6.950000e+00 1.589131e-03
6.960000e+00 1.602927e-03
6.970000e+00 1.614570e-03
6.980000e+00 1.624161e-03
6.990000e+00 1.631807e-03
7.000000e+00 1.637615e-03
7.010000e+00 1.641699e-03
7.020000e+00 1.644171e-03
7.030000e+00 1.645144e-03
7.040000e+00 1.644726e-03
7.050000e+00 1.643025e-03
7.060000e+00 1.640143e-03
7.070000e+00 1.636177e-03
7.080000e+00 1.631216e-03
7.090000e+00 1.625345e-03
7.100000e+00 1.618640e-03
7.110000e+00 1.611167e-03
7.120000e+00 1.602988e-03
7.130000e+00 1.594154e-03
7.140000e+00 1.584709e-03
7.150000e+00 1.574690e-03
7.160000e+00 1.564124e-03
7.170000e+00 1.553034e-03
7.180000e+00 1.541436e-03
7.190000e+00 1.529341e-03
7.200000e+00 1.516753e-03
7.210000e+00 1.503674e-03
7.220000e+00 1.490105e-03
7.230000e+00 1.476040e-03
7.240000e+00 1.461476e-03
7.250000e+00 1.446409e-03
7.260000e+00 1.430834e-03
7.270000e+00 1.414749e-03
7.280000e+00 1.398155e-03
7.290000e+00 1.381054e-03
7.300000e+00 1.363452e-03
7.310000e+00 1.345362e-03
7.320000e+00 1.326799e-03
7.330000e+00 1.307784e-03
7.340000e+00 1.288344e-03
7.350000e+00 1.268511e-03
7.360000e+00 1.248324e-03
7.370000e+00 1.227826e-03
7.380000e+00 1.207069e-03
7.390000e+00 1.186107e-03
7.400000e+00 1.165003e-03
7.410000e+00 1.143822e-03
7.420000e+00 1.122635e-03
7.430000e+00 1.101517e-03
7.440000e+00 1.080547e-03
7.450000e+00 1.059806e-03
7.460000e+00 1.039378e-03
7.470000e+00 1.019347e-03
7.480000e+00 9.998001e-04
7.490000e+00 9.808213e-04
7.500000e+00 9.624949e-04
7.510000e+00 9.449028e-04
7.520000e+00 9.281239e-04
7.530000e+00 9.122330e-04
7.540000e+00 8.973000e-04
7.550000e+00 8.833888e-04
7.560000e+00 8.705568e-04
7.570000e+00 8.588535e-04
7.580000e+00 8.483200e-04
7.590000e+00 8.389879e-04
7.600000e+00 8.308791e-04
7.610000e+00 8.240048e-04
7.620000e+00 8.183649e-04
7.630000e+00 8.139477e-04
7.640000e+00 8.107298e-04
7.650000e+00 8.086752e-04
7.660000e+00 8.077358e-04
7.670000e+00 8.078513e-04
7.680000e+00 8.089493e-04
7.690000e+00 8.109454e-04
7.700000e+00 8.137442e-04
7.710000e+00 8.172392e-04
7.720000e+00 8.213141e-04
7.730000e+00 8.258434e-04
7.740000e+00 8.306935e-04
7.750000e+00 8.357237e-04
7.760000e+00 8.407873e-04
7.770000e+00 8.457333e-04
7.780000e+00 8.504075e-04
7.790000e+00 8.546537e-04
7.800000e+00 8.583159e-04
7.810000e+00 8.612391e-04
7.820000e+00 8.632710e-04
7.830000e+00 8.642639e-04
7.840000e+00 8.640755e-04
7.850000e+00 8.625707e-04
7.860000e+00 8.596228e-04
7.870000e+00 8.551148e-04
7.880000e+00 8.489403e-04
7.890000e+00 8.410046e-04
7.900000e+00 8.312255e-04
7.910000e+00 8.195340e-04
7.920000e+00 8.058748e-04
7.930000e+00 7.902067e-04
7.940000e+00 7.725026e-04
7.950000e+00 7.527498e-04
7.960000e+00 7.309497e-04
7.970000e+00 7.071178e-04
7.980000e+00 6.812829e-04
7.990000e+00 6.534867e-04
8.000000e+00 6.237835e-04
8.010000e+00 5.922389e-04
8.020000e+00 5.589296e-04
8.030000e+00 5.239419e-04
8.040000e+00 4.873713e-04
8.050000e+00 4.493215e-04
8.060000e+00 4.099033e-04
8.070000e+00 3.692336e-04
8.080000e+00 3.274350e-04
8.090000e+00 2.846345e-04
8.100000e+00 2.409629e-04
8.110000e+00 1.965540e-04
8.120000e+00 1.515444e-04
8.130000e+00 1.060721e-04
8.140000e+00 6.027673e-05
8.150000e+00 1.429897e-05
8.160000e+00 -3.172001e-05
8.170000e+00 -7.763861e-05
8.180000e+00 -1.233151e-04
8.190000e+00 -1.686079e-04
8.200000e+00 -2.133754e-04
8.210000e+00 -2.574766e-04
8.220000e+00 -3.007707e-04
8.230000e+00 -3.431177e-04
8.240000e+00 -3.843780e-04
8.250000e+00 -4.244134e-04
8.260000e+00 -4.630866e-04
8.270000e+00 -5.002618e-04
8.280000e+00 -5.358051e-04
8.290000e+00 -5.695848e-04
8.300000e+00 -6.014724e-04
8.310000e+00 -6.313422e-04
8.320000e+00 -6.590732e-04
8.330000e+00 -6.845490e-04
8.340000e+00 -7.076586e-04
8.350000e+00 -7.282981e-04
8.360000e+00 -7.463706e-04
8.370000e+00 -7.617878e-04
8.380000e+00 -7.744705e-04
8.390000e+00 -7.843502e-04
8.400000e+00 -7.913692e-04
8.410000e+00 -7.954822e-04
8.420000e+00 -7.966566e-04
8.430000e+00 -7.948735e-04
8.440000e+00 -7.901284e-04
8.450000e+00 -7.824316e-04
8.460000e+00 -7.718085e-04
8.470000e+00 -7.583001e-04
8.480000e+00 -7.419628e-04
8.490000e+00 -7.228688e-04
8.500000e+00 -7.011052e-04
8.510000e+00 -6.767745e-04
8.520000e+00 -6.499930e-04
8.530000e+00 -6.208911e-04
8.540000e+00 -5.896117e-04
8.550000e+00 -5.563096e-04
8.560000e+00 -5.211502e-04
8.570000e+00 -4.843081e-04
8.580000e+00 -4.459662e-04
8.590000e+00 -4.063138e-04
8.600000e+00 -3.655453e-04
8.610000e+00 -3.238586e-04
8.620000e+00 -2.814538e-04
8.630000e+00 -2.385311e-04
8.640000e+00 -1.952899e-04
8.650000e+00 -1.519268e-04
8.660000e+00 -1.086345e-04
8.670000e+00 -6.560013e-05
8.680000e+00 -2.300419e-05
8.690000e+00 1.898066e-05
8.700000e+00 6.019076e-05
8.710000e+00 1.004723e-04
8.720000e+00 1.396823e-04
8.730000e+00 1.776891e-04
8.740000e+00 2.143729e-04
8.750000e+00 2.496266e-04
8.760000e+00 2.833557e-04
8.770000e+00 3.154783e-04
8.780000e+00 3.459257e-04
8.790000e+00 3.746422e-04
8.800000e+00 4.015844e-04
8.810000e+00 4.267215e-04
8.820000e+00 4.500348e-04
8.830000e+00 4.715171e-04
8.840000e+00 4.911723e-04
8.850000e+00 5.090149e-04
8.860000e+00 5.250691e-04
8.870000e+00 5.393683e-04
8.880000e+00 5.519544e-04
8.890000e+00 5.628770e-04
8.900000e+00 5.721925e-04
8.910000e+00 5.799636e-04
8.920000e+00 5.862582e-04
8.930000e+00 5.911489e-04
8.940000e+00 5.947119e-04
8.950000e+00 5.970266e-04
8.960000e+00 5.981743e-04
8.970000e+00 5.982381e-04
8.980000e+00 5.973017e-04
8.990000e+00 5.954487e-04
9.000000e+00 5.927625e-04
9.010000e+00 5.893249e-04
9.020000e+00 5.852161e-04
9.030000e+00 5.805140e-04
9.040000e+00 5.752937e-04
9.050000e+00 5.696270e-04
9.060000e+00 5.635822e-04
9.070000e+00 5.572236e-04
9.080000e+00 5.506114e-04
9.090000e+00 5.438014e-04
9.100000e+00 5.368450e-04
9.110000e+00 5.297889e-04
9.120000e+00 5.226754e-04
9.130000e+00 5.155422e-04
9.140000e+00 5.084224e-04
9.150000e+00 5.013451e-04
9.160000e+00 4.943352e-04
9.170000e+00 4.874136e-04
9.180000e+00 4.805977e-04
9.190000e+00 4.739017e-04
9.200000e+00 4.673366e-04
9.210000e+00 4.609106e-04
9.220000e+00 4.546296e-04
9.230000e+00 4.484972e-04
9.240000e+00 4.425151e-04
9.250000e+00 4.366834e-04
9.260000e+00 4.310006e-04
9.270000e+00 4.254637e-04
9.280000e+00 4.200685e-04
9.290000e+00 4.148096e-04
9.300000e+00 4.096801e-04
9.310000e+00 4.046721e-04
9.320000e+00 3.997756e-04
9.330000e+00 3.949795e-04
9.340000e+00 3.902704e-04
9.350000e+00 3.856327e-04
9.360000e+00 3.810485e-04
9.370000e+00 3.764968e-04
9.380000e+00 3.719536e-04
9.390000e+00 3.673913e-04
9.400000e+00 3.627785e-04
9.410000e+00 3.580799e-04
9.420000e+00 3.532555e-04
9.430000e+00 3.482613e-04
9.440000e+00 3.430482e-04
9.450000e+00 3.375630e-04
9.460000e+00 3.317478e-04
9.470000e+00 3.255403e-04
9.480000e+00 3.188743e-04
9.490000e+00 3.116802e-04
9.500000e+00 3.038852e-04
9.510000e+00 2.954142e-04
9.520000e+00 2.861904e-04
9.530000e+00 2.761366e-04
9.540000e+00 2.651756e-04
9.550000e+00 2.532316e-04
9.560000e+00 2.402313e-04
9.570000e+00 2.261052e-04
9.580000e+00 2.107885e-04
9.590000e+00 1.942227e-04
9.600000e+00 1.763565e-04
9.610000e+00 1.571472e-04
9.620000e+00 1.365622e-04
9.630000e+00 1.145791e-04
9.640000e+00 9.118793e-05
9.650000e+00 6.639103e-05
9.660000e+00 4.020436e-05
9.670000e+00 1.265794e-05
9.680000e+00 -1.620372e-05
9.690000e+00 -4.632129e-05
9.700000e+00 -7.762055e-05
9.710000e+00 -1.100125e-04
9.720000e+00 -1.433935e-04
9.730000e+00 -1.776458e-04
9.740000e+00 -2.126385e-04
9.750000e+00 -2.482277e-04
9.760000e+00 -2.842578e-04
9.770000e+00 -3.205630e-04
9.780000e+00 -3.569678e-04
9.790000e+00 -3.932889e-04
9.800000e+00 -4.293365e-04
9.810000e+00 -4.649159e-04
9.820000e+00 -4.998289e-04
9.830000e+00 -5.338758e-04
9.840000e+00 -5.668567e-04
9.850000e+00 -5.985733e-04
9.860000e+00 -6.288305e-04
9.870000e+00 -6.574382e-04
9.880000e+00 -6.842122e-04
9.890000e+00 -7.089765e-04
9.900000e+00 -7.315640e-04
9.910000e+00 -7.518180e-04
9.920000e+00 -7.695933e-04
9.930000e+00 -7.847573e-04
9.940000e+00 -7.971910e-04
9.950000e+00 -8.067894e-04
9.960000e+00 -8.134624e-04
9.970000e+00 -8.171356e-04
9.980000e+00 -8.177500e-04
9.990000e+00 -8.152630e-04
1.000000e+01 -8.096481e-04
