# sigma2_v 9.677832379500522e+00
0.000000e+00 1.000000e+00
1.000000e-02 9.995162e-01
2.000000e-02 9.980664e-01
3.000000e-02 9.956549e-01
4.000000e-02 9.922891e-01
5.000000e-02 9.879791e-01
6.000000e-02 9.827379e-01
7.000000e-02 9.765813e-01
8.000000e-02 9.695277e-01
9.000000e-02 9.615981e-01
1.000000e-01 9.528159e-01
1.100000e-01 9.432067e-01
1.200000e-01 9.327987e-01
1.300000e-01 9.216217e-01
1.400000e-01 9.097077e-01
1.500000e-01 8.970902e-01
1.600000e-01 8.838045e-01
1.700000e-01 8.698871e-01
1.800000e-01 8.553759e-01
1.900000e-01 8.403097e-01
2.000000e-01 8.247282e-01
2.100000e-01 8.086718e-01
2.200000e-01 7.921815e-01
2.300000e-01 7.752985e-01
2.400000e-01 7.580641e-01
2.500000e-01 7.405197e-01
2.600000e-01 7.227066e-01
2.700000e-01 7.046655e-01
2.800000e-01 6.864368e-01
2.900000e-01 6.680604e-01
3.000000e-01 6.495750e-01
3.100000e-01 6.310189e-01
3.200000e-01 6.124290e-01
3.300000e-01 5.938413e-01
3.400000e-01 5.752905e-01
3.500000e-01 5.568101e-01
3.600000e-01 5.384320e-01
3.700000e-01 5.201868e-01
3.800000e-01 5.021036e-01
3.900000e-01 4.842099e-01
4.000000e-01 4.665316e-01
4.100000e-01 4.490930e-01
4.200000e-01 4.319167e-01
4.300000e-01 4.150235e-01
4.400000e-01 3.984330e-01
4.500000e-01 3.821626e-01
4.600000e-01 3.662284e-01
4.700000e-01 3.506447e-01
4.800000e-01 3.354242e-01
4.900000e-01 3.205783e-01
5.000000e-01 3.061165e-01
5.100000e-01 2.920470e-01
5.200000e-01 2.783765e-01
5.300000e-01 2.651104e-01
5.400000e-01 2.522525e-01
5.500000e-01 2.398057e-01
5.600000e-01 2.277715e-01
5.700000e-01 2.161500e-01
5.800000e-01 2.049406e-01
5.900000e-01 1.941414e-01
6.000000e-01 1.837496e-01
6.100000e-01 1.737616e-01
6.200000e-01 1.641728e-01
6.300000e-01 1.549778e-01
6.400000e-01 1.461707e-01
6.500000e-01 1.377448e-01
6.600000e-01 1.296927e-01
6.700000e-01 1.220067e-01
6.800000e-01 1.146785e-01
6.900000e-01 1.076994e-01
7.000000e-01 1.010603e-01
7.100000e-01 9.475190e-02
7.200000e-01 8.876451e-02
7.300000e-01 8.308830e-02
7.400000e-01 7.771326e-02
7.500000e-01 7.262925e-02
7.600000e-01 6.782605e-02
7.700000e-01 6.329339e-02
7.800000e-01 5.902099e-02
7.900000e-01 5.499861e-02
8.000000e-01 5.121605e-02
8.100000e-01 4.766319e-02
8.200000e-01 4.433003e-02
8.300000e-01 4.120671e-02
8.400000e-01 3.828352e-02
8.500000e-01 3.555093e-02
8.600000e-01 3.299961e-02
8.700000e-01 3.062043e-02
8.800000e-01 2.840451e-02
8.900000e-01 2.634318e-02
9.000000e-01 2.442806e-02
9.100000e-01 2.265100e-02
9.200000e-01 2.100411e-02
9.300000e-01 1.947981e-02
9.400000e-01 1.807077e-02
9.500000e-01 1.676994e-02
9.600000e-01 1.557056e-02
9.700000e-01 1.446616e-02
9.800000e-01 1.345053e-02
9.900000e-01 1.251777e-02
1.000000e+00 1.166224e-02
1.010000e+00 1.087856e-02
1.020000e+00 1.016164e-02
1.030000e+00 9.506656e-03
1.040000e+00 8.909019e-03
1.050000e+00 8.364407e-03
1.060000e+00 7.868736e-03
1.070000e+00 7.418158e-03
1.080000e+00 7.009050e-03
1.090000e+00 6.638012e-03
1.100000e+00 6.301851e-03
1.110000e+00 5.997577e-03
1.120000e+00 5.722394e-03
1.130000e+00 5.473690e-03
1.140000e+00 5.249029e-03
1.150000e+00 5.046145e-03
1.160000e+00 4.862928e-03
1.170000e+00 4.697424e-03
1.180000e+00 4.547819e-03
1.190000e+00 4.412439e-03
1.200000e+00 4.289738e-03
1.210000e+00 4.178291e-03
1.220000e+00 4.076792e-03
1.230000e+00 3.984042e-03
1.240000e+00 3.898947e-03
1.250000e+00 3.820510e-03
1.260000e+00 3.747827e-03
1.270000e+00 3.680082e-03
1.280000e+00 3.616539e-03
1.290000e+00 3.556541e-03
1.300000e+00 3.499503e-03
1.310000e+00 3.444909e-03
1.320000e+00 3.392307e-03
1.330000e+00 3.341303e-03
1.340000e+00 3.291561e-03
1.350000e+00 3.242798e-03
1.360000e+00 3.194776e-03
1.370000e+00 3.147305e-03
1.380000e+00 3.100234e-03
1.390000e+00 3.053451e-03
1.400000e+00 3.006878e-03
1.410000e+00 2.960468e-03
1.420000e+00 2.914205e-03
1.430000e+00 2.868094e-03
1.440000e+00 2.822166e-03
1.450000e+00 2.776471e-03
1.460000e+00 2.731076e-03
1.470000e+00 2.686064e-03
1.480000e+00 2.641531e-03
1.490000e+00 2.597582e-03
1.500000e+00 2.554334e-03
1.510000e+00 2.511907e-03
1.520000e+00 2.470431e-03
1.530000e+00 2.430035e-03
1.540000e+00 2.390854e-03
1.550000e+00 2.353022e-03
1.560000e+00 2.316673e-03
1.570000e+00 2.281939e-03
1.580000e+00 2.248949e-03
1.590000e+00 2.217828e-03
1.600000e+00 2.188696e-03
1.610000e+00 2.161667e-03
1.620000e+00 2.136847e-03
1.630000e+00 2.114332e-03
1.640000e+00 2.094211e-03
1.650000e+00 2.076562e-03
1.660000e+00 2.061449e-03
1.670000e+00 2.048927e-03
1.680000e+00 2.039036e-03
1.690000e+00 2.031800e-03
1.700000e+00 2.027231e-03
1.710000e+00 2.025325e-03
1.720000e+00 2.026058e-03
1.730000e+00 2.029395e-03
1.740000e+00 2.035281e-03
1.750000e+00 2.043644e-03
1.760000e+00 2.054396e-03
1.770000e+00 2.067434e-03
1.780000e+00 2.082636e-03
1.790000e+00 2.099868e-03
1.800000e+00 2.118979e-03
1.810000e+00 2.139806e-03
1.820000e+00 2.162176e-03
1.830000e+00 2.185902e-03
1.840000e+00 2.210790e-03
1.850000e+00 2.236641e-03
1.860000e+00 2.263246e-03
1.870000e+00 2.290399e-03
1.880000e+00 2.317887e-03
1.890000e+00 2.345501e-03
1.900000e+00 2.373034e-03
1.910000e+00 2.400283e-03
1.920000e+00 2.427053e-03
1.930000e+00 2.453155e-03
1.940000e+00 2.478411e-03
1.950000e+00 2.502653e-03
1.960000e+00 2.525725e-03
1.970000e+00 2.547485e-03
1.980000e+00 2.567804e-03
1.990000e+00 2.586567e-03
2.000000e+00 2.603673e-03
2.010000e+00 2.619036e-03
2.020000e+00 2.632583e-03
2.030000e+00 2.644257e-03
2.040000e+00 2.654011e-03
2.050000e+00 2.661814e-03
2.060000e+00 2.667643e-03
2.070000e+00 2.671488e-03
2.080000e+00 2.673348e-03
2.090000e+00 2.673230e-03
2.100000e+00 2.671148e-03
2.110000e+00 2.667124e-03
2.120000e+00 2.661184e-03
2.130000e+00 2.653358e-03
2.140000e+00 2.643681e-03
2.150000e+00 2.632189e-03
2.160000e+00 2.618922e-03
2.170000e+00 2.603920e-03
2.180000e+00 2.587225e-03
2.190000e+00 2.568880e-03
2.200000e+00 2.548926e-03
2.210000e+00 2.527409e-03
2.220000e+00 2.504371e-03
2.230000e+00 2.479859e-03
2.240000e+00 2.453918e-03
2.250000e+00 2.426594e-03
2.260000e+00 2.397936e-03
2.270000e+00 2.367991e-03
2.280000e+00 2.336811e-03
2.290000e+00 2.304448e-03
2.300000e+00 2.270956e-03
2.310000e+00 2.236390e-03
2.320000e+00 2.200808e-03
2.330000e+00 2.164267e-03
2.340000e+00 2.126829e-03
2.350000e+00 2.088554e-03
2.360000e+00 2.049503e-03
2.370000e+00 2.009739e-03
2.380000e+00 1.969323e-03
2.390000e+00 1.928316e-03
2.400000e+00 1.886777e-03
2.410000e+00 1.844764e-03
2.420000e+00 1.802331e-03
2.430000e+00 1.759530e-03
2.440000e+00 1.716411e-03
2.450000e+00 1.673017e-03
2.460000e+00 1.629390e-03
2.470000e+00 1.585565e-03
2.480000e+00 1.541573e-03
2.490000e+00 1.497442e-03
2.500000e+00 1.453193e-03
2.510000e+00 1.408845e-03
2.520000e+00 1.364411e-03
2.530000e+00 1.319903e-03
2.540000e+00 1.275326e-03
2.550000e+00 1.230687e-03
2.560000e+00 1.185987e-03
2.570000e+00 1.141230e-03
2.580000e+00 1.096418e-03
2.590000e+00 1.051553e-03
2.600000e+00 1.006639e-03
2.610000e+00 9.616855e-04
2.620000e+00 9.167014e-04
2.630000e+00 8.717019e-04
2.640000e+00 8.267071e-04
2.650000e+00 7.817426e-04
2.660000e+00 7.368407e-04
2.670000e+00 6.920403e-04
2.680000e+00 6.473880e-04
2.690000e+00 6.029377e-04
2.700000e+00 5.587516e-04
2.710000e+00 5.148992e-04
2.720000e+00 4.714584e-04
2.730000e+00 4.285142e-04
2.740000e+00 3.861589e-04
2.750000e+00 3.444916e-04
2.760000e+00 3.036174e-04
2.770000e+00 2.636467e-04
2.780000e+00 2.246942e-04
2.790000e+00 1.868781e-04
2.800000e+00 1.503187e-04
2.810000e+00 1.151377e-04
2.820000e+00 8.145630e-05
2.830000e+00 4.939435e-05
2.840000e+00 1.906863e-05
2.850000e+00 -9.408430e-06
2.860000e+00 -3.593031e-05
2.870000e+00 -6.039782e-05
2.880000e+00 -8.272060e-05
2.890000e+00 -1.028185e-04
2.900000e+00 -1.206231e-04
2.910000e+00 -1.360787e-04
2.920000e+00 -1.491439e-04
2.930000e+00 -1.597925e-04
2.940000e+00 -1.680144e-04
2.950000e+00 -1.738165e-04
2.960000e+00 -1.772231e-04
2.970000e+00 -1.782766e-04
2.980000e+00 -1.770377e-04
2.990000e+00 -1.735850e-04
3.000000e+00 -1.680150e-04
3.010000e+00 -1.604418e-04
3.020000e+00 -1.509959e-04
3.030000e+00 -1.398233e-04
3.040000e+00 -1.270847e-04
3.050000e+00 -1.129534e-04
3.060000e+00 -9.761393e-05
3.070000e+00 -8.126023e-05
3.080000e+00 -6.409339e-05
3.090000e+00 -4.631955e-05
3.100000e+00 -2.814756e-05
3.110000e+00 -9.786581e-06
3.120000e+00 8.556337e-06
3.130000e+00 2.667870e-05
3.140000e+00 4.438495e-05
3.150000e+00 6.148876e-05
3.160000e+00 7.781520e-05
3.170000e+00 9.320274e-05
3.180000e+00 1.075050e-04
3.190000e+00 1.205925e-04
3.200000e+00 1.323535e-04
3.210000e+00 1.426955e-04
3.220000e+00 1.515455e-04
3.230000e+00 1.588507e-04
3.240000e+00 1.645780e-04
3.250000e+00 1.687143e-04
3.260000e+00 1.712653e-04
3.270000e+00 1.722547e-04
3.280000e+00 1.717231e-04
3.290000e+00 1.697264e-04
3.300000e+00 1.663338e-04
3.310000e+00 1.616263e-04
3.320000e+00 1.556942e-04
3.330000e+00 1.486350e-04
3.340000e+00 1.405513e-04
3.350000e+00 1.315486e-04
3.360000e+00 1.217326e-04
3.370000e+00 1.112075e-04
3.380000e+00 1.000737e-04
3.390000e+00 8.842603e-05
3.400000e+00 7.635218e-05
3.410000e+00 6.393091e-05
3.420000e+00 5.123110e-05
3.430000e+00 3.831063e-05
3.440000e+00 2.521578e-05
3.450000e+00 1.198072e-05
3.460000e+00 -1.372611e-06
3.470000e+00 -1.483444e-05
3.480000e+00 -2.840679e-05
3.490000e+00 -4.210299e-05
3.500000e+00 -5.594687e-05
3.510000e+00 -6.997186e-05
3.520000e+00 -8.421997e-05
3.530000e+00 -9.874062e-05
3.540000e+00 -1.135894e-04
3.550000e+00 -1.288267e-04
3.560000e+00 -1.445169e-04
3.570000e+00 -1.607263e-04
3.580000e+00 -1.775228e-04
3.590000e+00 -1.949740e-04
3.600000e+00 -2.131467e-04
3.610000e+00 -2.321058e-04
3.620000e+00 -2.519131e-04
3.630000e+00 -2.726271e-04
3.640000e+00 -2.943019e-04
3.650000e+00 -3.169871e-04
3.660000e+00 -3.407269e-04
3.670000e+00 -3.655602e-04
3.680000e+00 -3.915201e-04
3.690000e+00 -4.186338e-04
3.700000e+00 -4.469223e-04
3.710000e+00 -4.764004e-04
3.720000e+00 -5.070764e-04
3.730000e+00 -5.389523e-04
3.740000e+00 -5.720233e-04
3.750000e+00 -6.062781e-04
3.760000e+00 -6.416980e-04
3.770000e+00 -6.782575e-04
3.780000e+00 -7.159236e-04
3.790000e+00 -7.546555e-04
3.800000e+00 -7.944047e-04
3.810000e+00 -8.351144e-04
3.820000e+00 -8.767191e-04
3.830000e+00 -9.191449e-04
3.840000e+00 -9.623088e-04
3.850000e+00 -1.006119e-03
3.860000e+00 -1.050474e-03
3.870000e+00 -1.095263e-03
3.880000e+00 -1.140368e-03
3.890000e+00 -1.185661e-03
3.900000e+00 -1.231005e-03
3.910000e+00 -1.276258e-03
3.920000e+00 -1.321267e-03
3.930000e+00 -1.365876e-03
3.940000e+00 -1.409924e-03
3.950000e+00 -1.453244e-03
3.960000e+00 -1.495669e-03
3.970000e+00 -1.537028e-03
3.980000e+00 -1.577153e-03
3.990000e+00 -1.615875e-03
4.000000e+00 -1.653031e-03
4.010000e+00 -1.688462e-03
4.020000e+00 -1.722016e-03
4.030000e+00 -1.753550e-03
4.040000e+00 -1.782928e-03
4.050000e+00 -1.810029e-03
4.060000e+00 -1.834743e-03
4.070000e+00 -1.856973e-03
4.080000e+00 -1.876638e-03
4.090000e+00 -1.893670e-03
4.100000e+00 -1.908021e-03
4.110000e+00 -1.919656e-03
4.120000e+00 -1.928559e-03
4.130000e+00 -1.934728e-03
4.140000e+00 -1.938181e-03
4.150000e+00 -1.938948e-03
4.160000e+00 -1.937077e-03
4.170000e+00 -1.932630e-03
4.180000e+00 -1.925682e-03
4.190000e+00 -1.916321e-03
4.200000e+00 -1.904647e-03
4.210000e+00 -1.890768e-03
4.220000e+00 -1.874802e-03
4.230000e+00 -1.856877e-03
4.240000e+00 -1.837122e-03
4.250000e+00 -1.815674e-03
4.260000e+00 -1.792674e-03
4.270000e+00 -1.768264e-03
4.280000e+00 -1.742585e-03
4.290000e+00 -1.715781e-03
4.300000e+00 -1.687994e-03
4.310000e+00 -1.659362e-03
4.320000e+00 -1.630021e-03
4.330000e+00 -1.600104e-03
4.340000e+00 -1.569738e-03
4.350000e+00 -1.539046e-03
4.360000e+00 -1.508143e-03
4.370000e+00 -1.477142e-03
4.380000e+00 -1.446146e-03
4.390000e+00 -1.415253e-03
4.400000e+00 -1.384553e-03
4.410000e+00 -1.354130e-03
4.420000e+00 -1.324062e-03
4.430000e+00 -1.294417e-03
4.440000e+00 -1.265258e-03
4.450000e+00 -1.236641e-03
4.460000e+00 -1.208614e-03
4.470000e+00 -1.181218e-03
4.480000e+00 -1.154490e-03
4.490000e+00 -1.128456e-03
4.500000e+00 -1.103140e-03
4.510000e+00 -1.078557e-03
4.520000e+00 -1.054717e-03
4.530000e+00 -1.031625e-03
4.540000e+00 -1.009280e-03
4.550000e+00 -9.876768e-04
4.560000e+00 -9.668039e-04
4.570000e+00 -9.466469e-04
4.580000e+00 -9.271871e-04
4.590000e+00 -9.084020e-04
4.600000e+00 -8.902659e-04
4.610000e+00 -8.727501e-04
4.620000e+00 -8.558235e-04
4.630000e+00 -8.394525e-04
4.640000e+00 -8.236016e-04
4.650000e+00 -8.082337e-04
4.660000e+00 -7.933101e-04
4.670000e+00 -7.787910e-04
4.680000e+00 -7.646356e-04
4.690000e+00 -7.508019e-04
4.700000e+00 -7.372474e-04
4.710000e+00 -7.239290e-04
4.720000e+00 -7.108027e-04
4.730000e+00 -6.978240e-04
4.740000e+00 -6.849482e-04
4.750000e+00 -6.721297e-04
4.760000e+00 -6.593229e-04
4.770000e+00 -6.464814e-04
4.780000e+00 -6.335591e-04
4.790000e+00 -6.205096e-04
4.800000e+00 -6.072866e-04
4.810000e+00 -5.938443e-04
4.820000e+00 -5.801377e-04
4.830000e+00 -5.661230e-04
4.840000e+00 -5.517579e-04
4.850000e+00 -5.370026e-04
4.860000e+00 -5.218199e-04
4.870000e+00 -5.061763e-04
4.880000e+00 -4.900425e-04
4.890000e+00 -4.733943e-04
4.900000e+00 -4.562135e-04
4.910000e+00 -4.384886e-04
4.920000e+00 -4.202153e-04
4.930000e+00 -4.013980e-04
4.940000e+00 -3.820498e-04
4.950000e+00 -3.621934e-04
4.960000e+00 -3.418617e-04
4.970000e+00 -3.210978e-04
4.980000e+00 -2.999557e-04
4.990000e+00 -2.784998e-04
5.000000e+00 -2.568053e-04
5.010000e+00 -2.349574e-04
5.020000e+00 -2.130509e-04
5.030000e+00 -1.911895e-04
5.040000e+00 -1.694846e-04
5.050000e+00 -1.480547e-04
5.060000e+00 -1.270231e-04
5.070000e+00 -1.065172e-04
5.080000e+00 -8.666656e-05
5.090000e+00 -6.760100e-05
5.100000e+00 -4.944894e-05
5.110000e+00 -3.233539e-05
5.120000e+00 -1.638011e-05
5.130000e+00 -1.695696e-06
5.140000e+00 1.161418e-05
5.150000e+00 2.345648e-05
5.160000e+00 3.375033e-05
5.170000e+00 4.242839e-05
5.180000e+00 4.943798e-05
5.190000e+00 5.474199e-05
5.200000e+00 5.831953e-05
5.210000e+00 6.016628e-05
5.220000e+00 6.029459e-05
5.230000e+00 5.873326e-05
5.240000e+00 5.552704e-05
5.250000e+00 5.073589e-05
5.260000e+00 4.443390e-05
5.270000e+00 3.670807e-05
5.280000e+00 2.765681e-05
5.290000e+00 1.738827e-05
5.300000e+00 6.018594e-06
5.310000e+00 -6.330043e-06
5.320000e+00 -1.953136e-05
5.330000e+00 -3.345698e-05
5.340000e+00 -4.797839e-05
5.350000e+00 -6.296887e-05
5.360000e+00 -7.830531e-05
5.370000e+00 -9.386990e-05
5.380000e+00 -1.095517e-04
5.390000e+00 -1.252479e-04
5.400000e+00 -1.408651e-04
5.410000e+00 -1.563202e-04
5.420000e+00 -1.715411e-04
5.430000e+00 -1.864670e-04
5.440000e+00 -2.010492e-04
5.450000e+00 -2.152504e-04
5.460000e+00 -2.290450e-04
5.470000e+00 -2.424187e-04
5.480000e+00 -2.553678e-04
5.490000e+00 -2.678985e-04
5.500000e+00 -2.800263e-04
5.510000e+00 -2.917749e-04
5.520000e+00 -3.031754e-04
5.530000e+00 -3.142650e-04
5.540000e+00 -3.250864e-04
5.550000e+00 -3.356864e-04
5.560000e+00 -3.461149e-04
5.570000e+00 -3.564245e-04
5.580000e+00 -3.666690e-04
5.590000e+00 -3.769029e-04
5.600000e+00 -3.871809e-04
5.610000e+00 -3.975568e-04
5.620000e+00 -4.080835e-04
5.630000e+00 -4.188124e-04
5.640000e+00 -4.297930e-04
5.650000e+00 -4.410729e-04
5.660000e+00 -4.526975e-04
5.670000e+00 -4.647098e-04
5.680000e+00 -4.771508e-04
5.690000e+00 -4.900591e-04
5.700000e+00 -5.034712e-04
5.710000e+00 -5.174214e-04
5.720000e+00 -5.319420e-04
5.730000e+00 -5.470635e-04
5.740000e+00 -5.628142e-04
5.750000e+00 -5.792210e-04
5.760000e+00 -5.963086e-04
5.770000e+00 -6.141003e-04
5.780000e+00 -6.326173e-04
5.790000e+00 -6.518791e-04
5.800000e+00 -6.719035e-04
5.810000e+00 -6.927062e-04
5.820000e+00 -7.143008e-04
5.830000e+00 -7.366990e-04
5.840000e+00 -7.599103e-04
5.850000e+00 -7.839419e-04
5.860000e+00 -8.087988e-04
5.870000e+00 -8.344836e-04
5.880000e+00 -8.609965e-04
5.890000e+00 -8.883354e-04
5.900000e+00 -9.164961e-04
5.910000e+00 -9.454719e-04
5.920000e+00 -9.752539e-04
5.930000e+00 -1.005831e-03
5.940000e+00 -1.037191e-03
5.950000e+00 -1.069319e-03
5.960000e+00 -1.102198e-03
5.970000e+00 -1.135810e-03
5.980000e+00 -1.170136e-03
5.990000e+00 -1.205155e-03
6.000000e+00 -1.240843e-03
6.010000e+00 -1.277177e-03
6.020000e+00 -1.314132e-03
6.030000e+00 -1.351679e-03
6.040000e+00 -1.389791e-03
6.050000e+00 -1.428435e-03
6.060000e+00 -1.467579e-03
6.070000e+00 -1.507186e-03
6.080000e+00 -1.547218e-03
6.090000e+00 -1.587631e-03
6.100000e+00 -1.628380e-03
6.110000e+00 -1.669413e-03
6.120000e+00 -1.710675e-03
6.130000e+00 -1.752105e-03
6.140000e+00 -1.793635e-03
6.150000e+00 -1.835192e-03
6.160000e+00 -1.876696e-03
6.170000e+00 -1.918060e-03
6.180000e+00 -1.959190e-03
6.190000e+00 -1.999983e-03
6.200000e+00 -2.040331e-03
6.210000e+00 -2.080115e-03
6.220000e+00 -2.119212e-03
6.230000e+00 -2.157489e-03
6.240000e+00 -2.194808e-03
6.250000e+00 -2.231023e-03
6.260000e+00 -2.265984e-03
6.270000e+00 -2.299533e-03
6.280000e+00 -2.331511e-03
6.290000e+00 -2.361752e-03
6.300000e+00 -2.390092e-03
6.310000e+00 -2.416360e-03
6.320000e+00 -2.440389e-03
6.330000e+00 -2.462011e-03
6.340000e+00 -2.481059e-03
6.350000e+00 -2.497372e-03
6.360000e+00 -2.510791e-03
6.370000e+00 -2.521164e-03
6.380000e+00 -2.528344e-03
6.390000e+00 -2.532195e-03
6.400000e+00 -2.532586e-03
6.410000e+00 -2.529402e-03
6.420000e+00 -2.522533e-03
6.430000e+00 -2.511887e-03
6.440000e+00 -2.497381e-03
6.450000e+00 -2.478948e-03
6.460000e+00 -2.456536e-03
6.470000e+00 -2.430107e-03
6.480000e+00 -2.399642e-03
6.490000e+00 -2.365136e-03
6.500000e+00 -2.326601e-03
6.510000e+00 -2.284069e-03
6.520000e+00 -2.237588e-03
6.530000e+00 -2.187222e-03
6.540000e+00 -2.133056e-03
6.550000e+00 -2.075192e-03
6.560000e+00 -2.013748e-03
6.570000e+00 -1.948860e-03
6.580000e+00 -1.880682e-03
6.590000e+00 -1.809384e-03
6.600000e+00 -1.735149e-03
6.610000e+00 -1.658180e-03
6.620000e+00 -1.578691e-03
6.630000e+00 -1.496909e-03
6.640000e+00 -1.413074e-03
6.650000e+00 -1.327437e-03
6.660000e+00 -1.240259e-03
6.670000e+00 -1.151808e-03
6.680000e+00 -1.062360e-03
6.690000e+00 -9.721949e-04
6.700000e+00 -8.815969e-04
6.710000e+00 -7.908520e-04
6.720000e+00 -7.002460e-04
6.730000e+00 -6.100630e-04
6.740000e+00 -5.205839e-04
6.750000e+00 -4.320842e-04
6.760000e+00 -3.448325e-04
6.770000e+00 -2.590888e-04
6.780000e+00 -1.751030e-04
6.790000e+00 -9.311328e-05
6.800000e+00 -1.334461e-05
6.810000e+00 6.399225e-05
6.820000e+00 1.387021e-04
6.830000e+00 2.106063e-04
6.840000e+00 2.795434e-04
6.850000e+00 3.453700e-04
6.860000e+00 4.079612e-04
6.870000e+00 4.672110e-04
6.880000e+00 5.230321e-04
6.890000e+00 5.753564e-04
6.900000e+00 6.241344e-04
6.910000e+00 6.693350e-04
6.920000e+00 7.109450e-04
6.930000e+00 7.489688e-04
6.940000e+00 7.834268e-04
6.950000e+00 8.143557e-04
6.960000e+00 8.418068e-04
6.970000e+00 8.658450e-04
6.980000e+00 8.865483e-04
6.990000e+00 9.040061e-04
7.000000e+00 9.183187e-04
7.010000e+00 9.295957e-04
7.020000e+00 9.379548e-04
7.030000e+00 9.435213e-04
7.040000e+00 9.464265e-04
7.050000e+00 9.468069e-04
7.060000e+00 9.448032e-04
7.070000e+00 9.405591e-04
7.080000e+00 9.342208e-04
7.090000e+00 9.259357e-04
7.100000e+00 9.158522e-04
7.110000e+00 9.041181e-04
7.120000e+00 8.908808e-04
7.130000e+00 8.762860e-04
7.140000e+00 8.604771e-04
7.150000e+00 8.435951e-04
7.160000e+00 8.257775e-04
7.170000e+00 8.071580e-04
7.180000e+00 7.878660e-04
7.190000e+00 7.680262e-04
7.200000e+00 7.477578e-04
7.210000e+00 7.271745e-04
7.220000e+00 7.063840e-04
7.230000e+00 6.854874e-04
7.240000e+00 6.645792e-04
7.250000e+00 6.437466e-04
7.260000e+00 6.230698e-04
7.270000e+00 6.026213e-04
7.280000e+00 5.824660e-04
7.290000e+00 5.626610e-04
7.300000e+00 5.432559e-04
7.310000e+00 5.242923e-04
7.320000e+00 5.058044e-04
7.330000e+00 4.878189e-04
7.340000e+00 4.703556e-04
7.350000e+00 4.534272e-04
7.360000e+00 4.370403e-04
7.370000e+00 4.211958e-04
7.380000e+00 4.058891e-04
7.390000e+00 3.911109e-04
7.400000e+00 3.768481e-04
7.410000e+00 3.630844e-04
7.420000e+00 3.498005e-04
7.430000e+00 3.369758e-04
7.440000e+00 3.245884e-04
7.450000e+00 3.126160e-04
7.460000e+00 3.010368e-04
7.470000e+00 2.898298e-04
7.480000e+00 2.789758e-04
7.490000e+00 2.684576e-04
7.500000e+00 2.582604e-04
7.510000e+00 2.483723e-04
7.520000e+00 2.387847e-04
7.530000e+00 2.294919e-04
7.540000e+00 2.204915e-04
7.550000e+00 2.117841e-04
7.560000e+00 2.033733e-04
7.570000e+00 1.952650e-04
7.580000e+00 1.874673e-04
7.590000e+00 1.799898e-04
7.600000e+00 1.728429e-04
7.610000e+00 1.660374e-04
7.620000e+00 1.595835e-04
7.630000e+00 1.534901e-04
7.640000e+00 1.477641e-04
7.650000e+00 1.424096e-04
7.660000e+00 1.374270e-04
7.670000e+00 1.328128e-04
7.680000e+00 1.285583e-04
7.690000e+00 1.246496e-04
7.700000e+00 1.210668e-04
7.710000e+00 1.177840e-04
7.720000e+00 1.147689e-04
7.730000e+00 1.119828e-04
7.740000e+00 1.093808e-04
7.750000e+00 1.069121e-04
7.760000e+00 1.045201e-04
7.770000e+00 1.021433e-04
7.780000e+00 9.971594e-05
7.790000e+00 9.716876e-05
7.800000e+00 9.443000e-05
7.810000e+00 9.142646e-05
7.820000e+00 8.808469e-05
7.830000e+00 8.433219e-05
7.840000e+00 8.009867e-05
7.850000e+00 7.531731e-05
7.860000e+00 6.992606e-05
7.870000e+00 6.386887e-05
7.880000e+00 5.709682e-05
7.890000e+00 4.956925e-05
7.900000e+00 4.125473e-05
7.910000e+00 3.213187e-05
7.920000e+00 2.219003e-05
7.930000e+00 1.142987e-05
7.940000e+00 -1.363724e-07
7.950000e+00 -1.248468e-05
7.960000e+00 -2.557935e-05
7.970000e+00 -3.937322e-05
7.980000e+00 -5.380812e-05
7.990000e+00 -6.881556e-05
8.000000e+00 -8.431751e-05
8.010000e+00 -1.002274e-04
8.020000e+00 -1.164513e-04
8.030000e+00 -1.328892e-04
8.040000e+00 -1.494364e-04
8.050000e+00 -1.659847e-04
8.060000e+00 -1.824246e-04
8.070000e+00 -1.986460e-04
8.080000e+00 -2.145402e-04
8.090000e+00 -2.300016e-04
8.100000e+00 -2.449284e-04
8.110000e+00 -2.592247e-04
8.120000e+00 -2.728012e-04
8.130000e+00 -2.855767e-04
8.140000e+00 -2.974785e-04
8.150000e+00 -3.084437e-04
8.160000e+00 -3.184193e-04
8.170000e+00 -3.273627e-04
8.180000e+00 -3.352423e-04
8.190000e+00 -3.420367e-04
8.200000e+00 -3.477351e-04
8.210000e+00 -3.523366e-04
8.220000e+00 -3.558499e-04
8.230000e+00 -3.582923e-04
8.240000e+00 -3.596892e-04
8.250000e+00 -3.600730e-04
8.260000e+00 -3.594820e-04
8.270000e+00 -3.579597e-04
8.280000e+00 -3.555535e-04
8.290000e+00 -3.523136e-04
8.300000e+00 -3.482921e-04
8.310000e+00 -3.435423e-04
8.320000e+00 -3.381173e-04
8.330000e+00 -3.320694e-04
8.340000e+00 -3.254500e-04
8.350000e+00 -3.183083e-04
8.360000e+00 -3.106913e-04
8.370000e+00 -3.026436e-04
8.380000e+00 -2.942073e-04
8.390000e+00 -2.854219e-04
8.400000e+00 -2.763249e-04
8.410000e+00 -2.669515e-04
8.420000e+00 -2.573356e-04
8.430000e+00 -2.475098e-04
8.440000e+00 -2.375067e-04
8.450000e+00 -2.273585e-04
8.460000e+00 -2.170986e-04
8.470000e+00 -2.067617e-04
8.480000e+00 -1.963844e-04
8.490000e+00 -1.860059e-04
8.500000e+00 -1.756684e-04
8.510000e+00 -1.654174e-04
8.520000e+00 -1.553020e-04
8.530000e+00 -1.453747e-04
8.540000e+00 -1.356918e-04
8.550000e+00 -1.263132e-04
8.560000e+00 -1.173014e-04
8.570000e+00 -1.087218e-04
8.580000e+00 -1.006415e-04
8.590000e+00 -9.312900e-05
8.600000e+00 -8.625281e-05
8.610000e+00 -8.008086e-05
8.620000e+00 -7.467927e-05
8.630000e+00 -7.011129e-05
8.640000e+00 -6.643611e-05
8.650000e+00 -6.370779e-05
8.660000e+00 -6.197410e-05
8.670000e+00 -6.127547e-05
8.680000e+00 -6.164400e-05
8.690000e+00 -6.310261e-05
8.700000e+00 -6.566424e-05
8.710000e+00 -6.933126e-05
8.720000e+00 -7.409501e-05
8.730000e+00 -7.993552e-05
8.740000e+00 -8.682136e-05
8.750000e+00 -9.470975e-05
8.760000e+00 -1.035468e-04
8.770000e+00 -1.132679e-04
8.780000e+00 -1.237985e-04
8.790000e+00 -1.350544e-04
8.800000e+00 -1.469433e-04
8.810000e+00 -1.593653e-04
8.820000e+00 -1.722142e-04
8.830000e+00 -1.853787e-04
8.840000e+00 -1.987439e-04
8.850000e+00 -2.121920e-04
8.860000e+00 -2.256043e-04
8.870000e+00 -2.388623e-04
8.880000e+00 -2.518487e-04
8.890000e+00 -2.644491e-04
8.900000e+00 -2.765528e-04
8.910000e+00 -2.880541e-04
8.920000e+00 -2.988535e-04
8.930000e+00 -3.088580e-04
8.940000e+00 -3.179826e-04
8.950000e+00 -3.261507e-04
8.960000e+00 -3.332943e-04
8.970000e+00 -3.393553e-04
8.980000e+00 -3.442850e-04
8.990000e+00 -3.480448e-04
9.000000e+00 -3.506061e-04
9.010000e+00 -3.519506e-04
9.020000e+00 -3.520700e-04
9.030000e+00 -3.509659e-04
9.040000e+00 -3.486498e-04
9.050000e+00 -3.451424e-04
9.060000e+00 -3.404738e-04
9.070000e+00 -3.346826e-04
9.080000e+00 -3.278159e-04
9.090000e+00 -3.199287e-04
9.100000e+00 -3.110833e-04
9.110000e+00 -3.013487e-04
9.120000e+00 -2.908005e-04
9.130000e+00 -2.795198e-04
9.140000e+00 -2.675928e-04
9.150000e+00 -2.551105e-04
9.160000e+00 -2.421673e-04
9.170000e+00 -2.288610e-04
9.180000e+00 -2.152919e-04
9.190000e+00 -2.015618e-04
9.200000e+00 -1.877737e-04
9.210000e+00 -1.740306e-04
9.220000e+00 -1.604350e-04
9.230000e+00 -1.470881e-04
9.240000e+00 -1.340887e-04
9.250000e+00 -1.215329e-04
9.260000e+00 -1.095127e-04
9.270000e+00 -9.811570e-05
9.280000e+00 -8.742424e-05
9.290000e+00 -7.751456e-05
9.300000e+00 -6.845627e-05
9.310000e+00 -6.031170e-05
9.320000e+00 -5.313540e-05
9.330000e+00 -4.697365e-05
9.340000e+00 -4.186418e-05
9.350000e+00 -3.783583e-05
9.360000e+00 -3.490844e-05
9.370000e+00 -3.309277e-05
9.380000e+00 -3.239058e-05
9.390000e+00 -3.279479e-05
9.400000e+00 -3.428973e-05
9.410000e+00 -3.685155e-05
9.420000e+00 -4.044864e-05
9.430000e+00 -4.504222e-05
9.440000e+00 -5.058695e-05
9.450000e+00 -5.703159e-05
9.460000e+00 -6.431978e-05
9.470000e+00 -7.239075e-05
9.480000e+00 -8.118014e-05
9.490000e+00 -9.062075e-05
9.500000e+00 -1.006433e-04
9.510000e+00 -1.111772e-04
9.520000e+00 -1.221512e-04
9.530000e+00 -1.334938e-04
9.540000e+00 -1.451344e-04
9.550000e+00 -1.570031e-04
9.560000e+00 -1.690313e-04
9.570000e+00 -1.811522e-04
9.580000e+00 -1.933009e-04
9.590000e+00 -2.054142e-04
9.600000e+00 -2.174311e-04
9.610000e+00 -2.292925e-04
9.620000e+00 -2.409409e-04
9.630000e+00 -2.523206e-04
9.640000e+00 -2.633770e-04
9.650000e+00 -2.740566e-04
9.660000e+00 -2.843068e-04
9.670000e+00 -2.940752e-04
9.680000e+00 -3.033096e-04
9.690000e+00 -3.119576e-04
9.700000e+00 -3.199663e-04
9.710000e+00 -3.272824e-04
9.720000e+00 -3.338516e-04
9.730000e+00 -3.396191e-04
9.740000e+00 -3.445289e-04
9.750000e+00 -3.485247e-04
9.760000e+00 -3.515497e-04
9.770000e+00 -3.535468e-04
9.780000e+00 -3.544591e-04
9.790000e+00 -3.542306e-04
9.800000e+00 -3.528063e-04
9.810000e+00 -3.501331e-04
9.820000e+00 -3.461606e-04
9.830000e+00 -3.408414e-04
9.840000e+00 -3.341319e-04
9.850000e+00 -3.259936e-04
9.860000e+00 -3.163932e-04
9.870000e+00 -3.053035e-04
9.880000e+00 -2.927043e-04
9.890000e+00 -2.785827e-04
9.900000e+00 -2.629341e-04
9.910000e+00 -2.457622e-04
9.920000e+00 -2.270796e-04
9.930000e+00 -2.069082e-04
9.940000e+00 -1.852793e-04
9.950000e+00 -1.622334e-04
9.960000e+00 -1.378203e-04
9.970000e+00 -1.120992e-04
9.980000e+00 -8.513777e-05
9.990000e+00 -5.701208e-05
1.000000e+01 -2.780594e-05
