# sigma2_v 1.065999034387084e+01
0.000000e+00 1.000000e+00
1.000000e-02 9.994672e-01
2.000000e-02 9.978704e-01
3.000000e-02 9.952152e-01
4.000000e-02 9.915106e-01
5.000000e-02 9.867690e-01
6.000000e-02 9.810066e-01
7.000000e-02 9.742425e-01
8.000000e-02 9.664994e-01
9.000000e-02 9.578030e-01
1.000000e-01 9.481818e-01
1.100000e-01 9.376674e-01
1.200000e-01 9.262937e-01
1.300000e-01 9.140971e-01
1.400000e-01 9.011162e-01
1.500000e-01 8.873917e-01
1.600000e-01 8.729658e-01
1.700000e-01 8.578825e-01
1.800000e-01 8.421870e-01
1.900000e-01 8.259254e-01
2.000000e-01 8.091448e-01
2.100000e-01 7.918929e-01
2.200000e-01 7.742176e-01
2.300000e-01 7.561672e-01
2.400000e-01 7.377896e-01
2.500000e-01 7.191326e-01
2.600000e-01 7.002434e-01
2.700000e-01 6.811686e-01
2.800000e-01 6.619537e-01
2.900000e-01 6.426435e-01
3.000000e-01 6.232813e-01
3.100000e-01 6.039092e-01
3.200000e-01 5.845676e-01
3.300000e-01 5.652955e-01
3.400000e-01 5.461302e-01
3.500000e-01 5.271070e-01
3.600000e-01 5.082595e-01
3.700000e-01 4.896193e-01
3.800000e-01 4.712160e-01
3.900000e-01 4.530772e-01
4.000000e-01 4.352285e-01
4.100000e-01 4.176933e-01
4.200000e-01 4.004931e-01
4.300000e-01 3.836473e-01
4.400000e-01 3.671732e-01
4.500000e-01 3.510863e-01
4.600000e-01 3.354001e-01
4.700000e-01 3.201260e-01
4.800000e-01 3.052738e-01
4.900000e-01 2.908514e-01
5.000000e-01 2.768651e-01
5.100000e-01 2.633194e-01
5.200000e-01 2.502173e-01
5.300000e-01 2.375605e-01
5.400000e-01 2.253491e-01
5.500000e-01 2.135819e-01
5.600000e-01 2.022565e-01
5.700000e-01 1.913694e-01
5.800000e-01 1.809160e-01
5.900000e-01 1.708909e-01
6.000000e-01 1.612874e-01
6.100000e-01 1.520986e-01
6.200000e-01 1.433163e-01
6.300000e-01 1.349320e-01
6.400000e-01 1.269365e-01
6.500000e-01 1.193203e-01
6.600000e-01 1.120732e-01
6.700000e-01 1.051850e-01
6.800000e-01 9.864478e-02
6.900000e-01 9.244176e-02
7.000000e-01 8.656485e-02
7.100000e-01 8.100283e-02
7.200000e-01 7.574445e-02
7.300000e-01 7.077843e-02
7.400000e-01 6.609350e-02
7.500000e-01 6.167847e-02
7.600000e-01 5.752222e-02
7.700000e-01 5.361377e-02
7.800000e-01 4.994230e-02
7.900000e-01 4.649716e-02
8.000000e-01 4.326791e-02
8.100000e-01 4.024432e-02
8.200000e-01 3.741641e-02
8.300000e-01 3.477446e-02
8.400000e-01 3.230898e-02
8.500000e-01 3.001080e-02
8.600000e-01 2.787100e-02
8.700000e-01 2.588096e-02
8.800000e-01 2.403237e-02
8.900000e-01 2.231719e-02
9.000000e-01 2.072769e-02
9.100000e-01 1.925646e-02
9.200000e-01 1.789634e-02
9.300000e-01 1.664053e-02
9.400000e-01 1.548246e-02
9.500000e-01 1.441591e-02
9.600000e-01 1.343490e-02
9.700000e-01 1.253377e-02
9.800000e-01 1.170710e-02
9.900000e-01 1.094977e-02
1.000000e+00 1.025693e-02
1.010000e+00 9.623950e-03
1.020000e+00 9.046489e-03
1.030000e+00 8.520435e-03
1.040000e+00 8.041913e-03
1.050000e+00 7.607275e-03
1.060000e+00 7.213095e-03
1.070000e+00 6.856160e-03
1.080000e+00 6.533457e-03
1.090000e+00 6.242170e-03
1.100000e+00 5.979669e-03
1.110000e+00 5.743501e-03
1.120000e+00 5.531382e-03
1.130000e+00 5.341189e-03
1.140000e+00 5.170952e-03
1.150000e+00 5.018841e-03
1.160000e+00 4.883164e-03
1.170000e+00 4.762356e-03
1.180000e+00 4.654971e-03
1.190000e+00 4.559674e-03
1.200000e+00 4.475235e-03
1.210000e+00 4.400521e-03
1.220000e+00 4.334489e-03
1.230000e+00 4.276181e-03
1.240000e+00 4.224714e-03
1.250000e+00 4.179281e-03
1.260000e+00 4.139138e-03
1.270000e+00 4.103603e-03
1.280000e+00 4.072054e-03
1.290000e+00 4.043917e-03
1.300000e+00 4.018671e-03
1.310000e+00 3.995838e-03
1.320000e+00 3.974982e-03
1.330000e+00 3.955706e-03
1.340000e+00 3.937652e-03
1.350000e+00 3.920494e-03
1.360000e+00 3.903941e-03
1.370000e+00 3.887732e-03
1.380000e+00 3.871635e-03
1.390000e+00 3.855448e-03
1.400000e+00 3.838996e-03
1.410000e+00 3.822130e-03
1.420000e+00 3.804727e-03
1.430000e+00 3.786689e-03
1.440000e+00 3.767942e-03
1.450000e+00 3.748436e-03
1.460000e+00 3.728142e-03
1.470000e+00 3.707055e-03
1.480000e+00 3.685187e-03
1.490000e+00 3.662574e-03
1.500000e+00 3.639268e-03
1.510000e+00 3.615338e-03
1.520000e+00 3.590870e-03
1.530000e+00 3.565964e-03
1.540000e+00 3.540730e-03
1.550000e+00 3.515291e-03
1.560000e+00 3.489778e-03
1.570000e+00 3.464328e-03
1.580000e+00 3.439083e-03
1.590000e+00 3.414187e-03
1.600000e+00 3.389785e-03
1.610000e+00 3.366018e-03
1.620000e+00 3.343026e-03
1.630000e+00 3.320939e-03
1.640000e+00 3.299884e-03
1.650000e+00 3.279974e-03
1.660000e+00 3.261314e-03
1.670000e+00 3.243997e-03
1.680000e+00 3.228100e-03
1.690000e+00 3.213689e-03
1.700000e+00 3.200814e-03
1.710000e+00 3.189509e-03
1.720000e+00 3.179796e-03
1.730000e+00 3.171680e-03
1.740000e+00 3.165153e-03
1.750000e+00 3.160193e-03
1.760000e+00 3.156766e-03
1.770000e+00 3.154825e-03
1.780000e+00 3.154316e-03
1.790000e+00 3.155172e-03
1.800000e+00 3.157320e-03
1.810000e+00 3.160682e-03
1.820000e+00 3.165172e-03
1.830000e+00 3.170703e-03
1.840000e+00 3.177183e-03
1.850000e+00 3.184520e-03
1.860000e+00 3.192620e-03
1.870000e+00 3.201391e-03
1.880000e+00 3.210738e-03
1.890000e+00 3.220571e-03
1.900000e+00 3.230797e-03
1.910000e+00 3.241327e-03
1.920000e+00 3.252072e-03
1.930000e+00 3.262943e-03
1.940000e+00 3.273850e-03
1.950000e+00 3.284705e-03
1.960000e+00 3.295417e-03
1.970000e+00 3.305894e-03
1.980000e+00 3.316042e-03
1.990000e+00 3.325762e-03
2.000000e+00 3.334955e-03
2.010000e+00 3.343516e-03
2.020000e+00 3.351338e-03
2.030000e+00 3.358310e-03
2.040000e+00 3.364316e-03
2.050000e+00 3.369240e-03
2.060000e+00 3.372963e-03
2.070000e+00 3.375365e-03
2.080000e+00 3.376327e-03
2.090000e+00 3.375733e-03
2.100000e+00 3.373467e-03
2.110000e+00 3.369423e-03
2.120000e+00 3.363500e-03
2.130000e+00 3.355606e-03
2.140000e+00 3.345663e-03
2.150000e+00 3.333604e-03
2.160000e+00 3.319379e-03
2.170000e+00 3.302955e-03
2.180000e+00 3.284318e-03
2.190000e+00 3.263474e-03
2.200000e+00 3.240451e-03
2.210000e+00 3.215298e-03
2.220000e+00 3.188089e-03
2.230000e+00 3.158917e-03
2.240000e+00 3.127900e-03
2.250000e+00 3.095176e-03
2.260000e+00 3.060902e-03
2.270000e+00 3.025257e-03
2.280000e+00 2.988431e-03
2.290000e+00 2.950633e-03
2.300000e+00 2.912080e-03
2.310000e+00 2.872998e-03
2.320000e+00 2.833619e-03
2.330000e+00 2.794176e-03
2.340000e+00 2.754899e-03
2.350000e+00 2.716014e-03
2.360000e+00 2.677738e-03
2.370000e+00 2.640277e-03
2.380000e+00 2.603819e-03
2.390000e+00 2.568535e-03
2.400000e+00 2.534577e-03
2.410000e+00 2.502069e-03
2.420000e+00 2.471112e-03
2.430000e+00 2.441781e-03
2.440000e+00 2.414120e-03
2.450000e+00 2.388145e-03
2.460000e+00 2.363841e-03
2.470000e+00 2.341167e-03
2.480000e+00 2.320048e-03
2.490000e+00 2.300384e-03
2.500000e+00 2.282049e-03
2.510000e+00 2.264891e-03
2.520000e+00 2.248734e-03
2.530000e+00 2.233384e-03
2.540000e+00 2.218628e-03
2.550000e+00 2.204239e-03
2.560000e+00 2.189978e-03
2.570000e+00 2.175596e-03
2.580000e+00 2.160842e-03
2.590000e+00 2.145461e-03
2.600000e+00 2.129198e-03
2.610000e+00 2.111805e-03
2.620000e+00 2.093040e-03
2.630000e+00 2.072670e-03
2.640000e+00 2.050478e-03
2.650000e+00 2.026260e-03
2.660000e+00 1.999831e-03
2.670000e+00 1.971026e-03
2.680000e+00 1.939699e-03
2.690000e+00 1.905729e-03
2.700000e+00 1.869020e-03
2.710000e+00 1.829498e-03
2.720000e+00 1.787116e-03
2.730000e+00 1.741853e-03
2.740000e+00 1.693713e-03
2.750000e+00 1.642726e-03
2.760000e+00 1.588944e-03
2.770000e+00 1.532448e-03
2.780000e+00 1.473339e-03
2.790000e+00 1.411740e-03
2.800000e+00 1.347795e-03
2.810000e+00 1.281668e-03
2.820000e+00 1.213539e-03
2.830000e+00 1.143604e-03
2.840000e+00 1.072074e-03
2.850000e+00 9.991708e-04
2.860000e+00 9.251264e-04
2.870000e+00 8.501813e-04
2.880000e+00 7.745817e-04
2.890000e+00 6.985781e-04
2.900000e+00 6.224234e-04
2.910000e+00 5.463704e-04
2.920000e+00 4.706709e-04
2.930000e+00 3.955733e-04
2.940000e+00 3.213212e-04
2.950000e+00 2.481521e-04
2.960000e+00 1.762952e-04
2.970000e+00 1.059711e-04
2.980000e+00 3.738968e-05
2.990000e+00 -2.925044e-05
3.000000e+00 -9.376320e-05
3.010000e+00 -1.559759e-04
3.020000e+00 -2.157299e-04
3.030000e+00 -2.728815e-04
3.040000e+00 -3.273023e-04
3.050000e+00 -3.788798e-04
3.060000e+00 -4.275179e-04
3.070000e+00 -4.731369e-04
3.080000e+00 -5.156739e-04
3.090000e+00 -5.550832e-04
3.100000e+00 -5.913358e-04
3.110000e+00 -6.244200e-04
3.120000e+00 -6.543408e-04
3.130000e+00 -6.811200e-04
3.140000e+00 -7.047960e-04
3.150000e+00 -7.254233e-04
3.160000e+00 -7.430721e-04
3.170000e+00 -7.578279e-04
3.180000e+00 -7.697908e-04
3.190000e+00 -7.790750e-04
3.200000e+00 -7.858074e-04
3.210000e+00 -7.901273e-04
3.220000e+00 -7.921850e-04
3.230000e+00 -7.921406e-04
3.240000e+00 -7.901628e-04
3.250000e+00 -7.864275e-04
3.260000e+00 -7.811161e-04
3.270000e+00 -7.744141e-04
3.280000e+00 -7.665091e-04
3.290000e+00 -7.575894e-04
3.300000e+00 -7.478414e-04
3.310000e+00 -7.374488e-04
3.320000e+00 -7.265896e-04
3.330000e+00 -7.154350e-04
3.340000e+00 -7.041471e-04
3.350000e+00 -6.928775e-04
3.360000e+00 -6.817652e-04
3.370000e+00 -6.709357e-04
3.380000e+00 -6.604991e-04
3.390000e+00 -6.505490e-04
3.400000e+00 -6.411621e-04
3.410000e+00 -6.323970e-04
3.420000e+00 -6.242938e-04
3.430000e+00 -6.168745e-04
3.440000e+00 -6.101426e-04
3.450000e+00 -6.040837e-04
3.460000e+00 -5.986667e-04
3.470000e+00 -5.938440e-04
3.480000e+00 -5.895538e-04
3.490000e+00 -5.857208e-04
3.500000e+00 -5.822585e-04
3.510000e+00 -5.790712e-04
3.520000e+00 -5.760557e-04
3.530000e+00 -5.731042e-04
3.540000e+00 -5.701060e-04
3.550000e+00 -5.669504e-04
3.560000e+00 -5.635287e-04
3.570000e+00 -5.597365e-04
3.580000e+00 -5.554765e-04
3.590000e+00 -5.506595e-04
3.600000e+00 -5.452071e-04
3.610000e+00 -5.390532e-04
3.620000e+00 -5.321450e-04
3.630000e+00 -5.244446e-04
3.640000e+00 -5.159295e-04
3.650000e+00 -5.065933e-04
3.660000e+00 -4.964458e-04
3.670000e+00 -4.855131e-04
3.680000e+00 -4.738369e-04
3.690000e+00 -4.614743e-04
3.700000e+00 -4.484964e-04
3.710000e+00 -4.349873e-04
3.720000e+00 -4.210429e-04
3.730000e+00 -4.067691e-04
3.740000e+00 -3.922804e-04
3.750000e+00 -3.776979e-04
3.760000e+00 -3.631475e-04
3.770000e+00 -3.487581e-04
3.780000e+00 -3.346600e-04
3.790000e+00 -3.209827e-04
3.800000e+00 -3.078533e-04
3.810000e+00 -2.953954e-04
3.820000e+00 -2.837271e-04
3.830000e+00 -2.729599e-04
3.840000e+00 -2.631977e-04
3.850000e+00 -2.545360e-04
3.860000e+00 -2.470606e-04
3.870000e+00 -2.408478e-04
3.880000e+00 -2.359634e-04
3.890000e+00 -2.324631e-04
3.900000e+00 -2.303918e-04
3.910000e+00 -2.297844e-04
3.920000e+00 -2.306653e-04
3.930000e+00 -2.330494e-04
3.940000e+00 -2.369422e-04
3.950000e+00 -2.423401e-04
3.960000e+00 -2.492313e-04
3.970000e+00 -2.575959e-04
3.980000e+00 -2.674070e-04
3.990000e+00 -2.786303e-04
4.000000e+00 -2.912256e-04
4.010000e+00 -3.051463e-04
4.020000e+00 -3.203405e-04
4.030000e+00 -3.367509e-04
4.040000e+00 -3.543150e-04
4.050000e+00 -3.729656e-04
4.060000e+00 -3.926307e-04
4.070000e+00 -4.132337e-04
4.080000e+00 -4.346934e-04
4.090000e+00 -4.569242e-04
4.100000e+00 -4.798360e-04
4.110000e+00 -5.033341e-04
4.120000e+00 -5.273195e-04
4.130000e+00 -5.516889e-04
4.140000e+00 -5.763348e-04
4.150000e+00 -6.011458e-04
4.160000e+00 -6.260068e-04
4.170000e+00 -6.507992e-04
4.180000e+00 -6.754015e-04
4.190000e+00 -6.996901e-04
4.200000e+00 -7.235392e-04
4.210000e+00 -7.468222e-04
4.220000e+00 -7.694123e-04
4.230000e+00 -7.911831e-04
4.240000e+00 -8.120102e-04
4.250000e+00 -8.317715e-04
4.260000e+00 -8.503487e-04
4.270000e+00 -8.676285e-04
4.280000e+00 -8.835034e-04
4.290000e+00 -8.978731e-04
4.300000e+00 -9.106454e-04
4.310000e+00 -9.217374e-04
4.320000e+00 -9.310765e-04
4.330000e+00 -9.386013e-04
4.340000e+00 -9.442622e-04
4.350000e+00 -9.480226e-04
4.360000e+00 -9.498588e-04
4.370000e+00 -9.497611e-04
4.380000e+00 -9.477337e-04
4.390000e+00 -9.437945e-04
4.400000e+00 -9.379758e-04
4.410000e+00 -9.303234e-04
4.420000e+00 -9.208964e-04
4.430000e+00 -9.097666e-04
4.440000e+00 -8.970177e-04
4.450000e+00 -8.827446e-04
4.460000e+00 -8.670521e-04
4.470000e+00 -8.500537e-04
4.480000e+00 -8.318707e-04
4.490000e+00 -8.126304e-04
4.500000e+00 -7.924652e-04
4.510000e+00 -7.715106e-04
4.520000e+00 -7.499040e-04
4.530000e+00 -7.277834e-04
4.540000e+00 -7.052858e-04
4.550000e+00 -6.825458e-04
4.560000e+00 -6.596946e-04
4.570000e+00 -6.368586e-04
4.580000e+00 -6.141581e-04
4.590000e+00 -5.917072e-04
4.600000e+00 -5.696121e-04
4.610000e+00 -5.479710e-04
4.620000e+00 -5.268736e-04
4.630000e+00 -5.064004e-04
4.640000e+00 -4.866232e-04
4.650000e+00 -4.676044e-04
4.660000e+00 -4.493976e-04
4.670000e+00 -4.320477e-04
4.680000e+00 -4.155911e-04
4.690000e+00 -4.000563e-04
4.700000e+00 -3.854644e-04
4.710000e+00 -3.718296e-04
4.720000e+00 -3.591597e-04
4.730000e+00 -3.474569e-04
4.740000e+00 -3.367180e-04
4.750000e+00 -3.269354e-04
4.760000e+00 -3.180972e-04
4.770000e+00 -3.101877e-04
4.780000e+00 -3.031877e-04
4.790000e+00 -2.970752e-04
4.800000e+00 -2.918246e-04
4.810000e+00 -2.874079e-04
4.820000e+00 -2.837940e-04
4.830000e+00 -2.809489e-04
4.840000e+00 -2.788354e-04
4.850000e+00 -2.774133e-04
4.860000e+00 -2.766391e-04
4.870000e+00 -2.764657e-04
4.880000e+00 -2.768426e-04
4.890000e+00 -2.777153e-04
4.900000e+00 -2.790260e-04
4.910000e+00 -2.807132e-04
4.920000e+00 -2.827122e-04
4.930000e+00 -2.849549e-04
4.940000e+00 -2.873711e-04
4.950000e+00 -2.898886e-04
4.960000e+00 -2.924337e-04
4.970000e+00 -2.949329e-04
4.980000e+00 -2.973131e-04
4.990000e+00 -2.995033e-04
5.000000e+00 -3.014356e-04
5.010000e+00 -3.030465e-04
5.020000e+00 -3.042783e-04
5.030000e+00 -3.050804e-04
5.040000e+00 -3.054108e-04
5.050000e+00 -3.052368e-04
5.060000e+00 -3.045369e-04
5.070000e+00 -3.033008e-04
5.080000e+00 -3.015311e-04
5.090000e+00 -2.992432e-04
5.100000e+00 -2.964659e-04
5.110000e+00 -2.932413e-04
5.120000e+00 -2.896243e-04
5.130000e+00 -2.856822e-04
5.140000e+00 -2.814940e-04
5.150000e+00 -2.771486e-04
5.160000e+00 -2.727437e-04
5.170000e+00 -2.683837e-04
5.180000e+00 -2.641780e-04
5.190000e+00 -2.602383e-04
5.200000e+00 -2.566766e-04
5.210000e+00 -2.536025e-04
5.220000e+00 -2.511205e-04
5.230000e+00 -2.493278e-04
5.240000e+00 -2.483113e-04
5.250000e+00 -2.481456e-04
5.260000e+00 -2.488908e-04
5.270000e+00 -2.505904e-04
5.280000e+00 -2.532698e-04
5.290000e+00 -2.569347e-04
5.300000e+00 -2.615708e-04
5.310000e+00 -2.671425e-04
5.320000e+00 -2.735934e-04
5.330000e+00 -2.808463e-04
5.340000e+00 -2.888043e-04
5.350000e+00 -2.973515e-04
5.360000e+00 -3.063552e-04
5.370000e+00 -3.156675e-04
5.380000e+00 -3.251275e-04
5.390000e+00 -3.345645e-04
5.400000e+00 -3.438000e-04
5.410000e+00 -3.526514e-04
5.420000e+00 -3.609345e-04
5.430000e+00 -3.684671e-04
5.440000e+00 -3.750721e-04
5.450000e+00 -3.805800e-04
5.460000e+00 -3.848325e-04
5.470000e+00 -3.876844e-04
5.480000e+00 -3.890066e-04
5.490000e+00 -3.886880e-04
5.500000e+00 -3.866371e-04
5.510000e+00 -3.827834e-04
5.520000e+00 -3.770786e-04
5.530000e+00 -3.694969e-04
5.540000e+00 -3.600355e-04
5.550000e+00 -3.487140e-04
5.560000e+00 -3.355741e-04
5.570000e+00 -3.206787e-04
5.580000e+00 -3.041103e-04
5.590000e+00 -2.859699e-04
5.600000e+00 -2.663750e-04
5.610000e+00 -2.454577e-04
5.620000e+00 -2.233627e-04
5.630000e+00 -2.002447e-04
5.640000e+00 -1.762668e-04
5.650000e+00 -1.515976e-04
5.660000e+00 -1.264096e-04
5.670000e+00 -1.008765e-04
5.680000e+00 -7.517140e-05
5.690000e+00 -4.946500e-05
5.700000e+00 -2.392370e-05
5.710000e+00 1.291893e-06
5.720000e+00 2.602840e-05
5.730000e+00 5.014081e-05
5.740000e+00 7.349355e-05
5.750000e+00 9.596121e-05
5.760000e+00 1.174293e-04
5.770000e+00 1.377945e-04
5.780000e+00 1.569652e-04
5.790000e+00 1.748616e-04
5.800000e+00 1.914158e-04
5.810000e+00 2.065714e-04
5.820000e+00 2.202839e-04
5.830000e+00 2.325201e-04
5.840000e+00 2.432578e-04
5.850000e+00 2.524858e-04
5.860000e+00 2.602031e-04
5.870000e+00 2.664187e-04
5.880000e+00 2.711514e-04
5.890000e+00 2.744289e-04
5.900000e+00 2.762874e-04
5.910000e+00 2.767716e-04
5.920000e+00 2.759335e-04
5.930000e+00 2.738326e-04
5.940000e+00 2.705345e-04
5.950000e+00 2.661112e-04
5.960000e+00 2.606398e-04
5.970000e+00 2.542023e-04
5.980000e+00 2.468848e-04
5.990000e+00 2.387769e-04
6.000000e+00 2.299709e-04
6.010000e+00 2.205611e-04
6.020000e+00 2.106432e-04
6.030000e+00 2.003138e-04
6.040000e+00 1.896690e-04
6.050000e+00 1.788045e-04
6.060000e+00 1.678146e-04
6.070000e+00 1.567915e-04
6.080000e+00 1.458249e-04
6.090000e+00 1.350014e-04
6.100000e+00 1.244040e-04
6.110000e+00 1.141120e-04
6.120000e+00 1.042002e-04
6.130000e+00 9.473920e-05
6.140000e+00 8.579467e-05
6.150000e+00 7.742771e-05
6.160000e+00 6.969456e-05
6.170000e+00 6.264672e-05
6.180000e+00 5.633093e-05
6.190000e+00 5.078935e-05
6.200000e+00 4.605966e-05
6.210000e+00 4.217523e-05
6.220000e+00 3.916523e-05
6.230000e+00 3.705484e-05
6.240000e+00 3.586535e-05
6.250000e+00 3.561427e-05
6.260000e+00 3.631542e-05
6.270000e+00 3.797893e-05
6.280000e+00 4.061130e-05
6.290000e+00 4.421529e-05
6.300000e+00 4.878986e-05
6.310000e+00 5.433004e-05
6.320000e+00 6.082675e-05
6.330000e+00 6.826666e-05
6.340000e+00 7.663196e-05
6.350000e+00 8.590015e-05
6.360000e+00 9.604387e-05
6.370000e+00 1.070307e-04
6.380000e+00 1.188231e-04
6.390000e+00 1.313783e-04
6.400000e+00 1.446479e-04
6.410000e+00 1.585786e-04
6.420000e+00 1.731118e-04
6.430000e+00 1.881837e-04
6.440000e+00 2.037257e-04
6.450000e+00 2.196651e-04
6.460000e+00 2.359246e-04
6.470000e+00 2.524237e-04
6.480000e+00 2.690785e-04
6.490000e+00 2.858028e-04
6.500000e+00 3.025084e-04
6.510000e+00 3.191056e-04
6.520000e+00 3.355044e-04
6.530000e+00 3.516147e-04
6.540000e+00 3.673469e-04
6.550000e+00 3.826129e-04
6.560000e+00 3.973265e-04
6.570000e+00 4.114036e-04
6.580000e+00 4.247634e-04
6.590000e+00 4.373283e-04
6.600000e+00 4.490244e-04
6.610000e+00 4.597819e-04
6.620000e+00 4.695356e-04
6.630000e+00 4.782246e-04
6.640000e+00 4.857932e-04
6.650000e+00 4.921904e-04
6.660000e+00 4.973705e-04
6.670000e+00 5.012932e-04
6.680000e+00 5.039232e-04
6.690000e+00 5.052313e-04
6.700000e+00 5.051936e-04
6.710000e+00 5.037922e-04
6.720000e+00 5.010151e-04
6.730000e+00 4.968566e-04
6.740000e+00 4.913173e-04
6.750000e+00 4.844045e-04
6.760000e+00 4.761322e-04
6.770000e+00 4.665214e-04
6.780000e+00 4.556002e-04
6.790000e+00 4.434041e-04
6.800000e+00 4.299760e-04
6.810000e+00 4.153661e-04
6.820000e+00 3.996318e-04
6.830000e+00 3.828380e-04
6.840000e+00 3.650562e-04
6.850000e+00 3.463644e-04
6.860000e+00 3.268467e-04
6.870000e+00 3.065923e-04
6.880000e+00 2.856951e-04
6.890000e+00 2.642524e-04
6.900000e+00 2.423643e-04
6.910000e+00 2.201322e-04
6.920000e+00 1.976578e-04
6.930000e+00 1.750420e-04
6.940000e+00 1.523830e-04
6.950000e+00 1.297759e-04
6.960000e+00 1.073108e-04
6.970000e+00 8.507163e-05
6.980000e+00 6.313561e-05
6.990000e+00 4.157176e-05
7.000000e+00 2.044035e-05
7.010000e+00 -2.077524e-07
7.020000e+00 -2.033144e-05
7.030000e+00 -3.989955e-05
7.040000e+00 -5.889080e-05
7.050000e+00 -7.729347e-05
7.060000e+00 -9.510485e-05
7.070000e+00 -1.123305e-04
7.080000e+00 -1.289833e-04
7.090000e+00 -1.450822e-04
7.100000e+00 -1.606511e-04
7.110000e+00 -1.757173e-04
7.120000e+00 -1.903102e-04
7.130000e+00 -2.044596e-04
7.140000e+00 -2.181942e-04
7.150000e+00 -2.315408e-04
7.160000e+00 -2.445221e-04
7.170000e+00 -2.571564e-04
7.180000e+00 -2.694564e-04
7.190000e+00 -2.814282e-04
7.200000e+00 -2.930715e-04
7.210000e+00 -3.043791e-04
7.220000e+00 -3.153371e-04
7.230000e+00 -3.259257e-04
7.240000e+00 -3.361194e-04
7.250000e+00 -3.458886e-04
7.260000e+00 -3.552003e-04
7.270000e+00 -3.640203e-04
7.280000e+00 -3.723143e-04
7.290000e+00 -3.800497e-04
7.300000e+00 -3.871980e-04
7.310000e+00 -3.937358e-04
7.320000e+00 -3.996475e-04
7.330000e+00 -4.049261e-04
7.340000e+00 -4.095756e-04
7.350000e+00 -4.136117e-04
7.360000e+00 -4.170629e-04
7.370000e+00 -4.199714e-04
7.380000e+00 -4.223935e-04
7.390000e+00 -4.243992e-04
7.400000e+00 -4.260724e-04
7.410000e+00 -4.275096e-04
7.420000e+00 -4.288191e-04
7.430000e+00 -4.301193e-04
7.440000e+00 -4.315368e-04
7.450000e+00 -4.332045e-04
7.460000e+00 -4.352591e-04
7.470000e+00 -4.378382e-04
7.480000e+00 -4.410783e-04
7.490000e+00 -4.451114e-04
7.500000e+00 -4.500624e-04
7.510000e+00 -4.560465e-04
7.520000e+00 -4.631667e-04
7.530000e+00 -4.715113e-04
7.540000e+00 -4.811519e-04
7.550000e+00 -4.921413e-04
7.560000e+00 -5.045126e-04
7.570000e+00 -5.182778e-04
7.580000e+00 -5.334271e-04
7.590000e+00 -5.499289e-04
7.600000e+00 -5.677297e-04
7.610000e+00 -5.867551e-04
7.620000e+00 -6.069105e-04
7.630000e+00 -6.280824e-04
7.640000e+00 -6.501406e-04
7.650000e+00 -6.729396e-04
7.660000e+00 -6.963210e-04
7.670000e+00 -7.201162e-04
7.680000e+00 -7.441486e-04
7.690000e+00 -7.682363e-04
7.700000e+00 -7.921946e-04
7.710000e+00 -8.158386e-04
7.720000e+00 -8.389858e-04
7.730000e+00 -8.614579e-04
7.740000e+00 -8.830837e-04
7.750000e+00 -9.036999e-04
7.760000e+00 -9.231538e-04
7.770000e+00 -9.413036e-04
7.780000e+00 -9.580204e-04
7.790000e+00 -9.731882e-04
7.800000e+00 -9.867049e-04
7.810000e+00 -9.984821e-04
7.820000e+00 -1.008445e-03
7.830000e+00 -1.016534e-03
7.840000e+00 -1.022700e-03
7.850000e+00 -1.026909e-03
7.860000e+00 -1.029137e-03
7.870000e+00 -1.029373e-03
7.880000e+00 -1.027614e-03
7.890000e+00 -1.023868e-03
7.900000e+00 -1.018150e-03
7.910000e+00 -1.010485e-03
7.920000e+00 -1.000902e-03
7.930000e+00 -9.894391e-04
7.940000e+00 -9.761379e-04
7.950000e+00 -9.610467e-04
7.960000e+00 -9.442184e-04
7.970000e+00 -9.257108e-04
7.980000e+00 -9.055868e-04
7.990000e+00 -8.839137e-04
8.000000e+00 -8.607642e-04
8.010000e+00 -8.362158e-04
8.020000e+00 -8.103516e-04
8.030000e+00 -7.832605e-04
8.040000e+00 -7.550370e-04
8.050000e+00 -7.257821e-04
8.060000e+00 -6.956031e-04
8.070000e+00 -6.646138e-04
8.080000e+00 -6.329346e-04
8.090000e+00 -6.006925e-04
8.100000e+00 -5.680210e-04
8.110000e+00 -5.350594e-04
8.120000e+00 -5.019532e-04
8.130000e+00 -4.688526e-04
8.140000e+00 -4.359126e-04
8.150000e+00 -4.032917e-04
8.160000e+00 -3.711510e-04
8.170000e+00 -3.396536e-04
8.180000e+00 -3.089629e-04
8.190000e+00 -2.792413e-04
8.200000e+00 -2.506495e-04
8.210000e+00 -2.233445e-04
8.220000e+00 -1.974783e-04
8.230000e+00 -1.731968e-04
8.240000e+00 -1.506377e-04
8.250000e+00 -1.299298e-04
8.260000e+00 -1.111912e-04
8.270000e+00 -9.452793e-05
8.280000e+00 -8.003301e-05
8.290000e+00 -6.778507e-05
8.300000e+00 -5.784744e-05
8.310000e+00 -5.026721e-05
8.320000e+00 -4.507453e-05
8.330000e+00 -4.228197e-05
8.340000e+00 -4.188417e-05
8.350000e+00 -4.385759e-05
8.360000e+00 -4.816045e-05
8.370000e+00 -5.473290e-05
8.380000e+00 -6.349740e-05
8.390000e+00 -7.435925e-05
8.400000e+00 -8.720736e-05
8.410000e+00 -1.019152e-04
8.420000e+00 -1.183420e-04
8.430000e+00 -1.363341e-04
8.440000e+00 -1.557263e-04
8.450000e+00 -1.763436e-04
8.460000e+00 -1.980034e-04
8.470000e+00 -2.205168e-04
8.480000e+00 -2.436909e-04
8.490000e+00 -2.673313e-04
8.500000e+00 -2.912435e-04
8.510000e+00 -3.152359e-04
8.520000e+00 -3.391211e-04
8.530000e+00 -3.627190e-04
8.540000e+00 -3.858580e-04
8.550000e+00 -4.083773e-04
8.560000e+00 -4.301288e-04
8.570000e+00 -4.509785e-04
8.580000e+00 -4.708081e-04
8.590000e+00 -4.895161e-04
8.600000e+00 -5.070188e-04
8.610000e+00 -5.232512e-04
8.620000e+00 -5.381671e-04
8.630000e+00 -5.517393e-04
8.640000e+00 -5.639597e-04
8.650000e+00 -5.748387e-04
8.660000e+00 -5.844046e-04
8.670000e+00 -5.927023e-04
8.680000e+00 -5.997924e-04
8.690000e+00 -6.057499e-04
8.700000e+00 -6.106619e-04
8.710000e+00 -6.146263e-04
8.720000e+00 -6.177499e-04
8.730000e+00 -6.201456e-04
8.740000e+00 -6.219313e-04
8.750000e+00 -6.232265e-04
8.760000e+00 -6.241514e-04
8.770000e+00 -6.248237e-04
8.780000e+00 -6.253569e-04
8.790000e+00 -6.258585e-04
8.800000e+00 -6.264281e-04
8.810000e+00 -6.271555e-04
8.820000e+00 -6.281193e-04
8.830000e+00 -6.293857e-04
8.840000e+00 -6.310072e-04
8.850000e+00 -6.330221e-04
8.860000e+00 -6.354535e-04
8.870000e+00 -6.383088e-04
8.880000e+00 -6.415798e-04
8.890000e+00 -6.452426e-04
8.900000e+00 -6.492574e-04
8.910000e+00 -6.535695e-04
8.920000e+00 -6.581096e-04
8.930000e+00 -6.627941e-04
8.940000e+00 -6.675267e-04
8.950000e+00 -6.721987e-04
8.960000e+00 -6.766905e-04
8.970000e+00 -6.808728e-04
8.980000e+00 -6.846075e-04
8.990000e+00 -6.877493e-04
9.000000e+00 -6.901474e-04
9.010000e+00 -6.916462e-04
9.020000e+00 -6.920877e-04
9.030000e+00 -6.913121e-04
9.040000e+00 -6.891603e-04
9.050000e+00 -6.854747e-04
9.060000e+00 -6.801014e-04
9.070000e+00 -6.728915e-04
9.080000e+00 -6.637027e-04
9.090000e+00 -6.524011e-04
9.100000e+00 -6.388629e-04
9.110000e+00 -6.229759e-04
9.120000e+00 -6.046407e-04
9.130000e+00 -5.837731e-04
9.140000e+00 -5.603046e-04
9.150000e+00 -5.341845e-04
9.160000e+00 -5.053807e-04
9.170000e+00 -4.738813e-04
9.180000e+00 -4.396952e-04
9.190000e+00 -4.028530e-04
9.200000e+00 -3.634079e-04
9.210000e+00 -3.214360e-04
9.220000e+00 -2.770361e-04
9.230000e+00 -2.303304e-04
9.240000e+00 -1.814633e-04
9.250000e+00 -1.306016e-04
9.260000e+00 -7.793279e-05
9.270000e+00 -2.366455e-05
9.280000e+00 3.197723e-05
9.290000e+00 8.875002e-05
9.300000e+00 1.463968e-04
9.310000e+00 2.046481e-04
9.320000e+00 2.632248e-04
9.330000e+00 3.218409e-04
9.340000e+00 3.802058e-04
9.350000e+00 4.380279e-04
9.360000e+00 4.950174e-04
9.370000e+00 5.508891e-04
9.380000e+00 6.053660e-04
9.390000e+00 6.581815e-04
9.400000e+00 7.090830e-04
9.410000e+00 7.578341e-04
9.420000e+00 8.042169e-04
9.430000e+00 8.480350e-04
9.440000e+00 8.891143e-04
9.450000e+00 9.273055e-04
9.460000e+00 9.624850e-04
9.470000e+00 9.945556e-04
9.480000e+00 1.023447e-03
9.490000e+00 1.049117e-03
9.500000e+00 1.071549e-03
9.510000e+00 1.090754e-03
9.520000e+00 1.106768e-03
9.530000e+00 1.119650e-03
9.540000e+00 1.129483e-03
9.550000e+00 1.136368e-03
9.560000e+00 1.140428e-03
9.570000e+00 1.141799e-03
9.580000e+00 1.140632e-03
9.590000e+00 1.137088e-03
9.600000e+00 1.131337e-03
9.610000e+00 1.123554e-03
9.620000e+00 1.113918e-03
9.630000e+00 1.102608e-03
9.640000e+00 1.089799e-03
9.650000e+00 1.075663e-03
9.660000e+00 1.060367e-03
9.670000e+00 1.044065e-03
9.680000e+00 1.026905e-03
9.690000e+00 1.009019e-03
9.700000e+00 9.905294e-04
9.710000e+00 9.715415e-04
9.720000e+00 9.521468e-04
9.730000e+00 9.324209e-04
9.740000e+00 9.124240e-04
9.750000e+00 8.922004e-04
9.760000e+00 8.717793e-04
9.770000e+00 8.511750e-04
9.780000e+00 8.303880e-04
9.790000e+00 8.094056e-04
9.800000e+00 7.882037e-04
9.810000e+00 7.667476e-04
9.820000e+00 7.449935e-04
9.830000e+00 7.228907e-04
9.840000e+00 7.003825e-04
9.850000e+00 6.774087e-04
9.860000e+00 6.539069e-04
9.870000e+00 6.298144e-04
9.880000e+00 6.050703e-04
9.890000e+00 5.796169e-04
9.900000e+00 5.534019e-04
9.910000e+00 5.263792e-04
9.920000e+00 4.985113e-04
9.930000e+00 4.697702e-04
9.940000e+00 4.401386e-04
9.950000e+00 4.096112e-04
9.960000e+00 3.781952e-04
9.970000e+00 3.459115e-04
9.980000e+00 3.127944e-04
9.990000e+00 2.788925e-04
1.000000e+01 2.442684e-04
