# sigma2_v 1.098467186846822e+01
0.000000e+00 1.000000e+00
1.000000e-02 9.994509e-01
2.000000e-02 9.978056e-01
3.000000e-02 9.950699e-01
4.000000e-02 9.912533e-01
5.000000e-02 9.863692e-01
6.000000e-02 9.804345e-01
7.000000e-02 9.734698e-01
8.000000e-02 9.654991e-01
9.000000e-02 9.565496e-01
1.000000e-01 9.466517e-01
1.100000e-01 9.358387e-01
1.200000e-01 9.241466e-01
1.300000e-01 9.116140e-01
1.400000e-01 8.982816e-01
1.500000e-01 8.841924e-01
1.600000e-01 8.693910e-01
1.700000e-01 8.539237e-01
1.800000e-01 8.378380e-01
1.900000e-01 8.211826e-01
2.000000e-01 8.040069e-01
2.100000e-01 7.863608e-01
2.200000e-01 7.682945e-01
2.300000e-01 7.498585e-01
2.400000e-01 7.311029e-01
2.500000e-01 7.120774e-01
2.600000e-01 6.928313e-01
2.700000e-01 6.734127e-01
2.800000e-01 6.538691e-01
2.900000e-01 6.342466e-01
3.000000e-01 6.145900e-01
3.100000e-01 5.949427e-01
3.200000e-01 5.753461e-01
3.300000e-01 5.558404e-01
3.400000e-01 5.364635e-01
3.500000e-01 5.172515e-01
3.600000e-01 4.982386e-01
3.700000e-01 4.794567e-01
3.800000e-01 4.609357e-01
3.900000e-01 4.427033e-01
4.000000e-01 4.247851e-01
4.100000e-01 4.072044e-01
4.200000e-01 3.899824e-01
4.300000e-01 3.731381e-01
4.400000e-01 3.566885e-01
4.500000e-01 3.406483e-01
4.600000e-01 3.250303e-01
4.700000e-01 3.098454e-01
4.800000e-01 2.951023e-01
4.900000e-01 2.808082e-01
5.000000e-01 2.669683e-01
5.100000e-01 2.535861e-01
5.200000e-01 2.406637e-01
5.300000e-01 2.282014e-01
5.400000e-01 2.161982e-01
5.500000e-01 2.046520e-01
5.600000e-01 1.935590e-01
5.700000e-01 1.829146e-01
5.800000e-01 1.727131e-01
5.900000e-01 1.629476e-01
6.000000e-01 1.536107e-01
6.100000e-01 1.446939e-01
6.200000e-01 1.361881e-01
6.300000e-01 1.280836e-01
6.400000e-01 1.203702e-01
6.500000e-01 1.130373e-01
6.600000e-01 1.060736e-01
6.700000e-01 9.946794e-02
6.800000e-01 9.320857e-02
6.900000e-01 8.728369e-02
7.000000e-01 8.168136e-02
7.100000e-01 7.638956e-02
7.200000e-01 7.139626e-02
7.300000e-01 6.668944e-02
7.400000e-01 6.225718e-02
7.500000e-01 5.808764e-02
7.600000e-01 5.416914e-02
7.700000e-01 5.049017e-02
7.800000e-01 4.703944e-02
7.900000e-01 4.380589e-02
8.000000e-01 4.077869e-02
8.100000e-01 3.794733e-02
8.200000e-01 3.530156e-02
8.300000e-01 3.283146e-02
8.400000e-01 3.052740e-02
8.500000e-01 2.838012e-02
8.600000e-01 2.638066e-02
8.700000e-01 2.452042e-02
8.800000e-01 2.279115e-02
8.900000e-01 2.118494e-02
9.000000e-01 1.969422e-02
9.100000e-01 1.831179e-02
9.200000e-01 1.703075e-02
9.300000e-01 1.584459e-02
9.400000e-01 1.474710e-02
9.500000e-01 1.373240e-02
9.600000e-01 1.279494e-02
9.700000e-01 1.192948e-02
9.800000e-01 1.113107e-02
9.900000e-01 1.039506e-02
1.000000e+00 9.717080e-03
1.010000e+00 9.093044e-03
1.020000e+00 8.519115e-03
1.030000e+00 7.991710e-03
1.040000e+00 7.507484e-03
1.050000e+00 7.063320e-03
1.060000e+00 6.656319e-03
1.070000e+00 6.283785e-03
1.080000e+00 5.943214e-03
1.090000e+00 5.632287e-03
1.100000e+00 5.348851e-03
1.110000e+00 5.090915e-03
1.120000e+00 4.856635e-03
1.130000e+00 4.644306e-03
1.140000e+00 4.452348e-03
1.150000e+00 4.279297e-03
1.160000e+00 4.123797e-03
1.170000e+00 3.984589e-03
1.180000e+00 3.860501e-03
1.190000e+00 3.750441e-03
1.200000e+00 3.653388e-03
1.210000e+00 3.568382e-03
1.220000e+00 3.494523e-03
1.230000e+00 3.430957e-03
1.240000e+00 3.376876e-03
1.250000e+00 3.331510e-03
1.260000e+00 3.294120e-03
1.270000e+00 3.264000e-03
1.280000e+00 3.240470e-03
1.290000e+00 3.222872e-03
1.300000e+00 3.210571e-03
1.310000e+00 3.202953e-03
1.320000e+00 3.199423e-03
1.330000e+00 3.199406e-03
1.340000e+00 3.202347e-03
1.350000e+00 3.207710e-03
1.360000e+00 3.214984e-03
1.370000e+00 3.223678e-03
1.380000e+00 3.233327e-03
1.390000e+00 3.243491e-03
1.400000e+00 3.253761e-03
1.410000e+00 3.263753e-03
1.420000e+00 3.273117e-03
1.430000e+00 3.281536e-03
1.440000e+00 3.288726e-03
1.450000e+00 3.294435e-03
1.460000e+00 3.298450e-03
1.470000e+00 3.300589e-03
1.480000e+00 3.300709e-03
1.490000e+00 3.298696e-03
1.500000e+00 3.294473e-03
1.510000e+00 3.287992e-03
1.520000e+00 3.279237e-03
1.530000e+00 3.268219e-03
1.540000e+00 3.254972e-03
1.550000e+00 3.239557e-03
1.560000e+00 3.222053e-03
1.570000e+00 3.202556e-03
1.580000e+00 3.181178e-03
1.590000e+00 3.158044e-03
1.600000e+00 3.133286e-03
1.610000e+00 3.107045e-03
1.620000e+00 3.079465e-03
1.630000e+00 3.050693e-03
1.640000e+00 3.020878e-03
1.650000e+00 2.990166e-03
1.660000e+00 2.958701e-03
1.670000e+00 2.926622e-03
1.680000e+00 2.894065e-03
1.690000e+00 2.861161e-03
1.700000e+00 2.828033e-03
1.710000e+00 2.794799e-03
1.720000e+00 2.761571e-03
1.730000e+00 2.728453e-03
1.740000e+00 2.695546e-03
1.750000e+00 2.662941e-03
1.760000e+00 2.630727e-03
1.770000e+00 2.598985e-03
1.780000e+00 2.567791e-03
1.790000e+00 2.537217e-03
1.800000e+00 2.507330e-03
1.810000e+00 2.478191e-03
1.820000e+00 2.449856e-03
1.830000e+00 2.422380e-03
1.840000e+00 2.395808e-03
1.850000e+00 2.370185e-03
1.860000e+00 2.345549e-03
1.870000e+00 2.321932e-03
1.880000e+00 2.299363e-03
1.890000e+00 2.277864e-03
1.900000e+00 2.257452e-03
1.910000e+00 2.238139e-03
1.920000e+00 2.219931e-03
1.930000e+00 2.202826e-03
1.940000e+00 2.186819e-03
1.950000e+00 2.171897e-03
1.960000e+00 2.158041e-03
1.970000e+00 2.145227e-03
1.980000e+00 2.133423e-03
1.990000e+00 2.122594e-03
2.000000e+00 2.112697e-03
2.010000e+00 2.103685e-03
2.020000e+00 2.095503e-03
2.030000e+00 2.088096e-03
2.040000e+00 2.081399e-03
2.050000e+00 2.075346e-03
2.060000e+00 2.069867e-03
2.070000e+00 2.064886e-03
2.080000e+00 2.060327e-03
2.090000e+00 2.056110e-03
2.100000e+00 2.052152e-03
2.110000e+00 2.048372e-03
2.120000e+00 2.044684e-03
2.130000e+00 2.041004e-03
2.140000e+00 2.037250e-03
2.150000e+00 2.033339e-03
2.160000e+00 2.029192e-03
2.170000e+00 2.024730e-03
2.180000e+00 2.019882e-03
2.190000e+00 2.014578e-03
2.200000e+00 2.008756e-03
2.210000e+00 2.002359e-03
2.220000e+00 1.995337e-03
2.230000e+00 1.987648e-03
2.240000e+00 1.979259e-03
2.250000e+00 1.970145e-03
2.260000e+00 1.960290e-03
2.270000e+00 1.949690e-03
2.280000e+00 1.938348e-03
2.290000e+00 1.926280e-03
2.300000e+00 1.913509e-03
2.310000e+00 1.900069e-03
2.320000e+00 1.886004e-03
2.330000e+00 1.871367e-03
2.340000e+00 1.856217e-03
2.350000e+00 1.840624e-03
2.360000e+00 1.824663e-03
2.370000e+00 1.808414e-03
2.380000e+00 1.791964e-03
2.390000e+00 1.775404e-03
2.400000e+00 1.758826e-03
2.410000e+00 1.742327e-03
2.420000e+00 1.726002e-03
2.430000e+00 1.709948e-03
2.440000e+00 1.694261e-03
2.450000e+00 1.679036e-03
2.460000e+00 1.664364e-03
2.470000e+00 1.650333e-03
2.480000e+00 1.637029e-03
2.490000e+00 1.624531e-03
2.500000e+00 1.612914e-03
2.510000e+00 1.602247e-03
2.520000e+00 1.592593e-03
2.530000e+00 1.584010e-03
2.540000e+00 1.576546e-03
2.550000e+00 1.570244e-03
2.560000e+00 1.565137e-03
2.570000e+00 1.561252e-03
2.580000e+00 1.558607e-03
2.590000e+00 1.557209e-03
2.600000e+00 1.557058e-03
2.610000e+00 1.558145e-03
2.620000e+00 1.560450e-03
2.630000e+00 1.563943e-03
2.640000e+00 1.568585e-03
2.650000e+00 1.574327e-03
2.660000e+00 1.581110e-03
2.670000e+00 1.588865e-03
2.680000e+00 1.597515e-03
2.690000e+00 1.606974e-03
2.700000e+00 1.617149e-03
2.710000e+00 1.627938e-03
2.720000e+00 1.639235e-03
2.730000e+00 1.650929e-03
2.740000e+00 1.662905e-03
2.750000e+00 1.675046e-03
2.760000e+00 1.687237e-03
2.770000e+00 1.699360e-03
2.780000e+00 1.711304e-03
2.790000e+00 1.722961e-03
2.800000e+00 1.734230e-03
2.810000e+00 1.745016e-03
2.820000e+00 1.755236e-03
2.830000e+00 1.764816e-03
2.840000e+00 1.773694e-03
2.850000e+00 1.781821e-03
2.860000e+00 1.789162e-03
2.870000e+00 1.795696e-03
2.880000e+00 1.801413e-03
2.890000e+00 1.806322e-03
2.900000e+00 1.810441e-03
2.910000e+00 1.813803e-03
2.920000e+00 1.816452e-03
2.930000e+00 1.818445e-03
2.940000e+00 1.819845e-03
2.950000e+00 1.820726e-03
2.960000e+00 1.821167e-03
2.970000e+00 1.821252e-03
2.980000e+00 1.821068e-03
2.990000e+00 1.820703e-03
3.000000e+00 1.820244e-03
3.010000e+00 1.819777e-03
3.020000e+00 1.819383e-03
3.030000e+00 1.819139e-03
3.040000e+00 1.819115e-03
3.050000e+00 1.819372e-03
3.060000e+00 1.819966e-03
3.070000e+00 1.820940e-03
3.080000e+00 1.822330e-03
3.090000e+00 1.824159e-03
3.100000e+00 1.826443e-03
3.110000e+00 1.829184e-03
3.120000e+00 1.832377e-03
3.130000e+00 1.836004e-03
3.140000e+00 1.840038e-03
3.150000e+00 1.844442e-03
3.160000e+00 1.849172e-03
3.170000e+00 1.854171e-03
3.180000e+00 1.859377e-03
3.190000e+00 1.864720e-03
3.200000e+00 1.870122e-03
3.210000e+00 1.875497e-03
3.220000e+00 1.880755e-03
3.230000e+00 1.885798e-03
3.240000e+00 1.890524e-03
3.250000e+00 1.894827e-03
3.260000e+00 1.898595e-03
3.270000e+00 1.901713e-03
3.280000e+00 1.904062e-03
3.290000e+00 1.905523e-03
3.300000e+00 1.905973e-03
3.310000e+00 1.905289e-03
3.320000e+00 1.903347e-03
3.330000e+00 1.900025e-03
3.340000e+00 1.895202e-03
3.350000e+00 1.888759e-03
3.360000e+00 1.880583e-03
3.370000e+00 1.870563e-03
3.380000e+00 1.858597e-03
3.390000e+00 1.844590e-03
3.400000e+00 1.828453e-03
3.410000e+00 1.810109e-03
3.420000e+00 1.789493e-03
3.430000e+00 1.766550e-03
3.440000e+00 1.741239e-03
3.450000e+00 1.713534e-03
3.460000e+00 1.683423e-03
3.470000e+00 1.650911e-03
3.480000e+00 1.616020e-03
3.490000e+00 1.578788e-03
3.500000e+00 1.539271e-03
3.510000e+00 1.497544e-03
3.520000e+00 1.453700e-03
3.530000e+00 1.407848e-03
3.540000e+00 1.360119e-03
3.550000e+00 1.310656e-03
3.560000e+00 1.259622e-03
3.570000e+00 1.207197e-03
3.580000e+00 1.153574e-03
3.590000e+00 1.098960e-03
3.600000e+00 1.043576e-03
3.610000e+00 9.876527e-04
3.620000e+00 9.314311e-04
3.630000e+00 8.751600e-04
3.640000e+00 8.190935e-04
3.650000e+00 7.634898e-04
3.660000e+00 7.086082e-04
3.670000e+00 6.547075e-04
3.680000e+00 6.020433e-04
3.690000e+00 5.508656e-04
3.700000e+00 5.014166e-04
3.710000e+00 4.539282e-04
3.720000e+00 4.086199e-04
3.730000e+00 3.656962e-04
3.740000e+00 3.253452e-04
3.750000e+00 2.877361e-04
3.760000e+00 2.530180e-04
3.770000e+00 2.213183e-04
3.780000e+00 1.927418e-04
3.790000e+00 1.673697e-04
3.800000e+00 1.452596e-04
3.810000e+00 1.264447e-04
3.820000e+00 1.109349e-04
3.830000e+00 9.871700e-05
3.840000e+00 8.975576e-05
3.850000e+00 8.399530e-05
3.860000e+00 8.136075e-05
3.870000e+00 8.176011e-05
3.880000e+00 8.508640e-05
3.890000e+00 9.121996e-05
3.900000e+00 1.000309e-04
3.910000e+00 1.113815e-04
3.920000e+00 1.251286e-04
3.930000e+00 1.411263e-04
3.940000e+00 1.592278e-04
3.950000e+00 1.792879e-04
3.960000e+00 2.011643e-04
3.970000e+00 2.247196e-04
3.980000e+00 2.498223e-04
3.990000e+00 2.763479e-04
4.000000e+00 3.041792e-04
4.010000e+00 3.332064e-04
4.020000e+00 3.633273e-04
4.030000e+00 3.944465e-04
4.040000e+00 4.264748e-04
4.050000e+00 4.593280e-04
4.060000e+00 4.929257e-04
4.070000e+00 5.271902e-04
4.080000e+00 5.620446e-04
4.090000e+00 5.974115e-04
4.100000e+00 6.332116e-04
4.110000e+00 6.693626e-04
4.120000e+00 7.057773e-04
4.130000e+00 7.423635e-04
4.140000e+00 7.790225e-04
4.150000e+00 8.156491e-04
4.160000e+00 8.521314e-04
4.170000e+00 8.883509e-04
4.180000e+00 9.241826e-04
4.190000e+00 9.594966e-04
4.200000e+00 9.941581e-04
4.210000e+00 1.028029e-03
4.220000e+00 1.060971e-03
4.230000e+00 1.092844e-03
4.240000e+00 1.123511e-03
4.250000e+00 1.152836e-03
4.260000e+00 1.180692e-03
4.270000e+00 1.206954e-03
4.280000e+00 1.231511e-03
4.290000e+00 1.254257e-03
4.300000e+00 1.275101e-03
4.310000e+00 1.293960e-03
4.320000e+00 1.310768e-03
4.330000e+00 1.325469e-03
4.340000e+00 1.338024e-03
4.350000e+00 1.348404e-03
4.360000e+00 1.356597e-03
4.370000e+00 1.362602e-03
4.380000e+00 1.366431e-03
4.390000e+00 1.368106e-03
4.400000e+00 1.367664e-03
4.410000e+00 1.365147e-03
4.420000e+00 1.360609e-03
4.430000e+00 1.354111e-03
4.440000e+00 1.345719e-03
4.450000e+00 1.335507e-03
4.460000e+00 1.323552e-03
4.470000e+00 1.309937e-03
4.480000e+00 1.294747e-03
4.490000e+00 1.278068e-03
4.500000e+00 1.259990e-03
4.510000e+00 1.240603e-03
4.520000e+00 1.220000e-03
4.530000e+00 1.198272e-03
4.540000e+00 1.175512e-03
4.550000e+00 1.151810e-03
4.560000e+00 1.127257e-03
4.570000e+00 1.101945e-03
4.580000e+00 1.075961e-03
4.590000e+00 1.049392e-03
4.600000e+00 1.022321e-03
4.610000e+00 9.948307e-04
4.620000e+00 9.669984e-04
4.630000e+00 9.388980e-04
4.640000e+00 9.105990e-04
4.650000e+00 8.821659e-04
4.660000e+00 8.536576e-04
4.670000e+00 8.251276e-04
4.680000e+00 7.966230e-04
4.690000e+00 7.681848e-04
4.700000e+00 7.398477e-04
4.710000e+00 7.116402e-04
4.720000e+00 6.835850e-04
4.730000e+00 6.556992e-04
4.740000e+00 6.279953e-04
4.750000e+00 6.004813e-04
4.760000e+00 5.731623e-04
4.770000e+00 5.460408e-04
4.780000e+00 5.191183e-04
4.790000e+00 4.923961e-04
4.800000e+00 4.658766e-04
4.810000e+00 4.395644e-04
4.820000e+00 4.134672e-04
4.830000e+00 3.875970e-04
4.840000e+00 3.619704e-04
4.850000e+00 3.366103e-04
4.860000e+00 3.115450e-04
4.870000e+00 2.868098e-04
4.880000e+00 2.624461e-04
4.890000e+00 2.385017e-04
4.900000e+00 2.150302e-04
4.910000e+00 1.920906e-04
4.920000e+00 1.697463e-04
4.930000e+00 1.480644e-04
4.940000e+00 1.271145e-04
4.950000e+00 1.069675e-04
4.960000e+00 8.769450e-05
4.970000e+00 6.936549e-05
4.980000e+00 5.204817e-05
4.990000e+00 3.580679e-05
5.000000e+00 2.070110e-05
5.010000e+00 6.785402e-06
5.020000e+00 -5.892230e-06
5.030000e+00 -1.729061e-05
5.040000e+00 -2.737590e-05
5.050000e+00 -3.612194e-05
5.060000e+00 -4.351034e-05
5.070000e+00 -4.953057e-05
5.080000e+00 -5.417972e-05
5.090000e+00 -5.746236e-05
5.100000e+00 -5.939012e-05
5.110000e+00 -5.998140e-05
5.120000e+00 -5.926087e-05
5.130000e+00 -5.725915e-05
5.140000e+00 -5.401231e-05
5.150000e+00 -4.956162e-05
5.160000e+00 -4.395315e-05
5.170000e+00 -3.723762e-05
5.180000e+00 -2.947014e-05
5.190000e+00 -2.071017e-05
5.200000e+00 -1.102139e-05
5.210000e+00 -4.717361e-07
5.220000e+00 1.086668e-05
5.230000e+00 2.291752e-05
5.240000e+00 3.560033e-05
5.250000e+00 4.883058e-05
5.260000e+00 6.251992e-05
5.270000e+00 7.657642e-05
5.280000e+00 9.090500e-05
5.290000e+00 1.054080e-04
5.300000e+00 1.199857e-04
5.310000e+00 1.345376e-04
5.320000e+00 1.489628e-04
5.330000e+00 1.631614e-04
5.340000e+00 1.770356e-04
5.350000e+00 1.904912e-04
5.360000e+00 2.034383e-04
5.370000e+00 2.157932e-04
5.380000e+00 2.274791e-04
5.390000e+00 2.384275e-04
5.400000e+00 2.485792e-04
5.410000e+00 2.578850e-04
5.420000e+00 2.663066e-04
5.430000e+00 2.738164e-04
5.440000e+00 2.803984e-04
5.450000e+00 2.860477e-04
5.460000e+00 2.907699e-04
5.470000e+00 2.945811e-04
5.480000e+00 2.975066e-04
5.490000e+00 2.995798e-04
5.500000e+00 3.008416e-04
5.510000e+00 3.013383e-04
5.520000e+00 3.011207e-04
5.530000e+00 3.002424e-04
5.540000e+00 2.987589e-04
5.550000e+00 2.967254e-04
5.560000e+00 2.941968e-04
5.570000e+00 2.912255e-04
5.580000e+00 2.878615e-04
5.590000e+00 2.841515e-04
5.600000e+00 2.801383e-04
5.610000e+00 2.758614e-04
5.620000e+00 2.713565e-04
5.630000e+00 2.666563e-04
5.640000e+00 2.617910e-04
5.650000e+00 2.567890e-04
5.660000e+00 2.516777e-04
5.670000e+00 2.464846e-04
5.680000e+00 2.412381e-04
5.690000e+00 2.359685e-04
5.700000e+00 2.307082e-04
5.710000e+00 2.254931e-04
5.720000e+00 2.203625e-04
5.730000e+00 2.153590e-04
5.740000e+00 2.105288e-04
5.750000e+00 2.059212e-04
5.760000e+00 2.015875e-04
5.770000e+00 1.975802e-04
5.780000e+00 1.939520e-04
5.790000e+00 1.907537e-04
5.800000e+00 1.880331e-04
5.810000e+00 1.858328e-04
5.820000e+00 1.841888e-04
5.830000e+00 1.831282e-04
5.840000e+00 1.826680e-04
5.850000e+00 1.828131e-04
5.860000e+00 1.835554e-04
5.870000e+00 1.848725e-04
5.880000e+00 1.867273e-04
5.890000e+00 1.890674e-04
5.900000e+00 1.918259e-04
5.910000e+00 1.949213e-04
5.920000e+00 1.982591e-04
5.930000e+00 2.017332e-04
5.940000e+00 2.052277e-04
5.950000e+00 2.086190e-04
5.960000e+00 2.117789e-04
5.970000e+00 2.145769e-04
5.980000e+00 2.168834e-04
5.990000e+00 2.185724e-04
6.000000e+00 2.195250e-04
6.010000e+00 2.196321e-04
6.020000e+00 2.187967e-04
6.030000e+00 2.169371e-04
6.040000e+00 2.139886e-04
6.050000e+00 2.099050e-04
6.060000e+00 2.046606e-04
6.070000e+00 1.982503e-04
6.080000e+00 1.906904e-04
6.090000e+00 1.820184e-04
6.100000e+00 1.722921e-04
6.110000e+00 1.615887e-04
6.120000e+00 1.500033e-04
6.130000e+00 1.376469e-04
6.140000e+00 1.246443e-04
6.150000e+00 1.111317e-04
6.160000e+00 9.725396e-05
6.170000e+00 8.316180e-05
6.180000e+00 6.900927e-05
6.190000e+00 5.495092e-05
6.200000e+00 4.113912e-05
6.210000e+00 2.772173e-05
6.220000e+00 1.483973e-05
6.230000e+00 2.625316e-06
6.240000e+00 -8.799853e-06
6.250000e+00 -1.932606e-05
6.260000e+00 -2.885661e-05
6.270000e+00 -3.730863e-05
6.280000e+00 -4.461352e-05
6.290000e+00 -5.071718e-05
6.300000e+00 -5.557986e-05
6.310000e+00 -5.917590e-05
6.320000e+00 -6.149318e-05
6.330000e+00 -6.253241e-05
6.340000e+00 -6.230628e-05
6.350000e+00 -6.083853e-05
6.360000e+00 -5.816291e-05
6.370000e+00 -5.432212e-05
6.380000e+00 -4.936670e-05
6.390000e+00 -4.335394e-05
6.400000e+00 -3.634680e-05
6.410000e+00 -2.841285e-05
6.420000e+00 -1.962327e-05
6.430000e+00 -1.005185e-05
6.440000e+00 2.259244e-07
6.450000e+00 1.113378e-05
6.460000e+00 2.259550e-05
6.470000e+00 3.453572e-05
6.480000e+00 4.688072e-05
6.490000e+00 5.955913e-05
6.500000e+00 7.250264e-05
6.510000e+00 8.564664e-05
6.520000e+00 9.893083e-05
6.530000e+00 1.122998e-04
6.540000e+00 1.257033e-04
6.550000e+00 1.390971e-04
6.560000e+00 1.524429e-04
6.570000e+00 1.657088e-04
6.580000e+00 1.788692e-04
6.590000e+00 1.919053e-04
6.600000e+00 2.048045e-04
6.610000e+00 2.175605e-04
6.620000e+00 2.301729e-04
6.630000e+00 2.426469e-04
6.640000e+00 2.549925e-04
6.650000e+00 2.672241e-04
6.660000e+00 2.793597e-04
6.670000e+00 2.914203e-04
6.680000e+00 3.034288e-04
6.690000e+00 3.154093e-04
6.700000e+00 3.273865e-04
6.710000e+00 3.393848e-04
6.720000e+00 3.514276e-04
6.730000e+00 3.635367e-04
6.740000e+00 3.757319e-04
6.750000e+00 3.880307e-04
6.760000e+00 4.004477e-04
6.770000e+00 4.129951e-04
6.780000e+00 4.256825e-04
6.790000e+00 4.385171e-04
6.800000e+00 4.515043e-04
6.810000e+00 4.646478e-04
6.820000e+00 4.779508e-04
6.830000e+00 4.914161e-04
6.840000e+00 5.050470e-04
6.850000e+00 5.188482e-04
6.860000e+00 5.328263e-04
6.870000e+00 5.469906e-04
6.880000e+00 5.613535e-04
6.890000e+00 5.759308e-04
6.900000e+00 5.907427e-04
6.910000e+00 6.058128e-04
6.920000e+00 6.211692e-04
6.930000e+00 6.368433e-04
6.940000e+00 6.528700e-04
6.950000e+00 6.692867e-04
6.960000e+00 6.861325e-04
6.970000e+00 7.034473e-04
6.980000e+00 7.212710e-04
6.990000e+00 7.396413e-04
7.000000e+00 7.585935e-04
7.010000e+00 7.781584e-04
7.020000e+00 7.983609e-04
7.030000e+00 8.192192e-04
7.040000e+00 8.407431e-04
7.050000e+00 8.629326e-04
7.060000e+00 8.857776e-04
7.070000e+00 9.092561e-04
7.080000e+00 9.333344e-04
7.090000e+00 9.579658e-04
7.100000e+00 9.830912e-04
7.110000e+00 1.008638e-03
7.120000e+00 1.034522e-03
7.130000e+00 1.060646e-03
7.140000e+00 1.086902e-03
7.150000e+00 1.113171e-03
7.160000e+00 1.139325e-03
7.170000e+00 1.165227e-03
7.180000e+00 1.190735e-03
7.190000e+00 1.215701e-03
7.200000e+00 1.239973e-03
7.210000e+00 1.263399e-03
7.220000e+00 1.285827e-03
7.230000e+00 1.307106e-03
7.240000e+00 1.327090e-03
7.250000e+00 1.345638e-03
7.260000e+00 1.362617e-03
7.270000e+00 1.377902e-03
7.280000e+00 1.391381e-03
7.290000e+00 1.402952e-03
7.300000e+00 1.412527e-03
7.310000e+00 1.420032e-03
7.320000e+00 1.425410e-03
7.330000e+00 1.428620e-03
7.340000e+00 1.429636e-03
7.350000e+00 1.428452e-03
7.360000e+00 1.425077e-03
7.370000e+00 1.419541e-03
7.380000e+00 1.411888e-03
7.390000e+00 1.402182e-03
7.400000e+00 1.390500e-03
7.410000e+00 1.376938e-03
7.420000e+00 1.361606e-03
7.430000e+00 1.344626e-03
7.440000e+00 1.326134e-03
7.450000e+00 1.306274e-03
7.460000e+00 1.285203e-03
7.470000e+00 1.263081e-03
7.480000e+00 1.240076e-03
7.490000e+00 1.216360e-03
7.500000e+00 1.192104e-03
7.510000e+00 1.167480e-03
7.520000e+00 1.142658e-03
7.530000e+00 1.117801e-03
7.540000e+00 1.093069e-03
7.550000e+00 1.068612e-03
7.560000e+00 1.044570e-03
7.570000e+00 1.021074e-03
7.580000e+00 9.982396e-04
7.590000e+00 9.761715e-04
7.600000e+00 9.549589e-04
7.610000e+00 9.346762e-04
7.620000e+00 9.153823e-04
7.630000e+00 8.971208e-04
7.640000e+00 8.799199e-04
7.650000e+00 8.637926e-04
7.660000e+00 8.487372e-04
7.670000e+00 8.347381e-04
7.680000e+00 8.217669e-04
7.690000e+00 8.097832e-04
7.700000e+00 7.987357e-04
7.710000e+00 7.885637e-04
7.720000e+00 7.791987e-04
7.730000e+00 7.705653e-04
7.740000e+00 7.625834e-04
7.750000e+00 7.551691e-04
7.760000e+00 7.482364e-04
7.770000e+00 7.416990e-04
7.780000e+00 7.354715e-04
7.790000e+00 7.294706e-04
7.800000e+00 7.236166e-04
7.810000e+00 7.178350e-04
7.820000e+00 7.120568e-04
7.830000e+00 7.062202e-04
7.840000e+00 7.002712e-04
7.850000e+00 6.941645e-04
7.860000e+00 6.878641e-04
7.870000e+00 6.813436e-04
7.880000e+00 6.745871e-04
7.890000e+00 6.675889e-04
7.900000e+00 6.603537e-04
7.910000e+00 6.528968e-04
7.920000e+00 6.452433e-04
7.930000e+00 6.374285e-04
7.940000e+00 6.294965e-04
7.950000e+00 6.215000e-04
7.960000e+00 6.134995e-04
7.970000e+00 6.055617e-04
7.980000e+00 5.977590e-04
7.990000e+00 5.901678e-04
8.000000e+00 5.828674e-04
8.010000e+00 5.759380e-04
8.020000e+00 5.694597e-04
8.030000e+00 5.635105e-04
8.040000e+00 5.581650e-04
8.050000e+00 5.534921e-04
8.060000e+00 5.495543e-04
8.070000e+00 5.464054e-04
8.080000e+00 5.440896e-04
8.090000e+00 5.426397e-04
8.100000e+00 5.420765e-04
8.110000e+00 5.424077e-04
8.120000e+00 5.436267e-04
8.130000e+00 5.457129e-04
8.140000e+00 5.486307e-04
8.150000e+00 5.523303e-04
8.160000e+00 5.567470e-04
8.170000e+00 5.618025e-04
8.180000e+00 5.674052e-04
8.190000e+00 5.734516e-04
8.200000e+00 5.798269e-04
8.210000e+00 5.864068e-04
8.220000e+00 5.930588e-04
8.230000e+00 5.996438e-04
8.240000e+00 6.060181e-04
8.250000e+00 6.120347e-04
8.260000e+00 6.175454e-04
8.270000e+00 6.224024e-04
8.280000e+00 6.264600e-04
8.290000e+00 6.295763e-04
8.300000e+00 6.316148e-04
8.310000e+00 6.324457e-04
8.320000e+00 6.319474e-04
8.330000e+00 6.300074e-04
8.340000e+00 6.265236e-04
8.350000e+00 6.214053e-04
8.360000e+00 6.145740e-04
8.370000e+00 6.059639e-04
8.380000e+00 5.955228e-04
8.390000e+00 5.832124e-04
8.400000e+00 5.690092e-04
8.410000e+00 5.529043e-04
8.420000e+00 5.349042e-04
8.430000e+00 5.150312e-04
8.440000e+00 4.933231e-04
8.450000e+00 4.698339e-04
8.460000e+00 4.446338e-04
8.470000e+00 4.178093e-04
8.480000e+00 3.894631e-04
8.490000e+00 3.597142e-04
8.500000e+00 3.286975e-04
8.510000e+00 2.965634e-04
8.520000e+00 2.634775e-04
8.530000e+00 2.296194e-04
8.540000e+00 1.951825e-04
8.550000e+00 1.603720e-04
8.560000e+00 1.254040e-04
8.570000e+00 9.050396e-05
8.580000e+00 5.590434e-05
8.590000e+00 2.184284e-05
8.600000e+00 -1.144000e-05
8.610000e+00 -4.370333e-05
8.620000e+00 -7.470865e-05
8.630000e+00 -1.042225e-04
8.640000e+00 -1.320195e-04
8.650000e+00 -1.578848e-04
8.660000e+00 -1.816171e-04
8.670000e+00 -2.030315e-04
8.680000e+00 -2.219614e-04
8.690000e+00 -2.382614e-04
8.700000e+00 -2.518088e-04
8.710000e+00 -2.625055e-04
8.720000e+00 -2.702790e-04
8.730000e+00 -2.750837e-04
8.740000e+00 -2.769005e-04
8.750000e+00 -2.757375e-04
8.760000e+00 -2.716293e-04
8.770000e+00 -2.646357e-04
8.780000e+00 -2.548408e-04
8.790000e+00 -2.423510e-04
8.800000e+00 -2.272930e-04
8.810000e+00 -2.098110e-04
8.820000e+00 -1.900649e-04
8.830000e+00 -1.682267e-04
8.840000e+00 -1.444781e-04
8.850000e+00 -1.190071e-04
8.860000e+00 -9.200560e-05
8.870000e+00 -6.366619e-05
8.880000e+00 -3.417965e-05
8.890000e+00 -3.732452e-06
8.900000e+00 2.749544e-05
8.910000e+00 5.933247e-05
8.920000e+00 9.161710e-05
8.930000e+00 1.241991e-04
8.940000e+00 1.569402e-04
8.950000e+00 1.897152e-04
8.960000e+00 2.224116e-04
8.970000e+00 2.549298e-04
8.980000e+00 2.871828e-04
8.990000e+00 3.190954e-04
9.000000e+00 3.506035e-04
9.010000e+00 3.816527e-04
9.020000e+00 4.121978e-04
9.030000e+00 4.422007e-04
9.040000e+00 4.716297e-04
9.050000e+00 5.004580e-04
9.060000e+00 5.286620e-04
9.070000e+00 5.562205e-04
9.080000e+00 5.831131e-04
9.090000e+00 6.093190e-04
9.100000e+00 6.348164e-04
9.110000e+00 6.595810e-04
9.120000e+00 6.835857e-04
9.130000e+00 7.067997e-04
9.140000e+00 7.291877e-04
9.150000e+00 7.507101e-04
9.160000e+00 7.713224e-04
9.170000e+00 7.909748e-04
9.180000e+00 8.096130e-04
9.190000e+00 8.271775e-04
9.200000e+00 8.436042e-04
9.210000e+00 8.588250e-04
9.220000e+00 8.727679e-04
9.230000e+00 8.853580e-04
9.240000e+00 8.965179e-04
9.250000e+00 9.061688e-04
9.260000e+00 9.142315e-04
9.270000e+00 9.206272e-04
9.280000e+00 9.252790e-04
9.290000e+00 9.281130e-04
9.300000e+00 9.290596e-04
9.310000e+00 9.280552e-04
9.320000e+00 9.250434e-04
9.330000e+00 9.199764e-04
9.340000e+00 9.128168e-04
9.350000e+00 9.035387e-04
9.360000e+00 8.921295e-04
9.370000e+00 8.785905e-04
9.380000e+00 8.629387e-04
9.390000e+00 8.452074e-04
9.400000e+00 8.254471e-04
9.410000e+00 8.037258e-04
9.420000e+00 7.801298e-04
9.430000e+00 7.547632e-04
9.440000e+00 7.277476e-04
9.450000e+00 6.992222e-04
9.460000e+00 6.693420e-04
9.470000e+00 6.382772e-04
9.480000e+00 6.062118e-04
9.490000e+00 5.733413e-04
9.500000e+00 5.398716e-04
9.510000e+00 5.060159e-04
9.520000e+00 4.719932e-04
9.530000e+00 4.380256e-04
9.540000e+00 4.043353e-04
9.550000e+00 3.711430e-04
9.560000e+00 3.386645e-04
9.570000e+00 3.071090e-04
9.580000e+00 2.766761e-04
9.590000e+00 2.475541e-04
9.600000e+00 2.199180e-04
9.610000e+00 1.939272e-04
9.620000e+00 1.697247e-04
9.630000e+00 1.474354e-04
9.640000e+00 1.271651e-04
9.650000e+00 1.090000e-04
9.660000e+00 9.300617e-05
9.670000e+00 7.922915e-05
9.680000e+00 6.769436e-05
9.690000e+00 5.840727e-05
9.700000e+00 5.135397e-05
9.710000e+00 4.650192e-05
9.720000e+00 4.380088e-05
9.730000e+00 4.318403e-05
9.740000e+00 4.456921e-05
9.750000e+00 4.786027e-05
9.760000e+00 5.294857e-05
9.770000e+00 5.971450e-05
9.780000e+00 6.802915e-05
9.790000e+00 7.775599e-05
9.800000e+00 8.875263e-05
9.810000e+00 1.008726e-04
9.820000e+00 1.139672e-04
9.830000e+00 1.278873e-04
9.840000e+00 1.424854e-04
9.850000e+00 1.576170e-04
9.860000e+00 1.731431e-04
9.870000e+00 1.889315e-04
9.880000e+00 2.048589e-04
9.890000e+00 2.208122e-04
9.900000e+00 2.366907e-04
9.910000e+00 2.524068e-04
9.920000e+00 2.678880e-04
9.930000e+00 2.830773e-04
9.940000e+00 2.979350e-04
9.950000e+00 3.124384e-04
9.960000e+00 3.265828e-04
9.970000e+00 3.403812e-04
9.980000e+00 3.538643e-04
9.990000e+00 3.670797e-04
1.000000e+01 3.800912e-04
