# sigma2_v 1.003501721796392e+01
0.000000e+00 1.000000e+00
1.000000e-02 9.994984e-01
2.000000e-02 9.979951e-01
3.000000e-02 9.954951e-01
4.000000e-02 9.920061e-01
5.000000e-02 9.875394e-01
6.000000e-02 9.821092e-01
7.000000e-02 9.757324e-01
8.000000e-02 9.684293e-01
9.000000e-02 9.602225e-01
1.000000e-01 9.511375e-01
1.100000e-01 9.412022e-01
1.200000e-01 9.304470e-01
1.300000e-01 9.189043e-01
1.400000e-01 9.066087e-01
1.500000e-01 8.935963e-01
1.600000e-01 8.799052e-01
1.700000e-01 8.655748e-01
1.800000e-01 8.506456e-01
1.900000e-01 8.351595e-01
2.000000e-01 8.191589e-01
2.100000e-01 8.026870e-01
2.200000e-01 7.857874e-01
2.300000e-01 7.685040e-01
2.400000e-01 7.508807e-01
2.500000e-01 7.329613e-01
2.600000e-01 7.147891e-01
2.700000e-01 6.964073e-01
2.800000e-01 6.778582e-01
2.900000e-01 6.591832e-01
3.000000e-01 6.404231e-01
3.100000e-01 6.216172e-01
3.200000e-01 6.028040e-01
3.300000e-01 5.840203e-01
3.400000e-01 5.653018e-01
3.500000e-01 5.466826e-01
3.600000e-01 5.281951e-01
3.700000e-01 5.098702e-01
3.800000e-01 4.917371e-01
3.900000e-01 4.738231e-01
4.000000e-01 4.561539e-01
4.100000e-01 4.387533e-01
4.200000e-01 4.216434e-01
4.300000e-01 4.048444e-01
4.400000e-01 3.883746e-01
4.500000e-01 3.722507e-01
4.600000e-01 3.564876e-01
4.700000e-01 3.410984e-01
4.800000e-01 3.260945e-01
4.900000e-01 3.114857e-01
5.000000e-01 2.972802e-01
5.100000e-01 2.834846e-01
5.200000e-01 2.701040e-01
5.300000e-01 2.571421e-01
5.400000e-01 2.446014e-01
5.500000e-01 2.324828e-01
5.600000e-01 2.207861e-01
5.700000e-01 2.095102e-01
5.800000e-01 1.986524e-01
5.900000e-01 1.882096e-01
6.000000e-01 1.781772e-01
6.100000e-01 1.685501e-01
6.200000e-01 1.593223e-01
6.300000e-01 1.504871e-01
6.400000e-01 1.420371e-01
6.500000e-01 1.339644e-01
6.600000e-01 1.262605e-01
6.700000e-01 1.189165e-01
6.800000e-01 1.119231e-01
6.900000e-01 1.052707e-01
7.000000e-01 9.894927e-02
7.100000e-01 9.294876e-02
7.200000e-01 8.725883e-02
7.300000e-01 8.186905e-02
7.400000e-01 7.676891e-02
7.500000e-01 7.194784e-02
7.600000e-01 6.739528e-02
7.700000e-01 6.310072e-02
7.800000e-01 5.905369e-02
7.900000e-01 5.524384e-02
8.000000e-01 5.166093e-02
8.100000e-01 4.829489e-02
8.200000e-01 4.513580e-02
8.300000e-01 4.217394e-02
8.400000e-01 3.939982e-02
8.500000e-01 3.680414e-02
8.600000e-01 3.437786e-02
8.700000e-01 3.211220e-02
8.800000e-01 2.999860e-02
8.900000e-01 2.802879e-02
9.000000e-01 2.619479e-02
9.100000e-01 2.448887e-02
9.200000e-01 2.290357e-02
9.300000e-01 2.143175e-02
9.400000e-01 2.006650e-02
9.500000e-01 1.880124e-02
9.600000e-01 1.762963e-02
9.700000e-01 1.654564e-02
9.800000e-01 1.554346e-02
9.900000e-01 1.461761e-02
1.000000e+00 1.376284e-02
1.010000e+00 1.297414e-02
1.020000e+00 1.224680e-02
1.030000e+00 1.157631e-02
1.040000e+00 1.095843e-02
1.050000e+00 1.038912e-02
1.060000e+00 9.864611e-03
1.070000e+00 9.381309e-03
1.080000e+00 8.935851e-03
1.090000e+00 8.525073e-03
1.100000e+00 8.146007e-03
1.110000e+00 7.795874e-03
1.120000e+00 7.472076e-03
1.130000e+00 7.172188e-03
1.140000e+00 6.893955e-03
1.150000e+00 6.635280e-03
1.160000e+00 6.394221e-03
1.170000e+00 6.168981e-03
1.180000e+00 5.957905e-03
1.190000e+00 5.759474e-03
1.200000e+00 5.572295e-03
1.210000e+00 5.395099e-03
1.220000e+00 5.226731e-03
1.230000e+00 5.066150e-03
1.240000e+00 4.912419e-03
1.250000e+00 4.764700e-03
1.260000e+00 4.622253e-03
1.270000e+00 4.484422e-03
1.280000e+00 4.350638e-03
1.290000e+00 4.220412e-03
1.300000e+00 4.093325e-03
1.310000e+00 3.969030e-03
1.320000e+00 3.847240e-03
1.330000e+00 3.727728e-03
1.340000e+00 3.610321e-03
1.350000e+00 3.494893e-03
1.360000e+00 3.381362e-03
1.370000e+00 3.269685e-03
1.380000e+00 3.159851e-03
1.390000e+00 3.051882e-03
1.400000e+00 2.945821e-03
1.410000e+00 2.841735e-03
1.420000e+00 2.739706e-03
1.430000e+00 2.639828e-03
1.440000e+00 2.542207e-03
1.450000e+00 2.446951e-03
1.460000e+00 2.354175e-03
1.470000e+00 2.263989e-03
1.480000e+00 2.176505e-03
1.490000e+00 2.091826e-03
1.500000e+00 2.010052e-03
1.510000e+00 1.931271e-03
1.520000e+00 1.855564e-03
1.530000e+00 1.783000e-03
1.540000e+00 1.713637e-03
1.550000e+00 1.647519e-03
1.560000e+00 1.584680e-03
1.570000e+00 1.525142e-03
1.580000e+00 1.468912e-03
1.590000e+00 1.415988e-03
1.600000e+00 1.366355e-03
1.610000e+00 1.319989e-03
1.620000e+00 1.276854e-03
1.630000e+00 1.236907e-03
1.640000e+00 1.200094e-03
1.650000e+00 1.166357e-03
1.660000e+00 1.135629e-03
1.670000e+00 1.107836e-03
1.680000e+00 1.082903e-03
1.690000e+00 1.060747e-03
1.700000e+00 1.041283e-03
1.710000e+00 1.024424e-03
1.720000e+00 1.010079e-03
1.730000e+00 9.981577e-04
1.740000e+00 9.885658e-04
1.750000e+00 9.812099e-04
1.760000e+00 9.759956e-04
1.770000e+00 9.728284e-04
1.780000e+00 9.716136e-04
1.790000e+00 9.722568e-04
1.800000e+00 9.746641e-04
1.810000e+00 9.787418e-04
1.820000e+00 9.843970e-04
1.830000e+00 9.915371e-04
1.840000e+00 1.000071e-03
1.850000e+00 1.009906e-03
1.860000e+00 1.020954e-03
1.870000e+00 1.033124e-03
1.880000e+00 1.046329e-03
1.890000e+00 1.060479e-03
1.900000e+00 1.075487e-03
1.910000e+00 1.091269e-03
1.920000e+00 1.107737e-03
1.930000e+00 1.124806e-03
1.940000e+00 1.142394e-03
1.950000e+00 1.160415e-03
1.960000e+00 1.178788e-03
1.970000e+00 1.197428e-03
1.980000e+00 1.216255e-03
1.990000e+00 1.235187e-03
2.000000e+00 1.254141e-03
2.010000e+00 1.273036e-03
2.020000e+00 1.291791e-03
2.030000e+00 1.310324e-03
2.040000e+00 1.328555e-03
2.050000e+00 1.346400e-03
2.060000e+00 1.363779e-03
2.070000e+00 1.380610e-03
2.080000e+00 1.396811e-03
2.090000e+00 1.412301e-03
2.100000e+00 1.426998e-03
2.110000e+00 1.440822e-03
2.120000e+00 1.453692e-03
2.130000e+00 1.465530e-03
2.140000e+00 1.476259e-03
2.150000e+00 1.485803e-03
2.160000e+00 1.494088e-03
2.170000e+00 1.501044e-03
2.180000e+00 1.506605e-03
2.190000e+00 1.510706e-03
2.200000e+00 1.513289e-03
2.210000e+00 1.514298e-03
2.220000e+00 1.513686e-03
2.230000e+00 1.511410e-03
2.240000e+00 1.507431e-03
2.250000e+00 1.501721e-03
2.260000e+00 1.494257e-03
2.270000e+00 1.485022e-03
2.280000e+00 1.474009e-03
2.290000e+00 1.461218e-03
2.300000e+00 1.446657e-03
2.310000e+00 1.430342e-03
2.320000e+00 1.412296e-03
2.330000e+00 1.392552e-03
2.340000e+00 1.371148e-03
2.350000e+00 1.348131e-03
2.360000e+00 1.323554e-03
2.370000e+00 1.297479e-03
2.380000e+00 1.269971e-03
2.390000e+00 1.241103e-03
2.400000e+00 1.210951e-03
2.410000e+00 1.179598e-03
2.420000e+00 1.147129e-03
2.430000e+00 1.113634e-03
2.440000e+00 1.079204e-03
2.450000e+00 1.043934e-03
2.460000e+00 1.007918e-03
2.470000e+00 9.712541e-04
2.480000e+00 9.340386e-04
2.490000e+00 8.963686e-04
2.500000e+00 8.583402e-04
2.510000e+00 8.200486e-04
2.520000e+00 7.815875e-04
2.530000e+00 7.430487e-04
2.540000e+00 7.045219e-04
2.550000e+00 6.660941e-04
2.560000e+00 6.278497e-04
2.570000e+00 5.898702e-04
2.580000e+00 5.522339e-04
2.590000e+00 5.150158e-04
2.600000e+00 4.782878e-04
2.610000e+00 4.421182e-04
2.620000e+00 4.065721e-04
2.630000e+00 3.717110e-04
2.640000e+00 3.375931e-04
2.650000e+00 3.042734e-04
2.660000e+00 2.718034e-04
2.670000e+00 2.402317e-04
2.680000e+00 2.096034e-04
2.690000e+00 1.799610e-04
2.700000e+00 1.513438e-04
2.710000e+00 1.237881e-04
2.720000e+00 9.732764e-05
2.730000e+00 7.199319e-05
2.740000e+00 4.781286e-05
2.750000e+00 2.481201e-05
2.760000e+00 3.013273e-06
2.770000e+00 -1.756348e-05
2.780000e+00 -3.690118e-05
2.790000e+00 -5.498564e-05
2.800000e+00 -7.180562e-05
2.810000e+00 -8.735295e-05
2.820000e+00 -1.016226e-04
2.830000e+00 -1.146129e-04
2.840000e+00 -1.263256e-04
2.850000e+00 -1.367658e-04
2.860000e+00 -1.459425e-04
2.870000e+00 -1.538683e-04
2.880000e+00 -1.605597e-04
2.890000e+00 -1.660369e-04
2.900000e+00 -1.703240e-04
2.910000e+00 -1.734490e-04
2.920000e+00 -1.754435e-04
2.930000e+00 -1.763425e-04
2.940000e+00 -1.761845e-04
2.950000e+00 -1.750109e-04
2.960000e+00 -1.728657e-04
2.970000e+00 -1.697952e-04
2.980000e+00 -1.658477e-04
2.990000e+00 -1.610724e-04
3.000000e+00 -1.555193e-04
3.010000e+00 -1.492387e-04
3.020000e+00 -1.422801e-04
3.030000e+00 -1.346918e-04
3.040000e+00 -1.265205e-04
3.050000e+00 -1.178103e-04
3.060000e+00 -1.086022e-04
3.070000e+00 -9.893381e-05
3.080000e+00 -8.883862e-05
3.090000e+00 -7.834569e-05
3.100000e+00 -6.747939e-05
3.110000e+00 -5.625918e-05
3.120000e+00 -4.469956e-05
3.130000e+00 -3.281011e-05
3.140000e+00 -2.059567e-05
3.150000e+00 -8.056644e-06
3.160000e+00 4.810558e-06
3.170000e+00 1.801300e-05
3.180000e+00 3.156054e-05
3.190000e+00 4.546512e-05
3.200000e+00 5.973991e-05
3.210000e+00 7.439845e-05
3.220000e+00 8.945374e-05
3.230000e+00 1.049173e-04
3.240000e+00 1.207983e-04
3.250000e+00 1.371027e-04
3.260000e+00 1.538323e-04
3.270000e+00 1.709842e-04
3.280000e+00 1.885502e-04
3.290000e+00 2.065163e-04
3.300000e+00 2.248623e-04
3.310000e+00 2.435616e-04
3.320000e+00 2.625816e-04
3.330000e+00 2.818833e-04
3.340000e+00 3.014223e-04
3.350000e+00 3.211489e-04
3.360000e+00 3.410091e-04
3.370000e+00 3.609452e-04
3.380000e+00 3.808971e-04
3.390000e+00 4.008032e-04
3.400000e+00 4.206017e-04
3.410000e+00 4.402317e-04
3.420000e+00 4.596347e-04
3.430000e+00 4.787558e-04
3.440000e+00 4.975446e-04
3.450000e+00 5.159570e-04
3.460000e+00 5.339555e-04
3.470000e+00 5.515107e-04
3.480000e+00 5.686019e-04
3.490000e+00 5.852173e-04
3.500000e+00 6.013551e-04
3.510000e+00 6.170230e-04
3.520000e+00 6.322385e-04
3.530000e+00 6.470287e-04
3.540000e+00 6.614297e-04
3.550000e+00 6.754859e-04
3.560000e+00 6.892493e-04
3.570000e+00 7.027784e-04
3.580000e+00 7.161371e-04
3.590000e+00 7.293934e-04
3.600000e+00 7.426179e-04
3.610000e+00 7.558827e-04
3.620000e+00 7.692596e-04
3.630000e+00 7.828189e-04
3.640000e+00 7.966280e-04
3.650000e+00 8.107500e-04
3.660000e+00 8.252424e-04
3.670000e+00 8.401560e-04
3.680000e+00 8.555343e-04
3.690000e+00 8.714122e-04
3.700000e+00 8.878154e-04
3.710000e+00 9.047604e-04
3.720000e+00 9.222535e-04
3.730000e+00 9.402914e-04
3.740000e+00 9.588607e-04
3.750000e+00 9.779384e-04
3.760000e+00 9.974923e-04
3.770000e+00 1.017481e-03
3.780000e+00 1.037856e-03
3.790000e+00 1.058559e-03
3.800000e+00 1.079528e-03
3.810000e+00 1.100692e-03
3.820000e+00 1.121978e-03
3.830000e+00 1.143306e-03
3.840000e+00 1.164594e-03
3.850000e+00 1.185758e-03
3.860000e+00 1.206711e-03
3.870000e+00 1.227367e-03
3.880000e+00 1.247638e-03
3.890000e+00 1.267437e-03
3.900000e+00 1.286678e-03
3.910000e+00 1.305279e-03
3.920000e+00 1.323157e-03
3.930000e+00 1.340234e-03
3.940000e+00 1.356434e-03
3.950000e+00 1.371686e-03
3.960000e+00 1.385923e-03
3.970000e+00 1.399081e-03
3.980000e+00 1.411103e-03
3.990000e+00 1.421937e-03
4.000000e+00 1.431537e-03
4.010000e+00 1.439863e-03
4.020000e+00 1.446882e-03
4.030000e+00 1.452569e-03
4.040000e+00 1.456906e-03
4.050000e+00 1.459884e-03
4.060000e+00 1.461502e-03
4.070000e+00 1.461769e-03
4.080000e+00 1.460702e-03
4.090000e+00 1.458328e-03
4.100000e+00 1.454686e-03
4.110000e+00 1.449822e-03
4.120000e+00 1.443793e-03
4.130000e+00 1.436666e-03
4.140000e+00 1.428518e-03
4.150000e+00 1.419433e-03
4.160000e+00 1.409505e-03
4.170000e+00 1.398835e-03
4.180000e+00 1.387530e-03
4.190000e+00 1.375704e-03
4.200000e+00 1.363473e-03
4.210000e+00 1.350959e-03
4.220000e+00 1.338282e-03
4.230000e+00 1.325566e-03
4.240000e+00 1.312929e-03
4.250000e+00 1.300489e-03
4.260000e+00 1.288357e-03
4.270000e+00 1.276639e-03
4.280000e+00 1.265432e-03
4.290000e+00 1.254823e-03
4.300000e+00 1.244889e-03
4.310000e+00 1.235695e-03
4.320000e+00 1.227292e-03
4.330000e+00 1.219716e-03
4.340000e+00 1.212990e-03
4.350000e+00 1.207122e-03
4.360000e+00 1.202104e-03
4.370000e+00 1.197912e-03
4.380000e+00 1.194509e-03
4.390000e+00 1.191841e-03
4.400000e+00 1.189843e-03
4.410000e+00 1.188437e-03
4.420000e+00 1.187530e-03
4.430000e+00 1.187025e-03
4.440000e+00 1.186810e-03
4.450000e+00 1.186771e-03
4.460000e+00 1.186785e-03
4.470000e+00 1.186727e-03
4.480000e+00 1.186470e-03
4.490000e+00 1.185885e-03
4.500000e+00 1.184848e-03
4.510000e+00 1.183234e-03
4.520000e+00 1.180926e-03
4.530000e+00 1.177811e-03
4.540000e+00 1.173784e-03
4.550000e+00 1.168749e-03
4.560000e+00 1.162618e-03
4.570000e+00 1.155314e-03
4.580000e+00 1.146772e-03
4.590000e+00 1.136938e-03
4.600000e+00 1.125767e-03
4.610000e+00 1.113230e-03
4.620000e+00 1.099307e-03
4.630000e+00 1.083989e-03
4.640000e+00 1.067280e-03
4.650000e+00 1.049195e-03
4.660000e+00 1.029756e-03
4.670000e+00 1.008999e-03
4.680000e+00 9.869654e-04
4.690000e+00 9.637058e-04
4.700000e+00 9.392785e-04
4.710000e+00 9.137477e-04
4.720000e+00 8.871837e-04
4.730000e+00 8.596614e-04
4.740000e+00 8.312599e-04
4.750000e+00 8.020616e-04
4.760000e+00 7.721517e-04
4.770000e+00 7.416174e-04
4.780000e+00 7.105470e-04
4.790000e+00 6.790302e-04
4.800000e+00 6.471566e-04
4.810000e+00 6.150163e-04
4.820000e+00 5.826985e-04
4.830000e+00 5.502922e-04
4.840000e+00 5.178852e-04
4.850000e+00 4.855643e-04
4.860000e+00 4.534150e-04
4.870000e+00 4.215214e-04
4.880000e+00 3.899660e-04
4.890000e+00 3.588301e-04
4.900000e+00 3.281928e-04
4.910000e+00 2.981322e-04
4.920000e+00 2.687241e-04
4.930000e+00 2.400431e-04
4.940000e+00 2.121615e-04
4.950000e+00 1.851503e-04
4.960000e+00 1.590781e-04
4.970000e+00 1.340118e-04
4.980000e+00 1.100161e-04
4.990000e+00 8.715342e-05
5.000000e+00 6.548364e-05
5.010000e+00 4.506415e-05
5.020000e+00 2.594943e-05
5.030000e+00 8.190861e-06
5.040000e+00 -8.163510e-06
5.050000e+00 -2.306929e-05
5.060000e+00 -3.648599e-05
5.070000e+00 -4.837736e-05
5.080000e+00 -5.871166e-05
5.090000e+00 -6.746197e-05
5.100000e+00 -7.460644e-05
5.110000e+00 -8.012859e-05
5.120000e+00 -8.401751e-05
5.130000e+00 -8.626806e-05
5.140000e+00 -8.688105e-05
5.150000e+00 -8.586333e-05
5.160000e+00 -8.322785e-05
5.170000e+00 -7.899367e-05
5.180000e+00 -7.318589e-05
5.190000e+00 -6.583554e-05
5.200000e+00 -5.697937e-05
5.210000e+00 -4.665964e-05
5.220000e+00 -3.492377e-05
5.230000e+00 -2.182401e-05
5.240000e+00 -7.416993e-06
5.250000e+00 8.236705e-06
5.260000e+00 2.507309e-05
5.270000e+00 4.302525e-05
5.280000e+00 6.202394e-05
5.290000e+00 8.199812e-05
5.300000e+00 1.028755e-04
5.310000e+00 1.245832e-04
5.320000e+00 1.470479e-04
5.330000e+00 1.701971e-04
5.340000e+00 1.939586e-04
5.350000e+00 2.182616e-04
5.360000e+00 2.430369e-04
5.370000e+00 2.682171e-04
5.380000e+00 2.937367e-04
5.390000e+00 3.195328e-04
5.400000e+00 3.455445e-04
5.410000e+00 3.717135e-04
5.420000e+00 3.979838e-04
5.430000e+00 4.243018e-04
5.440000e+00 4.506160e-04
5.450000e+00 4.768772e-04
5.460000e+00 5.030381e-04
5.470000e+00 5.290531e-04
5.480000e+00 5.548783e-04
5.490000e+00 5.804712e-04
5.500000e+00 6.057907e-04
5.510000e+00 6.307967e-04
5.520000e+00 6.554503e-04
5.530000e+00 6.797133e-04
5.540000e+00 7.035487e-04
5.550000e+00 7.269201e-04
5.560000e+00 7.497924e-04
5.570000e+00 7.721311e-04
5.580000e+00 7.939030e-04
5.590000e+00 8.150759e-04
5.600000e+00 8.356190e-04
5.610000e+00 8.555027e-04
5.620000e+00 8.746992e-04
5.630000e+00 8.931820e-04
5.640000e+00 9.109265e-04
5.650000e+00 9.279097e-04
5.660000e+00 9.441105e-04
5.670000e+00 9.595096e-04
5.680000e+00 9.740893e-04
5.690000e+00 9.878334e-04
5.700000e+00 1.000727e-03
5.710000e+00 1.012758e-03
5.720000e+00 1.023912e-03
5.730000e+00 1.034178e-03
5.740000e+00 1.043546e-03
5.750000e+00 1.052004e-03
5.760000e+00 1.059541e-03
5.770000e+00 1.066147e-03
5.780000e+00 1.071808e-03
5.790000e+00 1.076515e-03
5.800000e+00 1.080253e-03
5.810000e+00 1.083009e-03
5.820000e+00 1.084769e-03
5.830000e+00 1.085521e-03
5.840000e+00 1.085249e-03
5.850000e+00 1.083941e-03
5.860000e+00 1.081584e-03
5.870000e+00 1.078170e-03
5.880000e+00 1.073690e-03
5.890000e+00 1.068141e-03
5.900000e+00 1.061523e-03
5.910000e+00 1.053843e-03
5.920000e+00 1.045112e-03
5.930000e+00 1.035351e-03
5.940000e+00 1.024587e-03
5.950000e+00 1.012856e-03
5.960000e+00 1.000205e-03
5.970000e+00 9.866887e-04
5.980000e+00 9.723749e-04
5.990000e+00 9.573401e-04
6.000000e+00 9.416717e-04
6.010000e+00 9.254674e-04
6.020000e+00 9.088341e-04
6.030000e+00 8.918876e-04
6.040000e+00 8.747513e-04
6.050000e+00 8.575550e-04
6.060000e+00 8.404331e-04
6.070000e+00 8.235231e-04
6.080000e+00 8.069636e-04
6.090000e+00 7.908924e-04
6.100000e+00 7.754441e-04
6.110000e+00 7.607482e-04
6.120000e+00 7.469267e-04
6.130000e+00 7.340923e-04
6.140000e+00 7.223458e-04
6.150000e+00 7.117751e-04
6.160000e+00 7.024528e-04
6.170000e+00 6.944350e-04
6.180000e+00 6.877605e-04
6.190000e+00 6.824496e-04
6.200000e+00 6.785039e-04
6.210000e+00 6.759060e-04
6.220000e+00 6.746201e-04
6.230000e+00 6.745923e-04
6.240000e+00 6.757519e-04
6.250000e+00 6.780129e-04
6.260000e+00 6.812750e-04
6.270000e+00 6.854267e-04
6.280000e+00 6.903466e-04
6.290000e+00 6.959062e-04
6.300000e+00 7.019726e-04
6.310000e+00 7.084111e-04
6.320000e+00 7.150877e-04
6.330000e+00 7.218722e-04
6.340000e+00 7.286404e-04
6.350000e+00 7.352770e-04
6.360000e+00 7.416772e-04
6.370000e+00 7.477496e-04
6.380000e+00 7.534170e-04
6.390000e+00 7.586186e-04
6.400000e+00 7.633105e-04
6.410000e+00 7.674666e-04
6.420000e+00 7.710791e-04
6.430000e+00 7.741579e-04
6.440000e+00 7.767305e-04
6.450000e+00 7.788414e-04
6.460000e+00 7.805503e-04
6.470000e+00 7.819311e-04
6.480000e+00 7.830700e-04
6.490000e+00 7.840638e-04
6.500000e+00 7.850171e-04
6.510000e+00 7.860406e-04
6.520000e+00 7.872484e-04
6.530000e+00 7.887558e-04
6.540000e+00 7.906764e-04
6.550000e+00 7.931203e-04
6.560000e+00 7.961913e-04
6.570000e+00 7.999850e-04
6.580000e+00 8.045868e-04
6.590000e+00 8.100701e-04
6.600000e+00 8.164946e-04
6.610000e+00 8.239049e-04
6.620000e+00 8.323298e-04
6.630000e+00 8.417812e-04
6.640000e+00 8.522533e-04
6.650000e+00 8.637229e-04
6.660000e+00 8.761489e-04
6.670000e+00 8.894727e-04
6.680000e+00 9.036185e-04
6.690000e+00 9.184942e-04
6.700000e+00 9.339918e-04
6.710000e+00 9.499891e-04
6.720000e+00 9.663506e-04
6.730000e+00 9.829285e-04
6.740000e+00 9.995649e-04
6.750000e+00 1.016093e-03
6.760000e+00 1.032339e-03
6.770000e+00 1.048123e-03
6.780000e+00 1.063262e-03
6.790000e+00 1.077573e-03
6.800000e+00 1.090870e-03
6.810000e+00 1.102972e-03
6.820000e+00 1.113702e-03
6.830000e+00 1.122886e-03
6.840000e+00 1.130363e-03
6.850000e+00 1.135978e-03
6.860000e+00 1.139588e-03
6.870000e+00 1.141065e-03
6.880000e+00 1.140293e-03
6.890000e+00 1.137175e-03
6.900000e+00 1.131631e-03
6.910000e+00 1.123598e-03
6.920000e+00 1.113033e-03
6.930000e+00 1.099914e-03
6.940000e+00 1.084240e-03
6.950000e+00 1.066030e-03
6.960000e+00 1.045323e-03
6.970000e+00 1.022179e-03
6.980000e+00 9.966804e-04
6.990000e+00 9.689249e-04
7.000000e+00 9.390297e-04
7.010000e+00 9.071281e-04
7.020000e+00 8.733679e-04
7.030000e+00 8.379095e-04
7.040000e+00 8.009237e-04
7.050000e+00 7.625892e-04
7.060000e+00 7.230904e-04
7.070000e+00 6.826144e-04
7.080000e+00 6.413486e-04
7.090000e+00 5.994778e-04
7.100000e+00 5.571817e-04
7.110000e+00 5.146322e-04
7.120000e+00 4.719909e-04
7.130000e+00 4.294073e-04
7.140000e+00 3.870162e-04
7.150000e+00 3.449364e-04
7.160000e+00 3.032692e-04
7.170000e+00 2.620971e-04
7.180000e+00 2.214836e-04
7.190000e+00 1.814727e-04
7.200000e+00 1.420888e-04
7.210000e+00 1.033375e-04
7.220000e+00 6.520664e-05
7.230000e+00 2.766714e-05
7.240000e+00 -9.324971e-06
7.250000e+00 -4.582680e-05
7.260000e+00 -8.190631e-05
7.270000e+00 -1.176399e-04
7.280000e+00 -1.531099e-04
7.290000e+00 -1.884017e-04
7.300000e+00 -2.236012e-04
7.310000e+00 -2.587917e-04
7.320000e+00 -2.940517e-04
7.330000e+00 -3.294520e-04
7.340000e+00 -3.650537e-04
7.350000e+00 -4.009054e-04
7.360000e+00 -4.370420e-04
7.370000e+00 -4.734828e-04
7.380000e+00 -5.102305e-04
7.390000e+00 -5.472700e-04
7.400000e+00 -5.845682e-04
7.410000e+00 -6.220739e-04
7.420000e+00 -6.597177e-04
7.430000e+00 -6.974129e-04
7.440000e+00 -7.350566e-04
7.450000e+00 -7.725306e-04
7.460000e+00 -8.097030e-04
7.470000e+00 -8.464301e-04
7.480000e+00 -8.825584e-04
7.490000e+00 -9.179265e-04
7.500000e+00 -9.523674e-04
7.510000e+00 -9.857110e-04
7.520000e+00 -1.017786e-03
7.530000e+00 -1.048423e-03
7.540000e+00 -1.077455e-03
7.550000e+00 -1.104722e-03
7.560000e+00 -1.130071e-03
7.570000e+00 -1.153358e-03
7.580000e+00 -1.174451e-03
7.590000e+00 -1.193231e-03
7.600000e+00 -1.209591e-03
7.610000e+00 -1.223441e-03
7.620000e+00 -1.234706e-03
7.630000e+00 -1.243328e-03
7.640000e+00 -1.249265e-03
7.650000e+00 -1.252493e-03
7.660000e+00 -1.253005e-03
7.670000e+00 -1.250811e-03
7.680000e+00 -1.245940e-03
7.690000e+00 -1.238435e-03
7.700000e+00 -1.228357e-03
7.710000e+00 -1.215782e-03
7.720000e+00 -1.200801e-03
7.730000e+00 -1.183522e-03
7.740000e+00 -1.164062e-03
7.750000e+00 -1.142555e-03
7.760000e+00 -1.119144e-03
7.770000e+00 -1.093984e-03
7.780000e+00 -1.067239e-03
7.790000e+00 -1.039084e-03
7.800000e+00 -1.009698e-03
7.810000e+00 -9.792696e-04
7.820000e+00 -9.479904e-04
7.830000e+00 -9.160568e-04
7.840000e+00 -8.836672e-04
7.850000e+00 -8.510213e-04
7.860000e+00 -8.183182e-04
7.870000e+00 -7.857550e-04
7.880000e+00 -7.535254e-04
7.890000e+00 -7.218182e-04
7.900000e+00 -6.908155e-04
7.910000e+00 -6.606914e-04
7.920000e+00 -6.316104e-04
7.930000e+00 -6.037260e-04
7.940000e+00 -5.771792e-04
7.950000e+00 -5.520975e-04
7.960000e+00 -5.285934e-04
7.970000e+00 -5.067634e-04
7.980000e+00 -4.866871e-04
7.990000e+00 -4.684267e-04
8.000000e+00 -4.520258e-04
8.010000e+00 -4.375097e-04
8.020000e+00 -4.248847e-04
8.030000e+00 -4.141383e-04
8.040000e+00 -4.052393e-04
8.050000e+00 -3.981380e-04
8.060000e+00 -3.927673e-04
8.070000e+00 -3.890428e-04
8.080000e+00 -3.868641e-04
8.090000e+00 -3.861158e-04
8.100000e+00 -3.866686e-04
8.110000e+00 -3.883806e-04
8.120000e+00 -3.910991e-04
8.130000e+00 -3.946615e-04
8.140000e+00 -3.988973e-04
8.150000e+00 -4.036297e-04
8.160000e+00 -4.086769e-04
8.170000e+00 -4.138542e-04
8.180000e+00 -4.189752e-04
8.190000e+00 -4.238537e-04
8.200000e+00 -4.283052e-04
8.210000e+00 -4.321482e-04
8.220000e+00 -4.352062e-04
8.230000e+00 -4.373086e-04
8.240000e+00 -4.382924e-04
8.250000e+00 -4.380033e-04
8.260000e+00 -4.362971e-04
8.270000e+00 -4.330408e-04
8.280000e+00 -4.281140e-04
8.290000e+00 -4.214093e-04
8.300000e+00 -4.128340e-04
8.310000e+00 -4.023109e-04
8.320000e+00 -3.897788e-04
8.330000e+00 -3.751937e-04
8.340000e+00 -3.585292e-04
8.350000e+00 -3.397776e-04
8.360000e+00 -3.189500e-04
8.370000e+00 -2.960768e-04
8.380000e+00 -2.712084e-04
8.390000e+00 -2.444148e-04
8.400000e+00 -2.157862e-04
8.410000e+00 -1.854323e-04
8.420000e+00 -1.534826e-04
8.430000e+00 -1.200855e-04
8.440000e+00 -8.540763e-05
8.450000e+00 -4.963313e-05
8.460000e+00 -1.296241e-05
8.470000e+00 2.438918e-05
8.480000e+00 6.219285e-05
8.490000e+00 1.002082e-04
8.500000e+00 1.381850e-04
8.510000e+00 1.758657e-04
8.520000e+00 2.129872e-04
8.530000e+00 2.492838e-04
8.540000e+00 2.844892e-04
8.550000e+00 3.183397e-04
8.560000e+00 3.505763e-04
8.570000e+00 3.809477e-04
8.580000e+00 4.092129e-04
8.590000e+00 4.351432e-04
8.600000e+00 4.585255e-04
8.610000e+00 4.791635e-04
8.620000e+00 4.968807e-04
8.630000e+00 5.115212e-04
8.640000e+00 5.229520e-04
8.650000e+00 5.310639e-04
8.660000e+00 5.357723e-04
8.670000e+00 5.370178e-04
8.680000e+00 5.347666e-04
8.690000e+00 5.290099e-04
8.700000e+00 5.197639e-04
8.710000e+00 5.070689e-04
8.720000e+00 4.909878e-04
8.730000e+00 4.716050e-04
8.740000e+00 4.490248e-04
8.750000e+00 4.233691e-04
8.760000e+00 3.947757e-04
8.770000e+00 3.633958e-04
8.780000e+00 3.293916e-04
8.790000e+00 2.929341e-04
8.800000e+00 2.542005e-04
8.810000e+00 2.133720e-04
8.820000e+00 1.706311e-04
8.830000e+00 1.261598e-04
8.840000e+00 8.013727e-05
8.850000e+00 3.273799e-05
8.860000e+00 -1.586979e-05
8.870000e+00 -6.552559e-05
8.880000e+00 -1.160779e-04
8.890000e+00 -1.673849e-04
8.900000e+00 -2.193155e-04
8.910000e+00 -2.717494e-04
8.920000e+00 -3.245773e-04
8.930000e+00 -3.777008e-04
8.940000e+00 -4.310319e-04
8.950000e+00 -4.844927e-04
8.960000e+00 -5.380145e-04
8.970000e+00 -5.915367e-04
8.980000e+00 -6.450058e-04
8.990000e+00 -6.983743e-04
9.000000e+00 -7.515994e-04
9.010000e+00 -8.046417e-04
9.020000e+00 -8.574639e-04
9.030000e+00 -9.100292e-04
9.040000e+00 -9.623004e-04
9.050000e+00 -1.014239e-03
9.060000e+00 -1.065802e-03
9.070000e+00 -1.116945e-03
9.080000e+00 -1.167617e-03
9.090000e+00 -1.217762e-03
9.100000e+00 -1.267319e-03
9.110000e+00 -1.316218e-03
9.120000e+00 -1.364385e-03
9.130000e+00 -1.411738e-03
9.140000e+00 -1.458188e-03
9.150000e+00 -1.503639e-03
9.160000e+00 -1.547992e-03
9.170000e+00 -1.591138e-03
9.180000e+00 -1.632966e-03
9.190000e+00 -1.673359e-03
9.200000e+00 -1.712200e-03
9.210000e+00 -1.749366e-03
9.220000e+00 -1.784734e-03
9.230000e+00 -1.818182e-03
9.240000e+00 -1.849587e-03
9.250000e+00 -1.878830e-03
9.260000e+00 -1.905795e-03
9.270000e+00 -1.930369e-03
9.280000e+00 -1.952446e-03
9.290000e+00 -1.971926e-03
9.300000e+00 -1.988716e-03
9.310000e+00 -2.002735e-03
9.320000e+00 -2.013906e-03
9.330000e+00 -2.022168e-03
9.340000e+00 -2.027466e-03
9.350000e+00 -2.029759e-03
9.360000e+00 -2.029018e-03
9.370000e+00 -2.025226e-03
9.380000e+00 -2.018377e-03
9.390000e+00 -2.008481e-03
9.400000e+00 -1.995556e-03
9.410000e+00 -1.979637e-03
9.420000e+00 -1.960768e-03
9.430000e+00 -1.939005e-03
9.440000e+00 -1.914419e-03
9.450000e+00 -1.887087e-03
9.460000e+00 -1.857099e-03
9.470000e+00 -1.824556e-03
9.480000e+00 -1.789564e-03
9.490000e+00 -1.752242e-03
9.500000e+00 -1.712714e-03
9.510000e+00 -1.671110e-03
9.520000e+00 -1.627567e-03
9.530000e+00 -1.582229e-03
9.540000e+00 -1.535243e-03
9.550000e+00 -1.486758e-03
9.560000e+00 -1.436930e-03
9.570000e+00 -1.385914e-03
9.580000e+00 -1.333870e-03
9.590000e+00 -1.280956e-03
9.600000e+00 -1.227335e-03
9.610000e+00 -1.173165e-03
9.620000e+00 -1.118609e-03
9.630000e+00 -1.063826e-03
9.640000e+00 -1.008975e-03
9.650000e+00 -9.542150e-04
9.660000e+00 -8.997012e-04
9.670000e+00 -8.455876e-04
9.680000e+00 -7.920259e-04
9.690000e+00 -7.391646e-04
9.700000e+00 -6.871493e-04
9.710000e+00 -6.361216e-04
9.720000e+00 -5.862193e-04
9.730000e+00 -5.375758e-04
9.740000e+00 -4.903194e-04
9.750000e+00 -4.445730e-04
9.760000e+00 -4.004536e-04
9.770000e+00 -3.580719e-04
9.780000e+00 -3.175317e-04
9.790000e+00 -2.789293e-04
9.800000e+00 -2.423534e-04
9.810000e+00 -2.078841e-04
9.820000e+00 -1.755930e-04
9.830000e+00 -1.455425e-04
9.840000e+00 -1.177856e-04
9.850000e+00 -9.236566e-05
9.860000e+00 -6.931617e-05
9.870000e+00 -4.866063e-05
9.880000e+00 -3.041251e-05
9.890000e+00 -1.457537e-05
9.900000e+00 -1.142921e-06
9.910000e+00 9.900720e-06
9.920000e+00 1.858073e-05
9.930000e+00 2.493122e-05
9.940000e+00 2.899479e-05
9.950000e+00 3.082203e-05
9.960000e+00 3.047097e-05
9.970000e+00 2.800652e-05
9.980000e+00 2.349987e-05
9.990000e+00 1.702788e-05
1.000000e+01 8.672466e-06
