# sigma2_v 4.414557615574755e+00
# aH 1e+02
0.000000e+00 1.000000e+00
1.000000e-02 9.997793e-01
2.000000e-02 9.991175e-01
3.000000e-02 9.980154e-01
4.000000e-02 9.964747e-01
5.000000e-02 9.944972e-01
6.000000e-02 9.920857e-01
7.000000e-02 9.892434e-01
8.000000e-02 9.859740e-01
9.000000e-02 9.822820e-01
1.000000e-01 9.781722e-01
1.100000e-01 9.736500e-01
1.200000e-01 9.687215e-01
1.300000e-01 9.633930e-01
1.400000e-01 9.576716e-01
1.500000e-01 9.515648e-01
1.600000e-01 9.450805e-01
1.700000e-01 9.382270e-01
1.800000e-01 9.310131e-01
1.900000e-01 9.234482e-01
2.000000e-01 9.155418e-01
2.100000e-01 9.073039e-01
2.200000e-01 8.987448e-01
2.300000e-01 8.898754e-01
2.400000e-01 8.807064e-01
2.500000e-01 8.712492e-01
2.600000e-01 8.615154e-01
2.700000e-01 8.515167e-01
2.800000e-01 8.412652e-01
2.900000e-01 8.307728e-01
3.000000e-01 8.200522e-01
3.100000e-01 8.091156e-01
3.200000e-01 7.979758e-01
3.300000e-01 7.866454e-01
3.400000e-01 7.751373e-01
3.500000e-01 7.634641e-01
3.600000e-01 7.516389e-01
3.700000e-01 7.396743e-01
3.800000e-01 7.275834e-01
3.900000e-01 7.153787e-01
4.000000e-01 7.030731e-01
4.100000e-01 6.906791e-01
4.200000e-01 6.782093e-01
4.300000e-01 6.656760e-01
4.400000e-01 6.530915e-01
4.500000e-01 6.404678e-01
4.600000e-01 6.278169e-01
4.700000e-01 6.151504e-01
4.800000e-01 6.024797e-01
4.900000e-01 5.898160e-01
5.000000e-01 5.771704e-01
5.100000e-01 5.645535e-01
5.200000e-01 5.519758e-01
5.300000e-01 5.394473e-01
5.400000e-01 5.269779e-01
5.500000e-01 5.145772e-01
5.600000e-01 5.022542e-01
5.700000e-01 4.900180e-01
5.800000e-01 4.778770e-01
5.900000e-01 4.658393e-01
6.000000e-01 4.539129e-01
6.100000e-01 4.421052e-01
6.200000e-01 4.304233e-01
6.300000e-01 4.188739e-01
6.400000e-01 4.074636e-01
6.500000e-01 3.961982e-01
6.600000e-01 3.850836e-01
6.700000e-01 3.741248e-01
6.800000e-01 3.633270e-01
6.900000e-01 3.526947e-01
7.000000e-01 3.422321e-01
7.100000e-01 3.319430e-01
7.200000e-01 3.218310e-01
7.300000e-01 3.118992e-01
7.400000e-01 3.021505e-01
7.500000e-01 2.925873e-01
7.600000e-01 2.832119e-01
7.700000e-01 2.740260e-01
7.800000e-01 2.650312e-01
7.900000e-01 2.562287e-01
8.000000e-01 2.476195e-01
8.100000e-01 2.392041e-01
8.200000e-01 2.309829e-01
8.300000e-01 2.229561e-01
8.400000e-01 2.151235e-01
8.500000e-01 2.074845e-01
8.600000e-01 2.000387e-01
8.700000e-01 1.927851e-01
8.800000e-01 1.857226e-01
8.900000e-01 1.788498e-01
9.000000e-01 1.721654e-01
9.100000e-01 1.656675e-01
9.200000e-01 1.593543e-01
9.300000e-01 1.532238e-01
9.400000e-01 1.472738e-01
9.500000e-01 1.415019e-01
9.600000e-01 1.359056e-01
9.700000e-01 1.304824e-01
9.800000e-01 1.252296e-01
9.900000e-01 1.201443e-01
1.000000e+00 1.152236e-01
1.010000e+00 1.104645e-01
1.020000e+00 1.058640e-01
1.030000e+00 1.014189e-01
1.040000e+00 9.712597e-02
1.050000e+00 9.298204e-02
1.060000e+00 8.898379e-02
1.070000e+00 8.512790e-02
1.080000e+00 8.141101e-02
1.090000e+00 7.782977e-02
1.100000e+00 7.438078e-02
1.110000e+00 7.106067e-02
1.120000e+00 6.786605e-02
1.130000e+00 6.479356e-02
1.140000e+00 6.183982e-02
1.150000e+00 5.900149e-02
1.160000e+00 5.627525e-02
1.170000e+00 5.365781e-02
1.180000e+00 5.114591e-02
1.190000e+00 4.873632e-02
1.200000e+00 4.642586e-02
1.210000e+00 4.421140e-02
1.220000e+00 4.208983e-02
1.230000e+00 4.005811e-02
1.240000e+00 3.811326e-02
1.250000e+00 3.625234e-02
1.260000e+00 3.447246e-02
1.270000e+00 3.277082e-02
1.280000e+00 3.114464e-02
1.290000e+00 2.959124e-02
1.300000e+00 2.810797e-02
1.310000e+00 2.669226e-02
1.320000e+00 2.534160e-02
1.330000e+00 2.405355e-02
1.340000e+00 2.282573e-02
1.350000e+00 2.165582e-02
1.360000e+00 2.054158e-02
1.370000e+00 1.948083e-02
1.380000e+00 1.847143e-02
1.390000e+00 1.751134e-02
1.400000e+00 1.659856e-02
1.410000e+00 1.573116e-02
1.420000e+00 1.490727e-02
1.430000e+00 1.412509e-02
1.440000e+00 1.338286e-02
1.450000e+00 1.267891e-02
1.460000e+00 1.201159e-02
1.470000e+00 1.137933e-02
1.480000e+00 1.078062e-02
1.490000e+00 1.021399e-02
1.500000e+00 9.678033e-03
1.510000e+00 9.171381e-03
1.520000e+00 8.692728e-03
1.530000e+00 8.240814e-03
1.540000e+00 7.814427e-03
1.550000e+00 7.412399e-03
1.560000e+00 7.033610e-03
1.570000e+00 6.676982e-03
1.580000e+00 6.341479e-03
1.590000e+00 6.026109e-03
1.600000e+00 5.729917e-03
1.610000e+00 5.451987e-03
1.620000e+00 5.191441e-03
1.630000e+00 4.947438e-03
1.640000e+00 4.719171e-03
1.650000e+00 4.505865e-03
1.660000e+00 4.306782e-03
1.670000e+00 4.121212e-03
1.680000e+00 3.948476e-03
1.690000e+00 3.787926e-03
1.700000e+00 3.638942e-03
1.710000e+00 3.500931e-03
1.720000e+00 3.373326e-03
1.730000e+00 3.255587e-03
1.740000e+00 3.147197e-03
1.750000e+00 3.047664e-03
1.760000e+00 2.956519e-03
1.770000e+00 2.873315e-03
1.780000e+00 2.797626e-03
1.790000e+00 2.729046e-03
1.800000e+00 2.667191e-03
1.810000e+00 2.611693e-03
1.820000e+00 2.562205e-03
1.830000e+00 2.518397e-03
1.840000e+00 2.479954e-03
1.850000e+00 2.446579e-03
1.860000e+00 2.417991e-03
1.870000e+00 2.393924e-03
1.880000e+00 2.374124e-03
1.890000e+00 2.358354e-03
1.900000e+00 2.346389e-03
1.910000e+00 2.338015e-03
1.920000e+00 2.333032e-03
1.930000e+00 2.331250e-03
1.940000e+00 2.332492e-03
1.950000e+00 2.336589e-03
1.960000e+00 2.343383e-03
1.970000e+00 2.352725e-03
1.980000e+00 2.364474e-03
1.990000e+00 2.378500e-03
2.000000e+00 2.394677e-03
2.010000e+00 2.412890e-03
2.020000e+00 2.433028e-03
2.030000e+00 2.454988e-03
2.040000e+00 2.478672e-03
2.050000e+00 2.503988e-03
2.060000e+00 2.530850e-03
2.070000e+00 2.559176e-03
2.080000e+00 2.588887e-03
2.090000e+00 2.619909e-03
2.100000e+00 2.652173e-03
2.110000e+00 2.685611e-03
2.120000e+00 2.720159e-03
2.130000e+00 2.755756e-03
2.140000e+00 2.792341e-03
2.150000e+00 2.829858e-03
2.160000e+00 2.868250e-03
2.170000e+00 2.907464e-03
2.180000e+00 2.947446e-03
2.190000e+00 2.988144e-03
2.200000e+00 3.029507e-03
2.210000e+00 3.071484e-03
2.220000e+00 3.114024e-03
2.230000e+00 3.157076e-03
2.240000e+00 3.200591e-03
2.250000e+00 3.244518e-03
2.260000e+00 3.288806e-03
2.270000e+00 3.333404e-03
2.280000e+00 3.378261e-03
2.290000e+00 3.423325e-03
2.300000e+00 3.468543e-03
2.310000e+00 3.513862e-03
2.320000e+00 3.559228e-03
2.330000e+00 3.604588e-03
2.340000e+00 3.649885e-03
2.350000e+00 3.695064e-03
2.360000e+00 3.740068e-03
2.370000e+00 3.784840e-03
2.380000e+00 3.829323e-03
2.390000e+00 3.873458e-03
2.400000e+00 3.917186e-03
2.410000e+00 3.960448e-03
2.420000e+00 4.003185e-03
2.430000e+00 4.045336e-03
2.440000e+00 4.086842e-03
2.450000e+00 4.127642e-03
2.460000e+00 4.167677e-03
2.470000e+00 4.206886e-03
2.480000e+00 4.245211e-03
2.490000e+00 4.282592e-03
2.500000e+00 4.318971e-03
2.510000e+00 4.354291e-03
2.520000e+00 4.388495e-03
2.530000e+00 4.421527e-03
2.540000e+00 4.453333e-03
2.550000e+00 4.483862e-03
2.560000e+00 4.513061e-03
2.570000e+00 4.540881e-03
2.580000e+00 4.567276e-03
2.590000e+00 4.592200e-03
2.600000e+00 4.615612e-03
2.610000e+00 4.637471e-03
2.620000e+00 4.657741e-03
2.630000e+00 4.676388e-03
2.640000e+00 4.693381e-03
2.650000e+00 4.708693e-03
2.660000e+00 4.722301e-03
2.670000e+00 4.734184e-03
2.680000e+00 4.744328e-03
2.690000e+00 4.752721e-03
2.700000e+00 4.759356e-03
2.710000e+00 4.764230e-03
2.720000e+00 4.767346e-03
2.730000e+00 4.768711e-03
2.740000e+00 4.768336e-03
2.750000e+00 4.766239e-03
2.760000e+00 4.762441e-03
2.770000e+00 4.756971e-03
2.780000e+00 4.749861e-03
2.790000e+00 4.741149e-03
2.800000e+00 4.730879e-03
2.810000e+00 4.719100e-03
2.820000e+00 4.705866e-03
2.830000e+00 4.691237e-03
2.840000e+00 4.675277e-03
2.850000e+00 4.658058e-03
2.860000e+00 4.639654e-03
2.870000e+00 4.620146e-03
2.880000e+00 4.599618e-03
2.890000e+00 4.578161e-03
2.900000e+00 4.555868e-03
2.910000e+00 4.532837e-03
2.920000e+00 4.509171e-03
2.930000e+00 4.484976e-03
2.940000e+00 4.460359e-03
2.950000e+00 4.435433e-03
2.960000e+00 4.410313e-03
2.970000e+00 4.385115e-03
2.980000e+00 4.359957e-03
2.990000e+00 4.334959e-03
3.000000e+00 4.310241e-03
3.010000e+00 4.285925e-03
3.020000e+00 4.262132e-03
3.030000e+00 4.238981e-03
3.040000e+00 4.216593e-03
3.050000e+00 4.195085e-03
3.060000e+00 4.174573e-03
3.070000e+00 4.155169e-03
3.080000e+00 4.136985e-03
3.090000e+00 4.120127e-03
3.100000e+00 4.104697e-03
3.110000e+00 4.090793e-03
3.120000e+00 4.078508e-03
3.130000e+00 4.067930e-03
3.140000e+00 4.059138e-03
3.150000e+00 4.052208e-03
3.160000e+00 4.047209e-03
3.170000e+00 4.044200e-03
3.180000e+00 4.043234e-03
3.190000e+00 4.044358e-03
3.200000e+00 4.047607e-03
3.210000e+00 4.053010e-03
3.220000e+00 4.060586e-03
3.230000e+00 4.070346e-03
3.240000e+00 4.082292e-03
3.250000e+00 4.096415e-03
3.260000e+00 4.112699e-03
3.270000e+00 4.131117e-03
3.280000e+00 4.151633e-03
3.290000e+00 4.174203e-03
3.300000e+00 4.198771e-03
3.310000e+00 4.225275e-03
3.320000e+00 4.253642e-03
3.330000e+00 4.283792e-03
3.340000e+00 4.315634e-03
3.350000e+00 4.349071e-03
3.360000e+00 4.383997e-03
3.370000e+00 4.420301e-03
3.380000e+00 4.457860e-03
3.390000e+00 4.496550e-03
3.400000e+00 4.536238e-03
3.410000e+00 4.576783e-03
3.420000e+00 4.618044e-03
3.430000e+00 4.659871e-03
3.440000e+00 4.702112e-03
3.450000e+00 4.744612e-03
3.460000e+00 4.787210e-03
3.470000e+00 4.829745e-03
3.480000e+00 4.872054e-03
3.490000e+00 4.913973e-03
3.500000e+00 4.955337e-03
3.510000e+00 4.995979e-03
3.520000e+00 5.035736e-03
3.530000e+00 5.074444e-03
3.540000e+00 5.111940e-03
3.550000e+00 5.148066e-03
3.560000e+00 5.182663e-03
3.570000e+00 5.215579e-03
3.580000e+00 5.246662e-03
3.590000e+00 5.275766e-03
3.600000e+00 5.302751e-03
3.610000e+00 5.327478e-03
3.620000e+00 5.349818e-03
3.630000e+00 5.369644e-03
3.640000e+00 5.386835e-03
3.650000e+00 5.401280e-03
3.660000e+00 5.412870e-03
3.670000e+00 5.421504e-03
3.680000e+00 5.427089e-03
3.690000e+00 5.429538e-03
3.700000e+00 5.428770e-03
3.710000e+00 5.424714e-03
3.720000e+00 5.417302e-03
3.730000e+00 5.406476e-03
3.740000e+00 5.392185e-03
3.750000e+00 5.374383e-03
3.760000e+00 5.353032e-03
3.770000e+00 5.328102e-03
3.780000e+00 5.299568e-03
3.790000e+00 5.267411e-03
3.800000e+00 5.231620e-03
3.810000e+00 5.192189e-03
3.820000e+00 5.149118e-03
3.830000e+00 5.102415e-03
3.840000e+00 5.052088e-03
3.850000e+00 4.998156e-03
3.860000e+00 4.940640e-03
3.870000e+00 4.879566e-03
3.880000e+00 4.814965e-03
3.890000e+00 4.746872e-03
3.900000e+00 4.675326e-03
3.910000e+00 4.600369e-03
3.920000e+00 4.522049e-03
3.930000e+00 4.440414e-03
3.940000e+00 4.355517e-03
3.950000e+00 4.267415e-03
3.960000e+00 4.176164e-03
3.970000e+00 4.081827e-03
3.980000e+00 3.984466e-03
3.990000e+00 3.884147e-03
4.000000e+00 3.780938e-03
4.010000e+00 3.674907e-03
4.020000e+00 3.566127e-03
4.030000e+00 3.454670e-03
4.040000e+00 3.340612e-03
4.050000e+00 3.224029e-03
4.060000e+00 3.104998e-03
4.070000e+00 2.983601e-03
4.080000e+00 2.859917e-03
4.090000e+00 2.734031e-03
4.100000e+00 2.606025e-03
4.110000e+00 2.475987e-03
4.120000e+00 2.344002e-03
4.130000e+00 2.210161e-03
4.140000e+00 2.074553e-03
4.150000e+00 1.937270e-03
4.160000e+00 1.798408e-03
4.170000e+00 1.658059e-03
4.180000e+00 1.516323e-03
4.190000e+00 1.373296e-03
4.200000e+00 1.229081e-03
4.210000e+00 1.083779e-03
4.220000e+00 9.374929e-04
4.230000e+00 7.903297e-04
4.240000e+00 6.423963e-04
4.250000e+00 4.938018e-04
4.260000e+00 3.446569e-04
4.270000e+00 1.950739e-04
4.280000e+00 4.516685e-05
4.290000e+00 -1.049488e-04
4.300000e+00 -2.551561e-04
4.310000e+00 -4.053367e-04
4.320000e+00 -5.553710e-04
4.330000e+00 -7.051384e-04
4.340000e+00 -8.545170e-04
4.350000e+00 -1.003384e-03
4.360000e+00 -1.151616e-03
4.370000e+00 -1.299089e-03
4.380000e+00 -1.445679e-03
4.390000e+00 -1.591261e-03
4.400000e+00 -1.735709e-03
4.410000e+00 -1.878900e-03
4.420000e+00 -2.020708e-03
4.430000e+00 -2.161010e-03
4.440000e+00 -2.299682e-03
4.450000e+00 -2.436603e-03
4.460000e+00 -2.571651e-03
4.470000e+00 -2.704705e-03
4.480000e+00 -2.835649e-03
4.490000e+00 -2.964365e-03
4.500000e+00 -3.090739e-03
4.510000e+00 -3.214658e-03
4.520000e+00 -3.336013e-03
4.530000e+00 -3.454696e-03
4.540000e+00 -3.570602e-03
4.550000e+00 -3.683631e-03
4.560000e+00 -3.793684e-03
4.570000e+00 -3.900665e-03
4.580000e+00 -4.004484e-03
4.590000e+00 -4.105053e-03
4.600000e+00 -4.202287e-03
4.610000e+00 -4.296108e-03
4.620000e+00 -4.386438e-03
4.630000e+00 -4.473207e-03
4.640000e+00 -4.556347e-03
4.650000e+00 -4.635797e-03
4.660000e+00 -4.711497e-03
4.670000e+00 -4.783395e-03
4.680000e+00 -4.851442e-03
4.690000e+00 -4.915594e-03
4.700000e+00 -4.975814e-03
4.710000e+00 -5.032066e-03
4.720000e+00 -5.084323e-03
4.730000e+00 -5.132561e-03
4.740000e+00 -5.176761e-03
4.750000e+00 -5.216912e-03
4.760000e+00 -5.253004e-03
4.770000e+00 -5.285035e-03
4.780000e+00 -5.313009e-03
4.790000e+00 -5.336932e-03
4.800000e+00 -5.356819e-03
4.810000e+00 -5.372689e-03
4.820000e+00 -5.384564e-03
4.830000e+00 -5.392476e-03
4.840000e+00 -5.396458e-03
4.850000e+00 -5.396552e-03
4.860000e+00 -5.392802e-03
4.870000e+00 -5.385259e-03
4.880000e+00 -5.373980e-03
4.890000e+00 -5.359026e-03
4.900000e+00 -5.340464e-03
4.910000e+00 -5.318366e-03
4.920000e+00 -5.292809e-03
4.930000e+00 -5.263875e-03
4.940000e+00 -5.231651e-03
4.950000e+00 -5.196229e-03
4.960000e+00 -5.157707e-03
4.970000e+00 -5.116187e-03
4.980000e+00 -5.071774e-03
4.990000e+00 -5.024580e-03
5.000000e+00 -4.974719e-03
5.010000e+00 -4.922313e-03
5.020000e+00 -4.867483e-03
5.030000e+00 -4.810358e-03
5.040000e+00 -4.751069e-03
5.050000e+00 -4.689751e-03
5.060000e+00 -4.626541e-03
5.070000e+00 -4.561580e-03
5.080000e+00 -4.495011e-03
5.090000e+00 -4.426982e-03
5.100000e+00 -4.357639e-03
5.110000e+00 -4.287133e-03
5.120000e+00 -4.215614e-03
5.130000e+00 -4.143236e-03
5.140000e+00 -4.070152e-03
5.150000e+00 -3.996514e-03
5.160000e+00 -3.922477e-03
5.170000e+00 -3.848193e-03
5.180000e+00 -3.773815e-03
5.190000e+00 -3.699492e-03
5.200000e+00 -3.625376e-03
5.210000e+00 -3.551611e-03
5.220000e+00 -3.478343e-03
5.230000e+00 -3.405712e-03
5.240000e+00 -3.333857e-03
5.250000e+00 -3.262910e-03
5.260000e+00 -3.193002e-03
5.270000e+00 -3.124257e-03
5.280000e+00 -3.056793e-03
5.290000e+00 -2.990724e-03
5.300000e+00 -2.926157e-03
5.310000e+00 -2.863194e-03
5.320000e+00 -2.801929e-03
5.330000e+00 -2.742447e-03
5.340000e+00 -2.684829e-03
5.350000e+00 -2.629146e-03
5.360000e+00 -2.575462e-03
5.370000e+00 -2.523831e-03
5.380000e+00 -2.474301e-03
5.390000e+00 -2.426909e-03
5.400000e+00 -2.381684e-03
5.410000e+00 -2.338647e-03
5.420000e+00 -2.297808e-03
5.430000e+00 -2.259171e-03
5.440000e+00 -2.222728e-03
5.450000e+00 -2.188463e-03
5.460000e+00 -2.156352e-03
5.470000e+00 -2.126361e-03
5.480000e+00 -2.098449e-03
5.490000e+00 -2.072566e-03
5.500000e+00 -2.048652e-03
5.510000e+00 -2.026643e-03
5.520000e+00 -2.006463e-03
5.530000e+00 -1.988033e-03
5.540000e+00 -1.971265e-03
5.550000e+00 -1.956066e-03
5.560000e+00 -1.942335e-03
5.570000e+00 -1.929968e-03
5.580000e+00 -1.918855e-03
5.590000e+00 -1.908882e-03
5.600000e+00 -1.899931e-03
5.610000e+00 -1.891881e-03
5.620000e+00 -1.884607e-03
5.630000e+00 -1.877985e-03
5.640000e+00 -1.871888e-03
5.650000e+00 -1.866187e-03
5.660000e+00 -1.860753e-03
5.670000e+00 -1.855460e-03
5.680000e+00 -1.850181e-03
5.690000e+00 -1.844789e-03
5.700000e+00 -1.839163e-03
5.710000e+00 -1.833182e-03
5.720000e+00 -1.826729e-03
5.730000e+00 -1.819690e-03
5.740000e+00 -1.811958e-03
5.750000e+00 -1.803427e-03
5.760000e+00 -1.793999e-03
5.770000e+00 -1.783582e-03
5.780000e+00 -1.772087e-03
5.790000e+00 -1.759435e-03
5.800000e+00 -1.745552e-03
5.810000e+00 -1.730371e-03
5.820000e+00 -1.713832e-03
5.830000e+00 -1.695885e-03
5.840000e+00 -1.676483e-03
5.850000e+00 -1.655592e-03
5.860000e+00 -1.633183e-03
5.870000e+00 -1.609235e-03
5.880000e+00 -1.583736e-03
5.890000e+00 -1.556681e-03
5.900000e+00 -1.528073e-03
5.910000e+00 -1.497923e-03
5.920000e+00 -1.466251e-03
5.930000e+00 -1.433081e-03
5.940000e+00 -1.398448e-03
5.950000e+00 -1.362392e-03
5.960000e+00 -1.324959e-03
5.970000e+00 -1.286204e-03
5.980000e+00 -1.246186e-03
5.990000e+00 -1.204970e-03
6.000000e+00 -1.162627e-03
6.010000e+00 -1.119233e-03
6.020000e+00 -1.074867e-03
6.030000e+00 -1.029614e-03
6.040000e+00 -9.835628e-04
6.050000e+00 -9.368043e-04
6.060000e+00 -8.894327e-04
6.070000e+00 -8.415448e-04
6.080000e+00 -7.932391e-04
6.090000e+00 -7.446157e-04
6.100000e+00 -6.957759e-04
6.110000e+00 -6.468213e-04
6.120000e+00 -5.978539e-04
6.130000e+00 -5.489756e-04
6.140000e+00 -5.002873e-04
6.150000e+00 -4.518892e-04
6.160000e+00 -4.038799e-04
6.170000e+00 -3.563565e-04
6.180000e+00 -3.094139e-04
6.190000e+00 -2.631444e-04
6.200000e+00 -2.176380e-04
6.210000e+00 -1.729814e-04
6.220000e+00 -1.292583e-04
6.230000e+00 -8.654898e-05
6.240000e+00 -4.493004e-05
6.250000e+00 -4.474323e-06
6.260000e+00 3.474923e-05
6.270000e+00 7.267574e-05
6.280000e+00 1.092444e-04
6.290000e+00 1.443988e-04
6.300000e+00 1.780864e-04
6.310000e+00 2.102592e-04
6.320000e+00 2.408735e-04
6.330000e+00 2.698895e-04
6.340000e+00 2.972718e-04
6.350000e+00 3.229891e-04
6.360000e+00 3.470139e-04
6.370000e+00 3.693227e-04
6.380000e+00 3.898959e-04
6.390000e+00 4.087172e-04
6.400000e+00 4.257739e-04
6.410000e+00 4.410566e-04
6.420000e+00 4.545588e-04
6.430000e+00 4.662772e-04
6.440000e+00 4.762107e-04
6.450000e+00 4.843611e-04
6.460000e+00 4.907323e-04
6.470000e+00 4.953299e-04
6.480000e+00 4.981618e-04
6.490000e+00 4.992371e-04
6.500000e+00 4.985664e-04
6.510000e+00 4.961612e-04
6.520000e+00 4.920342e-04
6.530000e+00 4.861985e-04
6.540000e+00 4.786678e-04
6.550000e+00 4.694560e-04
6.560000e+00 4.585772e-04
6.570000e+00 4.460452e-04
6.580000e+00 4.318737e-04
6.590000e+00 4.160759e-04
6.600000e+00 3.986644e-04
6.610000e+00 3.796511e-04
6.620000e+00 3.590473e-04
6.630000e+00 3.368630e-04
6.640000e+00 3.131077e-04
6.650000e+00 2.877895e-04
6.660000e+00 2.609157e-04
6.670000e+00 2.324922e-04
6.680000e+00 2.025241e-04
6.690000e+00 1.710154e-04
6.700000e+00 1.379690e-04
6.710000e+00 1.033868e-04
6.720000e+00 6.726977e-05
6.730000e+00 2.961829e-05
6.740000e+00 -9.568106e-06
6.750000e+00 -5.029038e-05
6.760000e+00 -9.254988e-05
6.770000e+00 -1.363482e-04
6.780000e+00 -1.816869e-04
6.790000e+00 -2.285675e-04
6.800000e+00 -2.769910e-04
6.810000e+00 -3.269579e-04
6.820000e+00 -3.784678e-04
6.830000e+00 -4.315192e-04
6.840000e+00 -4.861093e-04
6.850000e+00 -5.422336e-04
6.860000e+00 -5.998857e-04
6.870000e+00 -6.590572e-04
6.880000e+00 -7.197369e-04
6.890000e+00 -7.819114e-04
6.900000e+00 -8.455637e-04
6.910000e+00 -9.106739e-04
6.920000e+00 -9.772185e-04
6.930000e+00 -1.045170e-03
6.940000e+00 -1.114497e-03
6.950000e+00 -1.185164e-03
6.960000e+00 -1.257131e-03
6.970000e+00 -1.330352e-03
6.980000e+00 -1.404778e-03
6.990000e+00 -1.480353e-03
7.000000e+00 -1.557017e-03
7.010000e+00 -1.634705e-03
7.020000e+00 -1.713345e-03
7.030000e+00 -1.792860e-03
7.040000e+00 -1.873168e-03
7.050000e+00 -1.954181e-03
7.060000e+00 -2.035804e-03
7.070000e+00 -2.117939e-03
7.080000e+00 -2.200480e-03
7.090000e+00 -2.283316e-03
7.100000e+00 -2.366331e-03
7.110000e+00 -2.449406e-03
7.120000e+00 -2.532412e-03
7.130000e+00 -2.615220e-03
7.140000e+00 -2.697695e-03
7.150000e+00 -2.779695e-03
7.160000e+00 -2.861079e-03
7.170000e+00 -2.941700e-03
7.180000e+00 -3.021406e-03
7.190000e+00 -3.100046e-03
7.200000e+00 -3.177464e-03
7.210000e+00 -3.253504e-03
7.220000e+00 -3.328007e-03
7.230000e+00 -3.400815e-03
7.240000e+00 -3.471767e-03
7.250000e+00 -3.540707e-03
7.260000e+00 -3.607474e-03
7.270000e+00 -3.671913e-03
7.280000e+00 -3.733870e-03
7.290000e+00 -3.793191e-03
7.300000e+00 -3.849729e-03
7.310000e+00 -3.903338e-03
7.320000e+00 -3.953877e-03
7.330000e+00 -4.001211e-03
7.340000e+00 -4.045210e-03
7.350000e+00 -4.085749e-03
7.360000e+00 -4.122711e-03
7.370000e+00 -4.155986e-03
7.380000e+00 -4.185470e-03
7.390000e+00 -4.211068e-03
7.400000e+00 -4.232696e-03
7.410000e+00 -4.250274e-03
7.420000e+00 -4.263737e-03
7.430000e+00 -4.273024e-03
7.440000e+00 -4.278088e-03
7.450000e+00 -4.278891e-03
7.460000e+00 -4.275405e-03
7.470000e+00 -4.267614e-03
7.480000e+00 -4.255510e-03
7.490000e+00 -4.239099e-03
7.500000e+00 -4.218397e-03
7.510000e+00 -4.193429e-03
7.520000e+00 -4.164234e-03
7.530000e+00 -4.130859e-03
7.540000e+00 -4.093363e-03
7.550000e+00 -4.051815e-03
7.560000e+00 -4.006296e-03
7.570000e+00 -3.956894e-03
7.580000e+00 -3.903708e-03
7.590000e+00 -3.846848e-03
7.600000e+00 -3.786429e-03
7.610000e+00 -3.722578e-03
7.620000e+00 -3.655429e-03
7.630000e+00 -3.585123e-03
7.640000e+00 -3.511808e-03
7.650000e+00 -3.435639e-03
7.660000e+00 -3.356776e-03
7.670000e+00 -3.275386e-03
7.680000e+00 -3.191640e-03
7.690000e+00 -3.105712e-03
7.700000e+00 -3.017780e-03
7.710000e+00 -2.928026e-03
7.720000e+00 -2.836633e-03
7.730000e+00 -2.743785e-03
7.740000e+00 -2.649670e-03
7.750000e+00 -2.554474e-03
7.760000e+00 -2.458382e-03
7.770000e+00 -2.361579e-03
7.780000e+00 -2.264251e-03
7.790000e+00 -2.166577e-03
7.800000e+00 -2.068739e-03
7.810000e+00 -1.970912e-03
7.820000e+00 -1.873270e-03
7.830000e+00 -1.775980e-03
7.840000e+00 -1.679208e-03
7.850000e+00 -1.583113e-03
7.860000e+00 -1.487850e-03
7.870000e+00 -1.393567e-03
7.880000e+00 -1.300409e-03
7.890000e+00 -1.208512e-03
7.900000e+00 -1.118008e-03
7.910000e+00 -1.029020e-03
7.920000e+00 -9.416663e-04
7.930000e+00 -8.560581e-04
7.940000e+00 -7.722993e-04
7.950000e+00 -6.904870e-04
7.960000e+00 -6.107114e-04
7.970000e+00 -5.330556e-04
7.980000e+00 -4.575958e-04
7.990000e+00 -3.844013e-04
8.000000e+00 -3.135345e-04
8.010000e+00 -2.450510e-04
8.020000e+00 -1.790000e-04
8.030000e+00 -1.154239e-04
8.040000e+00 -5.435895e-05
8.050000e+00 4.164779e-06
8.060000e+00 6.012324e-05
8.070000e+00 1.134982e-04
8.080000e+00 1.642769e-04
8.090000e+00 2.124520e-04
8.100000e+00 2.580216e-04
8.110000e+00 3.009883e-04
8.120000e+00 3.413597e-04
8.130000e+00 3.791480e-04
8.140000e+00 4.143693e-04
8.150000e+00 4.470443e-04
8.160000e+00 4.771973e-04
8.170000e+00 5.048562e-04
8.180000e+00 5.300525e-04
8.190000e+00 5.528211e-04
8.200000e+00 5.731998e-04
8.210000e+00 5.912294e-04
8.220000e+00 6.069536e-04
8.230000e+00 6.204186e-04
8.240000e+00 6.316732e-04
8.250000e+00 6.407683e-04
8.260000e+00 6.477573e-04
8.270000e+00 6.526955e-04
8.280000e+00 6.556404e-04
8.290000e+00 6.566511e-04
8.300000e+00 6.557886e-04
8.310000e+00 6.531158e-04
8.320000e+00 6.486967e-04
8.330000e+00 6.425974e-04
8.340000e+00 6.348849e-04
8.350000e+00 6.256280e-04
8.360000e+00 6.148963e-04
8.370000e+00 6.027609e-04
8.380000e+00 5.892940e-04
8.390000e+00 5.745685e-04
8.400000e+00 5.586586e-04
8.410000e+00 5.416391e-04
8.420000e+00 5.235855e-04
8.430000e+00 5.045739e-04
8.440000e+00 4.846810e-04
8.450000e+00 4.639839e-04
8.460000e+00 4.425599e-04
8.470000e+00 4.204862e-04
8.480000e+00 3.978403e-04
8.490000e+00 3.746994e-04
8.500000e+00 3.511403e-04
8.510000e+00 3.272394e-04
8.520000e+00 3.030725e-04
8.530000e+00 2.787144e-04
8.540000e+00 2.542390e-04
8.550000e+00 2.297189e-04
8.560000e+00 2.052256e-04
8.570000e+00 1.808288e-04
8.580000e+00 1.565964e-04
8.590000e+00 1.325946e-04
8.600000e+00 1.088874e-04
8.610000e+00 8.553640e-05
8.620000e+00 6.260091e-05
8.630000e+00 4.013752e-05
8.640000e+00 1.820007e-05
8.650000e+00 -3.160541e-06
8.660000e+00 -2.389647e-05
8.670000e+00 -4.396308e-05
8.680000e+00 -6.331901e-05
8.690000e+00 -8.192629e-05
8.700000e+00 -9.975044e-05
8.710000e+00 -1.167605e-04
8.720000e+00 -1.329290e-04
8.730000e+00 -1.482323e-04
8.740000e+00 -1.626500e-04
8.750000e+00 -1.761655e-04
8.760000e+00 -1.887656e-04
8.770000e+00 -2.004408e-04
8.780000e+00 -2.111848e-04
8.790000e+00 -2.209944e-04
8.800000e+00 -2.298700e-04
8.810000e+00 -2.378145e-04
8.820000e+00 -2.448340e-04
8.830000e+00 -2.509371e-04
8.840000e+00 -2.561348e-04
8.850000e+00 -2.604405e-04
8.860000e+00 -2.638693e-04
8.870000e+00 -2.664383e-04
8.880000e+00 -2.681660e-04
8.890000e+00 -2.690720e-04
8.900000e+00 -2.691769e-04
8.910000e+00 -2.685020e-04
8.920000e+00 -2.670688e-04
8.930000e+00 -2.648989e-04
8.940000e+00 -2.620138e-04
8.950000e+00 -2.584342e-04
8.960000e+00 -2.541803e-04
8.970000e+00 -2.492709e-04
8.980000e+00 -2.437236e-04
8.990000e+00 -2.375544e-04
9.000000e+00 -2.307773e-04
9.010000e+00 -2.234045e-04
9.020000e+00 -2.154456e-04
9.030000e+00 -2.069078e-04
9.040000e+00 -1.977957e-04
9.050000e+00 -1.881111e-04
9.060000e+00 -1.778528e-04
9.070000e+00 -1.670168e-04
9.080000e+00 -1.555956e-04
9.090000e+00 -1.435790e-04
9.100000e+00 -1.309535e-04
9.110000e+00 -1.177025e-04
9.120000e+00 -1.038063e-04
9.130000e+00 -8.924212e-05
9.140000e+00 -7.398447e-05
9.150000e+00 -5.800498e-05
9.160000e+00 -4.127268e-05
9.170000e+00 -2.375421e-05
9.180000e+00 -5.413964e-06
9.190000e+00 1.378562e-05
9.200000e+00 3.388383e-05
9.210000e+00 5.492139e-05
9.220000e+00 7.694016e-05
9.230000e+00 9.998284e-05
9.240000e+00 1.240926e-04
9.250000e+00 1.493128e-04
9.260000e+00 1.756866e-04
9.270000e+00 2.032565e-04
9.280000e+00 2.320641e-04
9.290000e+00 2.621497e-04
9.300000e+00 2.935520e-04
9.310000e+00 3.263075e-04
9.320000e+00 3.604502e-04
9.330000e+00 3.960116e-04
9.340000e+00 4.330197e-04
9.350000e+00 4.714992e-04
9.360000e+00 5.114710e-04
9.370000e+00 5.529518e-04
9.380000e+00 5.959538e-04
9.390000e+00 6.404845e-04
9.400000e+00 6.865466e-04
9.410000e+00 7.341374e-04
9.420000e+00 7.832489e-04
9.430000e+00 8.338675e-04
9.440000e+00 8.859738e-04
9.450000e+00 9.395426e-04
9.460000e+00 9.945427e-04
9.470000e+00 1.050937e-03
9.480000e+00 1.108682e-03
9.490000e+00 1.167728e-03
9.500000e+00 1.228020e-03
9.510000e+00 1.289497e-03
9.520000e+00 1.352091e-03
9.530000e+00 1.415729e-03
9.540000e+00 1.480332e-03
9.550000e+00 1.545816e-03
9.560000e+00 1.612091e-03
9.570000e+00 1.679062e-03
9.580000e+00 1.746630e-03
9.590000e+00 1.814690e-03
9.600000e+00 1.883135e-03
9.610000e+00 1.951850e-03
9.620000e+00 2.020721e-03
9.630000e+00 2.089627e-03
9.640000e+00 2.158446e-03
9.650000e+00 2.227053e-03
9.660000e+00 2.295320e-03
9.670000e+00 2.363118e-03
9.680000e+00 2.430316e-03
9.690000e+00 2.496782e-03
9.700000e+00 2.562384e-03
9.710000e+00 2.626987e-03
9.720000e+00 2.690460e-03
9.730000e+00 2.752670e-03
9.740000e+00 2.813486e-03
9.750000e+00 2.872776e-03
9.760000e+00 2.930413e-03
9.770000e+00 2.986270e-03
9.780000e+00 3.040222e-03
9.790000e+00 3.092147e-03
9.800000e+00 3.141928e-03
9.810000e+00 3.189448e-03
9.820000e+00 3.234597e-03
9.830000e+00 3.277266e-03
9.840000e+00 3.317351e-03
9.850000e+00 3.354755e-03
9.860000e+00 3.389383e-03
9.870000e+00 3.421145e-03
9.880000e+00 3.449958e-03
9.890000e+00 3.475743e-03
9.900000e+00 3.498426e-03
9.910000e+00 3.517940e-03
9.920000e+00 3.534224e-03
9.930000e+00 3.547221e-03
9.940000e+00 3.556882e-03
9.950000e+00 3.563164e-03
9.960000e+00 3.566030e-03
9.970000e+00 3.565447e-03
9.980000e+00 3.561392e-03
9.990000e+00 3.553846e-03
1.000000e+01 3.542796e-03
