# sigma2_v 3.856333544521018e+00
0.000000e+00 1.000000e+00
1.000000e-02 9.998072e-01
2.000000e-02 9.992290e-01
3.000000e-02 9.982662e-01
4.000000e-02 9.969200e-01
5.000000e-02 9.951918e-01
6.000000e-02 9.930840e-01
7.000000e-02 9.905990e-01
8.000000e-02 9.877399e-01
9.000000e-02 9.845101e-01
1.000000e-01 9.809135e-01
1.100000e-01 9.769546e-01
1.200000e-01 9.726379e-01
1.300000e-01 9.679688e-01
1.400000e-01 9.629528e-01
1.500000e-01 9.575958e-01
1.600000e-01 9.519043e-01
1.700000e-01 9.458848e-01
1.800000e-01 9.395445e-01
1.900000e-01 9.328909e-01
2.000000e-01 9.259315e-01
2.100000e-01 9.186744e-01
2.200000e-01 9.111279e-01
2.300000e-01 9.033007e-01
2.400000e-01 8.952016e-01
2.500000e-01 8.868396e-01
2.600000e-01 8.782241e-01
2.700000e-01 8.693645e-01
2.800000e-01 8.602707e-01
2.900000e-01 8.509524e-01
3.000000e-01 8.414196e-01
3.100000e-01 8.316825e-01
3.200000e-01 8.217514e-01
3.300000e-01 8.116366e-01
3.400000e-01 8.013486e-01
3.500000e-01 7.908977e-01
3.600000e-01 7.802946e-01
3.700000e-01 7.695498e-01
3.800000e-01 7.586739e-01
3.900000e-01 7.476773e-01
4.000000e-01 7.365705e-01
4.100000e-01 7.253641e-01
4.200000e-01 7.140684e-01
4.300000e-01 7.026938e-01
4.400000e-01 6.912503e-01
4.500000e-01 6.797483e-01
4.600000e-01 6.681975e-01
4.700000e-01 6.566080e-01
4.800000e-01 6.449893e-01
4.900000e-01 6.333510e-01
5.000000e-01 6.217025e-01
5.100000e-01 6.100529e-01
5.200000e-01 5.984112e-01
5.300000e-01 5.867862e-01
5.400000e-01 5.751864e-01
5.500000e-01 5.636200e-01
5.600000e-01 5.520953e-01
5.700000e-01 5.406201e-01
5.800000e-01 5.292019e-01
5.900000e-01 5.178481e-01
6.000000e-01 5.065658e-01
6.100000e-01 4.953618e-01
6.200000e-01 4.842427e-01
6.300000e-01 4.732147e-01
6.400000e-01 4.622839e-01
6.500000e-01 4.514560e-01
6.600000e-01 4.407364e-01
6.700000e-01 4.301304e-01
6.800000e-01 4.196428e-01
6.900000e-01 4.092783e-01
7.000000e-01 3.990413e-01
7.100000e-01 3.889357e-01
7.200000e-01 3.789655e-01
7.300000e-01 3.691341e-01
7.400000e-01 3.594449e-01
7.500000e-01 3.499008e-01
7.600000e-01 3.405046e-01
7.700000e-01 3.312588e-01
7.800000e-01 3.221657e-01
7.900000e-01 3.132271e-01
8.000000e-01 3.044449e-01
8.100000e-01 2.958206e-01
8.200000e-01 2.873556e-01
8.300000e-01 2.790508e-01
8.400000e-01 2.709071e-01
8.500000e-01 2.629251e-01
8.600000e-01 2.551054e-01
8.700000e-01 2.474481e-01
8.800000e-01 2.399534e-01
8.900000e-01 2.326210e-01
9.000000e-01 2.254506e-01
9.100000e-01 2.184419e-01
9.200000e-01 2.115941e-01
9.300000e-01 2.049065e-01
9.400000e-01 1.983781e-01
9.500000e-01 1.920079e-01
9.600000e-01 1.857946e-01
9.700000e-01 1.797370e-01
9.800000e-01 1.738336e-01
9.900000e-01 1.680827e-01
1.000000e+00 1.624829e-01
1.010000e+00 1.570322e-01
1.020000e+00 1.517288e-01
1.030000e+00 1.465709e-01
1.040000e+00 1.415564e-01
1.050000e+00 1.366832e-01
1.060000e+00 1.319492e-01
1.070000e+00 1.273521e-01
1.080000e+00 1.228897e-01
1.090000e+00 1.185598e-01
1.100000e+00 1.143599e-01
1.110000e+00 1.102877e-01
1.120000e+00 1.063407e-01
1.130000e+00 1.025165e-01
1.140000e+00 9.881268e-02
1.150000e+00 9.522673e-02
1.160000e+00 9.175615e-02
1.170000e+00 8.839844e-02
1.180000e+00 8.515110e-02
1.190000e+00 8.201162e-02
1.200000e+00 7.897749e-02
1.210000e+00 7.604621e-02
1.220000e+00 7.321529e-02
1.230000e+00 7.048226e-02
1.240000e+00 6.784466e-02
1.250000e+00 6.530003e-02
1.260000e+00 6.284597e-02
1.270000e+00 6.048005e-02
1.280000e+00 5.819992e-02
1.290000e+00 5.600321e-02
1.300000e+00 5.388761e-02
1.310000e+00 5.185083e-02
1.320000e+00 4.989061e-02
1.330000e+00 4.800472e-02
1.340000e+00 4.619098e-02
1.350000e+00 4.444722e-02
1.360000e+00 4.277134e-02
1.370000e+00 4.116124e-02
1.380000e+00 3.961489e-02
1.390000e+00 3.813028e-02
1.400000e+00 3.670545e-02
1.410000e+00 3.533848e-02
1.420000e+00 3.402748e-02
1.430000e+00 3.277061e-02
1.440000e+00 3.156607e-02
1.450000e+00 3.041209e-02
1.460000e+00 2.930696e-02
1.470000e+00 2.824900e-02
1.480000e+00 2.723656e-02
1.490000e+00 2.626805e-02
1.500000e+00 2.534192e-02
1.510000e+00 2.445663e-02
1.520000e+00 2.361072e-02
1.530000e+00 2.280274e-02
1.540000e+00 2.203129e-02
1.550000e+00 2.129501e-02
1.560000e+00 2.059258e-02
1.570000e+00 1.992270e-02
1.580000e+00 1.928413e-02
1.590000e+00 1.867565e-02
1.600000e+00 1.809607e-02
1.610000e+00 1.754426e-02
1.620000e+00 1.701911e-02
1.630000e+00 1.651953e-02
1.640000e+00 1.604447e-02
1.650000e+00 1.559294e-02
1.660000e+00 1.516394e-02
1.670000e+00 1.475653e-02
1.680000e+00 1.436977e-02
1.690000e+00 1.400279e-02
1.700000e+00 1.365471e-02
1.710000e+00 1.332471e-02
1.720000e+00 1.301197e-02
1.730000e+00 1.271572e-02
1.740000e+00 1.243519e-02
1.750000e+00 1.216965e-02
1.760000e+00 1.191841e-02
1.770000e+00 1.168078e-02
1.780000e+00 1.145609e-02
1.790000e+00 1.124373e-02
1.800000e+00 1.104306e-02
1.810000e+00 1.085350e-02
1.820000e+00 1.067449e-02
1.830000e+00 1.050546e-02
1.840000e+00 1.034590e-02
1.850000e+00 1.019528e-02
1.860000e+00 1.005313e-02
1.870000e+00 9.918955e-03
1.880000e+00 9.792316e-03
1.890000e+00 9.672772e-03
1.900000e+00 9.559905e-03
1.910000e+00 9.453311e-03
1.920000e+00 9.352604e-03
1.930000e+00 9.257415e-03
1.940000e+00 9.167389e-03
1.950000e+00 9.082188e-03
1.960000e+00 9.001489e-03
1.970000e+00 8.924982e-03
1.980000e+00 8.852373e-03
1.990000e+00 8.783382e-03
2.000000e+00 8.717741e-03
2.010000e+00 8.655198e-03
2.020000e+00 8.595513e-03
2.030000e+00 8.538459e-03
2.040000e+00 8.483821e-03
2.050000e+00 8.431398e-03
2.060000e+00 8.380999e-03
2.070000e+00 8.332447e-03
2.080000e+00 8.285574e-03
2.090000e+00 8.240226e-03
2.100000e+00 8.196258e-03
2.110000e+00 8.153537e-03
2.120000e+00 8.111939e-03
2.130000e+00 8.071352e-03
2.140000e+00 8.031673e-03
2.150000e+00 7.992809e-03
2.160000e+00 7.954675e-03
2.170000e+00 7.917198e-03
2.180000e+00 7.880310e-03
2.190000e+00 7.843955e-03
2.200000e+00 7.808083e-03
2.210000e+00 7.772654e-03
2.220000e+00 7.737633e-03
2.230000e+00 7.702994e-03
2.240000e+00 7.668718e-03
2.250000e+00 7.634793e-03
2.260000e+00 7.601211e-03
2.270000e+00 7.567974e-03
2.280000e+00 7.535086e-03
2.290000e+00 7.502558e-03
2.300000e+00 7.470407e-03
2.310000e+00 7.438653e-03
2.320000e+00 7.407321e-03
2.330000e+00 7.376441e-03
2.340000e+00 7.346046e-03
2.350000e+00 7.316171e-03
2.360000e+00 7.286856e-03
2.370000e+00 7.258143e-03
2.380000e+00 7.230077e-03
2.390000e+00 7.202704e-03
2.400000e+00 7.176072e-03
2.410000e+00 7.150230e-03
2.420000e+00 7.125230e-03
2.430000e+00 7.101122e-03
2.440000e+00 7.077959e-03
2.450000e+00 7.055792e-03
2.460000e+00 7.034673e-03
2.470000e+00 7.014653e-03
2.480000e+00 6.995782e-03
2.490000e+00 6.978112e-03
2.500000e+00 6.961688e-03
2.510000e+00 6.946559e-03
2.520000e+00 6.932769e-03
2.530000e+00 6.920362e-03
2.540000e+00 6.909377e-03
2.550000e+00 6.899853e-03
2.560000e+00 6.891826e-03
2.570000e+00 6.885328e-03
2.580000e+00 6.880389e-03
2.590000e+00 6.877037e-03
2.600000e+00 6.875292e-03
2.610000e+00 6.875177e-03
2.620000e+00 6.876706e-03
2.630000e+00 6.879891e-03
2.640000e+00 6.884742e-03
2.650000e+00 6.891263e-03
2.660000e+00 6.899453e-03
2.670000e+00 6.909310e-03
2.680000e+00 6.920825e-03
2.690000e+00 6.933986e-03
2.700000e+00 6.948777e-03
2.710000e+00 6.965176e-03
2.720000e+00 6.983159e-03
2.730000e+00 7.002695e-03
2.740000e+00 7.023752e-03
2.750000e+00 7.046290e-03
2.760000e+00 7.070266e-03
2.770000e+00 7.095635e-03
2.780000e+00 7.122345e-03
2.790000e+00 7.150339e-03
2.800000e+00 7.179559e-03
2.810000e+00 7.209941e-03
2.820000e+00 7.241417e-03
2.830000e+00 7.273915e-03
2.840000e+00 7.307359e-03
2.850000e+00 7.341671e-03
2.860000e+00 7.376767e-03
2.870000e+00 7.412561e-03
2.880000e+00 7.448963e-03
2.890000e+00 7.485880e-03
2.900000e+00 7.523216e-03
2.910000e+00 7.560872e-03
2.920000e+00 7.598747e-03
2.930000e+00 7.636735e-03
2.940000e+00 7.674731e-03
2.950000e+00 7.712626e-03
2.960000e+00 7.750308e-03
2.970000e+00 7.787667e-03
2.980000e+00 7.824586e-03
2.990000e+00 7.860952e-03
3.000000e+00 7.896648e-03
3.010000e+00 7.931557e-03
3.020000e+00 7.965561e-03
3.030000e+00 7.998543e-03
3.040000e+00 8.030385e-03
3.050000e+00 8.060969e-03
3.060000e+00 8.090178e-03
3.070000e+00 8.117896e-03
3.080000e+00 8.144009e-03
3.090000e+00 8.168404e-03
3.100000e+00 8.190967e-03
3.110000e+00 8.211591e-03
3.120000e+00 8.230168e-03
3.130000e+00 8.246593e-03
3.140000e+00 8.260765e-03
3.150000e+00 8.272586e-03
3.160000e+00 8.281961e-03
3.170000e+00 8.288801e-03
3.180000e+00 8.293018e-03
3.190000e+00 8.294530e-03
3.200000e+00 8.293262e-03
3.210000e+00 8.289140e-03
3.220000e+00 8.282098e-03
3.230000e+00 8.272076e-03
3.240000e+00 8.259017e-03
3.250000e+00 8.242873e-03
3.260000e+00 8.223601e-03
3.270000e+00 8.201164e-03
3.280000e+00 8.175533e-03
3.290000e+00 8.146685e-03
3.300000e+00 8.114604e-03
3.310000e+00 8.079281e-03
3.320000e+00 8.040716e-03
3.330000e+00 7.998912e-03
3.340000e+00 7.953884e-03
3.350000e+00 7.905653e-03
3.360000e+00 7.854246e-03
3.370000e+00 7.799698e-03
3.380000e+00 7.742053e-03
3.390000e+00 7.681361e-03
3.400000e+00 7.617679e-03
3.410000e+00 7.551072e-03
3.420000e+00 7.481612e-03
3.430000e+00 7.409377e-03
3.440000e+00 7.334453e-03
3.450000e+00 7.256932e-03
3.460000e+00 7.176911e-03
3.470000e+00 7.094496e-03
3.480000e+00 7.009795e-03
3.490000e+00 6.922925e-03
3.500000e+00 6.834007e-03
3.510000e+00 6.743165e-03
3.520000e+00 6.650530e-03
3.530000e+00 6.556237e-03
3.540000e+00 6.460424e-03
3.550000e+00 6.363231e-03
3.560000e+00 6.264804e-03
3.570000e+00 6.165289e-03
3.580000e+00 6.064836e-03
3.590000e+00 5.963596e-03
3.600000e+00 5.861720e-03
3.610000e+00 5.759364e-03
3.620000e+00 5.656678e-03
3.630000e+00 5.553819e-03
3.640000e+00 5.450937e-03
3.650000e+00 5.348187e-03
3.660000e+00 5.245718e-03
3.670000e+00 5.143680e-03
3.680000e+00 5.042220e-03
3.690000e+00 4.941483e-03
3.700000e+00 4.841609e-03
3.710000e+00 4.742737e-03
3.720000e+00 4.645002e-03
3.730000e+00 4.548534e-03
3.740000e+00 4.453459e-03
3.750000e+00 4.359898e-03
3.760000e+00 4.267968e-03
3.770000e+00 4.177779e-03
3.780000e+00 4.089438e-03
3.790000e+00 4.003043e-03
3.800000e+00 3.918689e-03
3.810000e+00 3.836462e-03
3.820000e+00 3.756444e-03
3.830000e+00 3.678710e-03
3.840000e+00 3.603328e-03
3.850000e+00 3.530358e-03
3.860000e+00 3.459855e-03
3.870000e+00 3.391868e-03
3.880000e+00 3.326435e-03
3.890000e+00 3.263593e-03
3.900000e+00 3.203366e-03
3.910000e+00 3.145776e-03
3.920000e+00 3.090836e-03
3.930000e+00 3.038553e-03
3.940000e+00 2.988926e-03
3.950000e+00 2.941950e-03
3.960000e+00 2.897611e-03
3.970000e+00 2.855892e-03
3.980000e+00 2.816766e-03
3.990000e+00 2.780205e-03
4.000000e+00 2.746171e-03
4.010000e+00 2.714624e-03
4.020000e+00 2.685517e-03
4.030000e+00 2.658798e-03
4.040000e+00 2.634411e-03
4.050000e+00 2.612297e-03
4.060000e+00 2.592390e-03
4.070000e+00 2.574624e-03
4.080000e+00 2.558925e-03
4.090000e+00 2.545220e-03
4.100000e+00 2.533430e-03
4.110000e+00 2.523475e-03
4.120000e+00 2.515274e-03
4.130000e+00 2.508741e-03
4.140000e+00 2.503789e-03
4.150000e+00 2.500333e-03
4.160000e+00 2.498282e-03
4.170000e+00 2.497547e-03
4.180000e+00 2.498039e-03
4.190000e+00 2.499667e-03
4.200000e+00 2.502342e-03
4.210000e+00 2.505974e-03
4.220000e+00 2.510473e-03
4.230000e+00 2.515752e-03
4.240000e+00 2.521724e-03
4.250000e+00 2.528304e-03
4.260000e+00 2.535407e-03
4.270000e+00 2.542951e-03
4.280000e+00 2.550857e-03
4.290000e+00 2.559048e-03
4.300000e+00 2.567447e-03
4.310000e+00 2.575983e-03
4.320000e+00 2.584586e-03
4.330000e+00 2.593189e-03
4.340000e+00 2.601729e-03
4.350000e+00 2.610145e-03
4.360000e+00 2.618382e-03
4.370000e+00 2.626384e-03
4.380000e+00 2.634104e-03
4.390000e+00 2.641494e-03
4.400000e+00 2.648512e-03
4.410000e+00 2.655119e-03
4.420000e+00 2.661281e-03
4.430000e+00 2.666966e-03
4.440000e+00 2.672147e-03
4.450000e+00 2.676801e-03
4.460000e+00 2.680908e-03
4.470000e+00 2.684452e-03
4.480000e+00 2.687421e-03
4.490000e+00 2.689806e-03
4.500000e+00 2.691603e-03
4.510000e+00 2.692809e-03
4.520000e+00 2.693427e-03
4.530000e+00 2.693462e-03
4.540000e+00 2.692922e-03
4.550000e+00 2.691819e-03
4.560000e+00 2.690166e-03
4.570000e+00 2.687981e-03
4.580000e+00 2.685284e-03
4.590000e+00 2.682097e-03
4.600000e+00 2.678443e-03
4.610000e+00 2.674350e-03
4.620000e+00 2.669846e-03
4.630000e+00 2.664961e-03
4.640000e+00 2.659727e-03
4.650000e+00 2.654176e-03
4.660000e+00 2.648344e-03
4.670000e+00 2.642265e-03
4.680000e+00 2.635974e-03
4.690000e+00 2.629510e-03
4.700000e+00 2.622908e-03
4.710000e+00 2.616206e-03
4.720000e+00 2.609440e-03
4.730000e+00 2.602649e-03
4.740000e+00 2.595868e-03
4.750000e+00 2.589133e-03
4.760000e+00 2.582480e-03
4.770000e+00 2.575943e-03
4.780000e+00 2.569555e-03
4.790000e+00 2.563350e-03
4.800000e+00 2.557357e-03
4.810000e+00 2.551606e-03
4.820000e+00 2.546125e-03
4.830000e+00 2.540939e-03
4.840000e+00 2.536075e-03
4.850000e+00 2.531552e-03
4.860000e+00 2.527393e-03
4.870000e+00 2.523615e-03
4.880000e+00 2.520234e-03
4.890000e+00 2.517265e-03
4.900000e+00 2.514719e-03
4.910000e+00 2.512605e-03
4.920000e+00 2.510931e-03
4.930000e+00 2.509700e-03
4.940000e+00 2.508917e-03
4.950000e+00 2.508580e-03
4.960000e+00 2.508687e-03
4.970000e+00 2.509234e-03
4.980000e+00 2.510213e-03
4.990000e+00 2.511617e-03
5.000000e+00 2.513432e-03
5.010000e+00 2.515646e-03
5.020000e+00 2.518244e-03
5.030000e+00 2.521206e-03
5.040000e+00 2.524515e-03
5.050000e+00 2.528147e-03
5.060000e+00 2.532081e-03
5.070000e+00 2.536289e-03
5.080000e+00 2.540746e-03
5.090000e+00 2.545423e-03
5.100000e+00 2.550289e-03
5.110000e+00 2.555313e-03
5.120000e+00 2.560463e-03
5.130000e+00 2.565704e-03
5.140000e+00 2.571000e-03
5.150000e+00 2.576314e-03
5.160000e+00 2.581610e-03
5.170000e+00 2.586849e-03
5.180000e+00 2.591990e-03
5.190000e+00 2.596994e-03
5.200000e+00 2.601819e-03
5.210000e+00 2.606423e-03
5.220000e+00 2.610765e-03
5.230000e+00 2.614800e-03
5.240000e+00 2.618486e-03
5.250000e+00 2.621778e-03
5.260000e+00 2.624633e-03
5.270000e+00 2.627005e-03
5.280000e+00 2.628849e-03
5.290000e+00 2.630121e-03
5.300000e+00 2.630775e-03
5.310000e+00 2.630766e-03
5.320000e+00 2.630047e-03
5.330000e+00 2.628575e-03
5.340000e+00 2.626303e-03
5.350000e+00 2.623186e-03
5.360000e+00 2.619179e-03
5.370000e+00 2.614237e-03
5.380000e+00 2.608314e-03
5.390000e+00 2.601367e-03
5.400000e+00 2.593352e-03
5.410000e+00 2.584224e-03
5.420000e+00 2.573941e-03
5.430000e+00 2.562459e-03
5.440000e+00 2.549736e-03
5.450000e+00 2.535732e-03
5.460000e+00 2.520404e-03
5.470000e+00 2.503714e-03
5.480000e+00 2.485622e-03
5.490000e+00 2.466090e-03
5.500000e+00 2.445080e-03
5.510000e+00 2.422557e-03
5.520000e+00 2.398485e-03
5.530000e+00 2.372831e-03
5.540000e+00 2.345563e-03
5.550000e+00 2.316650e-03
5.560000e+00 2.286063e-03
5.570000e+00 2.253773e-03
5.580000e+00 2.219756e-03
5.590000e+00 2.183986e-03
5.600000e+00 2.146442e-03
5.610000e+00 2.107104e-03
5.620000e+00 2.065953e-03
5.630000e+00 2.022974e-03
5.640000e+00 1.978152e-03
5.650000e+00 1.931478e-03
5.660000e+00 1.882941e-03
5.670000e+00 1.832537e-03
5.680000e+00 1.780260e-03
5.690000e+00 1.726111e-03
5.700000e+00 1.670091e-03
5.710000e+00 1.612205e-03
5.720000e+00 1.552460e-03
5.730000e+00 1.490867e-03
5.740000e+00 1.427440e-03
5.750000e+00 1.362194e-03
5.760000e+00 1.295150e-03
5.770000e+00 1.226329e-03
5.780000e+00 1.155759e-03
5.790000e+00 1.083467e-03
5.800000e+00 1.009486e-03
5.810000e+00 9.338516e-04
5.820000e+00 8.566010e-04
5.830000e+00 7.777761e-04
5.840000e+00 6.974214e-04
5.850000e+00 6.155844e-04
5.860000e+00 5.323158e-04
5.870000e+00 4.476692e-04
5.880000e+00 3.617012e-04
5.890000e+00 2.744713e-04
5.900000e+00 1.860416e-04
5.910000e+00 9.647746e-05
5.920000e+00 5.846536e-06
5.930000e+00 -8.578066e-05
5.940000e+00 -1.783311e-04
5.950000e+00 -2.717292e-04
5.960000e+00 -3.658971e-04
5.970000e+00 -4.607544e-04
5.980000e+00 -5.562186e-04
5.990000e+00 -6.522050e-04
6.000000e+00 -7.486268e-04
6.010000e+00 -8.453953e-04
6.020000e+00 -9.424197e-04
6.030000e+00 -1.039608e-03
6.040000e+00 -1.136865e-03
6.050000e+00 -1.234096e-03
6.060000e+00 -1.331203e-03
6.070000e+00 -1.428087e-03
6.080000e+00 -1.524649e-03
6.090000e+00 -1.620787e-03
6.100000e+00 -1.716398e-03
6.110000e+00 -1.811379e-03
6.120000e+00 -1.905626e-03
6.130000e+00 -1.999032e-03
6.140000e+00 -2.091491e-03
6.150000e+00 -2.182897e-03
6.160000e+00 -2.273142e-03
6.170000e+00 -2.362118e-03
6.180000e+00 -2.449716e-03
6.190000e+00 -2.535828e-03
6.200000e+00 -2.620344e-03
6.210000e+00 -2.703155e-03
6.220000e+00 -2.784151e-03
6.230000e+00 -2.863224e-03
6.240000e+00 -2.940265e-03
6.250000e+00 -3.015164e-03
6.260000e+00 -3.087815e-03
6.270000e+00 -3.158107e-03
6.280000e+00 -3.225936e-03
6.290000e+00 -3.291194e-03
6.300000e+00 -3.353776e-03
6.310000e+00 -3.413579e-03
6.320000e+00 -3.470498e-03
6.330000e+00 -3.524433e-03
6.340000e+00 -3.575283e-03
6.350000e+00 -3.622951e-03
6.360000e+00 -3.667339e-03
6.370000e+00 -3.708355e-03
6.380000e+00 -3.745905e-03
6.390000e+00 -3.779901e-03
6.400000e+00 -3.810257e-03
6.410000e+00 -3.836887e-03
6.420000e+00 -3.859712e-03
6.430000e+00 -3.878655e-03
6.440000e+00 -3.893642e-03
6.450000e+00 -3.904603e-03
6.460000e+00 -3.911472e-03
6.470000e+00 -3.914189e-03
6.480000e+00 -3.912696e-03
6.490000e+00 -3.906941e-03
6.500000e+00 -3.896877e-03
6.510000e+00 -3.882462e-03
6.520000e+00 -3.863659e-03
6.530000e+00 -3.840439e-03
6.540000e+00 -3.812776e-03
6.550000e+00 -3.780651e-03
6.560000e+00 -3.744052e-03
6.570000e+00 -3.702974e-03
6.580000e+00 -3.657417e-03
6.590000e+00 -3.607389e-03
6.600000e+00 -3.552905e-03
6.610000e+00 -3.493987e-03
6.620000e+00 -3.430664e-03
6.630000e+00 -3.362974e-03
6.640000e+00 -3.290961e-03
6.650000e+00 -3.214677e-03
6.660000e+00 -3.134182e-03
6.670000e+00 -3.049544e-03
6.680000e+00 -2.960838e-03
6.690000e+00 -2.868148e-03
6.700000e+00 -2.771563e-03
6.710000e+00 -2.671184e-03
6.720000e+00 -2.567116e-03
6.730000e+00 -2.459473e-03
6.740000e+00 -2.348377e-03
6.750000e+00 -2.233956e-03
6.760000e+00 -2.116346e-03
6.770000e+00 -1.995689e-03
6.780000e+00 -1.872135e-03
6.790000e+00 -1.745838e-03
6.800000e+00 -1.616962e-03
6.810000e+00 -1.485674e-03
6.820000e+00 -1.352147e-03
6.830000e+00 -1.216559e-03
6.840000e+00 -1.079094e-03
6.850000e+00 -9.399400e-04
6.860000e+00 -7.992877e-04
6.870000e+00 -6.573331e-04
6.880000e+00 -5.142746e-04
6.890000e+00 -3.703136e-04
6.900000e+00 -2.256538e-04
6.910000e+00 -8.050035e-05
6.920000e+00 6.493997e-05
6.930000e+00 2.104597e-04
6.940000e+00 3.558512e-04
6.950000e+00 5.009069e-04
6.960000e+00 6.454200e-04
6.970000e+00 7.891850e-04
6.980000e+00 9.319981e-04
6.990000e+00 1.073658e-03
7.000000e+00 1.213966e-03
7.010000e+00 1.352726e-03
7.020000e+00 1.489747e-03
7.030000e+00 1.624841e-03
7.040000e+00 1.757827e-03
7.050000e+00 1.888525e-03
7.060000e+00 2.016765e-03
7.070000e+00 2.142380e-03
7.080000e+00 2.265211e-03
7.090000e+00 2.385105e-03
7.100000e+00 2.501917e-03
7.110000e+00 2.615508e-03
7.120000e+00 2.725748e-03
7.130000e+00 2.832514e-03
7.140000e+00 2.935693e-03
7.150000e+00 3.035179e-03
7.160000e+00 3.130875e-03
7.170000e+00 3.222693e-03
7.180000e+00 3.310553e-03
7.190000e+00 3.394386e-03
7.200000e+00 3.474130e-03
7.210000e+00 3.549735e-03
7.220000e+00 3.621156e-03
7.230000e+00 3.688360e-03
7.240000e+00 3.751323e-03
7.250000e+00 3.810029e-03
7.260000e+00 3.864471e-03
7.270000e+00 3.914651e-03
7.280000e+00 3.960579e-03
7.290000e+00 4.002273e-03
7.300000e+00 4.039762e-03
7.310000e+00 4.073077e-03
7.320000e+00 4.102263e-03
7.330000e+00 4.127368e-03
7.340000e+00 4.148447e-03
7.350000e+00 4.165564e-03
7.360000e+00 4.178787e-03
7.370000e+00 4.188191e-03
7.380000e+00 4.193856e-03
7.390000e+00 4.195867e-03
7.400000e+00 4.194314e-03
7.410000e+00 4.189292e-03
7.420000e+00 4.180898e-03
7.430000e+00 4.169233e-03
7.440000e+00 4.154403e-03
7.450000e+00 4.136515e-03
7.460000e+00 4.115677e-03
7.470000e+00 4.092002e-03
7.480000e+00 4.065602e-03
7.490000e+00 4.036590e-03
7.500000e+00 4.005082e-03
7.510000e+00 3.971193e-03
7.520000e+00 3.935036e-03
7.530000e+00 3.896727e-03
7.540000e+00 3.856380e-03
7.550000e+00 3.814107e-03
7.560000e+00 3.770021e-03
7.570000e+00 3.724232e-03
7.580000e+00 3.676847e-03
7.590000e+00 3.627975e-03
7.600000e+00 3.577719e-03
7.610000e+00 3.526182e-03
7.620000e+00 3.473463e-03
7.630000e+00 3.419659e-03
7.640000e+00 3.364866e-03
7.650000e+00 3.309174e-03
7.660000e+00 3.252673e-03
7.670000e+00 3.195447e-03
7.680000e+00 3.137581e-03
7.690000e+00 3.079154e-03
7.700000e+00 3.020242e-03
7.710000e+00 2.960920e-03
7.720000e+00 2.901259e-03
7.730000e+00 2.841327e-03
7.740000e+00 2.781188e-03
7.750000e+00 2.720907e-03
7.760000e+00 2.660542e-03
7.770000e+00 2.600151e-03
7.780000e+00 2.539789e-03
7.790000e+00 2.479509e-03
7.800000e+00 2.419359e-03
7.810000e+00 2.359390e-03
7.820000e+00 2.299646e-03
7.830000e+00 2.240171e-03
7.840000e+00 2.181009e-03
7.850000e+00 2.122199e-03
7.860000e+00 2.063780e-03
7.870000e+00 2.005790e-03
7.880000e+00 1.948266e-03
7.890000e+00 1.891241e-03
7.900000e+00 1.834750e-03
7.910000e+00 1.778824e-03
7.920000e+00 1.723495e-03
7.930000e+00 1.668794e-03
7.940000e+00 1.614748e-03
7.950000e+00 1.561387e-03
7.960000e+00 1.508738e-03
7.970000e+00 1.456826e-03
7.980000e+00 1.405677e-03
7.990000e+00 1.355315e-03
8.000000e+00 1.305764e-03
8.010000e+00 1.257045e-03
8.020000e+00 1.209179e-03
8.030000e+00 1.162187e-03
8.040000e+00 1.116086e-03
8.050000e+00 1.070893e-03
8.060000e+00 1.026625e-03
8.070000e+00 9.832959e-04
8.080000e+00 9.409174e-04
8.090000e+00 8.995007e-04
8.100000e+00 8.590547e-04
8.110000e+00 8.195863e-04
8.120000e+00 7.811005e-04
8.130000e+00 7.435998e-04
8.140000e+00 7.070847e-04
8.150000e+00 6.715531e-04
8.160000e+00 6.370005e-04
8.170000e+00 6.034196e-04
8.180000e+00 5.708006e-04
8.190000e+00 5.391307e-04
8.200000e+00 5.083945e-04
8.210000e+00 4.785734e-04
8.220000e+00 4.496458e-04
8.230000e+00 4.215873e-04
8.240000e+00 3.943702e-04
8.250000e+00 3.679637e-04
8.260000e+00 3.423340e-04
8.270000e+00 3.174442e-04
8.280000e+00 2.932543e-04
8.290000e+00 2.697212e-04
8.300000e+00 2.467989e-04
8.310000e+00 2.244385e-04
8.320000e+00 2.025882e-04
8.330000e+00 1.811935e-04
8.340000e+00 1.601974e-04
8.350000e+00 1.395402e-04
8.360000e+00 1.191602e-04
8.370000e+00 9.899311e-05
8.380000e+00 7.897294e-05
8.390000e+00 5.903176e-05
8.400000e+00 3.910001e-05
8.410000e+00 1.910672e-05
8.420000e+00 -1.020280e-06
8.430000e+00 -2.135418e-05
8.440000e+00 -4.196890e-05
8.450000e+00 -6.293891e-05
8.460000e+00 -8.433895e-05
8.470000e+00 -1.062438e-04
8.480000e+00 -1.287281e-04
8.490000e+00 -1.518658e-04
8.500000e+00 -1.757305e-04
8.510000e+00 -2.003947e-04
8.520000e+00 -2.259295e-04
8.530000e+00 -2.524050e-04
8.540000e+00 -2.798892e-04
8.550000e+00 -3.084485e-04
8.560000e+00 -3.381471e-04
8.570000e+00 -3.690468e-04
8.580000e+00 -4.012070e-04
8.590000e+00 -4.346843e-04
8.600000e+00 -4.695325e-04
8.610000e+00 -5.058020e-04
8.620000e+00 -5.435404e-04
8.630000e+00 -5.827916e-04
8.640000e+00 -6.235960e-04
8.650000e+00 -6.659905e-04
8.660000e+00 -7.100081e-04
8.670000e+00 -7.556781e-04
8.680000e+00 -8.030256e-04
8.690000e+00 -8.520719e-04
8.700000e+00 -9.028342e-04
8.710000e+00 -9.553254e-04
8.720000e+00 -1.009555e-03
8.730000e+00 -1.065527e-03
8.740000e+00 -1.123242e-03
8.750000e+00 -1.182697e-03
8.760000e+00 -1.243883e-03
8.770000e+00 -1.306790e-03
8.780000e+00 -1.371401e-03
8.790000e+00 -1.437696e-03
8.800000e+00 -1.505652e-03
8.810000e+00 -1.575239e-03
8.820000e+00 -1.646426e-03
8.830000e+00 -1.719179e-03
8.840000e+00 -1.793456e-03
8.850000e+00 -1.869216e-03
8.860000e+00 -1.946412e-03
8.870000e+00 -2.024994e-03
8.880000e+00 -2.104907e-03
8.890000e+00 -2.186097e-03
8.900000e+00 -2.268502e-03
8.910000e+00 -2.352061e-03
8.920000e+00 -2.436706e-03
8.930000e+00 -2.522369e-03
8.940000e+00 -2.608979e-03
8.950000e+00 -2.696461e-03
8.960000e+00 -2.784738e-03
8.970000e+00 -2.873731e-03
8.980000e+00 -2.963359e-03
8.990000e+00 -3.053536e-03
9.000000e+00 -3.144178e-03
9.010000e+00 -3.235195e-03
9.020000e+00 -3.326497e-03
9.030000e+00 -3.417992e-03
9.040000e+00 -3.509585e-03
9.050000e+00 -3.601182e-03
9.060000e+00 -3.692685e-03
9.070000e+00 -3.783995e-03
9.080000e+00 -3.875012e-03
9.090000e+00 -3.965635e-03
9.100000e+00 -4.055760e-03
9.110000e+00 -4.145285e-03
9.120000e+00 -4.234104e-03
9.130000e+00 -4.322113e-03
9.140000e+00 -4.409205e-03
9.150000e+00 -4.495274e-03
9.160000e+00 -4.580212e-03
9.170000e+00 -4.663914e-03
9.180000e+00 -4.746270e-03
9.190000e+00 -4.827175e-03
9.200000e+00 -4.906521e-03
9.210000e+00 -4.984202e-03
9.220000e+00 -5.060111e-03
9.230000e+00 -5.134144e-03
9.240000e+00 -5.206195e-03
9.250000e+00 -5.276163e-03
9.260000e+00 -5.343944e-03
9.270000e+00 -5.409440e-03
9.280000e+00 -5.472550e-03
9.290000e+00 -5.533180e-03
9.300000e+00 -5.591234e-03
9.310000e+00 -5.646622e-03
9.320000e+00 -5.699253e-03
9.330000e+00 -5.749043e-03
9.340000e+00 -5.795907e-03
9.350000e+00 -5.839767e-03
9.360000e+00 -5.880548e-03
9.370000e+00 -5.918176e-03
9.380000e+00 -5.952585e-03
9.390000e+00 -5.983711e-03
9.400000e+00 -6.011496e-03
9.410000e+00 -6.035885e-03
9.420000e+00 -6.056832e-03
9.430000e+00 -6.074291e-03
9.440000e+00 -6.088226e-03
9.450000e+00 -6.098605e-03
9.460000e+00 -6.105402e-03
9.470000e+00 -6.108597e-03
9.480000e+00 -6.108177e-03
9.490000e+00 -6.104136e-03
9.500000e+00 -6.096472e-03
9.510000e+00 -6.085193e-03
9.520000e+00 -6.070312e-03
9.530000e+00 -6.051850e-03
9.540000e+00 -6.029835e-03
9.550000e+00 -6.004302e-03
9.560000e+00 -5.975292e-03
9.570000e+00 -5.942857e-03
9.580000e+00 -5.907051e-03
9.590000e+00 -5.867940e-03
9.600000e+00 -5.825595e-03
9.610000e+00 -5.780094e-03
9.620000e+00 -5.731523e-03
9.630000e+00 -5.679976e-03
9.640000e+00 -5.625551e-03
9.650000e+00 -5.568354e-03
9.660000e+00 -5.508500e-03
9.670000e+00 -5.446108e-03
9.680000e+00 -5.381303e-03
9.690000e+00 -5.314217e-03
9.700000e+00 -5.244986e-03
9.710000e+00 -5.173756e-03
9.720000e+00 -5.100672e-03
9.730000e+00 -5.025888e-03
9.740000e+00 -4.949561e-03
9.750000e+00 -4.871853e-03
9.760000e+00 -4.792928e-03
9.770000e+00 -4.712956e-03
9.780000e+00 -4.632108e-03
9.790000e+00 -4.550557e-03
9.800000e+00 -4.468480e-03
9.810000e+00 -4.386055e-03
9.820000e+00 -4.303461e-03
9.830000e+00 -4.220876e-03
9.840000e+00 -4.138482e-03
9.850000e+00 -4.056457e-03
9.860000e+00 -3.974980e-03
9.870000e+00 -3.894229e-03
9.880000e+00 -3.814378e-03
9.890000e+00 -3.735603e-03
9.900000e+00 -3.658073e-03
9.910000e+00 -3.581954e-03
9.920000e+00 -3.507412e-03
9.930000e+00 -3.434604e-03
9.940000e+00 -3.363684e-03
9.950000e+00 -3.294803e-03
9.960000e+00 -3.228102e-03
9.970000e+00 -3.163718e-03
9.980000e+00 -3.101783e-03
9.990000e+00 -3.042417e-03
1.000000e+01 -2.985738e-03
