# sigma2_v 3.289590075309197e+00
# aH 1e+02
0.000000e+00 1.000000e+00
1.000000e-02 9.998355e-01
2.000000e-02 9.993423e-01
3.000000e-02 9.985208e-01
4.000000e-02 9.973719e-01
5.000000e-02 9.958967e-01
6.000000e-02 9.940968e-01
7.000000e-02 9.919739e-01
8.000000e-02 9.895303e-01
9.000000e-02 9.867683e-01
1.000000e-01 9.836908e-01
1.100000e-01 9.803008e-01
1.200000e-01 9.766019e-01
1.300000e-01 9.725976e-01
1.400000e-01 9.682920e-01
1.500000e-01 9.636894e-01
1.600000e-01 9.587943e-01
1.700000e-01 9.536115e-01
1.800000e-01 9.481463e-01
1.900000e-01 9.424038e-01
2.000000e-01 9.363898e-01
2.100000e-01 9.301101e-01
2.200000e-01 9.235707e-01
2.300000e-01 9.167780e-01
2.400000e-01 9.097383e-01
2.500000e-01 9.024585e-01
2.600000e-01 8.949454e-01
2.700000e-01 8.872060e-01
2.800000e-01 8.792476e-01
2.900000e-01 8.710775e-01
3.000000e-01 8.627033e-01
3.100000e-01 8.541325e-01
3.200000e-01 8.453729e-01
3.300000e-01 8.364325e-01
3.400000e-01 8.273190e-01
3.500000e-01 8.180407e-01
3.600000e-01 8.086055e-01
3.700000e-01 7.990217e-01
3.800000e-01 7.892974e-01
3.900000e-01 7.794409e-01
4.000000e-01 7.694605e-01
4.100000e-01 7.593644e-01
4.200000e-01 7.491609e-01
4.300000e-01 7.388584e-01
4.400000e-01 7.284649e-01
4.500000e-01 7.179888e-01
4.600000e-01 7.074382e-01
4.700000e-01 6.968212e-01
4.800000e-01 6.861459e-01
4.900000e-01 6.754202e-01
5.000000e-01 6.646521e-01
5.100000e-01 6.538493e-01
5.200000e-01 6.430195e-01
5.300000e-01 6.321704e-01
5.400000e-01 6.213094e-01
5.500000e-01 6.104438e-01
5.600000e-01 5.995808e-01
5.700000e-01 5.887276e-01
5.800000e-01 5.778910e-01
5.900000e-01 5.670779e-01
6.000000e-01 5.562948e-01
6.100000e-01 5.455481e-01
6.200000e-01 5.348443e-01
6.300000e-01 5.241893e-01
6.400000e-01 5.135890e-01
6.500000e-01 5.030493e-01
6.600000e-01 4.925757e-01
6.700000e-01 4.821735e-01
6.800000e-01 4.718479e-01
6.900000e-01 4.616038e-01
7.000000e-01 4.514462e-01
7.100000e-01 4.413795e-01
7.200000e-01 4.314080e-01
7.300000e-01 4.215361e-01
7.400000e-01 4.117677e-01
7.500000e-01 4.021065e-01
7.600000e-01 3.925561e-01
7.700000e-01 3.831199e-01
7.800000e-01 3.738011e-01
7.900000e-01 3.646026e-01
8.000000e-01 3.555272e-01
8.100000e-01 3.465775e-01
8.200000e-01 3.377559e-01
8.300000e-01 3.290646e-01
8.400000e-01 3.205055e-01
8.500000e-01 3.120806e-01
8.600000e-01 3.037914e-01
8.700000e-01 2.956393e-01
8.800000e-01 2.876257e-01
8.900000e-01 2.797518e-01
9.000000e-01 2.720183e-01
9.100000e-01 2.644261e-01
9.200000e-01 2.569758e-01
9.300000e-01 2.496678e-01
9.400000e-01 2.425025e-01
9.500000e-01 2.354800e-01
9.600000e-01 2.286003e-01
9.700000e-01 2.218633e-01
9.800000e-01 2.152687e-01
9.900000e-01 2.088162e-01
1.000000e+00 2.025051e-01
1.010000e+00 1.963350e-01
1.020000e+00 1.903050e-01
1.030000e+00 1.844142e-01
1.040000e+00 1.786618e-01
1.050000e+00 1.730467e-01
1.060000e+00 1.675676e-01
1.070000e+00 1.622234e-01
1.080000e+00 1.570128e-01
1.090000e+00 1.519342e-01
1.100000e+00 1.469863e-01
1.110000e+00 1.421675e-01
1.120000e+00 1.374762e-01
1.130000e+00 1.329107e-01
1.140000e+00 1.284693e-01
1.150000e+00 1.241502e-01
1.160000e+00 1.199515e-01
1.170000e+00 1.158714e-01
1.180000e+00 1.119080e-01
1.190000e+00 1.080593e-01
1.200000e+00 1.043234e-01
1.210000e+00 1.006982e-01
1.220000e+00 9.718177e-02
1.230000e+00 9.377203e-02
1.240000e+00 9.046692e-02
1.250000e+00 8.726436e-02
1.260000e+00 8.416229e-02
1.270000e+00 8.115860e-02
1.280000e+00 7.825122e-02
1.290000e+00 7.543804e-02
1.300000e+00 7.271699e-02
1.310000e+00 7.008597e-02
1.320000e+00 6.754291e-02
1.330000e+00 6.508575e-02
1.340000e+00 6.271243e-02
1.350000e+00 6.042090e-02
1.360000e+00 5.820914e-02
1.370000e+00 5.607514e-02
1.380000e+00 5.401692e-02
1.390000e+00 5.203249e-02
1.400000e+00 5.011991e-02
1.410000e+00 4.827726e-02
1.420000e+00 4.650263e-02
1.430000e+00 4.479415e-02
1.440000e+00 4.314997e-02
1.450000e+00 4.156827e-02
1.460000e+00 4.004724e-02
1.470000e+00 3.858513e-02
1.480000e+00 3.718018e-02
1.490000e+00 3.583071e-02
1.500000e+00 3.453502e-02
1.510000e+00 3.329147e-02
1.520000e+00 3.209844e-02
1.530000e+00 3.095435e-02
1.540000e+00 2.985763e-02
1.550000e+00 2.880676e-02
1.560000e+00 2.780025e-02
1.570000e+00 2.683663e-02
1.580000e+00 2.591448e-02
1.590000e+00 2.503238e-02
1.600000e+00 2.418897e-02
1.610000e+00 2.338290e-02
1.620000e+00 2.261288e-02
1.630000e+00 2.187760e-02
1.640000e+00 2.117584e-02
1.650000e+00 2.050635e-02
1.660000e+00 1.986796e-02
1.670000e+00 1.925950e-02
1.680000e+00 1.867983e-02
1.690000e+00 1.812785e-02
1.700000e+00 1.760247e-02
1.710000e+00 1.710266e-02
1.720000e+00 1.662738e-02
1.730000e+00 1.617564e-02
1.740000e+00 1.574646e-02
1.750000e+00 1.533891e-02
1.760000e+00 1.495206e-02
1.770000e+00 1.458503e-02
1.780000e+00 1.423693e-02
1.790000e+00 1.390694e-02
1.800000e+00 1.359423e-02
1.810000e+00 1.329801e-02
1.820000e+00 1.301749e-02
1.830000e+00 1.275195e-02
1.840000e+00 1.250065e-02
1.850000e+00 1.226288e-02
1.860000e+00 1.203798e-02
1.870000e+00 1.182527e-02
1.880000e+00 1.162413e-02
1.890000e+00 1.143393e-02
1.900000e+00 1.125409e-02
1.910000e+00 1.108402e-02
1.920000e+00 1.092318e-02
1.930000e+00 1.077103e-02
1.940000e+00 1.062705e-02
1.950000e+00 1.049076e-02
1.960000e+00 1.036167e-02
1.970000e+00 1.023933e-02
1.980000e+00 1.012330e-02
1.990000e+00 1.001315e-02
2.000000e+00 9.908485e-03
2.010000e+00 9.808913e-03
2.020000e+00 9.714064e-03
2.030000e+00 9.623585e-03
2.040000e+00 9.537138e-03
2.050000e+00 9.454400e-03
2.060000e+00 9.375063e-03
2.070000e+00 9.298836e-03
2.080000e+00 9.225441e-03
2.090000e+00 9.154612e-03
2.100000e+00 9.086101e-03
2.110000e+00 9.019669e-03
2.120000e+00 8.955093e-03
2.130000e+00 8.892160e-03
2.140000e+00 8.830671e-03
2.150000e+00 8.770437e-03
2.160000e+00 8.711281e-03
2.170000e+00 8.653037e-03
2.180000e+00 8.595549e-03
2.190000e+00 8.538670e-03
2.200000e+00 8.482264e-03
2.210000e+00 8.426204e-03
2.220000e+00 8.370371e-03
2.230000e+00 8.314655e-03
2.240000e+00 8.258954e-03
2.250000e+00 8.203173e-03
2.260000e+00 8.147226e-03
2.270000e+00 8.091033e-03
2.280000e+00 8.034519e-03
2.290000e+00 7.977618e-03
2.300000e+00 7.920269e-03
2.310000e+00 7.862416e-03
2.320000e+00 7.804009e-03
2.330000e+00 7.745003e-03
2.340000e+00 7.685359e-03
2.350000e+00 7.625042e-03
2.360000e+00 7.564020e-03
2.370000e+00 7.502268e-03
2.380000e+00 7.439762e-03
2.390000e+00 7.376485e-03
2.400000e+00 7.312422e-03
2.410000e+00 7.247560e-03
2.420000e+00 7.181893e-03
2.430000e+00 7.115416e-03
2.440000e+00 7.048127e-03
2.450000e+00 6.980028e-03
2.460000e+00 6.911124e-03
2.470000e+00 6.841423e-03
2.480000e+00 6.770934e-03
2.490000e+00 6.699672e-03
2.500000e+00 6.627652e-03
2.510000e+00 6.554892e-03
2.520000e+00 6.481415e-03
2.530000e+00 6.407244e-03
2.540000e+00 6.332405e-03
2.550000e+00 6.256929e-03
2.560000e+00 6.180846e-03
2.570000e+00 6.104191e-03
2.580000e+00 6.027000e-03
2.590000e+00 5.949313e-03
2.600000e+00 5.871172e-03
2.610000e+00 5.792620e-03
2.620000e+00 5.713705e-03
2.630000e+00 5.634475e-03
2.640000e+00 5.554982e-03
2.650000e+00 5.475278e-03
2.660000e+00 5.395421e-03
2.670000e+00 5.315467e-03
2.680000e+00 5.235478e-03
2.690000e+00 5.155515e-03
2.700000e+00 5.075643e-03
2.710000e+00 4.995928e-03
2.720000e+00 4.916437e-03
2.730000e+00 4.837240e-03
2.740000e+00 4.758408e-03
2.750000e+00 4.680013e-03
2.760000e+00 4.602130e-03
2.770000e+00 4.524833e-03
2.780000e+00 4.448199e-03
2.790000e+00 4.372303e-03
2.800000e+00 4.297224e-03
2.810000e+00 4.223040e-03
2.820000e+00 4.149828e-03
2.830000e+00 4.077668e-03
2.840000e+00 4.006638e-03
2.850000e+00 3.936816e-03
2.860000e+00 3.868279e-03
2.870000e+00 3.801106e-03
2.880000e+00 3.735373e-03
2.890000e+00 3.671155e-03
2.900000e+00 3.608526e-03
2.910000e+00 3.547559e-03
2.920000e+00 3.488327e-03
2.930000e+00 3.430897e-03
2.940000e+00 3.375339e-03
2.950000e+00 3.321717e-03
2.960000e+00 3.270095e-03
2.970000e+00 3.220534e-03
2.980000e+00 3.173091e-03
2.990000e+00 3.127823e-03
3.000000e+00 3.084782e-03
3.010000e+00 3.044018e-03
3.020000e+00 3.005576e-03
3.030000e+00 2.969501e-03
3.040000e+00 2.935831e-03
3.050000e+00 2.904604e-03
3.060000e+00 2.875851e-03
3.070000e+00 2.849603e-03
3.080000e+00 2.825883e-03
3.090000e+00 2.804715e-03
3.100000e+00 2.786116e-03
3.110000e+00 2.770100e-03
3.120000e+00 2.756677e-03
3.130000e+00 2.745853e-03
3.140000e+00 2.737632e-03
3.150000e+00 2.732011e-03
3.160000e+00 2.728987e-03
3.170000e+00 2.728549e-03
3.180000e+00 2.730685e-03
3.190000e+00 2.735378e-03
3.200000e+00 2.742610e-03
3.210000e+00 2.752355e-03
3.220000e+00 2.764586e-03
3.230000e+00 2.779273e-03
3.240000e+00 2.796381e-03
3.250000e+00 2.815873e-03
3.260000e+00 2.837707e-03
3.270000e+00 2.861840e-03
3.280000e+00 2.888225e-03
3.290000e+00 2.916810e-03
3.300000e+00 2.947543e-03
3.310000e+00 2.980368e-03
3.320000e+00 3.015225e-03
3.330000e+00 3.052054e-03
3.340000e+00 3.090789e-03
3.350000e+00 3.131364e-03
3.360000e+00 3.173710e-03
3.370000e+00 3.217755e-03
3.380000e+00 3.263427e-03
3.390000e+00 3.310648e-03
3.400000e+00 3.359341e-03
3.410000e+00 3.409426e-03
3.420000e+00 3.460822e-03
3.430000e+00 3.513444e-03
3.440000e+00 3.567208e-03
3.450000e+00 3.622027e-03
3.460000e+00 3.677811e-03
3.470000e+00 3.734473e-03
3.480000e+00 3.791920e-03
3.490000e+00 3.850060e-03
3.500000e+00 3.908800e-03
3.510000e+00 3.968046e-03
3.520000e+00 4.027702e-03
3.530000e+00 4.087672e-03
3.540000e+00 4.147860e-03
3.550000e+00 4.208168e-03
3.560000e+00 4.268498e-03
3.570000e+00 4.328753e-03
3.580000e+00 4.388835e-03
3.590000e+00 4.448645e-03
3.600000e+00 4.508085e-03
3.610000e+00 4.567059e-03
3.620000e+00 4.625467e-03
3.630000e+00 4.683215e-03
3.640000e+00 4.740206e-03
3.650000e+00 4.796345e-03
3.660000e+00 4.851538e-03
3.670000e+00 4.905694e-03
3.680000e+00 4.958721e-03
3.690000e+00 5.010529e-03
3.700000e+00 5.061033e-03
3.710000e+00 5.110146e-03
3.720000e+00 5.157786e-03
3.730000e+00 5.203872e-03
3.740000e+00 5.248327e-03
3.750000e+00 5.291075e-03
3.760000e+00 5.332046e-03
3.770000e+00 5.371170e-03
3.780000e+00 5.408383e-03
3.790000e+00 5.443625e-03
3.800000e+00 5.476836e-03
3.810000e+00 5.507965e-03
3.820000e+00 5.536963e-03
3.830000e+00 5.563784e-03
3.840000e+00 5.588390e-03
3.850000e+00 5.610744e-03
3.860000e+00 5.630816e-03
3.870000e+00 5.648581e-03
3.880000e+00 5.664018e-03
3.890000e+00 5.677112e-03
3.900000e+00 5.687853e-03
3.910000e+00 5.696237e-03
3.920000e+00 5.702264e-03
3.930000e+00 5.705939e-03
3.940000e+00 5.707275e-03
3.950000e+00 5.706289e-03
3.960000e+00 5.703001e-03
3.970000e+00 5.697440e-03
3.980000e+00 5.689638e-03
3.990000e+00 5.679632e-03
4.000000e+00 5.667466e-03
4.010000e+00 5.653187e-03
4.020000e+00 5.636846e-03
4.030000e+00 5.618502e-03
4.040000e+00 5.598214e-03
4.050000e+00 5.576049e-03
4.060000e+00 5.552074e-03
4.070000e+00 5.526364e-03
4.080000e+00 5.498994e-03
4.090000e+00 5.470044e-03
4.100000e+00 5.439596e-03
4.110000e+00 5.407735e-03
4.120000e+00 5.374547e-03
4.130000e+00 5.340121e-03
4.140000e+00 5.304549e-03
4.150000e+00 5.267921e-03
4.160000e+00 5.230330e-03
4.170000e+00 5.191870e-03
4.180000e+00 5.152633e-03
4.190000e+00 5.112713e-03
4.200000e+00 5.072203e-03
4.210000e+00 5.031194e-03
4.220000e+00 4.989777e-03
4.230000e+00 4.948040e-03
4.240000e+00 4.906072e-03
4.250000e+00 4.863957e-03
4.260000e+00 4.821779e-03
4.270000e+00 4.779615e-03
4.280000e+00 4.737545e-03
4.290000e+00 4.695640e-03
4.300000e+00 4.653971e-03
4.310000e+00 4.612604e-03
4.320000e+00 4.571601e-03
4.330000e+00 4.531020e-03
4.340000e+00 4.490915e-03
4.350000e+00 4.451334e-03
4.360000e+00 4.412323e-03
4.370000e+00 4.373921e-03
4.380000e+00 4.336162e-03
4.390000e+00 4.299078e-03
4.400000e+00 4.262692e-03
4.410000e+00 4.227027e-03
4.420000e+00 4.192096e-03
4.430000e+00 4.157910e-03
4.440000e+00 4.124476e-03
4.450000e+00 4.091794e-03
4.460000e+00 4.059861e-03
4.470000e+00 4.028669e-03
4.480000e+00 3.998205e-03
4.490000e+00 3.968453e-03
4.500000e+00 3.939392e-03
4.510000e+00 3.910999e-03
4.520000e+00 3.883245e-03
4.530000e+00 3.856099e-03
4.540000e+00 3.829526e-03
4.550000e+00 3.803490e-03
4.560000e+00 3.777951e-03
4.570000e+00 3.752866e-03
4.580000e+00 3.728191e-03
4.590000e+00 3.703880e-03
4.600000e+00 3.679885e-03
4.610000e+00 3.656158e-03
4.620000e+00 3.632649e-03
4.630000e+00 3.609307e-03
4.640000e+00 3.586082e-03
4.650000e+00 3.562922e-03
4.660000e+00 3.539777e-03
4.670000e+00 3.516595e-03
4.680000e+00 3.493329e-03
4.690000e+00 3.469928e-03
4.700000e+00 3.446345e-03
4.710000e+00 3.422533e-03
4.720000e+00 3.398448e-03
4.730000e+00 3.374047e-03
4.740000e+00 3.349289e-03
4.750000e+00 3.324135e-03
4.760000e+00 3.298549e-03
4.770000e+00 3.272496e-03
4.780000e+00 3.245944e-03
4.790000e+00 3.218866e-03
4.800000e+00 3.191235e-03
4.810000e+00 3.163027e-03
4.820000e+00 3.134222e-03
4.830000e+00 3.104804e-03
4.840000e+00 3.074757e-03
4.850000e+00 3.044070e-03
4.860000e+00 3.012736e-03
4.870000e+00 2.980748e-03
4.880000e+00 2.948104e-03
4.890000e+00 2.914806e-03
4.900000e+00 2.880857e-03
4.910000e+00 2.846263e-03
4.920000e+00 2.811033e-03
4.930000e+00 2.775180e-03
4.940000e+00 2.738718e-03
4.950000e+00 2.701663e-03
4.960000e+00 2.664037e-03
4.970000e+00 2.625859e-03
4.980000e+00 2.587156e-03
4.990000e+00 2.547951e-03
5.000000e+00 2.508274e-03
5.010000e+00 2.468154e-03
5.020000e+00 2.427623e-03
5.030000e+00 2.386713e-03
5.040000e+00 2.345460e-03
5.050000e+00 2.303899e-03
5.060000e+00 2.262067e-03
5.070000e+00 2.220001e-03
5.080000e+00 2.177742e-03
5.090000e+00 2.135327e-03
5.100000e+00 2.092797e-03
5.110000e+00 2.050193e-03
5.120000e+00 2.007556e-03
5.130000e+00 1.964927e-03
5.140000e+00 1.922347e-03
5.150000e+00 1.879857e-03
5.160000e+00 1.837499e-03
5.170000e+00 1.795314e-03
5.180000e+00 1.753343e-03
5.190000e+00 1.711625e-03
5.200000e+00 1.670200e-03
5.210000e+00 1.629108e-03
5.220000e+00 1.588386e-03
5.230000e+00 1.548073e-03
5.240000e+00 1.508204e-03
5.250000e+00 1.468817e-03
5.260000e+00 1.429944e-03
5.270000e+00 1.391621e-03
5.280000e+00 1.353878e-03
5.290000e+00 1.316748e-03
5.300000e+00 1.280260e-03
5.310000e+00 1.244442e-03
5.320000e+00 1.209322e-03
5.330000e+00 1.174924e-03
5.340000e+00 1.141272e-03
5.350000e+00 1.108390e-03
5.360000e+00 1.076296e-03
5.370000e+00 1.045010e-03
5.380000e+00 1.014549e-03
5.390000e+00 9.849274e-04
5.400000e+00 9.561592e-04
5.410000e+00 9.282555e-04
5.420000e+00 9.012255e-04
5.430000e+00 8.750767e-04
5.440000e+00 8.498144e-04
5.450000e+00 8.254420e-04
5.460000e+00 8.019605e-04
5.470000e+00 7.793693e-04
5.480000e+00 7.576652e-04
5.490000e+00 7.368432e-04
5.500000e+00 7.168960e-04
5.510000e+00 6.978143e-04
5.520000e+00 6.795866e-04
5.530000e+00 6.621993e-04
5.540000e+00 6.456368e-04
5.550000e+00 6.298811e-04
5.560000e+00 6.149127e-04
5.570000e+00 6.007097e-04
5.580000e+00 5.872484e-04
5.590000e+00 5.745032e-04
5.600000e+00 5.624465e-04
5.610000e+00 5.510494e-04
5.620000e+00 5.402807e-04
5.630000e+00 5.301082e-04
5.640000e+00 5.204978e-04
5.650000e+00 5.114141e-04
5.660000e+00 5.028206e-04
5.670000e+00 4.946794e-04
5.680000e+00 4.869517e-04
5.690000e+00 4.795977e-04
5.700000e+00 4.725771e-04
5.710000e+00 4.658486e-04
5.720000e+00 4.593708e-04
5.730000e+00 4.531017e-04
5.740000e+00 4.469994e-04
5.750000e+00 4.410220e-04
5.760000e+00 4.351275e-04
5.770000e+00 4.292748e-04
5.780000e+00 4.234229e-04
5.790000e+00 4.175318e-04
5.800000e+00 4.115623e-04
5.810000e+00 4.054762e-04
5.820000e+00 3.992368e-04
5.830000e+00 3.928086e-04
5.840000e+00 3.861579e-04
5.850000e+00 3.792525e-04
5.860000e+00 3.720624e-04
5.870000e+00 3.645595e-04
5.880000e+00 3.567181e-04
5.890000e+00 3.485146e-04
5.900000e+00 3.399282e-04
5.910000e+00 3.309404e-04
5.920000e+00 3.215357e-04
5.930000e+00 3.117012e-04
5.940000e+00 3.014270e-04
5.950000e+00 2.907063e-04
5.960000e+00 2.795350e-04
5.970000e+00 2.679125e-04
5.980000e+00 2.558409e-04
5.990000e+00 2.433257e-04
6.000000e+00 2.303755e-04
6.010000e+00 2.170019e-04
6.020000e+00 2.032196e-04
6.030000e+00 1.890466e-04
6.040000e+00 1.745035e-04
6.050000e+00 1.596141e-04
6.060000e+00 1.444050e-04
6.070000e+00 1.289053e-04
6.080000e+00 1.131470e-04
6.090000e+00 9.716446e-05
6.100000e+00 8.099436e-05
6.110000e+00 6.467561e-05
6.120000e+00 4.824913e-05
6.130000e+00 3.175771e-05
6.140000e+00 1.524579e-05
6.150000e+00 -1.240708e-06
6.160000e+00 -1.765459e-05
6.170000e+00 -3.394759e-05
6.180000e+00 -5.007058e-05
6.190000e+00 -6.597381e-05
6.200000e+00 -8.160709e-05
6.210000e+00 -9.692004e-05
6.220000e+00 -1.118623e-04
6.230000e+00 -1.263838e-04
6.240000e+00 -1.404348e-04
6.250000e+00 -1.539665e-04
6.260000e+00 -1.669307e-04
6.270000e+00 -1.792805e-04
6.280000e+00 -1.909703e-04
6.290000e+00 -2.019560e-04
6.300000e+00 -2.121951e-04
6.310000e+00 -2.216471e-04
6.320000e+00 -2.302735e-04
6.330000e+00 -2.380380e-04
6.340000e+00 -2.449067e-04
6.350000e+00 -2.508481e-04
6.360000e+00 -2.558335e-04
6.370000e+00 -2.598368e-04
6.380000e+00 -2.628347e-04
6.390000e+00 -2.648068e-04
6.400000e+00 -2.657359e-04
6.410000e+00 -2.656074e-04
6.420000e+00 -2.644103e-04
6.430000e+00 -2.621363e-04
6.440000e+00 -2.587804e-04
6.450000e+00 -2.543407e-04
6.460000e+00 -2.488183e-04
6.470000e+00 -2.422175e-04
6.480000e+00 -2.345454e-04
6.490000e+00 -2.258124e-04
6.500000e+00 -2.160316e-04
6.510000e+00 -2.052190e-04
6.520000e+00 -1.933931e-04
6.530000e+00 -1.805753e-04
6.540000e+00 -1.667896e-04
6.550000e+00 -1.520620e-04
6.560000e+00 -1.364212e-04
6.570000e+00 -1.198979e-04
6.580000e+00 -1.025246e-04
6.590000e+00 -8.433591e-05
6.600000e+00 -6.536810e-05
6.610000e+00 -4.565894e-05
6.620000e+00 -2.524763e-05
6.630000e+00 -4.174586e-06
6.640000e+00 1.751868e-05
6.650000e+00 3.978976e-05
6.660000e+00 6.259548e-05
6.670000e+00 8.589208e-05
6.680000e+00 1.096354e-04
6.690000e+00 1.337808e-04
6.700000e+00 1.582839e-04
6.710000e+00 1.831000e-04
6.720000e+00 2.081847e-04
6.730000e+00 2.334939e-04
6.740000e+00 2.589841e-04
6.750000e+00 2.846120e-04
6.760000e+00 3.103355e-04
6.770000e+00 3.361129e-04
6.780000e+00 3.619037e-04
6.790000e+00 3.876684e-04
6.800000e+00 4.133687e-04
6.810000e+00 4.389673e-04
6.820000e+00 4.644287e-04
6.830000e+00 4.897184e-04
6.840000e+00 5.148036e-04
6.850000e+00 5.396531e-04
6.860000e+00 5.642372e-04
6.870000e+00 5.885282e-04
6.880000e+00 6.124999e-04
6.890000e+00 6.361279e-04
6.900000e+00 6.593898e-04
6.910000e+00 6.822651e-04
6.920000e+00 7.047351e-04
6.930000e+00 7.267832e-04
6.940000e+00 7.483947e-04
6.950000e+00 7.695569e-04
6.960000e+00 7.902593e-04
6.970000e+00 8.104932e-04
6.980000e+00 8.302522e-04
6.990000e+00 8.495317e-04
7.000000e+00 8.683295e-04
7.010000e+00 8.866451e-04
7.020000e+00 9.044805e-04
7.030000e+00 9.218394e-04
7.040000e+00 9.387277e-04
7.050000e+00 9.551534e-04
7.060000e+00 9.711266e-04
7.070000e+00 9.866592e-04
7.080000e+00 1.001765e-03
7.090000e+00 1.016461e-03
7.100000e+00 1.030764e-03
7.110000e+00 1.044695e-03
7.120000e+00 1.058275e-03
7.130000e+00 1.071528e-03
7.140000e+00 1.084480e-03
7.150000e+00 1.097157e-03
7.160000e+00 1.109589e-03
7.170000e+00 1.121807e-03
7.180000e+00 1.133843e-03
7.190000e+00 1.145730e-03
7.200000e+00 1.157504e-03
7.210000e+00 1.169203e-03
7.220000e+00 1.180863e-03
7.230000e+00 1.192524e-03
7.240000e+00 1.204226e-03
7.250000e+00 1.216012e-03
7.260000e+00 1.227923e-03
7.270000e+00 1.240002e-03
7.280000e+00 1.252293e-03
7.290000e+00 1.264841e-03
7.300000e+00 1.277690e-03
7.310000e+00 1.290886e-03
7.320000e+00 1.304473e-03
7.330000e+00 1.318497e-03
7.340000e+00 1.333002e-03
7.350000e+00 1.348034e-03
7.360000e+00 1.363636e-03
7.370000e+00 1.379851e-03
7.380000e+00 1.396722e-03
7.390000e+00 1.414291e-03
7.400000e+00 1.432597e-03
7.410000e+00 1.451680e-03
7.420000e+00 1.471575e-03
7.430000e+00 1.492320e-03
7.440000e+00 1.513946e-03
7.450000e+00 1.536485e-03
7.460000e+00 1.559966e-03
7.470000e+00 1.584414e-03
7.480000e+00 1.609854e-03
7.490000e+00 1.636306e-03
7.500000e+00 1.663787e-03
7.510000e+00 1.692312e-03
7.520000e+00 1.721891e-03
7.530000e+00 1.752533e-03
7.540000e+00 1.784240e-03
7.550000e+00 1.817012e-03
7.560000e+00 1.850847e-03
7.570000e+00 1.885735e-03
7.580000e+00 1.921665e-03
7.590000e+00 1.958621e-03
7.600000e+00 1.996583e-03
7.610000e+00 2.035526e-03
7.620000e+00 2.075421e-03
7.630000e+00 2.116235e-03
7.640000e+00 2.157932e-03
7.650000e+00 2.200469e-03
7.660000e+00 2.243800e-03
7.670000e+00 2.287877e-03
7.680000e+00 2.332644e-03
7.690000e+00 2.378043e-03
7.700000e+00 2.424013e-03
7.710000e+00 2.470489e-03
7.720000e+00 2.517400e-03
7.730000e+00 2.564673e-03
7.740000e+00 2.612234e-03
7.750000e+00 2.660001e-03
7.760000e+00 2.707894e-03
7.770000e+00 2.755827e-03
7.780000e+00 2.803712e-03
7.790000e+00 2.851460e-03
7.800000e+00 2.898979e-03
7.810000e+00 2.946175e-03
7.820000e+00 2.992953e-03
7.830000e+00 3.039216e-03
7.840000e+00 3.084868e-03
7.850000e+00 3.129810e-03
7.860000e+00 3.173943e-03
7.870000e+00 3.217168e-03
7.880000e+00 3.259388e-03
7.890000e+00 3.300503e-03
7.900000e+00 3.340415e-03
7.910000e+00 3.379030e-03
7.920000e+00 3.416250e-03
7.930000e+00 3.451983e-03
7.940000e+00 3.486135e-03
7.950000e+00 3.518618e-03
7.960000e+00 3.549343e-03
7.970000e+00 3.578226e-03
7.980000e+00 3.605183e-03
7.990000e+00 3.630135e-03
8.000000e+00 3.653005e-03
8.010000e+00 3.673722e-03
8.020000e+00 3.692215e-03
8.030000e+00 3.708419e-03
8.040000e+00 3.722272e-03
8.050000e+00 3.733717e-03
8.060000e+00 3.742698e-03
8.070000e+00 3.749168e-03
8.080000e+00 3.753081e-03
8.090000e+00 3.754397e-03
8.100000e+00 3.753079e-03
8.110000e+00 3.749096e-03
8.120000e+00 3.742420e-03
8.130000e+00 3.733030e-03
8.140000e+00 3.720908e-03
8.150000e+00 3.706040e-03
8.160000e+00 3.688418e-03
8.170000e+00 3.668037e-03
8.180000e+00 3.644899e-03
8.190000e+00 3.619008e-03
8.200000e+00 3.590373e-03
8.210000e+00 3.559008e-03
8.220000e+00 3.524932e-03
8.230000e+00 3.488165e-03
8.240000e+00 3.448735e-03
8.250000e+00 3.406671e-03
8.260000e+00 3.362006e-03
8.270000e+00 3.314780e-03
8.280000e+00 3.265033e-03
8.290000e+00 3.212809e-03
8.300000e+00 3.158157e-03
8.310000e+00 3.101128e-03
8.320000e+00 3.041777e-03
8.330000e+00 2.980161e-03
8.340000e+00 2.916340e-03
8.350000e+00 2.850378e-03
8.360000e+00 2.782340e-03
8.370000e+00 2.712294e-03
8.380000e+00 2.640311e-03
8.390000e+00 2.566463e-03
8.400000e+00 2.490826e-03
8.410000e+00 2.413475e-03
8.420000e+00 2.334491e-03
8.430000e+00 2.253952e-03
8.440000e+00 2.171942e-03
8.450000e+00 2.088543e-03
8.460000e+00 2.003842e-03
8.470000e+00 1.917924e-03
8.480000e+00 1.830878e-03
8.490000e+00 1.742791e-03
8.500000e+00 1.653754e-03
8.510000e+00 1.563857e-03
8.520000e+00 1.473192e-03
8.530000e+00 1.381851e-03
8.540000e+00 1.289927e-03
8.550000e+00 1.197514e-03
8.560000e+00 1.104705e-03
8.570000e+00 1.011595e-03
8.580000e+00 9.182778e-04
8.590000e+00 8.248477e-04
8.600000e+00 7.313996e-04
8.610000e+00 6.380276e-04
8.620000e+00 5.448261e-04
8.630000e+00 4.518887e-04
8.640000e+00 3.593087e-04
8.650000e+00 2.671790e-04
8.660000e+00 1.755915e-04
8.670000e+00 8.463737e-05
8.680000e+00 -5.593362e-06
8.690000e+00 -9.501167e-05
8.700000e+00 -1.835299e-04
8.710000e+00 -2.710618e-04
8.720000e+00 -3.575227e-04
8.730000e+00 -4.428298e-04
8.740000e+00 -5.269021e-04
8.750000e+00 -6.096607e-04
8.760000e+00 -6.910289e-04
8.770000e+00 -7.709326e-04
8.780000e+00 -8.493001e-04
8.790000e+00 -9.260624e-04
8.800000e+00 -1.001154e-03
8.810000e+00 -1.074511e-03
8.820000e+00 -1.146074e-03
8.830000e+00 -1.215787e-03
8.840000e+00 -1.283596e-03
8.850000e+00 -1.349454e-03
8.860000e+00 -1.413314e-03
8.870000e+00 -1.475135e-03
8.880000e+00 -1.534880e-03
8.890000e+00 -1.592516e-03
8.900000e+00 -1.648014e-03
8.910000e+00 -1.701349e-03
8.920000e+00 -1.752502e-03
8.930000e+00 -1.801458e-03
8.940000e+00 -1.848205e-03
8.950000e+00 -1.892738e-03
8.960000e+00 -1.935055e-03
8.970000e+00 -1.975160e-03
8.980000e+00 -2.013061e-03
8.990000e+00 -2.048771e-03
9.000000e+00 -2.082307e-03
9.010000e+00 -2.113691e-03
9.020000e+00 -2.142951e-03
9.030000e+00 -2.170116e-03
9.040000e+00 -2.195223e-03
9.050000e+00 -2.218312e-03
9.060000e+00 -2.239426e-03
9.070000e+00 -2.258613e-03
9.080000e+00 -2.275924e-03
9.090000e+00 -2.291416e-03
9.100000e+00 -2.305146e-03
9.110000e+00 -2.317176e-03
9.120000e+00 -2.327572e-03
9.130000e+00 -2.336400e-03
9.140000e+00 -2.343730e-03
9.150000e+00 -2.349635e-03
9.160000e+00 -2.354189e-03
9.170000e+00 -2.357467e-03
9.180000e+00 -2.359546e-03
9.190000e+00 -2.360504e-03
9.200000e+00 -2.360419e-03
9.210000e+00 -2.359371e-03
9.220000e+00 -2.357439e-03
9.230000e+00 -2.354702e-03
9.240000e+00 -2.351237e-03
9.250000e+00 -2.347123e-03
9.260000e+00 -2.342435e-03
9.270000e+00 -2.337248e-03
9.280000e+00 -2.331636e-03
9.290000e+00 -2.325668e-03
9.300000e+00 -2.319413e-03
9.310000e+00 -2.312938e-03
9.320000e+00 -2.306304e-03
9.330000e+00 -2.299572e-03
9.340000e+00 -2.292797e-03
9.350000e+00 -2.286032e-03
9.360000e+00 -2.279326e-03
9.370000e+00 -2.272724e-03
9.380000e+00 -2.266265e-03
9.390000e+00 -2.259986e-03
9.400000e+00 -2.253918e-03
9.410000e+00 -2.248088e-03
9.420000e+00 -2.242519e-03
9.430000e+00 -2.237228e-03
9.440000e+00 -2.232227e-03
9.450000e+00 -2.227524e-03
9.460000e+00 -2.223122e-03
9.470000e+00 -2.219018e-03
9.480000e+00 -2.215207e-03
9.490000e+00 -2.211675e-03
9.500000e+00 -2.208408e-03
9.510000e+00 -2.205383e-03
9.520000e+00 -2.202576e-03
9.530000e+00 -2.199957e-03
9.540000e+00 -2.197492e-03
9.550000e+00 -2.195143e-03
9.560000e+00 -2.192868e-03
9.570000e+00 -2.190623e-03
9.580000e+00 -2.188357e-03
9.590000e+00 -2.186021e-03
9.600000e+00 -2.183558e-03
9.610000e+00 -2.180912e-03
9.620000e+00 -2.178023e-03
9.630000e+00 -2.174830e-03
9.640000e+00 -2.171269e-03
9.650000e+00 -2.167275e-03
9.660000e+00 -2.162783e-03
9.670000e+00 -2.157725e-03
9.680000e+00 -2.152034e-03
9.690000e+00 -2.145642e-03
9.700000e+00 -2.138483e-03
9.710000e+00 -2.130488e-03
9.720000e+00 -2.121593e-03
9.730000e+00 -2.111731e-03
9.740000e+00 -2.100838e-03
9.750000e+00 -2.088853e-03
9.760000e+00 -2.075714e-03
9.770000e+00 -2.061365e-03
9.780000e+00 -2.045749e-03
9.790000e+00 -2.028813e-03
9.800000e+00 -2.010508e-03
9.810000e+00 -1.990787e-03
9.820000e+00 -1.969607e-03
9.830000e+00 -1.946928e-03
9.840000e+00 -1.922715e-03
9.850000e+00 -1.896937e-03
9.860000e+00 -1.869567e-03
9.870000e+00 -1.840581e-03
9.880000e+00 -1.809962e-03
9.890000e+00 -1.777696e-03
9.900000e+00 -1.743775e-03
9.910000e+00 -1.708195e-03
9.920000e+00 -1.670957e-03
9.930000e+00 -1.632067e-03
9.940000e+00 -1.591537e-03
9.950000e+00 -1.549384e-03
9.960000e+00 -1.505627e-03
9.970000e+00 -1.460296e-03
9.980000e+00 -1.413420e-03
9.990000e+00 -1.365037e-03
1.000000e+01 -1.315188e-03
