# sigma2_v 3.444459735663536e+00
0.000000e+00 1.000000e+00
1.000000e-02 9.998278e-01
2.000000e-02 9.993113e-01
3.000000e-02 9.984512e-01
4.000000e-02 9.972482e-01
5.000000e-02 9.957036e-01
6.000000e-02 9.938191e-01
7.000000e-02 9.915964e-01
8.000000e-02 9.890380e-01
9.000000e-02 9.861463e-01
1.000000e-01 9.829244e-01
1.100000e-01 9.793756e-01
1.200000e-01 9.755034e-01
1.300000e-01 9.713117e-01
1.400000e-01 9.668048e-01
1.500000e-01 9.619872e-01
1.600000e-01 9.568638e-01
1.700000e-01 9.514395e-01
1.800000e-01 9.457200e-01
1.900000e-01 9.397107e-01
2.000000e-01 9.334176e-01
2.100000e-01 9.268469e-01
2.200000e-01 9.200050e-01
2.300000e-01 9.128986e-01
2.400000e-01 9.055344e-01
2.500000e-01 8.979195e-01
2.600000e-01 8.900613e-01
2.700000e-01 8.819671e-01
2.800000e-01 8.736445e-01
2.900000e-01 8.651014e-01
3.000000e-01 8.563456e-01
3.100000e-01 8.473852e-01
3.200000e-01 8.382283e-01
3.300000e-01 8.288833e-01
3.400000e-01 8.193585e-01
3.500000e-01 8.096625e-01
3.600000e-01 7.998036e-01
3.700000e-01 7.897906e-01
3.800000e-01 7.796320e-01
3.900000e-01 7.693366e-01
4.000000e-01 7.589131e-01
4.100000e-01 7.483702e-01
4.200000e-01 7.377165e-01
4.300000e-01 7.269608e-01
4.400000e-01 7.161118e-01
4.500000e-01 7.051782e-01
4.600000e-01 6.941684e-01
4.700000e-01 6.830911e-01
4.800000e-01 6.719548e-01
4.900000e-01 6.607677e-01
5.000000e-01 6.495384e-01
5.100000e-01 6.382749e-01
5.200000e-01 6.269853e-01
5.300000e-01 6.156778e-01
5.400000e-01 6.043601e-01
5.500000e-01 5.930399e-01
5.600000e-01 5.817250e-01
5.700000e-01 5.704228e-01
5.800000e-01 5.591405e-01
5.900000e-01 5.478854e-01
6.000000e-01 5.366644e-01
6.100000e-01 5.254844e-01
6.200000e-01 5.143520e-01
6.300000e-01 5.032736e-01
6.400000e-01 4.922556e-01
6.500000e-01 4.813041e-01
6.600000e-01 4.704249e-01
6.700000e-01 4.596238e-01
6.800000e-01 4.489063e-01
6.900000e-01 4.382777e-01
7.000000e-01 4.277431e-01
7.100000e-01 4.173075e-01
7.200000e-01 4.069754e-01
7.300000e-01 3.967516e-01
7.400000e-01 3.866402e-01
7.500000e-01 3.766453e-01
7.600000e-01 3.667708e-01
7.700000e-01 3.570205e-01
7.800000e-01 3.473977e-01
7.900000e-01 3.379057e-01
8.000000e-01 3.285477e-01
8.100000e-01 3.193265e-01
8.200000e-01 3.102447e-01
8.300000e-01 3.013048e-01
8.400000e-01 2.925091e-01
8.500000e-01 2.838597e-01
8.600000e-01 2.753584e-01
8.700000e-01 2.670070e-01
8.800000e-01 2.588070e-01
8.900000e-01 2.507598e-01
9.000000e-01 2.428664e-01
9.100000e-01 2.351280e-01
9.200000e-01 2.275452e-01
9.300000e-01 2.201188e-01
9.400000e-01 2.128493e-01
9.500000e-01 2.057369e-01
9.600000e-01 1.987819e-01
9.700000e-01 1.919843e-01
9.800000e-01 1.853440e-01
9.900000e-01 1.788607e-01
1.000000e+00 1.725340e-01
1.010000e+00 1.663634e-01
1.020000e+00 1.603483e-01
1.030000e+00 1.544878e-01
1.040000e+00 1.487810e-01
1.050000e+00 1.432270e-01
1.060000e+00 1.378246e-01
1.070000e+00 1.325726e-01
1.080000e+00 1.274697e-01
1.090000e+00 1.225143e-01
1.100000e+00 1.177051e-01
1.110000e+00 1.130404e-01
1.120000e+00 1.085185e-01
1.130000e+00 1.041376e-01
1.140000e+00 9.989589e-02
1.150000e+00 9.579148e-02
1.160000e+00 9.182237e-02
1.170000e+00 8.798651e-02
1.180000e+00 8.428181e-02
1.190000e+00 8.070611e-02
1.200000e+00 7.725722e-02
1.210000e+00 7.393287e-02
1.220000e+00 7.073080e-02
1.230000e+00 6.764865e-02
1.240000e+00 6.468409e-02
1.250000e+00 6.183471e-02
1.260000e+00 5.909810e-02
1.270000e+00 5.647182e-02
1.280000e+00 5.395341e-02
1.290000e+00 5.154039e-02
1.300000e+00 4.923028e-02
1.310000e+00 4.702058e-02
1.320000e+00 4.490879e-02
1.330000e+00 4.289239e-02
1.340000e+00 4.096889e-02
1.350000e+00 3.913578e-02
1.360000e+00 3.739055e-02
1.370000e+00 3.573072e-02
1.380000e+00 3.415382e-02
1.390000e+00 3.265737e-02
1.400000e+00 3.123893e-02
1.410000e+00 2.989607e-02
1.420000e+00 2.862637e-02
1.430000e+00 2.742746e-02
1.440000e+00 2.629697e-02
1.450000e+00 2.523256e-02
1.460000e+00 2.423194e-02
1.470000e+00 2.329283e-02
1.480000e+00 2.241299e-02
1.490000e+00 2.159022e-02
1.500000e+00 2.082234e-02
1.510000e+00 2.010723e-02
1.520000e+00 1.944280e-02
1.530000e+00 1.882699e-02
1.540000e+00 1.825779e-02
1.550000e+00 1.773325e-02
1.560000e+00 1.725143e-02
1.570000e+00 1.681046e-02
1.580000e+00 1.640851e-02
1.590000e+00 1.604379e-02
1.600000e+00 1.571458e-02
1.610000e+00 1.541917e-02
1.620000e+00 1.515593e-02
1.630000e+00 1.492327e-02
1.640000e+00 1.471964e-02
1.650000e+00 1.454356e-02
1.660000e+00 1.439357e-02
1.670000e+00 1.426830e-02
1.680000e+00 1.416638e-02
1.690000e+00 1.408654e-02
1.700000e+00 1.402752e-02
1.710000e+00 1.398814e-02
1.720000e+00 1.396724e-02
1.730000e+00 1.396373e-02
1.740000e+00 1.397655e-02
1.750000e+00 1.400472e-02
1.760000e+00 1.404726e-02
1.770000e+00 1.410328e-02
1.780000e+00 1.417191e-02
1.790000e+00 1.425233e-02
1.800000e+00 1.434376e-02
1.810000e+00 1.444548e-02
1.820000e+00 1.455679e-02
1.830000e+00 1.467704e-02
1.840000e+00 1.480563e-02
1.850000e+00 1.494197e-02
1.860000e+00 1.508554e-02
1.870000e+00 1.523583e-02
1.880000e+00 1.539238e-02
1.890000e+00 1.555475e-02
1.900000e+00 1.572256e-02
1.910000e+00 1.589542e-02
1.920000e+00 1.607299e-02
1.930000e+00 1.625498e-02
1.940000e+00 1.644107e-02
1.950000e+00 1.663103e-02
1.960000e+00 1.682460e-02
1.970000e+00 1.702156e-02
1.980000e+00 1.722173e-02
1.990000e+00 1.742491e-02
2.000000e+00 1.763096e-02
2.010000e+00 1.783972e-02
2.020000e+00 1.805106e-02
2.030000e+00 1.826486e-02
2.040000e+00 1.848101e-02
2.050000e+00 1.869941e-02
2.060000e+00 1.891998e-02
2.070000e+00 1.914263e-02
2.080000e+00 1.936727e-02
2.090000e+00 1.959385e-02
2.100000e+00 1.982227e-02
2.110000e+00 2.005249e-02
2.120000e+00 2.028441e-02
2.130000e+00 2.051799e-02
2.140000e+00 2.075313e-02
2.150000e+00 2.098978e-02
2.160000e+00 2.122784e-02
2.170000e+00 2.146724e-02
2.180000e+00 2.170788e-02
2.190000e+00 2.194968e-02
2.200000e+00 2.219251e-02
2.210000e+00 2.243628e-02
2.220000e+00 2.268085e-02
2.230000e+00 2.292610e-02
2.240000e+00 2.317189e-02
2.250000e+00 2.341806e-02
2.260000e+00 2.366444e-02
2.270000e+00 2.391087e-02
2.280000e+00 2.415716e-02
2.290000e+00 2.440310e-02
2.300000e+00 2.464848e-02
2.310000e+00 2.489309e-02
2.320000e+00 2.513668e-02
2.330000e+00 2.537900e-02
2.340000e+00 2.561979e-02
2.350000e+00 2.585879e-02
2.360000e+00 2.609569e-02
2.370000e+00 2.633021e-02
2.380000e+00 2.656204e-02
2.390000e+00 2.679086e-02
2.400000e+00 2.701632e-02
2.410000e+00 2.723810e-02
2.420000e+00 2.745585e-02
2.430000e+00 2.766919e-02
2.440000e+00 2.787776e-02
2.450000e+00 2.808119e-02
2.460000e+00 2.827910e-02
2.470000e+00 2.847108e-02
2.480000e+00 2.865674e-02
2.490000e+00 2.883569e-02
2.500000e+00 2.900752e-02
2.510000e+00 2.917181e-02
2.520000e+00 2.932815e-02
2.530000e+00 2.947615e-02
2.540000e+00 2.961537e-02
2.550000e+00 2.974540e-02
2.560000e+00 2.986584e-02
2.570000e+00 2.997628e-02
2.580000e+00 3.007630e-02
2.590000e+00 3.016551e-02
2.600000e+00 3.024351e-02
2.610000e+00 3.030990e-02
2.620000e+00 3.036431e-02
2.630000e+00 3.040636e-02
2.640000e+00 3.043567e-02
2.650000e+00 3.045189e-02
2.660000e+00 3.045468e-02
2.670000e+00 3.044370e-02
2.680000e+00 3.041863e-02
2.690000e+00 3.037915e-02
2.700000e+00 3.032498e-02
2.710000e+00 3.025583e-02
2.720000e+00 3.017144e-02
2.730000e+00 3.007156e-02
2.740000e+00 2.995596e-02
2.750000e+00 2.982444e-02
2.760000e+00 2.967679e-02
2.770000e+00 2.951284e-02
2.780000e+00 2.933243e-02
2.790000e+00 2.913544e-02
2.800000e+00 2.892175e-02
2.810000e+00 2.869127e-02
2.820000e+00 2.844393e-02
2.830000e+00 2.817968e-02
2.840000e+00 2.789848e-02
2.850000e+00 2.760035e-02
2.860000e+00 2.728531e-02
2.870000e+00 2.695338e-02
2.880000e+00 2.660465e-02
2.890000e+00 2.623919e-02
2.900000e+00 2.585713e-02
2.910000e+00 2.545860e-02
2.920000e+00 2.504376e-02
2.930000e+00 2.461279e-02
2.940000e+00 2.416590e-02
2.950000e+00 2.370333e-02
2.960000e+00 2.322531e-02
2.970000e+00 2.273214e-02
2.980000e+00 2.222410e-02
2.990000e+00 2.170151e-02
3.000000e+00 2.116472e-02
3.010000e+00 2.061409e-02
3.020000e+00 2.005000e-02
3.030000e+00 1.947286e-02
3.040000e+00 1.888308e-02
3.050000e+00 1.828111e-02
3.060000e+00 1.766741e-02
3.070000e+00 1.704245e-02
3.080000e+00 1.640674e-02
3.090000e+00 1.576077e-02
3.100000e+00 1.510509e-02
3.110000e+00 1.444023e-02
3.120000e+00 1.376675e-02
3.130000e+00 1.308521e-02
3.140000e+00 1.239619e-02
3.150000e+00 1.170030e-02
3.160000e+00 1.099813e-02
3.170000e+00 1.029030e-02
3.180000e+00 9.577424e-03
3.190000e+00 8.860134e-03
3.200000e+00 8.139067e-03
3.210000e+00 7.414864e-03
3.220000e+00 6.688172e-03
3.230000e+00 5.959640e-03
3.240000e+00 5.229922e-03
3.250000e+00 4.499671e-03
3.260000e+00 3.769544e-03
3.270000e+00 3.040195e-03
3.280000e+00 2.312276e-03
3.290000e+00 1.586440e-03
3.300000e+00 8.633322e-04
3.310000e+00 1.435966e-04
3.320000e+00 -5.721297e-04
3.330000e+00 -1.283216e-03
3.340000e+00 -1.989040e-03
3.350000e+00 -2.688985e-03
3.360000e+00 -3.382448e-03
3.370000e+00 -4.068833e-03
3.380000e+00 -4.747558e-03
3.390000e+00 -5.418050e-03
3.400000e+00 -6.079752e-03
3.410000e+00 -6.732121e-03
3.420000e+00 -7.374626e-03
3.430000e+00 -8.006755e-03
3.440000e+00 -8.628011e-03
3.450000e+00 -9.237913e-03
3.460000e+00 -9.836000e-03
3.470000e+00 -1.042183e-02
3.480000e+00 -1.099497e-02
3.490000e+00 -1.155503e-02
3.500000e+00 -1.210162e-02
3.510000e+00 -1.263437e-02
3.520000e+00 -1.315294e-02
3.530000e+00 -1.365702e-02
3.540000e+00 -1.414630e-02
3.550000e+00 -1.462050e-02
3.560000e+00 -1.507939e-02
3.570000e+00 -1.552271e-02
3.580000e+00 -1.595028e-02
3.590000e+00 -1.636190e-02
3.600000e+00 -1.675742e-02
3.610000e+00 -1.713669e-02
3.620000e+00 -1.749961e-02
3.630000e+00 -1.784608e-02
3.640000e+00 -1.817604e-02
3.650000e+00 -1.848945e-02
3.660000e+00 -1.878629e-02
3.670000e+00 -1.906655e-02
3.680000e+00 -1.933026e-02
3.690000e+00 -1.957748e-02
3.700000e+00 -1.980826e-02
3.710000e+00 -2.002270e-02
3.720000e+00 -2.022092e-02
3.730000e+00 -2.040304e-02
3.740000e+00 -2.056921e-02
3.750000e+00 -2.071961e-02
3.760000e+00 -2.085442e-02
3.770000e+00 -2.097386e-02
3.780000e+00 -2.107814e-02
3.790000e+00 -2.116751e-02
3.800000e+00 -2.124223e-02
3.810000e+00 -2.130256e-02
3.820000e+00 -2.134880e-02
3.830000e+00 -2.138124e-02
3.840000e+00 -2.140019e-02
3.850000e+00 -2.140599e-02
3.860000e+00 -2.139895e-02
3.870000e+00 -2.137943e-02
3.880000e+00 -2.134779e-02
3.890000e+00 -2.130437e-02
3.900000e+00 -2.124955e-02
3.910000e+00 -2.118370e-02
3.920000e+00 -2.110720e-02
3.930000e+00 -2.102044e-02
3.940000e+00 -2.092380e-02
3.950000e+00 -2.081766e-02
3.960000e+00 -2.070242e-02
3.970000e+00 -2.057847e-02
3.980000e+00 -2.044619e-02
3.990000e+00 -2.030598e-02
4.000000e+00 -2.015821e-02
4.010000e+00 -2.000327e-02
4.020000e+00 -1.984154e-02
4.030000e+00 -1.967339e-02
4.040000e+00 -1.949918e-02
4.050000e+00 -1.931928e-02
4.060000e+00 -1.913404e-02
4.070000e+00 -1.894380e-02
4.080000e+00 -1.874890e-02
4.090000e+00 -1.854966e-02
4.100000e+00 -1.834641e-02
4.110000e+00 -1.813943e-02
4.120000e+00 -1.792904e-02
4.130000e+00 -1.771550e-02
4.140000e+00 -1.749910e-02
4.150000e+00 -1.728008e-02
4.160000e+00 -1.705870e-02
4.170000e+00 -1.683518e-02
4.180000e+00 -1.660973e-02
4.190000e+00 -1.638257e-02
4.200000e+00 -1.615388e-02
4.210000e+00 -1.592383e-02
4.220000e+00 -1.569258e-02
4.230000e+00 -1.546028e-02
4.240000e+00 -1.522706e-02
4.250000e+00 -1.499303e-02
4.260000e+00 -1.475829e-02
4.270000e+00 -1.452294e-02
4.280000e+00 -1.428703e-02
4.290000e+00 -1.405064e-02
4.300000e+00 -1.381379e-02
4.310000e+00 -1.357653e-02
4.320000e+00 -1.333886e-02
4.330000e+00 -1.310080e-02
4.340000e+00 -1.286233e-02
4.350000e+00 -1.262342e-02
4.360000e+00 -1.238405e-02
4.370000e+00 -1.214417e-02
4.380000e+00 -1.190373e-02
4.390000e+00 -1.166265e-02
4.400000e+00 -1.142086e-02
4.410000e+00 -1.117828e-02
4.420000e+00 -1.093481e-02
4.430000e+00 -1.069035e-02
4.440000e+00 -1.044480e-02
4.450000e+00 -1.019803e-02
4.460000e+00 -9.949935e-03
4.470000e+00 -9.700379e-03
4.480000e+00 -9.449236e-03
4.490000e+00 -9.196375e-03
4.500000e+00 -8.941659e-03
4.510000e+00 -8.684952e-03
4.520000e+00 -8.426116e-03
4.530000e+00 -8.165014e-03
4.540000e+00 -7.901509e-03
4.550000e+00 -7.635465e-03
4.560000e+00 -7.366749e-03
4.570000e+00 -7.095232e-03
4.580000e+00 -6.820787e-03
4.590000e+00 -6.543294e-03
4.600000e+00 -6.262637e-03
4.610000e+00 -5.978706e-03
4.620000e+00 -5.691401e-03
4.630000e+00 -5.400627e-03
4.640000e+00 -5.106299e-03
4.650000e+00 -4.808339e-03
4.660000e+00 -4.506682e-03
4.670000e+00 -4.201272e-03
4.680000e+00 -3.892065e-03
4.690000e+00 -3.579026e-03
4.700000e+00 -3.262137e-03
4.710000e+00 -2.941390e-03
4.720000e+00 -2.616789e-03
4.730000e+00 -2.288355e-03
4.740000e+00 -1.956121e-03
4.750000e+00 -1.620136e-03
4.760000e+00 -1.280463e-03
4.770000e+00 -9.371800e-04
4.780000e+00 -5.903808e-04
4.790000e+00 -2.401748e-04
4.800000e+00 1.133128e-04
4.810000e+00 4.699408e-04
4.820000e+00 8.295525e-04
4.830000e+00 1.191975e-03
4.840000e+00 1.557019e-03
4.850000e+00 1.924480e-03
4.860000e+00 2.294138e-03
4.870000e+00 2.665757e-03
4.880000e+00 3.039086e-03
4.890000e+00 3.413858e-03
4.900000e+00 3.789793e-03
4.910000e+00 4.166596e-03
4.920000e+00 4.543956e-03
4.930000e+00 4.921553e-03
4.940000e+00 5.299050e-03
4.950000e+00 5.676099e-03
4.960000e+00 6.052341e-03
4.970000e+00 6.427405e-03
4.980000e+00 6.800908e-03
4.990000e+00 7.172461e-03
5.000000e+00 7.541662e-03
5.010000e+00 7.908103e-03
5.020000e+00 8.271367e-03
5.030000e+00 8.631032e-03
5.040000e+00 8.986668e-03
5.050000e+00 9.337843e-03
5.060000e+00 9.684117e-03
5.070000e+00 1.002505e-02
5.080000e+00 1.036020e-02
5.090000e+00 1.068912e-02
5.100000e+00 1.101137e-02
5.110000e+00 1.132651e-02
5.120000e+00 1.163408e-02
5.130000e+00 1.193366e-02
5.140000e+00 1.222481e-02
5.150000e+00 1.250709e-02
5.160000e+00 1.278008e-02
5.170000e+00 1.304337e-02
5.180000e+00 1.329654e-02
5.190000e+00 1.353919e-02
5.200000e+00 1.377093e-02
5.210000e+00 1.399138e-02
5.220000e+00 1.420016e-02
5.230000e+00 1.439693e-02
5.240000e+00 1.458133e-02
5.250000e+00 1.475304e-02
5.260000e+00 1.491174e-02
5.270000e+00 1.505713e-02
5.280000e+00 1.518894e-02
5.290000e+00 1.530690e-02
5.300000e+00 1.541075e-02
5.310000e+00 1.550028e-02
5.320000e+00 1.557528e-02
5.330000e+00 1.563555e-02
5.340000e+00 1.568094e-02
5.350000e+00 1.571129e-02
5.360000e+00 1.572648e-02
5.370000e+00 1.572641e-02
5.380000e+00 1.571100e-02
5.390000e+00 1.568019e-02
5.400000e+00 1.563396e-02
5.410000e+00 1.557228e-02
5.420000e+00 1.549517e-02
5.430000e+00 1.540267e-02
5.440000e+00 1.529484e-02
5.450000e+00 1.517177e-02
5.460000e+00 1.503356e-02
5.470000e+00 1.488035e-02
5.480000e+00 1.471229e-02
5.490000e+00 1.452957e-02
5.500000e+00 1.433238e-02
5.510000e+00 1.412096e-02
5.520000e+00 1.389555e-02
5.530000e+00 1.365643e-02
5.540000e+00 1.340389e-02
5.550000e+00 1.313824e-02
5.560000e+00 1.285984e-02
5.570000e+00 1.256903e-02
5.580000e+00 1.226619e-02
5.590000e+00 1.195173e-02
5.600000e+00 1.162606e-02
5.610000e+00 1.128962e-02
5.620000e+00 1.094286e-02
5.630000e+00 1.058626e-02
5.640000e+00 1.022030e-02
5.650000e+00 9.845489e-03
5.660000e+00 9.462343e-03
5.670000e+00 9.071394e-03
5.680000e+00 8.673189e-03
5.690000e+00 8.268284e-03
5.700000e+00 7.857249e-03
5.710000e+00 7.440662e-03
5.720000e+00 7.019112e-03
5.730000e+00 6.593196e-03
5.740000e+00 6.163518e-03
5.750000e+00 5.730689e-03
5.760000e+00 5.295325e-03
5.770000e+00 4.858047e-03
5.780000e+00 4.419478e-03
5.790000e+00 3.980246e-03
5.800000e+00 3.540978e-03
5.810000e+00 3.102301e-03
5.820000e+00 2.664845e-03
5.830000e+00 2.229234e-03
5.840000e+00 1.796092e-03
5.850000e+00 1.366039e-03
5.860000e+00 9.396900e-04
5.870000e+00 5.176536e-04
5.880000e+00 1.005333e-04
5.890000e+00 -3.110757e-04
5.900000e+00 -7.165863e-04
5.910000e+00 -1.115421e-03
5.920000e+00 -1.507012e-03
5.930000e+00 -1.890803e-03
5.940000e+00 -2.266250e-03
5.950000e+00 -2.632821e-03
5.960000e+00 -2.989997e-03
5.970000e+00 -3.337274e-03
5.980000e+00 -3.674164e-03
5.990000e+00 -4.000192e-03
6.000000e+00 -4.314903e-03
6.010000e+00 -4.617854e-03
6.020000e+00 -4.908625e-03
6.030000e+00 -5.186810e-03
6.040000e+00 -5.452023e-03
6.050000e+00 -5.703898e-03
6.060000e+00 -5.942087e-03
6.070000e+00 -6.166263e-03
6.080000e+00 -6.376120e-03
6.090000e+00 -6.571370e-03
6.100000e+00 -6.751749e-03
6.110000e+00 -6.917013e-03
6.120000e+00 -7.066939e-03
6.130000e+00 -7.201326e-03
6.140000e+00 -7.319996e-03
6.150000e+00 -7.422792e-03
6.160000e+00 -7.509578e-03
6.170000e+00 -7.580241e-03
6.180000e+00 -7.634691e-03
6.190000e+00 -7.672859e-03
6.200000e+00 -7.694697e-03
6.210000e+00 -7.700182e-03
6.220000e+00 -7.689309e-03
6.230000e+00 -7.662098e-03
6.240000e+00 -7.618587e-03
6.250000e+00 -7.558838e-03
6.260000e+00 -7.482934e-03
6.270000e+00 -7.390976e-03
6.280000e+00 -7.283089e-03
6.290000e+00 -7.159415e-03
6.300000e+00 -7.020117e-03
6.310000e+00 -6.865379e-03
6.320000e+00 -6.695402e-03
6.330000e+00 -6.510406e-03
6.340000e+00 -6.310630e-03
6.350000e+00 -6.096330e-03
6.360000e+00 -5.867782e-03
6.370000e+00 -5.625275e-03
6.380000e+00 -5.369118e-03
6.390000e+00 -5.099634e-03
6.400000e+00 -4.817164e-03
6.410000e+00 -4.522062e-03
6.420000e+00 -4.214697e-03
6.430000e+00 -3.895455e-03
6.440000e+00 -3.564731e-03
6.450000e+00 -3.222939e-03
6.460000e+00 -2.870500e-03
6.470000e+00 -2.507854e-03
6.480000e+00 -2.135447e-03
6.490000e+00 -1.753739e-03
6.500000e+00 -1.363202e-03
6.510000e+00 -9.643178e-04
6.520000e+00 -5.575773e-04
6.530000e+00 -1.434821e-04
6.540000e+00 2.774572e-04
6.550000e+00 7.047212e-04
6.560000e+00 1.137782e-03
6.570000e+00 1.576105e-03
6.580000e+00 2.019146e-03
6.590000e+00 2.466355e-03
6.600000e+00 2.917177e-03
6.610000e+00 3.371047e-03
6.620000e+00 3.827399e-03
6.630000e+00 4.285658e-03
6.640000e+00 4.745246e-03
6.650000e+00 5.205580e-03
6.660000e+00 5.666073e-03
6.670000e+00 6.126136e-03
6.680000e+00 6.585175e-03
6.690000e+00 7.042594e-03
6.700000e+00 7.497797e-03
6.710000e+00 7.950182e-03
6.720000e+00 8.399151e-03
6.730000e+00 8.844102e-03
6.740000e+00 9.284434e-03
6.750000e+00 9.719547e-03
6.760000e+00 1.014884e-02
6.770000e+00 1.057172e-02
6.780000e+00 1.098758e-02
6.790000e+00 1.139584e-02
6.800000e+00 1.179590e-02
6.810000e+00 1.218719e-02
6.820000e+00 1.256911e-02
6.830000e+00 1.294109e-02
6.840000e+00 1.330257e-02
6.850000e+00 1.365298e-02
6.860000e+00 1.399176e-02
6.870000e+00 1.431837e-02
6.880000e+00 1.463227e-02
6.890000e+00 1.493293e-02
6.900000e+00 1.521983e-02
6.910000e+00 1.549247e-02
6.920000e+00 1.575035e-02
6.930000e+00 1.599299e-02
6.940000e+00 1.621992e-02
6.950000e+00 1.643069e-02
6.960000e+00 1.662486e-02
6.970000e+00 1.680201e-02
6.980000e+00 1.696173e-02
6.990000e+00 1.710364e-02
7.000000e+00 1.722737e-02
7.010000e+00 1.733257e-02
7.020000e+00 1.741892e-02
7.030000e+00 1.748610e-02
7.040000e+00 1.753385e-02
7.050000e+00 1.756188e-02
7.060000e+00 1.756998e-02
7.070000e+00 1.755793e-02
7.080000e+00 1.752553e-02
7.090000e+00 1.747264e-02
7.100000e+00 1.739910e-02
7.110000e+00 1.730483e-02
7.120000e+00 1.718974e-02
7.130000e+00 1.705377e-02
7.140000e+00 1.689692e-02
7.150000e+00 1.671917e-02
7.160000e+00 1.652058e-02
7.170000e+00 1.630121e-02
7.180000e+00 1.606116e-02
7.190000e+00 1.580055e-02
7.200000e+00 1.551954e-02
7.210000e+00 1.521833e-02
7.220000e+00 1.489714e-02
7.230000e+00 1.455622e-02
7.240000e+00 1.419584e-02
7.250000e+00 1.381633e-02
7.260000e+00 1.341803e-02
7.270000e+00 1.300130e-02
7.280000e+00 1.256656e-02
7.290000e+00 1.211424e-02
7.300000e+00 1.164480e-02
7.310000e+00 1.115872e-02
7.320000e+00 1.065652e-02
7.330000e+00 1.013874e-02
7.340000e+00 9.605964e-03
7.350000e+00 9.058769e-03
7.360000e+00 8.497778e-03
7.370000e+00 7.923628e-03
7.380000e+00 7.336982e-03
7.390000e+00 6.738521e-03
7.400000e+00 6.128947e-03
7.410000e+00 5.508976e-03
7.420000e+00 4.879346e-03
7.430000e+00 4.240806e-03
7.440000e+00 3.594121e-03
7.450000e+00 2.940066e-03
7.460000e+00 2.279430e-03
7.470000e+00 1.613008e-03
7.480000e+00 9.416047e-04
7.490000e+00 2.660292e-04
7.500000e+00 -4.129042e-04
7.510000e+00 -1.094379e-03
7.520000e+00 -1.777577e-03
7.530000e+00 -2.461681e-03
7.540000e+00 -3.145877e-03
7.550000e+00 -3.829354e-03
7.560000e+00 -4.511307e-03
7.570000e+00 -5.190939e-03
7.580000e+00 -5.867462e-03
7.590000e+00 -6.540096e-03
7.600000e+00 -7.208078e-03
7.610000e+00 -7.870653e-03
7.620000e+00 -8.527087e-03
7.630000e+00 -9.176658e-03
7.640000e+00 -9.818665e-03
7.650000e+00 -1.045243e-02
7.660000e+00 -1.107728e-02
7.670000e+00 -1.169259e-02
7.680000e+00 -1.229773e-02
7.690000e+00 -1.289212e-02
7.700000e+00 -1.347518e-02
7.710000e+00 -1.404639e-02
7.720000e+00 -1.460523e-02
7.730000e+00 -1.515120e-02
7.740000e+00 -1.568387e-02
7.750000e+00 -1.620280e-02
7.760000e+00 -1.670760e-02
7.770000e+00 -1.719790e-02
7.780000e+00 -1.767338e-02
7.790000e+00 -1.813372e-02
7.800000e+00 -1.857867e-02
7.810000e+00 -1.900798e-02
7.820000e+00 -1.942145e-02
7.830000e+00 -1.981890e-02
7.840000e+00 -2.020020e-02
7.850000e+00 -2.056523e-02
7.860000e+00 -2.091392e-02
7.870000e+00 -2.124622e-02
7.880000e+00 -2.156211e-02
7.890000e+00 -2.186161e-02
7.900000e+00 -2.214477e-02
7.910000e+00 -2.241164e-02
7.920000e+00 -2.266235e-02
7.930000e+00 -2.289701e-02
7.940000e+00 -2.311578e-02
7.950000e+00 -2.331884e-02
7.960000e+00 -2.350639e-02
7.970000e+00 -2.367868e-02
7.980000e+00 -2.383594e-02
7.990000e+00 -2.397846e-02
8.000000e+00 -2.410652e-02
8.010000e+00 -2.422044e-02
8.020000e+00 -2.432055e-02
8.030000e+00 -2.440720e-02
8.040000e+00 -2.448075e-02
8.050000e+00 -2.454158e-02
8.060000e+00 -2.459008e-02
8.070000e+00 -2.462664e-02
8.080000e+00 -2.465167e-02
8.090000e+00 -2.466560e-02
8.100000e+00 -2.466885e-02
8.110000e+00 -2.466186e-02
8.120000e+00 -2.464505e-02
8.130000e+00 -2.461887e-02
8.140000e+00 -2.458375e-02
8.150000e+00 -2.454014e-02
8.160000e+00 -2.448848e-02
8.170000e+00 -2.442920e-02
8.180000e+00 -2.436274e-02
8.190000e+00 -2.428952e-02
8.200000e+00 -2.420998e-02
8.210000e+00 -2.412453e-02
8.220000e+00 -2.403357e-02
8.230000e+00 -2.393751e-02
8.240000e+00 -2.383674e-02
8.250000e+00 -2.373163e-02
8.260000e+00 -2.362255e-02
8.270000e+00 -2.350986e-02
8.280000e+00 -2.339390e-02
8.290000e+00 -2.327499e-02
8.300000e+00 -2.315345e-02
8.310000e+00 -2.302957e-02
8.320000e+00 -2.290365e-02
8.330000e+00 -2.277593e-02
8.340000e+00 -2.264667e-02
8.350000e+00 -2.251611e-02
8.360000e+00 -2.238445e-02
8.370000e+00 -2.225190e-02
8.380000e+00 -2.211864e-02
8.390000e+00 -2.198482e-02
8.400000e+00 -2.185059e-02
8.410000e+00 -2.171608e-02
8.420000e+00 -2.158140e-02
8.430000e+00 -2.144664e-02
8.440000e+00 -2.131188e-02
8.450000e+00 -2.117717e-02
8.460000e+00 -2.104257e-02
8.470000e+00 -2.090809e-02
8.480000e+00 -2.077374e-02
8.490000e+00 -2.063953e-02
8.500000e+00 -2.050543e-02
8.510000e+00 -2.037142e-02
8.520000e+00 -2.023744e-02
8.530000e+00 -2.010343e-02
8.540000e+00 -1.996933e-02
8.550000e+00 -1.983506e-02
8.560000e+00 -1.970051e-02
8.570000e+00 -1.956559e-02
8.580000e+00 -1.943018e-02
8.590000e+00 -1.929416e-02
8.600000e+00 -1.915741e-02
8.610000e+00 -1.901979e-02
8.620000e+00 -1.888115e-02
8.630000e+00 -1.874135e-02
8.640000e+00 -1.860024e-02
8.650000e+00 -1.845766e-02
8.660000e+00 -1.831346e-02
8.670000e+00 -1.816746e-02
8.680000e+00 -1.801952e-02
8.690000e+00 -1.786947e-02
8.700000e+00 -1.771714e-02
8.710000e+00 -1.756237e-02
8.720000e+00 -1.740500e-02
8.730000e+00 -1.724488e-02
8.740000e+00 -1.708185e-02
8.750000e+00 -1.691575e-02
8.760000e+00 -1.674644e-02
8.770000e+00 -1.657377e-02
8.780000e+00 -1.639760e-02
8.790000e+00 -1.621780e-02
8.800000e+00 -1.603425e-02
8.810000e+00 -1.584681e-02
8.820000e+00 -1.565537e-02
8.830000e+00 -1.545983e-02
8.840000e+00 -1.526008e-02
8.850000e+00 -1.505603e-02
8.860000e+00 -1.484760e-02
8.870000e+00 -1.463469e-02
8.880000e+00 -1.441725e-02
8.890000e+00 -1.419521e-02
8.900000e+00 -1.396850e-02
8.910000e+00 -1.373710e-02
8.920000e+00 -1.350095e-02
8.930000e+00 -1.326003e-02
8.940000e+00 -1.301431e-02
8.950000e+00 -1.276378e-02
8.960000e+00 -1.250842e-02
8.970000e+00 -1.224825e-02
8.980000e+00 -1.198325e-02
8.990000e+00 -1.171345e-02
9.000000e+00 -1.143887e-02
9.010000e+00 -1.115953e-02
9.020000e+00 -1.087547e-02
9.030000e+00 -1.058673e-02
9.040000e+00 -1.029334e-02
9.050000e+00 -9.995364e-03
9.060000e+00 -9.692854e-03
9.070000e+00 -9.385871e-03
9.080000e+00 -9.074479e-03
9.090000e+00 -8.758749e-03
9.100000e+00 -8.438753e-03
9.110000e+00 -8.114570e-03
9.120000e+00 -7.786280e-03
9.130000e+00 -7.453968e-03
9.140000e+00 -7.117722e-03
9.150000e+00 -6.777634e-03
9.160000e+00 -6.433796e-03
9.170000e+00 -6.086305e-03
9.180000e+00 -5.735261e-03
9.190000e+00 -5.380765e-03
9.200000e+00 -5.022921e-03
9.210000e+00 -4.661835e-03
9.220000e+00 -4.297617e-03
9.230000e+00 -3.930377e-03
9.240000e+00 -3.560230e-03
9.250000e+00 -3.187290e-03
9.260000e+00 -2.811678e-03
9.270000e+00 -2.433514e-03
9.280000e+00 -2.052922e-03
9.290000e+00 -1.670029e-03
9.300000e+00 -1.284966e-03
9.310000e+00 -8.978667e-04
9.320000e+00 -5.088681e-04
9.330000e+00 -1.181116e-04
9.340000e+00 2.742575e-04
9.350000e+00 6.680892e-04
9.360000e+00 1.063229e-03
9.370000e+00 1.459517e-03
9.380000e+00 1.856788e-03
9.390000e+00 2.254872e-03
9.400000e+00 2.653591e-03
9.410000e+00 3.052763e-03
9.420000e+00 3.452198e-03
9.430000e+00 3.851698e-03
9.440000e+00 4.251059e-03
9.450000e+00 4.650070e-03
9.460000e+00 5.048511e-03
9.470000e+00 5.446154e-03
9.480000e+00 5.842763e-03
9.490000e+00 6.238093e-03
9.500000e+00 6.631890e-03
9.510000e+00 7.023893e-03
9.520000e+00 7.413828e-03
9.530000e+00 7.801417e-03
9.540000e+00 8.186368e-03
9.550000e+00 8.568384e-03
9.560000e+00 8.947155e-03
9.570000e+00 9.322365e-03
9.580000e+00 9.693689e-03
9.590000e+00 1.006079e-02
9.600000e+00 1.042333e-02
9.610000e+00 1.078095e-02
9.620000e+00 1.113329e-02
9.630000e+00 1.148000e-02
9.640000e+00 1.182069e-02
9.650000e+00 1.215499e-02
9.660000e+00 1.248251e-02
9.670000e+00 1.280285e-02
9.680000e+00 1.311563e-02
9.690000e+00 1.342045e-02
9.700000e+00 1.371690e-02
9.710000e+00 1.400458e-02
9.720000e+00 1.428308e-02
9.730000e+00 1.455199e-02
9.740000e+00 1.481091e-02
9.750000e+00 1.505944e-02
9.760000e+00 1.529717e-02
9.770000e+00 1.552371e-02
9.780000e+00 1.573865e-02
9.790000e+00 1.594161e-02
9.800000e+00 1.613221e-02
9.810000e+00 1.631008e-02
9.820000e+00 1.647484e-02
9.830000e+00 1.662615e-02
9.840000e+00 1.676366e-02
9.850000e+00 1.688704e-02
9.860000e+00 1.699598e-02
9.870000e+00 1.709016e-02
9.880000e+00 1.716931e-02
9.890000e+00 1.723315e-02
9.900000e+00 1.728144e-02
9.910000e+00 1.731394e-02
9.920000e+00 1.733044e-02
9.930000e+00 1.733074e-02
9.940000e+00 1.731469e-02
9.950000e+00 1.728213e-02
9.960000e+00 1.723294e-02
9.970000e+00 1.716703e-02
9.980000e+00 1.708432e-02
9.990000e+00 1.698476e-02
1.000000e+01 1.686835e-02
