# sigma2_v 3.641752181369164e+00
# aH 1e+02
0.000000e+00 1.000000e+00
1.000000e-02 9.998179e-01
2.000000e-02 9.992719e-01
3.000000e-02 9.983626e-01
4.000000e-02 9.970909e-01
5.000000e-02 9.954584e-01
6.000000e-02 9.934667e-01
7.000000e-02 9.911182e-01
8.000000e-02 9.884154e-01
9.000000e-02 9.853613e-01
1.000000e-01 9.819592e-01
1.100000e-01 9.782130e-01
1.200000e-01 9.741267e-01
1.300000e-01 9.697049e-01
1.400000e-01 9.649522e-01
1.500000e-01 9.598740e-01
1.600000e-01 9.544757e-01
1.700000e-01 9.487631e-01
1.800000e-01 9.427423e-01
1.900000e-01 9.364198e-01
2.000000e-01 9.298024e-01
2.100000e-01 9.228969e-01
2.200000e-01 9.157108e-01
2.300000e-01 9.082515e-01
2.400000e-01 9.005267e-01
2.500000e-01 8.925445e-01
2.600000e-01 8.843130e-01
2.700000e-01 8.758406e-01
2.800000e-01 8.671360e-01
2.900000e-01 8.582077e-01
3.000000e-01 8.490648e-01
3.100000e-01 8.397163e-01
3.200000e-01 8.301712e-01
3.300000e-01 8.204389e-01
3.400000e-01 8.105287e-01
3.500000e-01 8.004501e-01
3.600000e-01 7.902124e-01
3.700000e-01 7.798253e-01
3.800000e-01 7.692983e-01
3.900000e-01 7.586411e-01
4.000000e-01 7.478631e-01
4.100000e-01 7.369740e-01
4.200000e-01 7.259833e-01
4.300000e-01 7.149006e-01
4.400000e-01 7.037353e-01
4.500000e-01 6.924968e-01
4.600000e-01 6.811945e-01
4.700000e-01 6.698375e-01
4.800000e-01 6.584350e-01
4.900000e-01 6.469961e-01
5.000000e-01 6.355295e-01
5.100000e-01 6.240442e-01
5.200000e-01 6.125486e-01
5.300000e-01 6.010513e-01
5.400000e-01 5.895605e-01
5.500000e-01 5.780844e-01
5.600000e-01 5.666309e-01
5.700000e-01 5.552078e-01
5.800000e-01 5.438226e-01
5.900000e-01 5.324827e-01
6.000000e-01 5.211953e-01
6.100000e-01 5.099672e-01
6.200000e-01 4.988052e-01
6.300000e-01 4.877158e-01
6.400000e-01 4.767053e-01
6.500000e-01 4.657796e-01
6.600000e-01 4.549446e-01
6.700000e-01 4.442058e-01
6.800000e-01 4.335686e-01
6.900000e-01 4.230381e-01
7.000000e-01 4.126191e-01
7.100000e-01 4.023161e-01
7.200000e-01 3.921336e-01
7.300000e-01 3.820756e-01
7.400000e-01 3.721461e-01
7.500000e-01 3.623487e-01
7.600000e-01 3.526868e-01
7.700000e-01 3.431635e-01
7.800000e-01 3.337817e-01
7.900000e-01 3.245442e-01
8.000000e-01 3.154535e-01
8.100000e-01 3.065117e-01
8.200000e-01 2.977209e-01
8.300000e-01 2.890829e-01
8.400000e-01 2.805993e-01
8.500000e-01 2.722714e-01
8.600000e-01 2.641005e-01
8.700000e-01 2.560875e-01
8.800000e-01 2.482333e-01
8.900000e-01 2.405383e-01
9.000000e-01 2.330030e-01
9.100000e-01 2.256276e-01
9.200000e-01 2.184122e-01
9.300000e-01 2.113567e-01
9.400000e-01 2.044608e-01
9.500000e-01 1.977240e-01
9.600000e-01 1.911459e-01
9.700000e-01 1.847256e-01
9.800000e-01 1.784624e-01
9.900000e-01 1.723552e-01
1.000000e+00 1.664028e-01
1.010000e+00 1.606042e-01
1.020000e+00 1.549579e-01
1.030000e+00 1.494624e-01
1.040000e+00 1.441162e-01
1.050000e+00 1.389177e-01
1.060000e+00 1.338651e-01
1.070000e+00 1.289565e-01
1.080000e+00 1.241901e-01
1.090000e+00 1.195639e-01
1.100000e+00 1.150758e-01
1.110000e+00 1.107237e-01
1.120000e+00 1.065055e-01
1.130000e+00 1.024189e-01
1.140000e+00 9.846170e-02
1.150000e+00 9.463152e-02
1.160000e+00 9.092603e-02
1.170000e+00 8.734286e-02
1.180000e+00 8.387959e-02
1.190000e+00 8.053379e-02
1.200000e+00 7.730302e-02
1.210000e+00 7.418478e-02
1.220000e+00 7.117662e-02
1.230000e+00 6.827602e-02
1.240000e+00 6.548049e-02
1.250000e+00 6.278755e-02
1.260000e+00 6.019468e-02
1.270000e+00 5.769939e-02
1.280000e+00 5.529921e-02
1.290000e+00 5.299166e-02
1.300000e+00 5.077427e-02
1.310000e+00 4.864461e-02
1.320000e+00 4.660023e-02
1.330000e+00 4.463874e-02
1.340000e+00 4.275775e-02
1.350000e+00 4.095490e-02
1.360000e+00 3.922786e-02
1.370000e+00 3.757431e-02
1.380000e+00 3.599198e-02
1.390000e+00 3.447862e-02
1.400000e+00 3.303201e-02
1.410000e+00 3.164999e-02
1.420000e+00 3.033039e-02
1.430000e+00 2.907111e-02
1.440000e+00 2.787008e-02
1.450000e+00 2.672525e-02
1.460000e+00 2.563463e-02
1.470000e+00 2.459626e-02
1.480000e+00 2.360821e-02
1.490000e+00 2.266861e-02
1.500000e+00 2.177561e-02
1.510000e+00 2.092742e-02
1.520000e+00 2.012227e-02
1.530000e+00 1.935845e-02
1.540000e+00 1.863428e-02
1.550000e+00 1.794812e-02
1.560000e+00 1.729839e-02
1.570000e+00 1.668351e-02
1.580000e+00 1.610199e-02
1.590000e+00 1.555235e-02
1.600000e+00 1.503316e-02
1.610000e+00 1.454304e-02
1.620000e+00 1.408062e-02
1.630000e+00 1.364461e-02
1.640000e+00 1.323373e-02
1.650000e+00 1.284676e-02
1.660000e+00 1.248249e-02
1.670000e+00 1.213979e-02
1.680000e+00 1.181753e-02
1.690000e+00 1.151463e-02
1.700000e+00 1.123007e-02
1.710000e+00 1.096283e-02
1.720000e+00 1.071195e-02
1.730000e+00 1.047650e-02
1.740000e+00 1.025558e-02
1.750000e+00 1.004833e-02
1.760000e+00 9.853921e-03
1.770000e+00 9.671564e-03
1.780000e+00 9.500496e-03
1.790000e+00 9.339986e-03
1.800000e+00 9.189338e-03
1.810000e+00 9.047884e-03
1.820000e+00 8.914988e-03
1.830000e+00 8.790043e-03
1.840000e+00 8.672469e-03
1.850000e+00 8.561718e-03
1.860000e+00 8.457266e-03
1.870000e+00 8.358618e-03
1.880000e+00 8.265305e-03
1.890000e+00 8.176880e-03
1.900000e+00 8.092927e-03
1.910000e+00 8.013048e-03
1.920000e+00 7.936872e-03
1.930000e+00 7.864049e-03
1.940000e+00 7.794252e-03
1.950000e+00 7.727174e-03
1.960000e+00 7.662529e-03
1.970000e+00 7.600051e-03
1.980000e+00 7.539492e-03
1.990000e+00 7.480625e-03
2.000000e+00 7.423237e-03
2.010000e+00 7.367134e-03
2.020000e+00 7.312138e-03
2.030000e+00 7.258086e-03
2.040000e+00 7.204831e-03
2.050000e+00 7.152238e-03
2.060000e+00 7.100186e-03
2.070000e+00 7.048569e-03
2.080000e+00 6.997290e-03
2.090000e+00 6.946265e-03
2.100000e+00 6.895419e-03
2.110000e+00 6.844690e-03
2.120000e+00 6.794023e-03
2.130000e+00 6.743372e-03
2.140000e+00 6.692700e-03
2.150000e+00 6.641977e-03
2.160000e+00 6.591180e-03
2.170000e+00 6.540292e-03
2.180000e+00 6.489302e-03
2.190000e+00 6.438205e-03
2.200000e+00 6.387000e-03
2.210000e+00 6.335691e-03
2.220000e+00 6.284284e-03
2.230000e+00 6.232790e-03
2.240000e+00 6.181222e-03
2.250000e+00 6.129595e-03
2.260000e+00 6.077926e-03
2.270000e+00 6.026235e-03
2.280000e+00 5.974542e-03
2.290000e+00 5.922867e-03
2.300000e+00 5.871232e-03
2.310000e+00 5.819659e-03
2.320000e+00 5.768167e-03
2.330000e+00 5.716780e-03
2.340000e+00 5.665516e-03
2.350000e+00 5.614395e-03
2.360000e+00 5.563435e-03
2.370000e+00 5.512654e-03
2.380000e+00 5.462066e-03
2.390000e+00 5.411687e-03
2.400000e+00 5.361527e-03
2.410000e+00 5.311598e-03
2.420000e+00 5.261909e-03
2.430000e+00 5.212464e-03
2.440000e+00 5.163269e-03
2.450000e+00 5.114327e-03
2.460000e+00 5.065638e-03
2.470000e+00 5.017199e-03
2.480000e+00 4.969006e-03
2.490000e+00 4.921055e-03
2.500000e+00 4.873336e-03
2.510000e+00 4.825840e-03
2.520000e+00 4.778554e-03
2.530000e+00 4.731464e-03
2.540000e+00 4.684555e-03
2.550000e+00 4.637809e-03
2.560000e+00 4.591207e-03
2.570000e+00 4.544728e-03
2.580000e+00 4.498349e-03
2.590000e+00 4.452047e-03
2.600000e+00 4.405797e-03
2.610000e+00 4.359572e-03
2.620000e+00 4.313345e-03
2.630000e+00 4.267088e-03
2.640000e+00 4.220771e-03
2.650000e+00 4.174364e-03
2.660000e+00 4.127837e-03
2.670000e+00 4.081158e-03
2.680000e+00 4.034295e-03
2.690000e+00 3.987217e-03
2.700000e+00 3.939889e-03
2.710000e+00 3.892280e-03
2.720000e+00 3.844356e-03
2.730000e+00 3.796085e-03
2.740000e+00 3.747432e-03
2.750000e+00 3.698365e-03
2.760000e+00 3.648851e-03
2.770000e+00 3.598857e-03
2.780000e+00 3.548349e-03
2.790000e+00 3.497296e-03
2.800000e+00 3.445666e-03
2.810000e+00 3.393426e-03
2.820000e+00 3.340545e-03
2.830000e+00 3.286992e-03
2.840000e+00 3.232736e-03
2.850000e+00 3.177748e-03
2.860000e+00 3.121996e-03
2.870000e+00 3.065453e-03
2.880000e+00 3.008090e-03
2.890000e+00 2.949878e-03
2.900000e+00 2.890790e-03
2.910000e+00 2.830799e-03
2.920000e+00 2.769879e-03
2.930000e+00 2.708003e-03
2.940000e+00 2.645148e-03
2.950000e+00 2.581290e-03
2.960000e+00 2.516403e-03
2.970000e+00 2.450467e-03
2.980000e+00 2.383459e-03
2.990000e+00 2.315359e-03
3.000000e+00 2.246146e-03
3.010000e+00 2.175801e-03
3.020000e+00 2.104308e-03
3.030000e+00 2.031649e-03
3.040000e+00 1.957808e-03
3.050000e+00 1.882772e-03
3.060000e+00 1.806529e-03
3.070000e+00 1.729066e-03
3.080000e+00 1.650374e-03
3.090000e+00 1.570446e-03
3.100000e+00 1.489275e-03
3.110000e+00 1.406857e-03
3.120000e+00 1.323189e-03
3.130000e+00 1.238273e-03
3.140000e+00 1.152110e-03
3.150000e+00 1.064704e-03
3.160000e+00 9.760642e-04
3.170000e+00 8.861990e-04
3.180000e+00 7.951214e-04
3.190000e+00 7.028472e-04
3.200000e+00 6.093950e-04
3.210000e+00 5.147866e-04
3.220000e+00 4.190471e-04
3.230000e+00 3.222052e-04
3.240000e+00 2.242930e-04
3.250000e+00 1.253460e-04
3.260000e+00 2.540390e-05
3.270000e+00 -7.549014e-05
3.280000e+00 -1.772889e-04
3.290000e+00 -2.799412e-04
3.300000e+00 -3.833919e-04
3.310000e+00 -4.875817e-04
3.320000e+00 -5.924471e-04
3.330000e+00 -6.979206e-04
3.340000e+00 -8.039304e-04
3.350000e+00 -9.104008e-04
3.360000e+00 -1.017252e-03
3.370000e+00 -1.124399e-03
3.380000e+00 -1.231755e-03
3.390000e+00 -1.339227e-03
3.400000e+00 -1.446719e-03
3.410000e+00 -1.554133e-03
3.420000e+00 -1.661364e-03
3.430000e+00 -1.768305e-03
3.440000e+00 -1.874847e-03
3.450000e+00 -1.980876e-03
3.460000e+00 -2.086277e-03
3.470000e+00 -2.190930e-03
3.480000e+00 -2.294714e-03
3.490000e+00 -2.397505e-03
3.500000e+00 -2.499178e-03
3.510000e+00 -2.599605e-03
3.520000e+00 -2.698658e-03
3.530000e+00 -2.796207e-03
3.540000e+00 -2.892122e-03
3.550000e+00 -2.986270e-03
3.560000e+00 -3.078522e-03
3.570000e+00 -3.168746e-03
3.580000e+00 -3.256812e-03
3.590000e+00 -3.342591e-03
3.600000e+00 -3.425954e-03
3.610000e+00 -3.506776e-03
3.620000e+00 -3.584931e-03
3.630000e+00 -3.660299e-03
3.640000e+00 -3.732760e-03
3.650000e+00 -3.802199e-03
3.660000e+00 -3.868502e-03
3.670000e+00 -3.931563e-03
3.680000e+00 -3.991275e-03
3.690000e+00 -4.047540e-03
3.700000e+00 -4.100264e-03
3.710000e+00 -4.149355e-03
3.720000e+00 -4.194731e-03
3.730000e+00 -4.236314e-03
3.740000e+00 -4.274030e-03
3.750000e+00 -4.307815e-03
3.760000e+00 -4.337608e-03
3.770000e+00 -4.363358e-03
3.780000e+00 -4.385018e-03
3.790000e+00 -4.402551e-03
3.800000e+00 -4.415925e-03
3.810000e+00 -4.425116e-03
3.820000e+00 -4.430108e-03
3.830000e+00 -4.430892e-03
3.840000e+00 -4.427468e-03
3.850000e+00 -4.419841e-03
3.860000e+00 -4.408026e-03
3.870000e+00 -4.392045e-03
3.880000e+00 -4.371927e-03
3.890000e+00 -4.347709e-03
3.900000e+00 -4.319436e-03
3.910000e+00 -4.287159e-03
3.920000e+00 -4.250937e-03
3.930000e+00 -4.210837e-03
3.940000e+00 -4.166931e-03
3.950000e+00 -4.119298e-03
3.960000e+00 -4.068024e-03
3.970000e+00 -4.013202e-03
3.980000e+00 -3.954928e-03
3.990000e+00 -3.893307e-03
4.000000e+00 -3.828448e-03
4.010000e+00 -3.760464e-03
4.020000e+00 -3.689475e-03
4.030000e+00 -3.615603e-03
4.040000e+00 -3.538975e-03
4.050000e+00 -3.459723e-03
4.060000e+00 -3.377980e-03
4.070000e+00 -3.293885e-03
4.080000e+00 -3.207576e-03
4.090000e+00 -3.119197e-03
4.100000e+00 -3.028891e-03
4.110000e+00 -2.936805e-03
4.120000e+00 -2.843085e-03
4.130000e+00 -2.747880e-03
4.140000e+00 -2.651337e-03
4.150000e+00 -2.553606e-03
4.160000e+00 -2.454835e-03
4.170000e+00 -2.355171e-03
4.180000e+00 -2.254763e-03
4.190000e+00 -2.153755e-03
4.200000e+00 -2.052292e-03
4.210000e+00 -1.950517e-03
4.220000e+00 -1.848571e-03
4.230000e+00 -1.746592e-03
4.240000e+00 -1.644716e-03
4.250000e+00 -1.543076e-03
4.260000e+00 -1.441801e-03
4.270000e+00 -1.341019e-03
4.280000e+00 -1.240853e-03
4.290000e+00 -1.141422e-03
4.300000e+00 -1.042842e-03
4.310000e+00 -9.452256e-04
4.320000e+00 -8.486797e-04
4.330000e+00 -7.533082e-04
4.340000e+00 -6.592101e-04
4.350000e+00 -5.664801e-04
4.360000e+00 -4.752083e-04
4.370000e+00 -3.854803e-04
4.380000e+00 -2.973770e-04
4.390000e+00 -2.109745e-04
4.400000e+00 -1.263442e-04
4.410000e+00 -4.355294e-05
4.420000e+00 3.733756e-05
4.430000e+00 1.162701e-04
4.440000e+00 1.931924e-04
4.450000e+00 2.680567e-04
4.460000e+00 3.408200e-04
4.470000e+00 4.114442e-04
4.480000e+00 4.798954e-04
4.490000e+00 5.461446e-04
4.500000e+00 6.101669e-04
4.510000e+00 6.719422e-04
4.520000e+00 7.314543e-04
4.530000e+00 7.886915e-04
4.540000e+00 8.436462e-04
4.550000e+00 8.963146e-04
4.560000e+00 9.466971e-04
4.570000e+00 9.947977e-04
4.580000e+00 1.040624e-03
4.590000e+00 1.084188e-03
4.600000e+00 1.125503e-03
4.610000e+00 1.164589e-03
4.620000e+00 1.201466e-03
4.630000e+00 1.236158e-03
4.640000e+00 1.268693e-03
4.650000e+00 1.299100e-03
4.660000e+00 1.327412e-03
4.670000e+00 1.353664e-03
4.680000e+00 1.377894e-03
4.690000e+00 1.400140e-03
4.700000e+00 1.420445e-03
4.710000e+00 1.438851e-03
4.720000e+00 1.455403e-03
4.730000e+00 1.470149e-03
4.740000e+00 1.483135e-03
4.750000e+00 1.494411e-03
4.760000e+00 1.504028e-03
4.770000e+00 1.512036e-03
4.780000e+00 1.518487e-03
4.790000e+00 1.523433e-03
4.800000e+00 1.526928e-03
4.810000e+00 1.529024e-03
4.820000e+00 1.529774e-03
4.830000e+00 1.529231e-03
4.840000e+00 1.527449e-03
4.850000e+00 1.524480e-03
4.860000e+00 1.520375e-03
4.870000e+00 1.515186e-03
4.880000e+00 1.508964e-03
4.890000e+00 1.501757e-03
4.900000e+00 1.493616e-03
4.910000e+00 1.484586e-03
4.920000e+00 1.474714e-03
4.930000e+00 1.464044e-03
4.940000e+00 1.452619e-03
4.950000e+00 1.440481e-03
4.960000e+00 1.427669e-03
4.970000e+00 1.414220e-03
4.980000e+00 1.400172e-03
4.990000e+00 1.385557e-03
5.000000e+00 1.370408e-03
5.010000e+00 1.354754e-03
5.020000e+00 1.338623e-03
5.030000e+00 1.322041e-03
5.040000e+00 1.305031e-03
5.050000e+00 1.287614e-03
5.060000e+00 1.269809e-03
5.070000e+00 1.251633e-03
5.080000e+00 1.233101e-03
5.090000e+00 1.214226e-03
5.100000e+00 1.195019e-03
5.110000e+00 1.175487e-03
5.120000e+00 1.155639e-03
5.130000e+00 1.135480e-03
5.140000e+00 1.115012e-03
5.150000e+00 1.094237e-03
5.160000e+00 1.073157e-03
5.170000e+00 1.051769e-03
5.180000e+00 1.030071e-03
5.190000e+00 1.008061e-03
5.200000e+00 9.857337e-04
5.210000e+00 9.630841e-04
5.220000e+00 9.401066e-04
5.230000e+00 9.167951e-04
5.240000e+00 8.931431e-04
5.250000e+00 8.691441e-04
5.260000e+00 8.447917e-04
5.270000e+00 8.200796e-04
5.280000e+00 7.950020e-04
5.290000e+00 7.695538e-04
5.300000e+00 7.437307e-04
5.310000e+00 7.175291e-04
5.320000e+00 6.909469e-04
5.330000e+00 6.639831e-04
5.340000e+00 6.366382e-04
5.350000e+00 6.089144e-04
5.360000e+00 5.808155e-04
5.370000e+00 5.523476e-04
5.380000e+00 5.235185e-04
5.390000e+00 4.943384e-04
5.400000e+00 4.648198e-04
5.410000e+00 4.349774e-04
5.420000e+00 4.048287e-04
5.430000e+00 3.743937e-04
5.440000e+00 3.436948e-04
5.450000e+00 3.127575e-04
5.460000e+00 2.816099e-04
5.470000e+00 2.502827e-04
5.480000e+00 2.188096e-04
5.490000e+00 1.872270e-04
5.500000e+00 1.555741e-04
5.510000e+00 1.238927e-04
5.520000e+00 9.222756e-05
5.530000e+00 6.062579e-05
5.540000e+00 2.913717e-05
5.550000e+00 -2.186092e-06
5.560000e+00 -3.328944e-05
5.570000e+00 -6.411608e-05
5.580000e+00 -9.460713e-05
5.590000e+00 -1.247018e-04
5.600000e+00 -1.543373e-04
5.610000e+00 -1.834496e-04
5.620000e+00 -2.119729e-04
5.630000e+00 -2.398402e-04
5.640000e+00 -2.669834e-04
5.650000e+00 -2.933338e-04
5.660000e+00 -3.188217e-04
5.670000e+00 -3.433772e-04
5.680000e+00 -3.669302e-04
5.690000e+00 -3.894104e-04
5.700000e+00 -4.107481e-04
5.710000e+00 -4.308737e-04
5.720000e+00 -4.497186e-04
5.730000e+00 -4.672152e-04
5.740000e+00 -4.832968e-04
5.750000e+00 -4.978983e-04
5.760000e+00 -5.109563e-04
5.770000e+00 -5.224092e-04
5.780000e+00 -5.321975e-04
5.790000e+00 -5.402640e-04
5.800000e+00 -5.465541e-04
5.810000e+00 -5.510157e-04
5.820000e+00 -5.535997e-04
5.830000e+00 -5.542603e-04
5.840000e+00 -5.529547e-04
5.850000e+00 -5.496435e-04
5.860000e+00 -5.442910e-04
5.870000e+00 -5.368651e-04
5.880000e+00 -5.273377e-04
5.890000e+00 -5.156843e-04
5.900000e+00 -5.018847e-04
5.910000e+00 -4.859227e-04
5.920000e+00 -4.677863e-04
5.930000e+00 -4.474678e-04
5.940000e+00 -4.249637e-04
5.950000e+00 -4.002748e-04
5.960000e+00 -3.734062e-04
5.970000e+00 -3.443674e-04
5.980000e+00 -3.131720e-04
5.990000e+00 -2.798381e-04
6.000000e+00 -2.443879e-04
6.010000e+00 -2.068477e-04
6.020000e+00 -1.672479e-04
6.030000e+00 -1.256229e-04
6.040000e+00 -8.201105e-05
6.050000e+00 -3.645443e-05
6.060000e+00 1.100125e-05
6.070000e+00 6.030673e-05
6.080000e+00 1.114094e-04
6.090000e+00 1.642533e-04
6.100000e+00 2.187797e-04
6.110000e+00 2.749267e-04
6.120000e+00 3.326299e-04
6.130000e+00 3.918221e-04
6.140000e+00 4.524342e-04
6.150000e+00 5.143946e-04
6.160000e+00 5.776299e-04
6.170000e+00 6.420651e-04
6.180000e+00 7.076235e-04
6.190000e+00 7.742272e-04
6.200000e+00 8.417973e-04
6.210000e+00 9.102539e-04
6.220000e+00 9.795164e-04
6.230000e+00 1.049504e-03
6.240000e+00 1.120135e-03
6.250000e+00 1.191329e-03
6.260000e+00 1.263004e-03
6.270000e+00 1.335079e-03
6.280000e+00 1.407475e-03
6.290000e+00 1.480112e-03
6.300000e+00 1.552911e-03
6.310000e+00 1.625794e-03
6.320000e+00 1.698685e-03
6.330000e+00 1.771510e-03
6.340000e+00 1.844194e-03
6.350000e+00 1.916666e-03
6.360000e+00 1.988856e-03
6.370000e+00 2.060695e-03
6.380000e+00 2.132117e-03
6.390000e+00 2.203058e-03
6.400000e+00 2.273455e-03
6.410000e+00 2.343249e-03
6.420000e+00 2.412382e-03
6.430000e+00 2.480798e-03
6.440000e+00 2.548444e-03
6.450000e+00 2.615269e-03
6.460000e+00 2.681223e-03
6.470000e+00 2.746262e-03
6.480000e+00 2.810340e-03
6.490000e+00 2.873415e-03
6.500000e+00 2.935447e-03
6.510000e+00 2.996400e-03
6.520000e+00 3.056236e-03
6.530000e+00 3.114922e-03
6.540000e+00 3.172426e-03
6.550000e+00 3.228718e-03
6.560000e+00 3.283770e-03
6.570000e+00 3.337553e-03
6.580000e+00 3.390044e-03
6.590000e+00 3.441216e-03
6.600000e+00 3.491048e-03
6.610000e+00 3.539518e-03
6.620000e+00 3.586603e-03
6.630000e+00 3.632285e-03
6.640000e+00 3.676543e-03
6.650000e+00 3.719358e-03
6.660000e+00 3.760711e-03
6.670000e+00 3.800585e-03
6.680000e+00 3.838960e-03
6.690000e+00 3.875819e-03
6.700000e+00 3.911144e-03
6.710000e+00 3.944915e-03
6.720000e+00 3.977115e-03
6.730000e+00 4.007723e-03
6.740000e+00 4.036721e-03
6.750000e+00 4.064089e-03
6.760000e+00 4.089805e-03
6.770000e+00 4.113849e-03
6.780000e+00 4.136199e-03
6.790000e+00 4.156832e-03
6.800000e+00 4.175725e-03
6.810000e+00 4.192853e-03
6.820000e+00 4.208194e-03
6.830000e+00 4.221720e-03
6.840000e+00 4.233407e-03
6.850000e+00 4.243228e-03
6.860000e+00 4.251157e-03
6.870000e+00 4.257166e-03
6.880000e+00 4.261228e-03
6.890000e+00 4.263316e-03
6.900000e+00 4.263402e-03
6.910000e+00 4.261459e-03
6.920000e+00 4.257461e-03
6.930000e+00 4.251380e-03
6.940000e+00 4.243191e-03
6.950000e+00 4.232868e-03
6.960000e+00 4.220389e-03
6.970000e+00 4.205730e-03
6.980000e+00 4.188870e-03
6.990000e+00 4.169790e-03
7.000000e+00 4.148471e-03
7.010000e+00 4.124898e-03
7.020000e+00 4.099058e-03
7.030000e+00 4.070940e-03
7.040000e+00 4.040536e-03
7.050000e+00 4.007840e-03
7.060000e+00 3.972852e-03
7.070000e+00 3.935572e-03
7.080000e+00 3.896006e-03
7.090000e+00 3.854163e-03
7.100000e+00 3.810055e-03
7.110000e+00 3.763699e-03
7.120000e+00 3.715116e-03
7.130000e+00 3.664333e-03
7.140000e+00 3.611380e-03
7.150000e+00 3.556290e-03
7.160000e+00 3.499105e-03
7.170000e+00 3.439867e-03
7.180000e+00 3.378628e-03
7.190000e+00 3.315440e-03
7.200000e+00 3.250362e-03
7.210000e+00 3.183460e-03
7.220000e+00 3.114801e-03
7.230000e+00 3.044459e-03
7.240000e+00 2.972513e-03
7.250000e+00 2.899047e-03
7.260000e+00 2.824146e-03
7.270000e+00 2.747905e-03
7.280000e+00 2.670418e-03
7.290000e+00 2.591787e-03
7.300000e+00 2.512115e-03
7.310000e+00 2.431510e-03
7.320000e+00 2.350084e-03
7.330000e+00 2.267951e-03
7.340000e+00 2.185228e-03
7.350000e+00 2.102034e-03
7.360000e+00 2.018493e-03
7.370000e+00 1.934727e-03
7.380000e+00 1.850862e-03
7.390000e+00 1.767026e-03
7.400000e+00 1.683345e-03
7.410000e+00 1.599948e-03
7.420000e+00 1.516963e-03
7.430000e+00 1.434519e-03
7.440000e+00 1.352743e-03
7.450000e+00 1.271761e-03
7.460000e+00 1.191700e-03
7.470000e+00 1.112683e-03
7.480000e+00 1.034831e-03
7.490000e+00 9.582639e-04
7.500000e+00 8.830983e-04
7.510000e+00 8.094475e-04
7.520000e+00 7.374216e-04
7.530000e+00 6.671269e-04
7.540000e+00 5.986657e-04
7.550000e+00 5.321362e-04
7.560000e+00 4.676316e-04
7.570000e+00 4.052408e-04
7.580000e+00 3.450473e-04
7.590000e+00 2.871294e-04
7.600000e+00 2.315602e-04
7.610000e+00 1.784069e-04
7.620000e+00 1.277313e-04
7.630000e+00 7.958887e-05
7.640000e+00 3.402958e-05
7.650000e+00 -8.902858e-06
7.660000e+00 -4.917075e-05
7.670000e+00 -8.674251e-05
7.680000e+00 -1.215927e-04
7.690000e+00 -1.537018e-04
7.700000e+00 -1.830566e-04
7.710000e+00 -2.096496e-04
7.720000e+00 -2.334793e-04
7.730000e+00 -2.545501e-04
7.740000e+00 -2.728717e-04
7.750000e+00 -2.884596e-04
7.760000e+00 -3.013347e-04
7.770000e+00 -3.115226e-04
7.780000e+00 -3.190544e-04
7.790000e+00 -3.239655e-04
7.800000e+00 -3.262962e-04
7.810000e+00 -3.260907e-04
7.820000e+00 -3.233976e-04
7.830000e+00 -3.182690e-04
7.840000e+00 -3.107606e-04
7.850000e+00 -3.009315e-04
7.860000e+00 -2.888436e-04
7.870000e+00 -2.745615e-04
7.880000e+00 -2.581524e-04
7.890000e+00 -2.396855e-04
7.900000e+00 -2.192320e-04
7.910000e+00 -1.968646e-04
7.920000e+00 -1.726574e-04
7.930000e+00 -1.466856e-04
7.940000e+00 -1.190253e-04
7.950000e+00 -8.975314e-05
7.960000e+00 -5.894606e-05
7.970000e+00 -2.668124e-05
7.980000e+00 6.964277e-06
7.990000e+00 4.191369e-05
8.000000e+00 7.809068e-05
8.010000e+00 1.154196e-04
8.020000e+00 1.538254e-04
8.030000e+00 1.932344e-04
8.040000e+00 2.335735e-04
8.050000e+00 2.747712e-04
8.060000e+00 3.167571e-04
8.070000e+00 3.594621e-04
8.080000e+00 4.028189e-04
8.090000e+00 4.467613e-04
8.100000e+00 4.912249e-04
8.110000e+00 5.361469e-04
8.120000e+00 5.814661e-04
8.130000e+00 6.271228e-04
8.140000e+00 6.730590e-04
8.150000e+00 7.192182e-04
8.160000e+00 7.655456e-04
8.170000e+00 8.119878e-04
8.180000e+00 8.584928e-04
8.190000e+00 9.050102e-04
8.200000e+00 9.514907e-04
8.210000e+00 9.978864e-04
8.220000e+00 1.044151e-03
8.230000e+00 1.090237e-03
8.240000e+00 1.136103e-03
8.250000e+00 1.181702e-03
8.260000e+00 1.226993e-03
8.270000e+00 1.271933e-03
8.280000e+00 1.316482e-03
8.290000e+00 1.360597e-03
8.300000e+00 1.404238e-03
8.310000e+00 1.447366e-03
8.320000e+00 1.489940e-03
8.330000e+00 1.531922e-03
8.340000e+00 1.573271e-03
8.350000e+00 1.613948e-03
8.360000e+00 1.653914e-03
8.370000e+00 1.693130e-03
8.380000e+00 1.731557e-03
8.390000e+00 1.769155e-03
8.400000e+00 1.805885e-03
8.410000e+00 1.841707e-03
8.420000e+00 1.876582e-03
8.430000e+00 1.910470e-03
8.440000e+00 1.943331e-03
8.450000e+00 1.975125e-03
8.460000e+00 2.005812e-03
8.470000e+00 2.035353e-03
8.480000e+00 2.063707e-03
8.490000e+00 2.090836e-03
8.500000e+00 2.116699e-03
8.510000e+00 2.141257e-03
8.520000e+00 2.164472e-03
8.530000e+00 2.186305e-03
8.540000e+00 2.206719e-03
8.550000e+00 2.225676e-03
8.560000e+00 2.243140e-03
8.570000e+00 2.259077e-03
8.580000e+00 2.273451e-03
8.590000e+00 2.286230e-03
8.600000e+00 2.297383e-03
8.610000e+00 2.306877e-03
8.620000e+00 2.314686e-03
8.630000e+00 2.320781e-03
8.640000e+00 2.325138e-03
8.650000e+00 2.327733e-03
8.660000e+00 2.328546e-03
8.670000e+00 2.327556e-03
8.680000e+00 2.324748e-03
8.690000e+00 2.320108e-03
8.700000e+00 2.313624e-03
8.710000e+00 2.305287e-03
8.720000e+00 2.295090e-03
8.730000e+00 2.283032e-03
8.740000e+00 2.269110e-03
8.750000e+00 2.253329e-03
8.760000e+00 2.235694e-03
8.770000e+00 2.216214e-03
8.780000e+00 2.194901e-03
8.790000e+00 2.171771e-03
8.800000e+00 2.146843e-03
8.810000e+00 2.120137e-03
8.820000e+00 2.091680e-03
8.830000e+00 2.061501e-03
8.840000e+00 2.029630e-03
8.850000e+00 1.996103e-03
8.860000e+00 1.960958e-03
8.870000e+00 1.924237e-03
8.880000e+00 1.885983e-03
8.890000e+00 1.846244e-03
8.900000e+00 1.805071e-03
8.910000e+00 1.762516e-03
8.920000e+00 1.718635e-03
8.930000e+00 1.673486e-03
8.940000e+00 1.627130e-03
8.950000e+00 1.579631e-03
8.960000e+00 1.531052e-03
8.970000e+00 1.481462e-03
8.980000e+00 1.430929e-03
8.990000e+00 1.379525e-03
9.000000e+00 1.327320e-03
9.010000e+00 1.274389e-03
9.020000e+00 1.220806e-03
9.030000e+00 1.166648e-03
9.040000e+00 1.111989e-03
9.050000e+00 1.056907e-03
9.060000e+00 1.001479e-03
9.070000e+00 9.457829e-04
9.080000e+00 8.898954e-04
9.090000e+00 8.338937e-04
9.100000e+00 7.778545e-04
9.110000e+00 7.218538e-04
9.120000e+00 6.659667e-04
9.130000e+00 6.102675e-04
9.140000e+00 5.548290e-04
9.150000e+00 4.997228e-04
9.160000e+00 4.450191e-04
9.170000e+00 3.907861e-04
9.180000e+00 3.370903e-04
9.190000e+00 2.839961e-04
9.200000e+00 2.315658e-04
9.210000e+00 1.798591e-04
9.220000e+00 1.289337e-04
9.230000e+00 7.884435e-05
9.240000e+00 2.964330e-05
9.250000e+00 -1.862001e-05
9.260000e+00 -6.589904e-05
9.270000e+00 -1.121502e-04
9.280000e+00 -1.573329e-04
9.290000e+00 -2.014096e-04
9.300000e+00 -2.443461e-04
9.310000e+00 -2.861111e-04
9.320000e+00 -3.266767e-04
9.330000e+00 -3.660182e-04
9.340000e+00 -4.041140e-04
9.350000e+00 -4.409458e-04
9.360000e+00 -4.764987e-04
9.370000e+00 -5.107607e-04
9.380000e+00 -5.437231e-04
9.390000e+00 -5.753803e-04
9.400000e+00 -6.057299e-04
9.410000e+00 -6.347722e-04
9.420000e+00 -6.625108e-04
9.430000e+00 -6.889518e-04
9.440000e+00 -7.141043e-04
9.450000e+00 -7.379801e-04
9.460000e+00 -7.605935e-04
9.470000e+00 -7.819613e-04
9.480000e+00 -8.021027e-04
9.490000e+00 -8.210391e-04
9.500000e+00 -8.387941e-04
9.510000e+00 -8.553932e-04
9.520000e+00 -8.708641e-04
9.530000e+00 -8.852359e-04
9.540000e+00 -8.985394e-04
9.550000e+00 -9.108070e-04
9.560000e+00 -9.220724e-04
9.570000e+00 -9.323706e-04
9.580000e+00 -9.417374e-04
9.590000e+00 -9.502098e-04
9.600000e+00 -9.578255e-04
9.610000e+00 -9.646229e-04
9.620000e+00 -9.706409e-04
9.630000e+00 -9.759187e-04
9.640000e+00 -9.804959e-04
9.650000e+00 -9.844121e-04
9.660000e+00 -9.877071e-04
9.670000e+00 -9.904202e-04
9.680000e+00 -9.925909e-04
9.690000e+00 -9.942579e-04
9.700000e+00 -9.954598e-04
9.710000e+00 -9.962343e-04
9.720000e+00 -9.966185e-04
9.730000e+00 -9.966488e-04
9.740000e+00 -9.963606e-04
9.750000e+00 -9.957882e-04
9.760000e+00 -9.949649e-04
9.770000e+00 -9.939230e-04
9.780000e+00 -9.926932e-04
9.790000e+00 -9.913052e-04
9.800000e+00 -9.897871e-04
9.810000e+00 -9.881655e-04
9.820000e+00 -9.864657e-04
9.830000e+00 -9.847111e-04
9.840000e+00 -9.829237e-04
9.850000e+00 -9.811236e-04
9.860000e+00 -9.793295e-04
9.870000e+00 -9.775579e-04
9.880000e+00 -9.758237e-04
9.890000e+00 -9.741401e-04
9.900000e+00 -9.725182e-04
9.910000e+00 -9.709672e-04
9.920000e+00 -9.694946e-04
9.930000e+00 -9.681056e-04
9.940000e+00 -9.668039e-04
9.950000e+00 -9.655910e-04
9.960000e+00 -9.644663e-04
9.970000e+00 -9.634275e-04
9.980000e+00 -9.624702e-04
9.990000e+00 -9.615880e-04
1.000000e+01 -9.607728e-04
