# sigma2_v 3.790976474271257e+00
0.000000e+00 1.000000e+00
1.000000e-02 9.998105e-01
2.000000e-02 9.992421e-01
3.000000e-02 9.982955e-01
4.000000e-02 9.969718e-01
5.000000e-02 9.952725e-01
6.000000e-02 9.931994e-01
7.000000e-02 9.907550e-01
8.000000e-02 9.879420e-01
9.000000e-02 9.847635e-01
1.000000e-01 9.812231e-01
1.100000e-01 9.773249e-01
1.200000e-01 9.730730e-01
1.300000e-01 9.684724e-01
1.400000e-01 9.635280e-01
1.500000e-01 9.582454e-01
1.600000e-01 9.526303e-01
1.700000e-01 9.466890e-01
1.800000e-01 9.404278e-01
1.900000e-01 9.338537e-01
2.000000e-01 9.269736e-01
2.100000e-01 9.197950e-01
2.200000e-01 9.123256e-01
2.300000e-01 9.045732e-01
2.400000e-01 8.965461e-01
2.500000e-01 8.882527e-01
2.600000e-01 8.797015e-01
2.700000e-01 8.709014e-01
2.800000e-01 8.618613e-01
2.900000e-01 8.525906e-01
3.000000e-01 8.430984e-01
3.100000e-01 8.333942e-01
3.200000e-01 8.234877e-01
3.300000e-01 8.133885e-01
3.400000e-01 8.031063e-01
3.500000e-01 7.926510e-01
3.600000e-01 7.820325e-01
3.700000e-01 7.712607e-01
3.800000e-01 7.603456e-01
3.900000e-01 7.492971e-01
4.000000e-01 7.381252e-01
4.100000e-01 7.268397e-01
4.200000e-01 7.154506e-01
4.300000e-01 7.039676e-01
4.400000e-01 6.924006e-01
4.500000e-01 6.807591e-01
4.600000e-01 6.690527e-01
4.700000e-01 6.572910e-01
4.800000e-01 6.454832e-01
4.900000e-01 6.336385e-01
5.000000e-01 6.217660e-01
5.100000e-01 6.098745e-01
5.200000e-01 5.979728e-01
5.300000e-01 5.860695e-01
5.400000e-01 5.741728e-01
5.500000e-01 5.622908e-01
5.600000e-01 5.504317e-01
5.700000e-01 5.386030e-01
5.800000e-01 5.268123e-01
5.900000e-01 5.150669e-01
6.000000e-01 5.033738e-01
6.100000e-01 4.917398e-01
6.200000e-01 4.801715e-01
6.300000e-01 4.686753e-01
6.400000e-01 4.572571e-01
6.500000e-01 4.459228e-01
6.600000e-01 4.346779e-01
6.700000e-01 4.235278e-01
6.800000e-01 4.124775e-01
6.900000e-01 4.015317e-01
7.000000e-01 3.906951e-01
7.100000e-01 3.799718e-01
7.200000e-01 3.693660e-01
7.300000e-01 3.588813e-01
7.400000e-01 3.485213e-01
7.500000e-01 3.382892e-01
7.600000e-01 3.281880e-01
7.700000e-01 3.182206e-01
7.800000e-01 3.083895e-01
7.900000e-01 2.986969e-01
8.000000e-01 2.891450e-01
8.100000e-01 2.797356e-01
8.200000e-01 2.704703e-01
8.300000e-01 2.613506e-01
8.400000e-01 2.523777e-01
8.500000e-01 2.435526e-01
8.600000e-01 2.348761e-01
8.700000e-01 2.263489e-01
8.800000e-01 2.179715e-01
8.900000e-01 2.097441e-01
9.000000e-01 2.016669e-01
9.100000e-01 1.937398e-01
9.200000e-01 1.859627e-01
9.300000e-01 1.783353e-01
9.400000e-01 1.708570e-01
9.500000e-01 1.635274e-01
9.600000e-01 1.563457e-01
9.700000e-01 1.493111e-01
9.800000e-01 1.424227e-01
9.900000e-01 1.356795e-01
1.000000e+00 1.290804e-01
1.010000e+00 1.226241e-01
1.020000e+00 1.163095e-01
1.030000e+00 1.101351e-01
1.040000e+00 1.040997e-01
1.050000e+00 9.820167e-02
1.060000e+00 9.243959e-02
1.070000e+00 8.681189e-02
1.080000e+00 8.131699e-02
1.090000e+00 7.595327e-02
1.100000e+00 7.071908e-02
1.110000e+00 6.561275e-02
1.120000e+00 6.063260e-02
1.130000e+00 5.577693e-02
1.140000e+00 5.104403e-02
1.150000e+00 4.643218e-02
1.160000e+00 4.193969e-02
1.170000e+00 3.756482e-02
1.180000e+00 3.330590e-02
1.190000e+00 2.916122e-02
1.200000e+00 2.512910e-02
1.210000e+00 2.120789e-02
1.220000e+00 1.739593e-02
1.230000e+00 1.369159e-02
1.240000e+00 1.009327e-02
1.250000e+00 6.599393e-03
1.260000e+00 3.208390e-03
1.270000e+00 -8.126811e-05
1.280000e+00 -3.271090e-03
1.290000e+00 -6.362555e-03
1.300000e+00 -9.357118e-03
1.310000e+00 -1.225620e-02
1.320000e+00 -1.506121e-02
1.330000e+00 -1.777351e-02
1.340000e+00 -2.039444e-02
1.350000e+00 -2.292532e-02
1.360000e+00 -2.536745e-02
1.370000e+00 -2.772208e-02
1.380000e+00 -2.999045e-02
1.390000e+00 -3.217379e-02
1.400000e+00 -3.427328e-02
1.410000e+00 -3.629010e-02
1.420000e+00 -3.822540e-02
1.430000e+00 -4.008031e-02
1.440000e+00 -4.185595e-02
1.450000e+00 -4.355341e-02
1.460000e+00 -4.517379e-02
1.470000e+00 -4.671815e-02
1.480000e+00 -4.818754e-02
1.490000e+00 -4.958303e-02
1.500000e+00 -5.090565e-02
1.510000e+00 -5.215643e-02
1.520000e+00 -5.333640e-02
1.530000e+00 -5.444658e-02
1.540000e+00 -5.548799e-02
1.550000e+00 -5.646165e-02
1.560000e+00 -5.736858e-02
1.570000e+00 -5.820980e-02
1.580000e+00 -5.898632e-02
1.590000e+00 -5.969917e-02
1.600000e+00 -6.034938e-02
1.610000e+00 -6.093799e-02
1.620000e+00 -6.146602e-02
1.630000e+00 -6.193453e-02
1.640000e+00 -6.234457e-02
1.650000e+00 -6.269721e-02
1.660000e+00 -6.299350e-02
1.670000e+00 -6.323454e-02
1.680000e+00 -6.342141e-02
1.690000e+00 -6.355521e-02
1.700000e+00 -6.363705e-02
1.710000e+00 -6.366804e-02
1.720000e+00 -6.364932e-02
1.730000e+00 -6.358201e-02
1.740000e+00 -6.346726e-02
1.750000e+00 -6.330624e-02
1.760000e+00 -6.310009e-02
1.770000e+00 -6.284999e-02
1.780000e+00 -6.255712e-02
1.790000e+00 -6.222266e-02
1.800000e+00 -6.184779e-02
1.810000e+00 -6.143372e-02
1.820000e+00 -6.098164e-02
1.830000e+00 -6.049274e-02
1.840000e+00 -5.996823e-02
1.850000e+00 -5.940932e-02
1.860000e+00 -5.881719e-02
1.870000e+00 -5.819306e-02
1.880000e+00 -5.753811e-02
1.890000e+00 -5.685354e-02
1.900000e+00 -5.614054e-02
1.910000e+00 -5.540028e-02
1.920000e+00 -5.463393e-02
1.930000e+00 -5.384266e-02
1.940000e+00 -5.302762e-02
1.950000e+00 -5.218994e-02
1.960000e+00 -5.133076e-02
1.970000e+00 -5.045118e-02
1.980000e+00 -4.955229e-02
1.990000e+00 -4.863518e-02
2.000000e+00 -4.770090e-02
2.010000e+00 -4.675049e-02
2.020000e+00 -4.578498e-02
2.030000e+00 -4.480536e-02
2.040000e+00 -4.381260e-02
2.050000e+00 -4.280766e-02
2.060000e+00 -4.179147e-02
2.070000e+00 -4.076493e-02
2.080000e+00 -3.972891e-02
2.090000e+00 -3.868428e-02
2.100000e+00 -3.763184e-02
2.110000e+00 -3.657240e-02
2.120000e+00 -3.550673e-02
2.130000e+00 -3.443556e-02
2.140000e+00 -3.335962e-02
2.150000e+00 -3.227958e-02
2.160000e+00 -3.119610e-02
2.170000e+00 -3.010981e-02
2.180000e+00 -2.902131e-02
2.190000e+00 -2.793117e-02
2.200000e+00 -2.683993e-02
2.210000e+00 -2.574810e-02
2.220000e+00 -2.465619e-02
2.230000e+00 -2.356464e-02
2.240000e+00 -2.247390e-02
2.250000e+00 -2.138438e-02
2.260000e+00 -2.029647e-02
2.270000e+00 -1.921053e-02
2.280000e+00 -1.812690e-02
2.290000e+00 -1.704591e-02
2.300000e+00 -1.596785e-02
2.310000e+00 -1.489300e-02
2.320000e+00 -1.382164e-02
2.330000e+00 -1.275399e-02
2.340000e+00 -1.169030e-02
2.350000e+00 -1.063077e-02
2.360000e+00 -9.575607e-03
2.370000e+00 -8.525002e-03
2.380000e+00 -7.479133e-03
2.390000e+00 -6.438168e-03
2.400000e+00 -5.402268e-03
2.410000e+00 -4.371588e-03
2.420000e+00 -3.346278e-03
2.430000e+00 -2.326481e-03
2.440000e+00 -1.312340e-03
2.450000e+00 -3.039964e-04
2.460000e+00 6.984099e-04
2.470000e+00 1.694737e-03
2.480000e+00 2.684842e-03
2.490000e+00 3.668576e-03
2.500000e+00 4.645789e-03
2.510000e+00 5.616323e-03
2.520000e+00 6.580015e-03
2.530000e+00 7.536694e-03
2.540000e+00 8.486179e-03
2.550000e+00 9.428284e-03
2.560000e+00 1.036281e-02
2.570000e+00 1.128955e-02
2.580000e+00 1.220828e-02
2.590000e+00 1.311877e-02
2.600000e+00 1.402078e-02
2.610000e+00 1.491406e-02
2.620000e+00 1.579833e-02
2.630000e+00 1.667332e-02
2.640000e+00 1.753874e-02
2.650000e+00 1.839427e-02
2.660000e+00 1.923961e-02
2.670000e+00 2.007442e-02
2.680000e+00 2.089836e-02
2.690000e+00 2.171109e-02
2.700000e+00 2.251223e-02
2.710000e+00 2.330142e-02
2.720000e+00 2.407827e-02
2.730000e+00 2.484239e-02
2.740000e+00 2.559338e-02
2.750000e+00 2.633083e-02
2.760000e+00 2.705433e-02
2.770000e+00 2.776347e-02
2.780000e+00 2.845782e-02
2.790000e+00 2.913695e-02
2.800000e+00 2.980045e-02
2.810000e+00 3.044788e-02
2.820000e+00 3.107883e-02
2.830000e+00 3.169286e-02
2.840000e+00 3.228956e-02
2.850000e+00 3.286851e-02
2.860000e+00 3.342932e-02
2.870000e+00 3.397158e-02
2.880000e+00 3.449490e-02
2.890000e+00 3.499891e-02
2.900000e+00 3.548323e-02
2.910000e+00 3.594753e-02
2.920000e+00 3.639147e-02
2.930000e+00 3.681473e-02
2.940000e+00 3.721700e-02
2.950000e+00 3.759802e-02
2.960000e+00 3.795752e-02
2.970000e+00 3.829527e-02
2.980000e+00 3.861105e-02
2.990000e+00 3.890468e-02
3.000000e+00 3.917601e-02
3.010000e+00 3.942489e-02
3.020000e+00 3.965121e-02
3.030000e+00 3.985492e-02
3.040000e+00 4.003595e-02
3.050000e+00 4.019430e-02
3.060000e+00 4.032997e-02
3.070000e+00 4.044302e-02
3.080000e+00 4.053353e-02
3.090000e+00 4.060161e-02
3.100000e+00 4.064741e-02
3.110000e+00 4.067109e-02
3.120000e+00 4.067289e-02
3.130000e+00 4.065304e-02
3.140000e+00 4.061182e-02
3.150000e+00 4.054955e-02
3.160000e+00 4.046656e-02
3.170000e+00 4.036323e-02
3.180000e+00 4.023997e-02
3.190000e+00 4.009722e-02
3.200000e+00 3.993544e-02
3.210000e+00 3.975514e-02
3.220000e+00 3.955683e-02
3.230000e+00 3.934107e-02
3.240000e+00 3.910844e-02
3.250000e+00 3.885953e-02
3.260000e+00 3.859498e-02
3.270000e+00 3.831542e-02
3.280000e+00 3.802153e-02
3.290000e+00 3.771398e-02
3.300000e+00 3.739349e-02
3.310000e+00 3.706077e-02
3.320000e+00 3.671655e-02
3.330000e+00 3.636157e-02
3.340000e+00 3.599658e-02
3.350000e+00 3.562234e-02
3.360000e+00 3.523963e-02
3.370000e+00 3.484919e-02
3.380000e+00 3.445182e-02
3.390000e+00 3.404827e-02
3.400000e+00 3.363931e-02
3.410000e+00 3.322571e-02
3.420000e+00 3.280823e-02
3.430000e+00 3.238762e-02
3.440000e+00 3.196461e-02
3.450000e+00 3.153993e-02
3.460000e+00 3.111430e-02
3.470000e+00 3.068841e-02
3.480000e+00 3.026294e-02
3.490000e+00 2.983855e-02
3.500000e+00 2.941588e-02
3.510000e+00 2.899554e-02
3.520000e+00 2.857814e-02
3.530000e+00 2.816422e-02
3.540000e+00 2.775434e-02
3.550000e+00 2.734901e-02
3.560000e+00 2.694869e-02
3.570000e+00 2.655385e-02
3.580000e+00 2.616489e-02
3.590000e+00 2.578222e-02
3.600000e+00 2.540617e-02
3.610000e+00 2.503707e-02
3.620000e+00 2.467519e-02
3.630000e+00 2.432079e-02
3.640000e+00 2.397408e-02
3.650000e+00 2.363523e-02
3.660000e+00 2.330438e-02
3.670000e+00 2.298164e-02
3.680000e+00 2.266708e-02
3.690000e+00 2.236073e-02
3.700000e+00 2.206259e-02
3.710000e+00 2.177261e-02
3.720000e+00 2.149073e-02
3.730000e+00 2.121685e-02
3.740000e+00 2.095082e-02
3.750000e+00 2.069248e-02
3.760000e+00 2.044163e-02
3.770000e+00 2.019803e-02
3.780000e+00 1.996143e-02
3.790000e+00 1.973154e-02
3.800000e+00 1.950805e-02
3.810000e+00 1.929062e-02
3.820000e+00 1.907889e-02
3.830000e+00 1.887249e-02
3.840000e+00 1.867101e-02
3.850000e+00 1.847403e-02
3.860000e+00 1.828112e-02
3.870000e+00 1.809182e-02
3.880000e+00 1.790568e-02
3.890000e+00 1.772221e-02
3.900000e+00 1.754095e-02
3.910000e+00 1.736138e-02
3.920000e+00 1.718302e-02
3.930000e+00 1.700538e-02
3.940000e+00 1.682793e-02
3.950000e+00 1.665020e-02
3.960000e+00 1.647167e-02
3.970000e+00 1.629185e-02
3.980000e+00 1.611025e-02
3.990000e+00 1.592639e-02
4.000000e+00 1.573979e-02
4.010000e+00 1.555000e-02
4.020000e+00 1.535656e-02
4.030000e+00 1.515904e-02
4.040000e+00 1.495701e-02
4.050000e+00 1.475007e-02
4.060000e+00 1.453784e-02
4.070000e+00 1.431995e-02
4.080000e+00 1.409605e-02
4.090000e+00 1.386583e-02
4.100000e+00 1.362898e-02
4.110000e+00 1.338522e-02
4.120000e+00 1.313431e-02
4.130000e+00 1.287601e-02
4.140000e+00 1.261012e-02
4.150000e+00 1.233648e-02
4.160000e+00 1.205494e-02
4.170000e+00 1.176536e-02
4.180000e+00 1.146767e-02
4.190000e+00 1.116180e-02
4.200000e+00 1.084772e-02
4.210000e+00 1.052540e-02
4.220000e+00 1.019488e-02
4.230000e+00 9.856199e-03
4.240000e+00 9.509431e-03
4.250000e+00 9.154677e-03
4.260000e+00 8.792062e-03
4.270000e+00 8.421738e-03
4.280000e+00 8.043883e-03
4.290000e+00 7.658697e-03
4.300000e+00 7.266403e-03
4.310000e+00 6.867248e-03
4.320000e+00 6.461499e-03
4.330000e+00 6.049444e-03
4.340000e+00 5.631389e-03
4.350000e+00 5.207660e-03
4.360000e+00 4.778597e-03
4.370000e+00 4.344556e-03
4.380000e+00 3.905911e-03
4.390000e+00 3.463043e-03
4.400000e+00 3.016348e-03
4.410000e+00 2.566232e-03
4.420000e+00 2.113108e-03
4.430000e+00 1.657398e-03
4.440000e+00 1.199529e-03
4.450000e+00 7.399307e-04
4.460000e+00 2.790389e-04
4.470000e+00 -1.827113e-04
4.480000e+00 -6.448840e-04
4.490000e+00 -1.107045e-03
4.500000e+00 -1.568761e-03
4.510000e+00 -2.029607e-03
4.520000e+00 -2.489158e-03
4.530000e+00 -2.946998e-03
4.540000e+00 -3.402721e-03
4.550000e+00 -3.855927e-03
4.560000e+00 -4.306226e-03
4.570000e+00 -4.753241e-03
4.580000e+00 -5.196606e-03
4.590000e+00 -5.635970e-03
4.600000e+00 -6.070993e-03
4.610000e+00 -6.501353e-03
4.620000e+00 -6.926742e-03
4.630000e+00 -7.346869e-03
4.640000e+00 -7.761460e-03
4.650000e+00 -8.170259e-03
4.660000e+00 -8.573026e-03
4.670000e+00 -8.969542e-03
4.680000e+00 -9.359606e-03
4.690000e+00 -9.743035e-03
4.700000e+00 -1.011967e-02
4.710000e+00 -1.048936e-02
4.720000e+00 -1.085199e-02
4.730000e+00 -1.120745e-02
4.740000e+00 -1.155565e-02
4.750000e+00 -1.189654e-02
4.760000e+00 -1.223005e-02
4.770000e+00 -1.255617e-02
4.780000e+00 -1.287488e-02
4.790000e+00 -1.318618e-02
4.800000e+00 -1.349010e-02
4.810000e+00 -1.378669e-02
4.820000e+00 -1.407599e-02
4.830000e+00 -1.435807e-02
4.840000e+00 -1.463303e-02
4.850000e+00 -1.490095e-02
4.860000e+00 -1.516196e-02
4.870000e+00 -1.541616e-02
4.880000e+00 -1.566370e-02
4.890000e+00 -1.590472e-02
4.900000e+00 -1.613937e-02
4.910000e+00 -1.636781e-02
4.920000e+00 -1.659020e-02
4.930000e+00 -1.680673e-02
4.940000e+00 -1.701756e-02
4.950000e+00 -1.722288e-02
4.960000e+00 -1.742286e-02
4.970000e+00 -1.761770e-02
4.980000e+00 -1.780757e-02
4.990000e+00 -1.799267e-02
5.000000e+00 -1.817317e-02
5.010000e+00 -1.834924e-02
5.020000e+00 -1.852108e-02
5.030000e+00 -1.868883e-02
5.040000e+00 -1.885267e-02
5.050000e+00 -1.901275e-02
5.060000e+00 -1.916923e-02
5.070000e+00 -1.932223e-02
5.080000e+00 -1.947189e-02
5.090000e+00 -1.961832e-02
5.100000e+00 -1.976164e-02
5.110000e+00 -1.990193e-02
5.120000e+00 -2.003928e-02
5.130000e+00 -2.017376e-02
5.140000e+00 -2.030542e-02
5.150000e+00 -2.043429e-02
5.160000e+00 -2.056041e-02
5.170000e+00 -2.068378e-02
5.180000e+00 -2.080440e-02
5.190000e+00 -2.092223e-02
5.200000e+00 -2.103725e-02
5.210000e+00 -2.114939e-02
5.220000e+00 -2.125858e-02
5.230000e+00 -2.136473e-02
5.240000e+00 -2.146773e-02
5.250000e+00 -2.156746e-02
5.260000e+00 -2.166379e-02
5.270000e+00 -2.175654e-02
5.280000e+00 -2.184556e-02
5.290000e+00 -2.193066e-02
5.300000e+00 -2.201163e-02
5.310000e+00 -2.208825e-02
5.320000e+00 -2.216030e-02
5.330000e+00 -2.222753e-02
5.340000e+00 -2.228969e-02
5.350000e+00 -2.234650e-02
5.360000e+00 -2.239769e-02
5.370000e+00 -2.244297e-02
5.380000e+00 -2.248203e-02
5.390000e+00 -2.251457e-02
5.400000e+00 -2.254028e-02
5.410000e+00 -2.255882e-02
5.420000e+00 -2.256988e-02
5.430000e+00 -2.257313e-02
5.440000e+00 -2.256822e-02
5.450000e+00 -2.255482e-02
5.460000e+00 -2.253260e-02
5.470000e+00 -2.250122e-02
5.480000e+00 -2.246034e-02
5.490000e+00 -2.240963e-02
5.500000e+00 -2.234877e-02
5.510000e+00 -2.227742e-02
5.520000e+00 -2.219529e-02
5.530000e+00 -2.210206e-02
5.540000e+00 -2.199743e-02
5.550000e+00 -2.188112e-02
5.560000e+00 -2.175285e-02
5.570000e+00 -2.161236e-02
5.580000e+00 -2.145941e-02
5.590000e+00 -2.129376e-02
5.600000e+00 -2.111521e-02
5.610000e+00 -2.092355e-02
5.620000e+00 -2.071862e-02
5.630000e+00 -2.050025e-02
5.640000e+00 -2.026831e-02
5.650000e+00 -2.002269e-02
5.660000e+00 -1.976330e-02
5.670000e+00 -1.949008e-02
5.680000e+00 -1.920300e-02
5.690000e+00 -1.890203e-02
5.700000e+00 -1.858719e-02
5.710000e+00 -1.825852e-02
5.720000e+00 -1.791611e-02
5.730000e+00 -1.756003e-02
5.740000e+00 -1.719043e-02
5.750000e+00 -1.680745e-02
5.760000e+00 -1.641130e-02
5.770000e+00 -1.600217e-02
5.780000e+00 -1.558033e-02
5.790000e+00 -1.514605e-02
5.800000e+00 -1.469963e-02
5.810000e+00 -1.424142e-02
5.820000e+00 -1.377178e-02
5.830000e+00 -1.329112e-02
5.840000e+00 -1.279986e-02
5.850000e+00 -1.229845e-02
5.860000e+00 -1.178738e-02
5.870000e+00 -1.126717e-02
5.880000e+00 -1.073836e-02
5.890000e+00 -1.020150e-02
5.900000e+00 -9.657202e-03
5.910000e+00 -9.106072e-03
5.920000e+00 -8.548753e-03
5.930000e+00 -7.985907e-03
5.940000e+00 -7.418218e-03
5.950000e+00 -6.846391e-03
5.960000e+00 -6.271149e-03
5.970000e+00 -5.693232e-03
5.980000e+00 -5.113396e-03
5.990000e+00 -4.532412e-03
6.000000e+00 -3.951064e-03
6.010000e+00 -3.370145e-03
6.020000e+00 -2.790461e-03
6.030000e+00 -2.212823e-03
6.040000e+00 -1.638049e-03
6.050000e+00 -1.066961e-03
6.060000e+00 -5.003848e-04
6.070000e+00 6.085499e-05
6.080000e+00 6.159344e-04
6.090000e+00 1.164033e-03
6.100000e+00 1.704335e-03
6.110000e+00 2.236031e-03
6.120000e+00 2.758323e-03
6.130000e+00 3.270421e-03
6.140000e+00 3.771551e-03
6.150000e+00 4.260949e-03
6.160000e+00 4.737873e-03
6.170000e+00 5.201594e-03
6.180000e+00 5.651408e-03
6.190000e+00 6.086630e-03
6.200000e+00 6.506599e-03
6.210000e+00 6.910680e-03
6.220000e+00 7.298265e-03
6.230000e+00 7.668773e-03
6.240000e+00 8.021654e-03
6.250000e+00 8.356390e-03
6.260000e+00 8.672496e-03
6.270000e+00 8.969518e-03
6.280000e+00 9.247040e-03
6.290000e+00 9.504682e-03
6.300000e+00 9.742101e-03
6.310000e+00 9.958991e-03
6.320000e+00 1.015509e-02
6.330000e+00 1.033016e-02
6.340000e+00 1.048402e-02
6.350000e+00 1.061654e-02
6.360000e+00 1.072759e-02
6.370000e+00 1.081712e-02
6.380000e+00 1.088511e-02
6.390000e+00 1.093158e-02
6.400000e+00 1.095659e-02
6.410000e+00 1.096024e-02
6.420000e+00 1.094267e-02
6.430000e+00 1.090408e-02
6.440000e+00 1.084468e-02
6.450000e+00 1.076474e-02
6.460000e+00 1.066456e-02
6.470000e+00 1.054449e-02
6.480000e+00 1.040490e-02
6.490000e+00 1.024620e-02
6.500000e+00 1.006884e-02
6.510000e+00 9.873309e-03
6.520000e+00 9.660114e-03
6.530000e+00 9.429800e-03
6.540000e+00 9.182942e-03
6.550000e+00 8.920141e-03
6.560000e+00 8.642022e-03
6.570000e+00 8.349238e-03
6.580000e+00 8.042460e-03
6.590000e+00 7.722384e-03
6.600000e+00 7.389721e-03
6.610000e+00 7.045199e-03
6.620000e+00 6.689563e-03
6.630000e+00 6.323568e-03
6.640000e+00 5.947981e-03
6.650000e+00 5.563576e-03
6.660000e+00 5.171135e-03
6.670000e+00 4.771443e-03
6.680000e+00 4.365288e-03
6.690000e+00 3.953458e-03
6.700000e+00 3.536739e-03
6.710000e+00 3.115912e-03
6.720000e+00 2.691755e-03
6.730000e+00 2.265035e-03
6.740000e+00 1.836511e-03
6.750000e+00 1.406929e-03
6.760000e+00 9.770233e-04
6.770000e+00 5.475119e-04
6.780000e+00 1.190961e-04
6.790000e+00 -3.075411e-04
6.800000e+00 -7.317366e-04
6.810000e+00 -1.152849e-03
6.820000e+00 -1.570259e-03
6.830000e+00 -1.983372e-03
6.840000e+00 -2.391618e-03
6.850000e+00 -2.794453e-03
6.860000e+00 -3.191360e-03
6.870000e+00 -3.581851e-03
6.880000e+00 -3.965465e-03
6.890000e+00 -4.341771e-03
6.900000e+00 -4.710368e-03
6.910000e+00 -5.070884e-03
6.920000e+00 -5.422979e-03
6.930000e+00 -5.766341e-03
6.940000e+00 -6.100690e-03
6.950000e+00 -6.425777e-03
6.960000e+00 -6.741383e-03
6.970000e+00 -7.047316e-03
6.980000e+00 -7.343417e-03
6.990000e+00 -7.629554e-03
7.000000e+00 -7.905625e-03
7.010000e+00 -8.171552e-03
7.020000e+00 -8.427288e-03
7.030000e+00 -8.672808e-03
7.040000e+00 -8.908114e-03
7.050000e+00 -9.133231e-03
7.060000e+00 -9.348205e-03
7.070000e+00 -9.553105e-03
7.080000e+00 -9.748020e-03
7.090000e+00 -9.933056e-03
7.100000e+00 -1.010834e-02
7.110000e+00 -1.027400e-02
7.120000e+00 -1.043020e-02
7.130000e+00 -1.057710e-02
7.140000e+00 -1.071488e-02
7.150000e+00 -1.084373e-02
7.160000e+00 -1.096383e-02
7.170000e+00 -1.107539e-02
7.180000e+00 -1.117861e-02
7.190000e+00 -1.127369e-02
7.200000e+00 -1.136084e-02
7.210000e+00 -1.144028e-02
7.220000e+00 -1.151219e-02
7.230000e+00 -1.157680e-02
7.240000e+00 -1.163428e-02
7.250000e+00 -1.168483e-02
7.260000e+00 -1.172864e-02
7.270000e+00 -1.176587e-02
7.280000e+00 -1.179669e-02
7.290000e+00 -1.182125e-02
7.300000e+00 -1.183969e-02
7.310000e+00 -1.185214e-02
7.320000e+00 -1.185869e-02
7.330000e+00 -1.185946e-02
7.340000e+00 -1.185452e-02
7.350000e+00 -1.184393e-02
7.360000e+00 -1.182774e-02
7.370000e+00 -1.180598e-02
7.380000e+00 -1.177867e-02
7.390000e+00 -1.174578e-02
7.400000e+00 -1.170730e-02
7.410000e+00 -1.166320e-02
7.420000e+00 -1.161339e-02
7.430000e+00 -1.155782e-02
7.440000e+00 -1.149638e-02
7.450000e+00 -1.142896e-02
7.460000e+00 -1.135544e-02
7.470000e+00 -1.127567e-02
7.480000e+00 -1.118949e-02
7.490000e+00 -1.109674e-02
7.500000e+00 -1.099722e-02
7.510000e+00 -1.089075e-02
7.520000e+00 -1.077711e-02
7.530000e+00 -1.065609e-02
7.540000e+00 -1.052746e-02
7.550000e+00 -1.039099e-02
7.560000e+00 -1.024645e-02
7.570000e+00 -1.009359e-02
7.580000e+00 -9.932171e-03
7.590000e+00 -9.761949e-03
7.600000e+00 -9.582679e-03
7.610000e+00 -9.394119e-03
7.620000e+00 -9.196034e-03
7.630000e+00 -8.988189e-03
7.640000e+00 -8.770362e-03
7.650000e+00 -8.542336e-03
7.660000e+00 -8.303907e-03
7.670000e+00 -8.054880e-03
7.680000e+00 -7.795078e-03
7.690000e+00 -7.524337e-03
7.700000e+00 -7.242510e-03
7.710000e+00 -6.949469e-03
7.720000e+00 -6.645105e-03
7.730000e+00 -6.329332e-03
7.740000e+00 -6.002086e-03
7.750000e+00 -5.663326e-03
7.760000e+00 -5.313038e-03
7.770000e+00 -4.951232e-03
7.780000e+00 -4.577946e-03
7.790000e+00 -4.193248e-03
7.800000e+00 -3.797233e-03
7.810000e+00 -3.390026e-03
7.820000e+00 -2.971783e-03
7.830000e+00 -2.542690e-03
7.840000e+00 -2.102966e-03
7.850000e+00 -1.652861e-03
7.860000e+00 -1.192655e-03
7.870000e+00 -7.226624e-04
7.880000e+00 -2.432278e-04
7.890000e+00 2.452718e-04
7.900000e+00 7.424285e-04
7.910000e+00 1.247803e-03
7.920000e+00 1.760926e-03
7.930000e+00 2.281298e-03
7.940000e+00 2.808391e-03
7.950000e+00 3.341648e-03
7.960000e+00 3.880486e-03
7.970000e+00 4.424295e-03
7.980000e+00 4.972441e-03
7.990000e+00 5.524265e-03
8.000000e+00 6.079088e-03
8.010000e+00 6.636209e-03
8.020000e+00 7.194907e-03
8.030000e+00 7.754445e-03
8.040000e+00 8.314071e-03
8.050000e+00 8.873017e-03
8.060000e+00 9.430505e-03
8.070000e+00 9.985746e-03
8.080000e+00 1.053794e-02
8.090000e+00 1.108629e-02
8.100000e+00 1.162999e-02
8.110000e+00 1.216822e-02
8.120000e+00 1.270018e-02
8.130000e+00 1.322507e-02
8.140000e+00 1.374207e-02
8.150000e+00 1.425041e-02
8.160000e+00 1.474929e-02
8.170000e+00 1.523793e-02
8.180000e+00 1.571559e-02
8.190000e+00 1.618150e-02
8.200000e+00 1.663495e-02
8.210000e+00 1.707523e-02
8.220000e+00 1.750164e-02
8.230000e+00 1.791353e-02
8.240000e+00 1.831026e-02
8.250000e+00 1.869121e-02
8.260000e+00 1.905581e-02
8.270000e+00 1.940351e-02
8.280000e+00 1.973378e-02
8.290000e+00 2.004614e-02
8.300000e+00 2.034013e-02
8.310000e+00 2.061536e-02
8.320000e+00 2.087143e-02
8.330000e+00 2.110802e-02
8.340000e+00 2.132483e-02
8.350000e+00 2.152159e-02
8.360000e+00 2.169810e-02
8.370000e+00 2.185418e-02
8.380000e+00 2.198970e-02
8.390000e+00 2.210457e-02
8.400000e+00 2.219874e-02
8.410000e+00 2.227223e-02
8.420000e+00 2.232506e-02
8.430000e+00 2.235733e-02
8.440000e+00 2.236916e-02
8.450000e+00 2.236073e-02
8.460000e+00 2.233225e-02
8.470000e+00 2.228398e-02
8.480000e+00 2.221621e-02
8.490000e+00 2.212929e-02
8.500000e+00 2.202358e-02
8.510000e+00 2.189950e-02
8.520000e+00 2.175751e-02
8.530000e+00 2.159810e-02
8.540000e+00 2.142178e-02
8.550000e+00 2.122911e-02
8.560000e+00 2.102069e-02
8.570000e+00 2.079712e-02
8.580000e+00 2.055906e-02
8.590000e+00 2.030717e-02
8.600000e+00 2.004216e-02
8.610000e+00 1.976474e-02
8.620000e+00 1.947566e-02
8.630000e+00 1.917566e-02
8.640000e+00 1.886554e-02
8.650000e+00 1.854607e-02
8.660000e+00 1.821806e-02
8.670000e+00 1.788233e-02
8.680000e+00 1.753969e-02
8.690000e+00 1.719097e-02
8.700000e+00 1.683700e-02
8.710000e+00 1.647861e-02
8.720000e+00 1.611663e-02
8.730000e+00 1.575189e-02
8.740000e+00 1.538521e-02
8.750000e+00 1.501740e-02
8.760000e+00 1.464927e-02
8.770000e+00 1.428161e-02
8.780000e+00 1.391520e-02
8.790000e+00 1.355080e-02
8.800000e+00 1.318917e-02
8.810000e+00 1.283101e-02
8.820000e+00 1.247705e-02
8.830000e+00 1.212795e-02
8.840000e+00 1.178438e-02
8.850000e+00 1.144697e-02
8.860000e+00 1.111632e-02
8.870000e+00 1.079299e-02
8.880000e+00 1.047754e-02
8.890000e+00 1.017046e-02
8.900000e+00 9.872249e-03
8.910000e+00 9.583334e-03
8.920000e+00 9.304127e-03
8.930000e+00 9.034999e-03
8.940000e+00 8.776285e-03
8.950000e+00 8.528283e-03
8.960000e+00 8.291252e-03
8.970000e+00 8.065415e-03
8.980000e+00 7.850955e-03
8.990000e+00 7.648018e-03
9.000000e+00 7.456711e-03
9.010000e+00 7.277102e-03
9.020000e+00 7.109222e-03
9.030000e+00 6.953063e-03
9.040000e+00 6.808580e-03
9.050000e+00 6.675692e-03
9.060000e+00 6.554280e-03
9.070000e+00 6.444192e-03
9.080000e+00 6.345237e-03
9.090000e+00 6.257196e-03
9.100000e+00 6.179812e-03
9.110000e+00 6.112800e-03
9.120000e+00 6.055844e-03
9.130000e+00 6.008597e-03
9.140000e+00 5.970686e-03
9.150000e+00 5.941712e-03
9.160000e+00 5.921250e-03
9.170000e+00 5.908853e-03
9.180000e+00 5.904052e-03
9.190000e+00 5.906358e-03
9.200000e+00 5.915264e-03
9.210000e+00 5.930247e-03
9.220000e+00 5.950769e-03
9.230000e+00 5.976280e-03
9.240000e+00 6.006220e-03
9.250000e+00 6.040017e-03
9.260000e+00 6.077096e-03
9.270000e+00 6.116874e-03
9.280000e+00 6.158766e-03
9.290000e+00 6.202185e-03
9.300000e+00 6.246547e-03
9.310000e+00 6.291267e-03
9.320000e+00 6.335768e-03
9.330000e+00 6.379475e-03
9.340000e+00 6.421825e-03
9.350000e+00 6.462263e-03
9.360000e+00 6.500244e-03
9.370000e+00 6.535239e-03
9.380000e+00 6.566730e-03
9.390000e+00 6.594219e-03
9.400000e+00 6.617223e-03
9.410000e+00 6.635279e-03
9.420000e+00 6.647945e-03
9.430000e+00 6.654798e-03
9.440000e+00 6.655440e-03
9.450000e+00 6.649496e-03
9.460000e+00 6.636617e-03
9.470000e+00 6.616478e-03
9.480000e+00 6.588781e-03
9.490000e+00 6.553256e-03
9.500000e+00 6.509660e-03
9.510000e+00 6.457778e-03
9.520000e+00 6.397426e-03
9.530000e+00 6.328446e-03
9.540000e+00 6.250711e-03
9.550000e+00 6.164123e-03
9.560000e+00 6.068615e-03
9.570000e+00 5.964147e-03
9.580000e+00 5.850710e-03
9.590000e+00 5.728323e-03
9.600000e+00 5.597034e-03
9.610000e+00 5.456920e-03
9.620000e+00 5.308084e-03
9.630000e+00 5.150657e-03
9.640000e+00 4.984797e-03
9.650000e+00 4.810687e-03
9.660000e+00 4.628535e-03
9.670000e+00 4.438571e-03
9.680000e+00 4.241051e-03
9.690000e+00 4.036251e-03
9.700000e+00 3.824466e-03
9.710000e+00 3.606015e-03
9.720000e+00 3.381230e-03
9.730000e+00 3.150464e-03
9.740000e+00 2.914084e-03
9.750000e+00 2.672472e-03
9.760000e+00 2.426022e-03
9.770000e+00 2.175141e-03
9.780000e+00 1.920244e-03
9.790000e+00 1.661758e-03
9.800000e+00 1.400115e-03
9.810000e+00 1.135753e-03
9.820000e+00 8.691163e-04
9.830000e+00 6.006499e-04
9.840000e+00 3.308019e-04
9.850000e+00 6.002034e-05
9.860000e+00 -2.112477e-04
9.870000e+00 -4.825578e-04
9.880000e+00 -7.534691e-04
9.890000e+00 -1.023546e-03
9.900000e+00 -1.292358e-03
9.910000e+00 -1.559484e-03
9.920000e+00 -1.824510e-03
9.930000e+00 -2.087032e-03
9.940000e+00 -2.346656e-03
9.950000e+00 -2.603001e-03
9.960000e+00 -2.855698e-03
9.970000e+00 -3.104389e-03
9.980000e+00 -3.348734e-03
9.990000e+00 -3.588405e-03
1.000000e+01 -3.823091e-03
