    0.10000E-03    0.56370E+03
    0.10202E-03    0.57462E+03
    0.10408E-03    0.58575E+03
    0.10618E-03    0.59710E+03
    0.10833E-03    0.60867E+03
    0.11052E-03    0.62046E+03
    0.11275E-03    0.63248E+03
    0.11503E-03    0.64473E+03
    0.11735E-03    0.65721E+03
    0.11972E-03    0.66994E+03
    0.12214E-03    0.68292E+03
    0.12461E-03    0.69615E+03
    0.12712E-03    0.70963E+03
    0.12969E-03    0.72337E+03
    0.13231E-03    0.73738E+03
    0.13499E-03    0.75166E+03
    0.13771E-03    0.76621E+03
    0.14049E-03    0.78105E+03
    0.14333E-03    0.79617E+03
    0.14623E-03    0.81158E+03
    0.14918E-03    0.82730E+03
    0.15220E-03    0.84331E+03
    0.15527E-03    0.85964E+03
    0.15841E-03    0.87628E+03
    0.16161E-03    0.89324E+03
    0.16487E-03    0.91052E+03
    0.16820E-03    0.92814E+03
    0.17160E-03    0.94611E+03
    0.17507E-03    0.96441E+03
    0.17860E-03    0.98307E+03
    0.18221E-03    0.10021E+04
    0.18589E-03    0.10215E+04
    0.18965E-03    0.10412E+04
    0.19348E-03    0.10614E+04
    0.19739E-03    0.10819E+04
    0.20138E-03    0.11028E+04
    0.20544E-03    0.11242E+04
    0.20959E-03    0.11459E+04
    0.21383E-03    0.11680E+04
    0.21815E-03    0.11906E+04
    0.22255E-03    0.12136E+04
    0.22705E-03    0.12371E+04
    0.23164E-03    0.12610E+04
    0.23632E-03    0.12854E+04
    0.24109E-03    0.13102E+04
    0.24596E-03    0.13355E+04
    0.25093E-03    0.13613E+04
    0.25600E-03    0.13876E+04
    0.26117E-03    0.14144E+04
    0.26645E-03    0.14417E+04
    0.27183E-03    0.14695E+04
    0.27732E-03    0.14979E+04
    0.28292E-03    0.15268E+04
    0.28864E-03    0.15562E+04
    0.29447E-03    0.15863E+04
    0.30042E-03    0.16168E+04
    0.30649E-03    0.16480E+04
    0.31268E-03    0.16798E+04
    0.31899E-03    0.17122E+04
    0.32544E-03    0.17452E+04
    0.33201E-03    0.17788E+04
    0.33872E-03    0.18130E+04
    0.34556E-03    0.18479E+04
    0.35254E-03    0.18835E+04
    0.35966E-03    0.19198E+04
    0.36693E-03    0.19567E+04
    0.37434E-03    0.19943E+04
    0.38190E-03    0.20327E+04
    0.38962E-03    0.20717E+04
    0.39749E-03    0.21116E+04
    0.40552E-03    0.21521E+04
    0.41371E-03    0.21935E+04
    0.42207E-03    0.22356E+04
    0.43060E-03    0.22785E+04
    0.43929E-03    0.23222E+04
    0.44817E-03    0.23667E+04
    0.45722E-03    0.24121E+04
    0.46646E-03    0.24583E+04
    0.47588E-03    0.25054E+04
    0.48550E-03    0.25533E+04
    0.49530E-03    0.26022E+04
    0.50531E-03    0.26519E+04
    0.51552E-03    0.27026E+04
    0.52593E-03    0.27543E+04
    0.53656E-03    0.28069E+04
    0.54739E-03    0.28604E+04
    0.55845E-03    0.29150E+04
    0.56973E-03    0.29706E+04
    0.58124E-03    0.30272E+04
    0.59299E-03    0.30849E+04
    0.60496E-03    0.31436E+04
    0.61719E-03    0.32034E+04
    0.62965E-03    0.32642E+04
    0.64237E-03    0.33263E+04
    0.65535E-03    0.33894E+04
    0.66859E-03    0.34537E+04
    0.68210E-03    0.35192E+04
    0.69588E-03    0.35858E+04
    0.70993E-03    0.36537E+04
    0.72427E-03    0.37228E+04
    0.73891E-03    0.37931E+04
    0.75383E-03    0.38647E+04
    0.76906E-03    0.39377E+04
    0.78460E-03    0.40119E+04
    0.80045E-03    0.40874E+04
    0.81662E-03    0.41643E+04
    0.83311E-03    0.42426E+04
    0.84994E-03    0.43223E+04
    0.86711E-03    0.44033E+04
    0.88463E-03    0.44859E+04
    0.90250E-03    0.45698E+04
    0.92073E-03    0.46553E+04
    0.93933E-03    0.47422E+04
    0.95831E-03    0.48307E+04
    0.97767E-03    0.49207E+04
    0.99742E-03    0.50123E+04
    0.10176E-02    0.51055E+04
    0.10381E-02    0.52003E+04
    0.10591E-02    0.52967E+04
    0.10805E-02    0.53948E+04
    0.11023E-02    0.54946E+04
    0.11246E-02    0.55960E+04
    0.11473E-02    0.56992E+04
    0.11705E-02    0.58042E+04
    0.11941E-02    0.59109E+04
    0.12182E-02    0.60193E+04
    0.12429E-02    0.61296E+04
    0.12680E-02    0.62418E+04
    0.12936E-02    0.63558E+04
    0.13197E-02    0.64716E+04
    0.13464E-02    0.65894E+04
    0.13736E-02    0.67091E+04
    0.14013E-02    0.68308E+04
    0.14296E-02    0.69544E+04
    0.14585E-02    0.70800E+04
    0.14880E-02    0.72076E+04
    0.15180E-02    0.73372E+04
    0.15487E-02    0.74689E+04
    0.15800E-02    0.76026E+04
    0.16119E-02    0.77385E+04
    0.16445E-02    0.78764E+04
    0.16777E-02    0.80165E+04
    0.17116E-02    0.81587E+04
    0.17462E-02    0.83031E+04
    0.17814E-02    0.84496E+04
    0.18174E-02    0.85983E+04
    0.18541E-02    0.87493E+04
    0.18916E-02    0.89024E+04
    0.19298E-02    0.90579E+04
    0.19688E-02    0.92155E+04
    0.20086E-02    0.93754E+04
    0.20491E-02    0.95377E+04
    0.20905E-02    0.97022E+04
    0.21328E-02    0.98690E+04
    0.21758E-02    0.10038E+05
    0.22198E-02    0.10209E+05
    0.22646E-02    0.10383E+05
    0.23104E-02    0.10559E+05
    0.23571E-02    0.10738E+05
    0.24047E-02    0.10918E+05
    0.24533E-02    0.11101E+05
    0.25028E-02    0.11287E+05
    0.25534E-02    0.11475E+05
    0.26050E-02    0.11665E+05
    0.26576E-02    0.11857E+05
    0.27113E-02    0.12052E+05
    0.27660E-02    0.12249E+05
    0.28219E-02    0.12448E+05
    0.28789E-02    0.12650E+05
    0.29371E-02    0.12854E+05
    0.29964E-02    0.13060E+05
    0.30569E-02    0.13269E+05
    0.31187E-02    0.13479E+05
    0.31817E-02    0.13692E+05
    0.32460E-02    0.13907E+05
    0.33115E-02    0.14125E+05
    0.33784E-02    0.14344E+05
    0.34467E-02    0.14565E+05
    0.35163E-02    0.14789E+05
    0.35874E-02    0.15015E+05
    0.36598E-02    0.15242E+05
    0.37338E-02    0.15472E+05
    0.38092E-02    0.15703E+05
    0.38861E-02    0.15937E+05
    0.39646E-02    0.16172E+05
    0.40447E-02    0.16409E+05
    0.41264E-02    0.16647E+05
    0.42098E-02    0.16887E+05
    0.42948E-02    0.17129E+05
    0.43816E-02    0.17372E+05
    0.44701E-02    0.17618E+05
    0.45604E-02    0.17864E+05
    0.46525E-02    0.18109E+05
    0.47465E-02    0.18361E+05
    0.48424E-02    0.18615E+05
    0.49402E-02    0.18843E+05
    0.50400E-02    0.19053E+05
    0.51419E-02    0.19293E+05
    0.52457E-02    0.19551E+05
    0.53517E-02    0.19803E+05
    0.54598E-02    0.20053E+05
    0.55701E-02    0.20306E+05
    0.56826E-02    0.20559E+05
    0.57974E-02    0.20811E+05
    0.59145E-02    0.21063E+05
    0.60340E-02    0.21316E+05
    0.61559E-02    0.21568E+05
    0.62803E-02    0.21819E+05
    0.64072E-02    0.22070E+05
    0.65366E-02    0.22320E+05
    0.66686E-02    0.22569E+05
    0.68033E-02    0.22817E+05
    0.69408E-02    0.23064E+05
    0.70810E-02    0.23309E+05
    0.72240E-02    0.23552E+05
    0.73700E-02    0.23794E+05
    0.75189E-02    0.24033E+05
    0.76708E-02    0.24270E+05
    0.78257E-02    0.24505E+05
    0.79838E-02    0.24737E+05
    0.81451E-02    0.24966E+05
    0.83096E-02    0.25192E+05
    0.84775E-02    0.25414E+05
    0.86488E-02    0.25633E+05
    0.88235E-02    0.25848E+05
    0.90017E-02    0.26059E+05
    0.91836E-02    0.26266E+05
    0.93691E-02    0.26467E+05
    0.95583E-02    0.26664E+05
    0.97514E-02    0.26856E+05
    0.99484E-02    0.27042E+05
    0.10149E-01    0.27223E+05
    0.10354E-01    0.27397E+05
    0.10564E-01    0.27565E+05
    0.10777E-01    0.27727E+05
    0.10995E-01    0.27882E+05
    0.11217E-01    0.28029E+05
    0.11443E-01    0.28169E+05
    0.11675E-01    0.28301E+05
    0.11910E-01    0.28425E+05
    0.12151E-01    0.28540E+05
    0.12397E-01    0.28646E+05
    0.12647E-01    0.28744E+05
    0.12902E-01    0.28832E+05
    0.13163E-01    0.28910E+05
    0.13429E-01    0.28978E+05
    0.13700E-01    0.29036E+05
    0.13977E-01    0.29083E+05
    0.14259E-01    0.29119E+05
    0.14547E-01    0.29144E+05
    0.14841E-01    0.29158E+05
    0.15141E-01    0.29159E+05
    0.15447E-01    0.29148E+05
    0.15759E-01    0.29125E+05
    0.16077E-01    0.29089E+05
    0.16402E-01    0.29041E+05
    0.16734E-01    0.28979E+05
    0.17072E-01    0.28904E+05
    0.17416E-01    0.28816E+05
    0.17768E-01    0.28714E+05
    0.18127E-01    0.28598E+05
    0.18493E-01    0.28468E+05
    0.18867E-01    0.28325E+05
    0.19248E-01    0.28167E+05
    0.19637E-01    0.27995E+05
    0.20034E-01    0.27809E+05
    0.20438E-01    0.27610E+05
    0.20851E-01    0.27396E+05
    0.21272E-01    0.27169E+05
    0.21702E-01    0.26928E+05
    0.22141E-01    0.26674E+05
    0.22588E-01    0.26407E+05
    0.23044E-01    0.26126E+05
    0.23510E-01    0.25834E+05
    0.23985E-01    0.25530E+05
    0.24469E-01    0.25214E+05
    0.24964E-01    0.24887E+05
    0.25468E-01    0.24549E+05
    0.25982E-01    0.24202E+05
    0.26507E-01    0.23846E+05
    0.27043E-01    0.23481E+05
    0.27589E-01    0.23108E+05
    0.28146E-01    0.22729E+05
    0.28715E-01    0.22344E+05
    0.29295E-01    0.21954E+05
    0.29887E-01    0.21560E+05
    0.30490E-01    0.21163E+05
    0.31106E-01    0.20764E+05
    0.31735E-01    0.20364E+05
    0.32376E-01    0.19965E+05
    0.33030E-01    0.19566E+05
    0.33697E-01    0.19170E+05
    0.34378E-01    0.18778E+05
    0.35072E-01    0.18389E+05
    0.35781E-01    0.18002E+05
    0.36504E-01    0.17620E+05
    0.37241E-01    0.17246E+05
    0.37993E-01    0.16880E+05
    0.38761E-01    0.16524E+05
    0.39544E-01    0.16179E+05
    0.40343E-01    0.15845E+05
    0.41158E-01    0.15524E+05
    0.41989E-01    0.15215E+05
    0.42838E-01    0.14920E+05
    0.43703E-01    0.14638E+05
    0.44586E-01    0.14369E+05
    0.45486E-01    0.14113E+05
    0.46405E-01    0.13869E+05
    0.47343E-01    0.13637E+05
    0.48299E-01    0.13417E+05
    0.49275E-01    0.13207E+05
    0.50270E-01    0.13006E+05
    0.51286E-01    0.12815E+05
    0.52322E-01    0.12633E+05
    0.53379E-01    0.12459E+05
    0.54457E-01    0.12289E+05
    0.55557E-01    0.12125E+05
    0.56680E-01    0.11973E+05
    0.57825E-01    0.11825E+05
    0.58993E-01    0.11672E+05
    0.60184E-01    0.11511E+05
    0.61400E-01    0.11346E+05
    0.62641E-01    0.11176E+05
    0.63906E-01    0.10999E+05
    0.65197E-01    0.10813E+05
    0.66514E-01    0.10617E+05
    0.67858E-01    0.10410E+05
    0.69229E-01    0.10191E+05
    0.70627E-01    0.99593E+04
    0.72054E-01    0.97157E+04
    0.73510E-01    0.94605E+04
    0.74994E-01    0.91950E+04
    0.76509E-01    0.89207E+04
    0.78055E-01    0.86395E+04
    0.79632E-01    0.83540E+04
    0.81241E-01    0.80667E+04
    0.82882E-01    0.77805E+04
    0.84556E-01    0.74983E+04
    0.86264E-01    0.72229E+04
    0.88007E-01    0.69572E+04
    0.89785E-01    0.67038E+04
    0.91598E-01    0.64651E+04
    0.93449E-01    0.62431E+04
    0.95337E-01    0.60392E+04
    0.97263E-01    0.58544E+04
    0.99227E-01    0.56888E+04
    0.10123E+00    0.55422E+04
    0.10328E+00    0.54135E+04
    0.10536E+00    0.53012E+04
    0.10749E+00    0.52032E+04
    0.10966E+00    0.51168E+04
    0.11188E+00    0.50391E+04
    0.11414E+00    0.49665E+04
    0.11644E+00    0.48950E+04
    0.11880E+00    0.48205E+04
    0.12120E+00    0.47388E+04
    0.12365E+00    0.46466E+04
    0.12614E+00    0.45417E+04
    0.12869E+00    0.44235E+04
    0.13129E+00    0.42929E+04
    0.13394E+00    0.41523E+04
    0.13665E+00    0.40049E+04
    0.13941E+00    0.38540E+04
    0.14223E+00    0.37034E+04
    0.14510E+00    0.35565E+04
    0.14803E+00    0.34170E+04
    0.15102E+00    0.32884E+04
    0.15407E+00    0.31737E+04
    0.15718E+00    0.30747E+04
    0.16036E+00    0.29916E+04
    0.16360E+00    0.29226E+04
    0.16690E+00    0.28648E+04
    0.17028E+00    0.28146E+04
    0.17371E+00    0.27683E+04
    0.17722E+00    0.27222E+04
    0.18080E+00    0.26728E+04
    0.18446E+00    0.26172E+04
    0.18818E+00    0.25533E+04
    0.19198E+00    0.24810E+04
    0.19586E+00    0.24021E+04
    0.19982E+00    0.23197E+04
    0.20386E+00    0.22374E+04
    0.20797E+00    0.21584E+04
    0.21218E+00    0.20858E+04
    0.21646E+00    0.20221E+04
    0.22083E+00    0.19678E+04
    0.22530E+00    0.19223E+04
    0.22985E+00    0.18834E+04
    0.23449E+00    0.18477E+04
    0.23923E+00    0.18124E+04
    0.24406E+00    0.17751E+04
    0.24899E+00    0.17342E+04
    0.25402E+00    0.16890E+04
    0.25915E+00    0.16410E+04
    0.26439E+00    0.15921E+04
    0.26973E+00    0.15449E+04
    0.27518E+00    0.15015E+04
    0.28074E+00    0.14627E+04
    0.28641E+00    0.14287E+04
    0.29219E+00    0.13984E+04
    0.29810E+00    0.13700E+04
    0.30412E+00    0.13418E+04
    0.31026E+00    0.13123E+04
    0.31653E+00    0.12814E+04
    0.32292E+00    0.12494E+04
    0.32945E+00    0.12177E+04
    0.33610E+00    0.11877E+04
    0.34289E+00    0.11599E+04
    0.34982E+00    0.11346E+04
    0.35689E+00    0.11109E+04
    0.36409E+00    0.10881E+04
    0.37145E+00    0.10654E+04
    0.37895E+00    0.10423E+04
    0.38661E+00    0.10192E+04
    0.39442E+00    0.99643E+03
    0.40239E+00    0.97471E+03
    0.41052E+00    0.95428E+03
    0.41881E+00    0.93488E+03
    0.42727E+00    0.91614E+03
    0.43590E+00    0.89768E+03
    0.44471E+00    0.87934E+03
    0.45369E+00    0.86131E+03
    0.46286E+00    0.84377E+03
    0.47221E+00    0.82691E+03
    0.48174E+00    0.81069E+03
    0.49148E+00    0.79493E+03
    0.50141E+00    0.77947E+03
    0.51153E+00    0.76430E+03
    0.52187E+00    0.74944E+03
    0.53241E+00    0.73500E+03
    0.54317E+00    0.72098E+03
    0.55414E+00    0.70730E+03
    0.56533E+00    0.69393E+03
    0.57675E+00    0.68082E+03
    0.58840E+00    0.66799E+03
    0.60029E+00    0.65546E+03
    0.61242E+00    0.64322E+03
    0.62479E+00    0.63125E+03
    0.63741E+00    0.61951E+03
    0.65029E+00    0.60801E+03
    0.66342E+00    0.59673E+03
    0.67683E+00    0.58567E+03
    0.69050E+00    0.57481E+03
    0.70445E+00    0.56416E+03
    0.71868E+00    0.55369E+03
    0.73320E+00    0.54342E+03
    0.74801E+00    0.53332E+03
    0.76312E+00    0.52339E+03
    0.77854E+00    0.51363E+03
    0.79426E+00    0.50404E+03
    0.81031E+00    0.49459E+03
    0.82668E+00    0.48530E+03
    0.84338E+00    0.47614E+03
    0.86041E+00    0.46713E+03
    0.87780E+00    0.45825E+03
    0.89553E+00    0.44950E+03
    0.91362E+00    0.44088E+03
    0.93208E+00    0.43238E+03
    0.95091E+00    0.42399E+03
    0.97011E+00    0.41572E+03
    0.98971E+00    0.40756E+03
    0.10097E+01    0.39951E+03
    0.10301E+01    0.39157E+03
    0.10509E+01    0.38373E+03
    0.10721E+01    0.37598E+03
    0.10938E+01    0.36834E+03
    0.11159E+01    0.36080E+03
    0.11384E+01    0.35335E+03
    0.11614E+01    0.34600E+03
    0.11849E+01    0.33874E+03
    0.12088E+01    0.33157E+03
    0.12333E+01    0.32449E+03
    0.12582E+01    0.31750E+03
    0.12836E+01    0.31060E+03
    0.13095E+01    0.30379E+03
    0.13360E+01    0.29706E+03
    0.13630E+01    0.29042E+03
    0.13905E+01    0.28387E+03
    0.14186E+01    0.27740E+03
    0.14472E+01    0.27102E+03
    0.14765E+01    0.26472E+03
    0.15063E+01    0.25851E+03
    0.15367E+01    0.25238E+03
    0.15678E+01    0.24634E+03
    0.15994E+01    0.24038E+03
    0.16318E+01    0.23450E+03
    0.16647E+01    0.22872E+03
    0.16984E+01    0.22302E+03
    0.17327E+01    0.21740E+03
    0.17677E+01    0.21187E+03
    0.18034E+01    0.20643E+03
    0.18398E+01    0.20107E+03
    0.18770E+01    0.19580E+03
    0.19149E+01    0.19061E+03
    0.19536E+01    0.18551E+03
    0.19930E+01    0.18050E+03
    0.20333E+01    0.17558E+03
    0.20744E+01    0.17074E+03
    0.21163E+01    0.16599E+03
    0.21590E+01    0.16133E+03
    0.22026E+01    0.15676E+03
    0.22471E+01    0.15228E+03
    0.22925E+01    0.14789E+03
    0.23388E+01    0.14358E+03
    0.23861E+01    0.13936E+03
    0.24343E+01    0.13523E+03
    0.24835E+01    0.13118E+03
    0.25336E+01    0.12723E+03
    0.25848E+01    0.12336E+03
    0.26370E+01    0.11958E+03
    0.26903E+01    0.11588E+03
    0.27447E+01    0.11227E+03
    0.28001E+01    0.10874E+03
    0.28567E+01    0.10530E+03
    0.29144E+01    0.10194E+03
    0.29733E+01    0.98670E+02
    0.30333E+01    0.95478E+02
    0.30946E+01    0.92366E+02
    0.31571E+01    0.89335E+02
    0.32209E+01    0.86384E+02
    0.32860E+01    0.83510E+02
    0.33523E+01    0.80714E+02
    0.34201E+01    0.77995E+02
    0.34892E+01    0.75350E+02
    0.35596E+01    0.72779E+02
    0.36316E+01    0.70281E+02
    0.37049E+01    0.67854E+02
    0.37798E+01    0.65497E+02
    0.38561E+01    0.63210E+02
    0.39340E+01    0.60989E+02
    0.40135E+01    0.58836E+02
    0.40946E+01    0.56747E+02
    0.41773E+01    0.54722E+02
    0.42617E+01    0.52759E+02
    0.43478E+01    0.50857E+02
    0.44356E+01    0.49015E+02
    0.45252E+01    0.47231E+02
    0.46166E+01    0.45504E+02
    0.47099E+01    0.43832E+02
    0.48050E+01    0.42215E+02
    0.49021E+01    0.40651E+02
    0.50011E+01    0.39138E+02
    0.51021E+01    0.37675E+02
    0.52052E+01    0.36262E+02
    0.53104E+01    0.34896E+02
    0.54176E+01    0.33576E+02
    0.55271E+01    0.32302E+02
    0.56387E+01    0.31071E+02
    0.57526E+01    0.29883E+02
    0.58689E+01    0.28736E+02
    0.59874E+01    0.27630E+02
    0.61084E+01    0.26562E+02
    0.62318E+01    0.25533E+02
    0.63577E+01    0.24540E+02
    0.64861E+01    0.23582E+02
    0.66171E+01    0.22660E+02
    0.67508E+01    0.21770E+02
    0.68872E+01    0.20914E+02
    0.70263E+01    0.20088E+02
    0.71682E+01    0.19293E+02
    0.73130E+01    0.18527E+02
    0.74608E+01    0.17790E+02
    0.76115E+01    0.17080E+02
    0.77653E+01    0.16397E+02
    0.79221E+01    0.15740E+02
    0.80822E+01    0.15107E+02
    0.82454E+01    0.14499E+02
    0.84120E+01    0.13913E+02
    0.85819E+01    0.13350E+02
    0.87553E+01    0.12809E+02
    0.89322E+01    0.12288E+02
    0.91126E+01    0.11788E+02
    0.92967E+01    0.11307E+02
    0.94845E+01    0.10845E+02
    0.96761E+01    0.10401E+02
    0.98716E+01    0.99738E+01
    0.10071E+02    0.95638E+01
    0.10274E+02    0.91699E+01
    0.10482E+02    0.87916E+01
    0.10694E+02    0.84283E+01
    0.10910E+02    0.80794E+01
    0.11130E+02    0.77444E+01
    0.11355E+02    0.74228E+01
    0.11584E+02    0.71142E+01
    0.11818E+02    0.68179E+01
    0.12057E+02    0.65335E+01
    0.12301E+02    0.62606E+01
    0.12549E+02    0.59988E+01
    0.12803E+02    0.57475E+01
    0.13061E+02    0.55065E+01
    0.13325E+02    0.52753E+01
    0.13594E+02    0.50535E+01
    0.13869E+02    0.48408E+01
    0.14149E+02    0.46368E+01
    0.14435E+02    0.44412E+01
    0.14727E+02    0.42536E+01
    0.15024E+02    0.40737E+01
    0.15328E+02    0.39013E+01
    0.15637E+02    0.37360E+01
    0.15953E+02    0.35775E+01
    0.16275E+02    0.34256E+01
    0.16604E+02    0.32801E+01
    0.16940E+02    0.31405E+01
    0.17282E+02    0.30068E+01
    0.17631E+02    0.28787E+01
    0.17987E+02    0.27559E+01
    0.18351E+02    0.26383E+01
    0.18721E+02    0.25256E+01
    0.19099E+02    0.24176E+01
    0.19485E+02    0.23141E+01
    0.19879E+02    0.22151E+01
    0.20280E+02    0.21201E+01
    0.20690E+02    0.20292E+01
    0.21108E+02    0.19421E+01
    0.21535E+02    0.18587E+01
    0.21970E+02    0.17789E+01
    0.22413E+02    0.17024E+01
    0.22866E+02    0.16291E+01
    0.23328E+02    0.15590E+01
    0.23799E+02    0.14918E+01
    0.24280E+02    0.14275E+01
    0.24771E+02    0.13660E+01
    0.25271E+02    0.13070E+01
    0.25782E+02    0.12506E+01
    0.26302E+02    0.11966E+01
    0.26834E+02    0.11448E+01
    0.27376E+02    0.10953E+01
    0.27929E+02    0.10479E+01
    0.28493E+02    0.10026E+01
    0.29069E+02    0.95917E+00
    0.29656E+02    0.91762E+00
    0.30255E+02    0.87785E+00
    0.30866E+02    0.83978E+00
    0.31490E+02    0.80335E+00
    0.32126E+02    0.76849E+00
    0.32775E+02    0.73513E+00
    0.33437E+02    0.70320E+00
    0.34112E+02    0.67265E+00
    0.34801E+02    0.64341E+00
    0.35504E+02    0.61544E+00
    0.36222E+02    0.58867E+00
    0.36953E+02    0.56306E+00
    0.37700E+02    0.53855E+00
    0.38462E+02    0.51511E+00
    0.39239E+02    0.49267E+00
    0.40031E+02    0.47121E+00
    0.40840E+02    0.45068E+00
    0.41665E+02    0.43103E+00
    0.42507E+02    0.41224E+00
    0.43365E+02    0.39426E+00
    0.44241E+02    0.37706E+00
    0.45135E+02    0.36061E+00
    0.46047E+02    0.34487E+00
    0.46977E+02    0.32981E+00
    0.47926E+02    0.31541E+00
    0.48894E+02    0.30163E+00
    0.49882E+02    0.28845E+00
    0.50890E+02    0.27585E+00
    0.51918E+02    0.26379E+00
    0.52966E+02    0.25226E+00
    0.54036E+02    0.24123E+00
    0.55128E+02    0.23068E+00
    0.56242E+02    0.22059E+00
    0.57378E+02    0.21094E+00
    0.58537E+02    0.20171E+00
    0.59720E+02    0.19288E+00
    0.60926E+02    0.18443E+00
    0.62157E+02    0.17636E+00
    0.63412E+02    0.16864E+00
    0.64693E+02    0.16125E+00
    0.66000E+02    0.15419E+00
    0.67334E+02    0.14743E+00
    0.68694E+02    0.14097E+00
    0.70082E+02    0.13479E+00
    0.71497E+02    0.12889E+00
    0.72942E+02    0.12324E+00
    0.74415E+02    0.11783E+00
    0.75918E+02    0.11267E+00
    0.77452E+02    0.10772E+00
    0.79017E+02    0.10300E+00
    0.80613E+02    0.98482E-01
    0.82241E+02    0.94161E-01
    0.83903E+02    0.90030E-01
    0.85598E+02    0.86079E-01
    0.87327E+02    0.82302E-01
    0.89091E+02    0.78690E-01
    0.90891E+02    0.75236E-01
    0.92727E+02    0.71933E-01
    0.94600E+02    0.68775E-01
    0.96511E+02    0.65755E-01
    0.98461E+02    0.62867E-01
    0.10045E+03    0.60107E-01
    0.10248E+03    0.57467E-01
    0.10455E+03    0.54943E-01
    0.10666E+03    0.52529E-01
    0.10882E+03    0.50221E-01
    0.11101E+03    0.48015E-01
    0.11326E+03    0.45905E-01
    0.11554E+03    0.43888E-01
    0.11788E+03    0.41959E-01
    0.12026E+03    0.40115E-01
    0.12269E+03    0.38352E-01
    0.12517E+03    0.36667E-01
    0.12770E+03    0.35055E-01
    0.13028E+03    0.33514E-01
    0.13291E+03    0.32040E-01
    0.13559E+03    0.30632E-01
    0.13833E+03    0.29285E-01
    0.14113E+03    0.27997E-01
    0.14398E+03    0.26766E-01
    0.14689E+03    0.25589E-01
    0.14985E+03    0.24464E-01
    0.15288E+03    0.23388E-01
    0.15597E+03    0.22359E-01
    0.15912E+03    0.21376E-01
    0.16233E+03    0.20435E-01
    0.16561E+03    0.19537E-01
    0.16896E+03    0.18677E-01
    0.17237E+03    0.17855E-01
    0.17585E+03    0.17070E-01
    0.17941E+03    0.16319E-01
    0.18303E+03    0.15601E-01
    0.18673E+03    0.14914E-01
    0.19050E+03    0.14258E-01
    0.19435E+03    0.13631E-01
    0.19828E+03    0.13031E-01
    0.20228E+03    0.12457E-01
    0.20637E+03    0.11909E-01
    0.21054E+03    0.11385E-01
    0.21479E+03    0.10884E-01
    0.21913E+03    0.10405E-01
    0.22356E+03    0.99469E-02
    0.22807E+03    0.95091E-02
    0.23268E+03    0.90905E-02
    0.23738E+03    0.86904E-02
    0.24217E+03    0.83078E-02
    0.24707E+03    0.79421E-02
    0.25206E+03    0.75925E-02
    0.25715E+03    0.72582E-02
    0.26234E+03    0.69387E-02
    0.26764E+03    0.66332E-02
    0.27305E+03    0.63411E-02
    0.27857E+03    0.60620E-02
    0.28419E+03    0.57951E-02
    0.28994E+03    0.55399E-02
    0.29579E+03    0.52960E-02
    0.30177E+03    0.50628E-02
    0.30786E+03    0.48398E-02
    0.31408E+03    0.46267E-02
    0.32043E+03    0.44230E-02
    0.32690E+03    0.42282E-02
    0.33351E+03    0.40420E-02
    0.34024E+03    0.38640E-02
    0.34712E+03    0.36938E-02
    0.35413E+03    0.35312E-02
    0.36128E+03    0.33757E-02
    0.36858E+03    0.32270E-02
    0.37603E+03    0.30849E-02
    0.38362E+03    0.29490E-02
    0.39137E+03    0.28191E-02
    0.39928E+03    0.26950E-02
    0.40734E+03    0.25763E-02
    0.41557E+03    0.24628E-02
    0.42397E+03    0.23543E-02
    0.43253E+03    0.22506E-02
    0.44127E+03    0.21515E-02
    0.45019E+03    0.20567E-02
    0.45928E+03    0.19661E-02
    0.46856E+03    0.18795E-02
    0.47802E+03    0.17967E-02
    0.48768E+03    0.17176E-02
    0.49753E+03    0.16419E-02
    0.50758E+03    0.15696E-02
    0.51784E+03    0.15004E-02
    0.52830E+03    0.14344E-02
    0.53897E+03    0.13712E-02
    0.54986E+03    0.13108E-02
    0.56097E+03    0.12530E-02
    0.57230E+03    0.11978E-02
    0.58386E+03    0.11451E-02
    0.59565E+03    0.10946E-02
    0.60769E+03    0.10464E-02
    0.61996E+03    0.10003E-02
    0.63249E+03    0.95622E-03
    0.64526E+03    0.91409E-03
    0.65830E+03    0.87382E-03
    0.67160E+03    0.83532E-03
    0.68516E+03    0.79852E-03
    0.69901E+03    0.76334E-03
    0.71313E+03    0.72971E-03
    0.72753E+03    0.69756E-03
    0.74223E+03    0.66683E-03
    0.75722E+03    0.63745E-03
    0.77252E+03    0.60936E-03
    0.78813E+03    0.58252E-03
    0.80405E+03    0.55685E-03
    0.82029E+03    0.53232E-03
    0.83686E+03    0.50886E-03
    0.85377E+03    0.48644E-03
    0.87101E+03    0.46501E-03
    0.88861E+03    0.44452E-03
    0.90656E+03    0.42494E-03
    0.92488E+03    0.40621E-03
    0.94356E+03    0.38831E-03
    0.96262E+03    0.37120E-03
    0.98207E+03    0.35485E-03
    0.10019E+04    0.33921E-03
    0.10221E+04    0.32427E-03
    0.10428E+04    0.30998E-03
    0.10639E+04    0.29632E-03
    0.10854E+04    0.28326E-03
    0.11073E+04    0.27078E-03
    0.11296E+04    0.25885E-03
    0.11525E+04    0.24745E-03
    0.11757E+04    0.23654E-03
    0.11995E+04    0.22612E-03
    0.12237E+04    0.21616E-03
    0.12485E+04    0.20663E-03
    0.12737E+04    0.19753E-03
    0.12994E+04    0.18882E-03
    0.13257E+04    0.18050E-03
    0.13524E+04    0.17255E-03
    0.13798E+04    0.16495E-03
    0.14076E+04    0.15768E-03
    0.14361E+04    0.15073E-03
    0.14651E+04    0.14409E-03
    0.14947E+04    0.13774E-03
    0.15249E+04    0.13167E-03
    0.15557E+04    0.12587E-03
    0.15871E+04    0.12032E-03
    0.16192E+04    0.11502E-03
    0.16519E+04    0.10995E-03
    0.16852E+04    0.10511E-03
    0.17193E+04    0.10047E-03
    0.17540E+04    0.96047E-04
    0.17894E+04    0.91814E-04
    0.18256E+04    0.87768E-04
    0.18625E+04    0.83901E-04
    0.19001E+04    0.80204E-04
    0.19385E+04    0.76669E-04
    0.19776E+04    0.73291E-04
    0.20176E+04    0.70061E-04
    0.20583E+04    0.66974E-04
    0.20999E+04    0.64023E-04
    0.21424E+04    0.61201E-04
    0.21856E+04    0.58504E-04
    0.22298E+04    0.55926E-04
    0.22748E+04    0.53462E-04
    0.23208E+04    0.51106E-04
    0.23677E+04    0.48854E-04
    0.24155E+04    0.46701E-04
    0.24643E+04    0.44643E-04
    0.25141E+04    0.42676E-04
    0.25649E+04    0.40795E-04
    0.26167E+04    0.38997E-04
    0.26695E+04    0.37279E-04
    0.27235E+04    0.35636E-04
    0.27785E+04    0.34066E-04
    0.28346E+04    0.32565E-04
    0.28919E+04    0.31130E-04
    0.29503E+04    0.29758E-04
    0.30099E+04    0.28446E-04
    0.30707E+04    0.27193E-04
    0.31327E+04    0.25995E-04
    0.31960E+04    0.24849E-04
    0.32606E+04    0.23754E-04
    0.33264E+04    0.22707E-04
    0.33936E+04    0.21707E-04
    0.34622E+04    0.20750E-04
    0.35321E+04    0.19836E-04
    0.36035E+04    0.18961E-04
    0.36763E+04    0.18126E-04
    0.37506E+04    0.17327E-04
    0.38263E+04    0.16564E-04
    0.39036E+04    0.15834E-04
    0.39825E+04    0.15136E-04
    0.40629E+04    0.14469E-04
    0.41450E+04    0.13831E-04
    0.42287E+04    0.13222E-04
    0.43142E+04    0.12639E-04
    0.44013E+04    0.12082E-04
    0.44902E+04    0.11550E-04
    0.45809E+04    0.11041E-04
    0.46735E+04    0.10554E-04
    0.47679E+04    0.10089E-04
    0.48642E+04    0.96444E-05
    0.49625E+04    0.92194E-05
    0.50627E+04    0.88131E-05
    0.51650E+04    0.84247E-05
    0.52693E+04    0.80535E-05
    0.53758E+04    0.76986E-05
    0.54844E+04    0.73593E-05
    0.55952E+04    0.70350E-05
    0.57082E+04    0.67250E-05
    0.58235E+04    0.64286E-05
    0.59412E+04    0.61453E-05
    0.60612E+04    0.58745E-05
    0.61836E+04    0.56156E-05
    0.63085E+04    0.53681E-05
    0.64360E+04    0.51316E-05
    0.65660E+04    0.49054E-05
    0.66986E+04    0.46893E-05
    0.68340E+04    0.44826E-05
