# nc 512
# boxsize 1.000000e+03
8.018239e-03 9 2.586926e+04 1.349548e+06 7.040790e+07
1.659868e-02 64 2.728467e+04 1.418865e+06 7.381497e+07
2.586446e-02 157 2.241026e+04 1.154236e+06 5.950064e+07
3.529679e-02 292 1.676109e+04 8.627753e+05 4.450292e+07
4.513097e-02 529 1.347071e+04 6.807938e+05 3.454495e+07
5.555287e-02 820 1.090079e+04 5.465822e+05 2.758479e+07
6.539610e-02 1000 1.012821e+04 5.012300e+05 2.502472e+07
7.523297e-02 1483 8.899013e+03 4.352901e+05 2.153167e+07
8.527687e-02 1792 7.075685e+03 3.409965e+05 1.669177e+07
9.513029e-02 2293 5.943710e+03 2.824217e+05 1.369109e+07
1.052419e-01 2848 5.087712e+03 2.377312e+05 1.139295e+07
1.151206e-01 3232 4.546255e+03 2.084929e+05 9.852555e+06
1.250948e-01 4077 4.331477e+03 1.962907e+05 9.188391e+06
1.351559e-01 4552 3.911593e+03 1.741706e+05 8.059262e+06
1.451184e-01 5377 3.476997e+03 1.520622e+05 6.949470e+06
1.550677e-01 5974 3.165409e+03 1.348992e+05 6.044178e+06
1.650359e-01 6976 2.837358e+03 1.193807e+05 5.315914e+06
1.750550e-01 7717 2.594971e+03 1.068623e+05 4.687463e+06
1.850940e-01 8776 2.389010e+03 9.684643e+04 4.214038e+06
1.950993e-01 9553 2.226186e+03 8.841570e+04 3.793030e+06
2.050639e-01 10660 2.139241e+03 8.321766e+04 3.511115e+06
2.150232e-01 11608 1.980263e+03 7.544520e+04 3.140042e+06
2.250206e-01 12937 1.838546e+03 6.852270e+04 2.815168e+06
2.351002e-01 14062 1.769396e+03 6.456644e+04 2.611674e+06
2.450739e-01 15105 1.633452e+03 5.828627e+04 2.326563e+06
2.550522e-01 16492 1.554360e+03 5.426479e+04 2.131751e+06
2.650604e-01 17821 1.494439e+03 5.103283e+04 1.976200e+06
2.750125e-01 18940 1.402485e+03 4.678257e+04 1.786324e+06
2.850269e-01 20836 1.356173e+03 4.431007e+04 1.668639e+06
2.950518e-01 21949 1.304479e+03 4.166781e+04 1.545448e+06
3.050599e-01 23656 1.241133e+03 3.868619e+04 1.412640e+06
3.149891e-01 24727 1.181220e+03 3.593168e+04 1.294646e+06
3.250379e-01 27400 1.141925e+03 3.399646e+04 1.206087e+06
3.350922e-01 28096 1.096102e+03 3.185347e+04 1.113667e+06
3.450584e-01 30337 1.049669e+03 2.972987e+04 1.023709e+06
3.550604e-01 31696 1.023731e+03 2.843039e+04 9.660399e+05
3.650295e-01 33849 9.841672e+02 2.675962e+04 8.993117e+05
3.750722e-01 35800 9.417061e+02 2.488199e+04 8.217908e+05
3.850647e-01 37348 9.170403e+02 2.365613e+04 7.678456e+05
3.950397e-01 39535 8.855513e+02 2.224742e+04 7.103388e+05
4.050307e-01 41452 8.628846e+02 2.119443e+04 6.678144e+05
4.150177e-01 43669 8.405025e+02 2.008010e+04 6.205723e+05
4.250356e-01 45832 8.087465e+02 1.891767e+04 5.792944e+05
4.350008e-01 47524 7.849034e+02 1.789358e+04 5.382905e+05
4.450186e-01 50761 7.675400e+02 1.707908e+04 5.069237e+05
4.550579e-01 52264 7.435957e+02 1.611192e+04 4.714221e+05
4.650571e-01 54973 7.264807e+02 1.532194e+04 4.407098e+05
4.750553e-01 56890 7.042766e+02 1.449816e+04 4.111221e+05
4.849982e-01 59233 6.891104e+02 1.381175e+04 3.854644e+05
4.949997e-01 62460 6.752269e+02 1.319833e+04 3.627551e+05
5.050400e-01 64660 6.558868e+02 1.247263e+04 3.383728e+05
5.150365e-01 67105 6.422734e+02 1.190113e+04 3.176468e+05
5.250511e-01 70108 6.243550e+02 1.127324e+04 2.959385e+05
5.350611e-01 72421 6.151891e+02 1.082537e+04 2.805443e+05
5.450809e-01 75628 5.943466e+02 1.014124e+04 2.588521e+05
5.550666e-01 77374 5.813802e+02 9.651811e+03 2.431147e+05
5.650248e-01 80965 5.722607e+02 9.291580e+03 2.304084e+05
5.750209e-01 83536 5.575692e+02 8.809821e+03 2.156821e+05
5.849943e-01 86509 5.436780e+02 8.360127e+03 2.026319e+05
5.950118e-01 90088 5.322836e+02 7.944747e+03 1.896569e+05
6.050243e-01 92524 5.211812e+02 7.565301e+03 1.776871e+05
6.150021e-01 95685 5.100933e+02 7.190000e+03 1.670776e+05
6.250268e-01 99460 5.034921e+02 6.915957e+03 1.581933e+05
6.350319e-01 101791 4.890778e+02 6.511090e+03 1.472555e+05
6.450443e-01 105940 4.830438e+02 6.247678e+03 1.392265e+05
6.550363e-01 108040 4.739194e+02 5.959599e+03 1.310620e+05
6.650248e-01 112417 4.637049e+02 5.644124e+03 1.228602e+05
6.749918e-01 114172 4.579555e+02 5.428673e+03 1.163737e+05
6.849838e-01 119989 4.462688e+02 5.141282e+03 1.093880e+05
6.950359e-01 122428 4.377339e+02 4.881898e+03 1.026550e+05
7.050021e-01 125049 4.304468e+02 4.664099e+03 9.696154e+04
7.150185e-01 130682 4.231679e+02 4.430467e+03 9.116848e+04
7.250500e-01 132820 4.148337e+02 4.223287e+03 8.630819e+04
7.350461e-01 137169 4.072266e+02 4.023246e+03 8.116081e+04
7.450354e-01 139912 3.990645e+02 3.816427e+03 7.647146e+04
7.550326e-01 145021 3.920090e+02 3.623554e+03 7.228174e+04
7.650453e-01 148000 3.850779e+02 3.453056e+03 6.837690e+04
7.750260e-01 151840 3.792593e+02 3.303838e+03 6.499371e+04
7.849916e-01 155365 3.712491e+02 3.127203e+03 6.099577e+04
7.950130e-01 161410 3.661762e+02 2.989640e+03 5.800601e+04
8.050563e-01 164341 3.581018e+02 2.833315e+03 5.480112e+04
8.150452e-01 167704 3.538870e+02 2.692287e+03 5.185548e+04
8.250456e-01 172960 3.498822e+02 2.589259e+03 4.947580e+04
8.350307e-01 175597 3.424155e+02 2.439310e+03 4.671814e+04
8.450225e-01 181552 3.361992e+02 2.315117e+03 4.428995e+04
8.550387e-01 185185 3.298841e+02 2.188177e+03 4.205414e+04
8.650410e-01 189576 3.233202e+02 2.070356e+03 3.992919e+04
8.750145e-01 192850 3.195180e+02 1.987444e+03 3.806395e+04
8.849866e-01 198481 3.141939e+02 1.880141e+03 3.614522e+04
8.950163e-01 203908 3.081028e+02 1.777773e+03 3.445803e+04
9.050183e-01 206677 3.043871e+02 1.693546e+03 3.288253e+04
9.150119e-01 212440 3.008985e+02 1.624323e+03 3.161670e+04
9.250146e-01 216544 2.938667e+02 1.524613e+03 2.996622e+04
9.350152e-01 221725 2.906963e+02 1.454093e+03 2.869199e+04
9.450189e-01 226024 2.860848e+02 1.374454e+03 2.748896e+04
9.550021e-01 230515 2.814008e+02 1.306362e+03 2.643256e+04
9.650081e-01 236548 2.764464e+02 1.234789e+03 2.525811e+04
9.750165e-01 240697 2.716934e+02 1.164283e+03 2.412629e+04
9.850258e-01 246264 2.678868e+02 1.105125e+03 2.328317e+04
9.950310e-01 250480 2.630728e+02 1.038877e+03 2.227088e+04
