# nc 512
# boxsize 1.000000e+03
8.018239e-03 9 1.133174e+04 5.870625e+05 3.041672e+07
1.659868e-02 64 2.704313e+04 1.403733e+06 7.289098e+07
2.586446e-02 157 2.161713e+04 1.115143e+06 5.758572e+07
3.529679e-02 292 1.649940e+04 8.437652e+05 4.324998e+07
4.513097e-02 529 1.349891e+04 6.847423e+05 3.486550e+07
5.555287e-02 820 1.119035e+04 5.610882e+05 2.829923e+07
6.539610e-02 1000 9.692423e+03 4.808091e+05 2.405219e+07
7.523297e-02 1483 8.898928e+03 4.364296e+05 2.163604e+07
8.527687e-02 1792 7.355774e+03 3.545263e+05 1.733361e+07
9.513029e-02 2293 5.968293e+03 2.825402e+05 1.364260e+07
1.052419e-01 2848 5.273059e+03 2.463394e+05 1.178070e+07
1.151206e-01 3232 4.533701e+03 2.082289e+05 9.853926e+06
1.250948e-01 4077 4.176854e+03 1.891148e+05 8.857126e+06
1.351559e-01 4552 3.782994e+03 1.681378e+05 7.765937e+06
1.451184e-01 5377 3.442616e+03 1.510129e+05 6.916738e+06
1.550677e-01 5974 3.161704e+03 1.348930e+05 6.045704e+06
1.650359e-01 6976 2.794860e+03 1.170591e+05 5.195871e+06
1.750550e-01 7717 2.583709e+03 1.063113e+05 4.662006e+06
1.850940e-01 8776 2.454685e+03 9.887949e+04 4.270458e+06
1.950993e-01 9553 2.286804e+03 9.040553e+04 3.855738e+06
2.050639e-01 10660 2.150905e+03 8.308248e+04 3.484332e+06
2.150232e-01 11608 2.006215e+03 7.596405e+04 3.151335e+06
2.250206e-01 12937 1.847584e+03 6.842561e+04 2.797688e+06
2.351002e-01 14062 1.766339e+03 6.385023e+04 2.568405e+06
2.450739e-01 15105 1.645018e+03 5.843959e+04 2.328250e+06
2.550522e-01 16492 1.565768e+03 5.432455e+04 2.131664e+06
2.650604e-01 17821 1.491750e+03 5.068979e+04 1.959747e+06
2.750125e-01 18940 1.408150e+03 4.684331e+04 1.790957e+06
2.850269e-01 20836 1.366889e+03 4.438443e+04 1.667695e+06
2.950518e-01 21949 1.311587e+03 4.165403e+04 1.538416e+06
3.050599e-01 23656 1.240267e+03 3.852080e+04 1.408774e+06
3.149891e-01 24727 1.193742e+03 3.617683e+04 1.300648e+06
3.250379e-01 27400 1.139863e+03 3.374419e+04 1.197059e+06
3.350922e-01 28096 1.102263e+03 3.191257e+04 1.115651e+06
3.450584e-01 30337 1.058346e+03 2.986054e+04 1.026863e+06
3.550604e-01 31696 1.018452e+03 2.810186e+04 9.558072e+05
3.650295e-01 33849 9.890375e+02 2.655658e+04 8.843741e+05
3.750722e-01 35800 9.462353e+02 2.490104e+04 8.232971e+05
3.850647e-01 37348 9.208596e+02 2.364524e+04 7.683564e+05
3.950397e-01 39535 8.935130e+02 2.229681e+04 7.123589e+05
4.050307e-01 41452 8.671636e+02 2.118370e+04 6.672201e+05
4.150177e-01 43669 8.381437e+02 1.994976e+04 6.192355e+05
4.250356e-01 45832 8.124649e+02 1.888105e+04 5.774430e+05
4.350008e-01 47524 7.970622e+02 1.806238e+04 5.431766e+05
4.450186e-01 50761 7.737667e+02 1.709254e+04 5.071016e+05
4.550579e-01 52264 7.494460e+02 1.617417e+04 4.737269e+05
4.650571e-01 54973 7.341698e+02 1.538578e+04 4.423908e+05
4.750553e-01 56890 7.117940e+02 1.459408e+04 4.136654e+05
4.849982e-01 59233 6.942997e+02 1.381853e+04 3.850182e+05
4.949997e-01 62460 6.781637e+02 1.313642e+04 3.601728e+05
5.050400e-01 64660 6.586339e+02 1.246873e+04 3.385081e+05
5.150365e-01 67105 6.471552e+02 1.193888e+04 3.190548e+05
5.250511e-01 70108 6.303334e+02 1.130513e+04 2.979829e+05
5.350611e-01 72421 6.191466e+02 1.079025e+04 2.791760e+05
5.450809e-01 75628 6.054614e+02 1.027336e+04 2.618452e+05
5.550666e-01 77374 5.887260e+02 9.729300e+03 2.449492e+05
5.650248e-01 80965 5.734598e+02 9.219274e+03 2.290217e+05
5.750209e-01 83536 5.644851e+02 8.798829e+03 2.156538e+05
5.849943e-01 86509 5.504888e+02 8.362119e+03 2.011494e+05
5.950118e-01 90088 5.391773e+02 7.964276e+03 1.895995e+05
6.050243e-01 92524 5.264442e+02 7.571968e+03 1.780167e+05
6.150021e-01 95685 5.184905e+02 7.297397e+03 1.693340e+05
6.250268e-01 99460 5.058128e+02 6.860640e+03 1.573772e+05
6.350319e-01 101791 4.967886e+02 6.558392e+03 1.476861e+05
6.450443e-01 105940 4.896536e+02 6.295322e+03 1.399357e+05
6.550363e-01 108040 4.780992e+02 5.955070e+03 1.308591e+05
6.650248e-01 112417 4.688695e+02 5.677043e+03 1.233501e+05
6.749918e-01 114172 4.580659e+02 5.396816e+03 1.162309e+05
6.849838e-01 119989 4.479992e+02 5.116445e+03 1.091936e+05
6.950359e-01 122428 4.414117e+02 4.894301e+03 1.030911e+05
7.050021e-01 125049 4.342218e+02 4.655240e+03 9.668152e+04
7.150185e-01 130682 4.270652e+02 4.478639e+03 9.223274e+04
7.250500e-01 132820 4.175326e+02 4.211845e+03 8.606905e+04
7.350461e-01 137169 4.120116e+02 4.029826e+03 8.142740e+04
7.450354e-01 139912 4.020898e+02 3.815704e+03 7.647820e+04
7.550326e-01 145021 3.972798e+02 3.660843e+03 7.284916e+04
7.650453e-01 148000 3.885777e+02 3.465502e+03 6.850098e+04
7.750260e-01 151840 3.846850e+02 3.313153e+03 6.478000e+04
7.849916e-01 155365 3.762771e+02 3.159233e+03 6.155918e+04
7.950130e-01 161410 3.695272e+02 2.997016e+03 5.833904e+04
8.050563e-01 164341 3.627876e+02 2.842415e+03 5.501225e+04
8.150452e-01 167704 3.554010e+02 2.685068e+03 5.183082e+04
8.250456e-01 172960 3.493813e+02 2.553680e+03 4.916894e+04
8.350307e-01 175597 3.446774e+02 2.445894e+03 4.681709e+04
8.450225e-01 181552 3.391628e+02 2.316390e+03 4.424755e+04
8.550387e-01 185185 3.331034e+02 2.208084e+03 4.220059e+04
8.650410e-01 189576 3.273309e+02 2.091420e+03 4.001645e+04
8.750145e-01 192850 3.218227e+02 1.982484e+03 3.807557e+04
8.849866e-01 198481 3.165834e+02 1.884002e+03 3.616738e+04
8.950163e-01 203908 3.118327e+02 1.791486e+03 3.456267e+04
9.050183e-01 206677 3.068192e+02 1.699661e+03 3.299838e+04
9.150119e-01 212440 3.004013e+02 1.604897e+03 3.136123e+04
9.250146e-01 216544 2.981095e+02 1.535037e+03 2.999588e+04
9.350152e-01 221725 2.913096e+02 1.441884e+03 2.860748e+04
9.450189e-01 226024 2.859755e+02 1.367621e+03 2.747394e+04
9.550021e-01 230515 2.821387e+02 1.300498e+03 2.627336e+04
9.650081e-01 236548 2.783018e+02 1.233280e+03 2.520134e+04
9.750165e-01 240697 2.731938e+02 1.166666e+03 2.418641e+04
9.850258e-01 246264 2.691161e+02 1.101705e+03 2.321927e+04
9.950310e-01 250480 2.655093e+02 1.042305e+03 2.221942e+04
