# nc 512
# boxsize 1.000000e+03
8.018239e-03 9 1.724322e+04 8.977219e+05 4.673910e+07
1.659868e-02 64 2.379613e+04 1.236283e+06 6.425202e+07
2.586446e-02 157 2.176368e+04 1.122594e+06 5.795493e+07
3.529679e-02 292 1.713545e+04 8.788574e+05 4.517220e+07
4.513097e-02 529 1.273607e+04 6.487508e+05 3.317266e+07
5.555287e-02 820 1.068313e+04 5.382026e+05 2.727103e+07
6.539610e-02 1000 9.585366e+03 4.764417e+05 2.387058e+07
7.523297e-02 1483 8.773691e+03 4.288021e+05 2.117968e+07
8.527687e-02 1792 6.849108e+03 3.314321e+05 1.628864e+07
9.513029e-02 2293 5.975207e+03 2.840689e+05 1.376360e+07
1.052419e-01 2848 4.937858e+03 2.300830e+05 1.098320e+07
1.151206e-01 3232 4.559554e+03 2.101461e+05 9.959568e+06
1.250948e-01 4077 4.264645e+03 1.933173e+05 9.041060e+06
1.351559e-01 4552 3.825287e+03 1.704288e+05 7.872648e+06
1.451184e-01 5377 3.427170e+03 1.496385e+05 6.816402e+06
1.550677e-01 5974 3.102801e+03 1.330699e+05 5.995320e+06
1.650359e-01 6976 2.784240e+03 1.170622e+05 5.206888e+06
1.750550e-01 7717 2.576931e+03 1.059139e+05 4.630820e+06
1.850940e-01 8776 2.386925e+03 9.660966e+04 4.189514e+06
1.950993e-01 9553 2.225854e+03 8.798567e+04 3.753786e+06
2.050639e-01 10660 2.096857e+03 8.154405e+04 3.449748e+06
2.150232e-01 11608 1.988027e+03 7.549781e+04 3.131556e+06
2.250206e-01 12937 1.841755e+03 6.828766e+04 2.791151e+06
2.351002e-01 14062 1.759787e+03 6.396628e+04 2.577794e+06
2.450739e-01 15105 1.605005e+03 5.718142e+04 2.283297e+06
2.550522e-01 16492 1.569096e+03 5.464280e+04 2.144920e+06
2.650604e-01 17821 1.492201e+03 5.096996e+04 1.975530e+06
2.750125e-01 18940 1.413861e+03 4.722905e+04 1.805853e+06
2.850269e-01 20836 1.349448e+03 4.403617e+04 1.660156e+06
2.950518e-01 21949 1.290293e+03 4.111329e+04 1.522006e+06
3.050599e-01 23656 1.233004e+03 3.845445e+04 1.406411e+06
3.149891e-01 24727 1.191160e+03 3.622829e+04 1.302858e+06
3.250379e-01 27400 1.140998e+03 3.393078e+04 1.203789e+06
3.350922e-01 28096 1.090862e+03 3.166888e+04 1.111014e+06
3.450584e-01 30337 1.047213e+03 2.970960e+04 1.026676e+06
3.550604e-01 31696 1.016215e+03 2.805987e+04 9.508948e+05
3.650295e-01 33849 9.774920e+02 2.641314e+04 8.854547e+05
3.750722e-01 35800 9.462947e+02 2.498132e+04 8.251008e+05
3.850647e-01 37348 9.224210e+02 2.375841e+04 7.716418e+05
3.950397e-01 39535 8.908073e+02 2.234108e+04 7.139271e+05
4.050307e-01 41452 8.597509e+02 2.104898e+04 6.637100e+05
4.150177e-01 43669 8.356085e+02 1.998728e+04 6.211473e+05
4.250356e-01 45832 8.080599e+02 1.884130e+04 5.759036e+05
4.350008e-01 47524 7.871019e+02 1.794588e+04 5.410988e+05
4.450186e-01 50761 7.671036e+02 1.701328e+04 5.042640e+05
4.550579e-01 52264 7.442415e+02 1.608602e+04 4.708764e+05
4.650571e-01 54973 7.257620e+02 1.534172e+04 4.442202e+05
4.750553e-01 56890 7.048752e+02 1.450712e+04 4.125095e+05
4.849982e-01 59233 6.848392e+02 1.375947e+04 3.852838e+05
4.949997e-01 62460 6.688094e+02 1.302762e+04 3.592511e+05
5.050400e-01 64660 6.520179e+02 1.237390e+04 3.362272e+05
5.150365e-01 67105 6.437085e+02 1.194031e+04 3.185926e+05
5.250511e-01 70108 6.266408e+02 1.127508e+04 2.964821e+05
5.350611e-01 72421 6.124109e+02 1.074790e+04 2.792298e+05
5.450809e-01 75628 5.966533e+02 1.015936e+04 2.594583e+05
5.550666e-01 77374 5.837789e+02 9.704696e+03 2.447709e+05
5.650248e-01 80965 5.721022e+02 9.256848e+03 2.298660e+05
5.750209e-01 83536 5.573083e+02 8.784058e+03 2.157722e+05
5.849943e-01 86509 5.519997e+02 8.450705e+03 2.029151e+05
5.950118e-01 90088 5.382264e+02 7.998561e+03 1.899831e+05
6.050243e-01 92524 5.271584e+02 7.649935e+03 1.801577e+05
6.150021e-01 95685 5.162081e+02 7.260407e+03 1.680607e+05
6.250268e-01 99460 5.040786e+02 6.901145e+03 1.580456e+05
6.350319e-01 101791 4.916224e+02 6.556035e+03 1.484744e+05
6.450443e-01 105940 4.877466e+02 6.285066e+03 1.395410e+05
6.550363e-01 108040 4.763206e+02 5.979906e+03 1.317577e+05
6.650248e-01 112417 4.657291e+02 5.681653e+03 1.235809e+05
6.749918e-01 114172 4.558404e+02 5.386325e+03 1.158876e+05
6.849838e-01 119989 4.477450e+02 5.146275e+03 1.096120e+05
6.950359e-01 122428 4.380276e+02 4.875587e+03 1.027655e+05
7.050021e-01 125049 4.332251e+02 4.687620e+03 9.744160e+04
7.150185e-01 130682 4.216655e+02 4.425655e+03 9.141892e+04
7.250500e-01 132820 4.165345e+02 4.232994e+03 8.627510e+04
7.350461e-01 137169 4.088445e+02 4.039314e+03 8.161598e+04
7.450354e-01 139912 4.022154e+02 3.834929e+03 7.668384e+04
7.550326e-01 145021 3.933597e+02 3.637954e+03 7.248409e+04
7.650453e-01 148000 3.874553e+02 3.490397e+03 6.885072e+04
7.750260e-01 151840 3.807034e+02 3.301843e+03 6.485436e+04
7.849916e-01 155365 3.751572e+02 3.150901e+03 6.129904e+04
7.950130e-01 161410 3.675197e+02 2.994047e+03 5.808047e+04
8.050563e-01 164341 3.624758e+02 2.854639e+03 5.504720e+04
8.150452e-01 167704 3.549379e+02 2.712437e+03 5.209898e+04
8.250456e-01 172960 3.481854e+02 2.573099e+03 4.928055e+04
8.350307e-01 175597 3.430992e+02 2.445977e+03 4.676228e+04
8.450225e-01 181552 3.367157e+02 2.315128e+03 4.433015e+04
8.550387e-01 185185 3.324325e+02 2.212127e+03 4.218825e+04
8.650410e-01 189576 3.271238e+02 2.111101e+03 4.015179e+04
8.750145e-01 192850 3.206457e+02 1.986324e+03 3.800089e+04
8.849866e-01 198481 3.152311e+02 1.899529e+03 3.639006e+04
8.950163e-01 203908 3.089904e+02 1.794045e+03 3.463426e+04
9.050183e-01 206677 3.046784e+02 1.704067e+03 3.290229e+04
9.150119e-01 212440 3.007887e+02 1.617717e+03 3.139846e+04
9.250146e-01 216544 2.939081e+02 1.526063e+03 3.003262e+04
9.350152e-01 221725 2.911468e+02 1.461534e+03 2.873349e+04
9.450189e-01 226024 2.859716e+02 1.378764e+03 2.750106e+04
9.550021e-01 230515 2.820071e+02 1.308691e+03 2.631980e+04
9.650081e-01 236548 2.765802e+02 1.225663e+03 2.510570e+04
9.750165e-01 240697 2.725041e+02 1.174167e+03 2.408437e+04
9.850258e-01 246264 2.686342e+02 1.103711e+03 2.313446e+04
9.950310e-01 250480 2.640659e+02 1.043351e+03 2.225393e+04
