# nc 512
# boxsize 1.000000e+03
8.018239e-03 9 3.800557e+04 1.976916e+06 1.028350e+08
1.659868e-02 64 2.533466e+04 1.308740e+06 6.763294e+07
2.586446e-02 157 2.240801e+04 1.155177e+06 5.961468e+07
3.529679e-02 292 1.734799e+04 8.887192e+05 4.561663e+07
4.513097e-02 529 1.348183e+04 6.828977e+05 3.472869e+07
5.555287e-02 820 1.127001e+04 5.643814e+05 2.843238e+07
6.539610e-02 1000 1.036900e+04 5.142549e+05 2.571622e+07
7.523297e-02 1483 8.825127e+03 4.318596e+05 2.137743e+07
8.527687e-02 1792 7.079149e+03 3.420892e+05 1.679418e+07
9.513029e-02 2293 5.987439e+03 2.834238e+05 1.368662e+07
1.052419e-01 2848 5.211427e+03 2.420939e+05 1.151869e+07
1.151206e-01 3232 4.679475e+03 2.153570e+05 1.019720e+07
1.250948e-01 4077 4.214746e+03 1.903553e+05 8.888352e+06
1.351559e-01 4552 3.913801e+03 1.735425e+05 7.996016e+06
1.451184e-01 5377 3.410536e+03 1.480511e+05 6.725335e+06
1.550677e-01 5974 3.125055e+03 1.331935e+05 5.971514e+06
1.650359e-01 6976 2.823905e+03 1.183043e+05 5.249314e+06
1.750550e-01 7717 2.589587e+03 1.064238e+05 4.666490e+06
1.850940e-01 8776 2.446527e+03 9.837873e+04 4.245694e+06
1.950993e-01 9553 2.294275e+03 9.066158e+04 3.869894e+06
2.050639e-01 10660 2.116922e+03 8.188533e+04 3.446000e+06
2.150232e-01 11608 2.018568e+03 7.660678e+04 3.178442e+06
2.250206e-01 12937 1.866943e+03 6.922346e+04 2.830831e+06
2.351002e-01 14062 1.771636e+03 6.417145e+04 2.583327e+06
2.450739e-01 15105 1.656327e+03 5.875510e+04 2.337847e+06
2.550522e-01 16492 1.586377e+03 5.494100e+04 2.147624e+06
2.650604e-01 17821 1.497089e+03 5.090541e+04 1.972335e+06
2.750125e-01 18940 1.412265e+03 4.699013e+04 1.795263e+06
2.850269e-01 20836 1.358095e+03 4.411771e+04 1.654302e+06
2.950518e-01 21949 1.292512e+03 4.103072e+04 1.519393e+06
3.050599e-01 23656 1.237034e+03 3.824015e+04 1.392384e+06
3.149891e-01 24727 1.197807e+03 3.626200e+04 1.303500e+06
3.250379e-01 27400 1.143835e+03 3.392762e+04 1.203149e+06
3.350922e-01 28096 1.104788e+03 3.191899e+04 1.112249e+06
3.450584e-01 30337 1.060866e+03 2.992240e+04 1.029204e+06
3.550604e-01 31696 1.021781e+03 2.817726e+04 9.558944e+05
3.650295e-01 33849 9.855918e+02 2.658250e+04 8.868191e+05
3.750722e-01 35800 9.542578e+02 2.506835e+04 8.255054e+05
3.850647e-01 37348 9.382313e+02 2.405582e+04 7.770355e+05
3.950397e-01 39535 8.950828e+02 2.237709e+04 7.151126e+05
4.050307e-01 41452 8.636638e+02 2.113181e+04 6.672876e+05
4.150177e-01 43669 8.450080e+02 2.012792e+04 6.231219e+05
4.250356e-01 45832 8.256456e+02 1.918979e+04 5.845309e+05
4.350008e-01 47524 7.970053e+02 1.801443e+04 5.412742e+05
4.450186e-01 50761 7.738301e+02 1.706449e+04 5.045373e+05
4.550579e-01 52264 7.580183e+02 1.633470e+04 4.748909e+05
4.650571e-01 54973 7.375035e+02 1.548824e+04 4.436328e+05
4.750553e-01 56890 7.107792e+02 1.459057e+04 4.134268e+05
4.849982e-01 59233 6.962584e+02 1.385787e+04 3.867374e+05
4.949997e-01 62460 6.769851e+02 1.314173e+04 3.606298e+05
5.050400e-01 64660 6.627775e+02 1.256397e+04 3.400300e+05
5.150365e-01 67105 6.425825e+02 1.184448e+04 3.169081e+05
5.250511e-01 70108 6.330296e+02 1.133802e+04 2.977538e+05
5.350611e-01 72421 6.165140e+02 1.073780e+04 2.778172e+05
5.450809e-01 75628 5.998611e+02 1.017127e+04 2.590612e+05
5.550666e-01 77374 5.898811e+02 9.734391e+03 2.442308e+05
5.650248e-01 80965 5.764506e+02 9.273087e+03 2.297210e+05
5.750209e-01 83536 5.642365e+02 8.863485e+03 2.169997e+05
5.849943e-01 86509 5.505930e+02 8.361514e+03 2.012739e+05
5.950118e-01 90088 5.386355e+02 7.936980e+03 1.888153e+05
6.050243e-01 92524 5.288019e+02 7.608457e+03 1.784264e+05
6.150021e-01 95685 5.216086e+02 7.287655e+03 1.684030e+05
6.250268e-01 99460 5.103456e+02 6.926741e+03 1.576036e+05
6.350319e-01 101791 5.004864e+02 6.628883e+03 1.488148e+05
6.450443e-01 105940 4.864397e+02 6.238079e+03 1.387580e+05
6.550363e-01 108040 4.794028e+02 5.969307e+03 1.311986e+05
6.650248e-01 112417 4.684734e+02 5.669337e+03 1.235216e+05
6.749918e-01 114172 4.631482e+02 5.435557e+03 1.164452e+05
6.849838e-01 119989 4.533886e+02 5.164440e+03 1.095581e+05
6.950359e-01 122428 4.456240e+02 4.909163e+03 1.028956e+05
7.050021e-01 125049 4.349060e+02 4.672492e+03 9.720419e+04
7.150185e-01 130682 4.279462e+02 4.449715e+03 9.156372e+04
7.250500e-01 132820 4.209238e+02 4.241014e+03 8.627709e+04
7.350461e-01 137169 4.126024e+02 4.039532e+03 8.150374e+04
7.450354e-01 139912 4.053034e+02 3.827552e+03 7.651416e+04
7.550326e-01 145021 3.975048e+02 3.641775e+03 7.230460e+04
7.650453e-01 148000 3.911019e+02 3.475884e+03 6.837393e+04
7.750260e-01 151840 3.833927e+02 3.311230e+03 6.474307e+04
7.849916e-01 155365 3.774211e+02 3.140697e+03 6.098034e+04
7.950130e-01 161410 3.703643e+02 2.990047e+03 5.789779e+04
8.050563e-01 164341 3.631816e+02 2.829664e+03 5.483207e+04
8.150452e-01 167704 3.574696e+02 2.705094e+03 5.198879e+04
8.250456e-01 172960 3.520491e+02 2.565021e+03 4.916595e+04
8.350307e-01 175597 3.463939e+02 2.446994e+03 4.677605e+04
8.450225e-01 181552 3.399283e+02 2.319320e+03 4.431790e+04
8.550387e-01 185185 3.349930e+02 2.201310e+03 4.196681e+04
8.650410e-01 189576 3.301734e+02 2.107452e+03 4.011031e+04
8.750145e-01 192850 3.230537e+02 1.982241e+03 3.795552e+04
8.849866e-01 198481 3.179139e+02 1.889713e+03 3.636781e+04
8.950163e-01 203908 3.138662e+02 1.804501e+03 3.456016e+04
9.050183e-01 206677 3.078108e+02 1.692816e+03 3.273272e+04
9.150119e-01 212440 3.024529e+02 1.600323e+03 3.135472e+04
9.250146e-01 216544 2.981457e+02 1.521255e+03 2.990123e+04
9.350152e-01 221725 2.944013e+02 1.452175e+03 2.867025e+04
9.450189e-01 226024 2.881746e+02 1.369654e+03 2.735796e+04
9.550021e-01 230515 2.843489e+02 1.298897e+03 2.621770e+04
9.650081e-01 236548 2.801197e+02 1.233190e+03 2.516997e+04
9.750165e-01 240697 2.757904e+02 1.168404e+03 2.409658e+04
9.850258e-01 246264 2.709616e+02 1.100530e+03 2.318522e+04
9.950310e-01 250480 2.667329e+02 1.047447e+03 2.231012e+04
