# nc 512
# boxsize 1.000000e+03
8.018239e-03 9 1.848755e+04 9.579396e+05 4.963822e+07
1.659868e-02 64 2.714702e+04 1.406726e+06 7.291710e+07
2.586446e-02 157 2.548526e+04 1.313297e+06 6.773798e+07
3.529679e-02 292 1.791402e+04 9.115026e+05 4.649350e+07
4.513097e-02 529 1.311129e+04 6.602694e+05 3.339962e+07
5.555287e-02 820 1.128340e+04 5.642789e+05 2.841255e+07
6.539610e-02 1000 1.056709e+04 5.232541e+05 2.612529e+07
7.523297e-02 1483 8.715164e+03 4.246301e+05 2.094778e+07
8.527687e-02 1792 7.479390e+03 3.582535e+05 1.744373e+07
9.513029e-02 2293 6.014359e+03 2.836266e+05 1.367763e+07
1.052419e-01 2848 5.027203e+03 2.331109e+05 1.110729e+07
1.151206e-01 3232 4.776787e+03 2.177243e+05 1.022762e+07
1.250948e-01 4077 4.295808e+03 1.932106e+05 8.998031e+06
1.351559e-01 4552 3.889934e+03 1.722131e+05 7.938110e+06
1.451184e-01 5377 3.561704e+03 1.550068e+05 7.061362e+06
1.550677e-01 5974 3.146171e+03 1.333088e+05 5.952029e+06
1.650359e-01 6976 2.882381e+03 1.197255e+05 5.281630e+06
1.750550e-01 7717 2.650883e+03 1.076419e+05 4.677233e+06
1.850940e-01 8776 2.500955e+03 1.002514e+05 4.323222e+06
1.950993e-01 9553 2.351840e+03 9.233656e+04 3.921265e+06
2.050639e-01 10660 2.143098e+03 8.235103e+04 3.457759e+06
2.150232e-01 11608 1.996966e+03 7.488605e+04 3.089365e+06
2.250206e-01 12937 1.878185e+03 6.895120e+04 2.801972e+06
2.351002e-01 14062 1.785634e+03 6.397918e+04 2.562619e+06
2.450739e-01 15105 1.701495e+03 5.989232e+04 2.369233e+06
2.550522e-01 16492 1.592985e+03 5.491513e+04 2.151036e+06
2.650604e-01 17821 1.494863e+03 5.040375e+04 1.945195e+06
2.750125e-01 18940 1.425089e+03 4.713954e+04 1.800024e+06
2.850269e-01 20836 1.367579e+03 4.400868e+04 1.645475e+06
2.950518e-01 21949 1.311032e+03 4.123411e+04 1.517779e+06
3.050599e-01 23656 1.261051e+03 3.880722e+04 1.411191e+06
3.149891e-01 24727 1.200890e+03 3.611637e+04 1.296059e+06
3.250379e-01 27400 1.141537e+03 3.352845e+04 1.188611e+06
3.350922e-01 28096 1.116685e+03 3.211357e+04 1.118913e+06
3.450584e-01 30337 1.065958e+03 2.982905e+04 1.023031e+06
3.550604e-01 31696 1.029300e+03 2.823851e+04 9.561792e+05
3.650295e-01 33849 9.878536e+02 2.635535e+04 8.776212e+05
3.750722e-01 35800 9.597790e+02 2.512711e+04 8.272896e+05
3.850647e-01 37348 9.341712e+02 2.374447e+04 7.665672e+05
3.950397e-01 39535 9.090381e+02 2.260644e+04 7.211766e+05
4.050307e-01 41452 8.701038e+02 2.112255e+04 6.649789e+05
4.150177e-01 43669 8.488406e+02 2.008560e+04 6.209684e+05
4.250356e-01 45832 8.239677e+02 1.910984e+04 5.840039e+05
4.350008e-01 47524 7.965511e+02 1.790607e+04 5.383402e+05
4.450186e-01 50761 7.767640e+02 1.704422e+04 5.051328e+05
4.550579e-01 52264 7.625739e+02 1.633147e+04 4.752475e+05
4.650571e-01 54973 7.386865e+02 1.537181e+04 4.405113e+05
4.750553e-01 56890 7.222911e+02 1.467170e+04 4.139444e+05
4.849982e-01 59233 7.018925e+02 1.383688e+04 3.852335e+05
4.949997e-01 62460 6.848101e+02 1.321669e+04 3.627606e+05
5.050400e-01 64660 6.665214e+02 1.246311e+04 3.372255e+05
5.150365e-01 67105 6.502726e+02 1.187360e+04 3.165689e+05
5.250511e-01 70108 6.373896e+02 1.134779e+04 2.984896e+05
5.350611e-01 72421 6.206953e+02 1.072405e+04 2.774827e+05
5.450809e-01 75628 6.087488e+02 1.027332e+04 2.619595e+05
5.550666e-01 77374 5.923687e+02 9.699115e+03 2.440519e+05
5.650248e-01 80965 5.764764e+02 9.204916e+03 2.289601e+05
5.750209e-01 83536 5.688798e+02 8.807706e+03 2.153540e+05
5.849943e-01 86509 5.579890e+02 8.425397e+03 2.031678e+05
5.950118e-01 90088 5.458535e+02 7.983938e+03 1.895506e+05
6.050243e-01 92524 5.335076e+02 7.593625e+03 1.778739e+05
6.150021e-01 95685 5.210132e+02 7.226103e+03 1.678229e+05
6.250268e-01 99460 5.131048e+02 6.913386e+03 1.582496e+05
6.350319e-01 101791 5.015750e+02 6.571134e+03 1.481801e+05
6.450443e-01 105940 4.900179e+02 6.232932e+03 1.393082e+05
6.550363e-01 108040 4.819395e+02 5.958065e+03 1.308622e+05
6.650248e-01 112417 4.725891e+02 5.669097e+03 1.234733e+05
6.749918e-01 114172 4.642327e+02 5.400631e+03 1.158284e+05
6.849838e-01 119989 4.544479e+02 5.115436e+03 1.088560e+05
6.950359e-01 122428 4.458771e+02 4.873340e+03 1.026930e+05
7.050021e-01 125049 4.372179e+02 4.636713e+03 9.668109e+04
7.150185e-01 130682 4.294691e+02 4.422251e+03 9.132426e+04
7.250500e-01 132820 4.226407e+02 4.220031e+03 8.614453e+04
7.350461e-01 137169 4.139770e+02 4.001140e+03 8.091560e+04
7.450354e-01 139912 4.051060e+02 3.797266e+03 7.640754e+04
7.550326e-01 145021 3.978029e+02 3.608454e+03 7.211584e+04
7.650453e-01 148000 3.928541e+02 3.464001e+03 6.844776e+04
7.750260e-01 151840 3.866104e+02 3.290426e+03 6.475092e+04
7.849916e-01 155365 3.773409e+02 3.117973e+03 6.119896e+04
7.950130e-01 161410 3.731258e+02 2.975951e+03 5.777555e+04
8.050563e-01 164341 3.650512e+02 2.814660e+03 5.460430e+04
8.150452e-01 167704 3.594326e+02 2.680044e+03 5.185810e+04
8.250456e-01 172960 3.524896e+02 2.551851e+03 4.922668e+04
8.350307e-01 175597 3.480271e+02 2.420217e+03 4.662049e+04
8.450225e-01 181552 3.405867e+02 2.295023e+03 4.432618e+04
8.550387e-01 185185 3.357714e+02 2.177003e+03 4.188974e+04
8.650410e-01 189576 3.297509e+02 2.076746e+03 4.002343e+04
8.750145e-01 192850 3.259514e+02 1.980363e+03 3.809414e+04
8.849866e-01 198481 3.191519e+02 1.872636e+03 3.641221e+04
8.950163e-01 203908 3.144299e+02 1.767848e+03 3.457373e+04
9.050183e-01 206677 3.098975e+02 1.691815e+03 3.289858e+04
9.150119e-01 212440 3.031462e+02 1.591692e+03 3.142367e+04
9.250146e-01 216544 3.001513e+02 1.516795e+03 2.999905e+04
9.350152e-01 221725 2.953516e+02 1.441306e+03 2.871243e+04
9.450189e-01 226024 2.902794e+02 1.353485e+03 2.736710e+04
9.550021e-01 230515 2.852686e+02 1.289048e+03 2.631533e+04
9.650081e-01 236548 2.810338e+02 1.217902e+03 2.510243e+04
9.750165e-01 240697 2.755178e+02 1.154495e+03 2.423022e+04
9.850258e-01 246264 2.717160e+02 1.091553e+03 2.329455e+04
9.950310e-01 250480 2.668563e+02 1.029611e+03 2.229297e+04
