# nc 512
# boxsize 1.000000e+03
8.018239e-03 9 1.371178e+04 7.122012e+05 3.699450e+07
1.659868e-02 64 2.259332e+04 1.173043e+06 6.092256e+07
2.586446e-02 157 2.010040e+04 1.039097e+06 5.376381e+07
3.529679e-02 292 1.652753e+04 8.496909e+05 4.377366e+07
4.513097e-02 529 1.421114e+04 7.217907e+05 3.680016e+07
5.555287e-02 820 1.129543e+04 5.680171e+05 2.872874e+07
6.539610e-02 1000 1.010469e+04 5.012666e+05 2.506635e+07
7.523297e-02 1483 8.320818e+03 4.089606e+05 2.032158e+07
8.527687e-02 1792 7.240044e+03 3.496430e+05 1.712474e+07
9.513029e-02 2293 5.801664e+03 2.751283e+05 1.330515e+07
1.052419e-01 2848 5.178641e+03 2.422564e+05 1.159953e+07
1.151206e-01 3232 4.492541e+03 2.071199e+05 9.828122e+06
1.250948e-01 4077 4.264455e+03 1.932400e+05 9.029902e+06
1.351559e-01 4552 3.908999e+03 1.739889e+05 8.023048e+06
1.451184e-01 5377 3.425494e+03 1.497472e+05 6.832182e+06
1.550677e-01 5974 3.073667e+03 1.316061e+05 5.916334e+06
1.650359e-01 6976 2.783126e+03 1.171760e+05 5.215052e+06
1.750550e-01 7717 2.641595e+03 1.086138e+05 4.745241e+06
1.850940e-01 8776 2.393423e+03 9.713346e+04 4.223884e+06
1.950993e-01 9553 2.265471e+03 9.017959e+04 3.861658e+06
2.050639e-01 10660 2.103538e+03 8.162888e+04 3.435064e+06
2.150232e-01 11608 1.945746e+03 7.413600e+04 3.087994e+06
2.250206e-01 12937 1.818973e+03 6.764673e+04 2.771748e+06
2.351002e-01 14062 1.748364e+03 6.357545e+04 2.559728e+06
2.450739e-01 15105 1.663944e+03 5.930975e+04 2.359568e+06
2.550522e-01 16492 1.557786e+03 5.455772e+04 2.148004e+06
2.650604e-01 17821 1.467302e+03 5.023768e+04 1.951766e+06
2.750125e-01 18940 1.411068e+03 4.722958e+04 1.806707e+06
2.850269e-01 20836 1.330858e+03 4.348841e+04 1.639437e+06
2.950518e-01 21949 1.271982e+03 4.068357e+04 1.513163e+06
3.050599e-01 23656 1.227517e+03 3.842773e+04 1.407521e+06
3.149891e-01 24727 1.165223e+03 3.548228e+04 1.280019e+06
3.250379e-01 27400 1.131401e+03 3.369046e+04 1.197242e+06
3.350922e-01 28096 1.093414e+03 3.194043e+04 1.118849e+06
3.450584e-01 30337 1.053244e+03 3.006028e+04 1.039306e+06
3.550604e-01 31696 9.989528e+02 2.786040e+04 9.514803e+05
3.650295e-01 33849 9.870252e+02 2.683636e+04 8.978356e+05
3.750722e-01 35800 9.469692e+02 2.509638e+04 8.273971e+05
3.850647e-01 37348 9.141667e+02 2.365536e+04 7.694145e+05
3.950397e-01 39535 8.840754e+02 2.230348e+04 7.142059e+05
4.050307e-01 41452 8.605794e+02 2.123243e+04 6.707728e+05
4.150177e-01 43669 8.276135e+02 1.991519e+04 6.206048e+05
4.250356e-01 45832 8.044256e+02 1.887057e+04 5.779810e+05
4.350008e-01 47524 7.829179e+02 1.790391e+04 5.407659e+05
4.450186e-01 50761 7.630459e+02 1.700124e+04 5.041602e+05
4.550579e-01 52264 7.433310e+02 1.618786e+04 4.741566e+05
4.650571e-01 54973 7.226545e+02 1.531768e+04 4.415641e+05
4.750553e-01 56890 7.011423e+02 1.447347e+04 4.114317e+05
4.849982e-01 59233 6.883890e+02 1.386603e+04 3.871399e+05
4.949997e-01 62460 6.707285e+02 1.313906e+04 3.622535e+05
5.050400e-01 64660 6.522589e+02 1.246866e+04 3.387645e+05
5.150365e-01 67105 6.365708e+02 1.180081e+04 3.154458e+05
5.250511e-01 70108 6.231211e+02 1.126767e+04 2.966388e+05
5.350611e-01 72421 6.074139e+02 1.071658e+04 2.783514e+05
5.450809e-01 75628 5.948813e+02 1.023562e+04 2.623913e+05
5.550666e-01 77374 5.836656e+02 9.759468e+03 2.459506e+05
5.650248e-01 80965 5.687331e+02 9.231794e+03 2.291494e+05
5.750209e-01 83536 5.534008e+02 8.752732e+03 2.144215e+05
5.849943e-01 86509 5.426529e+02 8.382193e+03 2.028801e+05
5.950118e-01 90088 5.344359e+02 7.993867e+03 1.903629e+05
6.050243e-01 92524 5.219271e+02 7.614419e+03 1.793667e+05
6.150021e-01 95685 5.112069e+02 7.232004e+03 1.675749e+05
6.250268e-01 99460 5.018442e+02 6.893961e+03 1.575323e+05
6.350319e-01 101791 4.917467e+02 6.570546e+03 1.484351e+05
6.450443e-01 105940 4.821488e+02 6.253105e+03 1.396015e+05
6.550363e-01 108040 4.711840e+02 5.943359e+03 1.310024e+05
6.650248e-01 112417 4.637142e+02 5.677535e+03 1.235517e+05
6.749918e-01 114172 4.543761e+02 5.388458e+03 1.159365e+05
6.849838e-01 119989 4.459904e+02 5.140054e+03 1.091207e+05
6.950359e-01 122428 4.374109e+02 4.896630e+03 1.028601e+05
7.050021e-01 125049 4.299268e+02 4.676043e+03 9.725898e+04
7.150185e-01 130682 4.216798e+02 4.447767e+03 9.147602e+04
7.250500e-01 132820 4.131747e+02 4.226242e+03 8.629635e+04
7.350461e-01 137169 4.057066e+02 4.034237e+03 8.174041e+04
7.450354e-01 139912 3.998488e+02 3.835176e+03 7.676392e+04
7.550326e-01 145021 3.906451e+02 3.631480e+03 7.217883e+04
7.650453e-01 148000 3.848051e+02 3.479935e+03 6.867792e+04
7.750260e-01 151840 3.776727e+02 3.297237e+03 6.459253e+04
7.849916e-01 155365 3.715408e+02 3.146738e+03 6.126675e+04
7.950130e-01 161410 3.653038e+02 2.991783e+03 5.798888e+04
8.050563e-01 164341 3.600261e+02 2.850104e+03 5.479512e+04
8.150452e-01 167704 3.533507e+02 2.711198e+03 5.212920e+04
8.250456e-01 172960 3.457179e+02 2.561516e+03 4.907654e+04
8.350307e-01 175597 3.423484e+02 2.453654e+03 4.685291e+04
8.450225e-01 181552 3.350832e+02 2.321294e+03 4.419110e+04
8.550387e-01 185185 3.308617e+02 2.222309e+03 4.210672e+04
8.650410e-01 189576 3.239235e+02 2.090682e+03 3.994285e+04
8.750145e-01 192850 3.185938e+02 1.990524e+03 3.799539e+04
8.849866e-01 198481 3.145655e+02 1.892759e+03 3.613138e+04
8.950163e-01 203908 3.084608e+02 1.793325e+03 3.459644e+04
9.050183e-01 206677 3.038658e+02 1.694054e+03 3.274879e+04
9.150119e-01 212440 2.989002e+02 1.615672e+03 3.144019e+04
9.250146e-01 216544 2.942841e+02 1.525121e+03 2.988928e+04
9.350152e-01 221725 2.898407e+02 1.454832e+03 2.858172e+04
9.450189e-01 226024 2.835763e+02 1.362087e+03 2.723132e+04
9.550021e-01 230515 2.788644e+02 1.298068e+03 2.628440e+04
9.650081e-01 236548 2.756693e+02 1.234514e+03 2.512859e+04
9.750165e-01 240697 2.712871e+02 1.167932e+03 2.408823e+04
9.850258e-01 246264 2.679457e+02 1.113684e+03 2.314614e+04
9.950310e-01 250480 2.627672e+02 1.046421e+03 2.228322e+04
