# nc 512
# boxsize 1.000000e+03
8.018239e-03 9 8.557675e+03 9.382573e+05 1.028732e+08
1.659868e-02 64 9.810067e+03 1.074810e+06 1.177701e+08
2.586446e-02 157 7.919149e+03 8.647496e+05 9.447339e+07
3.529679e-02 292 7.133063e+03 7.774134e+05 8.479705e+07
4.513097e-02 529 5.306599e+03 5.747704e+05 6.235366e+07
5.555287e-02 820 4.554966e+03 4.905979e+05 5.297134e+07
6.539610e-02 1000 3.814584e+03 4.098209e+05 4.418464e+07
7.523297e-02 1483 3.036544e+03 3.246865e+05 3.489199e+07
8.527687e-02 1792 2.792661e+03 2.964120e+05 3.164634e+07
9.513029e-02 2293 2.249951e+03 2.374507e+05 2.525636e+07
1.052419e-01 2848 1.901981e+03 1.990537e+05 2.103265e+07
1.151206e-01 3232 1.680227e+03 1.752016e+05 1.847616e+07
1.250948e-01 4077 1.547712e+03 1.599213e+05 1.674100e+07
1.351559e-01 4552 1.417855e+03 1.454681e+05 1.514384e+07
1.451184e-01 5377 1.231433e+03 1.250128e+05 1.290992e+07
1.550677e-01 5974 1.093716e+03 1.103077e+05 1.134435e+07
1.650359e-01 6976 9.663513e+02 9.651471e+04 9.857607e+06
1.750550e-01 7717 9.023609e+02 8.930747e+04 9.059124e+06
1.850940e-01 8776 8.520928e+02 8.383948e+04 8.470613e+06
1.950993e-01 9553 7.973514e+02 7.770918e+04 7.795293e+06
2.050639e-01 10660 7.184250e+02 6.932753e+04 6.914010e+06
2.150232e-01 11608 6.550864e+02 6.280771e+04 6.240362e+06
2.250206e-01 12937 6.051346e+02 5.741695e+04 5.659908e+06
2.351002e-01 14062 5.609388e+02 5.268022e+04 5.158535e+06
2.450739e-01 15105 5.303411e+02 4.939125e+04 4.806898e+06
2.550522e-01 16492 4.965965e+02 4.585075e+04 4.439220e+06
2.650604e-01 17821 4.577290e+02 4.179020e+04 4.017276e+06
2.750125e-01 18940 4.315023e+02 3.902305e+04 3.729969e+06
2.850269e-01 20836 4.089496e+02 3.665831e+04 3.484020e+06
2.950518e-01 21949 3.876146e+02 3.433454e+04 3.230938e+06
3.050599e-01 23656 3.608478e+02 3.164955e+04 2.966152e+06
3.149891e-01 24727 3.478564e+02 3.022972e+04 2.813849e+06
3.250379e-01 27400 3.252651e+02 2.793821e+04 2.585126e+06
3.350922e-01 28096 3.119270e+02 2.652993e+04 2.438212e+06
3.450584e-01 30337 2.956501e+02 2.485950e+04 2.269241e+06
3.550604e-01 31696 2.811960e+02 2.337446e+04 2.116792e+06
3.650295e-01 33849 2.651688e+02 2.185597e+04 1.971768e+06
3.750722e-01 35800 2.571099e+02 2.090467e+04 1.868563e+06
3.850647e-01 37348 2.443812e+02 1.968597e+04 1.750075e+06
3.950397e-01 39535 2.375199e+02 1.888850e+04 1.662980e+06
4.050307e-01 41452 2.258616e+02 1.776737e+04 1.556729e+06
4.150177e-01 43669 2.143756e+02 1.663881e+04 1.447120e+06
4.250356e-01 45832 2.063850e+02 1.586030e+04 1.370496e+06
4.350008e-01 47524 1.987695e+02 1.510508e+04 1.295976e+06
4.450186e-01 50761 1.908051e+02 1.433841e+04 1.222139e+06
4.550579e-01 52264 1.842506e+02 1.366586e+04 1.156214e+06
4.650571e-01 54973 1.779526e+02 1.305705e+04 1.098170e+06
4.750553e-01 56890 1.713835e+02 1.241190e+04 1.034953e+06
4.849982e-01 59233 1.640663e+02 1.173317e+04 9.719940e+05
4.949997e-01 62460 1.604896e+02 1.136211e+04 9.355557e+05
5.050400e-01 64660 1.535595e+02 1.072866e+04 8.770535e+05
5.150365e-01 67105 1.485162e+02 1.022685e+04 8.291228e+05
5.250511e-01 70108 1.430047e+02 9.739344e+03 7.859348e+05
5.350611e-01 72421 1.385253e+02 9.278034e+03 7.418050e+05
5.450809e-01 75628 1.332476e+02 8.835613e+03 7.027648e+05
5.550666e-01 77374 1.310671e+02 8.574747e+03 6.750145e+05
5.650248e-01 80965 1.261552e+02 8.154947e+03 6.382825e+05
5.750209e-01 83536 1.220022e+02 7.768463e+03 6.031609e+05
5.849943e-01 86509 1.180205e+02 7.394849e+03 5.700464e+05
5.950118e-01 90088 1.151458e+02 7.139714e+03 5.469963e+05
6.050243e-01 92524 1.115781e+02 6.813427e+03 5.170466e+05
6.150021e-01 95685 1.088089e+02 6.571106e+03 4.962203e+05
6.250268e-01 99460 1.049728e+02 6.252340e+03 4.695181e+05
6.350319e-01 101791 1.029544e+02 6.046055e+03 4.499064e+05
6.450443e-01 105940 9.932861e+01 5.741898e+03 4.245549e+05
6.550363e-01 108040 9.634285e+01 5.490967e+03 4.037049e+05
6.650248e-01 112417 9.453645e+01 5.308833e+03 3.862597e+05
6.749918e-01 114172 9.108522e+01 5.039659e+03 3.648965e+05
6.849838e-01 119989 8.900353e+01 4.849546e+03 3.482225e+05
6.950359e-01 122428 8.683937e+01 4.666303e+03 3.324426e+05
7.050021e-01 125049 8.461131e+01 4.476485e+03 3.165678e+05
7.150185e-01 130682 8.313570e+01 4.343850e+03 3.047977e+05
7.250500e-01 132820 8.106325e+01 4.163966e+03 2.899864e+05
7.350461e-01 137169 7.863972e+01 3.978421e+03 2.754822e+05
7.450354e-01 139912 7.651075e+01 3.808196e+03 2.621065e+05
7.550326e-01 145021 7.475169e+01 3.663775e+03 2.502312e+05
7.650453e-01 148000 7.259071e+01 3.500643e+03 2.377666e+05
7.750260e-01 151840 7.123367e+01 3.384977e+03 2.282134e+05
7.849916e-01 155365 6.944131e+01 3.248005e+03 2.175242e+05
7.950130e-01 161410 6.804884e+01 3.123533e+03 2.072705e+05
8.050563e-01 164341 6.613803e+01 2.989782e+03 1.973939e+05
8.150452e-01 167704 6.467969e+01 2.883206e+03 1.892355e+05
8.250456e-01 172960 6.349163e+01 2.773033e+03 1.802551e+05
8.350307e-01 175597 6.173071e+01 2.659682e+03 1.722658e+05
8.450225e-01 181552 6.061155e+01 2.562644e+03 1.644041e+05
8.550387e-01 185185 5.913704e+01 2.461272e+03 1.573871e+05
8.650410e-01 189576 5.778800e+01 2.360702e+03 1.498174e+05
8.750145e-01 192850 5.659204e+01 2.275550e+03 1.434074e+05
8.849866e-01 198481 5.517447e+01 2.180566e+03 1.370528e+05
8.950163e-01 203908 5.428928e+01 2.106711e+03 1.313357e+05
9.050183e-01 206677 5.308398e+01 2.024983e+03 1.254903e+05
9.150119e-01 212440 5.203309e+01 1.946542e+03 1.199065e+05
9.250146e-01 216544 5.084211e+01 1.866734e+03 1.143615e+05
9.350152e-01 221725 4.997519e+01 1.806641e+03 1.099349e+05
9.450189e-01 226024 4.895499e+01 1.730427e+03 1.047163e+05
9.550021e-01 230515 4.771070e+01 1.656425e+03 9.997214e+04
9.650081e-01 236548 4.693447e+01 1.602441e+03 9.595709e+04
9.750165e-01 240697 4.592149e+01 1.540995e+03 9.207127e+04
9.850258e-01 246264 4.514450e+01 1.485362e+03 8.834514e+04
9.950310e-01 250480 4.417579e+01 1.424235e+03 8.423018e+04
