# nc 512
# boxsize 1.000000e+03
8.018239e-03 9 6.847275e+03 7.488692e+05 8.190331e+07
1.659868e-02 64 1.010799e+04 1.106743e+06 1.211946e+08
2.586446e-02 157 9.530444e+03 1.041071e+06 1.137617e+08
3.529679e-02 292 6.684345e+03 7.256810e+05 7.885751e+07
4.513097e-02 529 4.865389e+03 5.256010e+05 5.687944e+07
5.555287e-02 820 4.242591e+03 4.576388e+05 4.949070e+07
6.539610e-02 1000 3.967556e+03 4.261829e+05 4.592201e+07
7.523297e-02 1483 3.243857e+03 3.461073e+05 3.710257e+07
8.527687e-02 1792 2.778486e+03 2.942238e+05 3.134919e+07
9.513029e-02 2293 2.224475e+03 2.342230e+05 2.486774e+07
1.052419e-01 2848 1.848550e+03 1.932733e+05 2.041153e+07
1.151206e-01 3232 1.722396e+03 1.787010e+05 1.875095e+07
1.250948e-01 4077 1.557402e+03 1.609224e+05 1.684192e+07
1.351559e-01 4552 1.411146e+03 1.448806e+05 1.509318e+07
1.451184e-01 5377 1.286573e+03 1.309736e+05 1.355558e+07
1.550677e-01 5974 1.089844e+03 1.097517e+05 1.127437e+07
1.650359e-01 6976 9.808098e+02 9.783903e+04 9.980927e+06
1.750550e-01 7717 8.901021e+02 8.791327e+04 8.908764e+06
1.850940e-01 8776 8.494674e+02 8.360510e+04 8.452328e+06
1.950993e-01 9553 7.975312e+02 7.780892e+04 7.812246e+06
2.050639e-01 10660 7.116403e+02 6.885027e+04 6.881208e+06
2.150232e-01 11608 6.501694e+02 6.219825e+04 6.167350e+06
2.250206e-01 12937 5.975521e+02 5.659268e+04 5.571116e+06
2.351002e-01 14062 5.572405e+02 5.231205e+04 5.127022e+06
2.450739e-01 15105 5.327878e+02 4.959889e+04 4.825842e+06
2.550522e-01 16492 4.977851e+02 4.595455e+04 4.450384e+06
2.650604e-01 17821 4.574261e+02 4.185002e+04 4.032568e+06
2.750125e-01 18940 4.329834e+02 3.927607e+04 3.762573e+06
2.850269e-01 20836 4.064536e+02 3.638957e+04 3.452402e+06
2.950518e-01 21949 3.822458e+02 3.381193e+04 3.182599e+06
3.050599e-01 23656 3.643452e+02 3.192743e+04 2.988426e+06
3.149891e-01 24727 3.464128e+02 3.006993e+04 2.795215e+06
3.250379e-01 27400 3.231552e+02 2.779659e+04 2.574693e+06
3.350922e-01 28096 3.145222e+02 2.669553e+04 2.446634e+06
3.450584e-01 30337 2.970937e+02 2.500358e+04 2.282148e+06
3.550604e-01 31696 2.818582e+02 2.349805e+04 2.132488e+06
3.650295e-01 33849 2.654579e+02 2.182634e+04 1.965723e+06
3.750722e-01 35800 2.570703e+02 2.094563e+04 1.873165e+06
3.850647e-01 37348 2.461362e+02 1.982030e+04 1.759666e+06
3.950397e-01 39535 2.360248e+02 1.877420e+04 1.653664e+06
4.050307e-01 41452 2.229842e+02 1.757416e+04 1.541894e+06
4.150177e-01 43669 2.159386e+02 1.681456e+04 1.463884e+06
4.250356e-01 45832 2.066011e+02 1.589232e+04 1.373913e+06
4.350008e-01 47524 1.992117e+02 1.514545e+04 1.299329e+06
4.450186e-01 50761 1.908880e+02 1.437218e+04 1.227843e+06
4.550579e-01 52264 1.827336e+02 1.355458e+04 1.147672e+06
4.650571e-01 54973 1.775956e+02 1.302209e+04 1.094660e+06
4.750553e-01 56890 1.715371e+02 1.242267e+04 1.037055e+06
4.849982e-01 59233 1.633853e+02 1.169661e+04 9.719484e+05
4.949997e-01 62460 1.587568e+02 1.121334e+04 9.234216e+05
5.050400e-01 64660 1.538301e+02 1.073408e+04 8.771769e+05
5.150365e-01 67105 1.477833e+02 1.018312e+04 8.265751e+05
5.250511e-01 70108 1.421669e+02 9.681420e+03 7.823214e+05
5.350611e-01 72421 1.382222e+02 9.276386e+03 7.416606e+05
5.450809e-01 75628 1.336230e+02 8.858017e+03 7.035849e+05
5.550666e-01 77374 1.306521e+02 8.547724e+03 6.737801e+05
5.650248e-01 80965 1.259899e+02 8.151986e+03 6.390627e+05
5.750209e-01 83536 1.220664e+02 7.775788e+03 6.050516e+05
5.849943e-01 86509 1.179398e+02 7.431070e+03 5.744246e+05
5.950118e-01 90088 1.151453e+02 7.143427e+03 5.475014e+05
6.050243e-01 92524 1.108579e+02 6.784289e+03 5.166856e+05
6.150021e-01 95685 1.077233e+02 6.510998e+03 4.919481e+05
6.250268e-01 99460 1.045882e+02 6.229243e+03 4.681095e+05
6.350319e-01 101791 1.021162e+02 5.992557e+03 4.460758e+05
6.450443e-01 105940 9.872023e+01 5.721475e+03 4.240780e+05
6.550363e-01 108040 9.638927e+01 5.501644e+03 4.044247e+05
6.650248e-01 112417 9.366774e+01 5.263936e+03 3.837385e+05
6.749918e-01 114172 9.135581e+01 5.062600e+03 3.664437e+05
6.849838e-01 119989 8.912997e+01 4.863208e+03 3.486781e+05
6.950359e-01 122428 8.611279e+01 4.628796e+03 3.306220e+05
7.050021e-01 125049 8.437201e+01 4.474891e+03 3.175636e+05
7.150185e-01 130682 8.184167e+01 4.268347e+03 3.004181e+05
7.250500e-01 132820 8.005261e+01 4.121215e+03 2.883663e+05
7.350461e-01 137169 7.817065e+01 3.961237e+03 2.749662e+05
7.450354e-01 139912 7.631618e+01 3.805936e+03 2.621970e+05
7.550326e-01 145021 7.423535e+01 3.641460e+03 2.491568e+05
7.650453e-01 148000 7.239192e+01 3.494067e+03 2.373127e+05
7.750260e-01 151840 7.086238e+01 3.373114e+03 2.271929e+05
7.849916e-01 155365 6.928989e+01 3.241858e+03 2.171014e+05
7.950130e-01 161410 6.739128e+01 3.104847e+03 2.068355e+05
8.050563e-01 164341 6.598642e+01 2.986381e+03 1.973711e+05
8.150452e-01 167704 6.458093e+01 2.879787e+03 1.890737e+05
8.250456e-01 172960 6.300583e+01 2.759208e+03 1.800371e+05
8.350307e-01 175597 6.165106e+01 2.662712e+03 1.728543e+05
8.450225e-01 181552 6.012607e+01 2.550486e+03 1.646007e+05
8.550387e-01 185185 5.881400e+01 2.454632e+03 1.572732e+05
8.650410e-01 189576 5.758384e+01 2.361272e+03 1.501011e+05
8.750145e-01 192850 5.629125e+01 2.264099e+03 1.429602e+05
8.849866e-01 198481 5.531236e+01 2.188479e+03 1.372139e+05
8.950163e-01 203908 5.400894e+01 2.099162e+03 1.311894e+05
9.050183e-01 206677 5.288865e+01 2.017425e+03 1.252782e+05
9.150119e-01 212440 5.174530e+01 1.938808e+03 1.196916e+05
9.250146e-01 216544 5.069934e+01 1.864758e+03 1.141643e+05
9.350152e-01 221725 4.957532e+01 1.793911e+03 1.096072e+05
9.450189e-01 226024 4.854473e+01 1.724438e+03 1.047381e+05
9.550021e-01 230515 4.768901e+01 1.661371e+03 1.001892e+05
9.650081e-01 236548 4.667775e+01 1.596488e+03 9.609502e+04
9.750165e-01 240697 4.581090e+01 1.537944e+03 9.194287e+04
9.850258e-01 246264 4.501918e+01 1.486636e+03 8.836658e+04
9.950310e-01 250480 4.402381e+01 1.422622e+03 8.441997e+04
