# nc 512
# boxsize 1.000000e+03
8.018239e-03 9 1.113357e+04 1.220499e+06 1.337973e+08
1.659868e-02 64 1.155095e+04 1.262604e+06 1.380290e+08
2.586446e-02 157 8.862537e+03 9.676048e+05 1.056880e+08
3.529679e-02 292 6.408220e+03 6.964733e+05 7.576584e+07
4.513097e-02 529 5.444684e+03 5.892808e+05 6.387971e+07
5.555287e-02 820 4.346584e+03 4.688183e+05 5.068841e+07
6.539610e-02 1000 3.777374e+03 4.050944e+05 4.359688e+07
7.523297e-02 1483 3.201681e+03 3.418048e+05 3.665931e+07
8.527687e-02 1792 2.677479e+03 2.838030e+05 3.025831e+07
9.513029e-02 2293 2.146857e+03 2.255829e+05 2.389104e+07
1.052419e-01 2848 1.830576e+03 1.919103e+05 2.030457e+07
1.151206e-01 3232 1.706295e+03 1.777531e+05 1.872163e+07
1.250948e-01 4077 1.585164e+03 1.640402e+05 1.718653e+07
1.351559e-01 4552 1.400268e+03 1.438037e+05 1.498183e+07
1.451184e-01 5377 1.267556e+03 1.291300e+05 1.336895e+07
1.550677e-01 5974 1.096004e+03 1.104819e+05 1.134957e+07
1.650359e-01 6976 9.850407e+02 9.854142e+04 1.007942e+07
1.750550e-01 7717 8.968970e+02 8.910591e+04 9.071109e+06
1.850940e-01 8776 8.300566e+02 8.182333e+04 8.280763e+06
1.950993e-01 9553 7.793339e+02 7.626832e+04 7.684535e+06
2.050639e-01 10660 7.202849e+02 6.979955e+04 6.981098e+06
2.150232e-01 11608 6.519550e+02 6.254657e+04 6.212412e+06
2.250206e-01 12937 5.925902e+02 5.635096e+04 5.569460e+06
2.351002e-01 14062 5.601321e+02 5.270395e+04 5.166028e+06
2.450739e-01 15105 5.190558e+02 4.846137e+04 4.729274e+06
2.550522e-01 16492 4.909611e+02 4.544536e+04 4.409978e+06
2.650604e-01 17821 4.609678e+02 4.210666e+04 4.051120e+06
2.750125e-01 18940 4.377035e+02 3.963820e+04 3.788502e+06
2.850269e-01 20836 4.123965e+02 3.691408e+04 3.500103e+06
2.950518e-01 21949 3.852970e+02 3.406674e+04 3.205860e+06
3.050599e-01 23656 3.618751e+02 3.177948e+04 2.981152e+06
3.149891e-01 24727 3.501959e+02 3.040230e+04 2.824840e+06
3.250379e-01 27400 3.297985e+02 2.841411e+04 2.631674e+06
3.350922e-01 28096 3.076616e+02 2.617895e+04 2.406773e+06
3.450584e-01 30337 2.937008e+02 2.475393e+04 2.262681e+06
3.550604e-01 31696 2.847601e+02 2.369971e+04 2.147400e+06
3.650295e-01 33849 2.691298e+02 2.219313e+04 2.001152e+06
3.750722e-01 35800 2.549836e+02 2.075370e+04 1.855783e+06
3.850647e-01 37348 2.455112e+02 1.978380e+04 1.758008e+06
3.950397e-01 39535 2.318715e+02 1.846935e+04 1.632779e+06
4.050307e-01 41452 2.233781e+02 1.763326e+04 1.548821e+06
4.150177e-01 43669 2.159150e+02 1.681198e+04 1.463098e+06
4.250356e-01 45832 2.062799e+02 1.588409e+04 1.373932e+06
4.350008e-01 47524 1.989939e+02 1.513719e+04 1.299026e+06
4.450186e-01 50761 1.894074e+02 1.423494e+04 1.214022e+06
4.550579e-01 52264 1.820441e+02 1.352373e+04 1.147180e+06
4.650571e-01 54973 1.758728e+02 1.289236e+04 1.084510e+06
4.750553e-01 56890 1.705208e+02 1.239717e+04 1.036800e+06
4.849982e-01 59233 1.635348e+02 1.173411e+04 9.750342e+05
4.949997e-01 62460 1.578104e+02 1.115744e+04 9.185874e+05
5.050400e-01 64660 1.520191e+02 1.061688e+04 8.685589e+05
5.150365e-01 67105 1.482688e+02 1.022595e+04 8.304492e+05
5.250511e-01 70108 1.420455e+02 9.676533e+03 7.816703e+05
5.350611e-01 72421 1.367832e+02 9.202379e+03 7.384566e+05
5.450809e-01 75628 1.341349e+02 8.900989e+03 7.071259e+05
5.550666e-01 77374 1.297991e+02 8.511716e+03 6.711129e+05
5.650248e-01 80965 1.250587e+02 8.096267e+03 6.354099e+05
5.750209e-01 83536 1.216025e+02 7.765542e+03 6.043829e+05
5.849943e-01 86509 1.182526e+02 7.450137e+03 5.753391e+05
5.950118e-01 90088 1.153935e+02 7.167449e+03 5.488643e+05
6.050243e-01 92524 1.116438e+02 6.842474e+03 5.206216e+05
6.150021e-01 95685 1.074653e+02 6.495754e+03 4.921753e+05
6.250268e-01 99460 1.048814e+02 6.231489e+03 4.671228e+05
6.350319e-01 101791 1.015346e+02 5.968686e+03 4.455759e+05
6.450443e-01 105940 9.886588e+01 5.727163e+03 4.238631e+05
6.550363e-01 108040 9.662218e+01 5.526555e+03 4.061172e+05
6.650248e-01 112417 9.373731e+01 5.280967e+03 3.853881e+05
6.749918e-01 114172 9.120618e+01 5.067898e+03 3.674172e+05
6.849838e-01 119989 8.878677e+01 4.849818e+03 3.485993e+05
6.950359e-01 122428 8.668897e+01 4.671923e+03 3.340876e+05
7.050021e-01 125049 8.440256e+01 4.480427e+03 3.175115e+05
7.150185e-01 130682 8.215701e+01 4.292264e+03 3.018637e+05
7.250500e-01 132820 8.011700e+01 4.124150e+03 2.878394e+05
7.350461e-01 137169 7.846889e+01 3.974681e+03 2.754928e+05
7.450354e-01 139912 7.594015e+01 3.794325e+03 2.617713e+05
7.550326e-01 145021 7.420216e+01 3.648128e+03 2.494689e+05
7.650453e-01 148000 7.261982e+01 3.514368e+03 2.385842e+05
7.750260e-01 151840 7.050175e+01 3.347073e+03 2.262412e+05
7.849916e-01 155365 6.907629e+01 3.230185e+03 2.163471e+05
7.950130e-01 161410 6.738382e+01 3.106837e+03 2.068364e+05
8.050563e-01 164341 6.599929e+01 2.997766e+03 1.984975e+05
8.150452e-01 167704 6.430659e+01 2.863339e+03 1.878396e+05
8.250456e-01 172960 6.300229e+01 2.753367e+03 1.794286e+05
8.350307e-01 175597 6.147846e+01 2.650490e+03 1.720561e+05
8.450225e-01 181552 6.011645e+01 2.548290e+03 1.642388e+05
8.550387e-01 185185 5.880712e+01 2.449226e+03 1.566859e+05
8.650410e-01 189576 5.752681e+01 2.355065e+03 1.496042e+05
8.750145e-01 192850 5.647502e+01 2.271902e+03 1.433867e+05
8.849866e-01 198481 5.512574e+01 2.180538e+03 1.369545e+05
8.950163e-01 203908 5.395495e+01 2.101096e+03 1.309977e+05
9.050183e-01 206677 5.281070e+01 2.019223e+03 1.253268e+05
9.150119e-01 212440 5.166669e+01 1.938930e+03 1.197140e+05
9.250146e-01 216544 5.078500e+01 1.873647e+03 1.150168e+05
9.350152e-01 221725 4.971394e+01 1.797440e+03 1.095171e+05
9.450189e-01 226024 4.861351e+01 1.723855e+03 1.045959e+05
9.550021e-01 230515 4.784970e+01 1.668654e+03 1.006330e+05
9.650081e-01 236548 4.682503e+01 1.601042e+03 9.613554e+04
9.750165e-01 240697 4.567420e+01 1.537488e+03 9.205075e+04
9.850258e-01 246264 4.475785e+01 1.474800e+03 8.776572e+04
9.950310e-01 250480 4.394218e+01 1.421890e+03 8.420232e+04
