8.018239e-03 9 5.920177e+03
1.659868e-02 64 8.266625e+03
2.586446e-02 157 7.486956e+03
3.529679e-02 292 6.214190e+03
4.513097e-02 529 4.938754e+03
5.555287e-02 820 4.001461e+03
6.539610e-02 1000 3.799979e+03
7.523297e-02 1483 3.181711e+03
8.527687e-02 1792 2.671781e+03
9.513029e-02 2293 2.244190e+03
1.052419e-01 2848 1.872291e+03
1.151206e-01 3232 1.696471e+03
1.250948e-01 4077 1.606997e+03
1.351559e-01 4552 1.457907e+03
1.451184e-01 5377 1.273962e+03
1.550677e-01 5974 1.104620e+03
1.650359e-01 6976 1.009987e+03
1.750550e-01 7717 9.400140e+02
1.850940e-01 8776 8.633054e+02
1.950993e-01 9553 7.978929e+02
2.050639e-01 10660 7.422571e+02
2.150232e-01 11608 6.754326e+02
2.250206e-01 12937 6.338271e+02
2.351002e-01 14062 5.871426e+02
2.450739e-01 15105 5.479173e+02
2.550522e-01 16492 5.243353e+02
2.650604e-01 17821 4.924224e+02
2.750125e-01 18940 4.653714e+02
2.850269e-01 20836 4.370242e+02
2.950518e-01 21949 4.105383e+02
3.050599e-01 23656 3.905536e+02
3.149891e-01 24727 3.752658e+02
3.250379e-01 27400 3.585159e+02
3.350922e-01 28096 3.392334e+02
3.450584e-01 30337 3.250157e+02
3.550604e-01 31696 3.121392e+02
3.650295e-01 33849 2.983816e+02
3.750722e-01 35800 2.863089e+02
3.850647e-01 37348 2.747987e+02
3.950397e-01 39535 2.653256e+02
4.050307e-01 41452 2.558380e+02
4.150177e-01 43669 2.466435e+02
4.250356e-01 45832 2.372405e+02
4.350008e-01 47524 2.307704e+02
4.450186e-01 50761 2.222768e+02
4.550579e-01 52264 2.150002e+02
4.650571e-01 54973 2.072103e+02
4.750553e-01 56890 2.016857e+02
4.849982e-01 59233 1.951227e+02
4.949997e-01 62460 1.898102e+02
5.050400e-01 64660 1.828148e+02
5.150365e-01 67105 1.795614e+02
5.250511e-01 70108 1.735210e+02
5.350611e-01 72421 1.690633e+02
5.450809e-01 75628 1.639598e+02
5.550666e-01 77374 1.603250e+02
5.650248e-01 80965 1.562817e+02
5.750209e-01 83536 1.533162e+02
5.849943e-01 86509 1.502734e+02
5.950118e-01 90088 1.459117e+02
6.050243e-01 92524 1.436674e+02
6.150021e-01 95685 1.400407e+02
6.250268e-01 99460 1.373437e+02
6.350319e-01 101791 1.339098e+02
6.450443e-01 105940 1.306074e+02
6.550363e-01 108040 1.282750e+02
6.650248e-01 112417 1.256182e+02
6.749918e-01 114172 1.233880e+02
6.849838e-01 119989 1.209499e+02
6.950359e-01 122428 1.182635e+02
7.050021e-01 125049 1.163090e+02
7.150185e-01 130682 1.140596e+02
7.250500e-01 132820 1.113164e+02
7.350461e-01 137169 1.099023e+02
7.450354e-01 139912 1.079940e+02
7.550326e-01 145021 1.060039e+02
7.650453e-01 148000 1.044338e+02
7.750260e-01 151840 1.026164e+02
7.849916e-01 155365 1.008145e+02
7.950130e-01 161410 9.944724e+01
8.050563e-01 164341 9.779369e+01
8.150452e-01 167704 9.609252e+01
8.250456e-01 172960 9.444678e+01
8.350307e-01 175597 9.309830e+01
8.450225e-01 181552 9.177429e+01
8.550387e-01 185185 9.026828e+01
8.650410e-01 189576 8.929807e+01
8.750145e-01 192850 8.744684e+01
8.849866e-01 198481 8.668995e+01
8.950163e-01 203908 8.588352e+01
9.050183e-01 206677 8.417865e+01
9.150119e-01 212440 8.337315e+01
9.250146e-01 216544 8.239351e+01
9.350152e-01 221725 8.117780e+01
9.450189e-01 226024 8.044253e+01
9.550021e-01 230515 7.911526e+01
9.650081e-01 236548 7.773570e+01
9.750165e-01 240697 7.704443e+01
9.850258e-01 246264 7.653775e+01
9.950310e-01 250480 7.498921e+01
