8.018239e-03 9 8.778698e+03
1.659868e-02 64 9.851735e+03
2.586446e-02 157 7.955622e+03
3.529679e-02 292 7.187803e+03
4.513097e-02 529 5.319076e+03
5.555287e-02 820 4.564195e+03
6.539610e-02 1000 3.830781e+03
7.523297e-02 1483 3.064704e+03
8.527687e-02 1792 2.820244e+03
9.513029e-02 2293 2.268699e+03
1.052419e-01 2848 1.917094e+03
1.151206e-01 3232 1.696258e+03
1.250948e-01 4077 1.570754e+03
1.351559e-01 4552 1.443657e+03
1.451184e-01 5377 1.256267e+03
1.550677e-01 5974 1.120582e+03
1.650359e-01 6976 9.907993e+02
1.750550e-01 7717 9.292258e+02
1.850940e-01 8776 8.783925e+02
1.950993e-01 9553 8.252866e+02
2.050639e-01 10660 7.472118e+02
2.150232e-01 11608 6.834998e+02
2.250206e-01 12937 6.331536e+02
2.351002e-01 14062 5.899611e+02
2.450739e-01 15105 5.591636e+02
2.550522e-01 16492 5.247312e+02
2.650604e-01 17821 4.869616e+02
2.750125e-01 18940 4.604677e+02
2.850269e-01 20836 4.391627e+02
2.950518e-01 21949 4.173022e+02
3.050599e-01 23656 3.909300e+02
3.149891e-01 24727 3.774035e+02
3.250379e-01 27400 3.537428e+02
3.350922e-01 28096 3.424926e+02
3.450584e-01 30337 3.260241e+02
3.550604e-01 31696 3.115046e+02
3.650295e-01 33849 2.951406e+02
3.750722e-01 35800 2.882090e+02
3.850647e-01 37348 2.753035e+02
3.950397e-01 39535 2.687080e+02
4.050307e-01 41452 2.570101e+02
4.150177e-01 43669 2.443720e+02
4.250356e-01 45832 2.378235e+02
4.350008e-01 47524 2.298763e+02
4.450186e-01 50761 2.221138e+02
4.550579e-01 52264 2.155520e+02
4.650571e-01 54973 2.096516e+02
4.750553e-01 56890 2.029201e+02
4.849982e-01 59233 1.954425e+02
4.949997e-01 62460 1.924612e+02
5.050400e-01 64660 1.849699e+02
5.150365e-01 67105 1.800517e+02
5.250511e-01 70108 1.751043e+02
5.350611e-01 72421 1.700766e+02
5.450809e-01 75628 1.647013e+02
5.550666e-01 77374 1.635681e+02
5.650248e-01 80965 1.578910e+02
5.750209e-01 83536 1.537208e+02
5.849943e-01 86509 1.494833e+02
5.950118e-01 90088 1.468399e+02
6.050243e-01 92524 1.433420e+02
6.150021e-01 95685 1.408032e+02
6.250268e-01 99460 1.368683e+02
6.350319e-01 101791 1.349805e+02
6.450443e-01 105940 1.312521e+02
6.550363e-01 108040 1.281926e+02
6.650248e-01 112417 1.265594e+02
6.749918e-01 114172 1.227071e+02
6.849838e-01 119989 1.209506e+02
6.950359e-01 122428 1.191051e+02
7.050021e-01 125049 1.167079e+02
7.150185e-01 130682 1.153643e+02
7.250500e-01 132820 1.135246e+02
7.350461e-01 137169 1.109067e+02
7.450354e-01 139912 1.084108e+02
7.550326e-01 145021 1.068301e+02
7.650453e-01 148000 1.043831e+02
7.750260e-01 151840 1.030666e+02
7.849916e-01 155365 1.019650e+02
7.950130e-01 161410 9.994675e+01
8.050563e-01 164341 9.802539e+01
8.150452e-01 167704 9.676962e+01
8.250456e-01 172960 9.527184e+01
8.350307e-01 175597 9.337817e+01
8.450225e-01 181552 9.254783e+01
8.550387e-01 185185 9.094228e+01
8.650410e-01 189576 8.931986e+01
8.750145e-01 192850 8.856682e+01
8.849866e-01 198481 8.692891e+01
8.950163e-01 203908 8.607666e+01
9.050183e-01 206677 8.496452e+01
9.150119e-01 212440 8.371396e+01
9.250146e-01 216544 8.240748e+01
9.350152e-01 221725 8.192899e+01
9.450189e-01 226024 8.058688e+01
9.550021e-01 230515 7.913385e+01
9.650081e-01 236548 7.851813e+01
9.750165e-01 240697 7.752242e+01
9.850258e-01 246264 7.667797e+01
9.950310e-01 250480 7.579787e+01
