# nc 324
# boxsize 6.000000e+02
1.483274e-02 13 1.090736e+04 6.952321e+05 4.437790e+07
2.513187e-02 33 1.592687e+04 1.009200e+06 6.407681e+07
3.574650e-02 79 9.158371e+03 5.792794e+05 3.678366e+07
4.583347e-02 105 7.059408e+03 4.486326e+05 2.864806e+07
5.486964e-02 145 6.406173e+03 4.015904e+05 2.535259e+07
6.471857e-02 243 5.882799e+03 3.668747e+05 2.308330e+07
7.503996e-02 313 5.663323e+03 3.512048e+05 2.199162e+07
8.485495e-02 369 4.165744e+03 2.545426e+05 1.578617e+07
9.528688e-02 571 3.278039e+03 1.969172e+05 1.207530e+07
1.059290e-01 601 3.015818e+03 1.795812e+05 1.092678e+07
1.156806e-01 705 2.742588e+03 1.597382e+05 9.530574e+06
1.255756e-01 883 2.496745e+03 1.442932e+05 8.561468e+06
1.352378e-01 909 2.006933e+03 1.133343e+05 6.639473e+06
1.449493e-01 1177 1.957455e+03 1.102928e+05 6.438535e+06
1.550659e-01 1323 1.640342e+03 9.089795e+04 5.259845e+06
1.649601e-01 1453 1.511007e+03 8.281790e+04 4.770038e+06
1.749597e-01 1701 1.431526e+03 7.786295e+04 4.453462e+06
1.852437e-01 1963 1.338085e+03 7.124002e+04 4.006022e+06
1.951071e-01 1933 1.159727e+03 6.082558e+04 3.407714e+06
2.049888e-01 2397 1.088098e+03 5.584304e+04 3.069704e+06
2.151844e-01 2539 9.742211e+02 4.925087e+04 2.692892e+06
2.250745e-01 2694 9.383111e+02 4.663196e+04 2.507553e+06
2.350927e-01 3121 8.859214e+02 4.331757e+04 2.310466e+06
2.451974e-01 3255 8.421428e+02 4.049964e+04 2.136727e+06
2.550872e-01 3517 7.441852e+02 3.513814e+04 1.834870e+06
2.649947e-01 3813 7.184354e+02 3.334238e+04 1.720588e+06
2.750606e-01 4231 6.792811e+02 3.109126e+04 1.591079e+06
2.851157e-01 4389 6.395101e+02 2.869496e+04 1.451330e+06
2.950080e-01 4717 6.127711e+02 2.712615e+04 1.354571e+06
3.050474e-01 5191 5.797912e+02 2.502626e+04 1.232381e+06
3.151078e-01 5373 5.374973e+02 2.267914e+04 1.101789e+06
3.251295e-01 5893 5.307507e+02 2.224148e+04 1.073396e+06
3.352591e-01 6183 5.080092e+02 2.082396e+04 9.918915e+05
3.451640e-01 6349 4.766353e+02 1.922658e+04 9.077996e+05
3.550965e-01 6993 4.574846e+02 1.818482e+04 8.492157e+05
3.649687e-01 7003 4.408411e+02 1.698161e+04 7.762781e+05
3.749450e-01 7941 4.215063e+02 1.604742e+04 7.306819e+05
3.851630e-01 8221 4.023552e+02 1.495242e+04 6.708395e+05
3.951752e-01 8449 3.868240e+02 1.417180e+04 6.294784e+05
4.050872e-01 8931 3.731045e+02 1.334951e+04 5.877121e+05
4.149904e-01 9289 3.637465e+02 1.271488e+04 5.500268e+05
4.250484e-01 10113 3.436436e+02 1.175393e+04 5.032818e+05
4.350196e-01 10087 3.265889e+02 1.092374e+04 4.630108e+05
4.449689e-01 10998 3.169756e+02 1.039580e+04 4.364725e+05
4.550136e-01 11233 3.140765e+02 1.010308e+04 4.143085e+05
4.650240e-01 11991 3.014789e+02 9.448905e+03 3.837050e+05
4.750600e-01 12241 2.907970e+02 8.948994e+03 3.598258e+05
4.850824e-01 13033 2.826962e+02 8.553557e+03 3.397355e+05
4.950626e-01 13227 2.715289e+02 8.015167e+03 3.164208e+05
5.050218e-01 13993 2.608170e+02 7.561761e+03 2.953309e+05
5.149626e-01 14301 2.549858e+02 7.144957e+03 2.738691e+05
5.249789e-01 15355 2.463505e+02 6.764347e+03 2.582050e+05
5.350486e-01 15585 2.374564e+02 6.384166e+03 2.407575e+05
5.451135e-01 16549 2.337446e+02 6.161934e+03 2.301708e+05
5.551181e-01 16587 2.253579e+02 5.793490e+03 2.139895e+05
5.650424e-01 17461 2.212664e+02 5.574810e+03 2.034204e+05
5.750589e-01 18177 2.160047e+02 5.317536e+03 1.922472e+05
5.850828e-01 18739 2.118532e+02 5.049905e+03 1.789870e+05
5.950416e-01 19165 2.023339e+02 4.751414e+03 1.683069e+05
6.049746e-01 20013 2.004543e+02 4.571428e+03 1.595599e+05
6.149470e-01 20587 1.934240e+02 4.325736e+03 1.501066e+05
6.249968e-01 21657 1.890500e+02 4.131137e+03 1.424557e+05
6.350666e-01 22129 1.847010e+02 3.949379e+03 1.352326e+05
6.450498e-01 22611 1.769389e+02 3.679690e+03 1.258624e+05
6.549912e-01 23317 1.731595e+02 3.531836e+03 1.192494e+05
6.649535e-01 24222 1.691396e+02 3.352231e+03 1.129439e+05
6.749660e-01 24943 1.668314e+02 3.229547e+03 1.077020e+05
6.850252e-01 25921 1.610100e+02 3.045300e+03 1.017151e+05
6.950284e-01 26253 1.599220e+02 2.957349e+03 9.709434e+04
7.049900e-01 27139 1.529642e+02 2.776053e+03 9.153148e+04
7.150256e-01 28185 1.497289e+02 2.640095e+03 8.699090e+04
7.250860e-01 28969 1.483099e+02 2.551049e+03 8.293445e+04
7.350183e-01 28887 1.436753e+02 2.399056e+03 7.844452e+04
7.450018e-01 30937 1.411635e+02 2.304366e+03 7.420170e+04
7.551045e-01 31341 1.361698e+02 2.184813e+03 7.132970e+04
7.650666e-01 31555 1.339222e+02 2.101213e+03 6.799645e+04
7.750154e-01 33025 1.312169e+02 1.991574e+03 6.467668e+04
7.850634e-01 33921 1.283225e+02 1.906008e+03 6.137529e+04
7.950596e-01 34285 1.258501e+02 1.819946e+03 5.896495e+04
8.050450e-01 35703 1.225495e+02 1.711030e+03 5.591275e+04
8.150563e-01 36205 1.193674e+02 1.643672e+03 5.361209e+04
8.250795e-01 37485 1.167954e+02 1.566405e+03 5.127341e+04
8.350885e-01 38047 1.145108e+02 1.497229e+03 4.892877e+04
8.450499e-01 38913 1.115609e+02 1.439396e+03 4.742964e+04
8.550252e-01 39853 1.117212e+02 1.393233e+03 4.550018e+04
8.650455e-01 41367 1.084076e+02 1.326286e+03 4.364888e+04
8.750680e-01 41617 1.059730e+02 1.247009e+03 4.158634e+04
8.849916e-01 42430 1.030339e+02 1.173935e+03 3.957056e+04
8.949944e-01 44367 1.021620e+02 1.142344e+03 3.847048e+04
9.050336e-01 44569 9.924467e+01 1.082833e+03 3.696281e+04
9.150411e-01 46089 9.842149e+01 1.040211e+03 3.564470e+04
9.250625e-01 46819 9.507643e+01 9.800892e+02 3.423869e+04
9.350607e-01 47793 9.444378e+01 9.546646e+02 3.300505e+04
9.450463e-01 48697 9.141931e+01 8.937728e+02 3.182963e+04
9.549734e-01 49443 9.068647e+01 8.556104e+02 3.071333e+04
9.649510e-01 51097 8.878736e+01 8.211942e+02 2.967791e+04
9.750082e-01 52453 8.723126e+01 7.817020e+02 2.868352e+04
9.850290e-01 52947 8.531127e+01 7.485762e+02 2.771595e+04
9.950258e-01 54193 8.450847e+01 7.216125e+02 2.696237e+04
