# nc 324
# boxsize 6.000000e+02
1.483274e-02 13 2.244652e+04 1.449986e+06 9.374160e+07
2.513187e-02 33 1.459672e+04 9.284953e+05 5.920467e+07
3.574650e-02 79 1.114400e+04 7.058832e+05 4.486952e+07
4.583347e-02 105 8.083350e+03 5.126282e+05 3.269190e+07
5.486964e-02 145 6.878622e+03 4.323909e+05 2.737701e+07
6.471857e-02 243 5.956946e+03 3.721202e+05 2.345843e+07
7.503996e-02 313 5.358027e+03 3.273589e+05 2.021673e+07
8.485495e-02 369 4.050702e+03 2.455578e+05 1.510684e+07
9.528688e-02 571 3.445460e+03 2.061410e+05 1.256215e+07
1.059290e-01 601 2.934796e+03 1.740834e+05 1.056253e+07
1.156806e-01 705 2.714516e+03 1.610658e+05 9.782793e+06
1.255756e-01 883 2.426913e+03 1.405815e+05 8.388635e+06
1.352378e-01 909 2.314718e+03 1.328354e+05 7.860979e+06
1.449493e-01 1177 1.775960e+03 1.002758e+05 5.890108e+06
1.550659e-01 1323 1.632736e+03 9.054291e+04 5.245123e+06
1.649601e-01 1453 1.562764e+03 8.576695e+04 4.938198e+06
1.749597e-01 1701 1.425692e+03 7.599520e+04 4.267050e+06
1.852437e-01 1963 1.274776e+03 6.788574e+04 3.826794e+06
1.951071e-01 1933 1.238725e+03 6.514142e+04 3.638729e+06
2.049888e-01 2397 1.087458e+03 5.591604e+04 3.079854e+06
2.151844e-01 2539 1.036596e+03 5.221246e+04 2.827708e+06
2.250745e-01 2694 9.495197e+02 4.697125e+04 2.518609e+06
2.350927e-01 3121 8.680211e+02 4.235650e+04 2.255126e+06
2.451974e-01 3255 8.234014e+02 3.939463e+04 2.068482e+06
2.550872e-01 3517 7.783706e+02 3.677591e+04 1.915888e+06
2.649947e-01 3813 7.426983e+02 3.449008e+04 1.777434e+06
2.750606e-01 4231 6.948403e+02 3.168650e+04 1.612495e+06
2.851157e-01 4389 6.413068e+02 2.874139e+04 1.452064e+06
2.950080e-01 4717 6.150060e+02 2.706262e+04 1.347686e+06
3.050474e-01 5191 5.932411e+02 2.561012e+04 1.259858e+06
3.151078e-01 5373 5.554540e+02 2.342488e+04 1.133016e+06
3.251295e-01 5893 5.334482e+02 2.208958e+04 1.059848e+06
3.352591e-01 6183 5.104897e+02 2.070810e+04 9.787231e+05
3.451640e-01 6349 4.865282e+02 1.934815e+04 9.037782e+05
3.550965e-01 6993 4.705755e+02 1.859698e+04 8.628801e+05
3.649687e-01 7003 4.432714e+02 1.705433e+04 7.816339e+05
3.749450e-01 7941 4.234897e+02 1.596494e+04 7.236991e+05
3.851630e-01 8221 4.127427e+02 1.525550e+04 6.789324e+05
3.951752e-01 8449 4.043911e+02 1.463176e+04 6.414848e+05
4.050872e-01 8931 3.792091e+02 1.337645e+04 5.812338e+05
4.149904e-01 9289 3.695425e+02 1.280646e+04 5.490163e+05
4.250484e-01 10113 3.535235e+02 1.203226e+04 5.104496e+05
4.350196e-01 10087 3.392445e+02 1.131564e+04 4.744814e+05
4.449689e-01 10998 3.309269e+02 1.077903e+04 4.467340e+05
4.550136e-01 11233 3.118051e+02 9.973325e+03 4.096283e+05
4.650240e-01 11991 3.028503e+02 9.472180e+03 3.835303e+05
4.750600e-01 12241 2.921295e+02 8.925595e+03 3.562164e+05
4.850824e-01 13033 2.846313e+02 8.544984e+03 3.387844e+05
4.950626e-01 13227 2.785642e+02 8.158782e+03 3.173207e+05
5.050218e-01 13993 2.648234e+02 7.555309e+03 2.918955e+05
5.149626e-01 14301 2.608884e+02 7.291739e+03 2.771607e+05
5.249789e-01 15355 2.495538e+02 6.825238e+03 2.587684e+05
5.350486e-01 15585 2.431458e+02 6.536493e+03 2.449723e+05
5.451135e-01 16549 2.373789e+02 6.196303e+03 2.283414e+05
5.551181e-01 16587 2.289454e+02 5.832874e+03 2.134437e+05
5.650424e-01 17461 2.253452e+02 5.614892e+03 2.024442e+05
5.750589e-01 18177 2.171845e+02 5.326975e+03 1.906905e+05
5.850828e-01 18739 2.132402e+02 5.115986e+03 1.812137e+05
5.950416e-01 19165 2.061807e+02 4.801138e+03 1.688884e+05
6.049746e-01 20013 1.990052e+02 4.579766e+03 1.610308e+05
6.149470e-01 20587 1.936275e+02 4.336478e+03 1.498570e+05
6.249968e-01 21657 1.891899e+02 4.137121e+03 1.417662e+05
6.350666e-01 22129 1.848819e+02 3.921613e+03 1.336400e+05
6.450498e-01 22611 1.831895e+02 3.822304e+03 1.283424e+05
6.549912e-01 23317 1.771169e+02 3.601172e+03 1.209617e+05
6.649535e-01 24222 1.719632e+02 3.404207e+03 1.134806e+05
6.749660e-01 24943 1.692990e+02 3.274483e+03 1.080676e+05
6.850252e-01 25921 1.628933e+02 3.091341e+03 1.022407e+05
6.950284e-01 26253 1.588801e+02 2.928154e+03 9.626597e+04
7.049900e-01 27139 1.561913e+02 2.802027e+03 9.131666e+04
7.150256e-01 28185 1.541179e+02 2.698093e+03 8.687746e+04
7.250860e-01 28969 1.482940e+02 2.529645e+03 8.199082e+04
7.350183e-01 28887 1.465585e+02 2.448547e+03 7.872366e+04
7.450018e-01 30937 1.435677e+02 2.338267e+03 7.512621e+04
7.551045e-01 31341 1.390297e+02 2.205561e+03 7.054237e+04
7.650666e-01 31555 1.368954e+02 2.115644e+03 6.761139e+04
7.750154e-01 33025 1.341166e+02 2.039496e+03 6.499628e+04
7.850634e-01 33921 1.310931e+02 1.944022e+03 6.183501e+04
7.950596e-01 34285 1.284093e+02 1.847561e+03 5.888183e+04
8.050450e-01 35703 1.247677e+02 1.766601e+03 5.647346e+04
8.150563e-01 36205 1.214175e+02 1.665113e+03 5.364348e+04
8.250795e-01 37485 1.197371e+02 1.597437e+03 5.116465e+04
8.350885e-01 38047 1.180406e+02 1.543358e+03 4.985697e+04
8.450499e-01 38913 1.150392e+02 1.446298e+03 4.666595e+04
8.550252e-01 39853 1.120249e+02 1.386712e+03 4.517940e+04
8.650455e-01 41367 1.099969e+02 1.316528e+03 4.319687e+04
8.750680e-01 41617 1.079018e+02 1.266285e+03 4.152399e+04
8.849916e-01 42430 1.053380e+02 1.193267e+03 3.970505e+04
8.949944e-01 44367 1.041166e+02 1.159318e+03 3.856116e+04
9.050336e-01 44569 1.012985e+02 1.091347e+03 3.685704e+04
9.150411e-01 46089 1.002203e+02 1.054589e+03 3.555343e+04
9.250625e-01 46819 9.901363e+01 1.017747e+03 3.431232e+04
9.350607e-01 47793 9.610513e+01 9.492976e+02 3.281240e+04
9.450463e-01 48697 9.403667e+01 9.207454e+02 3.193048e+04
9.549734e-01 49443 9.328801e+01 8.698947e+02 3.072207e+04
9.649510e-01 51097 9.046975e+01 8.318735e+02 2.961928e+04
9.750082e-01 52453 8.900343e+01 7.988078e+02 2.889675e+04
9.850290e-01 52947 8.710819e+01 7.588153e+02 2.760570e+04
9.950258e-01 54193 8.572889e+01 7.239202e+02 2.678450e+04
