# nc 324
# boxsize 6.000000e+02
1.483274e-02 13 1.907765e+04 1.214352e+06 7.736512e+07
2.513187e-02 33 1.487861e+04 9.628358e+05 6.244022e+07
3.574650e-02 79 1.073556e+04 6.819598e+05 4.346833e+07
4.583347e-02 105 8.547068e+03 5.367329e+05 3.387482e+07
5.486964e-02 145 6.649429e+03 4.193512e+05 2.664182e+07
6.471857e-02 243 6.059565e+03 3.812192e+05 2.419528e+07
7.503996e-02 313 5.070013e+03 3.115674e+05 1.934410e+07
8.485495e-02 369 3.918272e+03 2.388060e+05 1.478552e+07
9.528688e-02 571 3.300990e+03 1.985004e+05 1.215354e+07
1.059290e-01 601 2.932374e+03 1.739840e+05 1.053860e+07
1.156806e-01 705 2.669338e+03 1.571315e+05 9.486101e+06
1.255756e-01 883 2.565744e+03 1.484911e+05 8.816204e+06
1.352378e-01 909 2.169302e+03 1.237211e+05 7.282200e+06
1.449493e-01 1177 1.829167e+03 1.037562e+05 6.117856e+06
1.550659e-01 1323 1.589836e+03 8.793250e+04 5.086302e+06
1.649601e-01 1453 1.566474e+03 8.617425e+04 4.965310e+06
1.749597e-01 1701 1.379596e+03 7.445799e+04 4.232326e+06
1.852437e-01 1963 1.279922e+03 6.840405e+04 3.873118e+06
1.951071e-01 1933 1.169296e+03 6.113870e+04 3.402820e+06
2.049888e-01 2397 1.109117e+03 5.728320e+04 3.169762e+06
2.151844e-01 2539 1.029289e+03 5.211507e+04 2.838366e+06
2.250745e-01 2694 9.268874e+02 4.643912e+04 2.521952e+06
2.350927e-01 3121 8.806620e+02 4.330427e+04 2.321828e+06
2.451974e-01 3255 8.234924e+02 3.972824e+04 2.098233e+06
2.550872e-01 3517 7.880463e+02 3.728572e+04 1.944770e+06
2.649947e-01 3813 7.542919e+02 3.516586e+04 1.811041e+06
2.750606e-01 4231 6.882275e+02 3.149643e+04 1.610162e+06
2.851157e-01 4389 6.563246e+02 2.946942e+04 1.482616e+06
2.950080e-01 4717 6.145938e+02 2.720564e+04 1.357852e+06
3.050474e-01 5191 5.676805e+02 2.453025e+04 1.211989e+06
3.151078e-01 5373 5.489814e+02 2.346846e+04 1.150793e+06
3.251295e-01 5893 5.241274e+02 2.181041e+04 1.051933e+06
3.352591e-01 6183 5.123832e+02 2.090818e+04 9.925611e+05
3.451640e-01 6349 4.822525e+02 1.940185e+04 9.134818e+05
3.550965e-01 6993 4.541432e+02 1.791388e+04 8.350449e+05
3.649687e-01 7003 4.396619e+02 1.706936e+04 7.867652e+05
3.749450e-01 7941 4.179385e+02 1.591771e+04 7.271488e+05
3.851630e-01 8221 4.109065e+02 1.532832e+04 6.878354e+05
3.951752e-01 8449 3.936550e+02 1.435311e+04 6.344698e+05
4.050872e-01 8931 3.742987e+02 1.329195e+04 5.789619e+05
4.149904e-01 9289 3.533478e+02 1.242064e+04 5.408738e+05
4.250484e-01 10113 3.397205e+02 1.163340e+04 4.959763e+05
4.350196e-01 10087 3.352025e+02 1.124608e+04 4.734782e+05
4.449689e-01 10998 3.233969e+02 1.063955e+04 4.428615e+05
4.550136e-01 11233 3.110663e+02 1.008922e+04 4.159940e+05
4.650240e-01 11991 2.974421e+02 9.354001e+03 3.796317e+05
4.750600e-01 12241 2.911576e+02 9.018405e+03 3.631971e+05
4.850824e-01 13033 2.791218e+02 8.424487e+03 3.353557e+05
4.950626e-01 13227 2.746910e+02 8.168831e+03 3.205908e+05
5.050218e-01 13993 2.654184e+02 7.700316e+03 2.995009e+05
5.149626e-01 14301 2.567997e+02 7.279499e+03 2.791066e+05
5.249789e-01 15355 2.452653e+02 6.743800e+03 2.563952e+05
5.350486e-01 15585 2.411606e+02 6.541984e+03 2.472507e+05
5.451135e-01 16549 2.316214e+02 6.114419e+03 2.265745e+05
5.551181e-01 16587 2.259124e+02 5.872207e+03 2.168072e+05
5.650424e-01 17461 2.220990e+02 5.605703e+03 2.035965e+05
5.750589e-01 18177 2.156066e+02 5.313404e+03 1.909019e+05
5.850828e-01 18739 2.080705e+02 5.005875e+03 1.783272e+05
5.950416e-01 19165 2.040189e+02 4.812204e+03 1.700105e+05
6.049746e-01 20013 1.967694e+02 4.552781e+03 1.594349e+05
6.149470e-01 20587 1.915993e+02 4.358740e+03 1.523398e+05
6.249968e-01 21657 1.854718e+02 4.104593e+03 1.424192e+05
6.350666e-01 22129 1.808578e+02 3.892194e+03 1.331224e+05
6.450498e-01 22611 1.766058e+02 3.721975e+03 1.264324e+05
6.549912e-01 23317 1.711236e+02 3.516504e+03 1.187562e+05
6.649535e-01 24222 1.696450e+02 3.409205e+03 1.135663e+05
6.749660e-01 24943 1.636455e+02 3.219912e+03 1.075363e+05
6.850252e-01 25921 1.594104e+02 3.051956e+03 1.009701e+05
6.950284e-01 26253 1.566212e+02 2.931770e+03 9.672404e+04
7.049900e-01 27139 1.525997e+02 2.795095e+03 9.187291e+04
7.150256e-01 28185 1.484845e+02 2.639217e+03 8.601391e+04
7.250860e-01 28969 1.465908e+02 2.567000e+03 8.267033e+04
7.350183e-01 28887 1.408940e+02 2.389277e+03 7.789084e+04
7.450018e-01 30937 1.397545e+02 2.314818e+03 7.490920e+04
7.551045e-01 31341 1.352749e+02 2.179282e+03 7.039879e+04
7.650666e-01 31555 1.330215e+02 2.097752e+03 6.775458e+04
7.750154e-01 33025 1.309181e+02 2.011844e+03 6.503227e+04
7.850634e-01 33921 1.270370e+02 1.908488e+03 6.154814e+04
7.950596e-01 34285 1.248445e+02 1.824175e+03 5.865947e+04
8.050450e-01 35703 1.218260e+02 1.742388e+03 5.621117e+04
8.150563e-01 36205 1.190899e+02 1.644498e+03 5.298610e+04
8.250795e-01 37485 1.170378e+02 1.590859e+03 5.153279e+04
8.350885e-01 38047 1.141063e+02 1.500033e+03 4.896313e+04
8.450499e-01 38913 1.116920e+02 1.436641e+03 4.709038e+04
8.550252e-01 39853 1.093627e+02 1.372916e+03 4.521611e+04
8.650455e-01 41367 1.076482e+02 1.318631e+03 4.330810e+04
8.750680e-01 41617 1.050755e+02 1.254373e+03 4.159714e+04
8.849916e-01 42430 1.028891e+02 1.191590e+03 3.990878e+04
8.949944e-01 44367 1.022331e+02 1.150847e+03 3.864639e+04
9.050336e-01 44569 9.963875e+01 1.094148e+03 3.692986e+04
9.150411e-01 46089 9.785693e+01 1.049896e+03 3.573764e+04
9.250625e-01 46819 9.623337e+01 9.946109e+02 3.411935e+04
9.350607e-01 47793 9.347459e+01 9.500325e+02 3.283348e+04
9.450463e-01 48697 9.134303e+01 8.988522e+02 3.181593e+04
9.549734e-01 49443 9.034124e+01 8.670765e+02 3.067134e+04
9.649510e-01 51097 8.815326e+01 8.239841e+02 2.956527e+04
9.750082e-01 52453 8.616189e+01 7.822234e+02 2.863641e+04
9.850290e-01 52947 8.491911e+01 7.504909e+02 2.757432e+04
9.950258e-01 54193 8.317639e+01 7.129669e+02 2.686772e+04
