# nc 324
# boxsize 6.000000e+02
1.483274e-02 13 1.063800e+04 6.763725e+05 4.314021e+07
2.513187e-02 33 1.236324e+04 7.980326e+05 5.161566e+07
3.574650e-02 79 8.563318e+03 5.491314e+05 3.533169e+07
4.583347e-02 105 8.076723e+03 5.122656e+05 3.263861e+07
5.486964e-02 145 6.654802e+03 4.200221e+05 2.667589e+07
6.471857e-02 243 6.170744e+03 3.848950e+05 2.420180e+07
7.503996e-02 313 5.344271e+03 3.297064e+05 2.057388e+07
8.485495e-02 369 4.031709e+03 2.469560e+05 1.534395e+07
9.528688e-02 571 3.378525e+03 2.044185e+05 1.257833e+07
1.059290e-01 601 2.915263e+03 1.740087e+05 1.059937e+07
1.156806e-01 705 2.701113e+03 1.590459e+05 9.572731e+06
1.255756e-01 883 2.218386e+03 1.291981e+05 7.749008e+06
1.352378e-01 909 2.073597e+03 1.201261e+05 7.178740e+06
1.449493e-01 1177 1.872665e+03 1.066085e+05 6.281101e+06
1.550659e-01 1323 1.587584e+03 8.831191e+04 5.125694e+06
1.649601e-01 1453 1.507074e+03 8.299304e+04 4.774636e+06
1.749597e-01 1701 1.429741e+03 7.778108e+04 4.442369e+06
1.852437e-01 1963 1.271352e+03 6.835923e+04 3.879942e+06
1.951071e-01 1933 1.133861e+03 5.996489e+04 3.377441e+06
2.049888e-01 2397 1.092171e+03 5.659352e+04 3.122043e+06
2.151844e-01 2539 9.996907e+02 5.078832e+04 2.765038e+06
2.250745e-01 2694 9.458005e+02 4.722288e+04 2.546042e+06
2.350927e-01 3121 8.601547e+02 4.236604e+04 2.266654e+06
2.451974e-01 3255 8.169443e+02 3.983043e+04 2.112767e+06
2.550872e-01 3517 7.783881e+02 3.698930e+04 1.928612e+06
2.649947e-01 3813 7.126256e+02 3.336552e+04 1.725770e+06
2.750606e-01 4231 6.719661e+02 3.096523e+04 1.583240e+06
2.851157e-01 4389 6.405605e+02 2.878881e+04 1.451964e+06
2.950080e-01 4717 6.302531e+02 2.803246e+04 1.397399e+06
3.050474e-01 5191 5.644297e+02 2.466574e+04 1.225338e+06
3.151078e-01 5373 5.544178e+02 2.380321e+04 1.164874e+06
3.251295e-01 5893 5.204207e+02 2.183362e+04 1.051902e+06
3.352591e-01 6183 4.911177e+02 2.030604e+04 9.698624e+05
3.451640e-01 6349 4.798574e+02 1.934046e+04 9.046016e+05
3.550965e-01 6993 4.480964e+02 1.782996e+04 8.316784e+05
3.649687e-01 7003 4.328138e+02 1.684112e+04 7.777534e+05
3.749450e-01 7941 4.168799e+02 1.585962e+04 7.177845e+05
3.851630e-01 8221 3.957199e+02 1.482010e+04 6.664424e+05
3.951752e-01 8449 3.839583e+02 1.402330e+04 6.207388e+05
4.050872e-01 8931 3.708906e+02 1.332744e+04 5.824232e+05
4.149904e-01 9289 3.596805e+02 1.260058e+04 5.435809e+05
4.250484e-01 10113 3.414467e+02 1.183593e+04 5.073937e+05
4.350196e-01 10087 3.298586e+02 1.122634e+04 4.749496e+05
4.449689e-01 10998 3.149570e+02 1.047493e+04 4.394132e+05
4.550136e-01 11233 3.047125e+02 9.852918e+03 4.081183e+05
4.650240e-01 11991 2.982164e+02 9.547976e+03 3.897725e+05
4.750600e-01 12241 2.828197e+02 8.789428e+03 3.548947e+05
4.850824e-01 13033 2.718911e+02 8.292236e+03 3.338770e+05
4.950626e-01 13227 2.652123e+02 7.846999e+03 3.085322e+05
5.050218e-01 13993 2.542858e+02 7.415826e+03 2.906100e+05
5.149626e-01 14301 2.533500e+02 7.254622e+03 2.787302e+05
5.249789e-01 15355 2.421169e+02 6.776821e+03 2.597216e+05
5.350486e-01 15585 2.345377e+02 6.388099e+03 2.409055e+05
5.451135e-01 16549 2.291995e+02 6.097154e+03 2.273739e+05
5.551181e-01 16587 2.249322e+02 5.889310e+03 2.175882e+05
5.650424e-01 17461 2.182310e+02 5.587004e+03 2.035953e+05
5.750589e-01 18177 2.099355e+02 5.270413e+03 1.909145e+05
5.850828e-01 18739 2.031103e+02 4.966024e+03 1.786882e+05
5.950416e-01 19165 1.960023e+02 4.700492e+03 1.676642e+05
6.049746e-01 20013 1.961971e+02 4.601129e+03 1.615162e+05
6.149470e-01 20587 1.888396e+02 4.323880e+03 1.510800e+05
6.249968e-01 21657 1.848637e+02 4.140353e+03 1.427183e+05
6.350666e-01 22129 1.795467e+02 3.937940e+03 1.347738e+05
6.450498e-01 22611 1.747435e+02 3.716379e+03 1.264641e+05
6.549912e-01 23317 1.702559e+02 3.548164e+03 1.196433e+05
6.649535e-01 24222 1.656235e+02 3.375305e+03 1.138545e+05
6.749660e-01 24943 1.612068e+02 3.217669e+03 1.073958e+05
6.850252e-01 25921 1.571419e+02 3.039176e+03 1.015286e+05
6.950284e-01 26253 1.547420e+02 2.926967e+03 9.662653e+04
7.049900e-01 27139 1.502637e+02 2.786344e+03 9.194027e+04
7.150256e-01 28185 1.461220e+02 2.607521e+03 8.589045e+04
7.250860e-01 28969 1.426809e+02 2.518021e+03 8.247468e+04
7.350183e-01 28887 1.408337e+02 2.420257e+03 7.878682e+04
7.450018e-01 30937 1.372975e+02 2.314989e+03 7.503729e+04
7.551045e-01 31341 1.335494e+02 2.193660e+03 7.115922e+04
7.650666e-01 31555 1.300309e+02 2.078355e+03 6.752634e+04
7.750154e-01 33025 1.278025e+02 1.980837e+03 6.373448e+04
7.850634e-01 33921 1.249934e+02 1.914220e+03 6.172241e+04
7.950596e-01 34285 1.217147e+02 1.798896e+03 5.846239e+04
8.050450e-01 35703 1.194518e+02 1.728442e+03 5.591362e+04
8.150563e-01 36205 1.169926e+02 1.640365e+03 5.301275e+04
8.250795e-01 37485 1.140709e+02 1.581672e+03 5.149677e+04
8.350885e-01 38047 1.113691e+02 1.507276e+03 4.934533e+04
8.450499e-01 38913 1.093875e+02 1.424137e+03 4.684625e+04
8.550252e-01 39853 1.080885e+02 1.378427e+03 4.508285e+04
8.650455e-01 41367 1.053407e+02 1.307644e+03 4.314946e+04
8.750680e-01 41617 1.032234e+02 1.250251e+03 4.143132e+04
8.849916e-01 42430 1.011277e+02 1.190619e+03 3.997626e+04
8.949944e-01 44367 9.940304e+01 1.140568e+03 3.840160e+04
9.050336e-01 44569 9.636089e+01 1.083958e+03 3.686723e+04
9.150411e-01 46089 9.642632e+01 1.058339e+03 3.586086e+04
9.250625e-01 46819 9.360239e+01 9.961443e+02 3.425723e+04
9.350607e-01 47793 9.155025e+01 9.516849e+02 3.292991e+04
9.450463e-01 48697 9.012309e+01 9.001328e+02 3.172610e+04
9.549734e-01 49443 8.873705e+01 8.725129e+02 3.093859e+04
9.649510e-01 51097 8.684492e+01 8.311051e+02 2.979884e+04
9.750082e-01 52453 8.489458e+01 7.835844e+02 2.862971e+04
9.850290e-01 52947 8.322572e+01 7.551306e+02 2.781649e+04
9.950258e-01 54193 8.152894e+01 7.181949e+02 2.687084e+04
