# nc 324
# boxsize 6.000000e+02
1.483274e-02 13 1.332139e+04 8.509398e+05 5.449506e+07
2.513187e-02 33 1.050513e+04 6.737019e+05 4.330421e+07
3.574650e-02 79 9.868506e+03 6.283936e+05 4.013324e+07
4.583347e-02 105 7.547880e+03 4.733900e+05 2.985779e+07
5.486964e-02 145 6.826312e+03 4.234782e+05 2.642422e+07
6.471857e-02 243 6.182142e+03 3.829153e+05 2.387812e+07
7.503996e-02 313 4.700260e+03 2.890728e+05 1.797222e+07
8.485495e-02 369 4.295410e+03 2.616284e+05 1.614074e+07
9.528688e-02 571 3.093436e+03 1.864603e+05 1.146874e+07
1.059290e-01 601 2.983786e+03 1.774645e+05 1.077149e+07
1.156806e-01 705 2.497691e+03 1.469868e+05 8.877097e+06
1.255756e-01 883 2.402433e+03 1.390636e+05 8.261969e+06
1.352378e-01 909 2.125328e+03 1.220905e+05 7.243393e+06
1.449493e-01 1177 1.828424e+03 1.034154e+05 6.075272e+06
1.550659e-01 1323 1.678608e+03 9.350923e+04 5.421810e+06
1.649601e-01 1453 1.484720e+03 8.189002e+04 4.731700e+06
1.749597e-01 1701 1.348416e+03 7.339702e+04 4.207896e+06
1.852437e-01 1963 1.263708e+03 6.741697e+04 3.810730e+06
1.951071e-01 1933 1.167410e+03 6.153123e+04 3.447602e+06
2.049888e-01 2397 1.097047e+03 5.677688e+04 3.141762e+06
2.151844e-01 2539 9.988552e+02 5.056594e+04 2.753281e+06
2.250745e-01 2694 9.517131e+02 4.749988e+04 2.559636e+06
2.350927e-01 3121 8.933478e+02 4.395207e+04 2.344870e+06
2.451974e-01 3255 8.226734e+02 3.952971e+04 2.086417e+06
2.550872e-01 3517 7.542100e+02 3.620662e+04 1.913482e+06
2.649947e-01 3813 7.338238e+02 3.432649e+04 1.774825e+06
2.750606e-01 4231 6.810422e+02 3.131033e+04 1.602910e+06
2.851157e-01 4389 6.572300e+02 2.954026e+04 1.487248e+06
2.950080e-01 4717 6.077371e+02 2.684594e+04 1.340841e+06
3.050474e-01 5191 5.814788e+02 2.538524e+04 1.257793e+06
3.151078e-01 5373 5.476230e+02 2.346183e+04 1.150707e+06
3.251295e-01 5893 5.206249e+02 2.176993e+04 1.047701e+06
3.352591e-01 6183 4.992935e+02 2.041603e+04 9.718814e+05
3.451640e-01 6349 4.776725e+02 1.917481e+04 9.024411e+05
3.550965e-01 6993 4.511362e+02 1.775633e+04 8.232468e+05
3.649687e-01 7003 4.456324e+02 1.725011e+04 7.894781e+05
3.749450e-01 7941 4.175922e+02 1.583880e+04 7.184700e+05
3.851630e-01 8221 4.061206e+02 1.517499e+04 6.799425e+05
3.951752e-01 8449 3.840779e+02 1.396317e+04 6.175498e+05
4.050872e-01 8931 3.730298e+02 1.325443e+04 5.757526e+05
4.149904e-01 9289 3.529808e+02 1.237711e+04 5.363894e+05
4.250484e-01 10113 3.457751e+02 1.189334e+04 5.096298e+05
4.350196e-01 10087 3.294332e+02 1.107927e+04 4.682828e+05
4.449689e-01 10998 3.215536e+02 1.067242e+04 4.481615e+05
4.550136e-01 11233 3.145170e+02 1.017939e+04 4.188205e+05
4.650240e-01 11991 2.994918e+02 9.427123e+03 3.835792e+05
4.750600e-01 12241 2.861026e+02 8.789069e+03 3.524068e+05
4.850824e-01 13033 2.748436e+02 8.291714e+03 3.307502e+05
4.950626e-01 13227 2.668564e+02 7.859002e+03 3.097636e+05
5.050218e-01 13993 2.619510e+02 7.586872e+03 2.945719e+05
5.149626e-01 14301 2.539026e+02 7.212610e+03 2.782618e+05
5.249789e-01 15355 2.484113e+02 6.902610e+03 2.613757e+05
5.350486e-01 15585 2.396597e+02 6.516697e+03 2.444647e+05
5.451135e-01 16549 2.308963e+02 6.121992e+03 2.279309e+05
5.551181e-01 16587 2.253665e+02 5.832302e+03 2.146509e+05
5.650424e-01 17461 2.179986e+02 5.495203e+03 2.002118e+05
5.750589e-01 18177 2.110721e+02 5.252321e+03 1.912069e+05
5.850828e-01 18739 2.072614e+02 5.029107e+03 1.799918e+05
5.950416e-01 19165 2.025076e+02 4.761263e+03 1.684021e+05
6.049746e-01 20013 1.944146e+02 4.498175e+03 1.578963e+05
6.149470e-01 20587 1.895384e+02 4.297646e+03 1.509860e+05
6.249968e-01 21657 1.858513e+02 4.089688e+03 1.407428e+05
6.350666e-01 22129 1.810933e+02 3.938021e+03 1.357596e+05
6.450498e-01 22611 1.776996e+02 3.748876e+03 1.275791e+05
6.549912e-01 23317 1.728570e+02 3.572229e+03 1.206776e+05
6.649535e-01 24222 1.682354e+02 3.371741e+03 1.128600e+05
6.749660e-01 24943 1.633106e+02 3.212636e+03 1.075288e+05
6.850252e-01 25921 1.611848e+02 3.069577e+03 1.012475e+05
6.950284e-01 26253 1.558944e+02 2.930823e+03 9.657517e+04
7.049900e-01 27139 1.534211e+02 2.811528e+03 9.153770e+04
7.150256e-01 28185 1.488643e+02 2.652960e+03 8.649287e+04
7.250860e-01 28969 1.446632e+02 2.530298e+03 8.263841e+04
7.350183e-01 28887 1.428849e+02 2.431922e+03 7.850253e+04
7.450018e-01 30937 1.396968e+02 2.307896e+03 7.458670e+04
7.551045e-01 31341 1.344746e+02 2.173593e+03 7.089628e+04
7.650666e-01 31555 1.315691e+02 2.073855e+03 6.730551e+04
7.750154e-01 33025 1.291927e+02 1.983388e+03 6.427700e+04
7.850634e-01 33921 1.261916e+02 1.897180e+03 6.130051e+04
7.950596e-01 34285 1.245974e+02 1.814737e+03 5.822577e+04
8.050450e-01 35703 1.211832e+02 1.735299e+03 5.631982e+04
8.150563e-01 36205 1.193772e+02 1.656769e+03 5.381958e+04
8.250795e-01 37485 1.168456e+02 1.575776e+03 5.108530e+04
8.350885e-01 38047 1.140086e+02 1.507774e+03 4.887526e+04
8.450499e-01 38913 1.120402e+02 1.442237e+03 4.673974e+04
8.550252e-01 39853 1.101997e+02 1.386787e+03 4.540709e+04
8.650455e-01 41367 1.073613e+02 1.307985e+03 4.316175e+04
8.750680e-01 41617 1.047000e+02 1.253072e+03 4.134600e+04
8.849916e-01 42430 1.027656e+02 1.193393e+03 3.986053e+04
8.949944e-01 44367 1.001238e+02 1.130399e+03 3.845163e+04
9.050336e-01 44569 9.945831e+01 1.092862e+03 3.682316e+04
9.150411e-01 46089 9.672839e+01 1.031636e+03 3.522392e+04
9.250625e-01 46819 9.597031e+01 1.004388e+03 3.431596e+04
9.350607e-01 47793 9.355784e+01 9.549284e+02 3.306121e+04
9.450463e-01 48697 9.145567e+01 9.002438e+02 3.170322e+04
9.549734e-01 49443 8.959511e+01 8.667732e+02 3.070862e+04
9.649510e-01 51097 8.804474e+01 8.203428e+02 2.946904e+04
9.750082e-01 52453 8.649427e+01 7.854883e+02 2.844933e+04
9.850290e-01 52947 8.423703e+01 7.417302e+02 2.740900e+04
9.950258e-01 54193 8.306448e+01 7.192709e+02 2.692694e+04
