# nc 324
# boxsize 6.000000e+02
1.483274e-02 13 1.721759e+04 1.102226e+06 7.063892e+07
2.513187e-02 33 1.371463e+04 8.776056e+05 5.629309e+07
3.574650e-02 79 9.587807e+03 6.157038e+05 3.972456e+07
4.583347e-02 105 8.974400e+03 5.679861e+05 3.611616e+07
5.486964e-02 145 7.171267e+03 4.465197e+05 2.798704e+07
6.471857e-02 243 6.015476e+03 3.736989e+05 2.342395e+07
7.503996e-02 313 5.123954e+03 3.149261e+05 1.956251e+07
8.485495e-02 369 4.316605e+03 2.617705e+05 1.610395e+07
9.528688e-02 571 3.261594e+03 1.973967e+05 1.218698e+07
1.059290e-01 601 2.979945e+03 1.764364e+05 1.067429e+07
1.156806e-01 705 2.765686e+03 1.633204e+05 9.875276e+06
1.255756e-01 883 2.296021e+03 1.328134e+05 7.908813e+06
1.352378e-01 909 2.037705e+03 1.177465e+05 7.038248e+06
1.449493e-01 1177 1.882517e+03 1.063912e+05 6.236036e+06
1.550659e-01 1323 1.674946e+03 9.373662e+04 5.464738e+06
1.649601e-01 1453 1.518287e+03 8.277100e+04 4.726538e+06
1.749597e-01 1701 1.427057e+03 7.750720e+04 4.429284e+06
1.852437e-01 1963 1.284857e+03 6.858289e+04 3.869298e+06
1.951071e-01 1933 1.198837e+03 6.341114e+04 3.570297e+06
2.049888e-01 2397 1.125864e+03 5.816245e+04 3.206505e+06
2.151844e-01 2539 1.010929e+03 5.129789e+04 2.798152e+06
2.250745e-01 2694 9.371077e+02 4.679731e+04 2.533967e+06
2.350927e-01 3121 8.933730e+02 4.413997e+04 2.360742e+06
2.451974e-01 3255 8.170896e+02 3.954103e+04 2.095529e+06
2.550872e-01 3517 7.968174e+02 3.788732e+04 1.977876e+06
2.649947e-01 3813 7.308286e+02 3.430197e+04 1.780872e+06
2.750606e-01 4231 6.795297e+02 3.119236e+04 1.596318e+06
2.851157e-01 4389 6.472238e+02 2.909772e+04 1.468743e+06
2.950080e-01 4717 6.225825e+02 2.744497e+04 1.363322e+06
3.050474e-01 5191 5.720989e+02 2.477061e+04 1.222076e+06
3.151078e-01 5373 5.526826e+02 2.359191e+04 1.151608e+06
3.251295e-01 5893 5.271799e+02 2.206856e+04 1.064179e+06
3.352591e-01 6183 4.905068e+02 2.010846e+04 9.589321e+05
3.451640e-01 6349 4.758633e+02 1.918580e+04 9.009131e+05
3.550965e-01 6993 4.526550e+02 1.788670e+04 8.335473e+05
3.649687e-01 7003 4.399413e+02 1.697106e+04 7.791284e+05
3.749450e-01 7941 4.277322e+02 1.618246e+04 7.308002e+05
3.851630e-01 8221 4.009105e+02 1.488868e+04 6.666776e+05
3.951752e-01 8449 3.867299e+02 1.398004e+04 6.155608e+05
4.050872e-01 8931 3.734764e+02 1.326196e+04 5.787293e+05
4.149904e-01 9289 3.562291e+02 1.247736e+04 5.405001e+05
4.250484e-01 10113 3.465229e+02 1.187995e+04 5.080495e+05
4.350196e-01 10087 3.345198e+02 1.120625e+04 4.710274e+05
4.449689e-01 10998 3.266770e+02 1.071598e+04 4.438995e+05
4.550136e-01 11233 3.115005e+02 1.004030e+04 4.142788e+05
4.650240e-01 11991 3.024745e+02 9.517808e+03 3.862230e+05
4.750600e-01 12241 2.906001e+02 8.965077e+03 3.597148e+05
4.850824e-01 13033 2.824975e+02 8.558437e+03 3.393107e+05
4.950626e-01 13227 2.734379e+02 8.029445e+03 3.147178e+05
5.050218e-01 13993 2.609901e+02 7.533617e+03 2.927668e+05
5.149626e-01 14301 2.568201e+02 7.246121e+03 2.776014e+05
5.249789e-01 15355 2.451133e+02 6.780911e+03 2.581898e+05
5.350486e-01 15585 2.384859e+02 6.456715e+03 2.429626e+05
5.451135e-01 16549 2.327824e+02 6.174678e+03 2.298408e+05
5.551181e-01 16587 2.293004e+02 5.932829e+03 2.179828e+05
5.650424e-01 17461 2.196175e+02 5.517605e+03 2.006579e+05
5.750589e-01 18177 2.146948e+02 5.321081e+03 1.917038e+05
5.850828e-01 18739 2.076735e+02 4.997278e+03 1.780838e+05
5.950416e-01 19165 1.984673e+02 4.686009e+03 1.670359e+05
6.049746e-01 20013 1.967659e+02 4.531638e+03 1.583236e+05
6.149470e-01 20587 1.943744e+02 4.364213e+03 1.509849e+05
6.249968e-01 21657 1.881212e+02 4.159666e+03 1.437197e+05
6.350666e-01 22129 1.809776e+02 3.914832e+03 1.345802e+05
6.450498e-01 22611 1.776298e+02 3.720945e+03 1.259230e+05
6.549912e-01 23317 1.711047e+02 3.533171e+03 1.203923e+05
6.649535e-01 24222 1.686606e+02 3.374599e+03 1.132556e+05
6.749660e-01 24943 1.650009e+02 3.246386e+03 1.075937e+05
6.850252e-01 25921 1.600748e+02 3.067520e+03 1.010895e+05
6.950284e-01 26253 1.559759e+02 2.926259e+03 9.662019e+04
7.049900e-01 27139 1.522021e+02 2.763685e+03 9.102703e+04
7.150256e-01 28185 1.479837e+02 2.625876e+03 8.616655e+04
7.250860e-01 28969 1.443416e+02 2.515025e+03 8.242126e+04
7.350183e-01 28887 1.416699e+02 2.415563e+03 7.847741e+04
7.450018e-01 30937 1.396315e+02 2.307743e+03 7.453239e+04
7.551045e-01 31341 1.358529e+02 2.199877e+03 7.087495e+04
7.650666e-01 31555 1.319886e+02 2.080475e+03 6.734257e+04
7.750154e-01 33025 1.316637e+02 2.008636e+03 6.472728e+04
7.850634e-01 33921 1.264396e+02 1.888000e+03 6.115466e+04
7.950596e-01 34285 1.245743e+02 1.819376e+03 5.843588e+04
8.050450e-01 35703 1.216210e+02 1.736270e+03 5.592084e+04
8.150563e-01 36205 1.183512e+02 1.651699e+03 5.338525e+04
8.250795e-01 37485 1.170837e+02 1.573147e+03 5.073914e+04
8.350885e-01 38047 1.137395e+02 1.499760e+03 4.906637e+04
8.450499e-01 38913 1.112584e+02 1.430258e+03 4.676935e+04
8.550252e-01 39853 1.090063e+02 1.376283e+03 4.538629e+04
8.650455e-01 41367 1.082803e+02 1.329870e+03 4.335972e+04
8.750680e-01 41617 1.045185e+02 1.239636e+03 4.117310e+04
8.849916e-01 42430 1.032098e+02 1.200800e+03 3.993237e+04
8.949944e-01 44367 1.012303e+02 1.145731e+03 3.855512e+04
9.050336e-01 44569 9.796989e+01 1.076207e+03 3.652254e+04
9.150411e-01 46089 9.730035e+01 1.041402e+03 3.553839e+04
9.250625e-01 46819 9.507802e+01 9.877079e+02 3.413045e+04
9.350607e-01 47793 9.344625e+01 9.478345e+02 3.294295e+04
9.450463e-01 48697 9.155531e+01 9.094937e+02 3.185082e+04
9.549734e-01 49443 8.985468e+01 8.750278e+02 3.084346e+04
9.649510e-01 51097 8.868357e+01 8.308882e+02 2.980392e+04
9.750082e-01 52453 8.586160e+01 7.808733e+02 2.839766e+04
9.850290e-01 52947 8.514858e+01 7.536074e+02 2.754344e+04
9.950258e-01 54193 8.309476e+01 7.196741e+02 2.682491e+04
