# nc 512
# boxsize 1.000000e+03
8.018239e-03 9 1.091027e+04 8.482546e+05 6.595151e+07
1.659868e-02 64 1.508302e+04 1.171207e+06 9.096711e+07
2.586446e-02 157 1.377985e+04 1.064503e+06 8.228047e+07
3.529679e-02 292 1.090257e+04 8.393391e+05 6.470697e+07
4.513097e-02 529 8.102162e+03 6.209580e+05 4.770876e+07
5.555287e-02 820 6.814285e+03 5.181903e+05 3.955334e+07
6.539610e-02 1000 6.101045e+03 4.596595e+05 3.481078e+07
7.523297e-02 1483 5.595252e+03 4.163958e+05 3.120121e+07
8.527687e-02 1792 4.364370e+03 3.229333e+05 2.413426e+07
9.513029e-02 2293 3.782438e+03 2.763854e+05 2.044733e+07
1.052419e-01 2848 3.092259e+03 2.228991e+05 1.632343e+07
1.151206e-01 3232 2.863743e+03 2.048415e+05 1.491940e+07
1.250948e-01 4077 2.681526e+03 1.895579e+05 1.367522e+07
1.351559e-01 4552 2.396295e+03 1.673074e+05 1.195972e+07
1.451184e-01 5377 2.137972e+03 1.472517e+05 1.042404e+07
1.550677e-01 5974 1.918186e+03 1.305976e+05 9.182767e+06
1.650359e-01 6976 1.700501e+03 1.140503e+05 7.938378e+06
1.750550e-01 7717 1.564291e+03 1.033584e+05 7.113346e+06
1.850940e-01 8776 1.449289e+03 9.476030e+04 6.483392e+06
1.950993e-01 9553 1.345079e+03 8.651237e+04 5.851098e+06
2.050639e-01 10660 1.270240e+03 8.083366e+04 5.435095e+06
2.150232e-01 11608 1.180018e+03 7.373478e+04 4.886215e+06
2.250206e-01 12937 1.090295e+03 6.694995e+04 4.387402e+06
2.351002e-01 14062 1.026807e+03 6.220246e+04 4.036836e+06
2.450739e-01 15105 9.404723e+02 5.625470e+04 3.629774e+06
2.550522e-01 16492 9.079789e+02 5.342521e+04 3.405886e+06
2.650604e-01 17821 8.581865e+02 4.985575e+04 3.153644e+06
2.750125e-01 18940 8.112196e+02 4.630546e+04 2.894122e+06
2.850269e-01 20836 7.687877e+02 4.319129e+04 2.674659e+06
2.950518e-01 21949 7.260732e+02 4.009434e+04 2.452368e+06
3.050599e-01 23656 6.936912e+02 3.770485e+04 2.283272e+06
3.149891e-01 24727 6.610419e+02 3.532002e+04 2.116540e+06
3.250379e-01 27400 6.315754e+02 3.322818e+04 1.972178e+06
3.350922e-01 28096 5.972518e+02 3.089554e+04 1.820006e+06
3.450584e-01 30337 5.712887e+02 2.903754e+04 1.690783e+06
3.550604e-01 31696 5.530327e+02 2.754714e+04 1.579412e+06
3.650295e-01 33849 5.288436e+02 2.600999e+04 1.482313e+06
3.750722e-01 35800 5.103398e+02 2.462462e+04 1.385848e+06
3.850647e-01 37348 4.924996e+02 2.334786e+04 1.299770e+06
3.950397e-01 39535 4.698953e+02 2.186654e+04 1.203789e+06
4.050307e-01 41452 4.526198e+02 2.068000e+04 1.128429e+06
4.150177e-01 43669 4.377702e+02 1.970108e+04 1.063521e+06
4.250356e-01 45832 4.221742e+02 1.863512e+04 9.938783e+05
4.350008e-01 47524 4.086545e+02 1.776023e+04 9.378844e+05
4.450186e-01 50761 3.966049e+02 1.684724e+04 8.779742e+05
4.550579e-01 52264 3.816157e+02 1.595410e+04 8.248511e+05
4.650571e-01 54973 3.717871e+02 1.528024e+04 7.823805e+05
4.750553e-01 56890 3.594071e+02 1.449528e+04 7.326882e+05
4.849982e-01 59233 3.477956e+02 1.373491e+04 6.866872e+05
4.949997e-01 62460 3.373070e+02 1.306798e+04 6.458744e+05
5.050400e-01 64660 3.275637e+02 1.241006e+04 6.066544e+05
5.150365e-01 67105 3.214642e+02 1.196902e+04 5.766784e+05
5.250511e-01 70108 3.129534e+02 1.141827e+04 5.440031e+05
5.350611e-01 72421 3.025366e+02 1.085741e+04 5.138236e+05
5.450809e-01 75628 2.947464e+02 1.034603e+04 4.829099e+05
5.550666e-01 77374 2.855115e+02 9.837103e+03 4.548759e+05
5.650248e-01 80965 2.802462e+02 9.454057e+03 4.307198e+05
5.750209e-01 83536 2.709046e+02 8.958090e+03 4.054634e+05
5.849943e-01 86509 2.665907e+02 8.649192e+03 3.864976e+05
5.950118e-01 90088 2.596898e+02 8.218915e+03 3.623229e+05
6.050243e-01 92524 2.530126e+02 7.897818e+03 3.465077e+05
6.150021e-01 95685 2.471915e+02 7.526151e+03 3.257087e+05
6.250268e-01 99460 2.406413e+02 7.182561e+03 3.073858e+05
6.350319e-01 101791 2.349351e+02 6.867841e+03 2.909778e+05
6.450443e-01 105940 2.308983e+02 6.586264e+03 2.752198e+05
6.550363e-01 108040 2.250323e+02 6.289218e+03 2.609276e+05
6.650248e-01 112417 2.190529e+02 6.010608e+03 2.465533e+05
6.749918e-01 114172 2.141884e+02 5.743552e+03 2.331959e+05
6.849838e-01 119989 2.089815e+02 5.469793e+03 2.198596e+05
6.950359e-01 122428 2.054687e+02 5.270829e+03 2.091995e+05
7.050021e-01 125049 2.011100e+02 5.033679e+03 1.978141e+05
7.150185e-01 130682 1.965006e+02 4.818340e+03 1.875753e+05
7.250500e-01 132820 1.929735e+02 4.618404e+03 1.780269e+05
7.350461e-01 137169 1.887640e+02 4.420268e+03 1.687273e+05
7.450354e-01 139912 1.843529e+02 4.212838e+03 1.593110e+05
7.550326e-01 145021 1.813905e+02 4.051092e+03 1.518614e+05
7.650453e-01 148000 1.773863e+02 3.883923e+03 1.440958e+05
7.750260e-01 151840 1.742049e+02 3.706750e+03 1.362580e+05
7.849916e-01 155365 1.698339e+02 3.543085e+03 1.297193e+05
7.950130e-01 161410 1.669514e+02 3.398358e+03 1.230019e+05
8.050563e-01 164341 1.642251e+02 3.261075e+03 1.168003e+05
8.150452e-01 167704 1.603982e+02 3.112073e+03 1.110785e+05
8.250456e-01 172960 1.576537e+02 2.977666e+03 1.049920e+05
8.350307e-01 175597 1.545962e+02 2.853748e+03 1.000556e+05
8.450225e-01 181552 1.514220e+02 2.728754e+03 9.490009e+04
8.550387e-01 185185 1.493533e+02 2.622868e+03 9.058285e+04
8.650410e-01 189576 1.461886e+02 2.502505e+03 8.593375e+04
8.750145e-01 192850 1.434656e+02 2.388511e+03 8.159741e+04
8.849866e-01 198481 1.411627e+02 2.293600e+03 7.768347e+04
8.950163e-01 203908 1.386428e+02 2.192501e+03 7.397742e+04
9.050183e-01 206677 1.357206e+02 2.094828e+03 7.055212e+04
9.150119e-01 212440 1.338902e+02 2.015193e+03 6.721403e+04
9.250146e-01 216544 1.307720e+02 1.921076e+03 6.405754e+04
9.350152e-01 221725 1.293719e+02 1.847380e+03 6.115600e+04
9.450189e-01 226024 1.265964e+02 1.762049e+03 5.830904e+04
9.550021e-01 230515 1.242902e+02 1.677543e+03 5.554757e+04
9.650081e-01 236548 1.221007e+02 1.603571e+03 5.294066e+04
9.750165e-01 240697 1.201339e+02 1.541040e+03 5.078501e+04
9.850258e-01 246264 1.184909e+02 1.474854e+03 4.859721e+04
9.950310e-01 250480 1.161113e+02 1.401358e+03 4.609823e+04
