# nc 512
# boxsize 1.000000e+03
8.018239e-03 9 8.669490e+03 6.725080e+05 5.216958e+07
1.659868e-02 64 1.430565e+04 1.110472e+06 8.621742e+07
2.586446e-02 157 1.273402e+04 9.856526e+05 7.633670e+07
3.529679e-02 292 1.053974e+04 8.129710e+05 6.279119e+07
4.513097e-02 529 9.018058e+03 6.895052e+05 5.285120e+07
5.555287e-02 820 7.215784e+03 5.479367e+05 4.176366e+07
6.539610e-02 1000 6.428722e+03 4.837102e+05 3.658636e+07
7.523297e-02 1483 5.322534e+03 3.980563e+05 2.998120e+07
8.527687e-02 1792 4.622223e+03 3.414089e+05 2.544819e+07
9.513029e-02 2293 3.659907e+03 2.669574e+05 1.972203e+07
1.052419e-01 2848 3.252229e+03 2.349792e+05 1.723767e+07
1.151206e-01 3232 2.821161e+03 2.017702e+05 1.470355e+07
1.250948e-01 4077 2.680039e+03 1.894412e+05 1.366143e+07
1.351559e-01 4552 2.444811e+03 1.707290e+05 1.220004e+07
1.451184e-01 5377 2.130206e+03 1.469652e+05 1.042537e+07
1.550677e-01 5974 1.891722e+03 1.285672e+05 9.021363e+06
1.650359e-01 6976 1.697260e+03 1.141659e+05 7.965549e+06
1.750550e-01 7717 1.596115e+03 1.054362e+05 7.249627e+06
1.850940e-01 8776 1.454967e+03 9.536170e+04 6.539786e+06
1.950993e-01 9553 1.376974e+03 8.903460e+04 6.038504e+06
2.050639e-01 10660 1.261741e+03 8.007393e+04 5.361910e+06
2.150232e-01 11608 1.156024e+03 7.246195e+04 4.819146e+06
2.250206e-01 12937 1.077720e+03 6.634355e+04 4.356162e+06
2.351002e-01 14062 1.025618e+03 6.218541e+04 4.036611e+06
2.450739e-01 15105 9.689867e+02 5.792704e+04 3.728806e+06
2.550522e-01 16492 9.025507e+02 5.335790e+04 3.414080e+06
2.650604e-01 17821 8.462190e+02 4.916653e+04 3.111625e+06
2.750125e-01 18940 8.094370e+02 4.627133e+04 2.896284e+06
2.850269e-01 20836 7.598868e+02 4.272722e+04 2.645892e+06
2.950518e-01 21949 7.216189e+02 3.987754e+04 2.441479e+06
3.050599e-01 23656 6.924852e+02 3.770327e+04 2.286659e+06
3.149891e-01 24727 6.508773e+02 3.477625e+04 2.087639e+06
3.250379e-01 27400 6.287160e+02 3.311085e+04 1.967838e+06
3.350922e-01 28096 6.033308e+02 3.129028e+04 1.839595e+06
3.450584e-01 30337 5.778857e+02 2.949411e+04 1.718276e+06
3.550604e-01 31696 5.483871e+02 2.750237e+04 1.585766e+06
3.650295e-01 33849 5.357474e+02 2.639173e+04 1.500734e+06
3.750722e-01 35800 5.097071e+02 2.460946e+04 1.384409e+06
3.850647e-01 37348 4.898241e+02 2.328417e+04 1.297904e+06
3.950397e-01 39535 4.710484e+02 2.197878e+04 1.211334e+06
4.050307e-01 41452 4.547756e+02 2.087452e+04 1.139354e+06
4.150177e-01 43669 4.375088e+02 1.969067e+04 1.062260e+06
4.250356e-01 45832 4.226142e+02 1.869372e+04 9.969891e+05
4.350008e-01 47524 4.094951e+02 1.778916e+04 9.386297e+05
4.450186e-01 50761 3.945865e+02 1.682483e+04 8.781438e+05
4.550579e-01 52264 3.854741e+02 1.612165e+04 8.311205e+05
4.650571e-01 54973 3.702733e+02 1.522630e+04 7.787651e+05
4.750553e-01 56890 3.602055e+02 1.450990e+04 7.326444e+05
4.849982e-01 59233 3.515799e+02 1.389576e+04 6.921625e+05
4.949997e-01 62460 3.401479e+02 1.318710e+04 6.513830e+05
5.050400e-01 64660 3.287545e+02 1.251717e+04 6.113451e+05
5.150365e-01 67105 3.194161e+02 1.189945e+04 5.750665e+05
5.250511e-01 70108 3.096013e+02 1.131876e+04 5.407052e+05
5.350611e-01 72421 3.017711e+02 1.084639e+04 5.122818e+05
5.450809e-01 75628 2.946706e+02 1.038870e+04 4.857593e+05
5.550666e-01 77374 2.872118e+02 9.904835e+03 4.576762e+05
5.650248e-01 80965 2.792106e+02 9.446714e+03 4.313565e+05
5.750209e-01 83536 2.703109e+02 8.962245e+03 4.052323e+05
5.849943e-01 86509 2.645284e+02 8.598514e+03 3.845160e+05
5.950118e-01 90088 2.594326e+02 8.252041e+03 3.650494e+05
6.050243e-01 92524 2.529308e+02 7.878025e+03 3.444440e+05
6.150021e-01 95685 2.471256e+02 7.551869e+03 3.266245e+05
6.250268e-01 99460 2.396889e+02 7.163065e+03 3.064462e+05
6.350319e-01 101791 2.363248e+02 6.907183e+03 2.915140e+05
6.450443e-01 105940 2.305906e+02 6.598408e+03 2.761996e+05
6.550363e-01 108040 2.242836e+02 6.295143e+03 2.606244e+05
6.650248e-01 112417 2.193283e+02 6.004300e+03 2.458810e+05
6.749918e-01 114172 2.153208e+02 5.770378e+03 2.335721e+05
6.849838e-01 119989 2.096927e+02 5.514621e+03 2.214809e+05
6.950359e-01 122428 2.056598e+02 5.266379e+03 2.085847e+05
7.050021e-01 125049 2.013155e+02 5.065137e+03 1.990984e+05
7.150185e-01 130682 1.968984e+02 4.839750e+03 1.883124e+05
7.250500e-01 132820 1.931019e+02 4.631118e+03 1.781314e+05
7.350461e-01 137169 1.888126e+02 4.424685e+03 1.687485e+05
7.450354e-01 139912 1.848103e+02 4.236709e+03 1.599705e+05
7.550326e-01 145021 1.813543e+02 4.066650e+03 1.519133e+05
7.650453e-01 148000 1.777123e+02 3.897494e+03 1.446514e+05
7.750260e-01 151840 1.739529e+02 3.719148e+03 1.366195e+05
7.849916e-01 155365 1.705714e+02 3.565053e+03 1.296297e+05
7.950130e-01 161410 1.676473e+02 3.422301e+03 1.232684e+05
8.050563e-01 164341 1.639555e+02 3.259390e+03 1.166003e+05
8.150452e-01 167704 1.615513e+02 3.141936e+03 1.112399e+05
8.250456e-01 172960 1.578061e+02 2.990874e+03 1.051288e+05
8.350307e-01 175597 1.550156e+02 2.864497e+03 9.997773e+04
8.450225e-01 181552 1.523796e+02 2.750212e+03 9.516524e+04
8.550387e-01 185185 1.488989e+02 2.624408e+03 9.049194e+04
8.650410e-01 189576 1.469217e+02 2.518737e+03 8.605710e+04
8.750145e-01 192850 1.436758e+02 2.404787e+03 8.176851e+04
8.849866e-01 198481 1.413633e+02 2.296975e+03 7.776783e+04
8.950163e-01 203908 1.385181e+02 2.196580e+03 7.397795e+04
9.050183e-01 206677 1.365429e+02 2.111011e+03 7.052973e+04
9.150119e-01 212440 1.338201e+02 2.013480e+03 6.716221e+04
9.250146e-01 216544 1.316368e+02 1.930699e+03 6.422663e+04
9.350152e-01 221725 1.296476e+02 1.845772e+03 6.099361e+04
9.450189e-01 226024 1.268045e+02 1.763054e+03 5.823786e+04
9.550021e-01 230515 1.245612e+02 1.684674e+03 5.554513e+04
9.650081e-01 236548 1.221451e+02 1.607921e+03 5.280798e+04
9.750165e-01 240697 1.206071e+02 1.546035e+03 5.065627e+04
9.850258e-01 246264 1.188867e+02 1.484440e+03 4.858184e+04
9.950310e-01 250480 1.172495e+02 1.418482e+03 4.631661e+04
