# nc 512
# boxsize 1.000000e+03
8.018239e-03 9 1.166033e+04 9.031118e+05 6.994906e+07
1.659868e-02 64 1.717818e+04 1.331239e+06 1.031868e+08
2.586446e-02 157 1.616699e+04 1.248142e+06 9.641642e+07
3.529679e-02 292 1.135181e+04 8.684166e+05 6.654079e+07
4.513097e-02 529 8.282705e+03 6.290351e+05 4.791219e+07
5.555287e-02 820 7.178146e+03 5.430911e+05 4.126947e+07
6.539610e-02 1000 6.722038e+03 5.051004e+05 3.815502e+07
7.523297e-02 1483 5.516665e+03 4.099931e+05 3.071520e+07
8.527687e-02 1792 4.729524e+03 3.473699e+05 2.578310e+07
9.513029e-02 2293 3.791296e+03 2.756584e+05 2.033127e+07
1.052419e-01 2848 3.157237e+03 2.269355e+05 1.659766e+07
1.151206e-01 3232 2.972380e+03 2.110915e+05 1.528412e+07
1.250948e-01 4077 2.678717e+03 1.886895e+05 1.358939e+07
1.351559e-01 4552 2.426810e+03 1.691462e+05 1.209415e+07
1.451184e-01 5377 2.217779e+03 1.526690e+05 1.081754e+07
1.550677e-01 5974 1.913237e+03 1.293360e+05 9.045994e+06
1.650359e-01 6976 1.738982e+03 1.158616e+05 8.024557e+06
1.750550e-01 7717 1.586364e+03 1.040460e+05 7.131270e+06
1.850940e-01 8776 1.505946e+03 9.802938e+04 6.685754e+06
1.950993e-01 9553 1.414283e+03 9.076652e+04 6.124498e+06
2.050639e-01 10660 1.272876e+03 8.054870e+04 5.394522e+06
2.150232e-01 11608 1.174473e+03 7.302159e+04 4.830108e+06
2.250206e-01 12937 1.092786e+03 6.686743e+04 4.371458e+06
2.351002e-01 14062 1.028888e+03 6.197652e+04 4.017663e+06
2.450739e-01 15105 9.824131e+02 5.843691e+04 3.750642e+06
2.550522e-01 16492 9.180622e+02 5.385346e+04 3.430846e+06
2.650604e-01 17821 8.505970e+02 4.916991e+04 3.105154e+06
2.750125e-01 18940 8.078817e+02 4.608168e+04 2.887002e+06
2.850269e-01 20836 7.678145e+02 4.289741e+04 2.645514e+06
2.950518e-01 21949 7.294158e+02 4.005243e+04 2.442070e+06
3.050599e-01 23656 7.001654e+02 3.788898e+04 2.289826e+06
3.149891e-01 24727 6.656236e+02 3.544256e+04 2.119673e+06
3.250379e-01 27400 6.244423e+02 3.270898e+04 1.941746e+06
3.350922e-01 28096 6.120935e+02 3.150291e+04 1.843080e+06
3.450584e-01 30337 5.799196e+02 2.935291e+04 1.701579e+06
3.550604e-01 31696 5.564326e+02 2.774790e+04 1.594006e+06
3.650295e-01 33849 5.297645e+02 2.587034e+04 1.468439e+06
3.750722e-01 35800 5.142164e+02 2.477673e+04 1.392977e+06
3.850647e-01 37348 4.958396e+02 2.341430e+04 1.299474e+06
3.950397e-01 39535 4.801448e+02 2.226640e+04 1.221988e+06
4.050307e-01 41452 4.558048e+02 2.080957e+04 1.133524e+06
4.150177e-01 43669 4.436030e+02 1.987424e+04 1.069208e+06
4.250356e-01 45832 4.274579e+02 1.884504e+04 1.003788e+06
4.350008e-01 47524 4.126471e+02 1.781545e+04 9.375802e+05
4.450186e-01 50761 4.001768e+02 1.698004e+04 8.845286e+05
4.550579e-01 52264 3.873979e+02 1.610772e+04 8.285926e+05
4.650571e-01 54973 3.766287e+02 1.537805e+04 7.824320e+05
4.750553e-01 56890 3.657685e+02 1.463501e+04 7.359006e+05
4.849982e-01 59233 3.517371e+02 1.380257e+04 6.881555e+05
4.949997e-01 62460 3.431437e+02 1.323258e+04 6.524392e+05
5.050400e-01 64660 3.330036e+02 1.256673e+04 6.119556e+05
5.150365e-01 67105 3.228958e+02 1.197614e+04 5.773813e+05
5.250511e-01 70108 3.140652e+02 1.141931e+04 5.442598e+05
5.350611e-01 72421 3.044712e+02 1.084447e+04 5.114086e+05
5.450809e-01 75628 2.978064e+02 1.040379e+04 4.845929e+05
5.550666e-01 77374 2.902737e+02 9.931938e+03 4.573309e+05
5.650248e-01 80965 2.823767e+02 9.483387e+03 4.319962e+05
5.750209e-01 83536 2.754411e+02 9.050709e+03 4.086393e+05
5.849943e-01 86509 2.696325e+02 8.710072e+03 3.881986e+05
5.950118e-01 90088 2.628960e+02 8.269969e+03 3.637373e+05
6.050243e-01 92524 2.549115e+02 7.874598e+03 3.429075e+05
6.150021e-01 95685 2.490181e+02 7.541239e+03 3.252707e+05
6.250268e-01 99460 2.439173e+02 7.217997e+03 3.079152e+05
6.350319e-01 101791 2.384837e+02 6.905810e+03 2.907325e+05
6.450443e-01 105940 2.315534e+02 6.576890e+03 2.751928e+05
6.550363e-01 108040 2.278540e+02 6.325609e+03 2.607104e+05
6.650248e-01 112417 2.222023e+02 6.039849e+03 2.463716e+05
6.749918e-01 114172 2.180768e+02 5.807037e+03 2.341625e+05
6.849838e-01 119989 2.130388e+02 5.531314e+03 2.211254e+05
6.950359e-01 122428 2.077138e+02 5.267304e+03 2.085774e+05
7.050021e-01 125049 2.040092e+02 5.074978e+03 1.989063e+05
7.150185e-01 130682 1.985284e+02 4.818906e+03 1.868292e+05
7.250500e-01 132820 1.943011e+02 4.623654e+03 1.780154e+05
7.350461e-01 137169 1.906352e+02 4.431867e+03 1.689862e+05
7.450354e-01 139912 1.875865e+02 4.246968e+03 1.596978e+05
7.550326e-01 145021 1.823620e+02 4.031259e+03 1.505250e+05
7.650453e-01 148000 1.791534e+02 3.875721e+03 1.431338e+05
7.750260e-01 151840 1.767848e+02 3.735455e+03 1.364097e+05
7.849916e-01 155365 1.722868e+02 3.560896e+03 1.294984e+05
7.950130e-01 161410 1.696069e+02 3.411665e+03 1.226083e+05
8.050563e-01 164341 1.659177e+02 3.261940e+03 1.164334e+05
8.150452e-01 167704 1.628859e+02 3.127132e+03 1.108806e+05
8.250456e-01 172960 1.599345e+02 3.003393e+03 1.056213e+05
8.350307e-01 175597 1.567673e+02 2.855361e+03 9.963728e+04
8.450225e-01 181552 1.537149e+02 2.742829e+03 9.526643e+04
8.550387e-01 185185 1.508057e+02 2.623046e+03 9.036602e+04
8.650410e-01 189576 1.479648e+02 2.505416e+03 8.575110e+04
8.750145e-01 192850 1.457527e+02 2.401465e+03 8.158579e+04
8.849866e-01 198481 1.433356e+02 2.308617e+03 7.810663e+04
8.950163e-01 203908 1.402029e+02 2.201078e+03 7.416596e+04
9.050183e-01 206677 1.382203e+02 2.104847e+03 7.029649e+04
9.150119e-01 212440 1.353487e+02 2.005556e+03 6.696838e+04
9.250146e-01 216544 1.329915e+02 1.927063e+03 6.398800e+04
9.350152e-01 221725 1.311294e+02 1.844247e+03 6.097389e+04
9.450189e-01 226024 1.279714e+02 1.755206e+03 5.814098e+04
9.550021e-01 230515 1.263138e+02 1.685443e+03 5.553645e+04
9.650081e-01 236548 1.241195e+02 1.609223e+03 5.283381e+04
9.750165e-01 240697 1.217551e+02 1.537144e+03 5.055327e+04
9.850258e-01 246264 1.198495e+02 1.477271e+03 4.843652e+04
9.950310e-01 250480 1.172696e+02 1.400287e+03 4.623500e+04
