# nc 512
# boxsize 1.000000e+03
8.018239e-03 9 1.892859e+04 1.469535e+06 1.140905e+08
1.659868e-02 64 1.969243e+04 1.522078e+06 1.176703e+08
2.586446e-02 157 1.504224e+04 1.160474e+06 8.959372e+07
3.529679e-02 292 1.088568e+04 8.339619e+05 6.398914e+07
4.513097e-02 529 9.225114e+03 7.020081e+05 5.356558e+07
5.555287e-02 820 7.376302e+03 5.579376e+05 4.237440e+07
6.539610e-02 1000 6.422196e+03 4.812986e+05 3.628603e+07
7.523297e-02 1483 5.424484e+03 4.034259e+05 3.024189e+07
8.527687e-02 1792 4.557301e+03 3.351352e+05 2.489287e+07
9.513029e-02 2293 3.686979e+03 2.674266e+05 1.966004e+07
1.052419e-01 2848 3.142659e+03 2.268825e+05 1.663834e+07
1.151206e-01 3232 2.923870e+03 2.088535e+05 1.520092e+07
1.250948e-01 4077 2.709906e+03 1.914825e+05 1.382191e+07
1.351559e-01 4552 2.403739e+03 1.677789e+05 1.200462e+07
1.451184e-01 5377 2.208272e+03 1.522236e+05 1.078607e+07
1.550677e-01 5974 1.909490e+03 1.295000e+05 9.071318e+06
1.650359e-01 6976 1.735458e+03 1.161624e+05 8.074666e+06
1.750550e-01 7717 1.576914e+03 1.043771e+05 7.203922e+06
1.850940e-01 8776 1.467067e+03 9.577655e+04 6.542386e+06
1.950993e-01 9553 1.375263e+03 8.872764e+04 6.017745e+06
2.050639e-01 10660 1.277340e+03 8.118087e+04 5.447014e+06
2.150232e-01 11608 1.176919e+03 7.357609e+04 4.878872e+06
2.250206e-01 12937 1.074437e+03 6.621765e+04 4.357058e+06
2.351002e-01 14062 1.023851e+03 6.210178e+04 4.035652e+06
2.450739e-01 15105 9.531785e+02 5.706883e+04 3.681927e+06
2.550522e-01 16492 8.985383e+02 5.306866e+04 3.397271e+06
2.650604e-01 17821 8.549597e+02 4.941828e+04 3.116268e+06
2.750125e-01 18940 8.131463e+02 4.639879e+04 2.900393e+06
2.850269e-01 20836 7.772627e+02 4.358442e+04 2.690160e+06
2.950518e-01 21949 7.296531e+02 4.012575e+04 2.449801e+06
3.050599e-01 23656 6.904747e+02 3.748452e+04 2.271921e+06
3.149891e-01 24727 6.729812e+02 3.590065e+04 2.144957e+06
3.250379e-01 27400 6.359274e+02 3.341903e+04 1.982677e+06
3.350922e-01 28096 5.987650e+02 3.091883e+04 1.815330e+06
3.450584e-01 30337 5.754551e+02 2.926354e+04 1.702979e+06
3.550604e-01 31696 5.619420e+02 2.805977e+04 1.611190e+06
3.650295e-01 33849 5.329373e+02 2.619679e+04 1.492405e+06
3.750722e-01 35800 5.119114e+02 2.462620e+04 1.381981e+06
3.850647e-01 37348 4.962104e+02 2.349251e+04 1.305997e+06
3.950397e-01 39535 4.701789e+02 2.185901e+04 1.205771e+06
4.050307e-01 41452 4.523944e+02 2.069575e+04 1.129252e+06
4.150177e-01 43669 4.431407e+02 1.986627e+04 1.068121e+06
4.250356e-01 45832 4.289140e+02 1.889441e+04 1.004988e+06
4.350008e-01 47524 4.114227e+02 1.780533e+04 9.381777e+05
4.450186e-01 50761 3.973239e+02 1.686795e+04 8.787101e+05
4.550579e-01 52264 3.821864e+02 1.594621e+04 8.243015e+05
4.650571e-01 54973 3.729561e+02 1.523313e+04 7.762797e+05
4.750553e-01 56890 3.605053e+02 1.451115e+04 7.335348e+05
4.849982e-01 59233 3.515292e+02 1.384558e+04 6.906799e+05
4.949997e-01 62460 3.400645e+02 1.313890e+04 6.478878e+05
5.050400e-01 64660 3.302509e+02 1.250191e+04 6.100178e+05
5.150365e-01 67105 3.221611e+02 1.198178e+04 5.780622e+05
5.250511e-01 70108 3.113505e+02 1.135227e+04 5.420938e+05
5.350611e-01 72421 3.030063e+02 1.083718e+04 5.121857e+05
5.450809e-01 75628 2.967198e+02 1.039424e+04 4.844848e+05
5.550666e-01 77374 2.882089e+02 9.904451e+03 4.565087e+05
5.650248e-01 80965 2.803506e+02 9.452979e+03 4.319387e+05
5.750209e-01 83536 2.733487e+02 9.013902e+03 4.062958e+05
5.849943e-01 86509 2.673712e+02 8.647986e+03 3.857112e+05
5.950118e-01 90088 2.617239e+02 8.291077e+03 3.655259e+05
6.050243e-01 92524 2.551219e+02 7.899150e+03 3.441482e+05
6.150021e-01 95685 2.472318e+02 7.504636e+03 3.248486e+05
6.250268e-01 99460 2.414326e+02 7.157088e+03 3.055935e+05
6.350319e-01 101791 2.360238e+02 6.877117e+03 2.909247e+05
6.450443e-01 105940 2.304662e+02 6.552172e+03 2.740470e+05
6.550363e-01 108040 2.265287e+02 6.325451e+03 2.614828e+05
6.650248e-01 112417 2.221368e+02 6.049596e+03 2.469500e+05
6.749918e-01 114172 2.155283e+02 5.762716e+03 2.336567e+05
6.849838e-01 119989 2.105677e+02 5.499507e+03 2.205542e+05
6.950359e-01 122428 2.060141e+02 5.268125e+03 2.095699e+05
7.050021e-01 125049 2.023982e+02 5.055602e+03 1.980977e+05
7.150185e-01 130682 1.985725e+02 4.847087e+03 1.881358e+05
7.250500e-01 132820 1.937262e+02 4.620450e+03 1.774778e+05
7.350461e-01 137169 1.898765e+02 4.422276e+03 1.681884e+05
7.450354e-01 139912 1.858954e+02 4.243535e+03 1.604437e+05
7.550326e-01 145021 1.827149e+02 4.073345e+03 1.519320e+05
7.650453e-01 148000 1.786879e+02 3.891731e+03 1.442276e+05
7.750260e-01 151840 1.753060e+02 3.710225e+03 1.361580e+05
7.849916e-01 155365 1.711190e+02 3.550454e+03 1.292335e+05
7.950130e-01 161410 1.675459e+02 3.392483e+03 1.227722e+05
8.050563e-01 164341 1.649263e+02 3.259507e+03 1.165666e+05
8.150452e-01 167704 1.623085e+02 3.117910e+03 1.105311e+05
8.250456e-01 172960 1.585217e+02 2.975778e+03 1.048906e+05
8.350307e-01 175597 1.553428e+02 2.844814e+03 9.982302e+04
8.450225e-01 181552 1.529512e+02 2.731404e+03 9.477566e+04
8.550387e-01 185185 1.497010e+02 2.611817e+03 9.023980e+04
8.650410e-01 189576 1.472749e+02 2.502982e+03 8.566812e+04
8.750145e-01 192850 1.444044e+02 2.390181e+03 8.146488e+04
8.849866e-01 198481 1.422329e+02 2.294543e+03 7.766122e+04
8.950163e-01 203908 1.390872e+02 2.196434e+03 7.408370e+04
9.050183e-01 206677 1.368025e+02 2.100218e+03 7.045445e+04
9.150119e-01 212440 1.343796e+02 2.003637e+03 6.684102e+04
9.250146e-01 216544 1.323015e+02 1.920524e+03 6.392070e+04
9.350152e-01 221725 1.298142e+02 1.840864e+03 6.102711e+04
9.450189e-01 226024 1.276699e+02 1.767020e+03 5.835777e+04
9.550021e-01 230515 1.253272e+02 1.682905e+03 5.551196e+04
9.650081e-01 236548 1.233152e+02 1.610013e+03 5.307920e+04
9.750165e-01 240697 1.214323e+02 1.538062e+03 5.049077e+04
9.850258e-01 246264 1.189813e+02 1.469902e+03 4.836789e+04
9.950310e-01 250480 1.172946e+02 1.408781e+03 4.627354e+04
