# nc 512
# boxsize 1.000000e+03
8.018239e-03 9 8.030371e+03 1.061310e+06 1.402664e+08
1.659868e-02 64 8.319486e+03 1.097090e+06 1.446866e+08
2.586446e-02 157 6.392419e+03 8.425146e+05 1.110775e+08
3.529679e-02 292 4.621348e+03 6.068844e+05 7.975050e+07
4.513097e-02 529 3.929978e+03 5.145842e+05 6.745647e+07
5.555287e-02 820 3.135831e+03 4.095372e+05 5.357813e+07
6.539610e-02 1000 2.722249e+03 3.540431e+05 4.616216e+07
7.523297e-02 1483 2.312284e+03 2.997370e+05 3.898304e+07
8.527687e-02 1792 1.928860e+03 2.487369e+05 3.221070e+07
9.513029e-02 2293 1.540809e+03 1.973982e+05 2.543175e+07
1.052419e-01 2848 1.313609e+03 1.681042e+05 2.165409e+07
1.151206e-01 3232 1.225627e+03 1.561447e+05 2.004914e+07
1.250948e-01 4077 1.139660e+03 1.444890e+05 1.847963e+07
1.351559e-01 4552 1.004712e+03 1.266867e+05 1.613842e+07
1.451184e-01 5377 9.028312e+02 1.131538e+05 1.434595e+07
1.550677e-01 5974 7.811780e+02 9.711793e+04 1.223717e+07
1.650359e-01 6976 6.984917e+02 8.640359e+04 1.085780e+07
1.750550e-01 7717 6.361382e+02 7.831323e+04 9.809125e+06
1.850940e-01 8776 5.876168e+02 7.193438e+04 8.971535e+06
1.950993e-01 9553 5.526421e+02 6.730573e+04 8.367792e+06
2.050639e-01 10660 5.090836e+02 6.155274e+04 7.610600e+06
2.150232e-01 11608 4.565847e+02 5.481305e+04 6.744203e+06
2.250206e-01 12937 4.142684e+02 4.942690e+04 6.061387e+06
2.351002e-01 14062 3.899350e+02 4.615037e+04 5.623161e+06
2.450739e-01 15105 3.602324e+02 4.240171e+04 5.150952e+06
2.550522e-01 16492 3.411225e+02 3.991136e+04 4.827814e+06
2.650604e-01 17821 3.186541e+02 3.694850e+04 4.444464e+06
2.750125e-01 18940 3.015976e+02 3.471728e+04 4.152219e+06
2.850269e-01 20836 2.820363e+02 3.219130e+04 3.828180e+06
2.950518e-01 21949 2.626854e+02 2.972299e+04 3.515915e+06
3.050599e-01 23656 2.459678e+02 2.771560e+04 3.272540e+06
3.149891e-01 24727 2.366432e+02 2.644623e+04 3.101722e+06
3.250379e-01 27400 2.230656e+02 2.481561e+04 2.905617e+06
3.350922e-01 28096 2.071925e+02 2.282560e+04 2.656591e+06
3.450584e-01 30337 1.967709e+02 2.153438e+04 2.496315e+06
3.550604e-01 31696 1.895375e+02 2.054684e+04 2.366739e+06
3.650295e-01 33849 1.786043e+02 1.924480e+04 2.210020e+06
3.750722e-01 35800 1.684847e+02 1.799067e+04 2.054352e+06
3.850647e-01 37348 1.616901e+02 1.714208e+04 1.948546e+06
3.950397e-01 39535 1.526170e+02 1.603979e+04 1.815956e+06
4.050307e-01 41452 1.468959e+02 1.534509e+04 1.729629e+06
4.150177e-01 43669 1.407379e+02 1.455482e+04 1.630132e+06
4.250356e-01 45832 1.335968e+02 1.371150e+04 1.529982e+06
4.350008e-01 47524 1.290883e+02 1.313086e+04 1.456233e+06
4.450186e-01 50761 1.220727e+02 1.230725e+04 1.358999e+06
4.550579e-01 52264 1.169849e+02 1.169068e+04 1.285421e+06
4.650571e-01 54973 1.124053e+02 1.113898e+04 1.218876e+06
4.750553e-01 56890 1.087986e+02 1.070883e+04 1.166312e+06
4.849982e-01 59233 1.038581e+02 1.013648e+04 1.099844e+06
4.949997e-01 62460 9.975796e+01 9.626298e+03 1.037024e+06
5.050400e-01 64660 9.574941e+01 9.159616e+03 9.824173e+05
5.150365e-01 67105 9.305367e+01 8.818839e+03 9.411279e+05
5.250511e-01 70108 8.886947e+01 8.348635e+03 8.878364e+05
5.350611e-01 72421 8.512041e+01 7.929526e+03 8.399048e+05
5.450809e-01 75628 8.329896e+01 7.678427e+03 8.075130e+05
5.550666e-01 77374 8.030894e+01 7.340012e+03 7.675179e+05
5.650248e-01 80965 7.700629e+01 6.978122e+03 7.279422e+05
5.750209e-01 83536 7.472263e+01 6.700094e+03 6.944335e+05
5.849943e-01 86509 7.227706e+01 6.418086e+03 6.618015e+05
5.950118e-01 90088 7.022421e+01 6.168169e+03 6.317807e+05
6.050243e-01 92524 6.772128e+01 5.892986e+03 6.011546e+05
6.150021e-01 95685 6.505020e+01 5.605095e+03 5.702573e+05
6.250268e-01 99460 6.311135e+01 5.376113e+03 5.432380e+05
6.350319e-01 101791 6.098204e+01 5.146265e+03 5.180130e+05
6.450443e-01 105940 5.921647e+01 4.943756e+03 4.947912e+05
6.550363e-01 108040 5.742475e+01 4.749674e+03 4.732966e+05
6.650248e-01 112417 5.543078e+01 4.541276e+03 4.509592e+05
6.749918e-01 114172 5.401414e+01 4.371242e+03 4.311436e+05
6.849838e-01 119989 5.223848e+01 4.177545e+03 4.097844e+05
6.950359e-01 122428 5.090083e+01 4.029073e+03 3.935454e+05
7.050021e-01 125049 4.943480e+01 3.871256e+03 3.760393e+05
7.150185e-01 130682 4.788919e+01 3.702091e+03 3.579368e+05
7.250500e-01 132820 4.650303e+01 3.559167e+03 3.422197e+05
7.350461e-01 137169 4.537586e+01 3.434329e+03 3.288035e+05
7.450354e-01 139912 4.373006e+01 3.272675e+03 3.122303e+05
7.550326e-01 145021 4.268660e+01 3.154051e+03 2.990121e+05
7.650453e-01 148000 4.157742e+01 3.038069e+03 2.867504e+05
7.750260e-01 151840 4.012831e+01 2.891604e+03 2.717984e+05
7.849916e-01 155365 3.927389e+01 2.796839e+03 2.613306e+05
7.950130e-01 161410 3.813698e+01 2.690312e+03 2.503673e+05
8.050563e-01 164341 3.731310e+01 2.600827e+03 2.407900e+05
8.150452e-01 167704 3.620377e+01 2.485340e+03 2.287078e+05
8.250456e-01 172960 3.524567e+01 2.386196e+03 2.186684e+05
8.350307e-01 175597 3.446151e+01 2.307877e+03 2.106308e+05
8.450225e-01 181552 3.340680e+01 2.213332e+03 2.014744e+05
8.550387e-01 185185 3.264719e+01 2.129038e+03 1.923347e+05
8.650410e-01 189576 3.188789e+01 2.056882e+03 1.851830e+05
8.750145e-01 192850 3.119150e+01 1.983629e+03 1.774262e+05
8.849866e-01 198481 3.028460e+01 1.899320e+03 1.693870e+05
8.950163e-01 203908 2.950301e+01 1.826974e+03 1.622024e+05
9.050183e-01 206677 2.888450e+01 1.763598e+03 1.558786e+05
9.150119e-01 212440 2.822856e+01 1.702101e+03 1.497266e+05
9.250146e-01 216544 2.761571e+01 1.644828e+03 1.441580e+05
9.350152e-01 221725 2.685047e+01 1.573554e+03 1.374133e+05
9.450189e-01 226024 2.626237e+01 1.515814e+03 1.315897e+05
9.550021e-01 230515 2.574979e+01 1.468882e+03 1.271672e+05
9.650081e-01 236548 2.508379e+01 1.408483e+03 1.214358e+05
9.750165e-01 240697 2.441346e+01 1.355834e+03 1.166949e+05
9.850258e-01 246264 2.393228e+01 1.305247e+03 1.115969e+05
9.950310e-01 250480 2.329188e+01 1.253645e+03 1.069491e+05
