# nc 512
# boxsize 1.000000e+03
8.018239e-03 9 4.259416e+03 5.638225e+05 7.463433e+07
1.659868e-02 64 5.936992e+03 7.841446e+05 1.035784e+08
2.586446e-02 157 5.443107e+03 7.160049e+05 9.421561e+07
3.529679e-02 292 4.485600e+03 5.883072e+05 7.720358e+07
4.513097e-02 529 3.552747e+03 4.659428e+05 6.116736e+07
5.555287e-02 820 2.873032e+03 3.756430e+05 4.920058e+07
6.539610e-02 1000 2.730099e+03 3.557724e+05 4.645863e+07
7.523297e-02 1483 2.282864e+03 2.959995e+05 3.849700e+07
8.527687e-02 1792 1.919729e+03 2.484004e+05 3.227057e+07
9.513029e-02 2293 1.610461e+03 2.072020e+05 2.679683e+07
1.052419e-01 2848 1.333322e+03 1.709146e+05 2.205280e+07
1.151206e-01 3232 1.206403e+03 1.537196e+05 1.974188e+07
1.250948e-01 4077 1.137157e+03 1.439250e+05 1.837332e+07
1.351559e-01 4552 1.024173e+03 1.289310e+05 1.639069e+07
1.451184e-01 5377 8.962947e+02 1.123883e+05 1.425806e+07
1.550677e-01 5974 7.737722e+02 9.652618e+04 1.220650e+07
1.650359e-01 6976 7.001703e+02 8.651373e+04 1.085561e+07
1.750550e-01 7717 6.478574e+02 7.954864e+04 9.934112e+06
1.850940e-01 8776 5.926047e+02 7.259712e+04 9.059991e+06
1.950993e-01 9553 5.454754e+02 6.633984e+04 8.233578e+06
2.050639e-01 10660 5.027952e+02 6.071777e+04 7.502280e+06
2.150232e-01 11608 4.546866e+02 5.449739e+04 6.695943e+06
2.250206e-01 12937 4.235298e+02 5.049602e+04 6.185238e+06
2.351002e-01 14062 3.888101e+02 4.600773e+04 5.605644e+06
2.450739e-01 15105 3.609909e+02 4.247287e+04 5.157129e+06
2.550522e-01 16492 3.422991e+02 3.997852e+04 4.829312e+06
2.650604e-01 17821 3.209378e+02 3.725717e+04 4.482988e+06
2.750125e-01 18940 3.002257e+02 3.457394e+04 4.136807e+06
2.850269e-01 20836 2.792197e+02 3.188470e+04 3.793302e+06
2.950518e-01 21949 2.594940e+02 2.949649e+04 3.504696e+06
3.050599e-01 23656 2.454697e+02 2.763626e+04 3.260398e+06
3.149891e-01 24727 2.347338e+02 2.629332e+04 3.091352e+06
3.250379e-01 27400 2.217099e+02 2.464514e+04 2.884117e+06
3.350922e-01 28096 2.084469e+02 2.300822e+04 2.679430e+06
3.450584e-01 30337 1.978684e+02 2.166792e+04 2.513277e+06
3.550604e-01 31696 1.881798e+02 2.043799e+04 2.357244e+06
3.650295e-01 33849 1.776870e+02 1.914286e+04 2.198242e+06
3.750722e-01 35800 1.700148e+02 1.817354e+04 2.076649e+06
3.850647e-01 37348 1.610675e+02 1.709586e+04 1.945548e+06
3.950397e-01 39535 1.539171e+02 1.621767e+04 1.838251e+06
4.050307e-01 41452 1.465229e+02 1.527541e+04 1.718732e+06
4.150177e-01 43669 1.405787e+02 1.455543e+04 1.631951e+06
4.250356e-01 45832 1.344049e+02 1.379140e+04 1.537204e+06
4.350008e-01 47524 1.294035e+02 1.316405e+04 1.459636e+06
4.450186e-01 50761 1.235797e+02 1.247782e+04 1.378374e+06
4.550579e-01 52264 1.182173e+02 1.183093e+04 1.299627e+06
4.650571e-01 54973 1.124933e+02 1.118313e+04 1.225396e+06
4.750553e-01 56890 1.084182e+02 1.064715e+04 1.157472e+06
4.849982e-01 59233 1.038625e+02 1.014746e+04 1.101162e+06
4.949997e-01 62460 1.002577e+02 9.678378e+03 1.043396e+06
5.050400e-01 64660 9.566316e+01 9.177454e+03 9.868292e+05
5.150365e-01 67105 9.296364e+01 8.816662e+03 9.401192e+05
5.250511e-01 70108 8.870387e+01 8.327399e+03 8.837001e+05
5.350611e-01 72421 8.597084e+01 8.015543e+03 8.477791e+05
5.450809e-01 75628 8.279807e+01 7.646051e+03 8.052834e+05
5.550666e-01 77374 7.987618e+01 7.293417e+03 7.634748e+05
5.650248e-01 80965 7.679546e+01 6.963819e+03 7.269431e+05
5.750209e-01 83536 7.478684e+01 6.706829e+03 6.952226e+05
5.849943e-01 86509 7.244557e+01 6.440674e+03 6.641094e+05
5.950118e-01 90088 6.972102e+01 6.130363e+03 6.291556e+05
6.050243e-01 92524 6.782458e+01 5.910162e+03 6.032569e+05
6.150021e-01 95685 6.541806e+01 5.637426e+03 5.724154e+05
6.250268e-01 99460 6.339576e+01 5.409032e+03 5.471774e+05
6.350319e-01 101791 6.103422e+01 5.161490e+03 5.202373e+05
6.450443e-01 105940 5.906412e+01 4.933379e+03 4.939493e+05
6.550363e-01 108040 5.736317e+01 4.740776e+03 4.720789e+05
6.650248e-01 112417 5.573836e+01 4.558555e+03 4.519136e+05
6.749918e-01 114172 5.402143e+01 4.372112e+03 4.307179e+05
6.849838e-01 119989 5.254507e+01 4.202106e+03 4.114673e+05
6.950359e-01 122428 5.063721e+01 4.007998e+03 3.914650e+05
7.050021e-01 125049 4.941629e+01 3.874669e+03 3.764727e+05
7.150185e-01 130682 4.807905e+01 3.730494e+03 3.607096e+05
7.250500e-01 132820 4.639334e+01 3.549454e+03 3.416458e+05
7.350461e-01 137169 4.518200e+01 3.425759e+03 3.280928e+05
7.450354e-01 139912 4.401697e+01 3.296204e+03 3.139431e+05
7.550326e-01 145021 4.262857e+01 3.146707e+03 2.982692e+05
7.650453e-01 148000 4.152333e+01 3.032409e+03 2.860729e+05
7.750260e-01 151840 4.050182e+01 2.926990e+03 2.744739e+05
7.849916e-01 155365 3.917676e+01 2.802351e+03 2.624382e+05
7.950130e-01 161410 3.834518e+01 2.700737e+03 2.507854e+05
8.050563e-01 164341 3.726207e+01 2.594180e+03 2.399848e+05
8.150452e-01 167704 3.622417e+01 2.495418e+03 2.303794e+05
8.250456e-01 172960 3.526307e+01 2.393571e+03 2.193744e+05
8.350307e-01 175597 3.437326e+01 2.303423e+03 2.105397e+05
8.450225e-01 181552 3.352207e+01 2.218783e+03 2.011189e+05
8.550387e-01 185185 3.257152e+01 2.129369e+03 1.929013e+05
8.650410e-01 189576 3.192974e+01 2.061511e+03 1.854796e+05
8.750145e-01 192850 3.093869e+01 1.970866e+03 1.767332e+05
8.849866e-01 198481 3.032406e+01 1.904833e+03 1.699697e+05
8.950163e-01 203908 2.973102e+01 1.841097e+03 1.631762e+05
9.050183e-01 206677 2.886472e+01 1.765845e+03 1.559521e+05
9.150119e-01 212440 2.824190e+01 1.701155e+03 1.496254e+05
9.250146e-01 216544 2.763012e+01 1.643520e+03 1.439315e+05
9.350152e-01 221725 2.691540e+01 1.578396e+03 1.377773e+05
9.450189e-01 226024 2.636936e+01 1.525226e+03 1.323487e+05
9.550021e-01 230515 2.566592e+01 1.464626e+03 1.268240e+05
9.650081e-01 236548 2.508418e+01 1.409156e+03 1.214493e+05
9.750165e-01 240697 2.447281e+01 1.355775e+03 1.164559e+05
9.850258e-01 246264 2.403044e+01 1.310080e+03 1.118641e+05
9.950310e-01 250480 2.344301e+01 1.258374e+03 1.071741e+05
