# nc 512
# boxsize 1.000000e+03
8.018239e-03 9 3.674582e+03 4.849906e+05 6.401307e+07
1.659868e-02 64 6.075762e+03 8.032312e+05 1.061985e+08
2.586446e-02 157 5.406978e+03 7.140991e+05 9.433481e+07
3.529679e-02 292 4.514920e+03 5.954002e+05 7.856313e+07
4.513097e-02 529 3.832591e+03 5.032446e+05 6.615138e+07
5.555287e-02 820 3.091804e+03 4.047087e+05 5.305966e+07
6.539610e-02 1000 2.740468e+03 3.572737e+05 4.668183e+07
7.523297e-02 1483 2.286300e+03 2.973753e+05 3.879494e+07
8.527687e-02 1792 1.979101e+03 2.557568e+05 3.317863e+07
9.513029e-02 2293 1.546508e+03 1.987091e+05 2.567026e+07
1.052419e-01 2848 1.365328e+03 1.746906e+05 2.249571e+07
1.151206e-01 3232 1.182184e+03 1.505474e+05 1.932396e+07
1.250948e-01 4077 1.126120e+03 1.426839e+05 1.823000e+07
1.351559e-01 4552 1.020517e+03 1.285986e+05 1.636183e+07
1.451184e-01 5377 8.831561e+02 1.107078e+05 1.404059e+07
1.550677e-01 5974 7.735006e+02 9.628095e+04 1.214649e+07
1.650359e-01 6976 6.871871e+02 8.523692e+04 1.073712e+07
1.750550e-01 7717 6.351576e+02 7.806413e+04 9.758418e+06
1.850940e-01 8776 5.872756e+02 7.197156e+04 8.986940e+06
1.950993e-01 9553 5.551384e+02 6.761739e+04 8.400580e+06
2.050639e-01 10660 5.005220e+02 6.045139e+04 7.466437e+06
2.150232e-01 11608 4.510420e+02 5.416089e+04 6.667055e+06
2.250206e-01 12937 4.180903e+02 4.978207e+04 6.089434e+06
2.351002e-01 14062 3.909059e+02 4.624192e+04 5.630328e+06
2.450739e-01 15105 3.652432e+02 4.296704e+04 5.215345e+06
2.550522e-01 16492 3.392599e+02 3.972980e+04 4.810736e+06
2.650604e-01 17821 3.178758e+02 3.692275e+04 4.444358e+06
2.750125e-01 18940 2.985181e+02 3.441331e+04 4.122594e+06
2.850269e-01 20836 2.789141e+02 3.192089e+04 3.804159e+06
2.950518e-01 21949 2.591109e+02 2.939353e+04 3.484101e+06
3.050599e-01 23656 2.472135e+02 2.789302e+04 3.295638e+06
3.149891e-01 24727 2.309913e+02 2.588078e+04 3.046176e+06
3.250379e-01 27400 2.201431e+02 2.447436e+04 2.864825e+06
3.350922e-01 28096 2.096655e+02 2.313711e+04 2.694182e+06
3.450584e-01 30337 1.983642e+02 2.173928e+04 2.521119e+06
3.550604e-01 31696 1.856132e+02 2.019656e+04 2.334621e+06
3.650295e-01 33849 1.795828e+02 1.937423e+04 2.224093e+06
3.750722e-01 35800 1.684571e+02 1.801180e+04 2.058478e+06
3.850647e-01 37348 1.611905e+02 1.713135e+04 1.950025e+06
3.950397e-01 39535 1.531659e+02 1.613252e+04 1.827196e+06
4.050307e-01 41452 1.461666e+02 1.526593e+04 1.719419e+06
4.150177e-01 43669 1.391933e+02 1.441488e+04 1.616761e+06
4.250356e-01 45832 1.330053e+02 1.365653e+04 1.523671e+06
4.350008e-01 47524 1.287858e+02 1.311194e+04 1.454321e+06
4.450186e-01 50761 1.221429e+02 1.235364e+04 1.366682e+06
4.550579e-01 52264 1.173722e+02 1.174737e+04 1.291601e+06
4.650571e-01 54973 1.122589e+02 1.115263e+04 1.221524e+06
4.750553e-01 56890 1.079388e+02 1.064281e+04 1.161631e+06
4.849982e-01 59233 1.039979e+02 1.013883e+04 1.097860e+06
4.949997e-01 62460 9.962193e+01 9.651557e+03 1.043266e+06
5.050400e-01 64660 9.612526e+01 9.215896e+03 9.884794e+05
5.150365e-01 67105 9.259190e+01 8.797651e+03 9.401585e+05
5.250511e-01 70108 8.843359e+01 8.328012e+03 8.859187e+05
5.350611e-01 72421 8.512158e+01 7.940632e+03 8.404471e+05
5.450809e-01 75628 8.251407e+01 7.637528e+03 8.056515e+05
5.550666e-01 77374 7.981094e+01 7.306980e+03 7.654939e+05
5.650248e-01 80965 7.699639e+01 6.989257e+03 7.292528e+05
5.750209e-01 83536 7.407238e+01 6.645815e+03 6.889706e+05
5.849943e-01 86509 7.186199e+01 6.390978e+03 6.592324e+05
5.950118e-01 90088 6.921606e+01 6.095877e+03 6.267297e+05
6.050243e-01 92524 6.715552e+01 5.857546e+03 5.990348e+05
6.150021e-01 95685 6.536116e+01 5.644822e+03 5.740672e+05
6.250268e-01 99460 6.283147e+01 5.372159e+03 5.434389e+05
6.350319e-01 101791 6.113261e+01 5.165963e+03 5.194354e+05
6.450443e-01 105940 5.893457e+01 4.932004e+03 4.942972e+05
6.550363e-01 108040 5.696190e+01 4.713418e+03 4.697278e+05
6.650248e-01 112417 5.556890e+01 4.550862e+03 4.512867e+05
6.749918e-01 114172 5.367048e+01 4.355498e+03 4.305705e+05
6.849838e-01 119989 5.203410e+01 4.178526e+03 4.111322e+05
6.950359e-01 122428 5.062580e+01 4.019230e+03 3.930261e+05
7.050021e-01 125049 4.916084e+01 3.860323e+03 3.754399e+05
7.150185e-01 130682 4.764560e+01 3.696646e+03 3.578718e+05
7.250500e-01 132820 4.644814e+01 3.562224e+03 3.427249e+05
7.350461e-01 137169 4.490128e+01 3.408577e+03 3.269635e+05
7.450354e-01 139912 4.373231e+01 3.281334e+03 3.132188e+05
7.550326e-01 145021 4.253822e+01 3.155023e+03 2.996940e+05
7.650453e-01 148000 4.148703e+01 3.046638e+03 2.877361e+05
7.750260e-01 151840 4.020638e+01 2.909410e+03 2.736061e+05
7.849916e-01 155365 3.901967e+01 2.794243e+03 2.617771e+05
7.950130e-01 161410 3.806156e+01 2.691151e+03 2.504634e+05
8.050563e-01 164341 3.700378e+01 2.583863e+03 2.394255e+05
8.150452e-01 167704 3.609101e+01 2.492989e+03 2.302984e+05
8.250456e-01 172960 3.513490e+01 2.393751e+03 2.197793e+05
8.350307e-01 175597 3.413299e+01 2.298563e+03 2.104991e+05
8.450225e-01 181552 3.327743e+01 2.211113e+03 2.011243e+05
8.550387e-01 185185 3.249421e+01 2.131414e+03 1.931159e+05
8.650410e-01 189576 3.188475e+01 2.062267e+03 1.855395e+05
8.750145e-01 192850 3.091533e+01 1.976234e+03 1.773348e+05
8.849866e-01 198481 3.016715e+01 1.897531e+03 1.694149e+05
8.950163e-01 203908 2.945977e+01 1.830006e+03 1.625500e+05
9.050183e-01 206677 2.874944e+01 1.764968e+03 1.562164e+05
9.150119e-01 212440 2.808114e+01 1.698672e+03 1.494601e+05
9.250146e-01 216544 2.744123e+01 1.637375e+03 1.435583e+05
9.350152e-01 221725 2.677400e+01 1.577377e+03 1.378033e+05
9.450189e-01 226024 2.620228e+01 1.519658e+03 1.320124e+05
9.550021e-01 230515 2.552754e+01 1.461324e+03 1.265729e+05
9.650081e-01 236548 2.491369e+01 1.405175e+03 1.213876e+05
9.750165e-01 240697 2.439695e+01 1.357932e+03 1.166600e+05
9.850258e-01 246264 2.380752e+01 1.307395e+03 1.121257e+05
9.950310e-01 250480 2.331529e+01 1.259771e+03 1.075210e+05
