# nc 512
# boxsize 1.000000e+03
8.018239e-03 9 6.905094e+03 9.144054e+05 1.210922e+08
1.659868e-02 64 7.360950e+03 9.739251e+05 1.288747e+08
2.586446e-02 157 6.045296e+03 7.968688e+05 1.050661e+08
3.529679e-02 292 4.562583e+03 6.021092e+05 7.950463e+07
4.513097e-02 529 3.662484e+03 4.796705e+05 6.289245e+07
5.555287e-02 820 2.949677e+03 3.856575e+05 5.051390e+07
6.539610e-02 1000 2.753309e+03 3.585752e+05 4.681072e+07
7.523297e-02 1483 2.394739e+03 3.107701e+05 4.045038e+07
8.527687e-02 1792 1.905021e+03 2.460182e+05 3.190495e+07
9.513029e-02 2293 1.618578e+03 2.083086e+05 2.695047e+07
1.052419e-01 2848 1.339783e+03 1.716656e+05 2.214683e+07
1.151206e-01 3232 1.201086e+03 1.527773e+05 1.959029e+07
1.250948e-01 4077 1.138950e+03 1.445017e+05 1.849105e+07
1.351559e-01 4552 1.025581e+03 1.294483e+05 1.650315e+07
1.451184e-01 5377 9.038574e+02 1.134730e+05 1.441107e+07
1.550677e-01 5974 7.842939e+02 9.752238e+04 1.229236e+07
1.650359e-01 6976 6.950302e+02 8.623335e+04 1.086556e+07
1.750550e-01 7717 6.341403e+02 7.814488e+04 9.796788e+06
1.850940e-01 8776 5.900558e+02 7.246402e+04 9.067315e+06
1.950993e-01 9553 5.421646e+02 6.609452e+04 8.222659e+06
2.050639e-01 10660 5.062433e+02 6.127623e+04 7.581602e+06
2.150232e-01 11608 4.612923e+02 5.539809e+04 6.815200e+06
2.250206e-01 12937 4.174170e+02 4.979532e+04 6.102438e+06
2.351002e-01 14062 3.964073e+02 4.691895e+04 5.713864e+06
2.450739e-01 15105 3.633974e+02 4.277829e+04 5.193454e+06
2.550522e-01 16492 3.409937e+02 3.985042e+04 4.813523e+06
2.650604e-01 17821 3.238999e+02 3.762504e+04 4.526041e+06
2.750125e-01 18940 2.968955e+02 3.420462e+04 4.095204e+06
2.850269e-01 20836 2.761169e+02 3.156587e+04 3.761806e+06
2.950518e-01 21949 2.649074e+02 3.005961e+04 3.559238e+06
3.050599e-01 23656 2.462023e+02 2.780684e+04 3.288584e+06
3.149891e-01 24727 2.333061e+02 2.610783e+04 3.067261e+06
3.250379e-01 27400 2.202301e+02 2.447400e+04 2.862299e+06
3.350922e-01 28096 2.093951e+02 2.307202e+04 2.681899e+06
3.450584e-01 30337 1.956372e+02 2.139231e+04 2.477970e+06
3.550604e-01 31696 1.866538e+02 2.026714e+04 2.337709e+06
3.650295e-01 33849 1.782341e+02 1.923541e+04 2.210405e+06
3.750722e-01 35800 1.697716e+02 1.813704e+04 2.069603e+06
3.850647e-01 37348 1.603423e+02 1.702250e+04 1.937410e+06
3.950397e-01 39535 1.532624e+02 1.613470e+04 1.826029e+06
4.050307e-01 41452 1.465421e+02 1.528245e+04 1.718449e+06
4.150177e-01 43669 1.398804e+02 1.446533e+04 1.619960e+06
4.250356e-01 45832 1.339304e+02 1.378081e+04 1.539960e+06
4.350008e-01 47524 1.274338e+02 1.296606e+04 1.438034e+06
4.450186e-01 50761 1.219825e+02 1.232955e+04 1.364130e+06
4.550579e-01 52264 1.176119e+02 1.178833e+04 1.296807e+06
4.650571e-01 54973 1.122887e+02 1.114340e+04 1.219665e+06
4.750553e-01 56890 1.080792e+02 1.063647e+04 1.158117e+06
4.849982e-01 59233 1.045676e+02 1.020771e+04 1.105957e+06
4.949997e-01 62460 1.000114e+02 9.670811e+03 1.042790e+06
5.050400e-01 64660 9.646772e+01 9.246989e+03 9.918266e+05
5.150365e-01 67105 9.245705e+01 8.768058e+03 9.342601e+05
5.250511e-01 70108 8.890393e+01 8.372344e+03 8.897081e+05
5.350611e-01 72421 8.550725e+01 7.985510e+03 8.450610e+05
5.450809e-01 75628 8.264735e+01 7.643361e+03 8.051022e+05
5.550666e-01 77374 7.973077e+01 7.311923e+03 7.678589e+05
5.650248e-01 80965 7.712119e+01 6.987520e+03 7.276116e+05
5.750209e-01 83536 7.442102e+01 6.690884e+03 6.940023e+05
5.849943e-01 86509 7.199327e+01 6.398656e+03 6.595727e+05
5.950118e-01 90088 6.971513e+01 6.142682e+03 6.308754e+05
6.050243e-01 92524 6.712253e+01 5.865015e+03 6.001649e+05
6.150021e-01 95685 6.493518e+01 5.613957e+03 5.716781e+05
6.250268e-01 99460 6.286950e+01 5.376423e+03 5.442205e+05
6.350319e-01 101791 6.084660e+01 5.153757e+03 5.191583e+05
6.450443e-01 105940 5.911827e+01 4.956760e+03 4.973067e+05
6.550363e-01 108040 5.737082e+01 4.748938e+03 4.725663e+05
6.650248e-01 112417 5.524205e+01 4.520108e+03 4.477319e+05
6.749918e-01 114172 5.404501e+01 4.385820e+03 4.323061e+05
6.849838e-01 119989 5.217242e+01 4.189362e+03 4.114719e+05
6.950359e-01 122428 5.072120e+01 4.034304e+03 3.947910e+05
7.050021e-01 125049 4.875496e+01 3.831574e+03 3.729119e+05
7.150185e-01 130682 4.755245e+01 3.697071e+03 3.580947e+05
7.250500e-01 132820 4.618185e+01 3.542879e+03 3.411178e+05
7.350461e-01 137169 4.500484e+01 3.419157e+03 3.278385e+05
7.450354e-01 139912 4.383688e+01 3.291465e+03 3.136882e+05
7.550326e-01 145021 4.251769e+01 3.158658e+03 2.997737e+05
7.650453e-01 148000 4.128003e+01 3.033784e+03 2.869088e+05
7.750260e-01 151840 4.036368e+01 2.922945e+03 2.740557e+05
7.849916e-01 155365 3.901841e+01 2.795491e+03 2.614957e+05
7.950130e-01 161410 3.792671e+01 2.685080e+03 2.501297e+05
8.050563e-01 164341 3.708115e+01 2.590937e+03 2.399794e+05
8.150452e-01 167704 3.599506e+01 2.488627e+03 2.297788e+05
8.250456e-01 172960 3.506459e+01 2.394471e+03 2.197978e+05
8.350307e-01 175597 3.419151e+01 2.301678e+03 2.104795e+05
8.450225e-01 181552 3.318157e+01 2.207041e+03 2.009088e+05
8.550387e-01 185185 3.250989e+01 2.133500e+03 1.931528e+05
8.650410e-01 189576 3.163682e+01 2.050597e+03 1.847394e+05
8.750145e-01 192850 3.104230e+01 1.986571e+03 1.779071e+05
8.849866e-01 198481 3.007971e+01 1.899427e+03 1.697000e+05
8.950163e-01 203908 2.947547e+01 1.837429e+03 1.632389e+05
9.050183e-01 206677 2.873368e+01 1.770702e+03 1.570011e+05
9.150119e-01 212440 2.805476e+01 1.702345e+03 1.500206e+05
9.250146e-01 216544 2.735253e+01 1.637321e+03 1.437251e+05
9.350152e-01 221725 2.673528e+01 1.578668e+03 1.379504e+05
9.450189e-01 226024 2.609450e+01 1.517740e+03 1.321425e+05
9.550021e-01 230515 2.550152e+01 1.465072e+03 1.270077e+05
9.650081e-01 236548 2.481512e+01 1.404018e+03 1.215174e+05
9.750165e-01 240697 2.430639e+01 1.354782e+03 1.165095e+05
9.850258e-01 246264 2.377953e+01 1.302827e+03 1.114621e+05
9.950310e-01 250480 2.316732e+01 1.254449e+03 1.069869e+05
