# nc 512
# boxsize 1.000000e+03
8.018239e-03 9 4.928070e+03 6.501687e+05 8.577928e+07
1.659868e-02 64 7.282708e+03 9.621450e+05 1.271237e+08
2.586446e-02 157 6.878638e+03 9.068095e+05 1.195745e+08
3.529679e-02 292 4.820258e+03 6.324473e+05 8.303836e+07
4.513097e-02 529 3.500855e+03 4.577432e+05 5.992697e+07
5.555287e-02 820 3.064328e+03 4.002808e+05 5.238319e+07
6.539610e-02 1000 2.862868e+03 3.728214e+05 4.865942e+07
7.523297e-02 1483 2.337175e+03 3.028794e+05 3.938310e+07
8.527687e-02 1792 2.000874e+03 2.578497e+05 3.337579e+07
9.513029e-02 2293 1.601943e+03 2.056145e+05 2.654788e+07
1.052419e-01 2848 1.330467e+03 1.699034e+05 2.185210e+07
1.151206e-01 3232 1.232381e+03 1.564965e+05 2.003349e+07
1.250948e-01 4077 1.116634e+03 1.414563e+05 1.808283e+07
1.351559e-01 4552 1.011858e+03 1.275828e+05 1.625285e+07
1.451184e-01 5377 9.209368e+02 1.153647e+05 1.462179e+07
1.550677e-01 5974 7.745669e+02 9.629632e+04 1.214232e+07
1.650359e-01 6976 6.933596e+02 8.555835e+04 1.072668e+07
1.750550e-01 7717 6.277425e+02 7.693238e+04 9.601126e+06
1.850940e-01 8776 6.003701e+02 7.343580e+04 9.153710e+06
1.950993e-01 9553 5.637567e+02 6.850620e+04 8.494210e+06
2.050639e-01 10660 5.013271e+02 6.056982e+04 7.487013e+06
2.150232e-01 11608 4.556907e+02 5.459500e+04 6.707930e+06
2.250206e-01 12937 4.162420e+02 4.951349e+04 6.053089e+06
2.351002e-01 14062 3.862333e+02 4.566204e+04 5.565200e+06
2.450739e-01 15105 3.692121e+02 4.338051e+04 5.258270e+06
2.550522e-01 16492 3.450983e+02 4.032235e+04 4.872648e+06
2.650604e-01 17821 3.159888e+02 3.667789e+04 4.415965e+06
2.750125e-01 18940 2.981867e+02 3.439181e+04 4.122420e+06
2.850269e-01 20836 2.783604e+02 3.179951e+04 3.784616e+06
2.950518e-01 21949 2.601167e+02 2.945280e+04 3.485299e+06
3.050599e-01 23656 2.465105e+02 2.772846e+04 3.268583e+06
3.149891e-01 24727 2.344196e+02 2.618955e+04 3.071524e+06
3.250379e-01 27400 2.189234e+02 2.431721e+04 2.846312e+06
3.350922e-01 28096 2.113405e+02 2.323103e+04 2.696954e+06
3.450584e-01 30337 1.992540e+02 2.179997e+04 2.526548e+06
3.550604e-01 31696 1.880600e+02 2.042472e+04 2.356184e+06
3.650295e-01 33849 1.759157e+02 1.891345e+04 2.170371e+06
3.750722e-01 35800 1.700660e+02 1.817172e+04 2.074671e+06
3.850647e-01 37348 1.621933e+02 1.718418e+04 1.952064e+06
3.950397e-01 39535 1.547222e+02 1.624571e+04 1.835073e+06
4.050307e-01 41452 1.460450e+02 1.523981e+04 1.716800e+06
4.150177e-01 43669 1.408632e+02 1.456915e+04 1.632311e+06
4.250356e-01 45832 1.342111e+02 1.375448e+04 1.533041e+06
4.350008e-01 47524 1.289028e+02 1.310026e+04 1.452228e+06
4.450186e-01 50761 1.230043e+02 1.242375e+04 1.374095e+06
4.550579e-01 52264 1.171438e+02 1.170338e+04 1.286276e+06
4.650571e-01 54973 1.134387e+02 1.123528e+04 1.228315e+06
4.750553e-01 56890 1.092103e+02 1.073199e+04 1.168231e+06
4.849982e-01 59233 1.037090e+02 1.010523e+04 1.096450e+06
4.949997e-01 62460 1.002167e+02 9.670031e+03 1.042472e+06
5.050400e-01 64660 9.691980e+01 9.276001e+03 9.954105e+05
5.150365e-01 67105 9.274028e+01 8.784326e+03 9.371959e+05
5.250511e-01 70108 8.874070e+01 8.339384e+03 8.871624e+05
5.350611e-01 72421 8.618148e+01 8.008417e+03 8.447237e+05
5.450809e-01 75628 8.294848e+01 7.643661e+03 8.031454e+05
5.550666e-01 77374 8.060170e+01 7.357923e+03 7.693232e+05
5.650248e-01 80965 7.756389e+01 7.026343e+03 7.322460e+05
5.750209e-01 83536 7.486858e+01 6.698558e+03 6.936746e+05
5.849943e-01 86509 7.186987e+01 6.383086e+03 6.588411e+05
5.950118e-01 90088 7.010318e+01 6.161703e+03 6.327226e+05
6.050243e-01 92524 6.721247e+01 5.845476e+03 5.970821e+05
6.150021e-01 95685 6.515986e+01 5.611726e+03 5.695487e+05
6.250268e-01 99460 6.294110e+01 5.364673e+03 5.426776e+05
6.350319e-01 101791 6.113491e+01 5.156942e+03 5.186210e+05
6.450443e-01 105940 5.903841e+01 4.931120e+03 4.939575e+05
6.550363e-01 108040 5.737015e+01 4.739726e+03 4.725429e+05
6.650248e-01 112417 5.557586e+01 4.537231e+03 4.494071e+05
6.749918e-01 114172 5.393275e+01 4.358577e+03 4.296491e+05
6.849838e-01 119989 5.230699e+01 4.180718e+03 4.098260e+05
6.950359e-01 122428 5.058359e+01 3.999886e+03 3.905602e+05
7.050021e-01 125049 4.936654e+01 3.862408e+03 3.753824e+05
7.150185e-01 130682 4.771861e+01 3.688562e+03 3.568422e+05
7.250500e-01 132820 4.666439e+01 3.568953e+03 3.433098e+05
7.350461e-01 137169 4.529111e+01 3.428885e+03 3.284599e+05
7.450354e-01 139912 4.397147e+01 3.290285e+03 3.135907e+05
7.550326e-01 145021 4.276728e+01 3.160732e+03 2.996526e+05
7.650453e-01 148000 4.154233e+01 3.030735e+03 2.857566e+05
7.750260e-01 151840 4.040722e+01 2.915669e+03 2.730501e+05
7.849916e-01 155365 3.940150e+01 2.807532e+03 2.621564e+05
7.950130e-01 161410 3.816812e+01 2.691668e+03 2.505575e+05
8.050563e-01 164341 3.719089e+01 2.585928e+03 2.391249e+05
8.150452e-01 167704 3.628910e+01 2.495617e+03 2.300445e+05
8.250456e-01 172960 3.537317e+01 2.397725e+03 2.198721e+05
8.350307e-01 175597 3.460565e+01 2.323932e+03 2.121569e+05
8.450225e-01 181552 3.351722e+01 2.220926e+03 2.020155e+05
8.550387e-01 185185 3.270076e+01 2.139419e+03 1.935725e+05
8.650410e-01 189576 3.189862e+01 2.057532e+03 1.851110e+05
8.750145e-01 192850 3.109226e+01 1.975340e+03 1.767238e+05
8.849866e-01 198481 3.043956e+01 1.913247e+03 1.705021e+05
8.950163e-01 203908 2.961473e+01 1.834566e+03 1.628516e+05
9.050183e-01 206677 2.889205e+01 1.765364e+03 1.560392e+05
9.150119e-01 212440 2.820657e+01 1.701905e+03 1.499490e+05
9.250146e-01 216544 2.750624e+01 1.634476e+03 1.431389e+05
9.350152e-01 221725 2.686249e+01 1.578617e+03 1.378106e+05
9.450189e-01 226024 2.621387e+01 1.514390e+03 1.316093e+05
9.550021e-01 230515 2.570876e+01 1.463767e+03 1.264806e+05
9.650081e-01 236548 2.509670e+01 1.409615e+03 1.216694e+05
9.750165e-01 240697 2.454432e+01 1.358966e+03 1.165185e+05
9.850258e-01 246264 2.409700e+01 1.314970e+03 1.122993e+05
9.950310e-01 250480 2.342692e+01 1.259935e+03 1.073228e+05
