# text fof file
# logMmin 1.200000e+01 -> nfof_min 133
# boxsize 600.000000
# density total 4.002500e+04 4.002500e+04; rel difference 1.043637e-10
# nbar 1.853009e-04
1.483274e-02 13 8.749905e+04 9.288403e+04 -3.901871e+04 -4.305066e+04
2.513187e-02 33 7.830357e+04 8.367142e+04 -5.991416e+02 -6.819754e+03
3.574650e-02 79 5.667758e+04 6.202943e+04 3.356744e+04 1.705555e+04
4.583347e-02 105 3.963774e+04 4.498032e+04 -1.408522e+04 -4.055911e+03
5.486964e-02 145 3.407138e+04 3.940019e+04 -1.045809e+04 1.390957e+04
6.471857e-02 243 3.680691e+04 4.210263e+04 -3.925400e+03 -9.863363e+03
7.503996e-02 313 2.666660e+04 3.196022e+04 2.813726e+03 2.596788e+03
8.485495e-02 369 2.320025e+04 2.847995e+04 -5.279663e+03 -7.982184e+02
9.528688e-02 571 1.909545e+04 2.436553e+04 4.029475e+03 5.982838e+02
1.059290e-01 601 1.732196e+04 2.257316e+04 -2.587333e+03 1.588479e+03
1.156806e-01 705 1.572036e+04 2.095573e+04 -9.729540e+01 9.778290e+02
1.255756e-01 883 1.663887e+04 2.183796e+04 5.618989e+02 -1.853365e+03
1.352378e-01 909 1.384421e+04 1.904121e+04 1.614761e+03 1.555539e+03
1.449493e-01 1177 1.272749e+04 1.790785e+04 -1.798798e+01 -9.290019e+02
1.550659e-01 1323 1.174349e+04 1.690609e+04 -3.904553e+02 -3.366552e+03
1.649601e-01 1453 1.030582e+04 1.546019e+04 -2.631852e+02 -1.824098e+03
1.749597e-01 1701 1.095920e+04 1.607239e+04 -1.512904e+03 5.391187e+01
1.852437e-01 1963 9.912898e+03 1.501200e+04 -2.135340e+02 2.005667e+03
1.951071e-01 1933 8.835512e+03 1.392589e+04 2.486462e+02 9.387216e+01
2.049888e-01 2397 9.097200e+03 1.415000e+04 -2.421611e+02 4.622307e+02
2.151844e-01 2539 8.263746e+03 1.330345e+04 2.717853e+02 -2.540933e+03
2.250745e-01 2694 7.778806e+03 1.279928e+04 7.044772e+02 8.425323e+02
2.350927e-01 3121 7.362458e+03 1.236257e+04 5.814020e+02 -4.833260e+01
2.451974e-01 3255 6.838431e+03 1.182164e+04 -3.420186e+02 3.812429e+02
2.550872e-01 3517 6.643619e+03 1.160060e+04 -2.388190e+02 6.501191e+02
2.649947e-01 3813 6.114606e+03 1.105820e+04 8.099914e+01 -1.165781e+03
2.750606e-01 4231 6.289638e+03 1.119149e+04 9.315610e+00 7.722875e+02
2.851157e-01 4389 5.848102e+03 1.073373e+04 -6.905641e+02 -5.114956e+02
2.950080e-01 4717 5.579871e+03 1.044331e+04 2.339775e+02 -7.087965e+01
3.050474e-01 5191 5.394082e+03 1.023129e+04 -5.050218e+01 2.258927e+02
3.151078e-01 5373 5.127312e+03 9.942477e+03 2.212971e+01 5.124159e+02
3.251295e-01 5893 4.917948e+03 9.709452e+03 -3.638986e+02 1.221935e+02
3.352591e-01 6183 4.906629e+03 9.661796e+03 -6.681327e+01 1.676532e+02
3.451640e-01 6349 4.711287e+03 9.442033e+03 -4.557882e+02 8.658762e+00
3.550965e-01 6993 4.499071e+03 9.206924e+03 -8.577744e+01 -5.681422e+02
3.649687e-01 7003 4.445022e+03 9.119348e+03 3.605771e+01 2.326328e+02
3.749450e-01 7941 4.166284e+03 8.823815e+03 -3.710631e+02 9.454250e+01
3.851630e-01 8221 4.326886e+03 8.932376e+03 -4.410837e+02 -6.906606e+02
3.951752e-01 8449 4.114595e+03 8.698472e+03 -1.525027e+02 -1.444720e+02
4.050872e-01 8931 4.012696e+03 8.566147e+03 -7.858886e+01 3.269033e+02
4.149904e-01 9289 3.772814e+03 8.309059e+03 -1.496970e+02 1.229060e+02
4.250484e-01 10113 3.645267e+03 8.153818e+03 2.111311e+02 7.137648e+01
4.350196e-01 10087 3.494756e+03 7.978942e+03 -2.030423e+02 -2.119897e+02
4.449689e-01 10998 3.393185e+03 7.848295e+03 4.444035e+02 -1.492635e+02
4.550136e-01 11233 3.415163e+03 7.827375e+03 9.187852e+01 4.018578e+02
4.650240e-01 11991 3.275947e+03 7.663328e+03 1.798111e+02 4.523927e+02
4.750600e-01 12241 3.314869e+03 7.656156e+03 -3.255873e+01 -1.125158e+02
4.850824e-01 13033 3.170860e+03 7.488292e+03 -5.156128e+01 1.341841e+02
4.950626e-01 13227 2.969621e+03 7.271463e+03 -2.657727e+02 3.693434e+01
5.050218e-01 13993 2.786384e+03 7.071880e+03 -8.959163e+01 -1.576659e+01
5.149626e-01 14301 2.831735e+03 7.070059e+03 -2.581163e+02 -7.531966e+01
5.249789e-01 15355 2.811853e+03 7.011223e+03 -1.004748e+02 4.803802e+01
5.350486e-01 15585 2.887665e+03 7.032636e+03 -1.235093e+02 2.747394e+02
5.451135e-01 16549 2.702421e+03 6.832933e+03 -2.673778e+01 -3.018389e+02
5.551181e-01 16587 2.615067e+03 6.716796e+03 -9.959479e+01 1.468355e+02
5.650424e-01 17461 2.552318e+03 6.621889e+03 -1.785085e+02 6.837074e+01
5.750589e-01 18177 2.469547e+03 6.510319e+03 3.135536e+02 -6.439864e+01
5.850828e-01 18739 2.455097e+03 6.455243e+03 -2.050621e+02 -2.184300e+02
5.950416e-01 19165 2.364971e+03 6.338370e+03 -8.688454e+01 -2.707559e+01
6.049746e-01 20013 2.285076e+03 6.230763e+03 1.412745e+02 -3.599760e+02
6.149470e-01 20587 2.357392e+03 6.245840e+03 -4.599567e+01 -3.068265e+02
6.249968e-01 21657 2.229647e+03 6.099273e+03 1.162771e+02 6.972184e+01
6.350666e-01 22129 2.164847e+03 6.004027e+03 -1.988206e+02 -1.591465e+02
6.450498e-01 22611 2.215419e+03 6.000060e+03 -8.621767e+01 -1.026643e+02
6.549912e-01 23317 2.131195e+03 5.889965e+03 -8.159326e+01 -1.783568e+02
6.649535e-01 24222 2.108061e+03 5.828121e+03 1.824829e+02 -1.467982e+02
6.749660e-01 24943 2.025924e+03 5.720402e+03 -2.008223e+02 -2.721969e+02
6.850252e-01 25921 1.987536e+03 5.646712e+03 3.902877e+01 6.516097e+01
6.950284e-01 26253 1.991092e+03 5.604979e+03 1.140130e+02 -5.573494e+01
7.049900e-01 27139 1.916361e+03 5.504507e+03 2.874758e+00 -2.422597e+01
7.150256e-01 28185 1.757986e+03 5.341942e+03 -1.238201e+02 -6.599432e+00
7.250860e-01 28969 1.885854e+03 5.392527e+03 -5.914902e+01 -1.412152e+01
7.350183e-01 28887 1.792748e+03 5.279978e+03 -1.645925e+02 1.286452e+02
7.450018e-01 30937 1.762071e+03 5.213474e+03 -5.078131e+01 7.005621e+01
7.551045e-01 31341 1.779341e+03 5.181030e+03 -1.529764e+01 9.414735e-01
7.650666e-01 31555 1.675908e+03 5.062725e+03 -2.153104e+02 -2.010648e+01
7.750154e-01 33025 1.691243e+03 5.029640e+03 -1.380428e+02 5.629780e+01
7.850634e-01 33921 1.647888e+03 4.954824e+03 -2.160499e+01 8.555256e+01
7.950596e-01 34285 1.602403e+03 4.878992e+03 -1.968249e+02 6.407476e+01
8.050450e-01 35703 1.577339e+03 4.817643e+03 -8.252069e+01 3.333980e+01
8.150563e-01 36205 1.545658e+03 4.751932e+03 -1.211202e+02 -5.005672e+01
8.250795e-01 37485 1.476654e+03 4.661292e+03 -3.099928e+01 -5.332064e+01
8.350885e-01 38047 1.466765e+03 4.611087e+03 -1.451195e+02 -8.080592e+01
8.450499e-01 38913 1.428394e+03 4.542184e+03 -4.284851e+01 2.739693e+01
8.550252e-01 39853 1.442700e+03 4.508263e+03 5.668066e+01 -1.422089e+02
8.650455e-01 41367 1.408442e+03 4.442207e+03 2.908627e+01 2.775616e+00
8.750680e-01 41617 1.349434e+03 4.361001e+03 -1.367092e+02 1.212529e+02
8.849916e-01 42430 1.329537e+03 4.305545e+03 1.302635e+02 1.132663e+02
8.949944e-01 44367 1.340383e+03 4.269467e+03 -7.236836e+01 -2.103129e+02
9.050336e-01 44569 1.290006e+03 4.194840e+03 -1.191408e+02 9.041562e+01
9.150411e-01 46089 1.298146e+03 4.157175e+03 2.306616e+01 -1.515513e+02
9.250625e-01 46819 1.280896e+03 4.103735e+03 -3.128050e+01 -8.458389e+01
9.350607e-01 47793 1.249005e+03 4.042011e+03 1.372420e+01 -2.383474e+01
9.450463e-01 48697 1.216472e+03 3.980299e+03 2.653642e+01 -6.942181e+01
9.549734e-01 49443 1.136414e+03 3.891359e+03 5.424370e+01 -5.947104e+01
9.649510e-01 51097 1.228850e+03 3.903753e+03 -7.291057e+01 5.667675e+01
9.750082e-01 52453 1.207290e+03 3.849087e+03 -2.707386e+01 1.861786e+02
9.850290e-01 52947 1.088417e+03 3.739417e+03 3.864516e+01 1.064580e+02
9.950258e-01 54193 1.095827e+03 3.702834e+03 -1.530609e+01 -1.789410e+01
