# text fof file
# logMmin 1.200000e+01 -> nfof_min 133
# boxsize 600.000000
# density total 4.000000e+04 4.000000e+04; rel difference 2.112483e-11
# nbar 1.851852e-04
1.483274e-02 13 7.102793e+04 7.641733e+04 -4.222110e+04 7.775654e+03
2.513187e-02 33 6.283403e+04 6.820914e+04 1.480834e+04 -4.904339e+04
3.574650e-02 79 5.388499e+04 5.924086e+04 9.833734e+03 -2.494252e+04
4.583347e-02 105 4.891815e+04 5.425385e+04 1.672944e+04 1.243586e+04
5.486964e-02 145 4.058336e+04 4.590549e+04 -4.664607e+03 6.326180e+02
6.471857e-02 243 3.202008e+04 3.733036e+04 6.228332e+03 -7.610093e+03
7.503996e-02 313 2.598175e+04 3.128108e+04 1.055547e+02 -4.872997e+03
8.485495e-02 369 2.596604e+04 3.123742e+04 -1.947963e+03 2.547907e+03
9.528688e-02 571 1.912362e+04 2.439705e+04 4.325678e+02 7.268248e+02
1.059290e-01 601 1.791624e+04 2.316673e+04 2.089603e+03 1.349314e+03
1.156806e-01 705 1.477171e+04 2.001775e+04 1.016638e+03 -2.575718e+02
1.255756e-01 883 1.571801e+04 2.092875e+04 -6.006646e+01 -1.274880e+03
1.352378e-01 909 1.425473e+04 1.945010e+04 -1.112334e+03 7.587682e+02
1.449493e-01 1177 1.265815e+04 1.784273e+04 5.809211e+02 -3.085298e+03
1.550659e-01 1323 1.154489e+04 1.671343e+04 2.023842e+03 -2.288785e+03
1.649601e-01 1453 9.992718e+03 1.515527e+04 -1.459378e+03 -2.376973e+02
1.749597e-01 1701 1.017864e+04 1.530839e+04 1.036988e+03 -5.071658e+02
1.852437e-01 1963 1.017481e+04 1.527199e+04 -2.071786e+03 8.876138e+02
1.951071e-01 1933 8.676901e+03 1.377353e+04 1.434367e+03 -4.182661e+02
2.049888e-01 2397 8.864260e+03 1.392561e+04 2.592119e+02 -4.895337e+02
2.151844e-01 2539 8.128508e+03 1.317485e+04 4.130804e+02 2.358351e+02
2.250745e-01 2694 7.493132e+03 1.252510e+04 -3.404046e+02 6.501359e+02
2.350927e-01 3121 7.480542e+03 1.247980e+04 3.347611e+02 -8.742051e+02
2.451974e-01 3255 6.834338e+03 1.182107e+04 -5.789359e+02 1.220666e+03
2.550872e-01 3517 6.478216e+03 1.144409e+04 -1.630605e+02 -3.589669e+01
2.649947e-01 3813 6.480890e+03 1.141297e+04 -7.879549e+01 4.174810e+01
2.750606e-01 4231 6.055004e+03 1.096989e+04 -6.013469e+02 5.408431e+02
2.851157e-01 4389 6.184771e+03 1.105826e+04 -5.826479e+02 -2.513669e+02
2.950080e-01 4717 5.823493e+03 1.067837e+04 5.591887e+01 -4.704532e+02
3.050474e-01 5191 5.347111e+03 1.019001e+04 1.919212e+02 -4.907430e+02
3.151078e-01 5373 5.254025e+03 1.006569e+04 -1.023741e+02 2.138428e+02
3.251295e-01 5893 4.849727e+03 9.648571e+03 -3.498109e+02 3.095685e+02
3.352591e-01 6183 4.857285e+03 9.618576e+03 1.028218e+02 1.435274e+02
3.451640e-01 6349 4.814723e+03 9.541878e+03 1.486722e+02 4.125102e+02
3.550965e-01 6993 4.384663e+03 9.103769e+03 -2.055146e+02 6.513058e+01
3.649687e-01 7003 4.503828e+03 9.177091e+03 -1.118308e+02 9.295341e+02
3.749450e-01 7941 4.262096e+03 8.915488e+03 -1.419054e+02 -2.465033e+02
3.851630e-01 8221 4.030206e+03 8.663227e+03 9.722810e+01 -4.055866e+02
3.951752e-01 8449 4.125287e+03 8.711392e+03 -5.036251e+02 -4.788825e+02
4.050872e-01 8931 3.708644e+03 8.292473e+03 -1.930889e+02 2.339270e+01
4.149904e-01 9289 3.687841e+03 8.235272e+03 -1.641210e+02 3.425048e+02
4.250484e-01 10113 3.680425e+03 8.188584e+03 7.154860e+01 -2.741450e+02
4.350196e-01 10087 3.543933e+03 8.026061e+03 3.949206e+02 -1.034700e+02
4.449689e-01 10998 3.407279e+03 7.863850e+03 1.687395e+02 -3.528604e+02
4.550136e-01 11233 3.396023e+03 7.813179e+03 2.289721e+01 5.026992e+02
4.650240e-01 11991 3.291384e+03 7.679762e+03 2.480015e+01 1.072889e+02
4.750600e-01 12241 3.104238e+03 7.473985e+03 -1.015744e+02 6.114710e+01
4.850824e-01 13033 3.172097e+03 7.492290e+03 -2.160540e+02 2.598080e+02
4.950626e-01 13227 2.986839e+03 7.289565e+03 1.802763e+02 1.196390e+02
5.050218e-01 13993 2.937625e+03 7.205555e+03 -4.577846e+02 1.371788e+02
5.149626e-01 14301 2.781207e+03 7.029516e+03 -1.143445e+02 4.146327e+01
5.249789e-01 15355 2.805466e+03 7.008391e+03 -1.947908e+02 -1.605646e+02
5.350486e-01 15585 2.874072e+03 7.024058e+03 3.934365e+01 -1.175639e+02
5.451135e-01 16549 2.765146e+03 6.888429e+03 -1.173958e+02 -3.188190e+01
5.551181e-01 16587 2.573669e+03 6.684984e+03 -1.098079e+01 -2.990609e+02
5.650424e-01 17461 2.609418e+03 6.672086e+03 -2.950264e+02 -7.683123e+01
5.750589e-01 18177 2.470889e+03 6.514110e+03 -5.705506e+01 -8.863583e+01
5.850828e-01 18739 2.343240e+03 6.366000e+03 2.006198e+02 1.084581e+02
5.950416e-01 19165 2.439347e+03 6.401689e+03 -1.816449e+02 -9.318018e+01
6.049746e-01 20013 2.321312e+03 6.262911e+03 -2.074914e+01 -2.765213e+02
6.149470e-01 20587 2.267563e+03 6.176152e+03 -1.754253e+01 4.511708e+01
6.249968e-01 21657 2.209529e+03 6.085949e+03 1.560830e+02 -8.320280e+01
6.350666e-01 22129 2.149433e+03 5.994278e+03 -2.416241e+02 -1.305988e+02
6.450498e-01 22611 2.080536e+03 5.896590e+03 5.120259e+01 3.967517e+01
6.549912e-01 23317 1.982843e+03 5.776872e+03 -1.662407e+02 -1.310162e+02
6.649535e-01 24222 2.076428e+03 5.806201e+03 1.938331e+01 1.887801e+00
6.749660e-01 24943 1.979461e+03 5.687290e+03 -3.463830e+01 -9.560734e+01
6.850252e-01 25921 2.011362e+03 5.667465e+03 -1.364358e+02 1.634123e+02
6.950284e-01 26253 1.885522e+03 5.527698e+03 -1.337854e+02 8.560141e+00
7.049900e-01 27139 1.863416e+03 5.467260e+03 6.636051e+01 5.152973e+01
7.150256e-01 28185 1.837629e+03 5.403871e+03 -5.431638e+01 4.707583e+01
7.250860e-01 28969 1.830390e+03 5.354061e+03 5.151348e+01 -2.002887e+02
7.350183e-01 28887 1.823149e+03 5.304638e+03 -3.917799e+01 -1.542466e+01
7.450018e-01 30937 1.822175e+03 5.259502e+03 -9.970423e+01 1.790124e+02
7.551045e-01 31341 1.717154e+03 5.138980e+03 4.452957e+01 -5.542027e+01
7.650666e-01 31555 1.696033e+03 5.079595e+03 -3.824019e+00 -1.238143e+02
7.750154e-01 33025 1.692911e+03 5.033376e+03 -8.358751e+01 5.058808e+01
7.850634e-01 33921 1.686591e+03 4.984189e+03 3.065550e+01 1.021587e+02
7.950596e-01 34285 1.632729e+03 4.902304e+03 1.392367e+02 5.924172e+01
8.050450e-01 35703 1.512115e+03 4.774978e+03 8.806052e+00 1.681534e+01
8.150563e-01 36205 1.526884e+03 4.741355e+03 -4.709227e+01 8.109235e+01
8.250795e-01 37485 1.534151e+03 4.702380e+03 4.283598e+00 6.161315e+01
8.350885e-01 38047 1.505540e+03 4.639290e+03 1.078181e+02 2.012088e+01
8.450499e-01 38913 1.479554e+03 4.578277e+03 -8.562123e+00 4.054061e+01
8.550252e-01 39853 1.441631e+03 4.509750e+03 1.748367e+02 -7.472487e+00
8.650455e-01 41367 1.377682e+03 4.424521e+03 -2.488748e+01 -1.269468e+02
8.750680e-01 41617 1.379261e+03 4.382203e+03 -2.037864e+01 1.227910e+01
8.849916e-01 42430 1.354658e+03 4.323635e+03 1.631692e+01 -4.350217e+01
8.949944e-01 44367 1.400324e+03 4.309252e+03 -5.010700e+01 1.026728e+02
9.050336e-01 44569 1.294127e+03 4.199506e+03 3.199636e+01 -2.364517e+02
9.150411e-01 46089 1.322007e+03 4.173922e+03 -2.871124e+01 5.128008e+01
9.250625e-01 46819 1.299370e+03 4.117020e+03 2.071463e+01 -5.119617e+01
9.350607e-01 47793 1.231942e+03 4.033790e+03 2.929177e+01 3.338425e+01
9.450463e-01 48697 1.243977e+03 3.998768e+03 1.241764e+02 3.506773e+01
9.549734e-01 49443 1.240447e+03 3.954717e+03 7.752235e+01 1.245086e+01
9.649510e-01 51097 1.193442e+03 3.885199e+03 -4.389886e+01 1.128346e+02
9.750082e-01 52453 1.197686e+03 3.845630e+03 -2.941707e+01 -8.595324e+01
9.850290e-01 52947 1.179670e+03 3.793470e+03 4.692316e+01 1.116392e+02
9.950258e-01 54193 1.085488e+03 3.698795e+03 3.532484e+01 4.929633e+01
