# nc 324
# boxsize 6.000000e+02
1.483274e-02 13 7.822011e+03 7.012756e+05 6.299310e+07
2.513187e-02 33 4.601828e+03 4.161207e+05 3.782561e+07
3.574650e-02 79 3.131222e+03 2.789440e+05 2.504136e+07
4.583347e-02 105 2.326841e+03 2.025485e+05 1.781665e+07
5.486964e-02 145 2.245308e+03 1.972887e+05 1.754451e+07
6.471857e-02 243 1.989698e+03 1.762425e+05 1.583381e+07
7.503996e-02 313 1.541140e+03 1.346850e+05 1.197261e+07
8.485495e-02 369 1.511158e+03 1.311527e+05 1.155478e+07
9.528688e-02 571 1.098995e+03 9.456177e+04 8.324828e+06
1.059290e-01 601 9.154717e+02 7.838025e+04 6.909624e+06
1.156806e-01 705 8.808754e+02 7.480152e+04 6.536070e+06
1.255756e-01 883 8.370048e+02 7.076386e+04 6.178308e+06
1.352378e-01 909 7.038886e+02 5.934772e+04 5.193818e+06
1.449493e-01 1177 6.093724e+02 5.086302e+04 4.427875e+06
1.550659e-01 1323 5.325379e+02 4.392302e+04 3.793275e+06
1.649601e-01 1453 4.887097e+02 3.963920e+04 3.396322e+06
1.749597e-01 1701 4.512234e+02 3.642301e+04 3.118581e+06
1.852437e-01 1963 4.159994e+02 3.341420e+04 2.863823e+06
1.951071e-01 1933 3.778778e+02 3.032322e+04 2.602634e+06
2.049888e-01 2397 3.350871e+02 2.659326e+04 2.280647e+06
2.151844e-01 2539 3.053330e+02 2.367775e+04 1.998070e+06
2.250745e-01 2694 2.824164e+02 2.164624e+04 1.825410e+06
2.350927e-01 3121 2.668619e+02 2.044269e+04 1.724518e+06
2.451974e-01 3255 2.589248e+02 1.939658e+04 1.608912e+06
2.550872e-01 3517 2.359087e+02 1.762716e+04 1.467992e+06
2.649947e-01 3813 2.204794e+02 1.630633e+04 1.349306e+06
2.750606e-01 4231 2.023955e+02 1.477277e+04 1.216424e+06
2.851157e-01 4389 1.893520e+02 1.363487e+04 1.117170e+06
2.950080e-01 4717 1.803816e+02 1.283550e+04 1.047434e+06
3.050474e-01 5191 1.694640e+02 1.191730e+04 9.688988e+05
3.151078e-01 5373 1.597283e+02 1.109345e+04 8.985061e+05
3.251295e-01 5893 1.490530e+02 1.039789e+04 8.495894e+05
3.352591e-01 6183 1.425169e+02 9.698235e+03 7.801301e+05
3.451640e-01 6349 1.343840e+02 9.003741e+03 7.211240e+05
3.550965e-01 6993 1.289353e+02 8.541026e+03 6.812692e+05
3.649687e-01 7003 1.234312e+02 8.104359e+03 6.454836e+05
3.749450e-01 7941 1.159831e+02 7.487816e+03 5.919229e+05
3.851630e-01 8221 1.094629e+02 7.025224e+03 5.550083e+05
3.951752e-01 8449 1.024368e+02 6.487922e+03 5.137843e+05
4.050872e-01 8931 9.973843e+01 6.262777e+03 4.919912e+05
4.149904e-01 9289 9.497843e+01 5.811926e+03 4.508858e+05
4.250484e-01 10113 8.866856e+01 5.386047e+03 4.210889e+05
4.350196e-01 10087 8.523580e+01 5.080510e+03 3.931486e+05
4.449689e-01 10998 8.132582e+01 4.803007e+03 3.726953e+05
4.550136e-01 11233 7.741486e+01 4.558405e+03 3.533029e+05
4.650240e-01 11991 7.502303e+01 4.286427e+03 3.271791e+05
4.750600e-01 12241 7.226667e+01 4.135846e+03 3.168058e+05
4.850824e-01 13033 6.839737e+01 3.818133e+03 2.902274e+05
4.950626e-01 13227 6.531933e+01 3.617381e+03 2.745802e+05
5.050218e-01 13993 6.317535e+01 3.467093e+03 2.631476e+05
5.149626e-01 14301 5.974535e+01 3.245423e+03 2.463729e+05
5.249789e-01 15355 5.820021e+01 3.074567e+03 2.297000e+05
5.350486e-01 15585 5.486502e+01 2.885585e+03 2.169718e+05
5.451135e-01 16549 5.337992e+01 2.772860e+03 2.081268e+05
5.551181e-01 16587 5.174684e+01 2.656997e+03 1.985680e+05
5.650424e-01 17461 4.917970e+01 2.492196e+03 1.851452e+05
5.750589e-01 18177 4.728125e+01 2.364838e+03 1.757224e+05
5.850828e-01 18739 4.583317e+01 2.263989e+03 1.672738e+05
5.950416e-01 19165 4.413175e+01 2.153201e+03 1.597977e+05
6.049746e-01 20013 4.219960e+01 2.033162e+03 1.499931e+05
6.149470e-01 20587 4.058813e+01 1.932929e+03 1.427288e+05
6.249968e-01 21657 3.942484e+01 1.859211e+03 1.367907e+05
6.350666e-01 22129 3.753356e+01 1.731761e+03 1.276990e+05
6.450498e-01 22611 3.652949e+01 1.683764e+03 1.237492e+05
6.549912e-01 23317 3.460999e+01 1.572863e+03 1.160604e+05
6.649535e-01 24222 3.372086e+01 1.506383e+03 1.104953e+05
6.749660e-01 24943 3.229137e+01 1.423761e+03 1.046826e+05
6.850252e-01 25921 3.119402e+01 1.349121e+03 9.881720e+04
6.950284e-01 26253 3.035469e+01 1.301189e+03 9.507930e+04
7.049900e-01 27139 2.945101e+01 1.251671e+03 9.142252e+04
7.150256e-01 28185 2.859294e+01 1.199130e+03 8.769815e+04
7.250860e-01 28969 2.719269e+01 1.124041e+03 8.224645e+04
7.350183e-01 28887 2.634434e+01 1.069240e+03 7.795375e+04
7.450018e-01 30937 2.545168e+01 1.029501e+03 7.549203e+04
7.551045e-01 31341 2.439260e+01 9.727853e+02 7.187414e+04
7.650666e-01 31555 2.379541e+01 9.295898e+02 6.828028e+04
7.750154e-01 33025 2.280016e+01 8.852850e+02 6.560550e+04
7.850634e-01 33921 2.214821e+01 8.521815e+02 6.275674e+04
7.950596e-01 34285 2.150256e+01 8.161400e+02 5.998419e+04
8.050450e-01 35703 2.047308e+01 7.710105e+02 5.739802e+04
8.150563e-01 36205 1.979459e+01 7.320737e+02 5.469784e+04
8.250795e-01 37485 1.934373e+01 7.044967e+02 5.241809e+04
8.350885e-01 38047 1.867449e+01 6.763215e+02 5.070412e+04
8.450499e-01 38913 1.786872e+01 6.355129e+02 4.766957e+04
8.550252e-01 39853 1.730717e+01 6.053393e+02 4.593489e+04
8.650455e-01 41367 1.678927e+01 5.800749e+02 4.381975e+04
8.750680e-01 41617 1.630358e+01 5.589589e+02 4.249010e+04
8.849916e-01 42430 1.585597e+01 5.363423e+02 4.083029e+04
8.949944e-01 44367 1.532364e+01 5.119162e+02 3.899911e+04
9.050336e-01 44569 1.483687e+01 4.905774e+02 3.765736e+04
9.150411e-01 46089 1.434345e+01 4.683880e+02 3.611361e+04
9.250625e-01 46819 1.385714e+01 4.452821e+02 3.486341e+04
9.350607e-01 47793 1.352061e+01 4.293492e+02 3.346396e+04
9.450463e-01 48697 1.303620e+01 4.098322e+02 3.215080e+04
9.549734e-01 49443 1.259489e+01 3.864622e+02 3.065486e+04
9.649510e-01 51097 1.223247e+01 3.754389e+02 2.992382e+04
9.750082e-01 52453 1.199294e+01 3.601067e+02 2.874392e+04
9.850290e-01 52947 1.158527e+01 3.456723e+02 2.781439e+04
9.950258e-01 54193 1.127325e+01 3.312655e+02 2.679018e+04
