# nc 324
# boxsize 6.000000e+02
1.483274e-02 13 5.753140e+03 5.150953e+05 4.624949e+07
2.513187e-02 33 4.515423e+03 4.078323e+05 3.696720e+07
3.574650e-02 79 3.217735e+03 2.908095e+05 2.645968e+07
4.583347e-02 105 3.049448e+03 2.709337e+05 2.424408e+07
5.486964e-02 145 2.456313e+03 2.139109e+05 1.881555e+07
6.471857e-02 243 1.985437e+03 1.761051e+05 1.581042e+07
7.503996e-02 313 1.744245e+03 1.530921e+05 1.362225e+07
8.485495e-02 369 1.436046e+03 1.246833e+05 1.100966e+07
9.528688e-02 571 1.092687e+03 9.528488e+04 8.515740e+06
1.059290e-01 601 9.551617e+02 8.236459e+04 7.303472e+06
1.156806e-01 705 9.133036e+02 7.848425e+04 6.947361e+06
1.255756e-01 883 7.776863e+02 6.554532e+04 5.711951e+06
1.352378e-01 909 6.894269e+02 5.817174e+04 5.085996e+06
1.449493e-01 1177 6.080959e+02 5.091268e+04 4.451290e+06
1.550659e-01 1323 5.555899e+02 4.541173e+04 3.895198e+06
1.649601e-01 1453 4.831211e+02 3.932484e+04 3.379572e+06
1.749597e-01 1701 4.649583e+02 3.783342e+04 3.254607e+06
1.852437e-01 1963 4.188434e+02 3.354368e+04 2.859990e+06
1.951071e-01 1933 3.905106e+02 3.140411e+04 2.703585e+06
2.049888e-01 2397 3.528218e+02 2.794580e+04 2.381268e+06
2.151844e-01 2539 3.133131e+02 2.451664e+04 2.078445e+06
2.250745e-01 2694 2.957336e+02 2.269020e+04 1.902019e+06
2.350927e-01 3121 2.785836e+02 2.124966e+04 1.776808e+06
2.451974e-01 3255 2.475310e+02 1.876274e+04 1.575945e+06
2.550872e-01 3517 2.380305e+02 1.788059e+04 1.492405e+06
2.649947e-01 3813 2.202409e+02 1.624353e+04 1.346787e+06
2.750606e-01 4231 2.013081e+02 1.481995e+04 1.231579e+06
2.851157e-01 4389 1.862898e+02 1.351753e+04 1.117678e+06
2.950080e-01 4717 1.789815e+02 1.279297e+04 1.048350e+06
3.050474e-01 5191 1.664798e+02 1.173200e+04 9.599086e+05
3.151078e-01 5373 1.629682e+02 1.133377e+04 9.161308e+05
3.251295e-01 5893 1.477433e+02 1.022794e+04 8.361701e+05
3.352591e-01 6183 1.367766e+02 9.329496e+03 7.585249e+05
3.451640e-01 6349 1.319401e+02 8.924515e+03 7.228370e+05
3.550965e-01 6993 1.276053e+02 8.504449e+03 6.811478e+05
3.649687e-01 7003 1.206160e+02 7.905720e+03 6.286086e+05
3.749450e-01 7941 1.143493e+02 7.419365e+03 5.909588e+05
3.851630e-01 8221 1.079691e+02 6.880428e+03 5.418655e+05
3.951752e-01 8449 1.017040e+02 6.444141e+03 5.117632e+05
4.050872e-01 8931 9.840100e+01 6.137906e+03 4.806398e+05
4.149904e-01 9289 9.212386e+01 5.717517e+03 4.510401e+05
4.250484e-01 10113 8.914934e+01 5.415550e+03 4.215606e+05
4.350196e-01 10087 8.483002e+01 5.083623e+03 3.952537e+05
4.449689e-01 10998 8.233175e+01 4.862612e+03 3.729043e+05
4.550136e-01 11233 7.763041e+01 4.549634e+03 3.506298e+05
4.650240e-01 11991 7.552382e+01 4.384539e+03 3.367137e+05
4.750600e-01 12241 7.158369e+01 4.062199e+03 3.109630e+05
4.850824e-01 13033 6.768708e+01 3.814098e+03 2.917980e+05
4.950626e-01 13227 6.557098e+01 3.634206e+03 2.756255e+05
5.050218e-01 13993 6.291739e+01 3.466867e+03 2.628071e+05
5.149626e-01 14301 6.057708e+01 3.291864e+03 2.488558e+05
5.249789e-01 15355 5.753491e+01 3.063180e+03 2.312111e+05
5.350486e-01 15585 5.605489e+01 2.936909e+03 2.202942e+05
5.451135e-01 16549 5.281404e+01 2.755321e+03 2.080752e+05
5.551181e-01 16587 5.110486e+01 2.624026e+03 1.974226e+05
5.650424e-01 17461 4.944214e+01 2.514839e+03 1.880131e+05
5.750589e-01 18177 4.745824e+01 2.384722e+03 1.776743e+05
5.850828e-01 18739 4.553271e+01 2.260468e+03 1.676974e+05
5.950416e-01 19165 4.319441e+01 2.106700e+03 1.572241e+05
6.049746e-01 20013 4.171147e+01 2.012552e+03 1.504314e+05
6.149470e-01 20587 4.082818e+01 1.945111e+03 1.433977e+05
6.249968e-01 21657 3.896160e+01 1.838904e+03 1.361761e+05
6.350666e-01 22129 3.810046e+01 1.765452e+03 1.296781e+05
6.450498e-01 22611 3.591145e+01 1.636375e+03 1.208922e+05
6.549912e-01 23317 3.519555e+01 1.587585e+03 1.161509e+05
6.649535e-01 24222 3.401255e+01 1.517748e+03 1.112816e+05
6.749660e-01 24943 3.208174e+01 1.416736e+03 1.042606e+05
6.850252e-01 25921 3.142812e+01 1.366368e+03 1.004765e+05
6.950284e-01 26253 3.028171e+01 1.310930e+03 9.618130e+04
7.049900e-01 27139 2.943108e+01 1.250672e+03 9.154178e+04
7.150256e-01 28185 2.789461e+01 1.168337e+03 8.596057e+04
7.250860e-01 28969 2.722246e+01 1.127060e+03 8.263193e+04
7.350183e-01 28887 2.619030e+01 1.074902e+03 7.919509e+04
7.450018e-01 30937 2.527416e+01 1.017127e+03 7.506362e+04
7.551045e-01 31341 2.456103e+01 9.729847e+02 7.139279e+04
7.650666e-01 31555 2.354780e+01 9.285848e+02 6.855239e+04
7.750154e-01 33025 2.268880e+01 8.835602e+02 6.530133e+04
7.850634e-01 33921 2.201989e+01 8.477213e+02 6.301023e+04
7.950596e-01 34285 2.134023e+01 8.073347e+02 5.967461e+04
8.050450e-01 35703 2.060312e+01 7.669519e+02 5.670093e+04
8.150563e-01 36205 1.984253e+01 7.282449e+02 5.445503e+04
8.250795e-01 37485 1.911048e+01 6.967007e+02 5.212202e+04
8.350885e-01 38047 1.847358e+01 6.695580e+02 5.036614e+04
8.450499e-01 38913 1.790250e+01 6.392367e+02 4.824729e+04
8.550252e-01 39853 1.745094e+01 6.141810e+02 4.615386e+04
8.650455e-01 41367 1.684018e+01 5.880145e+02 4.444409e+04
8.750680e-01 41617 1.618147e+01 5.577503e+02 4.243698e+04
8.849916e-01 42430 1.583789e+01 5.394510e+02 4.099877e+04
8.949944e-01 44367 1.526497e+01 5.145870e+02 3.952639e+04
9.050336e-01 44569 1.476541e+01 4.889644e+02 3.762707e+04
9.150411e-01 46089 1.427242e+01 4.658285e+02 3.619230e+04
9.250625e-01 46819 1.380286e+01 4.471767e+02 3.496432e+04
9.350607e-01 47793 1.350546e+01 4.282256e+02 3.336415e+04
9.450463e-01 48697 1.309695e+01 4.119827e+02 3.215078e+04
9.549734e-01 49443 1.256352e+01 3.934775e+02 3.120512e+04
9.649510e-01 51097 1.230199e+01 3.774608e+02 3.004621e+04
9.750082e-01 52453 1.189614e+01 3.616387e+02 2.895490e+04
9.850290e-01 52947 1.152394e+01 3.451942e+02 2.781041e+04
9.950258e-01 54193 1.119050e+01 3.317984e+02 2.678229e+04
