# nc 324
# boxsize 6.000000e+02
1.483274e-02 13 4.401283e+03 3.951042e+05 3.558004e+07
2.513187e-02 33 3.527152e+03 3.163940e+05 2.856788e+07
3.574650e-02 79 3.293260e+03 2.962181e+05 2.683192e+07
4.583347e-02 105 2.487099e+03 2.211053e+05 1.984004e+07
5.486964e-02 145 2.262041e+03 1.992432e+05 1.773822e+07
6.471857e-02 243 2.098108e+03 1.833472e+05 1.621111e+07
7.503996e-02 313 1.575329e+03 1.380476e+05 1.228090e+07
8.485495e-02 369 1.428600e+03 1.244300e+05 1.102627e+07
9.528688e-02 571 1.023343e+03 8.865121e+04 7.879702e+06
1.059290e-01 601 1.002780e+03 8.607495e+04 7.575445e+06
1.156806e-01 705 8.347037e+02 7.146488e+04 6.301545e+06
1.255756e-01 883 7.818234e+02 6.628326e+04 5.816439e+06
1.352378e-01 909 7.091715e+02 5.966884e+04 5.203711e+06
1.449493e-01 1177 6.053100e+02 5.041132e+04 4.383086e+06
1.550659e-01 1323 5.472715e+02 4.507132e+04 3.893850e+06
1.649601e-01 1453 4.835750e+02 3.954102e+04 3.407681e+06
1.749597e-01 1701 4.425256e+02 3.588207e+04 3.087843e+06
1.852437e-01 1963 4.144052e+02 3.347479e+04 2.880818e+06
1.951071e-01 1933 3.708644e+02 2.972079e+04 2.552038e+06
2.049888e-01 2397 3.491710e+02 2.749938e+04 2.333304e+06
2.151844e-01 2539 3.048196e+02 2.383092e+04 2.023791e+06
2.250745e-01 2694 2.927677e+02 2.269629e+04 1.916675e+06
2.350927e-01 3121 2.722917e+02 2.097279e+04 1.772926e+06
2.451974e-01 3255 2.468418e+02 1.871645e+04 1.575102e+06
2.550872e-01 3517 2.335232e+02 1.753544e+04 1.464089e+06
2.649947e-01 3813 2.189603e+02 1.619258e+04 1.345276e+06
2.750606e-01 4231 2.031121e+02 1.488541e+04 1.226306e+06
2.851157e-01 4389 1.965923e+02 1.424063e+04 1.171122e+06
2.950080e-01 4717 1.779344e+02 1.277280e+04 1.046659e+06
3.050474e-01 5191 1.702426e+02 1.211329e+04 9.929084e+05
3.151078e-01 5373 1.590666e+02 1.112317e+04 9.062299e+05
3.251295e-01 5893 1.478027e+02 1.015692e+04 8.215919e+05
3.352591e-01 6183 1.399002e+02 9.530020e+03 7.705682e+05
3.451640e-01 6349 1.333816e+02 8.975679e+03 7.257775e+05
3.550965e-01 6993 1.245542e+02 8.248746e+03 6.605427e+05
3.649687e-01 7003 1.206874e+02 7.918117e+03 6.302804e+05
3.749450e-01 7941 1.160616e+02 7.514455e+03 5.929264e+05
3.851630e-01 8221 1.097412e+02 7.074388e+03 5.630521e+05
3.951752e-01 8449 1.037573e+02 6.523263e+03 5.121897e+05
4.050872e-01 8931 9.682198e+01 6.011145e+03 4.722687e+05
4.149904e-01 9289 9.326978e+01 5.726500e+03 4.497554e+05
4.250484e-01 10113 9.013338e+01 5.497503e+03 4.277631e+05
4.350196e-01 10087 8.586697e+01 5.141297e+03 4.000962e+05
4.449689e-01 10998 8.129754e+01 4.846705e+03 3.765858e+05
4.550136e-01 11233 7.838795e+01 4.588861e+03 3.525701e+05
4.650240e-01 11991 7.451534e+01 4.314960e+03 3.320837e+05
4.750600e-01 12241 7.144888e+01 4.062120e+03 3.114883e+05
4.850824e-01 13033 6.831676e+01 3.850118e+03 2.932794e+05
4.950626e-01 13227 6.564772e+01 3.618586e+03 2.753369e+05
5.050218e-01 13993 6.289184e+01 3.450504e+03 2.619365e+05
5.149626e-01 14301 5.999962e+01 3.229290e+03 2.438180e+05
5.249789e-01 15355 5.826652e+01 3.125776e+03 2.352090e+05
5.350486e-01 15585 5.531498e+01 2.908328e+03 2.196066e+05
5.451135e-01 16549 5.377682e+01 2.805524e+03 2.109643e+05
5.551181e-01 16587 5.132659e+01 2.645735e+03 1.979393e+05
5.650424e-01 17461 4.937917e+01 2.488714e+03 1.851604e+05
5.750589e-01 18177 4.735989e+01 2.372759e+03 1.773401e+05
5.850828e-01 18739 4.581153e+01 2.271807e+03 1.683195e+05
5.950416e-01 19165 4.391631e+01 2.133269e+03 1.581882e+05
6.049746e-01 20013 4.230405e+01 2.034554e+03 1.501392e+05
6.149470e-01 20587 4.089462e+01 1.943858e+03 1.432660e+05
6.249968e-01 21657 3.897672e+01 1.825675e+03 1.347800e+05
6.350666e-01 22129 3.753123e+01 1.743726e+03 1.293449e+05
6.450498e-01 22611 3.636754e+01 1.662519e+03 1.224760e+05
6.549912e-01 23317 3.550996e+01 1.599554e+03 1.171619e+05
6.649535e-01 24222 3.363945e+01 1.496943e+03 1.098407e+05
6.749660e-01 24943 3.286948e+01 1.447751e+03 1.061551e+05
6.850252e-01 25921 3.114293e+01 1.349624e+03 9.911400e+04
6.950284e-01 26253 3.046483e+01 1.312852e+03 9.664029e+04
7.049900e-01 27139 2.949615e+01 1.252335e+03 9.136239e+04
7.150256e-01 28185 2.819580e+01 1.181775e+03 8.643987e+04
7.250860e-01 28969 2.713390e+01 1.131264e+03 8.308770e+04
7.350183e-01 28887 2.630435e+01 1.075032e+03 7.928134e+04
7.450018e-01 30937 2.527174e+01 1.019756e+03 7.492538e+04
7.551045e-01 31341 2.440766e+01 9.786313e+02 7.224888e+04
7.650666e-01 31555 2.367619e+01 9.332316e+02 6.872288e+04
7.750154e-01 33025 2.285197e+01 8.891661e+02 6.562767e+04
7.850634e-01 33921 2.191294e+01 8.407598e+02 6.265052e+04
7.950596e-01 34285 2.129097e+01 8.088771e+02 6.004439e+04
8.050450e-01 35703 2.044435e+01 7.658095e+02 5.720043e+04
8.150563e-01 36205 1.994766e+01 7.366181e+02 5.483306e+04
8.250795e-01 37485 1.922632e+01 7.044916e+02 5.243360e+04
8.350885e-01 38047 1.858022e+01 6.716876e+02 5.049236e+04
8.450499e-01 38913 1.783669e+01 6.335342e+02 4.784269e+04
8.550252e-01 39853 1.738840e+01 6.159523e+02 4.658346e+04
8.650455e-01 41367 1.686532e+01 5.863388e+02 4.426426e+04
8.750680e-01 41617 1.621084e+01 5.583750e+02 4.252605e+04
8.849916e-01 42430 1.567629e+01 5.297118e+02 4.072862e+04
8.949944e-01 44367 1.527120e+01 5.120002e+02 3.927259e+04
9.050336e-01 44569 1.468568e+01 4.854655e+02 3.766618e+04
9.150411e-01 46089 1.430286e+01 4.635620e+02 3.584895e+04
9.250625e-01 46819 1.387879e+01 4.497059e+02 3.489727e+04
9.350607e-01 47793 1.342209e+01 4.275473e+02 3.337794e+04
9.450463e-01 48697 1.301521e+01 4.095588e+02 3.232866e+04
9.549734e-01 49443 1.260190e+01 3.882311e+02 3.078567e+04
9.649510e-01 51097 1.227011e+01 3.758969e+02 2.995476e+04
9.750082e-01 52453 1.191579e+01 3.610099e+02 2.905226e+04
9.850290e-01 52947 1.158659e+01 3.474381e+02 2.774610e+04
9.950258e-01 54193 1.117494e+01 3.271016e+02 2.659484e+04
