# nc 324
# boxsize 6.000000e+02
1.483274e-02 13 6.306865e+03 5.670878e+05 5.115563e+07
2.513187e-02 33 6.737095e+03 6.008905e+05 5.374778e+07
3.574650e-02 79 3.552301e+03 3.160573e+05 2.831085e+07
4.583347e-02 105 3.199880e+03 2.827779e+05 2.520887e+07
5.486964e-02 145 2.350681e+03 2.063891e+05 1.829558e+07
6.471857e-02 243 2.163649e+03 1.889804e+05 1.670662e+07
7.503996e-02 313 1.862091e+03 1.630948e+05 1.449440e+07
8.485495e-02 369 1.390931e+03 1.205764e+05 1.063648e+07
9.528688e-02 571 1.199603e+03 1.029974e+05 9.033831e+06
1.059290e-01 601 9.699210e+02 8.334564e+04 7.359814e+06
1.156806e-01 705 8.820637e+02 7.455949e+04 6.500444e+06
1.255756e-01 883 7.877473e+02 6.642706e+04 5.789755e+06
1.352378e-01 909 7.195851e+02 6.036164e+04 5.247628e+06
1.449493e-01 1177 6.191832e+02 5.148995e+04 4.468630e+06
1.550659e-01 1323 5.197960e+02 4.265740e+04 3.685920e+06
1.649601e-01 1453 4.824536e+02 3.951834e+04 3.415947e+06
1.749597e-01 1701 4.293763e+02 3.503454e+04 3.030924e+06
1.852437e-01 1963 4.162192e+02 3.338949e+04 2.859208e+06
1.951071e-01 1933 3.818048e+02 3.051299e+04 2.606326e+06
2.049888e-01 2397 3.547692e+02 2.792521e+04 2.367555e+06
2.151844e-01 2539 3.039094e+02 2.382340e+04 2.037914e+06
2.250745e-01 2694 2.860284e+02 2.188500e+04 1.837596e+06
2.350927e-01 3121 2.808690e+02 2.137669e+04 1.784852e+06
2.451974e-01 3255 2.555949e+02 1.940946e+04 1.629979e+06
2.550872e-01 3517 2.343431e+02 1.752243e+04 1.461557e+06
2.649947e-01 3813 2.250032e+02 1.652042e+04 1.354742e+06
2.750606e-01 4231 2.047345e+02 1.495412e+04 1.234570e+06
2.851157e-01 4389 1.866246e+02 1.356266e+04 1.123624e+06
2.950080e-01 4717 1.786096e+02 1.285194e+04 1.058659e+06
3.050474e-01 5191 1.702360e+02 1.200961e+04 9.772434e+05
3.151078e-01 5373 1.602383e+02 1.115855e+04 9.013913e+05
3.251295e-01 5893 1.483085e+02 1.024275e+04 8.354342e+05
3.352591e-01 6183 1.436794e+02 9.781686e+03 7.865329e+05
3.451640e-01 6349 1.351972e+02 9.120460e+03 7.306486e+05
3.550965e-01 6993 1.277847e+02 8.447527e+03 6.739157e+05
3.649687e-01 7003 1.208870e+02 7.902987e+03 6.272084e+05
3.749450e-01 7941 1.139796e+02 7.385345e+03 5.856328e+05
3.851630e-01 8221 1.096869e+02 6.993003e+03 5.516391e+05
3.951752e-01 8449 1.037951e+02 6.578114e+03 5.174575e+05
4.050872e-01 8931 9.800325e+01 6.094057e+03 4.779877e+05
4.149904e-01 9289 9.296526e+01 5.740532e+03 4.511167e+05
4.250484e-01 10113 9.025401e+01 5.458735e+03 4.233358e+05
4.350196e-01 10087 8.552237e+01 5.146997e+03 4.009486e+05
4.449689e-01 10998 8.215511e+01 4.836649e+03 3.712102e+05
4.550136e-01 11233 7.853454e+01 4.588425e+03 3.530546e+05
4.650240e-01 11991 7.588728e+01 4.404740e+03 3.378261e+05
4.750600e-01 12241 7.274345e+01 4.138973e+03 3.166662e+05
4.850824e-01 13033 6.878894e+01 3.852757e+03 2.930569e+05
4.950626e-01 13227 6.618861e+01 3.677694e+03 2.781441e+05
5.050218e-01 13993 6.316692e+01 3.460377e+03 2.623062e+05
5.149626e-01 14301 6.104249e+01 3.303956e+03 2.494029e+05
5.249789e-01 15355 5.883831e+01 3.142371e+03 2.362974e+05
5.350486e-01 15585 5.508331e+01 2.919868e+03 2.209868e+05
5.451135e-01 16549 5.434837e+01 2.820541e+03 2.103227e+05
5.551181e-01 16587 5.142788e+01 2.615608e+03 1.945670e+05
5.650424e-01 17461 4.993770e+01 2.523851e+03 1.869032e+05
5.750589e-01 18177 4.750440e+01 2.377938e+03 1.769006e+05
5.850828e-01 18739 4.660015e+01 2.306228e+03 1.703151e+05
5.950416e-01 19165 4.491437e+01 2.182643e+03 1.610170e+05
6.049746e-01 20013 4.262701e+01 2.034817e+03 1.500472e+05
6.149470e-01 20587 4.110939e+01 1.954449e+03 1.436382e+05
6.249968e-01 21657 4.015317e+01 1.870396e+03 1.363533e+05
6.350666e-01 22129 3.837581e+01 1.771075e+03 1.294193e+05
6.450498e-01 22611 3.699715e+01 1.692652e+03 1.235257e+05
6.549912e-01 23317 3.487783e+01 1.567148e+03 1.149340e+05
6.649535e-01 24222 3.392965e+01 1.509466e+03 1.104391e+05
6.749660e-01 24943 3.282382e+01 1.428210e+03 1.039940e+05
6.850252e-01 25921 3.194235e+01 1.387161e+03 1.012703e+05
6.950284e-01 26253 3.056187e+01 1.306563e+03 9.568808e+04
7.049900e-01 27139 2.969739e+01 1.266746e+03 9.202098e+04
7.150256e-01 28185 2.801536e+01 1.170669e+03 8.628466e+04
7.250860e-01 28969 2.741779e+01 1.131901e+03 8.284742e+04
7.350183e-01 28887 2.647053e+01 1.073439e+03 7.829166e+04
7.450018e-01 30937 2.544911e+01 1.028774e+03 7.553016e+04
7.551045e-01 31341 2.461455e+01 9.742692e+02 7.162738e+04
7.650666e-01 31555 2.358930e+01 9.255009e+02 6.812564e+04
7.750154e-01 33025 2.311091e+01 8.950569e+02 6.579688e+04
7.850634e-01 33921 2.229515e+01 8.469726e+02 6.284659e+04
7.950596e-01 34285 2.162983e+01 8.163560e+02 6.003233e+04
8.050450e-01 35703 2.084411e+01 7.746255e+02 5.710986e+04
8.150563e-01 36205 2.026453e+01 7.452736e+02 5.479143e+04
8.250795e-01 37485 1.956474e+01 7.104704e+02 5.271631e+04
8.350885e-01 38047 1.866642e+01 6.664375e+02 4.999166e+04
8.450499e-01 38913 1.817900e+01 6.494891e+02 4.852242e+04
8.550252e-01 39853 1.777376e+01 6.196328e+02 4.631380e+04
8.650455e-01 41367 1.697268e+01 5.848977e+02 4.409555e+04
8.750680e-01 41617 1.639519e+01 5.609250e+02 4.235017e+04
8.849916e-01 42430 1.586306e+01 5.347691e+02 4.074337e+04
8.949944e-01 44367 1.538712e+01 5.104230e+02 3.913613e+04
9.050336e-01 44569 1.497527e+01 4.923004e+02 3.768165e+04
9.150411e-01 46089 1.457439e+01 4.728901e+02 3.626977e+04
9.250625e-01 46819 1.400598e+01 4.525562e+02 3.499130e+04
9.350607e-01 47793 1.361535e+01 4.325638e+02 3.363384e+04
9.450463e-01 48697 1.327092e+01 4.117942e+02 3.209958e+04
9.549734e-01 49443 1.272922e+01 3.922289e+02 3.088506e+04
9.649510e-01 51097 1.249320e+01 3.813802e+02 2.989771e+04
9.750082e-01 52453 1.209275e+01 3.630063e+02 2.880715e+04
9.850290e-01 52947 1.168815e+01 3.480127e+02 2.792208e+04
9.950258e-01 54193 1.144504e+01 3.363384e+02 2.686897e+04
