# nc 324
# boxsize 6.000000e+02
1.483274e-02 13 9.555432e+03 8.667074e+05 7.875301e+07
2.513187e-02 33 5.696042e+03 5.044998e+05 4.491642e+07
3.574650e-02 79 3.140560e+03 2.834560e+05 2.579025e+07
4.583347e-02 105 2.202191e+03 1.947779e+05 1.741468e+07
5.486964e-02 145 2.126130e+03 1.890355e+05 1.698755e+07
6.471857e-02 243 1.896972e+03 1.650944e+05 1.455037e+07
7.503996e-02 313 1.799753e+03 1.573048e+05 1.395407e+07
8.485495e-02 369 1.429759e+03 1.244378e+05 1.103571e+07
9.528688e-02 571 1.082418e+03 9.341015e+04 8.248040e+06
1.059290e-01 601 9.854211e+02 8.409905e+04 7.370878e+06
1.156806e-01 705 9.392662e+02 7.970201e+04 6.964837e+06
1.255756e-01 883 7.780259e+02 6.580327e+04 5.766798e+06
1.352378e-01 909 6.967461e+02 5.839939e+04 5.091138e+06
1.449493e-01 1177 6.425112e+02 5.327538e+04 4.608804e+06
1.550659e-01 1323 5.267307e+02 4.336497e+04 3.756301e+06
1.649601e-01 1453 4.736920e+02 3.864512e+04 3.334331e+06
1.749597e-01 1701 4.452615e+02 3.601018e+04 3.087096e+06
1.852437e-01 1963 4.176506e+02 3.399454e+04 2.938497e+06
1.951071e-01 1933 3.818571e+02 3.038823e+04 2.581940e+06
2.049888e-01 2397 3.362261e+02 2.650646e+04 2.257638e+06
2.151844e-01 2539 3.161091e+02 2.449397e+04 2.063226e+06
2.250745e-01 2694 2.939590e+02 2.253429e+04 1.887498e+06
2.350927e-01 3121 2.732509e+02 2.089502e+04 1.757662e+06
2.451974e-01 3255 2.576632e+02 1.927638e+04 1.596376e+06
2.550872e-01 3517 2.416251e+02 1.799731e+04 1.492282e+06
2.649947e-01 3813 2.144729e+02 1.574946e+04 1.304265e+06
2.750606e-01 4231 2.054414e+02 1.495652e+04 1.229146e+06
2.851157e-01 4389 1.896172e+02 1.360099e+04 1.112680e+06
2.950080e-01 4717 1.810685e+02 1.287692e+04 1.050148e+06
3.050474e-01 5191 1.700409e+02 1.198154e+04 9.732749e+05
3.151078e-01 5373 1.583140e+02 1.105029e+04 9.010958e+05
3.251295e-01 5893 1.505348e+02 1.040136e+04 8.453298e+05
3.352591e-01 6183 1.437720e+02 9.669246e+03 7.723678e+05
3.451640e-01 6349 1.367623e+02 9.115194e+03 7.270048e+05
3.550965e-01 6993 1.275680e+02 8.454769e+03 6.726471e+05
3.649687e-01 7003 1.200871e+02 7.832563e+03 6.219928e+05
3.749450e-01 7941 1.130268e+02 7.285118e+03 5.776025e+05
3.851630e-01 8221 1.073500e+02 6.860675e+03 5.429017e+05
3.951752e-01 8449 1.035123e+02 6.507651e+03 5.108582e+05
4.050872e-01 8931 9.804340e+01 6.098123e+03 4.783755e+05
4.149904e-01 9289 9.331017e+01 5.728418e+03 4.490931e+05
4.250484e-01 10113 8.943921e+01 5.427138e+03 4.223451e+05
4.350196e-01 10087 8.629847e+01 5.185904e+03 4.018232e+05
4.449689e-01 10998 8.204306e+01 4.834744e+03 3.730490e+05
4.550136e-01 11233 7.902502e+01 4.610298e+03 3.522597e+05
4.650240e-01 11991 7.518036e+01 4.306452e+03 3.294014e+05
4.750600e-01 12241 7.212194e+01 4.108625e+03 3.134498e+05
4.850824e-01 13033 6.960060e+01 3.911022e+03 2.971856e+05
4.950626e-01 13227 6.623510e+01 3.670604e+03 2.781667e+05
5.050218e-01 13993 6.320002e+01 3.457902e+03 2.610020e+05
5.149626e-01 14301 6.050433e+01 3.252271e+03 2.456528e+05
5.249789e-01 15355 5.810655e+01 3.089780e+03 2.327655e+05
5.350486e-01 15585 5.520882e+01 2.889573e+03 2.166363e+05
5.451135e-01 16549 5.343060e+01 2.790096e+03 2.100570e+05
5.551181e-01 16587 5.094197e+01 2.601494e+03 1.948122e+05
5.650424e-01 17461 4.975501e+01 2.507120e+03 1.861242e+05
5.750589e-01 18177 4.761640e+01 2.374101e+03 1.765920e+05
5.850828e-01 18739 4.592653e+01 2.256792e+03 1.667351e+05
5.950416e-01 19165 4.423215e+01 2.150242e+03 1.587948e+05
6.049746e-01 20013 4.283803e+01 2.060629e+03 1.514438e+05
6.149470e-01 20587 4.063065e+01 1.928313e+03 1.427672e+05
6.249968e-01 21657 3.930649e+01 1.834619e+03 1.348285e+05
6.350666e-01 22129 3.800952e+01 1.741514e+03 1.280408e+05
6.450498e-01 22611 3.693084e+01 1.679420e+03 1.228297e+05
6.549912e-01 23317 3.518607e+01 1.586965e+03 1.160330e+05
6.649535e-01 24222 3.361865e+01 1.497682e+03 1.102298e+05
6.749660e-01 24943 3.266176e+01 1.419495e+03 1.039969e+05
6.850252e-01 25921 3.153403e+01 1.362882e+03 9.991741e+04
6.950284e-01 26253 3.037370e+01 1.308161e+03 9.581342e+04
7.049900e-01 27139 2.934772e+01 1.241330e+03 9.068700e+04
7.150256e-01 28185 2.849098e+01 1.183342e+03 8.626044e+04
7.250860e-01 28969 2.694212e+01 1.107227e+03 8.178694e+04
7.350183e-01 28887 2.652431e+01 1.087156e+03 7.948266e+04
7.450018e-01 30937 2.541575e+01 1.027835e+03 7.557545e+04
7.551045e-01 31341 2.456386e+01 9.754075e+02 7.209619e+04
7.650666e-01 31555 2.382344e+01 9.326761e+02 6.876938e+04
7.750154e-01 33025 2.304443e+01 8.916982e+02 6.598870e+04
7.850634e-01 33921 2.193061e+01 8.411481e+02 6.229094e+04
7.950596e-01 34285 2.151635e+01 8.151016e+02 5.988457e+04
8.050450e-01 35703 2.072830e+01 7.678835e+02 5.694078e+04
8.150563e-01 36205 2.007225e+01 7.387585e+02 5.475684e+04
8.250795e-01 37485 1.942221e+01 7.038420e+02 5.242596e+04
8.350885e-01 38047 1.865747e+01 6.672202e+02 4.983551e+04
8.450499e-01 38913 1.800858e+01 6.378149e+02 4.800435e+04
8.550252e-01 39853 1.751179e+01 6.152883e+02 4.630905e+04
8.650455e-01 41367 1.723421e+01 5.958262e+02 4.485137e+04
8.750680e-01 41617 1.642328e+01 5.619276e+02 4.254309e+04
8.849916e-01 42430 1.593131e+01 5.366697e+02 4.080889e+04
8.949944e-01 44367 1.548419e+01 5.146061e+02 3.920767e+04
9.050336e-01 44569 1.494473e+01 4.879467e+02 3.737386e+04
9.150411e-01 46089 1.451716e+01 4.719403e+02 3.622338e+04
9.250625e-01 46819 1.406860e+01 4.487372e+02 3.477445e+04
9.350607e-01 47793 1.353932e+01 4.242943e+02 3.325735e+04
9.450463e-01 48697 1.308729e+01 4.113410e+02 3.231072e+04
9.549734e-01 49443 1.282739e+01 3.934180e+02 3.090161e+04
9.649510e-01 51097 1.237916e+01 3.747232e+02 2.968882e+04
9.750082e-01 52453 1.198994e+01 3.612598e+02 2.879717e+04
9.850290e-01 52947 1.158916e+01 3.420598e+02 2.746143e+04
9.950258e-01 54193 1.123615e+01 3.303356e+02 2.673232e+04
