# nc 324
# boxsize 6.000000e+02
1.483274e-02 13 6.989503e+03 6.366356e+05 5.817267e+07
2.513187e-02 33 5.626169e+03 5.002472e+05 4.460992e+07
3.574650e-02 79 3.177561e+03 2.846129e+05 2.569162e+07
4.583347e-02 105 2.592308e+03 2.312948e+05 2.082915e+07
5.486964e-02 145 2.624372e+03 2.343278e+05 2.110912e+07
6.471857e-02 243 2.158285e+03 1.900453e+05 1.694356e+07
7.503996e-02 313 1.779198e+03 1.571606e+05 1.408160e+07
8.485495e-02 369 1.570264e+03 1.351169e+05 1.180139e+07
9.528688e-02 571 1.169833e+03 1.013960e+05 8.976806e+06
1.059290e-01 601 1.010058e+03 8.692622e+04 7.672332e+06
1.156806e-01 705 8.349641e+02 7.113224e+04 6.257859e+06
1.255756e-01 883 7.379915e+02 6.262907e+04 5.511047e+06
1.352378e-01 909 7.282962e+02 6.089596e+04 5.268730e+06
1.449493e-01 1177 6.401008e+02 5.337743e+04 4.639964e+06
1.550659e-01 1323 5.424032e+02 4.458184e+04 3.850918e+06
1.649601e-01 1453 4.915418e+02 4.012921e+04 3.459029e+06
1.749597e-01 1701 4.587935e+02 3.695398e+04 3.157014e+06
1.852437e-01 1963 4.144061e+02 3.329745e+04 2.846704e+06
1.951071e-01 1933 3.892708e+02 3.113464e+04 2.660083e+06
2.049888e-01 2397 3.418943e+02 2.688996e+04 2.282065e+06
2.151844e-01 2539 3.122241e+02 2.438785e+04 2.062653e+06
2.250745e-01 2694 2.830891e+02 2.188574e+04 1.853108e+06
2.350927e-01 3121 2.647004e+02 2.013079e+04 1.689452e+06
2.451974e-01 3255 2.531536e+02 1.913486e+04 1.601577e+06
2.550872e-01 3517 2.371884e+02 1.789868e+04 1.497418e+06
2.649947e-01 3813 2.118144e+02 1.552438e+04 1.284339e+06
2.750606e-01 4231 2.030470e+02 1.481263e+04 1.222588e+06
2.851157e-01 4389 1.909880e+02 1.374692e+04 1.128582e+06
2.950080e-01 4717 1.825338e+02 1.298915e+04 1.057953e+06
3.050474e-01 5191 1.742507e+02 1.225716e+04 9.942087e+05
3.151078e-01 5373 1.631219e+02 1.144402e+04 9.316654e+05
3.251295e-01 5893 1.523626e+02 1.053012e+04 8.506847e+05
3.352591e-01 6183 1.449433e+02 9.791607e+03 7.843842e+05
3.451640e-01 6349 1.357774e+02 9.053475e+03 7.219225e+05
3.550965e-01 6993 1.274881e+02 8.409899e+03 6.694930e+05
3.649687e-01 7003 1.232624e+02 8.079741e+03 6.411893e+05
3.749450e-01 7941 1.167823e+02 7.542857e+03 5.946294e+05
3.851630e-01 8221 1.099912e+02 7.069780e+03 5.597612e+05
3.951752e-01 8449 1.035202e+02 6.535950e+03 5.135787e+05
4.050872e-01 8931 9.811626e+01 6.171896e+03 4.855229e+05
4.149904e-01 9289 9.512537e+01 5.854330e+03 4.574737e+05
4.250484e-01 10113 9.102035e+01 5.512520e+03 4.282393e+05
4.350196e-01 10087 8.549137e+01 5.139102e+03 3.990873e+05
4.449689e-01 10998 8.071001e+01 4.790393e+03 3.701968e+05
4.550136e-01 11233 7.798033e+01 4.560652e+03 3.510875e+05
4.650240e-01 11991 7.406306e+01 4.272458e+03 3.272532e+05
4.750600e-01 12241 7.368402e+01 4.193647e+03 3.185645e+05
4.850824e-01 13033 6.899785e+01 3.863423e+03 2.927823e+05
4.950626e-01 13227 6.698064e+01 3.710123e+03 2.786130e+05
5.050218e-01 13993 6.307669e+01 3.445524e+03 2.597271e+05
5.149626e-01 14301 6.151182e+01 3.319994e+03 2.498807e+05
5.249789e-01 15355 5.805811e+01 3.088080e+03 2.328550e+05
5.350486e-01 15585 5.665728e+01 2.978799e+03 2.224214e+05
5.451135e-01 16549 5.330612e+01 2.757015e+03 2.057143e+05
5.551181e-01 16587 5.173353e+01 2.669136e+03 1.991190e+05
5.650424e-01 17461 4.970221e+01 2.517898e+03 1.878417e+05
5.750589e-01 18177 4.815534e+01 2.392191e+03 1.765229e+05
5.850828e-01 18739 4.636333e+01 2.273507e+03 1.670628e+05
5.950416e-01 19165 4.354749e+01 2.126283e+03 1.581947e+05
6.049746e-01 20013 4.236689e+01 2.028195e+03 1.500773e+05
6.149470e-01 20587 4.104110e+01 1.952504e+03 1.432834e+05
6.249968e-01 21657 3.983802e+01 1.862736e+03 1.367908e+05
6.350666e-01 22129 3.767866e+01 1.735895e+03 1.269740e+05
6.450498e-01 22611 3.687854e+01 1.682129e+03 1.229981e+05
6.549912e-01 23317 3.579958e+01 1.608397e+03 1.172572e+05
6.649535e-01 24222 3.435994e+01 1.537745e+03 1.126001e+05
6.749660e-01 24943 3.305586e+01 1.447763e+03 1.059646e+05
6.850252e-01 25921 3.162897e+01 1.362790e+03 1.000137e+05
6.950284e-01 26253 3.033376e+01 1.303372e+03 9.546975e+04
7.049900e-01 27139 2.918928e+01 1.234542e+03 9.086218e+04
7.150256e-01 28185 2.832583e+01 1.183499e+03 8.618961e+04
7.250860e-01 28969 2.741965e+01 1.134574e+03 8.289308e+04
7.350183e-01 28887 2.643088e+01 1.080724e+03 7.904945e+04
7.450018e-01 30937 2.540379e+01 1.025074e+03 7.486516e+04
7.551045e-01 31341 2.492606e+01 9.919882e+02 7.214648e+04
7.650666e-01 31555 2.391978e+01 9.389841e+02 6.883299e+04
7.750154e-01 33025 2.322296e+01 8.993616e+02 6.601595e+04
7.850634e-01 33921 2.228230e+01 8.505034e+02 6.262231e+04
7.950596e-01 34285 2.169386e+01 8.172220e+02 6.012730e+04
8.050450e-01 35703 2.079552e+01 7.772394e+02 5.745898e+04
8.150563e-01 36205 2.011102e+01 7.471910e+02 5.522069e+04
8.250795e-01 37485 1.954555e+01 7.187162e+02 5.336062e+04
8.350885e-01 38047 1.889963e+01 6.808026e+02 5.070871e+04
8.450499e-01 38913 1.833671e+01 6.547847e+02 4.834986e+04
8.550252e-01 39853 1.763581e+01 6.211240e+02 4.637375e+04
8.650455e-01 41367 1.698274e+01 5.920319e+02 4.453008e+04
8.750680e-01 41617 1.654807e+01 5.678990e+02 4.289499e+04
8.849916e-01 42430 1.593981e+01 5.348799e+02 4.065219e+04
8.949944e-01 44367 1.540594e+01 5.118593e+02 3.904299e+04
9.050336e-01 44569 1.492384e+01 4.907537e+02 3.767736e+04
9.150411e-01 46089 1.440680e+01 4.688534e+02 3.627669e+04
9.250625e-01 46819 1.409260e+01 4.564268e+02 3.523275e+04
9.350607e-01 47793 1.379984e+01 4.384898e+02 3.370586e+04
9.450463e-01 48697 1.330559e+01 4.171125e+02 3.243795e+04
9.549734e-01 49443 1.284534e+01 3.972009e+02 3.117554e+04
9.649510e-01 51097 1.251555e+01 3.820265e+02 3.010005e+04
9.750082e-01 52453 1.202808e+01 3.606163e+02 2.870541e+04
9.850290e-01 52947 1.168468e+01 3.464457e+02 2.774950e+04
9.950258e-01 54193 1.137540e+01 3.337028e+02 2.685277e+04
