# nc 324
# boxsize 6.000000e+02
1.483274e-02 13 3.490136e+03 3.168528e+05 2.892657e+07
2.513187e-02 33 6.540483e+03 5.853705e+05 5.252670e+07
3.574650e-02 79 3.641399e+03 3.260115e+05 2.939629e+07
4.583347e-02 105 2.478354e+03 2.223913e+05 2.014961e+07
5.486964e-02 145 2.492944e+03 2.201819e+05 1.962592e+07
6.471857e-02 243 1.937422e+03 1.715045e+05 1.538244e+07
7.503996e-02 313 1.794884e+03 1.564824e+05 1.383897e+07
8.485495e-02 369 1.401455e+03 1.232876e+05 1.103945e+07
9.528688e-02 571 1.109063e+03 9.572516e+04 8.456549e+06
1.059290e-01 601 9.643901e+02 8.225851e+04 7.222774e+06
1.156806e-01 705 8.487017e+02 7.224973e+04 6.342054e+06
1.255756e-01 883 7.795691e+02 6.626544e+04 5.822970e+06
1.352378e-01 909 7.256970e+02 6.134960e+04 5.374420e+06
1.449493e-01 1177 6.115096e+02 5.109411e+04 4.450596e+06
1.550659e-01 1323 5.167767e+02 4.253612e+04 3.676171e+06
1.649601e-01 1453 4.802929e+02 3.964593e+04 3.448963e+06
1.749597e-01 1701 4.341813e+02 3.532655e+04 3.060388e+06
1.852437e-01 1963 4.220889e+02 3.397595e+04 2.906022e+06
1.951071e-01 1933 3.707344e+02 2.968603e+04 2.542906e+06
2.049888e-01 2397 3.416554e+02 2.689233e+04 2.285915e+06
2.151844e-01 2539 3.070318e+02 2.399563e+04 2.038570e+06
2.250745e-01 2694 2.870829e+02 2.210608e+04 1.860768e+06
2.350927e-01 3121 2.694898e+02 2.064231e+04 1.739393e+06
2.451974e-01 3255 2.564843e+02 1.941410e+04 1.627340e+06
2.550872e-01 3517 2.333262e+02 1.755059e+04 1.466924e+06
2.649947e-01 3813 2.186793e+02 1.627302e+04 1.357585e+06
2.750606e-01 4231 1.959503e+02 1.437377e+04 1.197355e+06
2.851157e-01 4389 1.869939e+02 1.354228e+04 1.120907e+06
2.950080e-01 4717 1.786591e+02 1.274629e+04 1.044395e+06
3.050474e-01 5191 1.718745e+02 1.213738e+04 9.908719e+05
3.151078e-01 5373 1.605850e+02 1.125559e+04 9.173352e+05
3.251295e-01 5893 1.516053e+02 1.045605e+04 8.441567e+05
3.352591e-01 6183 1.389618e+02 9.520806e+03 7.744048e+05
3.451640e-01 6349 1.332765e+02 9.018403e+03 7.261324e+05
3.550965e-01 6993 1.272764e+02 8.470312e+03 6.757039e+05
3.649687e-01 7003 1.180856e+02 7.733649e+03 6.153514e+05
3.749450e-01 7941 1.150281e+02 7.482684e+03 5.946634e+05
3.851630e-01 8221 1.067748e+02 6.799562e+03 5.388687e+05
3.951752e-01 8449 1.027252e+02 6.471454e+03 5.086754e+05
4.050872e-01 8931 9.920295e+01 6.238773e+03 4.919130e+05
4.149904e-01 9289 9.335129e+01 5.683345e+03 4.428863e+05
4.250484e-01 10113 8.963641e+01 5.465161e+03 4.262951e+05
4.350196e-01 10087 8.508852e+01 5.079452e+03 3.951040e+05
4.449689e-01 10998 8.152482e+01 4.842772e+03 3.758513e+05
4.550136e-01 11233 7.829105e+01 4.587388e+03 3.532930e+05
4.650240e-01 11991 7.477055e+01 4.333627e+03 3.333687e+05
4.750600e-01 12241 7.092537e+01 4.058636e+03 3.123752e+05
4.850824e-01 13033 6.804884e+01 3.840994e+03 2.931881e+05
4.950626e-01 13227 6.549672e+01 3.648119e+03 2.782612e+05
5.050218e-01 13993 6.330109e+01 3.462527e+03 2.610050e+05
5.149626e-01 14301 5.985752e+01 3.223606e+03 2.434652e+05
5.249789e-01 15355 5.791436e+01 3.083184e+03 2.319948e+05
5.350486e-01 15585 5.550475e+01 2.936081e+03 2.206232e+05
5.451135e-01 16549 5.313863e+01 2.759089e+03 2.066486e+05
5.551181e-01 16587 5.092449e+01 2.614667e+03 1.961506e+05
5.650424e-01 17461 4.898674e+01 2.478934e+03 1.856986e+05
5.750589e-01 18177 4.701678e+01 2.363404e+03 1.767122e+05
5.850828e-01 18739 4.557644e+01 2.252465e+03 1.672642e+05
5.950416e-01 19165 4.354398e+01 2.120146e+03 1.571163e+05
6.049746e-01 20013 4.258044e+01 2.061171e+03 1.527456e+05
6.149470e-01 20587 4.084339e+01 1.941563e+03 1.431995e+05
6.249968e-01 21657 3.887984e+01 1.830853e+03 1.351985e+05
6.350666e-01 22129 3.723559e+01 1.730198e+03 1.281430e+05
6.450498e-01 22611 3.621478e+01 1.662732e+03 1.230439e+05
6.549912e-01 23317 3.488914e+01 1.576126e+03 1.158669e+05
6.649535e-01 24222 3.368916e+01 1.504059e+03 1.106231e+05
6.749660e-01 24943 3.205940e+01 1.416326e+03 1.048159e+05
6.850252e-01 25921 3.116088e+01 1.360592e+03 1.004572e+05
6.950284e-01 26253 2.993921e+01 1.294542e+03 9.595738e+04
7.049900e-01 27139 2.905346e+01 1.232657e+03 9.074348e+04
7.150256e-01 28185 2.847009e+01 1.194834e+03 8.699149e+04
7.250860e-01 28969 2.701687e+01 1.115131e+03 8.218211e+04
7.350183e-01 28887 2.604305e+01 1.071015e+03 7.872630e+04
7.450018e-01 30937 2.538782e+01 1.033073e+03 7.590303e+04
7.551045e-01 31341 2.435683e+01 9.752364e+02 7.215900e+04
7.650666e-01 31555 2.342096e+01 9.234678e+02 6.847999e+04
7.750154e-01 33025 2.267272e+01 8.802908e+02 6.541144e+04
7.850634e-01 33921 2.191612e+01 8.364402e+02 6.211170e+04
7.950596e-01 34285 2.139318e+01 8.142026e+02 6.033995e+04
8.050450e-01 35703 2.064399e+01 7.720747e+02 5.724491e+04
8.150563e-01 36205 1.969646e+01 7.328729e+02 5.493548e+04
8.250795e-01 37485 1.906881e+01 7.039106e+02 5.286525e+04
8.350885e-01 38047 1.848965e+01 6.704547e+02 5.052225e+04
8.450499e-01 38913 1.801340e+01 6.414656e+02 4.826328e+04
8.550252e-01 39853 1.729751e+01 6.094579e+02 4.607125e+04
8.650455e-01 41367 1.671322e+01 5.806223e+02 4.433735e+04
8.750680e-01 41617 1.622423e+01 5.561473e+02 4.214666e+04
8.849916e-01 42430 1.577887e+01 5.392134e+02 4.108409e+04
8.949944e-01 44367 1.518957e+01 5.107233e+02 3.916145e+04
9.050336e-01 44569 1.480856e+01 4.865168e+02 3.741704e+04
9.150411e-01 46089 1.426738e+01 4.689723e+02 3.641795e+04
9.250625e-01 46819 1.375648e+01 4.422579e+02 3.445357e+04
9.350607e-01 47793 1.339024e+01 4.265754e+02 3.362770e+04
9.450463e-01 48697 1.299808e+01 4.090762e+02 3.218948e+04
9.549734e-01 49443 1.267887e+01 3.939726e+02 3.111197e+04
9.649510e-01 51097 1.228093e+01 3.781571e+02 3.023508e+04
9.750082e-01 52453 1.189860e+01 3.591937e+02 2.883743e+04
9.850290e-01 52947 1.146742e+01 3.410449e+02 2.749651e+04
9.950258e-01 54193 1.113012e+01 3.284503e+02 2.672417e+04
