# nc 324
# boxsize 6.000000e+02
1.483274e-02 13 4.827647e+03 4.213339e+05 3.693798e+07
2.513187e-02 33 4.532569e+03 4.084888e+05 3.702306e+07
3.574650e-02 79 3.756286e+03 3.311605e+05 2.936783e+07
4.583347e-02 105 2.557576e+03 2.265150e+05 2.024573e+07
5.486964e-02 145 2.202934e+03 1.958604e+05 1.764598e+07
6.471857e-02 243 2.079752e+03 1.837233e+05 1.644390e+07
7.503996e-02 313 1.632698e+03 1.422600e+05 1.260717e+07
8.485495e-02 369 1.319645e+03 1.151402e+05 1.024681e+07
9.528688e-02 571 1.082972e+03 9.374445e+04 8.304835e+06
1.059290e-01 601 8.972928e+02 7.701069e+04 6.806702e+06
1.156806e-01 705 8.579547e+02 7.379790e+04 6.526066e+06
1.255756e-01 883 8.263504e+02 7.008616e+04 6.130786e+06
1.352378e-01 909 6.767488e+02 5.699556e+04 5.000070e+06
1.449493e-01 1177 6.064819e+02 5.046711e+04 4.387706e+06
1.550659e-01 1323 5.271985e+02 4.378541e+04 3.817072e+06
1.649601e-01 1453 4.769532e+02 3.912292e+04 3.383207e+06
1.749597e-01 1701 4.327526e+02 3.517401e+04 3.031259e+06
1.852437e-01 1963 4.075490e+02 3.290553e+04 2.825062e+06
1.951071e-01 1933 3.778756e+02 3.018793e+04 2.580392e+06
2.049888e-01 2397 3.479041e+02 2.755488e+04 2.349233e+06
2.151844e-01 2539 3.055070e+02 2.391392e+04 2.029667e+06
2.250745e-01 2694 2.796419e+02 2.163888e+04 1.831587e+06
2.350927e-01 3121 2.657490e+02 2.028629e+04 1.700242e+06
2.451974e-01 3255 2.513344e+02 1.900371e+04 1.584022e+06
2.550872e-01 3517 2.394953e+02 1.798548e+04 1.496732e+06
2.649947e-01 3813 2.134225e+02 1.594027e+04 1.339380e+06
2.750606e-01 4231 2.012563e+02 1.477436e+04 1.227203e+06
2.851157e-01 4389 1.877073e+02 1.353391e+04 1.114706e+06
2.950080e-01 4717 1.778143e+02 1.267625e+04 1.035179e+06
3.050474e-01 5191 1.684718e+02 1.183163e+04 9.620080e+05
3.151078e-01 5373 1.563554e+02 1.088537e+04 8.873544e+05
3.251295e-01 5893 1.475942e+02 1.010583e+04 8.166574e+05
3.352591e-01 6183 1.437741e+02 9.789177e+03 7.870792e+05
3.451640e-01 6349 1.322740e+02 8.908370e+03 7.197413e+05
3.550965e-01 6993 1.262659e+02 8.331005e+03 6.644385e+05
3.649687e-01 7003 1.219010e+02 8.026257e+03 6.416149e+05
3.749450e-01 7941 1.140797e+02 7.409391e+03 5.891840e+05
3.851630e-01 8221 1.082233e+02 6.954918e+03 5.530232e+05
3.951752e-01 8449 1.037722e+02 6.577325e+03 5.177913e+05
4.050872e-01 8931 9.632561e+01 5.992010e+03 4.712075e+05
4.149904e-01 9289 9.280531e+01 5.713738e+03 4.474321e+05
4.250484e-01 10113 8.974521e+01 5.439102e+03 4.217148e+05
4.350196e-01 10087 8.577518e+01 5.139543e+03 4.012781e+05
4.449689e-01 10998 8.162756e+01 4.838175e+03 3.746699e+05
4.550136e-01 11233 7.792508e+01 4.580548e+03 3.536156e+05
4.650240e-01 11991 7.501817e+01 4.332044e+03 3.329324e+05
4.750600e-01 12241 7.178099e+01 4.092419e+03 3.136296e+05
4.850824e-01 13033 6.836401e+01 3.863219e+03 2.954249e+05
4.950626e-01 13227 6.594366e+01 3.657430e+03 2.776584e+05
5.050218e-01 13993 6.247940e+01 3.436747e+03 2.621827e+05
5.149626e-01 14301 6.006557e+01 3.255754e+03 2.471962e+05
5.249789e-01 15355 5.798031e+01 3.066669e+03 2.306194e+05
5.350486e-01 15585 5.589732e+01 2.932105e+03 2.202790e+05
5.451135e-01 16549 5.396228e+01 2.800373e+03 2.086205e+05
5.551181e-01 16587 5.078975e+01 2.589065e+03 1.936636e+05
5.650424e-01 17461 4.926234e+01 2.492002e+03 1.861453e+05
5.750589e-01 18177 4.686942e+01 2.352961e+03 1.754221e+05
5.850828e-01 18739 4.595295e+01 2.241737e+03 1.653474e+05
5.950416e-01 19165 4.420455e+01 2.158100e+03 1.600487e+05
6.049746e-01 20013 4.194815e+01 2.022975e+03 1.503986e+05
6.149470e-01 20587 4.071955e+01 1.937992e+03 1.431005e+05
6.249968e-01 21657 3.883799e+01 1.821737e+03 1.348278e+05
6.350666e-01 22129 3.760882e+01 1.739491e+03 1.279153e+05
6.450498e-01 22611 3.639001e+01 1.669758e+03 1.231524e+05
6.549912e-01 23317 3.512198e+01 1.580640e+03 1.155482e+05
6.649535e-01 24222 3.380186e+01 1.509472e+03 1.105184e+05
6.749660e-01 24943 3.239819e+01 1.425401e+03 1.046985e+05
6.850252e-01 25921 3.131830e+01 1.359484e+03 1.001210e+05
6.950284e-01 26253 3.013687e+01 1.295547e+03 9.530076e+04
7.049900e-01 27139 2.906972e+01 1.232184e+03 9.056059e+04
7.150256e-01 28185 2.810384e+01 1.177919e+03 8.651674e+04
7.250860e-01 28969 2.713922e+01 1.118895e+03 8.215549e+04
7.350183e-01 28887 2.617239e+01 1.070502e+03 7.861705e+04
7.450018e-01 30937 2.527712e+01 1.015763e+03 7.458307e+04
7.551045e-01 31341 2.436461e+01 9.674756e+02 7.117805e+04
7.650666e-01 31555 2.354295e+01 9.303635e+02 6.870627e+04
7.750154e-01 33025 2.266994e+01 8.820095e+02 6.567573e+04
7.850634e-01 33921 2.208764e+01 8.433282e+02 6.271047e+04
7.950596e-01 34285 2.117477e+01 8.047813e+02 6.003227e+04
8.050450e-01 35703 2.057258e+01 7.683840e+02 5.730250e+04
8.150563e-01 36205 1.976119e+01 7.292860e+02 5.469529e+04
8.250795e-01 37485 1.914279e+01 6.980741e+02 5.232531e+04
8.350885e-01 38047 1.857826e+01 6.671152e+02 5.001008e+04
8.450499e-01 38913 1.788654e+01 6.318015e+02 4.761142e+04
8.550252e-01 39853 1.733677e+01 6.066889e+02 4.594637e+04
8.650455e-01 41367 1.684479e+01 5.860626e+02 4.437471e+04
8.750680e-01 41617 1.632571e+01 5.612710e+02 4.251753e+04
8.849916e-01 42430 1.590099e+01 5.400146e+02 4.106140e+04
8.949944e-01 44367 1.516979e+01 5.084644e+02 3.912411e+04
9.050336e-01 44569 1.478165e+01 4.835769e+02 3.734286e+04
9.150411e-01 46089 1.433338e+01 4.692335e+02 3.626354e+04
9.250625e-01 46819 1.383402e+01 4.446155e+02 3.471947e+04
9.350607e-01 47793 1.346222e+01 4.268425e+02 3.338500e+04
9.450463e-01 48697 1.306134e+01 4.075821e+02 3.200374e+04
9.549734e-01 49443 1.261670e+01 3.884675e+02 3.096997e+04
9.649510e-01 51097 1.220773e+01 3.742012e+02 2.988454e+04
9.750082e-01 52453 1.185710e+01 3.585218e+02 2.877561e+04
9.850290e-01 52947 1.155036e+01 3.440240e+02 2.764757e+04
9.950258e-01 54193 1.113807e+01 3.261382e+02 2.648840e+04
