# nc 324
# boxsize 6.000000e+02
1.483274e-02 13 5.173531e+03 4.707144e+05 4.298664e+07
2.513187e-02 33 4.569957e+03 4.111967e+05 3.717505e+07
3.574650e-02 79 3.397760e+03 3.018909e+05 2.698691e+07
4.583347e-02 105 2.502124e+03 2.229609e+05 2.003733e+07
5.486964e-02 145 1.846703e+03 1.651174e+05 1.494374e+07
6.471857e-02 243 1.849618e+03 1.627007e+05 1.449946e+07
7.503996e-02 313 1.563202e+03 1.371604e+05 1.224030e+07
8.485495e-02 369 1.359294e+03 1.189191e+05 1.058143e+07
9.528688e-02 571 1.148321e+03 9.896412e+04 8.714416e+06
1.059290e-01 601 9.165244e+02 7.904487e+04 7.004656e+06
1.156806e-01 705 8.857791e+02 7.534522e+04 6.601304e+06
1.255756e-01 883 7.688972e+02 6.496275e+04 5.674942e+06
1.352378e-01 909 7.378013e+02 6.198709e+04 5.393290e+06
1.449493e-01 1177 6.456339e+02 5.400082e+04 4.701480e+06
1.550659e-01 1323 5.213364e+02 4.292050e+04 3.714085e+06
1.649601e-01 1453 4.996956e+02 4.071909e+04 3.492708e+06
1.749597e-01 1701 4.618015e+02 3.732029e+04 3.193708e+06
1.852437e-01 1963 4.189063e+02 3.368654e+04 2.879962e+06
1.951071e-01 1933 3.793173e+02 3.026743e+04 2.581855e+06
2.049888e-01 2397 3.545732e+02 2.801754e+04 2.376976e+06
2.151844e-01 2539 3.161238e+02 2.446693e+04 2.051682e+06
2.250745e-01 2694 2.918282e+02 2.256567e+04 1.902291e+06
2.350927e-01 3121 2.763940e+02 2.112836e+04 1.766618e+06
2.451974e-01 3255 2.575106e+02 1.950540e+04 1.633867e+06
2.550872e-01 3517 2.368582e+02 1.778772e+04 1.479712e+06
2.649947e-01 3813 2.179212e+02 1.614276e+04 1.345035e+06
2.750606e-01 4231 2.004795e+02 1.467001e+04 1.213690e+06
2.851157e-01 4389 1.902358e+02 1.374673e+04 1.131361e+06
2.950080e-01 4717 1.776483e+02 1.263388e+04 1.034600e+06
3.050474e-01 5191 1.683535e+02 1.184767e+04 9.665340e+05
3.151078e-01 5373 1.610002e+02 1.117747e+04 9.039574e+05
3.251295e-01 5893 1.506854e+02 1.032684e+04 8.313678e+05
3.352591e-01 6183 1.410592e+02 9.615259e+03 7.768386e+05
3.451640e-01 6349 1.337852e+02 9.020678e+03 7.262891e+05
3.550965e-01 6993 1.249267e+02 8.313229e+03 6.656371e+05
3.649687e-01 7003 1.198562e+02 7.895593e+03 6.327062e+05
3.749450e-01 7941 1.151122e+02 7.512340e+03 5.976254e+05
3.851630e-01 8221 1.106526e+02 7.091366e+03 5.593451e+05
3.951752e-01 8449 1.061890e+02 6.694642e+03 5.227568e+05
4.050872e-01 8931 9.895444e+01 6.206646e+03 4.888166e+05
4.149904e-01 9289 9.424002e+01 5.792938e+03 4.525244e+05
4.250484e-01 10113 9.004664e+01 5.471657e+03 4.233847e+05
4.350196e-01 10087 8.519418e+01 5.108337e+03 3.969237e+05
4.449689e-01 10998 8.190791e+01 4.881094e+03 3.781648e+05
4.550136e-01 11233 7.735157e+01 4.533679e+03 3.490062e+05
4.650240e-01 11991 7.367405e+01 4.258411e+03 3.265200e+05
4.750600e-01 12241 7.233897e+01 4.119405e+03 3.133198e+05
4.850824e-01 13033 6.858781e+01 3.894567e+03 2.976523e+05
4.950626e-01 13227 6.532940e+01 3.638800e+03 2.773435e+05
5.050218e-01 13993 6.266840e+01 3.454491e+03 2.629097e+05
5.149626e-01 14301 5.961575e+01 3.232407e+03 2.462815e+05
5.249789e-01 15355 5.753699e+01 3.091617e+03 2.333120e+05
5.350486e-01 15585 5.494933e+01 2.903296e+03 2.194509e+05
5.451135e-01 16549 5.343592e+01 2.788656e+03 2.087497e+05
5.551181e-01 16587 5.126199e+01 2.639915e+03 1.972832e+05
5.650424e-01 17461 4.927144e+01 2.501371e+03 1.866680e+05
5.750589e-01 18177 4.787036e+01 2.403691e+03 1.781117e+05
5.850828e-01 18739 4.532374e+01 2.233266e+03 1.654127e+05
5.950416e-01 19165 4.402930e+01 2.145698e+03 1.588158e+05
6.049746e-01 20013 4.249367e+01 2.054035e+03 1.515035e+05
6.149470e-01 20587 4.101411e+01 1.942463e+03 1.426855e+05
6.249968e-01 21657 3.897423e+01 1.838614e+03 1.356705e+05
6.350666e-01 22129 3.802096e+01 1.764882e+03 1.290377e+05
6.450498e-01 22611 3.587561e+01 1.643746e+03 1.215179e+05
6.549912e-01 23317 3.491315e+01 1.578431e+03 1.166075e+05
6.649535e-01 24222 3.368354e+01 1.504669e+03 1.106746e+05
6.749660e-01 24943 3.265529e+01 1.444403e+03 1.061485e+05
6.850252e-01 25921 3.120670e+01 1.363540e+03 1.000519e+05
6.950284e-01 26253 2.988668e+01 1.295913e+03 9.542693e+04
7.049900e-01 27139 2.908657e+01 1.232879e+03 9.084001e+04
7.150256e-01 28185 2.837093e+01 1.194156e+03 8.762612e+04
7.250860e-01 28969 2.689461e+01 1.114743e+03 8.206865e+04
7.350183e-01 28887 2.625790e+01 1.073506e+03 7.906335e+04
7.450018e-01 30937 2.542767e+01 1.036069e+03 7.621352e+04
7.551045e-01 31341 2.432786e+01 9.688087e+02 7.146125e+04
7.650666e-01 31555 2.361971e+01 9.265783e+02 6.855020e+04
7.750154e-01 33025 2.285584e+01 8.867208e+02 6.552390e+04
7.850634e-01 33921 2.190112e+01 8.414819e+02 6.256434e+04
7.950596e-01 34285 2.143561e+01 8.101823e+02 6.006483e+04
8.050450e-01 35703 2.052438e+01 7.736772e+02 5.747162e+04
8.150563e-01 36205 1.984635e+01 7.348615e+02 5.484972e+04
8.250795e-01 37485 1.931803e+01 6.998937e+02 5.223657e+04
8.350885e-01 38047 1.853038e+01 6.683989e+02 5.008857e+04
8.450499e-01 38913 1.774180e+01 6.337745e+02 4.788275e+04
8.550252e-01 39853 1.727791e+01 6.113864e+02 4.646769e+04
8.650455e-01 41367 1.682166e+01 5.872556e+02 4.434311e+04
8.750680e-01 41617 1.617570e+01 5.549032e+02 4.230403e+04
8.849916e-01 42430 1.570401e+01 5.317810e+02 4.072739e+04
8.949944e-01 44367 1.524802e+01 5.099299e+02 3.927719e+04
9.050336e-01 44569 1.479544e+01 4.873473e+02 3.748452e+04
9.150411e-01 46089 1.437825e+01 4.704377e+02 3.635511e+04
9.250625e-01 46819 1.382817e+01 4.471642e+02 3.477379e+04
9.350607e-01 47793 1.336213e+01 4.250488e+02 3.342626e+04
9.450463e-01 48697 1.301204e+01 4.097247e+02 3.231692e+04
9.549734e-01 49443 1.275209e+01 3.976842e+02 3.132611e+04
9.649510e-01 51097 1.220038e+01 3.724207e+02 2.976175e+04
9.750082e-01 52453 1.190710e+01 3.614698e+02 2.890343e+04
9.850290e-01 52947 1.151632e+01 3.422178e+02 2.766559e+04
9.950258e-01 54193 1.119485e+01 3.283980e+02 2.670548e+04
