# text fof file
# logMmin 1.200000e+01 -> nfof_min 133
# boxsize 600.000000
# density total 8.312270e+05 8.312270e+05; rel difference 1.462315e-11
# nbar 3.848273e-03
1.483274e-02 13 2.004429e+04 2.030162e+04 -3.198518e+03 -3.526661e+03
2.513187e-02 33 2.036336e+04 2.061603e+04 -1.698074e+03 2.085328e+03
3.574650e-02 79 1.818089e+04 1.842739e+04 -2.397275e+03 9.603826e+03
4.583347e-02 105 1.205924e+04 1.230444e+04 -4.778600e+03 2.368514e+03
5.486964e-02 145 9.998749e+03 1.024099e+04 -2.528691e+03 4.881385e+03
6.471857e-02 243 9.181532e+03 9.418921e+03 9.744794e+02 -1.353173e+03
7.503996e-02 313 7.594464e+03 7.829154e+03 1.490885e+02 9.801402e+02
8.485495e-02 369 6.111715e+03 6.345438e+03 5.010705e+02 2.515605e+03
9.528688e-02 571 5.113696e+03 5.345825e+03 3.284564e+02 1.310887e+02
1.059290e-01 601 4.286999e+03 4.517728e+03 -5.204001e+01 6.531528e+02
1.156806e-01 705 4.238696e+03 4.464323e+03 1.384640e+02 1.190421e+03
1.255756e-01 883 3.625803e+03 3.850839e+03 -1.435438e+02 4.767150e+02
1.352378e-01 909 3.168320e+03 3.392570e+03 2.648257e+02 -4.189473e+02
1.449493e-01 1177 2.796099e+03 3.019414e+03 -4.533925e+01 -1.581032e+02
1.550659e-01 1323 2.471463e+03 2.694051e+03 3.813623e+01 -1.351980e+02
1.649601e-01 1453 2.251305e+03 2.472426e+03 -1.729913e+02 -1.240595e+02
1.749597e-01 1701 2.119936e+03 2.338532e+03 -7.166372e+01 -4.668821e+01
1.852437e-01 1963 1.934320e+03 2.151548e+03 -6.323148e+01 -7.520581e+00
1.951071e-01 1933 1.725660e+03 1.942752e+03 -1.094315e+02 -1.009154e+02
2.049888e-01 2397 1.722426e+03 1.935249e+03 -2.668292e+02 -1.104277e+02
2.151844e-01 2539 1.536316e+03 1.749225e+03 -2.009465e+01 -1.182059e+02
2.250745e-01 2694 1.420400e+03 1.632277e+03 1.365364e+01 9.144287e+00
2.350927e-01 3121 1.304893e+03 1.516022e+03 -3.447709e+01 3.301566e+01
2.451974e-01 3255 1.202840e+03 1.413258e+03 -1.056753e+02 -5.025954e+01
2.550872e-01 3517 1.155631e+03 1.363776e+03 -2.261525e+01 3.822183e+01
2.649947e-01 3813 1.096194e+03 1.302666e+03 4.520585e+00 -3.059064e+01
2.750606e-01 4231 9.828171e+02 1.190047e+03 -2.904245e+01 2.821712e+00
2.851157e-01 4389 9.538893e+02 1.158595e+03 -2.861980e+01 5.360089e+01
2.950080e-01 4717 8.738782e+02 1.078663e+03 -5.313461e+01 1.065207e+01
3.050474e-01 5191 8.360453e+02 1.039072e+03 -6.381817e+00 5.460889e+01
3.151078e-01 5373 8.114568e+02 1.012162e+03 2.520277e+00 6.683636e+01
3.251295e-01 5893 7.559055e+02 9.561541e+02 -3.144404e+01 2.751269e+01
3.352591e-01 6183 7.358521e+02 9.336835e+02 -3.004040e+01 2.236155e+01
3.451640e-01 6349 6.582568e+02 8.576003e+02 -2.916644e+01 3.386571e+01
3.550965e-01 6993 6.512218e+02 8.476506e+02 -4.376361e+01 2.373846e+01
3.649687e-01 7003 6.178737e+02 8.133087e+02 1.359868e+01 -3.684871e+00
3.749450e-01 7941 5.892657e+02 7.834716e+02 5.030068e+00 -3.298568e+01
3.851630e-01 8221 5.755869e+02 7.674078e+02 3.885718e-01 4.782543e+01
3.951752e-01 8449 5.467503e+02 7.376404e+02 -1.194195e+01 5.530788e+01
4.050872e-01 8931 5.102072e+02 7.010129e+02 -2.289559e+01 -1.307181e+01
4.149904e-01 9289 4.827644e+02 6.728843e+02 5.001652e+00 1.734688e+01
4.250484e-01 10113 4.849602e+02 6.716248e+02 2.960388e+00 2.719994e+01
4.350196e-01 10087 4.783323e+02 6.623651e+02 1.950928e+01 6.883545e+00
4.449689e-01 10998 4.415523e+02 6.262162e+02 -1.114916e+01 9.043538e+00
4.550136e-01 11233 4.229715e+02 6.064899e+02 1.096058e+00 2.138181e+01
4.650240e-01 11991 4.142815e+02 5.956133e+02 -1.784463e+00 -2.652873e+00
4.750600e-01 12241 3.854023e+02 5.670281e+02 -3.281000e+00 1.192085e+01
4.850824e-01 13033 3.824239e+02 5.612938e+02 1.419897e+01 4.315547e-01
4.950626e-01 13227 3.762758e+02 5.528295e+02 -2.984981e+01 -9.758350e+00
5.050218e-01 13993 3.524711e+02 5.291089e+02 2.227336e+01 2.297398e+01
5.149626e-01 14301 3.459883e+02 5.204635e+02 -1.595884e+01 -1.450902e+01
5.249789e-01 15355 3.335041e+02 5.067069e+02 -1.365649e+01 -9.325656e+00
5.350486e-01 15585 3.138146e+02 4.868991e+02 3.218961e+00 1.796843e+01
5.451135e-01 16549 3.110274e+02 4.815254e+02 -1.440988e+01 1.564913e+00
5.551181e-01 16587 3.012490e+02 4.703154e+02 -1.477405e+01 1.625781e+01
5.650424e-01 17461 2.867100e+02 4.552081e+02 -3.569883e+00 -2.102877e+00
5.750589e-01 18177 2.782551e+02 4.452537e+02 -9.265751e+00 7.987058e-01
5.850828e-01 18739 2.644552e+02 4.309619e+02 -7.448555e+00 3.916301e+00
5.950416e-01 19165 2.672238e+02 4.303208e+02 -3.716275e+00 1.175068e+01
6.049746e-01 20013 2.577205e+02 4.196891e+02 -8.113903e+00 1.450098e+00
6.149470e-01 20587 2.455970e+02 4.070215e+02 -4.096928e+00 4.211639e+00
6.249968e-01 21657 2.410528e+02 4.004783e+02 -5.703369e+00 2.008742e-01
6.350666e-01 22129 2.324506e+02 3.907603e+02 -3.222044e+00 1.087057e+00
6.450498e-01 22611 2.254662e+02 3.824182e+02 -2.007138e+00 5.901403e+00
6.549912e-01 23317 2.143587e+02 3.709070e+02 8.912774e+00 -6.363470e+00
6.649535e-01 24222 2.162784e+02 3.696142e+02 -5.284857e+00 -5.022332e+00
6.749660e-01 24943 2.087707e+02 3.610125e+02 -6.045020e-01 2.112487e+01
6.850252e-01 25921 2.016459e+02 3.527578e+02 -1.535274e+01 -2.018093e-01
6.950284e-01 26253 1.912578e+02 3.421058e+02 -3.678724e+00 -7.829685e-01
7.049900e-01 27139 1.876911e+02 3.367196e+02 -1.406032e+00 1.284467e+01
7.150256e-01 28185 1.851742e+02 3.321064e+02 -6.659031e+00 -4.304381e+00
7.250860e-01 28969 1.833791e+02 3.280406e+02 -3.513514e+00 -1.129789e+00
7.350183e-01 28887 1.739386e+02 3.184054e+02 -5.071163e+00 1.086623e+01
7.450018e-01 30937 1.704897e+02 3.132410e+02 1.163781e+01 2.208478e+00
7.551045e-01 31341 1.654332e+02 3.068952e+02 -4.040747e+00 -3.557632e+00
7.650666e-01 31555 1.611035e+02 3.011549e+02 -5.244015e+00 1.730528e+00
7.750154e-01 33025 1.647327e+02 3.011052e+02 9.874264e-01 7.660409e+00
7.850634e-01 33921 1.519023e+02 2.894207e+02 6.427552e-01 -7.572075e-01
7.950596e-01 34285 1.526317e+02 2.873462e+02 -6.050246e+00 4.871695e+00
8.050450e-01 35703 1.440680e+02 2.788503e+02 -9.191485e+00 -7.881059e+00
8.150563e-01 36205 1.446793e+02 2.767001e+02 1.130336e+00 8.142438e-01
8.250795e-01 37485 1.391184e+02 2.703710e+02 -8.819898e+00 2.047800e+00
8.350885e-01 38047 1.361074e+02 2.658079e+02 -6.464816e+00 -2.594692e+00
8.450499e-01 38913 1.339352e+02 2.618590e+02 2.581961e+00 -9.905774e-01
8.550252e-01 39853 1.284644e+02 2.557608e+02 -2.924012e+00 -3.486881e+00
8.650455e-01 41367 1.243854e+02 2.506204e+02 2.107264e+00 1.471559e+00
8.750680e-01 41617 1.238813e+02 2.478316e+02 -3.843365e-01 -8.442888e+00
8.849916e-01 42430 1.227000e+02 2.446344e+02 1.275856e+00 2.903702e-01
8.949944e-01 44367 1.130612e+02 2.361208e+02 1.977477e+00 5.148448e+00
9.050336e-01 44569 1.149711e+02 2.349153e+02 -4.088120e+00 1.454775e+01
9.150411e-01 46089 1.098255e+02 2.293358e+02 -5.055028e+00 -2.932795e+00
9.250625e-01 46819 1.072711e+02 2.254090e+02 2.313843e+00 5.800326e+00
9.350607e-01 47793 1.032156e+02 2.206156e+02 -1.929753e+00 5.081657e+00
9.450463e-01 48697 1.045764e+02 2.191030e+02 4.357245e+00 -6.667524e+00
9.549734e-01 49443 9.947382e+01 2.137843e+02 -8.954055e-01 -3.380974e-01
9.649510e-01 51097 9.685680e+01 2.099787e+02 -4.586277e-01 3.287529e+00
9.750082e-01 52453 9.848659e+01 2.086318e+02 3.560730e+00 7.533969e-01
9.850290e-01 52947 9.389002e+01 2.037268e+02 -2.975927e+00 -1.294996e+00
9.950258e-01 54193 9.466620e+01 2.019312e+02 -1.575079e+00 -1.420635e+00
