# sigma2_v 2.998685660699576e+00
0.000000e+00 1.000000e+00
1.000000e-02 9.998501e-01
2.000000e-02 9.994004e-01
3.000000e-02 9.986515e-01
4.000000e-02 9.976040e-01
5.000000e-02 9.962588e-01
6.000000e-02 9.946172e-01
7.000000e-02 9.926807e-01
8.000000e-02 9.904511e-01
9.000000e-02 9.879304e-01
1.000000e-01 9.851208e-01
1.100000e-01 9.820250e-01
1.200000e-01 9.786458e-01
1.300000e-01 9.749862e-01
1.400000e-01 9.710496e-01
1.500000e-01 9.668394e-01
1.600000e-01 9.623595e-01
1.700000e-01 9.576139e-01
1.800000e-01 9.526068e-01
1.900000e-01 9.473427e-01
2.000000e-01 9.418262e-01
2.100000e-01 9.360622e-01
2.200000e-01 9.300558e-01
2.300000e-01 9.238122e-01
2.400000e-01 9.173368e-01
2.500000e-01 9.106352e-01
2.600000e-01 9.037133e-01
2.700000e-01 8.965770e-01
2.800000e-01 8.892322e-01
2.900000e-01 8.816853e-01
3.000000e-01 8.739425e-01
3.100000e-01 8.660104e-01
3.200000e-01 8.578955e-01
3.300000e-01 8.496045e-01
3.400000e-01 8.411441e-01
3.500000e-01 8.325213e-01
3.600000e-01 8.237429e-01
3.700000e-01 8.148160e-01
3.800000e-01 8.057476e-01
3.900000e-01 7.965448e-01
4.000000e-01 7.872147e-01
4.100000e-01 7.777645e-01
4.200000e-01 7.682015e-01
4.300000e-01 7.585327e-01
4.400000e-01 7.487655e-01
4.500000e-01 7.389070e-01
4.600000e-01 7.289643e-01
4.700000e-01 7.189447e-01
4.800000e-01 7.088552e-01
4.900000e-01 6.987029e-01
5.000000e-01 6.884949e-01
5.100000e-01 6.782381e-01
5.200000e-01 6.679395e-01
5.300000e-01 6.576058e-01
5.400000e-01 6.472439e-01
5.500000e-01 6.368603e-01
5.600000e-01 6.264617e-01
5.700000e-01 6.160546e-01
5.800000e-01 6.056453e-01
5.900000e-01 5.952400e-01
6.000000e-01 5.848450e-01
6.100000e-01 5.744663e-01
6.200000e-01 5.641096e-01
6.300000e-01 5.537809e-01
6.400000e-01 5.434857e-01
6.500000e-01 5.332295e-01
6.600000e-01 5.230176e-01
6.700000e-01 5.128553e-01
6.800000e-01 5.027475e-01
6.900000e-01 4.926992e-01
7.000000e-01 4.827151e-01
7.100000e-01 4.727997e-01
7.200000e-01 4.629575e-01
7.300000e-01 4.531927e-01
7.400000e-01 4.435093e-01
7.500000e-01 4.339113e-01
7.600000e-01 4.244024e-01
7.700000e-01 4.149863e-01
7.800000e-01 4.056662e-01
7.900000e-01 3.964455e-01
8.000000e-01 3.873273e-01
8.100000e-01 3.783143e-01
8.200000e-01 3.694094e-01
8.300000e-01 3.606152e-01
8.400000e-01 3.519340e-01
8.500000e-01 3.433681e-01
8.600000e-01 3.349196e-01
8.700000e-01 3.265903e-01
8.800000e-01 3.183821e-01
8.900000e-01 3.102966e-01
9.000000e-01 3.023353e-01
9.100000e-01 2.944993e-01
9.200000e-01 2.867899e-01
9.300000e-01 2.792082e-01
9.400000e-01 2.717549e-01
9.500000e-01 2.644308e-01
9.600000e-01 2.572364e-01
9.700000e-01 2.501724e-01
9.800000e-01 2.432389e-01
9.900000e-01 2.364362e-01
1.000000e+00 2.297643e-01
1.010000e+00 2.232233e-01
1.020000e+00 2.168130e-01
1.030000e+00 2.105330e-01
1.040000e+00 2.043832e-01
1.050000e+00 1.983629e-01
1.060000e+00 1.924716e-01
1.070000e+00 1.867086e-01
1.080000e+00 1.810733e-01
1.090000e+00 1.755646e-01
1.100000e+00 1.701818e-01
1.110000e+00 1.649238e-01
1.120000e+00 1.597894e-01
1.130000e+00 1.547777e-01
1.140000e+00 1.498872e-01
1.150000e+00 1.451169e-01
1.160000e+00 1.404652e-01
1.170000e+00 1.359308e-01
1.180000e+00 1.315122e-01
1.190000e+00 1.272080e-01
1.200000e+00 1.230165e-01
1.210000e+00 1.189362e-01
1.220000e+00 1.149655e-01
1.230000e+00 1.111027e-01
1.240000e+00 1.073460e-01
1.250000e+00 1.036938e-01
1.260000e+00 1.001443e-01
1.270000e+00 9.669570e-02
1.280000e+00 9.334625e-02
1.290000e+00 9.009411e-02
1.300000e+00 8.693746e-02
1.310000e+00 8.387446e-02
1.320000e+00 8.090328e-02
1.330000e+00 7.802204e-02
1.340000e+00 7.522891e-02
1.350000e+00 7.252202e-02
1.360000e+00 6.989952e-02
1.370000e+00 6.735956e-02
1.380000e+00 6.490028e-02
1.390000e+00 6.251985e-02
1.400000e+00 6.021644e-02
1.410000e+00 5.798822e-02
1.420000e+00 5.583339e-02
1.430000e+00 5.375015e-02
1.440000e+00 5.173672e-02
1.450000e+00 4.979133e-02
1.460000e+00 4.791226e-02
1.470000e+00 4.609776e-02
1.480000e+00 4.434613e-02
1.490000e+00 4.265569e-02
1.500000e+00 4.102478e-02
1.510000e+00 3.945176e-02
1.520000e+00 3.793502e-02
1.530000e+00 3.647297e-02
1.540000e+00 3.506403e-02
1.550000e+00 3.370669e-02
1.560000e+00 3.239942e-02
1.570000e+00 3.114074e-02
1.580000e+00 2.992920e-02
1.590000e+00 2.876336e-02
1.600000e+00 2.764184e-02
1.610000e+00 2.656325e-02
1.620000e+00 2.552625e-02
1.630000e+00 2.452954e-02
1.640000e+00 2.357181e-02
1.650000e+00 2.265183e-02
1.660000e+00 2.176836e-02
1.670000e+00 2.092019e-02
1.680000e+00 2.010617e-02
1.690000e+00 1.932515e-02
1.700000e+00 1.857601e-02
1.710000e+00 1.785768e-02
1.720000e+00 1.716909e-02
1.730000e+00 1.650922e-02
1.740000e+00 1.587706e-02
1.750000e+00 1.527164e-02
1.760000e+00 1.469201e-02
1.770000e+00 1.413725e-02
1.780000e+00 1.360646e-02
1.790000e+00 1.309878e-02
1.800000e+00 1.261335e-02
1.810000e+00 1.214937e-02
1.820000e+00 1.170603e-02
1.830000e+00 1.128256e-02
1.840000e+00 1.087822e-02
1.850000e+00 1.049228e-02
1.860000e+00 1.012404e-02
1.870000e+00 9.772807e-03
1.880000e+00 9.437936e-03
1.890000e+00 9.118785e-03
1.900000e+00 8.814735e-03
1.910000e+00 8.525189e-03
1.920000e+00 8.249570e-03
1.930000e+00 7.987318e-03
1.940000e+00 7.737893e-03
1.950000e+00 7.500772e-03
1.960000e+00 7.275452e-03
1.970000e+00 7.061442e-03
1.980000e+00 6.858274e-03
1.990000e+00 6.665491e-03
2.000000e+00 6.482654e-03
2.010000e+00 6.309339e-03
2.020000e+00 6.145136e-03
2.030000e+00 5.989649e-03
2.040000e+00 5.842497e-03
2.050000e+00 5.703312e-03
2.060000e+00 5.571739e-03
2.070000e+00 5.447434e-03
2.080000e+00 5.330067e-03
2.090000e+00 5.219320e-03
2.100000e+00 5.114884e-03
2.110000e+00 5.016464e-03
2.120000e+00 4.923772e-03
2.130000e+00 4.836535e-03
2.140000e+00 4.754485e-03
2.150000e+00 4.677367e-03
2.160000e+00 4.604933e-03
2.170000e+00 4.536947e-03
2.180000e+00 4.473178e-03
2.190000e+00 4.413405e-03
2.200000e+00 4.357416e-03
2.210000e+00 4.305006e-03
2.220000e+00 4.255977e-03
2.230000e+00 4.210138e-03
2.240000e+00 4.167308e-03
2.250000e+00 4.127310e-03
2.260000e+00 4.089973e-03
2.270000e+00 4.055136e-03
2.280000e+00 4.022640e-03
2.290000e+00 3.992335e-03
2.300000e+00 3.964076e-03
2.310000e+00 3.937723e-03
2.320000e+00 3.913142e-03
2.330000e+00 3.890205e-03
2.340000e+00 3.868788e-03
2.350000e+00 3.848773e-03
2.360000e+00 3.830046e-03
2.370000e+00 3.812498e-03
2.380000e+00 3.796025e-03
2.390000e+00 3.780528e-03
2.400000e+00 3.765911e-03
2.410000e+00 3.752083e-03
2.420000e+00 3.738958e-03
2.430000e+00 3.726452e-03
2.440000e+00 3.714487e-03
2.450000e+00 3.702988e-03
2.460000e+00 3.691882e-03
2.470000e+00 3.681104e-03
2.480000e+00 3.670589e-03
2.490000e+00 3.660276e-03
2.500000e+00 3.650109e-03
2.510000e+00 3.640033e-03
2.520000e+00 3.629998e-03
2.530000e+00 3.619957e-03
2.540000e+00 3.609865e-03
2.550000e+00 3.599681e-03
2.560000e+00 3.589368e-03
2.570000e+00 3.578888e-03
2.580000e+00 3.568210e-03
2.590000e+00 3.557303e-03
2.600000e+00 3.546140e-03
2.610000e+00 3.534697e-03
2.620000e+00 3.522950e-03
2.630000e+00 3.510881e-03
2.640000e+00 3.498470e-03
2.650000e+00 3.485703e-03
2.660000e+00 3.472567e-03
2.670000e+00 3.459050e-03
2.680000e+00 3.445143e-03
2.690000e+00 3.430839e-03
2.700000e+00 3.416133e-03
2.710000e+00 3.401021e-03
2.720000e+00 3.385502e-03
2.730000e+00 3.369574e-03
2.740000e+00 3.353241e-03
2.750000e+00 3.336504e-03
2.760000e+00 3.319368e-03
2.770000e+00 3.301838e-03
2.780000e+00 3.283923e-03
2.790000e+00 3.265629e-03
2.800000e+00 3.246966e-03
2.810000e+00 3.227945e-03
2.820000e+00 3.208578e-03
2.830000e+00 3.188875e-03
2.840000e+00 3.168851e-03
2.850000e+00 3.148519e-03
2.860000e+00 3.127894e-03
2.870000e+00 3.106992e-03
2.880000e+00 3.085828e-03
2.890000e+00 3.064419e-03
2.900000e+00 3.042781e-03
2.910000e+00 3.020933e-03
2.920000e+00 2.998892e-03
2.930000e+00 2.976675e-03
2.940000e+00 2.954302e-03
2.950000e+00 2.931790e-03
2.960000e+00 2.909158e-03
2.970000e+00 2.886425e-03
2.980000e+00 2.863610e-03
2.990000e+00 2.840731e-03
3.000000e+00 2.817807e-03
3.010000e+00 2.794857e-03
3.020000e+00 2.771899e-03
3.030000e+00 2.748952e-03
3.040000e+00 2.726034e-03
3.050000e+00 2.703162e-03
3.060000e+00 2.680355e-03
3.070000e+00 2.657630e-03
3.080000e+00 2.635003e-03
3.090000e+00 2.612492e-03
3.100000e+00 2.590114e-03
3.110000e+00 2.567883e-03
3.120000e+00 2.545816e-03
3.130000e+00 2.523928e-03
3.140000e+00 2.502233e-03
3.150000e+00 2.480746e-03
3.160000e+00 2.459480e-03
3.170000e+00 2.438449e-03
3.180000e+00 2.417665e-03
3.190000e+00 2.397141e-03
3.200000e+00 2.376887e-03
3.210000e+00 2.356916e-03
3.220000e+00 2.337236e-03
3.230000e+00 2.317859e-03
3.240000e+00 2.298794e-03
3.250000e+00 2.280049e-03
3.260000e+00 2.261632e-03
3.270000e+00 2.243550e-03
3.280000e+00 2.225811e-03
3.290000e+00 2.208421e-03
3.300000e+00 2.191384e-03
3.310000e+00 2.174706e-03
3.320000e+00 2.158392e-03
3.330000e+00 2.142443e-03
3.340000e+00 2.126865e-03
3.350000e+00 2.111657e-03
3.360000e+00 2.096823e-03
3.370000e+00 2.082363e-03
3.380000e+00 2.068277e-03
3.390000e+00 2.054565e-03
3.400000e+00 2.041225e-03
3.410000e+00 2.028256e-03
3.420000e+00 2.015655e-03
3.430000e+00 2.003419e-03
3.440000e+00 1.991544e-03
3.450000e+00 1.980026e-03
3.460000e+00 1.968858e-03
3.470000e+00 1.958037e-03
3.480000e+00 1.947554e-03
3.490000e+00 1.937404e-03
3.500000e+00 1.927577e-03
3.510000e+00 1.918066e-03
3.520000e+00 1.908863e-03
3.530000e+00 1.899956e-03
3.540000e+00 1.891337e-03
3.550000e+00 1.882994e-03
3.560000e+00 1.874916e-03
3.570000e+00 1.867092e-03
3.580000e+00 1.859508e-03
3.590000e+00 1.852154e-03
3.600000e+00 1.845014e-03
3.610000e+00 1.838076e-03
3.620000e+00 1.831325e-03
3.630000e+00 1.824747e-03
3.640000e+00 1.818328e-03
3.650000e+00 1.812051e-03
3.660000e+00 1.805902e-03
3.670000e+00 1.799865e-03
3.680000e+00 1.793924e-03
3.690000e+00 1.788062e-03
3.700000e+00 1.782264e-03
3.710000e+00 1.776514e-03
3.720000e+00 1.770794e-03
3.730000e+00 1.765088e-03
3.740000e+00 1.759379e-03
3.750000e+00 1.753652e-03
3.760000e+00 1.747890e-03
3.770000e+00 1.742076e-03
3.780000e+00 1.736194e-03
3.790000e+00 1.730229e-03
3.800000e+00 1.724164e-03
3.810000e+00 1.717984e-03
3.820000e+00 1.711674e-03
3.830000e+00 1.705220e-03
3.840000e+00 1.698607e-03
3.850000e+00 1.691820e-03
3.860000e+00 1.684848e-03
3.870000e+00 1.677675e-03
3.880000e+00 1.670291e-03
3.890000e+00 1.662684e-03
3.900000e+00 1.654842e-03
3.910000e+00 1.646754e-03
3.920000e+00 1.638411e-03
3.930000e+00 1.629804e-03
3.940000e+00 1.620924e-03
3.950000e+00 1.611763e-03
3.960000e+00 1.602315e-03
3.970000e+00 1.592572e-03
3.980000e+00 1.582531e-03
3.990000e+00 1.572186e-03
4.000000e+00 1.561533e-03
4.010000e+00 1.550569e-03
4.020000e+00 1.539293e-03
4.030000e+00 1.527703e-03
4.040000e+00 1.515798e-03
4.050000e+00 1.503579e-03
4.060000e+00 1.491048e-03
4.070000e+00 1.478206e-03
4.080000e+00 1.465055e-03
4.090000e+00 1.451601e-03
4.100000e+00 1.437846e-03
4.110000e+00 1.423796e-03
4.120000e+00 1.409458e-03
4.130000e+00 1.394837e-03
4.140000e+00 1.379941e-03
4.150000e+00 1.364778e-03
4.160000e+00 1.349357e-03
4.170000e+00 1.333686e-03
4.180000e+00 1.317775e-03
4.190000e+00 1.301635e-03
4.200000e+00 1.285277e-03
4.210000e+00 1.268711e-03
4.220000e+00 1.251950e-03
4.230000e+00 1.235005e-03
4.240000e+00 1.217888e-03
4.250000e+00 1.200613e-03
4.260000e+00 1.183193e-03
4.270000e+00 1.165640e-03
4.280000e+00 1.147968e-03
4.290000e+00 1.130190e-03
4.300000e+00 1.112321e-03
4.310000e+00 1.094373e-03
4.320000e+00 1.076360e-03
4.330000e+00 1.058297e-03
4.340000e+00 1.040196e-03
4.350000e+00 1.022072e-03
4.360000e+00 1.003937e-03
4.370000e+00 9.858053e-04
4.380000e+00 9.676897e-04
4.390000e+00 9.496030e-04
4.400000e+00 9.315579e-04
4.410000e+00 9.135668e-04
4.420000e+00 8.956417e-04
4.430000e+00 8.777946e-04
4.440000e+00 8.600369e-04
4.450000e+00 8.423796e-04
4.460000e+00 8.248336e-04
4.470000e+00 8.074092e-04
4.480000e+00 7.901164e-04
4.490000e+00 7.729649e-04
4.500000e+00 7.559639e-04
4.510000e+00 7.391222e-04
4.520000e+00 7.224482e-04
4.530000e+00 7.059500e-04
4.540000e+00 6.896352e-04
4.550000e+00 6.735110e-04
4.560000e+00 6.575843e-04
4.570000e+00 6.418616e-04
4.580000e+00 6.263489e-04
4.590000e+00 6.110519e-04
4.600000e+00 5.959762e-04
4.610000e+00 5.811268e-04
4.620000e+00 5.665083e-04
4.630000e+00 5.521254e-04
4.640000e+00 5.379821e-04
4.650000e+00 5.240823e-04
4.660000e+00 5.104297e-04
4.670000e+00 4.970278e-04
4.680000e+00 4.838798e-04
4.690000e+00 4.709886e-04
4.700000e+00 4.583572e-04
4.710000e+00 4.459882e-04
4.720000e+00 4.338842e-04
4.730000e+00 4.220476e-04
4.740000e+00 4.104808e-04
4.750000e+00 3.991860e-04
4.760000e+00 3.881654e-04
4.770000e+00 3.774210e-04
4.780000e+00 3.669550e-04
4.790000e+00 3.567693e-04
4.800000e+00 3.468659e-04
4.810000e+00 3.372469e-04
4.820000e+00 3.279140e-04
4.830000e+00 3.188693e-04
4.840000e+00 3.101147e-04
4.850000e+00 3.016521e-04
4.860000e+00 2.934834e-04
4.870000e+00 2.856105e-04
4.880000e+00 2.780352e-04
4.890000e+00 2.707595e-04
4.900000e+00 2.637851e-04
4.910000e+00 2.571139e-04
4.920000e+00 2.507475e-04
4.930000e+00 2.446877e-04
4.940000e+00 2.389359e-04
4.950000e+00 2.334939e-04
4.960000e+00 2.283628e-04
4.970000e+00 2.235440e-04
4.980000e+00 2.190387e-04
4.990000e+00 2.148477e-04
5.000000e+00 2.109718e-04
5.010000e+00 2.074116e-04
5.020000e+00 2.041674e-04
5.030000e+00 2.012392e-04
5.040000e+00 1.986270e-04
5.050000e+00 1.963301e-04
5.060000e+00 1.943478e-04
5.070000e+00 1.926788e-04
5.080000e+00 1.913217e-04
5.090000e+00 1.902746e-04
5.100000e+00 1.895351e-04
5.110000e+00 1.891005e-04
5.120000e+00 1.889676e-04
5.130000e+00 1.891328e-04
5.140000e+00 1.895920e-04
5.150000e+00 1.903405e-04
5.160000e+00 1.913732e-04
5.170000e+00 1.926846e-04
5.180000e+00 1.942685e-04
5.190000e+00 1.961183e-04
5.200000e+00 1.982267e-04
5.210000e+00 2.005861e-04
5.220000e+00 2.031882e-04
5.230000e+00 2.060242e-04
5.240000e+00 2.090849e-04
5.250000e+00 2.123605e-04
5.260000e+00 2.158406e-04
5.270000e+00 2.195144e-04
5.280000e+00 2.233708e-04
5.290000e+00 2.273979e-04
5.300000e+00 2.315836e-04
5.310000e+00 2.359154e-04
5.320000e+00 2.403802e-04
5.330000e+00 2.449647e-04
5.340000e+00 2.496553e-04
5.350000e+00 2.544380e-04
5.360000e+00 2.592987e-04
5.370000e+00 2.642227e-04
5.380000e+00 2.691956e-04
5.390000e+00 2.742025e-04
5.400000e+00 2.792285e-04
5.410000e+00 2.842585e-04
5.420000e+00 2.892777e-04
5.430000e+00 2.942709e-04
5.440000e+00 2.992232e-04
5.450000e+00 3.041198e-04
5.460000e+00 3.089459e-04
5.470000e+00 3.136871e-04
5.480000e+00 3.183291e-04
5.490000e+00 3.228579e-04
5.500000e+00 3.272598e-04
5.510000e+00 3.315215e-04
5.520000e+00 3.356301e-04
5.530000e+00 3.395733e-04
5.540000e+00 3.433390e-04
5.550000e+00 3.469159e-04
5.560000e+00 3.502932e-04
5.570000e+00 3.534607e-04
5.580000e+00 3.564087e-04
5.590000e+00 3.591284e-04
5.600000e+00 3.616116e-04
5.610000e+00 3.638509e-04
5.620000e+00 3.658395e-04
5.630000e+00 3.675715e-04
5.640000e+00 3.690419e-04
5.650000e+00 3.702464e-04
5.660000e+00 3.711814e-04
5.670000e+00 3.718444e-04
5.680000e+00 3.722336e-04
5.690000e+00 3.723482e-04
5.700000e+00 3.721880e-04
5.710000e+00 3.717540e-04
5.720000e+00 3.710478e-04
5.730000e+00 3.700719e-04
5.740000e+00 3.688298e-04
5.750000e+00 3.673256e-04
5.760000e+00 3.655645e-04
5.770000e+00 3.635522e-04
5.780000e+00 3.612955e-04
5.790000e+00 3.588016e-04
5.800000e+00 3.560787e-04
5.810000e+00 3.531357e-04
5.820000e+00 3.499820e-04
5.830000e+00 3.466279e-04
5.840000e+00 3.430841e-04
5.850000e+00 3.393619e-04
5.860000e+00 3.354733e-04
5.870000e+00 3.314307e-04
5.880000e+00 3.272469e-04
5.890000e+00 3.229354e-04
5.900000e+00 3.185097e-04
5.910000e+00 3.139839e-04
5.920000e+00 3.093724e-04
5.930000e+00 3.046899e-04
5.940000e+00 2.999510e-04
5.950000e+00 2.951709e-04
5.960000e+00 2.903647e-04
5.970000e+00 2.855476e-04
5.980000e+00 2.807349e-04
5.990000e+00 2.759420e-04
6.000000e+00 2.711841e-04
6.010000e+00 2.664764e-04
6.020000e+00 2.618341e-04
6.030000e+00 2.572720e-04
6.040000e+00 2.528051e-04
6.050000e+00 2.484478e-04
6.060000e+00 2.442145e-04
6.070000e+00 2.401193e-04
6.080000e+00 2.361759e-04
6.090000e+00 2.323978e-04
6.100000e+00 2.287981e-04
6.110000e+00 2.253894e-04
6.120000e+00 2.221840e-04
6.130000e+00 2.191939e-04
6.140000e+00 2.164304e-04
6.150000e+00 2.139047e-04
6.160000e+00 2.116271e-04
6.170000e+00 2.096078e-04
6.180000e+00 2.078563e-04
6.190000e+00 2.063818e-04
6.200000e+00 2.051927e-04
6.210000e+00 2.042971e-04
6.220000e+00 2.037027e-04
6.230000e+00 2.034164e-04
6.240000e+00 2.034448e-04
6.250000e+00 2.037939e-04
6.260000e+00 2.044693e-04
6.270000e+00 2.054761e-04
6.280000e+00 2.068186e-04
6.290000e+00 2.085011e-04
6.300000e+00 2.105271e-04
6.310000e+00 2.128997e-04
6.320000e+00 2.156215e-04
6.330000e+00 2.186947e-04
6.340000e+00 2.221212e-04
6.350000e+00 2.259023e-04
6.360000e+00 2.300387e-04
6.370000e+00 2.345312e-04
6.380000e+00 2.393797e-04
6.390000e+00 2.445839e-04
6.400000e+00 2.501434e-04
6.410000e+00 2.560569e-04
6.420000e+00 2.623232e-04
6.430000e+00 2.689405e-04
6.440000e+00 2.759069e-04
6.450000e+00 2.832198e-04
6.460000e+00 2.908767e-04
6.470000e+00 2.988746e-04
6.480000e+00 3.072101e-04
6.490000e+00 3.158797e-04
6.500000e+00 3.248794e-04
6.510000e+00 3.342052e-04
6.520000e+00 3.438525e-04
6.530000e+00 3.538166e-04
6.540000e+00 3.640926e-04
6.550000e+00 3.746751e-04
6.560000e+00 3.855586e-04
6.570000e+00 3.967372e-04
6.580000e+00 4.082049e-04
6.590000e+00 4.199552e-04
6.600000e+00 4.319814e-04
6.610000e+00 4.442767e-04
6.620000e+00 4.568338e-04
6.630000e+00 4.696451e-04
6.640000e+00 4.827029e-04
6.650000e+00 4.959989e-04
6.660000e+00 5.095248e-04
6.670000e+00 5.232718e-04
6.680000e+00 5.372308e-04
6.690000e+00 5.513925e-04
6.700000e+00 5.657471e-04
6.710000e+00 5.802847e-04
6.720000e+00 5.949948e-04
6.730000e+00 6.098668e-04
6.740000e+00 6.248895e-04
6.750000e+00 6.400515e-04
6.760000e+00 6.553412e-04
6.770000e+00 6.707464e-04
6.780000e+00 6.862547e-04
6.790000e+00 7.018532e-04
6.800000e+00 7.175287e-04
6.810000e+00 7.332679e-04
6.820000e+00 7.490567e-04
6.830000e+00 7.648810e-04
6.840000e+00 7.807263e-04
6.850000e+00 7.965777e-04
6.860000e+00 8.124200e-04
6.870000e+00 8.282376e-04
6.880000e+00 8.440148e-04
6.890000e+00 8.597354e-04
6.900000e+00 8.753831e-04
6.910000e+00 8.909411e-04
6.920000e+00 9.063926e-04
6.930000e+00 9.217205e-04
6.940000e+00 9.369072e-04
6.950000e+00 9.519354e-04
6.960000e+00 9.667872e-04
6.970000e+00 9.814448e-04
6.980000e+00 9.958902e-04
6.990000e+00 1.010105e-03
7.000000e+00 1.024072e-03
7.010000e+00 1.037771e-03
7.020000e+00 1.051186e-03
7.030000e+00 1.064297e-03
7.040000e+00 1.077086e-03
7.050000e+00 1.089536e-03
7.060000e+00 1.101628e-03
7.070000e+00 1.113344e-03
7.080000e+00 1.124667e-03
7.090000e+00 1.135578e-03
7.100000e+00 1.146061e-03
7.110000e+00 1.156098e-03
7.120000e+00 1.165672e-03
7.130000e+00 1.174768e-03
7.140000e+00 1.183368e-03
7.150000e+00 1.191457e-03
7.160000e+00 1.199020e-03
7.170000e+00 1.206042e-03
7.180000e+00 1.212508e-03
7.190000e+00 1.218405e-03
7.200000e+00 1.223720e-03
7.210000e+00 1.228438e-03
7.220000e+00 1.232549e-03
7.230000e+00 1.236042e-03
7.240000e+00 1.238904e-03
7.250000e+00 1.241126e-03
7.260000e+00 1.242699e-03
7.270000e+00 1.243614e-03
7.280000e+00 1.243864e-03
7.290000e+00 1.243440e-03
7.300000e+00 1.242337e-03
7.310000e+00 1.240550e-03
7.320000e+00 1.238074e-03
7.330000e+00 1.234905e-03
7.340000e+00 1.231040e-03
7.350000e+00 1.226478e-03
7.360000e+00 1.221217e-03
7.370000e+00 1.215258e-03
7.380000e+00 1.208602e-03
7.390000e+00 1.201250e-03
7.400000e+00 1.193205e-03
7.410000e+00 1.184471e-03
7.420000e+00 1.175053e-03
7.430000e+00 1.164956e-03
7.440000e+00 1.154187e-03
7.450000e+00 1.142754e-03
7.460000e+00 1.130666e-03
7.470000e+00 1.117932e-03
7.480000e+00 1.104562e-03
7.490000e+00 1.090568e-03
7.500000e+00 1.075963e-03
7.510000e+00 1.060760e-03
7.520000e+00 1.044973e-03
7.530000e+00 1.028617e-03
7.540000e+00 1.011709e-03
7.550000e+00 9.942660e-04
7.560000e+00 9.763052e-04
7.570000e+00 9.578457e-04
7.580000e+00 9.389069e-04
7.590000e+00 9.195092e-04
7.600000e+00 8.996737e-04
7.610000e+00 8.794224e-04
7.620000e+00 8.587777e-04
7.630000e+00 8.377631e-04
7.640000e+00 8.164025e-04
7.650000e+00 7.947206e-04
7.660000e+00 7.727426e-04
7.670000e+00 7.504944e-04
7.680000e+00 7.280023e-04
7.690000e+00 7.052933e-04
7.700000e+00 6.823946e-04
7.710000e+00 6.593342e-04
7.720000e+00 6.361401e-04
7.730000e+00 6.128411e-04
7.740000e+00 5.894659e-04
7.750000e+00 5.660437e-04
7.760000e+00 5.426040e-04
7.770000e+00 5.191762e-04
7.780000e+00 4.957902e-04
7.790000e+00 4.724757e-04
7.800000e+00 4.492625e-04
7.810000e+00 4.261807e-04
7.820000e+00 4.032599e-04
7.830000e+00 3.805298e-04
7.840000e+00 3.580201e-04
7.850000e+00 3.357601e-04
7.860000e+00 3.137788e-04
7.870000e+00 2.921051e-04
7.880000e+00 2.707675e-04
7.890000e+00 2.497938e-04
7.900000e+00 2.292117e-04
7.910000e+00 2.090482e-04
7.920000e+00 1.893297e-04
7.930000e+00 1.700820e-04
7.940000e+00 1.513304e-04
7.950000e+00 1.330991e-04
7.960000e+00 1.154118e-04
7.970000e+00 9.829127e-05
7.980000e+00 8.175938e-05
7.990000e+00 6.583705e-05
8.000000e+00 5.054424e-05
8.010000e+00 3.589982e-05
8.020000e+00 2.192163e-05
8.030000e+00 8.626322e-06
8.040000e+00 -3.970595e-06
8.050000e+00 -1.585485e-05
8.060000e+00 -2.701342e-05
8.070000e+00 -3.743460e-05
8.080000e+00 -4.710800e-05
8.090000e+00 -5.602462e-05
8.100000e+00 -6.417685e-05
8.110000e+00 -7.155852e-05
8.120000e+00 -7.816489e-05
8.130000e+00 -8.399273e-05
8.140000e+00 -8.904030e-05
8.150000e+00 -9.330737e-05
8.160000e+00 -9.679525e-05
8.170000e+00 -9.950677e-05
8.180000e+00 -1.014463e-04
8.190000e+00 -1.026199e-04
8.200000e+00 -1.030349e-04
8.210000e+00 -1.027004e-04
8.220000e+00 -1.016270e-04
8.230000e+00 -9.982679e-05
8.240000e+00 -9.731333e-05
8.250000e+00 -9.410174e-05
8.260000e+00 -9.020857e-05
8.270000e+00 -8.565181e-05
8.280000e+00 -8.045086e-05
8.290000e+00 -7.462649e-05
8.300000e+00 -6.820079e-05
8.310000e+00 -6.119713e-05
8.320000e+00 -5.364013e-05
8.330000e+00 -4.555559e-05
8.340000e+00 -3.697045e-05
8.350000e+00 -2.791270e-05
8.360000e+00 -1.841137e-05
8.370000e+00 -8.496406e-06
8.380000e+00 1.801340e-06
8.390000e+00 1.245022e-05
8.400000e+00 2.341787e-05
8.410000e+00 3.467123e-05
8.420000e+00 4.617670e-05
8.430000e+00 5.790016e-05
8.440000e+00 6.980709e-05
8.450000e+00 8.186263e-05
8.460000e+00 9.403167e-05
8.470000e+00 1.062790e-04
8.480000e+00 1.185691e-04
8.490000e+00 1.308669e-04
8.500000e+00 1.431371e-04
8.510000e+00 1.553447e-04
8.520000e+00 1.674550e-04
8.530000e+00 1.794336e-04
8.540000e+00 1.912466e-04
8.550000e+00 2.028607e-04
8.560000e+00 2.142432e-04
8.570000e+00 2.253621e-04
8.580000e+00 2.361862e-04
8.590000e+00 2.466852e-04
8.600000e+00 2.568297e-04
8.610000e+00 2.665915e-04
8.620000e+00 2.759433e-04
8.630000e+00 2.848589e-04
8.640000e+00 2.933138e-04
8.650000e+00 3.012842e-04
8.660000e+00 3.087480e-04
8.670000e+00 3.156845e-04
8.680000e+00 3.220743e-04
8.690000e+00 3.278997e-04
8.700000e+00 3.331444e-04
8.710000e+00 3.377937e-04
8.720000e+00 3.418345e-04
8.730000e+00 3.452554e-04
8.740000e+00 3.480466e-04
8.750000e+00 3.502000e-04
8.760000e+00 3.517091e-04
8.770000e+00 3.525693e-04
8.780000e+00 3.527774e-04
8.790000e+00 3.523322e-04
8.800000e+00 3.512339e-04
8.810000e+00 3.494845e-04
8.820000e+00 3.470876e-04
8.830000e+00 3.440485e-04
8.840000e+00 3.403740e-04
8.850000e+00 3.360725e-04
8.860000e+00 3.311539e-04
8.870000e+00 3.256296e-04
8.880000e+00 3.195124e-04
8.890000e+00 3.128166e-04
8.900000e+00 3.055576e-04
8.910000e+00 2.977523e-04
8.920000e+00 2.894186e-04
8.930000e+00 2.805759e-04
8.940000e+00 2.712442e-04
8.950000e+00 2.614449e-04
8.960000e+00 2.512002e-04
8.970000e+00 2.405332e-04
8.980000e+00 2.294676e-04
8.990000e+00 2.180282e-04
9.000000e+00 2.062401e-04
9.010000e+00 1.941291e-04
9.020000e+00 1.817215e-04
9.030000e+00 1.690440e-04
9.040000e+00 1.561236e-04
9.050000e+00 1.429875e-04
9.060000e+00 1.296632e-04
9.070000e+00 1.161782e-04
9.080000e+00 1.025600e-04
9.090000e+00 8.883614e-05
9.100000e+00 7.503397e-05
9.110000e+00 6.118064e-05
9.120000e+00 4.730303e-05
9.130000e+00 3.342769e-05
9.140000e+00 1.958078e-05
9.150000e+00 5.787985e-06
9.160000e+00 -7.925513e-06
9.170000e+00 -2.153512e-05
9.180000e+00 -3.501685e-05
9.190000e+00 -4.834741e-05
9.200000e+00 -6.150423e-05
9.210000e+00 -7.446549e-05
9.220000e+00 -8.721016e-05
9.230000e+00 -9.971807e-05
9.240000e+00 -1.119699e-04
9.250000e+00 -1.239472e-04
9.260000e+00 -1.356326e-04
9.270000e+00 -1.470093e-04
9.280000e+00 -1.580619e-04
9.290000e+00 -1.687756e-04
9.300000e+00 -1.791368e-04
9.310000e+00 -1.891328e-04
9.320000e+00 -1.987518e-04
9.330000e+00 -2.079832e-04
9.340000e+00 -2.168172e-04
9.350000e+00 -2.252449e-04
9.360000e+00 -2.332586e-04
9.370000e+00 -2.408514e-04
9.380000e+00 -2.480172e-04
9.390000e+00 -2.547511e-04
9.400000e+00 -2.610489e-04
9.410000e+00 -2.669072e-04
9.420000e+00 -2.723236e-04
9.430000e+00 -2.772965e-04
9.440000e+00 -2.818250e-04
9.450000e+00 -2.859090e-04
9.460000e+00 -2.895492e-04
9.470000e+00 -2.927468e-04
9.480000e+00 -2.955038e-04
9.490000e+00 -2.978229e-04
9.500000e+00 -2.997071e-04
9.510000e+00 -3.011604e-04
9.520000e+00 -3.021870e-04
9.530000e+00 -3.027916e-04
9.540000e+00 -3.029796e-04
9.550000e+00 -3.027566e-04
9.560000e+00 -3.021286e-04
9.570000e+00 -3.011022e-04
9.580000e+00 -2.996840e-04
9.590000e+00 -2.978812e-04
9.600000e+00 -2.957011e-04
9.610000e+00 -2.931513e-04
9.620000e+00 -2.902397e-04
9.630000e+00 -2.869743e-04
9.640000e+00 -2.833633e-04
9.650000e+00 -2.794151e-04
9.660000e+00 -2.751382e-04
9.670000e+00 -2.705411e-04
9.680000e+00 -2.656327e-04
9.690000e+00 -2.604218e-04
9.700000e+00 -2.549172e-04
9.710000e+00 -2.491279e-04
9.720000e+00 -2.430630e-04
9.730000e+00 -2.367314e-04
9.740000e+00 -2.301422e-04
9.750000e+00 -2.233047e-04
9.760000e+00 -2.162278e-04
9.770000e+00 -2.089210e-04
9.780000e+00 -2.013932e-04
9.790000e+00 -1.936537e-04
9.800000e+00 -1.857119e-04
9.810000e+00 -1.775769e-04
9.820000e+00 -1.692581e-04
9.830000e+00 -1.607647e-04
9.840000e+00 -1.521062e-04
9.850000e+00 -1.432919e-04
9.860000e+00 -1.343312e-04
9.870000e+00 -1.252337e-04
9.880000e+00 -1.160088e-04
9.890000e+00 -1.066660e-04
9.900000e+00 -9.721509e-05
9.910000e+00 -8.766564e-05
9.920000e+00 -7.802740e-05
9.930000e+00 -6.831018e-05
9.940000e+00 -5.852384e-05
9.950000e+00 -4.867829e-05
9.960000e+00 -3.878355e-05
9.970000e+00 -2.884966e-05
9.980000e+00 -1.888677e-05
9.990000e+00 -8.905044e-06
1.000000e+01 1.085251e-06
