# sigma2_v 3.483956066790480e+00
0.000000e+00 1.000000e+00
1.000000e-02 9.998258e-01
2.000000e-02 9.993035e-01
3.000000e-02 9.984335e-01
4.000000e-02 9.972168e-01
5.000000e-02 9.956548e-01
6.000000e-02 9.937490e-01
7.000000e-02 9.915016e-01
8.000000e-02 9.889149e-01
9.000000e-02 9.859917e-01
1.000000e-01 9.827350e-01
1.100000e-01 9.791485e-01
1.200000e-01 9.752357e-01
1.300000e-01 9.710009e-01
1.400000e-01 9.664485e-01
1.500000e-01 9.615833e-01
1.600000e-01 9.564104e-01
1.700000e-01 9.509351e-01
1.800000e-01 9.451632e-01
1.900000e-01 9.391005e-01
2.000000e-01 9.327533e-01
2.100000e-01 9.261280e-01
2.200000e-01 9.192315e-01
2.300000e-01 9.120706e-01
2.400000e-01 9.046526e-01
2.500000e-01 8.969848e-01
2.600000e-01 8.890749e-01
2.700000e-01 8.809306e-01
2.800000e-01 8.725599e-01
2.900000e-01 8.639709e-01
3.000000e-01 8.551719e-01
3.100000e-01 8.461713e-01
3.200000e-01 8.369776e-01
3.300000e-01 8.275994e-01
3.400000e-01 8.180454e-01
3.500000e-01 8.083245e-01
3.600000e-01 7.984455e-01
3.700000e-01 7.884174e-01
3.800000e-01 7.782490e-01
3.900000e-01 7.679493e-01
4.000000e-01 7.575274e-01
4.100000e-01 7.469922e-01
4.200000e-01 7.363527e-01
4.300000e-01 7.256179e-01
4.400000e-01 7.147966e-01
4.500000e-01 7.038977e-01
4.600000e-01 6.929300e-01
4.700000e-01 6.819022e-01
4.800000e-01 6.708230e-01
4.900000e-01 6.597009e-01
5.000000e-01 6.485443e-01
5.100000e-01 6.373615e-01
5.200000e-01 6.261607e-01
5.300000e-01 6.149500e-01
5.400000e-01 6.037373e-01
5.500000e-01 5.925304e-01
5.600000e-01 5.813367e-01
5.700000e-01 5.701639e-01
5.800000e-01 5.590190e-01
5.900000e-01 5.479092e-01
6.000000e-01 5.368414e-01
6.100000e-01 5.258223e-01
6.200000e-01 5.148583e-01
6.300000e-01 5.039557e-01
6.400000e-01 4.931207e-01
6.500000e-01 4.823591e-01
6.600000e-01 4.716765e-01
6.700000e-01 4.610785e-01
6.800000e-01 4.505702e-01
6.900000e-01 4.401566e-01
7.000000e-01 4.298426e-01
7.100000e-01 4.196327e-01
7.200000e-01 4.095312e-01
7.300000e-01 3.995422e-01
7.400000e-01 3.896697e-01
7.500000e-01 3.799173e-01
7.600000e-01 3.702884e-01
7.700000e-01 3.607864e-01
7.800000e-01 3.514141e-01
7.900000e-01 3.421744e-01
8.000000e-01 3.330699e-01
8.100000e-01 3.241030e-01
8.200000e-01 3.152758e-01
8.300000e-01 3.065902e-01
8.400000e-01 2.980481e-01
8.500000e-01 2.896509e-01
8.600000e-01 2.814001e-01
8.700000e-01 2.732968e-01
8.800000e-01 2.653420e-01
8.900000e-01 2.575366e-01
9.000000e-01 2.498811e-01
9.100000e-01 2.423760e-01
9.200000e-01 2.350217e-01
9.300000e-01 2.278182e-01
9.400000e-01 2.207656e-01
9.500000e-01 2.138636e-01
9.600000e-01 2.071120e-01
9.700000e-01 2.005103e-01
9.800000e-01 1.940579e-01
9.900000e-01 1.877542e-01
1.000000e+00 1.815982e-01
1.010000e+00 1.755890e-01
1.020000e+00 1.697256e-01
1.030000e+00 1.640067e-01
1.040000e+00 1.584312e-01
1.050000e+00 1.529976e-01
1.060000e+00 1.477044e-01
1.070000e+00 1.425502e-01
1.080000e+00 1.375333e-01
1.090000e+00 1.326520e-01
1.100000e+00 1.279045e-01
1.110000e+00 1.232891e-01
1.120000e+00 1.188037e-01
1.130000e+00 1.144466e-01
1.140000e+00 1.102156e-01
1.150000e+00 1.061087e-01
1.160000e+00 1.021239e-01
1.170000e+00 9.825903e-02
1.180000e+00 9.451194e-02
1.190000e+00 9.088046e-02
1.200000e+00 8.736238e-02
1.210000e+00 8.395548e-02
1.220000e+00 8.065752e-02
1.230000e+00 7.746625e-02
1.240000e+00 7.437940e-02
1.250000e+00 7.139471e-02
1.260000e+00 6.850990e-02
1.270000e+00 6.572270e-02
1.280000e+00 6.303084e-02
1.290000e+00 6.043206e-02
1.300000e+00 5.792409e-02
1.310000e+00 5.550470e-02
1.320000e+00 5.317164e-02
1.330000e+00 5.092270e-02
1.340000e+00 4.875568e-02
1.350000e+00 4.666839e-02
1.360000e+00 4.465867e-02
1.370000e+00 4.272438e-02
1.380000e+00 4.086341e-02
1.390000e+00 3.907367e-02
1.400000e+00 3.735309e-02
1.410000e+00 3.569964e-02
1.420000e+00 3.411131e-02
1.430000e+00 3.258614e-02
1.440000e+00 3.112217e-02
1.450000e+00 2.971751e-02
1.460000e+00 2.837026e-02
1.470000e+00 2.707859e-02
1.480000e+00 2.584069e-02
1.490000e+00 2.465478e-02
1.500000e+00 2.351914e-02
1.510000e+00 2.243205e-02
1.520000e+00 2.139185e-02
1.530000e+00 2.039691e-02
1.540000e+00 1.944565e-02
1.550000e+00 1.853650e-02
1.560000e+00 1.766794e-02
1.570000e+00 1.683850e-02
1.580000e+00 1.604674e-02
1.590000e+00 1.529124e-02
1.600000e+00 1.457064e-02
1.610000e+00 1.388359e-02
1.620000e+00 1.322881e-02
1.630000e+00 1.260504e-02
1.640000e+00 1.201104e-02
1.650000e+00 1.144563e-02
1.660000e+00 1.090766e-02
1.670000e+00 1.039600e-02
1.680000e+00 9.909575e-03
1.690000e+00 9.447327e-03
1.700000e+00 9.008241e-03
1.710000e+00 8.591334e-03
1.720000e+00 8.195653e-03
1.730000e+00 7.820279e-03
1.740000e+00 7.464324e-03
1.750000e+00 7.126931e-03
1.760000e+00 6.807272e-03
1.770000e+00 6.504553e-03
1.780000e+00 6.218003e-03
1.790000e+00 5.946885e-03
1.800000e+00 5.690487e-03
1.810000e+00 5.448125e-03
1.820000e+00 5.219142e-03
1.830000e+00 5.002907e-03
1.840000e+00 4.798814e-03
1.850000e+00 4.606282e-03
1.860000e+00 4.424754e-03
1.870000e+00 4.253696e-03
1.880000e+00 4.092598e-03
1.890000e+00 3.940970e-03
1.900000e+00 3.798346e-03
1.910000e+00 3.664278e-03
1.920000e+00 3.538339e-03
1.930000e+00 3.420123e-03
1.940000e+00 3.309240e-03
1.950000e+00 3.205320e-03
1.960000e+00 3.108011e-03
1.970000e+00 3.016974e-03
1.980000e+00 2.931891e-03
1.990000e+00 2.852455e-03
2.000000e+00 2.778378e-03
2.010000e+00 2.709383e-03
2.020000e+00 2.645208e-03
2.030000e+00 2.585604e-03
2.040000e+00 2.530334e-03
2.050000e+00 2.479173e-03
2.060000e+00 2.431906e-03
2.070000e+00 2.388333e-03
2.080000e+00 2.348258e-03
2.090000e+00 2.311500e-03
2.100000e+00 2.277883e-03
2.110000e+00 2.247244e-03
2.120000e+00 2.219424e-03
2.130000e+00 2.194273e-03
2.140000e+00 2.171651e-03
2.150000e+00 2.151420e-03
2.160000e+00 2.133452e-03
2.170000e+00 2.117624e-03
2.180000e+00 2.103819e-03
2.190000e+00 2.091923e-03
2.200000e+00 2.081831e-03
2.210000e+00 2.073438e-03
2.220000e+00 2.066647e-03
2.230000e+00 2.061363e-03
2.240000e+00 2.057496e-03
2.250000e+00 2.054958e-03
2.260000e+00 2.053665e-03
2.270000e+00 2.053536e-03
2.280000e+00 2.054494e-03
2.290000e+00 2.056462e-03
2.300000e+00 2.059367e-03
2.310000e+00 2.063140e-03
2.320000e+00 2.067711e-03
2.330000e+00 2.073013e-03
2.340000e+00 2.078983e-03
2.350000e+00 2.085557e-03
2.360000e+00 2.092675e-03
2.370000e+00 2.100277e-03
2.380000e+00 2.108307e-03
2.390000e+00 2.116707e-03
2.400000e+00 2.125425e-03
2.410000e+00 2.134407e-03
2.420000e+00 2.143603e-03
2.430000e+00 2.152962e-03
2.440000e+00 2.162437e-03
2.450000e+00 2.171981e-03
2.460000e+00 2.181550e-03
2.470000e+00 2.191100e-03
2.480000e+00 2.200590e-03
2.490000e+00 2.209980e-03
2.500000e+00 2.219232e-03
2.510000e+00 2.228308e-03
2.520000e+00 2.237176e-03
2.530000e+00 2.245800e-03
2.540000e+00 2.254151e-03
2.550000e+00 2.262199e-03
2.560000e+00 2.269916e-03
2.570000e+00 2.277278e-03
2.580000e+00 2.284260e-03
2.590000e+00 2.290840e-03
2.600000e+00 2.297000e-03
2.610000e+00 2.302721e-03
2.620000e+00 2.307987e-03
2.630000e+00 2.312786e-03
2.640000e+00 2.317104e-03
2.650000e+00 2.320932e-03
2.660000e+00 2.324262e-03
2.670000e+00 2.327088e-03
2.680000e+00 2.329406e-03
2.690000e+00 2.331214e-03
2.700000e+00 2.332511e-03
2.710000e+00 2.333299e-03
2.720000e+00 2.333580e-03
2.730000e+00 2.333360e-03
2.740000e+00 2.332644e-03
2.750000e+00 2.331441e-03
2.760000e+00 2.329759e-03
2.770000e+00 2.327610e-03
2.780000e+00 2.325005e-03
2.790000e+00 2.321957e-03
2.800000e+00 2.318480e-03
2.810000e+00 2.314591e-03
2.820000e+00 2.310304e-03
2.830000e+00 2.305637e-03
2.840000e+00 2.300608e-03
2.850000e+00 2.295234e-03
2.860000e+00 2.289534e-03
2.870000e+00 2.283527e-03
2.880000e+00 2.277234e-03
2.890000e+00 2.270672e-03
2.900000e+00 2.263863e-03
2.910000e+00 2.256825e-03
2.920000e+00 2.249577e-03
2.930000e+00 2.242140e-03
2.940000e+00 2.234532e-03
2.950000e+00 2.226770e-03
2.960000e+00 2.218874e-03
2.970000e+00 2.210861e-03
2.980000e+00 2.202747e-03
2.990000e+00 2.194548e-03
3.000000e+00 2.186279e-03
3.010000e+00 2.177954e-03
3.020000e+00 2.169587e-03
3.030000e+00 2.161189e-03
3.040000e+00 2.152773e-03
3.050000e+00 2.144348e-03
3.060000e+00 2.135923e-03
3.070000e+00 2.127507e-03
3.080000e+00 2.119105e-03
3.090000e+00 2.110724e-03
3.100000e+00 2.102368e-03
3.110000e+00 2.094039e-03
3.120000e+00 2.085741e-03
3.130000e+00 2.077475e-03
3.140000e+00 2.069239e-03
3.150000e+00 2.061032e-03
3.160000e+00 2.052854e-03
3.170000e+00 2.044698e-03
3.180000e+00 2.036563e-03
3.190000e+00 2.028441e-03
3.200000e+00 2.020328e-03
3.210000e+00 2.012215e-03
3.220000e+00 2.004095e-03
3.230000e+00 1.995960e-03
3.240000e+00 1.987799e-03
3.250000e+00 1.979605e-03
3.260000e+00 1.971365e-03
3.270000e+00 1.963071e-03
3.280000e+00 1.954709e-03
3.290000e+00 1.946270e-03
3.300000e+00 1.937742e-03
3.310000e+00 1.929114e-03
3.320000e+00 1.920372e-03
3.330000e+00 1.911507e-03
3.340000e+00 1.902507e-03
3.350000e+00 1.893359e-03
3.360000e+00 1.884055e-03
3.370000e+00 1.874582e-03
3.380000e+00 1.864931e-03
3.390000e+00 1.855091e-03
3.400000e+00 1.845055e-03
3.410000e+00 1.834812e-03
3.420000e+00 1.824356e-03
3.430000e+00 1.813680e-03
3.440000e+00 1.802775e-03
3.450000e+00 1.791638e-03
3.460000e+00 1.780264e-03
3.470000e+00 1.768648e-03
3.480000e+00 1.756787e-03
3.490000e+00 1.744681e-03
3.500000e+00 1.732326e-03
3.510000e+00 1.719725e-03
3.520000e+00 1.706877e-03
3.530000e+00 1.693784e-03
3.540000e+00 1.680450e-03
3.550000e+00 1.666878e-03
3.560000e+00 1.653074e-03
3.570000e+00 1.639043e-03
3.580000e+00 1.624792e-03
3.590000e+00 1.610329e-03
3.600000e+00 1.595662e-03
3.610000e+00 1.580802e-03
3.620000e+00 1.565758e-03
3.630000e+00 1.550542e-03
3.640000e+00 1.535166e-03
3.650000e+00 1.519642e-03
3.660000e+00 1.503985e-03
3.670000e+00 1.488207e-03
3.680000e+00 1.472325e-03
3.690000e+00 1.456352e-03
3.700000e+00 1.440304e-03
3.710000e+00 1.424197e-03
3.720000e+00 1.408049e-03
3.730000e+00 1.391874e-03
3.740000e+00 1.375691e-03
3.750000e+00 1.359516e-03
3.760000e+00 1.343367e-03
3.770000e+00 1.327260e-03
3.780000e+00 1.311213e-03
3.790000e+00 1.295243e-03
3.800000e+00 1.279367e-03
3.810000e+00 1.263602e-03
3.820000e+00 1.247965e-03
3.830000e+00 1.232471e-03
3.840000e+00 1.217138e-03
3.850000e+00 1.201980e-03
3.860000e+00 1.187013e-03
3.870000e+00 1.172251e-03
3.880000e+00 1.157710e-03
3.890000e+00 1.143402e-03
3.900000e+00 1.129341e-03
3.910000e+00 1.115539e-03
3.920000e+00 1.102008e-03
3.930000e+00 1.088760e-03
3.940000e+00 1.075804e-03
3.950000e+00 1.063151e-03
3.960000e+00 1.050809e-03
3.970000e+00 1.038787e-03
3.980000e+00 1.027093e-03
3.990000e+00 1.015732e-03
4.000000e+00 1.004711e-03
4.010000e+00 9.940355e-04
4.020000e+00 9.837089e-04
4.030000e+00 9.737349e-04
4.040000e+00 9.641161e-04
4.050000e+00 9.548545e-04
4.060000e+00 9.459509e-04
4.070000e+00 9.374056e-04
4.080000e+00 9.292180e-04
4.090000e+00 9.213867e-04
4.100000e+00 9.139095e-04
4.110000e+00 9.067834e-04
4.120000e+00 9.000047e-04
4.130000e+00 8.935689e-04
4.140000e+00 8.874709e-04
4.150000e+00 8.817046e-04
4.160000e+00 8.762635e-04
4.170000e+00 8.711403e-04
4.180000e+00 8.663268e-04
4.190000e+00 8.618145e-04
4.200000e+00 8.575941e-04
4.210000e+00 8.536556e-04
4.220000e+00 8.499884e-04
4.230000e+00 8.465816e-04
4.240000e+00 8.434233e-04
4.250000e+00 8.405013e-04
4.260000e+00 8.378030e-04
4.270000e+00 8.353149e-04
4.280000e+00 8.330234e-04
4.290000e+00 8.309143e-04
4.300000e+00 8.289728e-04
4.310000e+00 8.271838e-04
4.320000e+00 8.255320e-04
4.330000e+00 8.240014e-04
4.340000e+00 8.225757e-04
4.350000e+00 8.212386e-04
4.360000e+00 8.199731e-04
4.370000e+00 8.187621e-04
4.380000e+00 8.175883e-04
4.390000e+00 8.164341e-04
4.400000e+00 8.152817e-04
4.410000e+00 8.141133e-04
4.420000e+00 8.129108e-04
4.430000e+00 8.116562e-04
4.440000e+00 8.103312e-04
4.450000e+00 8.089177e-04
4.460000e+00 8.073976e-04
4.470000e+00 8.057529e-04
4.480000e+00 8.039655e-04
4.490000e+00 8.020176e-04
4.500000e+00 7.998917e-04
4.510000e+00 7.975704e-04
4.520000e+00 7.950366e-04
4.530000e+00 7.922735e-04
4.540000e+00 7.892648e-04
4.550000e+00 7.859946e-04
4.560000e+00 7.824473e-04
4.570000e+00 7.786082e-04
4.580000e+00 7.744629e-04
4.590000e+00 7.699976e-04
4.600000e+00 7.651994e-04
4.610000e+00 7.600560e-04
4.620000e+00 7.545559e-04
4.630000e+00 7.486884e-04
4.640000e+00 7.424437e-04
4.650000e+00 7.358131e-04
4.660000e+00 7.287885e-04
4.670000e+00 7.213633e-04
4.680000e+00 7.135315e-04
4.690000e+00 7.052884e-04
4.700000e+00 6.966306e-04
4.710000e+00 6.875555e-04
4.720000e+00 6.780620e-04
4.730000e+00 6.681501e-04
4.740000e+00 6.578210e-04
4.750000e+00 6.470774e-04
4.760000e+00 6.359229e-04
4.770000e+00 6.243628e-04
4.780000e+00 6.124034e-04
4.790000e+00 6.000524e-04
4.800000e+00 5.873189e-04
4.810000e+00 5.742131e-04
4.820000e+00 5.607467e-04
4.830000e+00 5.469325e-04
4.840000e+00 5.327847e-04
4.850000e+00 5.183184e-04
4.860000e+00 5.035502e-04
4.870000e+00 4.884978e-04
4.880000e+00 4.731799e-04
4.890000e+00 4.576163e-04
4.900000e+00 4.418279e-04
4.910000e+00 4.258362e-04
4.920000e+00 4.096641e-04
4.930000e+00 3.933350e-04
4.940000e+00 3.768730e-04
4.950000e+00 3.603032e-04
4.960000e+00 3.436510e-04
4.970000e+00 3.269426e-04
4.980000e+00 3.102043e-04
4.990000e+00 2.934631e-04
5.000000e+00 2.767462e-04
5.010000e+00 2.600808e-04
5.020000e+00 2.434946e-04
5.030000e+00 2.270149e-04
5.040000e+00 2.106692e-04
5.050000e+00 1.944847e-04
5.060000e+00 1.784886e-04
5.070000e+00 1.627075e-04
5.080000e+00 1.471677e-04
5.090000e+00 1.318950e-04
5.100000e+00 1.169146e-04
5.110000e+00 1.022511e-04
5.120000e+00 8.792834e-05
5.130000e+00 7.396933e-05
5.140000e+00 6.039624e-05
5.150000e+00 4.723029e-05
5.160000e+00 3.449171e-05
5.170000e+00 2.219967e-05
5.180000e+00 1.037226e-05
5.190000e+00 -9.735973e-07
5.200000e+00 -1.182217e-05
5.210000e+00 -2.215893e-05
5.220000e+00 -3.197063e-05
5.230000e+00 -4.124526e-05
5.240000e+00 -4.997214e-05
5.250000e+00 -5.814188e-05
5.260000e+00 -6.574639e-05
5.270000e+00 -7.277892e-05
5.280000e+00 -7.923400e-05
5.290000e+00 -8.510748e-05
5.300000e+00 -9.039648e-05
5.310000e+00 -9.509938e-05
5.320000e+00 -9.921581e-05
5.330000e+00 -1.027466e-04
5.340000e+00 -1.056937e-04
5.350000e+00 -1.080602e-04
5.360000e+00 -1.098505e-04
5.370000e+00 -1.110696e-04
5.380000e+00 -1.117238e-04
5.390000e+00 -1.118203e-04
5.400000e+00 -1.113671e-04
5.410000e+00 -1.103731e-04
5.420000e+00 -1.088479e-04
5.430000e+00 -1.068017e-04
5.440000e+00 -1.042455e-04
5.450000e+00 -1.011909e-04
5.460000e+00 -9.764967e-05
5.470000e+00 -9.363441e-05
5.480000e+00 -8.915788e-05
5.490000e+00 -8.423319e-05
5.500000e+00 -7.887372e-05
5.510000e+00 -7.309301e-05
5.520000e+00 -6.690474e-05
5.530000e+00 -6.032266e-05
5.540000e+00 -5.336052e-05
5.550000e+00 -4.603207e-05
5.560000e+00 -3.835093e-05
5.570000e+00 -3.033064e-05
5.580000e+00 -2.198452e-05
5.590000e+00 -1.332572e-05
5.600000e+00 -4.367102e-06
5.610000e+00 4.878711e-06
5.620000e+00 1.439942e-05
5.630000e+00 2.418306e-05
5.640000e+00 3.421801e-05
5.650000e+00 4.449299e-05
5.660000e+00 5.499713e-05
5.670000e+00 6.571992e-05
5.680000e+00 7.665125e-05
5.690000e+00 8.778137e-05
5.700000e+00 9.910095e-05
5.710000e+00 1.106010e-04
5.720000e+00 1.222729e-04
5.730000e+00 1.341084e-04
5.740000e+00 1.460995e-04
5.750000e+00 1.582386e-04
5.760000e+00 1.705184e-04
5.770000e+00 1.829317e-04
5.780000e+00 1.954717e-04
5.790000e+00 2.081317e-04
5.800000e+00 2.209053e-04
5.810000e+00 2.337860e-04
5.820000e+00 2.467676e-04
5.830000e+00 2.598439e-04
5.840000e+00 2.730086e-04
5.850000e+00 2.862556e-04
5.860000e+00 2.995785e-04
5.870000e+00 3.129711e-04
5.880000e+00 3.264268e-04
5.890000e+00 3.399390e-04
5.900000e+00 3.535007e-04
5.910000e+00 3.671049e-04
5.920000e+00 3.807442e-04
5.930000e+00 3.944109e-04
5.940000e+00 4.080968e-04
5.950000e+00 4.217936e-04
5.960000e+00 4.354925e-04
5.970000e+00 4.491841e-04
5.980000e+00 4.628587e-04
5.990000e+00 4.765061e-04
6.000000e+00 4.901156e-04
6.010000e+00 5.036760e-04
6.020000e+00 5.171755e-04
6.030000e+00 5.306019e-04
6.040000e+00 5.439422e-04
6.050000e+00 5.571832e-04
6.060000e+00 5.703108e-04
6.070000e+00 5.833105e-04
6.080000e+00 5.961673e-04
6.090000e+00 6.088656e-04
6.100000e+00 6.213893e-04
6.110000e+00 6.337217e-04
6.120000e+00 6.458456e-04
6.130000e+00 6.577435e-04
6.140000e+00 6.693972e-04
6.150000e+00 6.807883e-04
6.160000e+00 6.918979e-04
6.170000e+00 7.027066e-04
6.180000e+00 7.131950e-04
6.190000e+00 7.233431e-04
6.200000e+00 7.331309e-04
6.210000e+00 7.425380e-04
6.220000e+00 7.515440e-04
6.230000e+00 7.601284e-04
6.240000e+00 7.682706e-04
6.250000e+00 7.759501e-04
6.260000e+00 7.831463e-04
6.270000e+00 7.898391e-04
6.280000e+00 7.960081e-04
6.290000e+00 8.016337e-04
6.300000e+00 8.066963e-04
6.310000e+00 8.111767e-04
6.320000e+00 8.150564e-04
6.330000e+00 8.183174e-04
6.340000e+00 8.209421e-04
6.350000e+00 8.229137e-04
6.360000e+00 8.242165e-04
6.370000e+00 8.248351e-04
6.380000e+00 8.247553e-04
6.390000e+00 8.239640e-04
6.400000e+00 8.224490e-04
6.410000e+00 8.201992e-04
6.420000e+00 8.172048e-04
6.430000e+00 8.134572e-04
6.440000e+00 8.089492e-04
6.450000e+00 8.036751e-04
6.460000e+00 7.976303e-04
6.470000e+00 7.908121e-04
6.480000e+00 7.832193e-04
6.490000e+00 7.748521e-04
6.500000e+00 7.657127e-04
6.510000e+00 7.558048e-04
6.520000e+00 7.451339e-04
6.530000e+00 7.337073e-04
6.540000e+00 7.215342e-04
6.550000e+00 7.086254e-04
6.560000e+00 6.949940e-04
6.570000e+00 6.806545e-04
6.580000e+00 6.656235e-04
6.590000e+00 6.499196e-04
6.600000e+00 6.335630e-04
6.610000e+00 6.165759e-04
6.620000e+00 5.989823e-04
6.630000e+00 5.808080e-04
6.640000e+00 5.620807e-04
6.650000e+00 5.428295e-04
6.660000e+00 5.230856e-04
6.670000e+00 5.028815e-04
6.680000e+00 4.822513e-04
6.690000e+00 4.612306e-04
6.700000e+00 4.398566e-04
6.710000e+00 4.181675e-04
6.720000e+00 3.962029e-04
6.730000e+00 3.740035e-04
6.740000e+00 3.516110e-04
6.750000e+00 3.290681e-04
6.760000e+00 3.064183e-04
6.770000e+00 2.837055e-04
6.780000e+00 2.609746e-04
6.790000e+00 2.382705e-04
6.800000e+00 2.156388e-04
6.810000e+00 1.931248e-04
6.820000e+00 1.707743e-04
6.830000e+00 1.486327e-04
6.840000e+00 1.267452e-04
6.850000e+00 1.051565e-04
6.860000e+00 8.391097e-05
6.870000e+00 6.305215e-05
6.880000e+00 4.262279e-05
6.890000e+00 2.266469e-05
6.900000e+00 3.218518e-06
6.910000e+00 -1.567626e-05
6.920000e+00 -3.398155e-05
6.930000e+00 -5.166074e-05
6.940000e+00 -6.867886e-05
6.950000e+00 -8.500262e-05
6.960000e+00 -1.006006e-04
6.970000e+00 -1.154433e-04
6.980000e+00 -1.295033e-04
6.990000e+00 -1.427551e-04
7.000000e+00 -1.551758e-04
7.010000e+00 -1.667444e-04
7.020000e+00 -1.774425e-04
7.030000e+00 -1.872538e-04
7.040000e+00 -1.961648e-04
7.050000e+00 -2.041643e-04
7.060000e+00 -2.112435e-04
7.070000e+00 -2.173964e-04
7.080000e+00 -2.226192e-04
7.090000e+00 -2.269110e-04
7.100000e+00 -2.302730e-04
7.110000e+00 -2.327093e-04
7.120000e+00 -2.342262e-04
7.130000e+00 -2.348325e-04
7.140000e+00 -2.345394e-04
7.150000e+00 -2.333605e-04
7.160000e+00 -2.313114e-04
7.170000e+00 -2.284101e-04
7.180000e+00 -2.246766e-04
7.190000e+00 -2.201330e-04
7.200000e+00 -2.148031e-04
7.210000e+00 -2.087127e-04
7.220000e+00 -2.018891e-04
7.230000e+00 -1.943615e-04
7.240000e+00 -1.861601e-04
7.250000e+00 -1.773169e-04
7.260000e+00 -1.678649e-04
7.270000e+00 -1.578380e-04
7.280000e+00 -1.472714e-04
7.290000e+00 -1.362008e-04
7.300000e+00 -1.246629e-04
7.310000e+00 -1.126948e-04
7.320000e+00 -1.003339e-04
7.330000e+00 -8.761807e-05
7.340000e+00 -7.458530e-05
7.350000e+00 -6.127361e-05
7.360000e+00 -4.772092e-05
7.370000e+00 -3.396496e-05
7.380000e+00 -2.004313e-05
7.390000e+00 -5.992406e-06
7.400000e+00 8.150778e-06
7.410000e+00 2.235063e-05
7.420000e+00 3.657209e-05
7.430000e+00 5.078094e-05
7.440000e+00 6.494383e-05
7.450000e+00 7.902845e-05
7.460000e+00 9.300350e-05
7.470000e+00 1.068388e-04
7.480000e+00 1.205054e-04
7.490000e+00 1.339756e-04
7.500000e+00 1.472227e-04
7.510000e+00 1.602218e-04
7.520000e+00 1.729488e-04
7.530000e+00 1.853812e-04
7.540000e+00 1.974981e-04
7.550000e+00 2.092796e-04
7.560000e+00 2.207073e-04
7.570000e+00 2.317643e-04
7.580000e+00 2.424351e-04
7.590000e+00 2.527052e-04
7.600000e+00 2.625620e-04
7.610000e+00 2.719937e-04
7.620000e+00 2.809902e-04
7.630000e+00 2.895423e-04
7.640000e+00 2.976425e-04
7.650000e+00 3.052840e-04
7.660000e+00 3.124615e-04
7.670000e+00 3.191706e-04
7.680000e+00 3.254081e-04
7.690000e+00 3.311719e-04
7.700000e+00 3.364606e-04
7.710000e+00 3.412740e-04
7.720000e+00 3.456126e-04
7.730000e+00 3.494779e-04
7.740000e+00 3.528722e-04
7.750000e+00 3.557983e-04
7.760000e+00 3.582599e-04
7.770000e+00 3.602613e-04
7.780000e+00 3.618074e-04
7.790000e+00 3.629037e-04
7.800000e+00 3.635562e-04
7.810000e+00 3.637715e-04
7.820000e+00 3.635563e-04
7.830000e+00 3.629181e-04
7.840000e+00 3.618645e-04
7.850000e+00 3.604037e-04
7.860000e+00 3.585440e-04
7.870000e+00 3.562941e-04
7.880000e+00 3.536629e-04
7.890000e+00 3.506596e-04
7.900000e+00 3.472935e-04
7.910000e+00 3.435743e-04
7.920000e+00 3.395117e-04
7.930000e+00 3.351156e-04
7.940000e+00 3.303961e-04
7.950000e+00 3.253632e-04
7.960000e+00 3.200275e-04
7.970000e+00 3.143992e-04
7.980000e+00 3.084888e-04
7.990000e+00 3.023069e-04
8.000000e+00 2.958642e-04
8.010000e+00 2.891714e-04
8.020000e+00 2.822392e-04
8.030000e+00 2.750785e-04
8.040000e+00 2.677000e-04
8.050000e+00 2.601147e-04
8.060000e+00 2.523335e-04
8.070000e+00 2.443672e-04
8.080000e+00 2.362267e-04
8.090000e+00 2.279231e-04
8.100000e+00 2.194670e-04
8.110000e+00 2.108695e-04
8.120000e+00 2.021413e-04
8.130000e+00 1.932933e-04
8.140000e+00 1.843361e-04
8.150000e+00 1.752806e-04
8.160000e+00 1.661372e-04
8.170000e+00 1.569166e-04
8.180000e+00 1.476292e-04
8.190000e+00 1.382853e-04
8.200000e+00 1.288954e-04
8.210000e+00 1.194695e-04
8.220000e+00 1.100177e-04
8.230000e+00 1.005499e-04
8.240000e+00 9.107607e-05
8.250000e+00 8.160575e-05
8.260000e+00 7.214856e-05
8.270000e+00 6.271394e-05
8.280000e+00 5.331118e-05
8.290000e+00 4.394947e-05
8.300000e+00 3.463784e-05
8.310000e+00 2.538520e-05
8.320000e+00 1.620037e-05
8.330000e+00 7.092025e-06
8.340000e+00 -1.931263e-06
8.350000e+00 -1.086101e-05
8.360000e+00 -1.968882e-05
8.370000e+00 -2.840638e-05
8.380000e+00 -3.700543e-05
8.390000e+00 -4.547776e-05
8.400000e+00 -5.381519e-05
8.410000e+00 -6.200955e-05
8.420000e+00 -7.005268e-05
8.430000e+00 -7.793640e-05
8.440000e+00 -8.565247e-05
8.450000e+00 -9.319263e-05
8.460000e+00 -1.005485e-04
8.470000e+00 -1.077117e-04
8.480000e+00 -1.146735e-04
8.490000e+00 -1.214254e-04
8.500000e+00 -1.279585e-04
8.510000e+00 -1.342638e-04
8.520000e+00 -1.403321e-04
8.530000e+00 -1.461542e-04
8.540000e+00 -1.517203e-04
8.550000e+00 -1.570209e-04
8.560000e+00 -1.620460e-04
8.570000e+00 -1.667853e-04
8.580000e+00 -1.712286e-04
8.590000e+00 -1.753653e-04
8.600000e+00 -1.791845e-04
8.610000e+00 -1.826755e-04
8.620000e+00 -1.858269e-04
8.630000e+00 -1.886276e-04
8.640000e+00 -1.910661e-04
8.650000e+00 -1.931309e-04
8.660000e+00 -1.948104e-04
8.670000e+00 -1.960930e-04
8.680000e+00 -1.969670e-04
8.690000e+00 -1.974208e-04
8.700000e+00 -1.974428e-04
8.710000e+00 -1.970217e-04
8.720000e+00 -1.961461e-04
8.730000e+00 -1.948052e-04
8.740000e+00 -1.929881e-04
8.750000e+00 -1.906845e-04
8.760000e+00 -1.878845e-04
8.770000e+00 -1.845785e-04
8.780000e+00 -1.807576e-04
8.790000e+00 -1.764135e-04
8.800000e+00 -1.715384e-04
8.810000e+00 -1.661256e-04
8.820000e+00 -1.601688e-04
8.830000e+00 -1.536629e-04
8.840000e+00 -1.466036e-04
8.850000e+00 -1.389876e-04
8.860000e+00 -1.308127e-04
8.870000e+00 -1.220780e-04
8.880000e+00 -1.127835e-04
8.890000e+00 -1.029307e-04
8.900000e+00 -9.252225e-05
8.910000e+00 -8.156227e-05
8.920000e+00 -7.005623e-05
8.930000e+00 -5.801102e-05
8.940000e+00 -4.543501e-05
8.950000e+00 -3.233810e-05
8.960000e+00 -1.873165e-05
8.970000e+00 -4.628601e-06
8.980000e+00 9.956584e-06
8.990000e+00 2.500789e-05
9.000000e+00 4.050777e-05
9.010000e+00 5.643715e-05
9.020000e+00 7.277543e-05
9.030000e+00 8.950054e-05
9.040000e+00 1.065890e-04
9.050000e+00 1.240158e-04
9.060000e+00 1.417546e-04
9.070000e+00 1.597780e-04
9.080000e+00 1.780570e-04
9.090000e+00 1.965615e-04
9.100000e+00 2.152605e-04
9.110000e+00 2.341218e-04
9.120000e+00 2.531122e-04
9.130000e+00 2.721978e-04
9.140000e+00 2.913438e-04
9.150000e+00 3.105149e-04
9.160000e+00 3.296750e-04
9.170000e+00 3.487878e-04
9.180000e+00 3.678164e-04
9.190000e+00 3.867240e-04
9.200000e+00 4.054733e-04
9.210000e+00 4.240273e-04
9.220000e+00 4.423488e-04
9.230000e+00 4.604012e-04
9.240000e+00 4.781478e-04
9.250000e+00 4.955527e-04
9.260000e+00 5.125803e-04
9.270000e+00 5.291958e-04
9.280000e+00 5.453651e-04
9.290000e+00 5.610551e-04
9.300000e+00 5.762334e-04
9.310000e+00 5.908688e-04
9.320000e+00 6.049314e-04
9.330000e+00 6.183922e-04
9.340000e+00 6.312237e-04
9.350000e+00 6.433998e-04
9.360000e+00 6.548957e-04
9.370000e+00 6.656883e-04
9.380000e+00 6.757558e-04
9.390000e+00 6.850781e-04
9.400000e+00 6.936369e-04
9.410000e+00 7.014153e-04
9.420000e+00 7.083983e-04
9.430000e+00 7.145725e-04
9.440000e+00 7.199261e-04
9.450000e+00 7.244493e-04
9.460000e+00 7.281338e-04
9.470000e+00 7.309732e-04
9.480000e+00 7.329625e-04
9.490000e+00 7.340986e-04
9.500000e+00 7.343800e-04
9.510000e+00 7.338067e-04
9.520000e+00 7.323805e-04
9.530000e+00 7.301045e-04
9.540000e+00 7.269833e-04
9.550000e+00 7.230230e-04
9.560000e+00 7.182310e-04
9.570000e+00 7.126162e-04
9.580000e+00 7.061884e-04
9.590000e+00 6.989588e-04
9.600000e+00 6.909397e-04
9.610000e+00 6.821444e-04
9.620000e+00 6.725872e-04
9.630000e+00 6.622834e-04
9.640000e+00 6.512489e-04
9.650000e+00 6.395006e-04
9.660000e+00 6.270559e-04
9.670000e+00 6.139329e-04
9.680000e+00 6.001505e-04
9.690000e+00 5.857277e-04
9.700000e+00 5.706842e-04
9.710000e+00 5.550399e-04
9.720000e+00 5.388153e-04
9.730000e+00 5.220307e-04
9.740000e+00 5.047070e-04
9.750000e+00 4.868651e-04
9.760000e+00 4.685260e-04
9.770000e+00 4.497108e-04
9.780000e+00 4.304406e-04
9.790000e+00 4.107364e-04
9.800000e+00 3.906192e-04
9.810000e+00 3.701101e-04
9.820000e+00 3.492296e-04
9.830000e+00 3.279986e-04
9.840000e+00 3.064375e-04
9.850000e+00 2.845665e-04
9.860000e+00 2.624059e-04
9.870000e+00 2.399753e-04
9.880000e+00 2.172945e-04
9.890000e+00 1.943827e-04
9.900000e+00 1.712592e-04
9.910000e+00 1.479426e-04
9.920000e+00 1.244516e-04
9.930000e+00 1.008043e-04
9.940000e+00 7.701872e-05
9.950000e+00 5.311250e-05
9.960000e+00 2.910294e-05
9.970000e+00 5.007066e-06
9.980000e+00 -1.915844e-05
9.990000e+00 -4.337722e-05
1.000000e+01 -6.763327e-05
