# sigma2_v 3.038336641748702e+00
0.000000e+00 1.000000e+00
1.000000e-02 9.998481e-01
2.000000e-02 9.993925e-01
3.000000e-02 9.986337e-01
4.000000e-02 9.975724e-01
5.000000e-02 9.962095e-01
6.000000e-02 9.945464e-01
7.000000e-02 9.925847e-01
8.000000e-02 9.903261e-01
9.000000e-02 9.877728e-01
1.000000e-01 9.849271e-01
1.100000e-01 9.817918e-01
1.200000e-01 9.783698e-01
1.300000e-01 9.746641e-01
1.400000e-01 9.706784e-01
1.500000e-01 9.664161e-01
1.600000e-01 9.618814e-01
1.700000e-01 9.570783e-01
1.800000e-01 9.520112e-01
1.900000e-01 9.466847e-01
2.000000e-01 9.411038e-01
2.100000e-01 9.352733e-01
2.200000e-01 9.291986e-01
2.300000e-01 9.228850e-01
2.400000e-01 9.163382e-01
2.500000e-01 9.095640e-01
2.600000e-01 9.025684e-01
2.700000e-01 8.953574e-01
2.800000e-01 8.879373e-01
2.900000e-01 8.803145e-01
3.000000e-01 8.724956e-01
3.100000e-01 8.644872e-01
3.200000e-01 8.562960e-01
3.300000e-01 8.479290e-01
3.400000e-01 8.393930e-01
3.500000e-01 8.306952e-01
3.600000e-01 8.218426e-01
3.700000e-01 8.128424e-01
3.800000e-01 8.037018e-01
3.900000e-01 7.944281e-01
4.000000e-01 7.850286e-01
4.100000e-01 7.755106e-01
4.200000e-01 7.658814e-01
4.300000e-01 7.561484e-01
4.400000e-01 7.463190e-01
4.500000e-01 7.364003e-01
4.600000e-01 7.263998e-01
4.700000e-01 7.163247e-01
4.800000e-01 7.061822e-01
4.900000e-01 6.959795e-01
5.000000e-01 6.857237e-01
5.100000e-01 6.754219e-01
5.200000e-01 6.650810e-01
5.300000e-01 6.547080e-01
5.400000e-01 6.443097e-01
5.500000e-01 6.338928e-01
5.600000e-01 6.234638e-01
5.700000e-01 6.130294e-01
5.800000e-01 6.025960e-01
5.900000e-01 5.921697e-01
6.000000e-01 5.817569e-01
6.100000e-01 5.713634e-01
6.200000e-01 5.609952e-01
6.300000e-01 5.506581e-01
6.400000e-01 5.403576e-01
6.500000e-01 5.300993e-01
6.600000e-01 5.198885e-01
6.700000e-01 5.097302e-01
6.800000e-01 4.996296e-01
6.900000e-01 4.895914e-01
7.000000e-01 4.796204e-01
7.100000e-01 4.697211e-01
7.200000e-01 4.598978e-01
7.300000e-01 4.501547e-01
7.400000e-01 4.404959e-01
7.500000e-01 4.309251e-01
7.600000e-01 4.214462e-01
7.700000e-01 4.120625e-01
7.800000e-01 4.027774e-01
7.900000e-01 3.935941e-01
8.000000e-01 3.845157e-01
8.100000e-01 3.755448e-01
8.200000e-01 3.666843e-01
8.300000e-01 3.579366e-01
8.400000e-01 3.493040e-01
8.500000e-01 3.407887e-01
8.600000e-01 3.323927e-01
8.700000e-01 3.241178e-01
8.800000e-01 3.159658e-01
8.900000e-01 3.079382e-01
9.000000e-01 3.000363e-01
9.100000e-01 2.922614e-01
9.200000e-01 2.846146e-01
9.300000e-01 2.770967e-01
9.400000e-01 2.697087e-01
9.500000e-01 2.624511e-01
9.600000e-01 2.553245e-01
9.700000e-01 2.483292e-01
9.800000e-01 2.414655e-01
9.900000e-01 2.347336e-01
1.000000e+00 2.281335e-01
1.010000e+00 2.216650e-01
1.020000e+00 2.153279e-01
1.030000e+00 2.091220e-01
1.040000e+00 2.030467e-01
1.050000e+00 1.971016e-01
1.060000e+00 1.912859e-01
1.070000e+00 1.855990e-01
1.080000e+00 1.800401e-01
1.090000e+00 1.746082e-01
1.100000e+00 1.693023e-01
1.110000e+00 1.641214e-01
1.120000e+00 1.590644e-01
1.130000e+00 1.541299e-01
1.140000e+00 1.493167e-01
1.150000e+00 1.446235e-01
1.160000e+00 1.400489e-01
1.170000e+00 1.355914e-01
1.180000e+00 1.312494e-01
1.190000e+00 1.270214e-01
1.200000e+00 1.229059e-01
1.210000e+00 1.189010e-01
1.220000e+00 1.150052e-01
1.230000e+00 1.112168e-01
1.240000e+00 1.075339e-01
1.250000e+00 1.039547e-01
1.260000e+00 1.004776e-01
1.270000e+00 9.710051e-02
1.280000e+00 9.382173e-02
1.290000e+00 9.063935e-02
1.300000e+00 8.755148e-02
1.310000e+00 8.455624e-02
1.320000e+00 8.165171e-02
1.330000e+00 7.883600e-02
1.340000e+00 7.610720e-02
1.350000e+00 7.346338e-02
1.360000e+00 7.090265e-02
1.370000e+00 6.842310e-02
1.380000e+00 6.602283e-02
1.390000e+00 6.369995e-02
1.400000e+00 6.145259e-02
1.410000e+00 5.927887e-02
1.420000e+00 5.717695e-02
1.430000e+00 5.514498e-02
1.440000e+00 5.318115e-02
1.450000e+00 5.128365e-02
1.460000e+00 4.945070e-02
1.470000e+00 4.768055e-02
1.480000e+00 4.597145e-02
1.490000e+00 4.432170e-02
1.500000e+00 4.272960e-02
1.510000e+00 4.119349e-02
1.520000e+00 3.971173e-02
1.530000e+00 3.828273e-02
1.540000e+00 3.690489e-02
1.550000e+00 3.557667e-02
1.560000e+00 3.429655e-02
1.570000e+00 3.306303e-02
1.580000e+00 3.187466e-02
1.590000e+00 3.073000e-02
1.600000e+00 2.962767e-02
1.610000e+00 2.856628e-02
1.620000e+00 2.754451e-02
1.630000e+00 2.656105e-02
1.640000e+00 2.561463e-02
1.650000e+00 2.470401e-02
1.660000e+00 2.382799e-02
1.670000e+00 2.298539e-02
1.680000e+00 2.217506e-02
1.690000e+00 2.139589e-02
1.700000e+00 2.064680e-02
1.710000e+00 1.992673e-02
1.720000e+00 1.923467e-02
1.730000e+00 1.856963e-02
1.740000e+00 1.793065e-02
1.750000e+00 1.731679e-02
1.760000e+00 1.672715e-02
1.770000e+00 1.616085e-02
1.780000e+00 1.561706e-02
1.790000e+00 1.509495e-02
1.800000e+00 1.459373e-02
1.810000e+00 1.411263e-02
1.820000e+00 1.365092e-02
1.830000e+00 1.320787e-02
1.840000e+00 1.278281e-02
1.850000e+00 1.237505e-02
1.860000e+00 1.198396e-02
1.870000e+00 1.160891e-02
1.880000e+00 1.124931e-02
1.890000e+00 1.090458e-02
1.900000e+00 1.057416e-02
1.910000e+00 1.025751e-02
1.920000e+00 9.954116e-03
1.930000e+00 9.663476e-03
1.940000e+00 9.385109e-03
1.950000e+00 9.118551e-03
1.960000e+00 8.863356e-03
1.970000e+00 8.619092e-03
1.980000e+00 8.385344e-03
1.990000e+00 8.161711e-03
2.000000e+00 7.947809e-03
2.010000e+00 7.743265e-03
2.020000e+00 7.547721e-03
2.030000e+00 7.360832e-03
2.040000e+00 7.182264e-03
2.050000e+00 7.011695e-03
2.060000e+00 6.848817e-03
2.070000e+00 6.693329e-03
2.080000e+00 6.544944e-03
2.090000e+00 6.403382e-03
2.100000e+00 6.268375e-03
2.110000e+00 6.139663e-03
2.120000e+00 6.016994e-03
2.130000e+00 5.900127e-03
2.140000e+00 5.788827e-03
2.150000e+00 5.682868e-03
2.160000e+00 5.582029e-03
2.170000e+00 5.486100e-03
2.180000e+00 5.394876e-03
2.190000e+00 5.308157e-03
2.200000e+00 5.225752e-03
2.210000e+00 5.147474e-03
2.220000e+00 5.073145e-03
2.230000e+00 5.002589e-03
2.240000e+00 4.935639e-03
2.250000e+00 4.872129e-03
2.260000e+00 4.811903e-03
2.270000e+00 4.754807e-03
2.280000e+00 4.700693e-03
2.290000e+00 4.649417e-03
2.300000e+00 4.600840e-03
2.310000e+00 4.554828e-03
2.320000e+00 4.511251e-03
2.330000e+00 4.469983e-03
2.340000e+00 4.430901e-03
2.350000e+00 4.393890e-03
2.360000e+00 4.358835e-03
2.370000e+00 4.325628e-03
2.380000e+00 4.294161e-03
2.390000e+00 4.264335e-03
2.400000e+00 4.236050e-03
2.410000e+00 4.209212e-03
2.420000e+00 4.183732e-03
2.430000e+00 4.159522e-03
2.440000e+00 4.136498e-03
2.450000e+00 4.114581e-03
2.460000e+00 4.093694e-03
2.470000e+00 4.073765e-03
2.480000e+00 4.054723e-03
2.490000e+00 4.036503e-03
2.500000e+00 4.019042e-03
2.510000e+00 4.002278e-03
2.520000e+00 3.986157e-03
2.530000e+00 3.970625e-03
2.540000e+00 3.955630e-03
2.550000e+00 3.941127e-03
2.560000e+00 3.927069e-03
2.570000e+00 3.913416e-03
2.580000e+00 3.900130e-03
2.590000e+00 3.887173e-03
2.600000e+00 3.874513e-03
2.610000e+00 3.862119e-03
2.620000e+00 3.849963e-03
2.630000e+00 3.838020e-03
2.640000e+00 3.826266e-03
2.650000e+00 3.814681e-03
2.660000e+00 3.803246e-03
2.670000e+00 3.791944e-03
2.680000e+00 3.780760e-03
2.690000e+00 3.769684e-03
2.700000e+00 3.758703e-03
2.710000e+00 3.747810e-03
2.720000e+00 3.736997e-03
2.730000e+00 3.726258e-03
2.740000e+00 3.715589e-03
2.750000e+00 3.704989e-03
2.760000e+00 3.694454e-03
2.770000e+00 3.683986e-03
2.780000e+00 3.673585e-03
2.790000e+00 3.663252e-03
2.800000e+00 3.652991e-03
2.810000e+00 3.642805e-03
2.820000e+00 3.632697e-03
2.830000e+00 3.622672e-03
2.840000e+00 3.612736e-03
2.850000e+00 3.602893e-03
2.860000e+00 3.593149e-03
2.870000e+00 3.583511e-03
2.880000e+00 3.573982e-03
2.890000e+00 3.564570e-03
2.900000e+00 3.555279e-03
2.910000e+00 3.546115e-03
2.920000e+00 3.537083e-03
2.930000e+00 3.528187e-03
2.940000e+00 3.519432e-03
2.950000e+00 3.510820e-03
2.960000e+00 3.502355e-03
2.970000e+00 3.494039e-03
2.980000e+00 3.485873e-03
2.990000e+00 3.477858e-03
3.000000e+00 3.469993e-03
3.010000e+00 3.462277e-03
3.020000e+00 3.454709e-03
3.030000e+00 3.447284e-03
3.040000e+00 3.440000e-03
3.050000e+00 3.432850e-03
3.060000e+00 3.425828e-03
3.070000e+00 3.418927e-03
3.080000e+00 3.412139e-03
3.090000e+00 3.405454e-03
3.100000e+00 3.398862e-03
3.110000e+00 3.392350e-03
3.120000e+00 3.385907e-03
3.130000e+00 3.379518e-03
3.140000e+00 3.373169e-03
3.150000e+00 3.366844e-03
3.160000e+00 3.360527e-03
3.170000e+00 3.354200e-03
3.180000e+00 3.347844e-03
3.190000e+00 3.341442e-03
3.200000e+00 3.334972e-03
3.210000e+00 3.328414e-03
3.220000e+00 3.321748e-03
3.230000e+00 3.314952e-03
3.240000e+00 3.308003e-03
3.250000e+00 3.300880e-03
3.260000e+00 3.293560e-03
3.270000e+00 3.286019e-03
3.280000e+00 3.278235e-03
3.290000e+00 3.270186e-03
3.300000e+00 3.261847e-03
3.310000e+00 3.253196e-03
3.320000e+00 3.244211e-03
3.330000e+00 3.234870e-03
3.340000e+00 3.225150e-03
3.350000e+00 3.215031e-03
3.360000e+00 3.204492e-03
3.370000e+00 3.193513e-03
3.380000e+00 3.182075e-03
3.390000e+00 3.170159e-03
3.400000e+00 3.157750e-03
3.410000e+00 3.144830e-03
3.420000e+00 3.131384e-03
3.430000e+00 3.117399e-03
3.440000e+00 3.102862e-03
3.450000e+00 3.087762e-03
3.460000e+00 3.072090e-03
3.470000e+00 3.055837e-03
3.480000e+00 3.038996e-03
3.490000e+00 3.021563e-03
3.500000e+00 3.003534e-03
3.510000e+00 2.984908e-03
3.520000e+00 2.965684e-03
3.530000e+00 2.945865e-03
3.540000e+00 2.925453e-03
3.550000e+00 2.904455e-03
3.560000e+00 2.882877e-03
3.570000e+00 2.860728e-03
3.580000e+00 2.838020e-03
3.590000e+00 2.814764e-03
3.600000e+00 2.790976e-03
3.610000e+00 2.766671e-03
3.620000e+00 2.741868e-03
3.630000e+00 2.716586e-03
3.640000e+00 2.690847e-03
3.650000e+00 2.664673e-03
3.660000e+00 2.638089e-03
3.670000e+00 2.611122e-03
3.680000e+00 2.583798e-03
3.690000e+00 2.556147e-03
3.700000e+00 2.528200e-03
3.710000e+00 2.499987e-03
3.720000e+00 2.471542e-03
3.730000e+00 2.442898e-03
3.740000e+00 2.414090e-03
3.750000e+00 2.385155e-03
3.760000e+00 2.356128e-03
3.770000e+00 2.327047e-03
3.780000e+00 2.297950e-03
3.790000e+00 2.268876e-03
3.800000e+00 2.239863e-03
3.810000e+00 2.210950e-03
3.820000e+00 2.182178e-03
3.830000e+00 2.153584e-03
3.840000e+00 2.125210e-03
3.850000e+00 2.097093e-03
3.860000e+00 2.069274e-03
3.870000e+00 2.041790e-03
3.880000e+00 2.014681e-03
3.890000e+00 1.987983e-03
3.900000e+00 1.961735e-03
3.910000e+00 1.935972e-03
3.920000e+00 1.910729e-03
3.930000e+00 1.886042e-03
3.940000e+00 1.861943e-03
3.950000e+00 1.838465e-03
3.960000e+00 1.815639e-03
3.970000e+00 1.793495e-03
3.980000e+00 1.772061e-03
3.990000e+00 1.751364e-03
4.000000e+00 1.731430e-03
4.010000e+00 1.712282e-03
4.020000e+00 1.693942e-03
4.030000e+00 1.676432e-03
4.040000e+00 1.659769e-03
4.050000e+00 1.643970e-03
4.060000e+00 1.629052e-03
4.070000e+00 1.615026e-03
4.080000e+00 1.601904e-03
4.090000e+00 1.589696e-03
4.100000e+00 1.578409e-03
4.110000e+00 1.568049e-03
4.120000e+00 1.558619e-03
4.130000e+00 1.550121e-03
4.140000e+00 1.542554e-03
4.150000e+00 1.535917e-03
4.160000e+00 1.530206e-03
4.170000e+00 1.525413e-03
4.180000e+00 1.521533e-03
4.190000e+00 1.518554e-03
4.200000e+00 1.516465e-03
4.210000e+00 1.515254e-03
4.220000e+00 1.514905e-03
4.230000e+00 1.515402e-03
4.240000e+00 1.516727e-03
4.250000e+00 1.518859e-03
4.260000e+00 1.521779e-03
4.270000e+00 1.525463e-03
4.280000e+00 1.529887e-03
4.290000e+00 1.535027e-03
4.300000e+00 1.540855e-03
4.310000e+00 1.547346e-03
4.320000e+00 1.554470e-03
4.330000e+00 1.562197e-03
4.340000e+00 1.570498e-03
4.350000e+00 1.579341e-03
4.360000e+00 1.588695e-03
4.370000e+00 1.598528e-03
4.380000e+00 1.608806e-03
4.390000e+00 1.619496e-03
4.400000e+00 1.630564e-03
4.410000e+00 1.641977e-03
4.420000e+00 1.653701e-03
4.430000e+00 1.665701e-03
4.440000e+00 1.677943e-03
4.450000e+00 1.690393e-03
4.460000e+00 1.703016e-03
4.470000e+00 1.715781e-03
4.480000e+00 1.728652e-03
4.490000e+00 1.741597e-03
4.500000e+00 1.754584e-03
4.510000e+00 1.767580e-03
4.520000e+00 1.780555e-03
4.530000e+00 1.793477e-03
4.540000e+00 1.806316e-03
4.550000e+00 1.819045e-03
4.560000e+00 1.831633e-03
4.570000e+00 1.844055e-03
4.580000e+00 1.856284e-03
4.590000e+00 1.868294e-03
4.600000e+00 1.880061e-03
4.610000e+00 1.891562e-03
4.620000e+00 1.902775e-03
4.630000e+00 1.913680e-03
4.640000e+00 1.924256e-03
4.650000e+00 1.934485e-03
4.660000e+00 1.944351e-03
4.670000e+00 1.953836e-03
4.680000e+00 1.962927e-03
4.690000e+00 1.971611e-03
4.700000e+00 1.979874e-03
4.710000e+00 1.987706e-03
4.720000e+00 1.995099e-03
4.730000e+00 2.002042e-03
4.740000e+00 2.008531e-03
4.750000e+00 2.014557e-03
4.760000e+00 2.020118e-03
4.770000e+00 2.025210e-03
4.780000e+00 2.029830e-03
4.790000e+00 2.033978e-03
4.800000e+00 2.037653e-03
4.810000e+00 2.040857e-03
4.820000e+00 2.043591e-03
4.830000e+00 2.045860e-03
4.840000e+00 2.047667e-03
4.850000e+00 2.049017e-03
4.860000e+00 2.049916e-03
4.870000e+00 2.050370e-03
4.880000e+00 2.050388e-03
4.890000e+00 2.049977e-03
4.900000e+00 2.049146e-03
4.910000e+00 2.047904e-03
4.920000e+00 2.046262e-03
4.930000e+00 2.044230e-03
4.940000e+00 2.041818e-03
4.950000e+00 2.039039e-03
4.960000e+00 2.035903e-03
4.970000e+00 2.032422e-03
4.980000e+00 2.028609e-03
4.990000e+00 2.024476e-03
5.000000e+00 2.020034e-03
5.010000e+00 2.015297e-03
5.020000e+00 2.010277e-03
5.030000e+00 2.004986e-03
5.040000e+00 1.999437e-03
5.050000e+00 1.993640e-03
5.060000e+00 1.987610e-03
5.070000e+00 1.981356e-03
5.080000e+00 1.974891e-03
5.090000e+00 1.968226e-03
5.100000e+00 1.961371e-03
5.110000e+00 1.954337e-03
5.120000e+00 1.947134e-03
5.130000e+00 1.939772e-03
5.140000e+00 1.932260e-03
5.150000e+00 1.924607e-03
5.160000e+00 1.916820e-03
5.170000e+00 1.908907e-03
5.180000e+00 1.900877e-03
5.190000e+00 1.892735e-03
5.200000e+00 1.884487e-03
5.210000e+00 1.876140e-03
5.220000e+00 1.867698e-03
5.230000e+00 1.859166e-03
5.240000e+00 1.850548e-03
5.250000e+00 1.841847e-03
5.260000e+00 1.833066e-03
5.270000e+00 1.824208e-03
5.280000e+00 1.815275e-03
5.290000e+00 1.806268e-03
5.300000e+00 1.797188e-03
5.310000e+00 1.788035e-03
5.320000e+00 1.778811e-03
5.330000e+00 1.769513e-03
5.340000e+00 1.760142e-03
5.350000e+00 1.750696e-03
5.360000e+00 1.741174e-03
5.370000e+00 1.731574e-03
5.380000e+00 1.721894e-03
5.390000e+00 1.712131e-03
5.400000e+00 1.702283e-03
5.410000e+00 1.692347e-03
5.420000e+00 1.682319e-03
5.430000e+00 1.672196e-03
5.440000e+00 1.661975e-03
5.450000e+00 1.651652e-03
5.460000e+00 1.641223e-03
5.470000e+00 1.630684e-03
5.480000e+00 1.620031e-03
5.490000e+00 1.609259e-03
5.500000e+00 1.598365e-03
5.510000e+00 1.587345e-03
5.520000e+00 1.576193e-03
5.530000e+00 1.564906e-03
5.540000e+00 1.553480e-03
5.550000e+00 1.541909e-03
5.560000e+00 1.530190e-03
5.570000e+00 1.518319e-03
5.580000e+00 1.506290e-03
5.590000e+00 1.494101e-03
5.600000e+00 1.481746e-03
5.610000e+00 1.469221e-03
5.620000e+00 1.456523e-03
5.630000e+00 1.443646e-03
5.640000e+00 1.430588e-03
5.650000e+00 1.417343e-03
5.660000e+00 1.403908e-03
5.670000e+00 1.390279e-03
5.680000e+00 1.376452e-03
5.690000e+00 1.362422e-03
5.700000e+00 1.348186e-03
5.710000e+00 1.333740e-03
5.720000e+00 1.319080e-03
5.730000e+00 1.304201e-03
5.740000e+00 1.289099e-03
5.750000e+00 1.273772e-03
5.760000e+00 1.258213e-03
5.770000e+00 1.242421e-03
5.780000e+00 1.226389e-03
5.790000e+00 1.210115e-03
5.800000e+00 1.193594e-03
5.810000e+00 1.176821e-03
5.820000e+00 1.159793e-03
5.830000e+00 1.142506e-03
5.840000e+00 1.124954e-03
5.850000e+00 1.107135e-03
5.860000e+00 1.089043e-03
5.870000e+00 1.070674e-03
5.880000e+00 1.052024e-03
5.890000e+00 1.033089e-03
5.900000e+00 1.013865e-03
5.910000e+00 9.943477e-04
5.920000e+00 9.745328e-04
5.930000e+00 9.544166e-04
5.940000e+00 9.339954e-04
5.950000e+00 9.132655e-04
5.960000e+00 8.922236e-04
5.970000e+00 8.708664e-04
5.980000e+00 8.491909e-04
5.990000e+00 8.271944e-04
6.000000e+00 8.048744e-04
6.010000e+00 7.822289e-04
6.020000e+00 7.592560e-04
6.030000e+00 7.359544e-04
6.040000e+00 7.123232e-04
6.050000e+00 6.883619e-04
6.060000e+00 6.640704e-04
6.070000e+00 6.394493e-04
6.080000e+00 6.144998e-04
6.090000e+00 5.892234e-04
6.100000e+00 5.636224e-04
6.110000e+00 5.376999e-04
6.120000e+00 5.114594e-04
6.130000e+00 4.849053e-04
6.140000e+00 4.580427e-04
6.150000e+00 4.308775e-04
6.160000e+00 4.034163e-04
6.170000e+00 3.756667e-04
6.180000e+00 3.476368e-04
6.190000e+00 3.193359e-04
6.200000e+00 2.907739e-04
6.210000e+00 2.619619e-04
6.220000e+00 2.329114e-04
6.230000e+00 2.036353e-04
6.240000e+00 1.741470e-04
6.250000e+00 1.444611e-04
6.260000e+00 1.145928e-04
6.270000e+00 8.455839e-05
6.280000e+00 5.437493e-05
6.290000e+00 2.406038e-05
6.300000e+00 -6.366524e-06
6.310000e+00 -3.688619e-05
6.320000e+00 -6.747824e-05
6.330000e+00 -9.812158e-05
6.340000e+00 -1.287944e-04
6.350000e+00 -1.594741e-04
6.360000e+00 -1.901375e-04
6.370000e+00 -2.207609e-04
6.380000e+00 -2.513199e-04
6.390000e+00 -2.817898e-04
6.400000e+00 -3.121451e-04
6.410000e+00 -3.423603e-04
6.420000e+00 -3.724093e-04
6.430000e+00 -4.022658e-04
6.440000e+00 -4.319033e-04
6.450000e+00 -4.612950e-04
6.460000e+00 -4.904142e-04
6.470000e+00 -5.192341e-04
6.480000e+00 -5.477280e-04
6.490000e+00 -5.758692e-04
6.500000e+00 -6.036313e-04
6.510000e+00 -6.309881e-04
6.520000e+00 -6.579137e-04
6.530000e+00 -6.843827e-04
6.540000e+00 -7.103700e-04
6.550000e+00 -7.358511e-04
6.560000e+00 -7.608023e-04
6.570000e+00 -7.852004e-04
6.580000e+00 -8.090228e-04
6.590000e+00 -8.322479e-04
6.600000e+00 -8.548549e-04
6.610000e+00 -8.768241e-04
6.620000e+00 -8.981364e-04
6.630000e+00 -9.187740e-04
6.640000e+00 -9.387202e-04
6.650000e+00 -9.579594e-04
6.660000e+00 -9.764770e-04
6.670000e+00 -9.942599e-04
6.680000e+00 -1.011296e-03
6.690000e+00 -1.027575e-03
6.700000e+00 -1.043087e-03
6.710000e+00 -1.057824e-03
6.720000e+00 -1.071780e-03
6.730000e+00 -1.084949e-03
6.740000e+00 -1.097328e-03
6.750000e+00 -1.108913e-03
6.760000e+00 -1.119705e-03
6.770000e+00 -1.129703e-03
6.780000e+00 -1.138910e-03
6.790000e+00 -1.147328e-03
6.800000e+00 -1.154962e-03
6.810000e+00 -1.161818e-03
6.820000e+00 -1.167904e-03
6.830000e+00 -1.173228e-03
6.840000e+00 -1.177800e-03
6.850000e+00 -1.181631e-03
6.860000e+00 -1.184734e-03
6.870000e+00 -1.187122e-03
6.880000e+00 -1.188811e-03
6.890000e+00 -1.189816e-03
6.900000e+00 -1.190154e-03
6.910000e+00 -1.189843e-03
6.920000e+00 -1.188901e-03
6.930000e+00 -1.187350e-03
6.940000e+00 -1.185209e-03
6.950000e+00 -1.182499e-03
6.960000e+00 -1.179243e-03
6.970000e+00 -1.175463e-03
6.980000e+00 -1.171183e-03
6.990000e+00 -1.166426e-03
7.000000e+00 -1.161216e-03
7.010000e+00 -1.155579e-03
7.020000e+00 -1.149538e-03
7.030000e+00 -1.143118e-03
7.040000e+00 -1.136345e-03
7.050000e+00 -1.129245e-03
7.060000e+00 -1.121841e-03
7.070000e+00 -1.114160e-03
7.080000e+00 -1.106226e-03
7.090000e+00 -1.098065e-03
7.100000e+00 -1.089700e-03
7.110000e+00 -1.081156e-03
7.120000e+00 -1.072457e-03
7.130000e+00 -1.063627e-03
7.140000e+00 -1.054687e-03
7.150000e+00 -1.045661e-03
7.160000e+00 -1.036571e-03
7.170000e+00 -1.027436e-03
7.180000e+00 -1.018279e-03
7.190000e+00 -1.009118e-03
7.200000e+00 -9.999719e-04
7.210000e+00 -9.908595e-04
7.220000e+00 -9.817976e-04
7.230000e+00 -9.728027e-04
7.240000e+00 -9.638900e-04
7.250000e+00 -9.550742e-04
7.260000e+00 -9.463686e-04
7.270000e+00 -9.377858e-04
7.280000e+00 -9.293375e-04
7.290000e+00 -9.210341e-04
7.300000e+00 -9.128854e-04
7.310000e+00 -9.048998e-04
7.320000e+00 -8.970849e-04
7.330000e+00 -8.894474e-04
7.340000e+00 -8.819929e-04
7.350000e+00 -8.747259e-04
7.360000e+00 -8.676502e-04
7.370000e+00 -8.607685e-04
7.380000e+00 -8.540826e-04
7.390000e+00 -8.475935e-04
7.400000e+00 -8.413011e-04
7.410000e+00 -8.352046e-04
7.420000e+00 -8.293025e-04
7.430000e+00 -8.235923e-04
7.440000e+00 -8.180709e-04
7.450000e+00 -8.127344e-04
7.460000e+00 -8.075783e-04
7.470000e+00 -8.025975e-04
7.480000e+00 -7.977861e-04
7.490000e+00 -7.931380e-04
7.500000e+00 -7.886463e-04
7.510000e+00 -7.843038e-04
7.520000e+00 -7.801028e-04
7.530000e+00 -7.760353e-04
7.540000e+00 -7.720931e-04
7.550000e+00 -7.682674e-04
7.560000e+00 -7.645495e-04
7.570000e+00 -7.609305e-04
7.580000e+00 -7.574011e-04
7.590000e+00 -7.539521e-04
7.600000e+00 -7.505744e-04
7.610000e+00 -7.472587e-04
7.620000e+00 -7.439958e-04
7.630000e+00 -7.407766e-04
7.640000e+00 -7.375920e-04
7.650000e+00 -7.344334e-04
7.660000e+00 -7.312921e-04
7.670000e+00 -7.281597e-04
7.680000e+00 -7.250282e-04
7.690000e+00 -7.218897e-04
7.700000e+00 -7.187368e-04
7.710000e+00 -7.155624e-04
7.720000e+00 -7.123598e-04
7.730000e+00 -7.091226e-04
7.740000e+00 -7.058449e-04
7.750000e+00 -7.025214e-04
7.760000e+00 -6.991469e-04
7.770000e+00 -6.957170e-04
7.780000e+00 -6.922276e-04
7.790000e+00 -6.886751e-04
7.800000e+00 -6.850565e-04
7.810000e+00 -6.813691e-04
7.820000e+00 -6.776109e-04
7.830000e+00 -6.737801e-04
7.840000e+00 -6.698758e-04
7.850000e+00 -6.658972e-04
7.860000e+00 -6.618442e-04
7.870000e+00 -6.577170e-04
7.880000e+00 -6.535163e-04
7.890000e+00 -6.492434e-04
7.900000e+00 -6.448997e-04
7.910000e+00 -6.404872e-04
7.920000e+00 -6.360083e-04
7.930000e+00 -6.314657e-04
7.940000e+00 -6.268624e-04
7.950000e+00 -6.222018e-04
7.960000e+00 -6.174876e-04
7.970000e+00 -6.127237e-04
7.980000e+00 -6.079143e-04
7.990000e+00 -6.030639e-04
8.000000e+00 -5.981771e-04
8.010000e+00 -5.932586e-04
8.020000e+00 -5.883136e-04
8.030000e+00 -5.833471e-04
8.040000e+00 -5.783643e-04
8.050000e+00 -5.733706e-04
8.060000e+00 -5.683714e-04
8.070000e+00 -5.633723e-04
8.080000e+00 -5.583787e-04
8.090000e+00 -5.533962e-04
8.100000e+00 -5.484303e-04
8.110000e+00 -5.434867e-04
8.120000e+00 -5.385709e-04
8.130000e+00 -5.336884e-04
8.140000e+00 -5.288446e-04
8.150000e+00 -5.240452e-04
8.160000e+00 -5.192954e-04
8.170000e+00 -5.146007e-04
8.180000e+00 -5.099664e-04
8.190000e+00 -5.053977e-04
8.200000e+00 -5.008999e-04
8.210000e+00 -4.964780e-04
8.220000e+00 -4.921373e-04
8.230000e+00 -4.878829e-04
8.240000e+00 -4.837197e-04
8.250000e+00 -4.796528e-04
8.260000e+00 -4.756873e-04
8.270000e+00 -4.718281e-04
8.280000e+00 -4.680803e-04
8.290000e+00 -4.644489e-04
8.300000e+00 -4.609390e-04
8.310000e+00 -4.575557e-04
8.320000e+00 -4.543042e-04
8.330000e+00 -4.511898e-04
8.340000e+00 -4.482176e-04
8.350000e+00 -4.453933e-04
8.360000e+00 -4.427222e-04
8.370000e+00 -4.402101e-04
8.380000e+00 -4.378627e-04
8.390000e+00 -4.356859e-04
8.400000e+00 -4.336858e-04
8.410000e+00 -4.318686e-04
8.420000e+00 -4.302405e-04
8.430000e+00 -4.288082e-04
8.440000e+00 -4.275783e-04
8.450000e+00 -4.265576e-04
8.460000e+00 -4.257531e-04
8.470000e+00 -4.251720e-04
8.480000e+00 -4.248215e-04
8.490000e+00 -4.247090e-04
8.500000e+00 -4.248421e-04
8.510000e+00 -4.252283e-04
8.520000e+00 -4.258754e-04
8.530000e+00 -4.267912e-04
8.540000e+00 -4.279834e-04
8.550000e+00 -4.294600e-04
8.560000e+00 -4.312286e-04
8.570000e+00 -4.332972e-04
8.580000e+00 -4.356733e-04
8.590000e+00 -4.383645e-04
8.600000e+00 -4.413783e-04
8.610000e+00 -4.447220e-04
8.620000e+00 -4.484024e-04
8.630000e+00 -4.524263e-04
8.640000e+00 -4.568001e-04
8.650000e+00 -4.615298e-04
8.660000e+00 -4.666211e-04
8.670000e+00 -4.720790e-04
8.680000e+00 -4.779081e-04
8.690000e+00 -4.841125e-04
8.700000e+00 -4.906956e-04
8.710000e+00 -4.976602e-04
8.720000e+00 -5.050083e-04
8.730000e+00 -5.127411e-04
8.740000e+00 -5.208592e-04
8.750000e+00 -5.293621e-04
8.760000e+00 -5.382486e-04
8.770000e+00 -5.475163e-04
8.780000e+00 -5.571621e-04
8.790000e+00 -5.671816e-04
8.800000e+00 -5.775695e-04
8.810000e+00 -5.883195e-04
8.820000e+00 -5.994240e-04
8.830000e+00 -6.108743e-04
8.840000e+00 -6.226606e-04
8.850000e+00 -6.347719e-04
8.860000e+00 -6.471958e-04
8.870000e+00 -6.599192e-04
8.880000e+00 -6.729272e-04
8.890000e+00 -6.862041e-04
8.900000e+00 -6.997329e-04
8.910000e+00 -7.134954e-04
8.920000e+00 -7.274722e-04
8.930000e+00 -7.416428e-04
8.940000e+00 -7.559856e-04
8.950000e+00 -7.704780e-04
8.960000e+00 -7.850960e-04
8.970000e+00 -7.998151e-04
8.980000e+00 -8.146095e-04
8.990000e+00 -8.294526e-04
9.000000e+00 -8.443170e-04
9.010000e+00 -8.591744e-04
9.020000e+00 -8.739960e-04
9.030000e+00 -8.887520e-04
9.040000e+00 -9.034125e-04
9.050000e+00 -9.179468e-04
9.060000e+00 -9.323239e-04
9.070000e+00 -9.465123e-04
9.080000e+00 -9.604806e-04
9.090000e+00 -9.741969e-04
9.100000e+00 -9.876297e-04
9.110000e+00 -1.000747e-03
9.120000e+00 -1.013517e-03
9.130000e+00 -1.025910e-03
9.140000e+00 -1.037892e-03
9.150000e+00 -1.049435e-03
9.160000e+00 -1.060509e-03
9.170000e+00 -1.071083e-03
9.180000e+00 -1.081129e-03
9.190000e+00 -1.090619e-03
9.200000e+00 -1.099526e-03
9.210000e+00 -1.107825e-03
9.220000e+00 -1.115490e-03
9.230000e+00 -1.122498e-03
9.240000e+00 -1.128826e-03
9.250000e+00 -1.134454e-03
9.260000e+00 -1.139361e-03
9.270000e+00 -1.143529e-03
9.280000e+00 -1.146942e-03
9.290000e+00 -1.149584e-03
9.300000e+00 -1.151441e-03
9.310000e+00 -1.152503e-03
9.320000e+00 -1.152758e-03
9.330000e+00 -1.152199e-03
9.340000e+00 -1.150819e-03
9.350000e+00 -1.148613e-03
9.360000e+00 -1.145579e-03
9.370000e+00 -1.141714e-03
9.380000e+00 -1.137020e-03
9.390000e+00 -1.131500e-03
9.400000e+00 -1.125157e-03
9.410000e+00 -1.117998e-03
9.420000e+00 -1.110031e-03
9.430000e+00 -1.101266e-03
9.440000e+00 -1.091714e-03
9.450000e+00 -1.081388e-03
9.460000e+00 -1.070303e-03
9.470000e+00 -1.058475e-03
9.480000e+00 -1.045923e-03
9.490000e+00 -1.032665e-03
9.500000e+00 -1.018722e-03
9.510000e+00 -1.004116e-03
9.520000e+00 -9.888713e-04
9.530000e+00 -9.730113e-04
9.540000e+00 -9.565620e-04
9.550000e+00 -9.395499e-04
9.560000e+00 -9.220024e-04
9.570000e+00 -9.039481e-04
9.580000e+00 -8.854158e-04
9.590000e+00 -8.664354e-04
9.600000e+00 -8.470371e-04
9.610000e+00 -8.272516e-04
9.620000e+00 -8.071101e-04
9.630000e+00 -7.866440e-04
9.640000e+00 -7.658848e-04
9.650000e+00 -7.448640e-04
9.660000e+00 -7.236135e-04
9.670000e+00 -7.021646e-04
9.680000e+00 -6.805487e-04
9.690000e+00 -6.587969e-04
9.700000e+00 -6.369399e-04
9.710000e+00 -6.150080e-04
9.720000e+00 -5.930309e-04
9.730000e+00 -5.710377e-04
9.740000e+00 -5.490570e-04
9.750000e+00 -5.271165e-04
9.760000e+00 -5.052431e-04
9.770000e+00 -4.834630e-04
9.780000e+00 -4.618013e-04
9.790000e+00 -4.402824e-04
9.800000e+00 -4.189293e-04
9.810000e+00 -3.977642e-04
9.820000e+00 -3.768083e-04
9.830000e+00 -3.560814e-04
9.840000e+00 -3.356023e-04
9.850000e+00 -3.153887e-04
9.860000e+00 -2.954570e-04
9.870000e+00 -2.758224e-04
9.880000e+00 -2.564987e-04
9.890000e+00 -2.374989e-04
9.900000e+00 -2.188344e-04
9.910000e+00 -2.005155e-04
9.920000e+00 -1.825513e-04
9.930000e+00 -1.649496e-04
9.940000e+00 -1.477170e-04
9.950000e+00 -1.308592e-04
9.960000e+00 -1.143802e-04
9.970000e+00 -9.828349e-05
9.980000e+00 -8.257096e-05
9.990000e+00 -6.724366e-05
1.000000e+01 -5.230153e-05
