# sigma2_v 3.396332165766256e+00
0.000000e+00 1.000000e+00
1.000000e-02 9.998302e-01
2.000000e-02 9.993210e-01
3.000000e-02 9.984729e-01
4.000000e-02 9.972867e-01
5.000000e-02 9.957639e-01
6.000000e-02 9.939058e-01
7.000000e-02 9.917146e-01
8.000000e-02 9.891924e-01
9.000000e-02 9.863419e-01
1.000000e-01 9.831661e-01
1.100000e-01 9.796682e-01
1.200000e-01 9.758520e-01
1.300000e-01 9.717212e-01
1.400000e-01 9.672803e-01
1.500000e-01 9.625337e-01
1.600000e-01 9.574862e-01
1.700000e-01 9.521431e-01
1.800000e-01 9.465097e-01
1.900000e-01 9.405917e-01
2.000000e-01 9.343951e-01
2.100000e-01 9.279261e-01
2.200000e-01 9.211910e-01
2.300000e-01 9.141966e-01
2.400000e-01 9.069497e-01
2.500000e-01 8.994573e-01
2.600000e-01 8.917269e-01
2.700000e-01 8.837657e-01
2.800000e-01 8.755814e-01
2.900000e-01 8.671818e-01
3.000000e-01 8.585749e-01
3.100000e-01 8.497685e-01
3.200000e-01 8.407710e-01
3.300000e-01 8.315905e-01
3.400000e-01 8.222354e-01
3.500000e-01 8.127141e-01
3.600000e-01 8.030352e-01
3.700000e-01 7.932072e-01
3.800000e-01 7.832386e-01
3.900000e-01 7.731381e-01
4.000000e-01 7.629144e-01
4.100000e-01 7.525760e-01
4.200000e-01 7.421316e-01
4.300000e-01 7.315898e-01
4.400000e-01 7.209591e-01
4.500000e-01 7.102481e-01
4.600000e-01 6.994652e-01
4.700000e-01 6.886190e-01
4.800000e-01 6.777175e-01
4.900000e-01 6.667692e-01
5.000000e-01 6.557822e-01
5.100000e-01 6.447645e-01
5.200000e-01 6.337240e-01
5.300000e-01 6.226685e-01
5.400000e-01 6.116057e-01
5.500000e-01 6.005431e-01
5.600000e-01 5.894880e-01
5.700000e-01 5.784478e-01
5.800000e-01 5.674295e-01
5.900000e-01 5.564399e-01
6.000000e-01 5.454857e-01
6.100000e-01 5.345736e-01
6.200000e-01 5.237099e-01
6.300000e-01 5.129007e-01
6.400000e-01 5.021520e-01
6.500000e-01 4.914695e-01
6.600000e-01 4.808590e-01
6.700000e-01 4.703257e-01
6.800000e-01 4.598748e-01
6.900000e-01 4.495113e-01
7.000000e-01 4.392399e-01
7.100000e-01 4.290652e-01
7.200000e-01 4.189916e-01
7.300000e-01 4.090231e-01
7.400000e-01 3.991637e-01
7.500000e-01 3.894171e-01
7.600000e-01 3.797867e-01
7.700000e-01 3.702760e-01
7.800000e-01 3.608879e-01
7.900000e-01 3.516254e-01
8.000000e-01 3.424912e-01
8.100000e-01 3.334876e-01
8.200000e-01 3.246171e-01
8.300000e-01 3.158816e-01
8.400000e-01 3.072832e-01
8.500000e-01 2.988234e-01
8.600000e-01 2.905039e-01
8.700000e-01 2.823259e-01
8.800000e-01 2.742906e-01
8.900000e-01 2.663991e-01
9.000000e-01 2.586521e-01
9.100000e-01 2.510503e-01
9.200000e-01 2.435942e-01
9.300000e-01 2.362841e-01
9.400000e-01 2.291203e-01
9.500000e-01 2.221027e-01
9.600000e-01 2.152314e-01
9.700000e-01 2.085059e-01
9.800000e-01 2.019261e-01
9.900000e-01 1.954913e-01
1.000000e+00 1.892011e-01
1.010000e+00 1.830546e-01
1.020000e+00 1.770510e-01
1.030000e+00 1.711895e-01
1.040000e+00 1.654688e-01
1.050000e+00 1.598880e-01
1.060000e+00 1.544457e-01
1.070000e+00 1.491407e-01
1.080000e+00 1.439715e-01
1.090000e+00 1.389367e-01
1.100000e+00 1.340348e-01
1.110000e+00 1.292641e-01
1.120000e+00 1.246229e-01
1.130000e+00 1.201095e-01
1.140000e+00 1.157222e-01
1.150000e+00 1.114590e-01
1.160000e+00 1.073182e-01
1.170000e+00 1.032977e-01
1.180000e+00 9.939566e-02
1.190000e+00 9.561005e-02
1.200000e+00 9.193884e-02
1.210000e+00 8.838000e-02
1.220000e+00 8.493144e-02
1.230000e+00 8.159108e-02
1.240000e+00 7.835681e-02
1.250000e+00 7.522651e-02
1.260000e+00 7.219805e-02
1.270000e+00 6.926929e-02
1.280000e+00 6.643810e-02
1.290000e+00 6.370234e-02
1.300000e+00 6.105986e-02
1.310000e+00 5.850854e-02
1.320000e+00 5.604623e-02
1.330000e+00 5.367082e-02
1.340000e+00 5.138019e-02
1.350000e+00 4.917225e-02
1.360000e+00 4.704492e-02
1.370000e+00 4.499611e-02
1.380000e+00 4.302378e-02
1.390000e+00 4.112589e-02
1.400000e+00 3.930044e-02
1.410000e+00 3.754543e-02
1.420000e+00 3.585890e-02
1.430000e+00 3.423890e-02
1.440000e+00 3.268351e-02
1.450000e+00 3.119085e-02
1.460000e+00 2.975905e-02
1.470000e+00 2.838628e-02
1.480000e+00 2.707073e-02
1.490000e+00 2.581062e-02
1.500000e+00 2.460421e-02
1.510000e+00 2.344978e-02
1.520000e+00 2.234566e-02
1.530000e+00 2.129018e-02
1.540000e+00 2.028174e-02
1.550000e+00 1.931875e-02
1.560000e+00 1.839965e-02
1.570000e+00 1.752292e-02
1.580000e+00 1.668708e-02
1.590000e+00 1.589068e-02
1.600000e+00 1.513229e-02
1.610000e+00 1.441054e-02
1.620000e+00 1.372406e-02
1.630000e+00 1.307154e-02
1.640000e+00 1.245170e-02
1.650000e+00 1.186328e-02
1.660000e+00 1.130506e-02
1.670000e+00 1.077586e-02
1.680000e+00 1.027453e-02
1.690000e+00 9.799934e-03
1.700000e+00 9.350992e-03
1.710000e+00 8.926645e-03
1.720000e+00 8.525865e-03
1.730000e+00 8.147656e-03
1.740000e+00 7.791054e-03
1.750000e+00 7.455121e-03
1.760000e+00 7.138953e-03
1.770000e+00 6.841672e-03
1.780000e+00 6.562430e-03
1.790000e+00 6.300406e-03
1.800000e+00 6.054806e-03
1.810000e+00 5.824866e-03
1.820000e+00 5.609845e-03
1.830000e+00 5.409030e-03
1.840000e+00 5.221731e-03
1.850000e+00 5.047286e-03
1.860000e+00 4.885054e-03
1.870000e+00 4.734419e-03
1.880000e+00 4.594788e-03
1.890000e+00 4.465590e-03
1.900000e+00 4.346276e-03
1.910000e+00 4.236317e-03
1.920000e+00 4.135208e-03
1.930000e+00 4.042460e-03
1.940000e+00 3.957604e-03
1.950000e+00 3.880193e-03
1.960000e+00 3.809796e-03
1.970000e+00 3.745998e-03
1.980000e+00 3.688405e-03
1.990000e+00 3.636636e-03
2.000000e+00 3.590328e-03
2.010000e+00 3.549134e-03
2.020000e+00 3.512721e-03
2.030000e+00 3.480770e-03
2.040000e+00 3.452978e-03
2.050000e+00 3.429052e-03
2.060000e+00 3.408716e-03
2.070000e+00 3.391705e-03
2.080000e+00 3.377765e-03
2.090000e+00 3.366655e-03
2.100000e+00 3.358145e-03
2.110000e+00 3.352017e-03
2.120000e+00 3.348060e-03
2.130000e+00 3.346077e-03
2.140000e+00 3.345880e-03
2.150000e+00 3.347287e-03
2.160000e+00 3.350130e-03
2.170000e+00 3.354246e-03
2.180000e+00 3.359482e-03
2.190000e+00 3.365694e-03
2.200000e+00 3.372742e-03
2.210000e+00 3.380498e-03
2.220000e+00 3.388839e-03
2.230000e+00 3.397648e-03
2.240000e+00 3.406818e-03
2.250000e+00 3.416245e-03
2.260000e+00 3.425834e-03
2.270000e+00 3.435493e-03
2.280000e+00 3.445139e-03
2.290000e+00 3.454693e-03
2.300000e+00 3.464080e-03
2.310000e+00 3.473234e-03
2.320000e+00 3.482090e-03
2.330000e+00 3.490591e-03
2.340000e+00 3.498683e-03
2.350000e+00 3.506316e-03
2.360000e+00 3.513446e-03
2.370000e+00 3.520032e-03
2.380000e+00 3.526038e-03
2.390000e+00 3.531430e-03
2.400000e+00 3.536181e-03
2.410000e+00 3.540264e-03
2.420000e+00 3.543658e-03
2.430000e+00 3.546345e-03
2.440000e+00 3.548309e-03
2.450000e+00 3.549538e-03
2.460000e+00 3.550023e-03
2.470000e+00 3.549757e-03
2.480000e+00 3.548737e-03
2.490000e+00 3.546962e-03
2.500000e+00 3.544434e-03
2.510000e+00 3.541155e-03
2.520000e+00 3.537134e-03
2.530000e+00 3.532377e-03
2.540000e+00 3.526895e-03
2.550000e+00 3.520700e-03
2.560000e+00 3.513808e-03
2.570000e+00 3.506233e-03
2.580000e+00 3.497993e-03
2.590000e+00 3.489108e-03
2.600000e+00 3.479597e-03
2.610000e+00 3.469484e-03
2.620000e+00 3.458790e-03
2.630000e+00 3.447541e-03
2.640000e+00 3.435761e-03
2.650000e+00 3.423477e-03
2.660000e+00 3.410716e-03
2.670000e+00 3.397507e-03
2.680000e+00 3.383878e-03
2.690000e+00 3.369858e-03
2.700000e+00 3.355477e-03
2.710000e+00 3.340765e-03
2.720000e+00 3.325754e-03
2.730000e+00 3.310473e-03
2.740000e+00 3.294955e-03
2.750000e+00 3.279230e-03
2.760000e+00 3.263330e-03
2.770000e+00 3.247285e-03
2.780000e+00 3.231127e-03
2.790000e+00 3.214888e-03
2.800000e+00 3.198597e-03
2.810000e+00 3.182285e-03
2.820000e+00 3.165982e-03
2.830000e+00 3.149717e-03
2.840000e+00 3.133521e-03
2.850000e+00 3.117420e-03
2.860000e+00 3.101444e-03
2.870000e+00 3.085619e-03
2.880000e+00 3.069972e-03
2.890000e+00 3.054528e-03
2.900000e+00 3.039314e-03
2.910000e+00 3.024351e-03
2.920000e+00 3.009665e-03
2.930000e+00 2.995277e-03
2.940000e+00 2.981209e-03
2.950000e+00 2.967480e-03
2.960000e+00 2.954111e-03
2.970000e+00 2.941121e-03
2.980000e+00 2.928525e-03
2.990000e+00 2.916341e-03
3.000000e+00 2.904584e-03
3.010000e+00 2.893268e-03
3.020000e+00 2.882407e-03
3.030000e+00 2.872012e-03
3.040000e+00 2.862094e-03
3.050000e+00 2.852664e-03
3.060000e+00 2.843731e-03
3.070000e+00 2.835302e-03
3.080000e+00 2.827385e-03
3.090000e+00 2.819985e-03
3.100000e+00 2.813107e-03
3.110000e+00 2.806756e-03
3.120000e+00 2.800933e-03
3.130000e+00 2.795643e-03
3.140000e+00 2.790884e-03
3.150000e+00 2.786659e-03
3.160000e+00 2.782966e-03
3.170000e+00 2.779805e-03
3.180000e+00 2.777172e-03
3.190000e+00 2.775065e-03
3.200000e+00 2.773481e-03
3.210000e+00 2.772414e-03
3.220000e+00 2.771861e-03
3.230000e+00 2.771814e-03
3.240000e+00 2.772268e-03
3.250000e+00 2.773215e-03
3.260000e+00 2.774649e-03
3.270000e+00 2.776559e-03
3.280000e+00 2.778938e-03
3.290000e+00 2.781776e-03
3.300000e+00 2.785063e-03
3.310000e+00 2.788788e-03
3.320000e+00 2.792940e-03
3.330000e+00 2.797507e-03
3.340000e+00 2.802476e-03
3.350000e+00 2.807835e-03
3.360000e+00 2.813571e-03
3.370000e+00 2.819669e-03
3.380000e+00 2.826114e-03
3.390000e+00 2.832892e-03
3.400000e+00 2.839986e-03
3.410000e+00 2.847381e-03
3.420000e+00 2.855059e-03
3.430000e+00 2.863003e-03
3.440000e+00 2.871196e-03
3.450000e+00 2.879617e-03
3.460000e+00 2.888248e-03
3.470000e+00 2.897070e-03
3.480000e+00 2.906061e-03
3.490000e+00 2.915200e-03
3.500000e+00 2.924467e-03
3.510000e+00 2.933838e-03
3.520000e+00 2.943291e-03
3.530000e+00 2.952802e-03
3.540000e+00 2.962348e-03
3.550000e+00 2.971903e-03
3.560000e+00 2.981444e-03
3.570000e+00 2.990945e-03
3.580000e+00 3.000379e-03
3.590000e+00 3.009721e-03
3.600000e+00 3.018943e-03
3.610000e+00 3.028020e-03
3.620000e+00 3.036923e-03
3.630000e+00 3.045626e-03
3.640000e+00 3.054100e-03
3.650000e+00 3.062317e-03
3.660000e+00 3.070251e-03
3.670000e+00 3.077874e-03
3.680000e+00 3.085157e-03
3.690000e+00 3.092074e-03
3.700000e+00 3.098596e-03
3.710000e+00 3.104698e-03
3.720000e+00 3.110353e-03
3.730000e+00 3.115535e-03
3.740000e+00 3.120219e-03
3.750000e+00 3.124379e-03
3.760000e+00 3.127992e-03
3.770000e+00 3.131034e-03
3.780000e+00 3.133485e-03
3.790000e+00 3.135321e-03
3.800000e+00 3.136523e-03
3.810000e+00 3.137073e-03
3.820000e+00 3.136951e-03
3.830000e+00 3.136143e-03
3.840000e+00 3.134631e-03
3.850000e+00 3.132403e-03
3.860000e+00 3.129447e-03
3.870000e+00 3.125751e-03
3.880000e+00 3.121307e-03
3.890000e+00 3.116106e-03
3.900000e+00 3.110143e-03
3.910000e+00 3.103414e-03
3.920000e+00 3.095915e-03
3.930000e+00 3.087647e-03
3.940000e+00 3.078609e-03
3.950000e+00 3.068804e-03
3.960000e+00 3.058238e-03
3.970000e+00 3.046914e-03
3.980000e+00 3.034842e-03
3.990000e+00 3.022031e-03
4.000000e+00 3.008491e-03
4.010000e+00 2.994236e-03
4.020000e+00 2.979278e-03
4.030000e+00 2.963634e-03
4.040000e+00 2.947322e-03
4.050000e+00 2.930358e-03
4.060000e+00 2.912763e-03
4.070000e+00 2.894559e-03
4.080000e+00 2.875767e-03
4.090000e+00 2.856410e-03
4.100000e+00 2.836514e-03
4.110000e+00 2.816102e-03
4.120000e+00 2.795202e-03
4.130000e+00 2.773841e-03
4.140000e+00 2.752045e-03
4.150000e+00 2.729844e-03
4.160000e+00 2.707265e-03
4.170000e+00 2.684339e-03
4.180000e+00 2.661094e-03
4.190000e+00 2.637560e-03
4.200000e+00 2.613768e-03
4.210000e+00 2.589746e-03
4.220000e+00 2.565526e-03
4.230000e+00 2.541136e-03
4.240000e+00 2.516606e-03
4.250000e+00 2.491967e-03
4.260000e+00 2.467246e-03
4.270000e+00 2.442472e-03
4.280000e+00 2.417674e-03
4.290000e+00 2.392879e-03
4.300000e+00 2.368114e-03
4.310000e+00 2.343406e-03
4.320000e+00 2.318779e-03
4.330000e+00 2.294259e-03
4.340000e+00 2.269869e-03
4.350000e+00 2.245633e-03
4.360000e+00 2.221573e-03
4.370000e+00 2.197710e-03
4.380000e+00 2.174063e-03
4.390000e+00 2.150653e-03
4.400000e+00 2.127497e-03
4.410000e+00 2.104612e-03
4.420000e+00 2.082014e-03
4.430000e+00 2.059718e-03
4.440000e+00 2.037737e-03
4.450000e+00 2.016084e-03
4.460000e+00 1.994770e-03
4.470000e+00 1.973806e-03
4.480000e+00 1.953199e-03
4.490000e+00 1.932959e-03
4.500000e+00 1.913091e-03
4.510000e+00 1.893602e-03
4.520000e+00 1.874495e-03
4.530000e+00 1.855773e-03
4.540000e+00 1.837439e-03
4.550000e+00 1.819493e-03
4.560000e+00 1.801936e-03
4.570000e+00 1.784767e-03
4.580000e+00 1.767982e-03
4.590000e+00 1.751579e-03
4.600000e+00 1.735554e-03
4.610000e+00 1.719901e-03
4.620000e+00 1.704614e-03
4.630000e+00 1.689687e-03
4.640000e+00 1.675111e-03
4.650000e+00 1.660879e-03
4.660000e+00 1.646980e-03
4.670000e+00 1.633405e-03
4.680000e+00 1.620144e-03
4.690000e+00 1.607184e-03
4.700000e+00 1.594515e-03
4.710000e+00 1.582124e-03
4.720000e+00 1.569998e-03
4.730000e+00 1.558125e-03
4.740000e+00 1.546491e-03
4.750000e+00 1.535082e-03
4.760000e+00 1.523886e-03
4.770000e+00 1.512888e-03
4.780000e+00 1.502074e-03
4.790000e+00 1.491430e-03
4.800000e+00 1.480944e-03
4.810000e+00 1.470600e-03
4.820000e+00 1.460387e-03
4.830000e+00 1.450290e-03
4.840000e+00 1.440297e-03
4.850000e+00 1.430396e-03
4.860000e+00 1.420574e-03
4.870000e+00 1.410821e-03
4.880000e+00 1.401125e-03
4.890000e+00 1.391477e-03
4.900000e+00 1.381866e-03
4.910000e+00 1.372284e-03
4.920000e+00 1.362722e-03
4.930000e+00 1.353174e-03
4.940000e+00 1.343633e-03
4.950000e+00 1.334093e-03
4.960000e+00 1.324549e-03
4.970000e+00 1.314997e-03
4.980000e+00 1.305435e-03
4.990000e+00 1.295861e-03
5.000000e+00 1.286272e-03
5.010000e+00 1.276669e-03
5.020000e+00 1.267052e-03
5.030000e+00 1.257423e-03
5.040000e+00 1.247784e-03
5.050000e+00 1.238138e-03
5.060000e+00 1.228490e-03
5.070000e+00 1.218844e-03
5.080000e+00 1.209206e-03
5.090000e+00 1.199582e-03
5.100000e+00 1.189980e-03
5.110000e+00 1.180406e-03
5.120000e+00 1.170870e-03
5.130000e+00 1.161380e-03
5.140000e+00 1.151945e-03
5.150000e+00 1.142576e-03
5.160000e+00 1.133282e-03
5.170000e+00 1.124074e-03
5.180000e+00 1.114962e-03
5.190000e+00 1.105958e-03
5.200000e+00 1.097072e-03
5.210000e+00 1.088316e-03
5.220000e+00 1.079701e-03
5.230000e+00 1.071237e-03
5.240000e+00 1.062937e-03
5.250000e+00 1.054810e-03
5.260000e+00 1.046867e-03
5.270000e+00 1.039120e-03
5.280000e+00 1.031577e-03
5.290000e+00 1.024248e-03
5.300000e+00 1.017144e-03
5.310000e+00 1.010271e-03
5.320000e+00 1.003640e-03
5.330000e+00 9.972569e-04
5.340000e+00 9.911297e-04
5.350000e+00 9.852650e-04
5.360000e+00 9.796688e-04
5.370000e+00 9.743464e-04
5.380000e+00 9.693025e-04
5.390000e+00 9.645414e-04
5.400000e+00 9.600662e-04
5.410000e+00 9.558798e-04
5.420000e+00 9.519842e-04
5.430000e+00 9.483808e-04
5.440000e+00 9.450702e-04
5.450000e+00 9.420524e-04
5.460000e+00 9.393267e-04
5.470000e+00 9.368918e-04
5.480000e+00 9.347459e-04
5.490000e+00 9.328862e-04
5.500000e+00 9.313096e-04
5.510000e+00 9.300124e-04
5.520000e+00 9.289902e-04
5.530000e+00 9.282381e-04
5.540000e+00 9.277509e-04
5.550000e+00 9.275226e-04
5.560000e+00 9.275469e-04
5.570000e+00 9.278170e-04
5.580000e+00 9.283259e-04
5.590000e+00 9.290660e-04
5.600000e+00 9.300294e-04
5.610000e+00 9.312079e-04
5.620000e+00 9.325931e-04
5.630000e+00 9.341761e-04
5.640000e+00 9.359481e-04
5.650000e+00 9.378998e-04
5.660000e+00 9.400218e-04
5.670000e+00 9.423048e-04
5.680000e+00 9.447389e-04
5.690000e+00 9.473146e-04
5.700000e+00 9.500221e-04
5.710000e+00 9.528515e-04
5.720000e+00 9.557929e-04
5.730000e+00 9.588366e-04
5.740000e+00 9.619727e-04
5.750000e+00 9.651915e-04
5.760000e+00 9.684834e-04
5.770000e+00 9.718388e-04
5.780000e+00 9.752483e-04
5.790000e+00 9.787026e-04
5.800000e+00 9.821927e-04
5.810000e+00 9.857095e-04
5.820000e+00 9.892445e-04
5.830000e+00 9.927892e-04
5.840000e+00 9.963353e-04
5.850000e+00 9.998750e-04
5.860000e+00 1.003401e-03
5.870000e+00 1.006905e-03
5.880000e+00 1.010380e-03
5.890000e+00 1.013821e-03
5.900000e+00 1.017220e-03
5.910000e+00 1.020571e-03
5.920000e+00 1.023869e-03
5.930000e+00 1.027108e-03
5.940000e+00 1.030283e-03
5.950000e+00 1.033391e-03
5.960000e+00 1.036426e-03
5.970000e+00 1.039384e-03
5.980000e+00 1.042263e-03
5.990000e+00 1.045058e-03
6.000000e+00 1.047768e-03
6.010000e+00 1.050388e-03
6.020000e+00 1.052918e-03
6.030000e+00 1.055354e-03
6.040000e+00 1.057696e-03
6.050000e+00 1.059941e-03
6.060000e+00 1.062088e-03
6.070000e+00 1.064136e-03
6.080000e+00 1.066084e-03
6.090000e+00 1.067929e-03
6.100000e+00 1.069672e-03
6.110000e+00 1.071311e-03
6.120000e+00 1.072845e-03
6.130000e+00 1.074272e-03
6.140000e+00 1.075592e-03
6.150000e+00 1.076801e-03
6.160000e+00 1.077898e-03
6.170000e+00 1.078881e-03
6.180000e+00 1.079747e-03
6.190000e+00 1.080493e-03
6.200000e+00 1.081114e-03
6.210000e+00 1.081608e-03
6.220000e+00 1.081969e-03
6.230000e+00 1.082191e-03
6.240000e+00 1.082269e-03
6.250000e+00 1.082195e-03
6.260000e+00 1.081963e-03
6.270000e+00 1.081564e-03
6.280000e+00 1.080988e-03
6.290000e+00 1.080227e-03
6.300000e+00 1.079268e-03
6.310000e+00 1.078102e-03
6.320000e+00 1.076714e-03
6.330000e+00 1.075093e-03
6.340000e+00 1.073223e-03
6.350000e+00 1.071091e-03
6.360000e+00 1.068681e-03
6.370000e+00 1.065976e-03
6.380000e+00 1.062960e-03
6.390000e+00 1.059614e-03
6.400000e+00 1.055921e-03
6.410000e+00 1.051861e-03
6.420000e+00 1.047417e-03
6.430000e+00 1.042568e-03
6.440000e+00 1.037294e-03
6.450000e+00 1.031576e-03
6.460000e+00 1.025393e-03
6.470000e+00 1.018725e-03
6.480000e+00 1.011553e-03
6.490000e+00 1.003857e-03
6.500000e+00 9.956166e-04
6.510000e+00 9.868139e-04
6.520000e+00 9.774300e-04
6.530000e+00 9.674474e-04
6.540000e+00 9.568491e-04
6.550000e+00 9.456190e-04
6.560000e+00 9.337422e-04
6.570000e+00 9.212048e-04
6.580000e+00 9.079943e-04
6.590000e+00 8.940992e-04
6.600000e+00 8.795099e-04
6.610000e+00 8.642180e-04
6.620000e+00 8.482169e-04
6.630000e+00 8.315016e-04
6.640000e+00 8.140690e-04
6.650000e+00 7.959178e-04
6.660000e+00 7.770485e-04
6.670000e+00 7.574639e-04
6.680000e+00 7.371683e-04
6.690000e+00 7.161685e-04
6.700000e+00 6.944731e-04
6.710000e+00 6.720928e-04
6.720000e+00 6.490403e-04
6.730000e+00 6.253304e-04
6.740000e+00 6.009801e-04
6.750000e+00 5.760080e-04
6.760000e+00 5.504351e-04
6.770000e+00 5.242839e-04
6.780000e+00 4.975790e-04
6.790000e+00 4.703466e-04
6.800000e+00 4.426148e-04
6.810000e+00 4.144131e-04
6.820000e+00 3.857725e-04
6.830000e+00 3.567257e-04
6.840000e+00 3.273063e-04
6.850000e+00 2.975493e-04
6.860000e+00 2.674909e-04
6.870000e+00 2.371679e-04
6.880000e+00 2.066183e-04
6.890000e+00 1.758804e-04
6.900000e+00 1.449934e-04
6.910000e+00 1.139968e-04
6.920000e+00 8.293040e-05
6.930000e+00 5.183416e-05
6.940000e+00 2.074814e-05
6.950000e+00 -1.028773e-05
6.960000e+00 -4.123369e-05
6.970000e+00 -7.205033e-05
6.980000e+00 -1.026987e-04
6.990000e+00 -1.331402e-04
7.000000e+00 -1.633373e-04
7.010000e+00 -1.932527e-04
7.020000e+00 -2.228504e-04
7.030000e+00 -2.520952e-04
7.040000e+00 -2.809526e-04
7.050000e+00 -3.093897e-04
7.060000e+00 -3.373744e-04
7.070000e+00 -3.648759e-04
7.080000e+00 -3.918647e-04
7.090000e+00 -4.183126e-04
7.100000e+00 -4.441927e-04
7.110000e+00 -4.694794e-04
7.120000e+00 -4.941487e-04
7.130000e+00 -5.181779e-04
7.140000e+00 -5.415456e-04
7.150000e+00 -5.642321e-04
7.160000e+00 -5.862188e-04
7.170000e+00 -6.074887e-04
7.180000e+00 -6.280262e-04
7.190000e+00 -6.478170e-04
7.200000e+00 -6.668481e-04
7.210000e+00 -6.851082e-04
7.220000e+00 -7.025868e-04
7.230000e+00 -7.192750e-04
7.240000e+00 -7.351650e-04
7.250000e+00 -7.502503e-04
7.260000e+00 -7.645256e-04
7.270000e+00 -7.779865e-04
7.280000e+00 -7.906299e-04
7.290000e+00 -8.024539e-04
7.300000e+00 -8.134572e-04
7.310000e+00 -8.236399e-04
7.320000e+00 -8.330028e-04
7.330000e+00 -8.415477e-04
7.340000e+00 -8.492774e-04
7.350000e+00 -8.561953e-04
7.360000e+00 -8.623058e-04
7.370000e+00 -8.676142e-04
7.380000e+00 -8.721263e-04
7.390000e+00 -8.758489e-04
7.400000e+00 -8.787894e-04
7.410000e+00 -8.809559e-04
7.420000e+00 -8.823573e-04
7.430000e+00 -8.830032e-04
7.440000e+00 -8.829036e-04
7.450000e+00 -8.820696e-04
7.460000e+00 -8.805125e-04
7.470000e+00 -8.782445e-04
7.480000e+00 -8.752784e-04
7.490000e+00 -8.716275e-04
7.500000e+00 -8.673059e-04
7.510000e+00 -8.623282e-04
7.520000e+00 -8.567095e-04
7.530000e+00 -8.504657e-04
7.540000e+00 -8.436131e-04
7.550000e+00 -8.361688e-04
7.560000e+00 -8.281502e-04
7.570000e+00 -8.195754e-04
7.580000e+00 -8.104631e-04
7.590000e+00 -8.008325e-04
7.600000e+00 -7.907031e-04
7.610000e+00 -7.800954e-04
7.620000e+00 -7.690298e-04
7.630000e+00 -7.575277e-04
7.640000e+00 -7.456106e-04
7.650000e+00 -7.333006e-04
7.660000e+00 -7.206200e-04
7.670000e+00 -7.075918e-04
7.680000e+00 -6.942391e-04
7.690000e+00 -6.805855e-04
7.700000e+00 -6.666546e-04
7.710000e+00 -6.524706e-04
7.720000e+00 -6.380577e-04
7.730000e+00 -6.234405e-04
7.740000e+00 -6.086435e-04
7.750000e+00 -5.936915e-04
7.760000e+00 -5.786094e-04
7.770000e+00 -5.634220e-04
7.780000e+00 -5.481543e-04
7.790000e+00 -5.328311e-04
7.800000e+00 -5.174773e-04
7.810000e+00 -5.021175e-04
7.820000e+00 -4.867764e-04
7.830000e+00 -4.714784e-04
7.840000e+00 -4.562478e-04
7.850000e+00 -4.411084e-04
7.860000e+00 -4.260841e-04
7.870000e+00 -4.111982e-04
7.880000e+00 -3.964739e-04
7.890000e+00 -3.819339e-04
7.900000e+00 -3.676005e-04
7.910000e+00 -3.534956e-04
7.920000e+00 -3.396409e-04
7.930000e+00 -3.260573e-04
7.940000e+00 -3.127654e-04
7.950000e+00 -2.997854e-04
7.960000e+00 -2.871367e-04
7.970000e+00 -2.748385e-04
7.980000e+00 -2.629092e-04
7.990000e+00 -2.513667e-04
8.000000e+00 -2.402284e-04
8.010000e+00 -2.295112e-04
8.020000e+00 -2.192312e-04
8.030000e+00 -2.094039e-04
8.040000e+00 -2.000444e-04
8.050000e+00 -1.911669e-04
8.060000e+00 -1.827853e-04
8.070000e+00 -1.749127e-04
8.080000e+00 -1.675613e-04
8.090000e+00 -1.607432e-04
8.100000e+00 -1.544693e-04
8.110000e+00 -1.487502e-04
8.120000e+00 -1.435958e-04
8.130000e+00 -1.390151e-04
8.140000e+00 -1.350167e-04
8.150000e+00 -1.316083e-04
8.160000e+00 -1.287972e-04
8.170000e+00 -1.265896e-04
8.180000e+00 -1.249915e-04
8.190000e+00 -1.240078e-04
8.200000e+00 -1.236428e-04
8.210000e+00 -1.239004e-04
8.220000e+00 -1.247833e-04
8.230000e+00 -1.262939e-04
8.240000e+00 -1.284338e-04
8.250000e+00 -1.312038e-04
8.260000e+00 -1.346040e-04
8.270000e+00 -1.386340e-04
8.280000e+00 -1.432924e-04
8.290000e+00 -1.485774e-04
8.300000e+00 -1.544864e-04
8.310000e+00 -1.610160e-04
8.320000e+00 -1.681623e-04
8.330000e+00 -1.759208e-04
8.340000e+00 -1.842860e-04
8.350000e+00 -1.932522e-04
8.360000e+00 -2.028129e-04
8.370000e+00 -2.129608e-04
8.380000e+00 -2.236884e-04
8.390000e+00 -2.349874e-04
8.400000e+00 -2.468489e-04
8.410000e+00 -2.592637e-04
8.420000e+00 -2.722219e-04
8.430000e+00 -2.857133e-04
8.440000e+00 -2.997270e-04
8.450000e+00 -3.142520e-04
8.460000e+00 -3.292768e-04
8.470000e+00 -3.447893e-04
8.480000e+00 -3.607775e-04
8.490000e+00 -3.772287e-04
8.500000e+00 -3.941301e-04
8.510000e+00 -4.114687e-04
8.520000e+00 -4.292312e-04
8.530000e+00 -4.474041e-04
8.540000e+00 -4.659738e-04
8.550000e+00 -4.849265e-04
8.560000e+00 -5.042484e-04
8.570000e+00 -5.239253e-04
8.580000e+00 -5.439433e-04
8.590000e+00 -5.642883e-04
8.600000e+00 -5.849460e-04
8.610000e+00 -6.059024e-04
8.620000e+00 -6.271431e-04
8.630000e+00 -6.486540e-04
8.640000e+00 -6.704208e-04
8.650000e+00 -6.924294e-04
8.660000e+00 -7.146655e-04
8.670000e+00 -7.371150e-04
8.680000e+00 -7.597635e-04
8.690000e+00 -7.825969e-04
8.700000e+00 -8.056010e-04
8.710000e+00 -8.287614e-04
8.720000e+00 -8.520638e-04
8.730000e+00 -8.754938e-04
8.740000e+00 -8.990370e-04
8.750000e+00 -9.226788e-04
8.760000e+00 -9.464044e-04
8.770000e+00 -9.701991e-04
8.780000e+00 -9.940479e-04
8.790000e+00 -1.017935e-03
8.800000e+00 -1.041847e-03
8.810000e+00 -1.065765e-03
8.820000e+00 -1.089676e-03
8.830000e+00 -1.113563e-03
8.840000e+00 -1.137409e-03
8.850000e+00 -1.161197e-03
8.860000e+00 -1.184911e-03
8.870000e+00 -1.208533e-03
8.880000e+00 -1.232046e-03
8.890000e+00 -1.255430e-03
8.900000e+00 -1.278668e-03
8.910000e+00 -1.301741e-03
8.920000e+00 -1.324630e-03
8.930000e+00 -1.347314e-03
8.940000e+00 -1.369775e-03
8.950000e+00 -1.391991e-03
8.960000e+00 -1.413943e-03
8.970000e+00 -1.435609e-03
8.980000e+00 -1.456968e-03
8.990000e+00 -1.478000e-03
9.000000e+00 -1.498682e-03
9.010000e+00 -1.518992e-03
9.020000e+00 -1.538910e-03
9.030000e+00 -1.558412e-03
9.040000e+00 -1.577478e-03
9.050000e+00 -1.596085e-03
9.060000e+00 -1.614212e-03
9.070000e+00 -1.631836e-03
9.080000e+00 -1.648937e-03
9.090000e+00 -1.665492e-03
9.100000e+00 -1.681482e-03
9.110000e+00 -1.696886e-03
9.120000e+00 -1.711684e-03
9.130000e+00 -1.725855e-03
9.140000e+00 -1.739382e-03
9.150000e+00 -1.752245e-03
9.160000e+00 -1.764428e-03
9.170000e+00 -1.775913e-03
9.180000e+00 -1.786684e-03
9.190000e+00 -1.796725e-03
9.200000e+00 -1.806024e-03
9.210000e+00 -1.814565e-03
9.220000e+00 -1.822338e-03
9.230000e+00 -1.829330e-03
9.240000e+00 -1.835531e-03
9.250000e+00 -1.840933e-03
9.260000e+00 -1.845528e-03
9.270000e+00 -1.849308e-03
9.280000e+00 -1.852268e-03
9.290000e+00 -1.854404e-03
9.300000e+00 -1.855713e-03
9.310000e+00 -1.856193e-03
9.320000e+00 -1.855843e-03
9.330000e+00 -1.854664e-03
9.340000e+00 -1.852657e-03
9.350000e+00 -1.849827e-03
9.360000e+00 -1.846177e-03
9.370000e+00 -1.841712e-03
9.380000e+00 -1.836439e-03
9.390000e+00 -1.830366e-03
9.400000e+00 -1.823502e-03
9.410000e+00 -1.815856e-03
9.420000e+00 -1.807440e-03
9.430000e+00 -1.798265e-03
9.440000e+00 -1.788344e-03
9.450000e+00 -1.777690e-03
9.460000e+00 -1.766319e-03
9.470000e+00 -1.754246e-03
9.480000e+00 -1.741486e-03
9.490000e+00 -1.728057e-03
9.500000e+00 -1.713976e-03
9.510000e+00 -1.699261e-03
9.520000e+00 -1.683931e-03
9.530000e+00 -1.668004e-03
9.540000e+00 -1.651502e-03
9.550000e+00 -1.634442e-03
9.560000e+00 -1.616846e-03
9.570000e+00 -1.598735e-03
9.580000e+00 -1.580129e-03
9.590000e+00 -1.561050e-03
9.600000e+00 -1.541519e-03
9.610000e+00 -1.521557e-03
9.620000e+00 -1.501187e-03
9.630000e+00 -1.480429e-03
9.640000e+00 -1.459305e-03
9.650000e+00 -1.437838e-03
9.660000e+00 -1.416049e-03
9.670000e+00 -1.393960e-03
9.680000e+00 -1.371591e-03
9.690000e+00 -1.348965e-03
9.700000e+00 -1.326104e-03
9.710000e+00 -1.303027e-03
9.720000e+00 -1.279756e-03
9.730000e+00 -1.256312e-03
9.740000e+00 -1.232716e-03
9.750000e+00 -1.208987e-03
9.760000e+00 -1.185145e-03
9.770000e+00 -1.161211e-03
9.780000e+00 -1.137204e-03
9.790000e+00 -1.113143e-03
9.800000e+00 -1.089047e-03
9.810000e+00 -1.064933e-03
9.820000e+00 -1.040821e-03
9.830000e+00 -1.016729e-03
9.840000e+00 -9.926721e-04
9.850000e+00 -9.686689e-04
9.860000e+00 -9.447356e-04
9.870000e+00 -9.208883e-04
9.880000e+00 -8.971426e-04
9.890000e+00 -8.735138e-04
9.900000e+00 -8.500168e-04
9.910000e+00 -8.266657e-04
9.920000e+00 -8.034745e-04
9.930000e+00 -7.804566e-04
9.940000e+00 -7.576249e-04
9.950000e+00 -7.349917e-04
9.960000e+00 -7.125690e-04
9.970000e+00 -6.903682e-04
9.980000e+00 -6.684003e-04
9.990000e+00 -6.466756e-04
1.000000e+01 -6.252041e-04
