# sigma2_v 3.262415065325078e+00
0.000000e+00 1.000000e+00
1.000000e-02 9.998369e-01
2.000000e-02 9.993477e-01
3.000000e-02 9.985330e-01
4.000000e-02 9.973935e-01
5.000000e-02 9.959303e-01
6.000000e-02 9.941448e-01
7.000000e-02 9.920389e-01
8.000000e-02 9.896144e-01
9.000000e-02 9.868739e-01
1.000000e-01 9.838199e-01
1.100000e-01 9.804554e-01
1.200000e-01 9.767836e-01
1.300000e-01 9.728081e-01
1.400000e-01 9.685327e-01
1.500000e-01 9.639614e-01
1.600000e-01 9.590987e-01
1.700000e-01 9.539491e-01
1.800000e-01 9.485175e-01
1.900000e-01 9.428091e-01
2.000000e-01 9.368291e-01
2.100000e-01 9.305833e-01
2.200000e-01 9.240773e-01
2.300000e-01 9.173173e-01
2.400000e-01 9.103095e-01
2.500000e-01 9.030602e-01
2.600000e-01 8.955761e-01
2.700000e-01 8.878640e-01
2.800000e-01 8.799308e-01
2.900000e-01 8.717836e-01
3.000000e-01 8.634297e-01
3.100000e-01 8.548764e-01
3.200000e-01 8.461312e-01
3.300000e-01 8.372017e-01
3.400000e-01 8.280956e-01
3.500000e-01 8.188207e-01
3.600000e-01 8.093849e-01
3.700000e-01 7.997961e-01
3.800000e-01 7.900622e-01
3.900000e-01 7.801914e-01
4.000000e-01 7.701917e-01
4.100000e-01 7.600712e-01
4.200000e-01 7.498379e-01
4.300000e-01 7.395000e-01
4.400000e-01 7.290656e-01
4.500000e-01 7.185427e-01
4.600000e-01 7.079394e-01
4.700000e-01 6.972637e-01
4.800000e-01 6.865235e-01
4.900000e-01 6.757267e-01
5.000000e-01 6.648812e-01
5.100000e-01 6.539947e-01
5.200000e-01 6.430749e-01
5.300000e-01 6.321293e-01
5.400000e-01 6.211654e-01
5.500000e-01 6.101906e-01
5.600000e-01 5.992121e-01
5.700000e-01 5.882370e-01
5.800000e-01 5.772723e-01
5.900000e-01 5.663249e-01
6.000000e-01 5.554015e-01
6.100000e-01 5.445086e-01
6.200000e-01 5.336527e-01
6.300000e-01 5.228399e-01
6.400000e-01 5.120764e-01
6.500000e-01 5.013680e-01
6.600000e-01 4.907205e-01
6.700000e-01 4.801394e-01
6.800000e-01 4.696302e-01
6.900000e-01 4.591980e-01
7.000000e-01 4.488479e-01
7.100000e-01 4.385846e-01
7.200000e-01 4.284127e-01
7.300000e-01 4.183368e-01
7.400000e-01 4.083610e-01
7.500000e-01 3.984895e-01
7.600000e-01 3.887261e-01
7.700000e-01 3.790744e-01
7.800000e-01 3.695379e-01
7.900000e-01 3.601199e-01
8.000000e-01 3.508235e-01
8.100000e-01 3.416516e-01
8.200000e-01 3.326069e-01
8.300000e-01 3.236918e-01
8.400000e-01 3.149088e-01
8.500000e-01 3.062599e-01
8.600000e-01 2.977471e-01
8.700000e-01 2.893722e-01
8.800000e-01 2.811368e-01
8.900000e-01 2.730423e-01
9.000000e-01 2.650899e-01
9.100000e-01 2.572808e-01
9.200000e-01 2.496158e-01
9.300000e-01 2.420957e-01
9.400000e-01 2.347211e-01
9.500000e-01 2.274924e-01
9.600000e-01 2.204099e-01
9.700000e-01 2.134738e-01
9.800000e-01 2.066841e-01
9.900000e-01 2.000405e-01
1.000000e+00 1.935429e-01
1.010000e+00 1.871909e-01
1.020000e+00 1.809838e-01
1.030000e+00 1.749212e-01
1.040000e+00 1.690021e-01
1.050000e+00 1.632258e-01
1.060000e+00 1.575912e-01
1.070000e+00 1.520973e-01
1.080000e+00 1.467429e-01
1.090000e+00 1.415267e-01
1.100000e+00 1.364474e-01
1.110000e+00 1.315035e-01
1.120000e+00 1.266935e-01
1.130000e+00 1.220159e-01
1.140000e+00 1.174689e-01
1.150000e+00 1.130508e-01
1.160000e+00 1.087598e-01
1.170000e+00 1.045942e-01
1.180000e+00 1.005519e-01
1.190000e+00 9.663112e-02
1.200000e+00 9.282978e-02
1.210000e+00 8.914588e-02
1.220000e+00 8.557736e-02
1.230000e+00 8.212211e-02
1.240000e+00 7.877803e-02
1.250000e+00 7.554296e-02
1.260000e+00 7.241474e-02
1.270000e+00 6.939118e-02
1.280000e+00 6.647009e-02
1.290000e+00 6.364925e-02
1.300000e+00 6.092646e-02
1.310000e+00 5.829948e-02
1.320000e+00 5.576611e-02
1.330000e+00 5.332411e-02
1.340000e+00 5.097128e-02
1.350000e+00 4.870540e-02
1.360000e+00 4.652427e-02
1.370000e+00 4.442571e-02
1.380000e+00 4.240754e-02
1.390000e+00 4.046759e-02
1.400000e+00 3.860373e-02
1.410000e+00 3.681383e-02
1.420000e+00 3.509580e-02
1.430000e+00 3.344756e-02
1.440000e+00 3.186705e-02
1.450000e+00 3.035224e-02
1.460000e+00 2.890115e-02
1.470000e+00 2.751180e-02
1.480000e+00 2.618224e-02
1.490000e+00 2.491058e-02
1.500000e+00 2.369493e-02
1.510000e+00 2.253345e-02
1.520000e+00 2.142434e-02
1.530000e+00 2.036580e-02
1.540000e+00 1.935612e-02
1.550000e+00 1.839357e-02
1.560000e+00 1.747650e-02
1.570000e+00 1.660326e-02
1.580000e+00 1.577226e-02
1.590000e+00 1.498195e-02
1.600000e+00 1.423081e-02
1.610000e+00 1.351734e-02
1.620000e+00 1.284010e-02
1.630000e+00 1.219768e-02
1.640000e+00 1.158871e-02
1.650000e+00 1.101185e-02
1.660000e+00 1.046580e-02
1.670000e+00 9.949303e-03
1.680000e+00 9.461128e-03
1.690000e+00 9.000087e-03
1.700000e+00 8.565023e-03
1.710000e+00 8.154818e-03
1.720000e+00 7.768386e-03
1.730000e+00 7.404679e-03
1.740000e+00 7.062678e-03
1.750000e+00 6.741401e-03
1.760000e+00 6.439897e-03
1.770000e+00 6.157248e-03
1.780000e+00 5.892568e-03
1.790000e+00 5.645002e-03
1.800000e+00 5.413724e-03
1.810000e+00 5.197939e-03
1.820000e+00 4.996881e-03
1.830000e+00 4.809814e-03
1.840000e+00 4.636027e-03
1.850000e+00 4.474839e-03
1.860000e+00 4.325594e-03
1.870000e+00 4.187661e-03
1.880000e+00 4.060438e-03
1.890000e+00 3.943344e-03
1.900000e+00 3.835823e-03
1.910000e+00 3.737342e-03
1.920000e+00 3.647391e-03
1.930000e+00 3.565483e-03
1.940000e+00 3.491150e-03
1.950000e+00 3.423946e-03
1.960000e+00 3.363444e-03
1.970000e+00 3.309239e-03
1.980000e+00 3.260941e-03
1.990000e+00 3.218181e-03
2.000000e+00 3.180605e-03
2.010000e+00 3.147878e-03
2.020000e+00 3.119681e-03
2.030000e+00 3.095709e-03
2.040000e+00 3.075675e-03
2.050000e+00 3.059303e-03
2.060000e+00 3.046334e-03
2.070000e+00 3.036521e-03
2.080000e+00 3.029631e-03
2.090000e+00 3.025442e-03
2.100000e+00 3.023745e-03
2.110000e+00 3.024342e-03
2.120000e+00 3.027046e-03
2.130000e+00 3.031681e-03
2.140000e+00 3.038080e-03
2.150000e+00 3.046086e-03
2.160000e+00 3.055552e-03
2.170000e+00 3.066338e-03
2.180000e+00 3.078313e-03
2.190000e+00 3.091355e-03
2.200000e+00 3.105349e-03
2.210000e+00 3.120186e-03
2.220000e+00 3.135765e-03
2.230000e+00 3.151990e-03
2.240000e+00 3.168773e-03
2.250000e+00 3.186030e-03
2.260000e+00 3.203684e-03
2.270000e+00 3.221662e-03
2.280000e+00 3.239896e-03
2.290000e+00 3.258323e-03
2.300000e+00 3.276884e-03
2.310000e+00 3.295524e-03
2.320000e+00 3.314191e-03
2.330000e+00 3.332838e-03
2.340000e+00 3.351421e-03
2.350000e+00 3.369897e-03
2.360000e+00 3.388229e-03
2.370000e+00 3.406381e-03
2.380000e+00 3.424320e-03
2.390000e+00 3.442014e-03
2.400000e+00 3.459434e-03
2.410000e+00 3.476555e-03
2.420000e+00 3.493351e-03
2.430000e+00 3.509798e-03
2.440000e+00 3.525875e-03
2.450000e+00 3.541563e-03
2.460000e+00 3.556841e-03
2.470000e+00 3.571693e-03
2.480000e+00 3.586102e-03
2.490000e+00 3.600053e-03
2.500000e+00 3.613532e-03
2.510000e+00 3.626526e-03
2.520000e+00 3.639022e-03
2.530000e+00 3.651008e-03
2.540000e+00 3.662474e-03
2.550000e+00 3.673410e-03
2.560000e+00 3.683807e-03
2.570000e+00 3.693656e-03
2.580000e+00 3.702948e-03
2.590000e+00 3.711677e-03
2.600000e+00 3.719836e-03
2.610000e+00 3.727419e-03
2.620000e+00 3.734420e-03
2.630000e+00 3.740834e-03
2.640000e+00 3.746656e-03
2.650000e+00 3.751884e-03
2.660000e+00 3.756513e-03
2.670000e+00 3.760541e-03
2.680000e+00 3.763965e-03
2.690000e+00 3.766785e-03
2.700000e+00 3.768998e-03
2.710000e+00 3.770604e-03
2.720000e+00 3.771603e-03
2.730000e+00 3.771997e-03
2.740000e+00 3.771785e-03
2.750000e+00 3.770969e-03
2.760000e+00 3.769552e-03
2.770000e+00 3.767535e-03
2.780000e+00 3.764923e-03
2.790000e+00 3.761719e-03
2.800000e+00 3.757926e-03
2.810000e+00 3.753550e-03
2.820000e+00 3.748596e-03
2.830000e+00 3.743068e-03
2.840000e+00 3.736972e-03
2.850000e+00 3.730315e-03
2.860000e+00 3.723103e-03
2.870000e+00 3.715343e-03
2.880000e+00 3.707042e-03
2.890000e+00 3.698207e-03
2.900000e+00 3.688844e-03
2.910000e+00 3.678963e-03
2.920000e+00 3.668570e-03
2.930000e+00 3.657673e-03
2.940000e+00 3.646280e-03
2.950000e+00 3.634399e-03
2.960000e+00 3.622036e-03
2.970000e+00 3.609199e-03
2.980000e+00 3.595895e-03
2.990000e+00 3.582132e-03
3.000000e+00 3.567915e-03
3.010000e+00 3.553252e-03
3.020000e+00 3.538148e-03
3.030000e+00 3.522609e-03
3.040000e+00 3.506639e-03
3.050000e+00 3.490244e-03
3.060000e+00 3.473427e-03
3.070000e+00 3.456191e-03
3.080000e+00 3.438541e-03
3.090000e+00 3.420477e-03
3.100000e+00 3.402003e-03
3.110000e+00 3.383117e-03
3.120000e+00 3.363822e-03
3.130000e+00 3.344116e-03
3.140000e+00 3.323999e-03
3.150000e+00 3.303468e-03
3.160000e+00 3.282521e-03
3.170000e+00 3.261155e-03
3.180000e+00 3.239367e-03
3.190000e+00 3.217152e-03
3.200000e+00 3.194504e-03
3.210000e+00 3.171419e-03
3.220000e+00 3.147890e-03
3.230000e+00 3.123910e-03
3.240000e+00 3.099473e-03
3.250000e+00 3.074570e-03
3.260000e+00 3.049195e-03
3.270000e+00 3.023339e-03
3.280000e+00 2.996993e-03
3.290000e+00 2.970148e-03
3.300000e+00 2.942798e-03
3.310000e+00 2.914931e-03
3.320000e+00 2.886541e-03
3.330000e+00 2.857618e-03
3.340000e+00 2.828154e-03
3.350000e+00 2.798142e-03
3.360000e+00 2.767573e-03
3.370000e+00 2.736440e-03
3.380000e+00 2.704738e-03
3.390000e+00 2.672458e-03
3.400000e+00 2.639598e-03
3.410000e+00 2.606151e-03
3.420000e+00 2.572114e-03
3.430000e+00 2.537485e-03
3.440000e+00 2.502262e-03
3.450000e+00 2.466444e-03
3.460000e+00 2.430032e-03
3.470000e+00 2.393027e-03
3.480000e+00 2.355432e-03
3.490000e+00 2.317253e-03
3.500000e+00 2.278494e-03
3.510000e+00 2.239163e-03
3.520000e+00 2.199268e-03
3.530000e+00 2.158820e-03
3.540000e+00 2.117830e-03
3.550000e+00 2.076312e-03
3.560000e+00 2.034281e-03
3.570000e+00 1.991752e-03
3.580000e+00 1.948744e-03
3.590000e+00 1.905277e-03
3.600000e+00 1.861372e-03
3.610000e+00 1.817051e-03
3.620000e+00 1.772340e-03
3.630000e+00 1.727262e-03
3.640000e+00 1.681847e-03
3.650000e+00 1.636122e-03
3.660000e+00 1.590118e-03
3.670000e+00 1.543867e-03
3.680000e+00 1.497400e-03
3.690000e+00 1.450751e-03
3.700000e+00 1.403957e-03
3.710000e+00 1.357052e-03
3.720000e+00 1.310074e-03
3.730000e+00 1.263060e-03
3.740000e+00 1.216050e-03
3.750000e+00 1.169083e-03
3.760000e+00 1.122199e-03
3.770000e+00 1.075438e-03
3.780000e+00 1.028841e-03
3.790000e+00 9.824502e-04
3.800000e+00 9.363062e-04
3.810000e+00 8.904507e-04
3.820000e+00 8.449255e-04
3.830000e+00 7.997718e-04
3.840000e+00 7.550311e-04
3.850000e+00 7.107442e-04
3.860000e+00 6.669516e-04
3.870000e+00 6.236935e-04
3.880000e+00 5.810092e-04
3.890000e+00 5.389373e-04
3.900000e+00 4.975159e-04
3.910000e+00 4.567820e-04
3.920000e+00 4.167716e-04
3.930000e+00 3.775197e-04
3.940000e+00 3.390603e-04
3.950000e+00 3.014260e-04
3.960000e+00 2.646482e-04
3.970000e+00 2.287571e-04
3.980000e+00 1.937813e-04
3.990000e+00 1.597481e-04
4.000000e+00 1.266833e-04
4.010000e+00 9.461117e-05
4.020000e+00 6.355433e-05
4.030000e+00 3.353388e-05
4.040000e+00 4.569281e-06
4.050000e+00 -2.332166e-05
4.060000e+00 -5.012279e-05
4.070000e+00 -7.581965e-05
4.080000e+00 -1.003994e-04
4.090000e+00 -1.238510e-04
4.100000e+00 -1.461649e-04
4.110000e+00 -1.673334e-04
4.120000e+00 -1.873503e-04
4.130000e+00 -2.062112e-04
4.140000e+00 -2.239130e-04
4.150000e+00 -2.404546e-04
4.160000e+00 -2.558361e-04
4.170000e+00 -2.700593e-04
4.180000e+00 -2.831274e-04
4.190000e+00 -2.950451e-04
4.200000e+00 -3.058185e-04
4.210000e+00 -3.154550e-04
4.220000e+00 -3.239633e-04
4.230000e+00 -3.313536e-04
4.240000e+00 -3.376369e-04
4.250000e+00 -3.428258e-04
4.260000e+00 -3.469336e-04
4.270000e+00 -3.499751e-04
4.280000e+00 -3.519656e-04
4.290000e+00 -3.529219e-04
4.300000e+00 -3.528612e-04
4.310000e+00 -3.518020e-04
4.320000e+00 -3.497632e-04
4.330000e+00 -3.467648e-04
4.340000e+00 -3.428273e-04
4.350000e+00 -3.379718e-04
4.360000e+00 -3.322202e-04
4.370000e+00 -3.255948e-04
4.380000e+00 -3.181185e-04
4.390000e+00 -3.098145e-04
4.400000e+00 -3.007068e-04
4.410000e+00 -2.908193e-04
4.420000e+00 -2.801765e-04
4.430000e+00 -2.688033e-04
4.440000e+00 -2.567248e-04
4.450000e+00 -2.439661e-04
4.460000e+00 -2.305528e-04
4.470000e+00 -2.165107e-04
4.480000e+00 -2.018654e-04
4.490000e+00 -1.866429e-04
4.500000e+00 -1.708694e-04
4.510000e+00 -1.545707e-04
4.520000e+00 -1.377732e-04
4.530000e+00 -1.205029e-04
4.540000e+00 -1.027859e-04
4.550000e+00 -8.464850e-05
4.560000e+00 -6.611668e-05
4.570000e+00 -4.721648e-05
4.580000e+00 -2.797386e-05
4.590000e+00 -8.414669e-06
4.600000e+00 1.143536e-05
4.610000e+00 3.155060e-05
4.620000e+00 5.190559e-05
4.630000e+00 7.247501e-05
4.640000e+00 9.323374e-05
4.650000e+00 1.141568e-04
4.660000e+00 1.352195e-04
4.670000e+00 1.563973e-04
4.680000e+00 1.776660e-04
4.690000e+00 1.990014e-04
4.700000e+00 2.203799e-04
4.710000e+00 2.417780e-04
4.720000e+00 2.631725e-04
4.730000e+00 2.845406e-04
4.740000e+00 3.058598e-04
4.750000e+00 3.271079e-04
4.760000e+00 3.482632e-04
4.770000e+00 3.693043e-04
4.780000e+00 3.902102e-04
4.790000e+00 4.109604e-04
4.800000e+00 4.315349e-04
4.810000e+00 4.519139e-04
4.820000e+00 4.720784e-04
4.830000e+00 4.920098e-04
4.840000e+00 5.116900e-04
4.850000e+00 5.311014e-04
4.860000e+00 5.502270e-04
4.870000e+00 5.690505e-04
4.880000e+00 5.875561e-04
4.890000e+00 6.057285e-04
4.900000e+00 6.235533e-04
4.910000e+00 6.410165e-04
4.920000e+00 6.581048e-04
4.930000e+00 6.748059e-04
4.940000e+00 6.911076e-04
4.950000e+00 7.069990e-04
4.960000e+00 7.224695e-04
4.970000e+00 7.375093e-04
4.980000e+00 7.521096e-04
4.990000e+00 7.662620e-04
5.000000e+00 7.799589e-04
5.010000e+00 7.931935e-04
5.020000e+00 8.059598e-04
5.030000e+00 8.182525e-04
5.040000e+00 8.300670e-04
5.050000e+00 8.413994e-04
5.060000e+00 8.522466e-04
5.070000e+00 8.626061e-04
5.080000e+00 8.724764e-04
5.090000e+00 8.818563e-04
5.100000e+00 8.907456e-04
5.110000e+00 8.991446e-04
5.120000e+00 9.070543e-04
5.130000e+00 9.144765e-04
5.140000e+00 9.214133e-04
5.150000e+00 9.278676e-04
5.160000e+00 9.338429e-04
5.170000e+00 9.393432e-04
5.180000e+00 9.443729e-04
5.190000e+00 9.489372e-04
5.200000e+00 9.530415e-04
5.210000e+00 9.566917e-04
5.220000e+00 9.598942e-04
5.230000e+00 9.626559e-04
5.240000e+00 9.649838e-04
5.250000e+00 9.668853e-04
5.260000e+00 9.683684e-04
5.270000e+00 9.694409e-04
5.280000e+00 9.701113e-04
5.290000e+00 9.703880e-04
5.300000e+00 9.702797e-04
5.310000e+00 9.697953e-04
5.320000e+00 9.689438e-04
5.330000e+00 9.677343e-04
5.340000e+00 9.661761e-04
5.350000e+00 9.642783e-04
5.360000e+00 9.620502e-04
5.370000e+00 9.595011e-04
5.380000e+00 9.566404e-04
5.390000e+00 9.534772e-04
5.400000e+00 9.500207e-04
5.410000e+00 9.462801e-04
5.420000e+00 9.422644e-04
5.430000e+00 9.379825e-04
5.440000e+00 9.334432e-04
5.450000e+00 9.286553e-04
5.460000e+00 9.236273e-04
5.470000e+00 9.183675e-04
5.480000e+00 9.128843e-04
5.490000e+00 9.071858e-04
5.500000e+00 9.012798e-04
5.510000e+00 8.951741e-04
5.520000e+00 8.888764e-04
5.530000e+00 8.823940e-04
5.540000e+00 8.757342e-04
5.550000e+00 8.689041e-04
5.560000e+00 8.619106e-04
5.570000e+00 8.547605e-04
5.580000e+00 8.474604e-04
5.590000e+00 8.400167e-04
5.600000e+00 8.324359e-04
5.610000e+00 8.247240e-04
5.620000e+00 8.168872e-04
5.630000e+00 8.089314e-04
5.640000e+00 8.008624e-04
5.650000e+00 7.926861e-04
5.660000e+00 7.844080e-04
5.670000e+00 7.760338e-04
5.680000e+00 7.675689e-04
5.690000e+00 7.590189e-04
5.700000e+00 7.503891e-04
5.710000e+00 7.416849e-04
5.720000e+00 7.329116e-04
5.730000e+00 7.240744e-04
5.740000e+00 7.151788e-04
5.750000e+00 7.062299e-04
5.760000e+00 6.972331e-04
5.770000e+00 6.881934e-04
5.780000e+00 6.791163e-04
5.790000e+00 6.700070e-04
5.800000e+00 6.608707e-04
5.810000e+00 6.517127e-04
5.820000e+00 6.425383e-04
5.830000e+00 6.333527e-04
5.840000e+00 6.241614e-04
5.850000e+00 6.149695e-04
5.860000e+00 6.057824e-04
5.870000e+00 5.966054e-04
5.880000e+00 5.874438e-04
5.890000e+00 5.783028e-04
5.900000e+00 5.691877e-04
5.910000e+00 5.601038e-04
5.920000e+00 5.510562e-04
5.930000e+00 5.420500e-04
5.940000e+00 5.330904e-04
5.950000e+00 5.241824e-04
5.960000e+00 5.153309e-04
5.970000e+00 5.065408e-04
5.980000e+00 4.978170e-04
5.990000e+00 4.891640e-04
6.000000e+00 4.805864e-04
6.010000e+00 4.720887e-04
6.020000e+00 4.636752e-04
6.030000e+00 4.553501e-04
6.040000e+00 4.471172e-04
6.050000e+00 4.389806e-04
6.060000e+00 4.309438e-04
6.070000e+00 4.230104e-04
6.080000e+00 4.151836e-04
6.090000e+00 4.074665e-04
6.100000e+00 3.998622e-04
6.110000e+00 3.923733e-04
6.120000e+00 3.850023e-04
6.130000e+00 3.777515e-04
6.140000e+00 3.706230e-04
6.150000e+00 3.636188e-04
6.160000e+00 3.567405e-04
6.170000e+00 3.499895e-04
6.180000e+00 3.433673e-04
6.190000e+00 3.368747e-04
6.200000e+00 3.305128e-04
6.210000e+00 3.242823e-04
6.220000e+00 3.181837e-04
6.230000e+00 3.122173e-04
6.240000e+00 3.063834e-04
6.250000e+00 3.006820e-04
6.260000e+00 2.951131e-04
6.270000e+00 2.896766e-04
6.280000e+00 2.843721e-04
6.290000e+00 2.791992e-04
6.300000e+00 2.741576e-04
6.310000e+00 2.692468e-04
6.320000e+00 2.644662e-04
6.330000e+00 2.598153e-04
6.340000e+00 2.552936e-04
6.350000e+00 2.509004e-04
6.360000e+00 2.466353e-04
6.370000e+00 2.424979e-04
6.380000e+00 2.384878e-04
6.390000e+00 2.346047e-04
6.400000e+00 2.308484e-04
6.410000e+00 2.272188e-04
6.420000e+00 2.237161e-04
6.430000e+00 2.203404e-04
6.440000e+00 2.170922e-04
6.450000e+00 2.139720e-04
6.460000e+00 2.109806e-04
6.470000e+00 2.081189e-04
6.480000e+00 2.053883e-04
6.490000e+00 2.027900e-04
6.500000e+00 2.003258e-04
6.510000e+00 1.979975e-04
6.520000e+00 1.958073e-04
6.530000e+00 1.937575e-04
6.540000e+00 1.918508e-04
6.550000e+00 1.900900e-04
6.560000e+00 1.884783e-04
6.570000e+00 1.870190e-04
6.580000e+00 1.857157e-04
6.590000e+00 1.845723e-04
6.600000e+00 1.835927e-04
6.610000e+00 1.827812e-04
6.620000e+00 1.821422e-04
6.630000e+00 1.816804e-04
6.640000e+00 1.814005e-04
6.650000e+00 1.813075e-04
6.660000e+00 1.814065e-04
6.670000e+00 1.817025e-04
6.680000e+00 1.822008e-04
6.690000e+00 1.829068e-04
6.700000e+00 1.838258e-04
6.710000e+00 1.849631e-04
6.720000e+00 1.863242e-04
6.730000e+00 1.879142e-04
6.740000e+00 1.897386e-04
6.750000e+00 1.918023e-04
6.760000e+00 1.941105e-04
6.770000e+00 1.966680e-04
6.780000e+00 1.994796e-04
6.790000e+00 2.025496e-04
6.800000e+00 2.058824e-04
6.810000e+00 2.094820e-04
6.820000e+00 2.133520e-04
6.830000e+00 2.174958e-04
6.840000e+00 2.219165e-04
6.850000e+00 2.266166e-04
6.860000e+00 2.315986e-04
6.870000e+00 2.368642e-04
6.880000e+00 2.424147e-04
6.890000e+00 2.482513e-04
6.900000e+00 2.543743e-04
6.910000e+00 2.607836e-04
6.920000e+00 2.674788e-04
6.930000e+00 2.744588e-04
6.940000e+00 2.817219e-04
6.950000e+00 2.892660e-04
6.960000e+00 2.970882e-04
6.970000e+00 3.051855e-04
6.980000e+00 3.135538e-04
6.990000e+00 3.221887e-04
7.000000e+00 3.310852e-04
7.010000e+00 3.402377e-04
7.020000e+00 3.496401e-04
7.030000e+00 3.592857e-04
7.040000e+00 3.691671e-04
7.050000e+00 3.792766e-04
7.060000e+00 3.896058e-04
7.070000e+00 4.001459e-04
7.080000e+00 4.108874e-04
7.090000e+00 4.218206e-04
7.100000e+00 4.329350e-04
7.110000e+00 4.442200e-04
7.120000e+00 4.556644e-04
7.130000e+00 4.672565e-04
7.140000e+00 4.789844e-04
7.150000e+00 4.908357e-04
7.160000e+00 5.027979e-04
7.170000e+00 5.148581e-04
7.180000e+00 5.270029e-04
7.190000e+00 5.392190e-04
7.200000e+00 5.514928e-04
7.210000e+00 5.638104e-04
7.220000e+00 5.761580e-04
7.230000e+00 5.885213e-04
7.240000e+00 6.008863e-04
7.250000e+00 6.132388e-04
7.260000e+00 6.255645e-04
7.270000e+00 6.378492e-04
7.280000e+00 6.500788e-04
7.290000e+00 6.622391e-04
7.300000e+00 6.743162e-04
7.310000e+00 6.862961e-04
7.320000e+00 6.981651e-04
7.330000e+00 7.099097e-04
7.340000e+00 7.215164e-04
7.350000e+00 7.329721e-04
7.360000e+00 7.442640e-04
7.370000e+00 7.553793e-04
7.380000e+00 7.663057e-04
7.390000e+00 7.770312e-04
7.400000e+00 7.875441e-04
7.410000e+00 7.978328e-04
7.420000e+00 8.078865e-04
7.430000e+00 8.176942e-04
7.440000e+00 8.272458e-04
7.450000e+00 8.365312e-04
7.460000e+00 8.455408e-04
7.470000e+00 8.542655e-04
7.480000e+00 8.626963e-04
7.490000e+00 8.708250e-04
7.500000e+00 8.786434e-04
7.510000e+00 8.861439e-04
7.520000e+00 8.933192e-04
7.530000e+00 9.001625e-04
7.540000e+00 9.066672e-04
7.550000e+00 9.128273e-04
7.560000e+00 9.186369e-04
7.570000e+00 9.240907e-04
7.580000e+00 9.291837e-04
7.590000e+00 9.339111e-04
7.600000e+00 9.382686e-04
7.610000e+00 9.422521e-04
7.620000e+00 9.458579e-04
7.630000e+00 9.490825e-04
7.640000e+00 9.519228e-04
7.650000e+00 9.543759e-04
7.660000e+00 9.564391e-04
7.670000e+00 9.581102e-04
7.680000e+00 9.593870e-04
7.690000e+00 9.602676e-04
7.700000e+00 9.607502e-04
7.710000e+00 9.608335e-04
7.720000e+00 9.605161e-04
7.730000e+00 9.597969e-04
7.740000e+00 9.586751e-04
7.750000e+00 9.571497e-04
7.760000e+00 9.552202e-04
7.770000e+00 9.528862e-04
7.780000e+00 9.501473e-04
7.790000e+00 9.470034e-04
7.800000e+00 9.434544e-04
7.810000e+00 9.395003e-04
7.820000e+00 9.351414e-04
7.830000e+00 9.303780e-04
7.840000e+00 9.252107e-04
7.850000e+00 9.196398e-04
7.860000e+00 9.136663e-04
7.870000e+00 9.072908e-04
7.880000e+00 9.005145e-04
7.890000e+00 8.933383e-04
7.900000e+00 8.857637e-04
7.910000e+00 8.777919e-04
7.920000e+00 8.694246e-04
7.930000e+00 8.606635e-04
7.940000e+00 8.515106e-04
7.950000e+00 8.419679e-04
7.960000e+00 8.320379e-04
7.970000e+00 8.217230e-04
7.980000e+00 8.110260e-04
7.990000e+00 7.999499e-04
8.000000e+00 7.884981e-04
8.010000e+00 7.766741e-04
8.020000e+00 7.644816e-04
8.030000e+00 7.519250e-04
8.040000e+00 7.390085e-04
8.050000e+00 7.257371e-04
8.060000e+00 7.121158e-04
8.070000e+00 6.981503e-04
8.080000e+00 6.838464e-04
8.090000e+00 6.692105e-04
8.100000e+00 6.542492e-04
8.110000e+00 6.389698e-04
8.120000e+00 6.233799e-04
8.130000e+00 6.074876e-04
8.140000e+00 5.913013e-04
8.150000e+00 5.748302e-04
8.160000e+00 5.580838e-04
8.170000e+00 5.410722e-04
8.180000e+00 5.238058e-04
8.190000e+00 5.062960e-04
8.200000e+00 4.885542e-04
8.210000e+00 4.705927e-04
8.220000e+00 4.524243e-04
8.230000e+00 4.340622e-04
8.240000e+00 4.155202e-04
8.250000e+00 3.968128e-04
8.260000e+00 3.779549e-04
8.270000e+00 3.589620e-04
8.280000e+00 3.398502e-04
8.290000e+00 3.206361e-04
8.300000e+00 3.013367e-04
8.310000e+00 2.819697e-04
8.320000e+00 2.625532e-04
8.330000e+00 2.431059e-04
8.340000e+00 2.236468e-04
8.350000e+00 2.041955e-04
8.360000e+00 1.847720e-04
8.370000e+00 1.653967e-04
8.380000e+00 1.460904e-04
8.390000e+00 1.268742e-04
8.400000e+00 1.077697e-04
8.410000e+00 8.879845e-05
8.420000e+00 6.998265e-05
8.430000e+00 5.134454e-05
8.440000e+00 3.290660e-05
8.450000e+00 1.469145e-05
8.460000e+00 -3.278152e-06
8.470000e+00 -2.097939e-05
8.480000e+00 -3.838940e-05
8.490000e+00 -5.548534e-05
8.500000e+00 -7.224441e-05
8.510000e+00 -8.864393e-05
8.520000e+00 -1.046613e-04
8.530000e+00 -1.202743e-04
8.540000e+00 -1.354608e-04
8.550000e+00 -1.501989e-04
8.560000e+00 -1.644673e-04
8.570000e+00 -1.782448e-04
8.580000e+00 -1.915110e-04
8.590000e+00 -2.042457e-04
8.600000e+00 -2.164293e-04
8.610000e+00 -2.280431e-04
8.620000e+00 -2.390686e-04
8.630000e+00 -2.494883e-04
8.640000e+00 -2.592855e-04
8.650000e+00 -2.684440e-04
8.660000e+00 -2.769488e-04
8.670000e+00 -2.847856e-04
8.680000e+00 -2.919411e-04
8.690000e+00 -2.984028e-04
8.700000e+00 -3.041595e-04
8.710000e+00 -3.092009e-04
8.720000e+00 -3.135179e-04
8.730000e+00 -3.171022e-04
8.740000e+00 -3.199471e-04
8.750000e+00 -3.220469e-04
8.760000e+00 -3.233969e-04
8.770000e+00 -3.239940e-04
8.780000e+00 -3.238360e-04
8.790000e+00 -3.229222e-04
8.800000e+00 -3.212532e-04
8.810000e+00 -3.188306e-04
8.820000e+00 -3.156575e-04
8.830000e+00 -3.117383e-04
8.840000e+00 -3.070787e-04
8.850000e+00 -3.016854e-04
8.860000e+00 -2.955668e-04
8.870000e+00 -2.887321e-04
8.880000e+00 -2.811922e-04
8.890000e+00 -2.729588e-04
8.900000e+00 -2.640450e-04
8.910000e+00 -2.544651e-04
8.920000e+00 -2.442344e-04
8.930000e+00 -2.333693e-04
8.940000e+00 -2.218874e-04
8.950000e+00 -2.098070e-04
8.960000e+00 -1.971478e-04
8.970000e+00 -1.839300e-04
8.980000e+00 -1.701749e-04
8.990000e+00 -1.559045e-04
9.000000e+00 -1.411415e-04
9.010000e+00 -1.259096e-04
9.020000e+00 -1.102328e-04
9.030000e+00 -9.413568e-05
9.040000e+00 -7.764350e-05
9.050000e+00 -6.078186e-05
9.060000e+00 -4.357671e-05
9.070000e+00 -2.605434e-05
9.080000e+00 -8.241243e-06
9.090000e+00 9.835913e-06
9.100000e+00 2.815037e-05
9.110000e+00 4.667535e-05
9.120000e+00 6.538410e-05
9.130000e+00 8.425000e-05
9.140000e+00 1.032466e-04
9.150000e+00 1.223477e-04
9.160000e+00 1.415274e-04
9.170000e+00 1.607601e-04
9.180000e+00 1.800207e-04
9.190000e+00 1.992847e-04
9.200000e+00 2.185278e-04
9.210000e+00 2.377267e-04
9.220000e+00 2.568584e-04
9.230000e+00 2.759007e-04
9.240000e+00 2.948323e-04
9.250000e+00 3.136323e-04
9.260000e+00 3.322810e-04
9.270000e+00 3.507591e-04
9.280000e+00 3.690486e-04
9.290000e+00 3.871320e-04
9.300000e+00 4.049930e-04
9.310000e+00 4.226160e-04
9.320000e+00 4.399864e-04
9.330000e+00 4.570906e-04
9.340000e+00 4.739157e-04
9.350000e+00 4.904501e-04
9.360000e+00 5.066829e-04
9.370000e+00 5.226040e-04
9.380000e+00 5.382044e-04
9.390000e+00 5.534761e-04
9.400000e+00 5.684116e-04
9.410000e+00 5.830046e-04
9.420000e+00 5.972495e-04
9.430000e+00 6.111414e-04
9.440000e+00 6.246762e-04
9.450000e+00 6.378506e-04
9.460000e+00 6.506619e-04
9.470000e+00 6.631082e-04
9.480000e+00 6.751880e-04
9.490000e+00 6.869005e-04
9.500000e+00 6.982453e-04
9.510000e+00 7.092227e-04
9.520000e+00 7.198331e-04
9.530000e+00 7.300777e-04
9.540000e+00 7.399576e-04
9.550000e+00 7.494745e-04
9.560000e+00 7.586303e-04
9.570000e+00 7.674270e-04
9.580000e+00 7.758668e-04
9.590000e+00 7.839520e-04
9.600000e+00 7.916851e-04
9.610000e+00 7.990685e-04
9.620000e+00 8.061046e-04
9.630000e+00 8.127959e-04
9.640000e+00 8.191447e-04
9.650000e+00 8.251532e-04
9.660000e+00 8.308236e-04
9.670000e+00 8.361578e-04
9.680000e+00 8.411577e-04
9.690000e+00 8.458248e-04
9.700000e+00 8.501605e-04
9.710000e+00 8.541660e-04
9.720000e+00 8.578424e-04
9.730000e+00 8.611902e-04
9.740000e+00 8.642101e-04
9.750000e+00 8.669023e-04
9.760000e+00 8.692668e-04
9.770000e+00 8.713034e-04
9.780000e+00 8.730119e-04
9.790000e+00 8.743916e-04
9.800000e+00 8.754417e-04
9.810000e+00 8.761614e-04
9.820000e+00 8.765496e-04
9.830000e+00 8.766052e-04
9.840000e+00 8.763269e-04
9.850000e+00 8.757134e-04
9.860000e+00 8.747635e-04
9.870000e+00 8.734759e-04
9.880000e+00 8.718492e-04
9.890000e+00 8.698824e-04
9.900000e+00 8.675743e-04
9.910000e+00 8.649240e-04
9.920000e+00 8.619307e-04
9.930000e+00 8.585940e-04
9.940000e+00 8.549136e-04
9.950000e+00 8.508895e-04
9.960000e+00 8.465220e-04
9.970000e+00 8.418118e-04
9.980000e+00 8.367601e-04
9.990000e+00 8.313682e-04
1.000000e+01 8.256381e-04
