# sigma2_v 3.097800875736723e+00
0.000000e+00 1.000000e+00
1.000000e-02 9.998451e-01
2.000000e-02 9.993806e-01
3.000000e-02 9.986070e-01
4.000000e-02 9.975249e-01
5.000000e-02 9.961353e-01
6.000000e-02 9.944396e-01
7.000000e-02 9.924393e-01
8.000000e-02 9.901364e-01
9.000000e-02 9.875329e-01
1.000000e-01 9.846312e-01
1.100000e-01 9.814342e-01
1.200000e-01 9.779446e-01
1.300000e-01 9.741658e-01
1.400000e-01 9.701012e-01
1.500000e-01 9.657545e-01
1.600000e-01 9.611298e-01
1.700000e-01 9.562312e-01
1.800000e-01 9.510632e-01
1.900000e-01 9.456305e-01
2.000000e-01 9.399380e-01
2.100000e-01 9.339907e-01
2.200000e-01 9.277941e-01
2.300000e-01 9.213535e-01
2.400000e-01 9.146748e-01
2.500000e-01 9.077638e-01
2.600000e-01 9.006265e-01
2.700000e-01 8.932693e-01
2.800000e-01 8.856983e-01
2.900000e-01 8.779202e-01
3.000000e-01 8.699416e-01
3.100000e-01 8.617693e-01
3.200000e-01 8.534101e-01
3.300000e-01 8.448710e-01
3.400000e-01 8.361592e-01
3.500000e-01 8.272818e-01
3.600000e-01 8.182461e-01
3.700000e-01 8.090593e-01
3.800000e-01 7.997289e-01
3.900000e-01 7.902623e-01
4.000000e-01 7.806669e-01
4.100000e-01 7.709501e-01
4.200000e-01 7.611196e-01
4.300000e-01 7.511828e-01
4.400000e-01 7.411472e-01
4.500000e-01 7.310204e-01
4.600000e-01 7.208097e-01
4.700000e-01 7.105226e-01
4.800000e-01 7.001666e-01
4.900000e-01 6.897490e-01
5.000000e-01 6.792771e-01
5.100000e-01 6.687581e-01
5.200000e-01 6.581993e-01
5.300000e-01 6.476077e-01
5.400000e-01 6.369903e-01
5.500000e-01 6.263541e-01
5.600000e-01 6.157058e-01
5.700000e-01 6.050522e-01
5.800000e-01 5.943998e-01
5.900000e-01 5.837552e-01
6.000000e-01 5.731246e-01
6.100000e-01 5.625143e-01
6.200000e-01 5.519305e-01
6.300000e-01 5.413789e-01
6.400000e-01 5.308655e-01
6.500000e-01 5.203959e-01
6.600000e-01 5.099756e-01
6.700000e-01 4.996098e-01
6.800000e-01 4.893039e-01
6.900000e-01 4.790628e-01
7.000000e-01 4.688914e-01
7.100000e-01 4.587943e-01
7.200000e-01 4.487761e-01
7.300000e-01 4.388411e-01
7.400000e-01 4.289935e-01
7.500000e-01 4.192373e-01
7.600000e-01 4.095763e-01
7.700000e-01 4.000142e-01
7.800000e-01 3.905544e-01
7.900000e-01 3.812003e-01
8.000000e-01 3.719550e-01
8.100000e-01 3.628213e-01
8.200000e-01 3.538022e-01
8.300000e-01 3.449002e-01
8.400000e-01 3.361177e-01
8.500000e-01 3.274571e-01
8.600000e-01 3.189203e-01
8.700000e-01 3.105094e-01
8.800000e-01 3.022261e-01
8.900000e-01 2.940721e-01
9.000000e-01 2.860487e-01
9.100000e-01 2.781573e-01
9.200000e-01 2.703990e-01
9.300000e-01 2.627749e-01
9.400000e-01 2.552857e-01
9.500000e-01 2.479321e-01
9.600000e-01 2.407148e-01
9.700000e-01 2.336341e-01
9.800000e-01 2.266903e-01
9.900000e-01 2.198837e-01
1.000000e+00 2.132142e-01
1.010000e+00 2.066818e-01
1.020000e+00 2.002862e-01
1.030000e+00 1.940271e-01
1.040000e+00 1.879042e-01
1.050000e+00 1.819168e-01
1.060000e+00 1.760644e-01
1.070000e+00 1.703462e-01
1.080000e+00 1.647614e-01
1.090000e+00 1.593091e-01
1.100000e+00 1.539882e-01
1.110000e+00 1.487977e-01
1.120000e+00 1.437365e-01
1.130000e+00 1.388032e-01
1.140000e+00 1.339966e-01
1.150000e+00 1.293153e-01
1.160000e+00 1.247578e-01
1.170000e+00 1.203228e-01
1.180000e+00 1.160085e-01
1.190000e+00 1.118135e-01
1.200000e+00 1.077361e-01
1.210000e+00 1.037745e-01
1.220000e+00 9.992708e-02
1.230000e+00 9.619206e-02
1.240000e+00 9.256761e-02
1.250000e+00 8.905190e-02
1.260000e+00 8.564308e-02
1.270000e+00 8.233926e-02
1.280000e+00 7.913853e-02
1.290000e+00 7.603896e-02
1.300000e+00 7.303862e-02
1.310000e+00 7.013555e-02
1.320000e+00 6.732778e-02
1.330000e+00 6.461335e-02
1.340000e+00 6.199027e-02
1.350000e+00 5.945658e-02
1.360000e+00 5.701028e-02
1.370000e+00 5.464939e-02
1.380000e+00 5.237195e-02
1.390000e+00 5.017598e-02
1.400000e+00 4.805952e-02
1.410000e+00 4.602061e-02
1.420000e+00 4.405732e-02
1.430000e+00 4.216772e-02
1.440000e+00 4.034988e-02
1.450000e+00 3.860192e-02
1.460000e+00 3.692194e-02
1.470000e+00 3.530809e-02
1.480000e+00 3.375852e-02
1.490000e+00 3.227142e-02
1.500000e+00 3.084496e-02
1.510000e+00 2.947739e-02
1.520000e+00 2.816695e-02
1.530000e+00 2.691190e-02
1.540000e+00 2.571055e-02
1.550000e+00 2.456121e-02
1.560000e+00 2.346224e-02
1.570000e+00 2.241201e-02
1.580000e+00 2.140893e-02
1.590000e+00 2.045143e-02
1.600000e+00 1.953798e-02
1.610000e+00 1.866706e-02
1.620000e+00 1.783721e-02
1.630000e+00 1.704697e-02
1.640000e+00 1.629493e-02
1.650000e+00 1.557970e-02
1.660000e+00 1.489993e-02
1.670000e+00 1.425429e-02
1.680000e+00 1.364148e-02
1.690000e+00 1.306024e-02
1.700000e+00 1.250935e-02
1.710000e+00 1.198760e-02
1.720000e+00 1.149381e-02
1.730000e+00 1.102686e-02
1.740000e+00 1.058562e-02
1.750000e+00 1.016903e-02
1.760000e+00 9.776026e-03
1.770000e+00 9.405595e-03
1.780000e+00 9.056747e-03
1.790000e+00 8.728521e-03
1.800000e+00 8.419987e-03
1.810000e+00 8.130242e-03
1.820000e+00 7.858413e-03
1.830000e+00 7.603653e-03
1.840000e+00 7.365145e-03
1.850000e+00 7.142097e-03
1.860000e+00 6.933745e-03
1.870000e+00 6.739353e-03
1.880000e+00 6.558208e-03
1.890000e+00 6.389624e-03
1.900000e+00 6.232941e-03
1.910000e+00 6.087523e-03
1.920000e+00 5.952757e-03
1.930000e+00 5.828054e-03
1.940000e+00 5.712851e-03
1.950000e+00 5.606604e-03
1.960000e+00 5.508793e-03
1.970000e+00 5.418918e-03
1.980000e+00 5.336504e-03
1.990000e+00 5.261091e-03
2.000000e+00 5.192245e-03
2.010000e+00 5.129546e-03
2.020000e+00 5.072597e-03
2.030000e+00 5.021017e-03
2.040000e+00 4.974445e-03
2.050000e+00 4.932536e-03
2.060000e+00 4.894962e-03
2.070000e+00 4.861412e-03
2.080000e+00 4.831589e-03
2.090000e+00 4.805214e-03
2.100000e+00 4.782021e-03
2.110000e+00 4.761759e-03
2.120000e+00 4.744189e-03
2.130000e+00 4.729087e-03
2.140000e+00 4.716242e-03
2.150000e+00 4.705453e-03
2.160000e+00 4.696533e-03
2.170000e+00 4.689305e-03
2.180000e+00 4.683603e-03
2.190000e+00 4.679272e-03
2.200000e+00 4.676165e-03
2.210000e+00 4.674145e-03
2.220000e+00 4.673086e-03
2.230000e+00 4.672868e-03
2.240000e+00 4.673379e-03
2.250000e+00 4.674518e-03
2.260000e+00 4.676186e-03
2.270000e+00 4.678296e-03
2.280000e+00 4.680763e-03
2.290000e+00 4.683512e-03
2.300000e+00 4.686471e-03
2.310000e+00 4.689575e-03
2.320000e+00 4.692763e-03
2.330000e+00 4.695980e-03
2.340000e+00 4.699174e-03
2.350000e+00 4.702299e-03
2.360000e+00 4.705311e-03
2.370000e+00 4.708170e-03
2.380000e+00 4.710841e-03
2.390000e+00 4.713290e-03
2.400000e+00 4.715488e-03
2.410000e+00 4.717407e-03
2.420000e+00 4.719021e-03
2.430000e+00 4.720309e-03
2.440000e+00 4.721250e-03
2.450000e+00 4.721825e-03
2.460000e+00 4.722017e-03
2.470000e+00 4.721811e-03
2.480000e+00 4.721194e-03
2.490000e+00 4.720153e-03
2.500000e+00 4.718677e-03
2.510000e+00 4.716757e-03
2.520000e+00 4.714383e-03
2.530000e+00 4.711549e-03
2.540000e+00 4.708246e-03
2.550000e+00 4.704469e-03
2.560000e+00 4.700213e-03
2.570000e+00 4.695474e-03
2.580000e+00 4.690247e-03
2.590000e+00 4.684529e-03
2.600000e+00 4.678319e-03
2.610000e+00 4.671613e-03
2.620000e+00 4.664411e-03
2.630000e+00 4.656712e-03
2.640000e+00 4.648517e-03
2.650000e+00 4.639824e-03
2.660000e+00 4.630635e-03
2.670000e+00 4.620952e-03
2.680000e+00 4.610777e-03
2.690000e+00 4.600111e-03
2.700000e+00 4.588959e-03
2.710000e+00 4.577324e-03
2.720000e+00 4.565210e-03
2.730000e+00 4.552622e-03
2.740000e+00 4.539565e-03
2.750000e+00 4.526046e-03
2.760000e+00 4.512071e-03
2.770000e+00 4.497646e-03
2.780000e+00 4.482781e-03
2.790000e+00 4.467483e-03
2.800000e+00 4.451761e-03
2.810000e+00 4.435625e-03
2.820000e+00 4.419085e-03
2.830000e+00 4.402152e-03
2.840000e+00 4.384837e-03
2.850000e+00 4.367153e-03
2.860000e+00 4.349111e-03
2.870000e+00 4.330726e-03
2.880000e+00 4.312010e-03
2.890000e+00 4.292978e-03
2.900000e+00 4.273644e-03
2.910000e+00 4.254024e-03
2.920000e+00 4.234133e-03
2.930000e+00 4.213986e-03
2.940000e+00 4.193601e-03
2.950000e+00 4.172993e-03
2.960000e+00 4.152181e-03
2.970000e+00 4.131180e-03
2.980000e+00 4.110008e-03
2.990000e+00 4.088682e-03
3.000000e+00 4.067221e-03
3.010000e+00 4.045641e-03
3.020000e+00 4.023961e-03
3.030000e+00 4.002197e-03
3.040000e+00 3.980369e-03
3.050000e+00 3.958492e-03
3.060000e+00 3.936584e-03
3.070000e+00 3.914661e-03
3.080000e+00 3.892742e-03
3.090000e+00 3.870841e-03
3.100000e+00 3.848974e-03
3.110000e+00 3.827158e-03
3.120000e+00 3.805407e-03
3.130000e+00 3.783735e-03
3.140000e+00 3.762156e-03
3.150000e+00 3.740683e-03
3.160000e+00 3.719329e-03
3.170000e+00 3.698106e-03
3.180000e+00 3.677024e-03
3.190000e+00 3.656094e-03
3.200000e+00 3.635326e-03
3.210000e+00 3.614727e-03
3.220000e+00 3.594307e-03
3.230000e+00 3.574072e-03
3.240000e+00 3.554027e-03
3.250000e+00 3.534179e-03
3.260000e+00 3.514531e-03
3.270000e+00 3.495088e-03
3.280000e+00 3.475850e-03
3.290000e+00 3.456821e-03
3.300000e+00 3.438001e-03
3.310000e+00 3.419389e-03
3.320000e+00 3.400984e-03
3.330000e+00 3.382786e-03
3.340000e+00 3.364790e-03
3.350000e+00 3.346993e-03
3.360000e+00 3.329391e-03
3.370000e+00 3.311979e-03
3.380000e+00 3.294751e-03
3.390000e+00 3.277700e-03
3.400000e+00 3.260820e-03
3.410000e+00 3.244102e-03
3.420000e+00 3.227537e-03
3.430000e+00 3.211119e-03
3.440000e+00 3.194835e-03
3.450000e+00 3.178678e-03
3.460000e+00 3.162636e-03
3.470000e+00 3.146700e-03
3.480000e+00 3.130858e-03
3.490000e+00 3.115099e-03
3.500000e+00 3.099412e-03
3.510000e+00 3.083785e-03
3.520000e+00 3.068208e-03
3.530000e+00 3.052668e-03
3.540000e+00 3.037155e-03
3.550000e+00 3.021656e-03
3.560000e+00 3.006161e-03
3.570000e+00 2.990658e-03
3.580000e+00 2.975137e-03
3.590000e+00 2.959587e-03
3.600000e+00 2.943998e-03
3.610000e+00 2.928360e-03
3.620000e+00 2.912664e-03
3.630000e+00 2.896900e-03
3.640000e+00 2.881060e-03
3.650000e+00 2.865137e-03
3.660000e+00 2.849123e-03
3.670000e+00 2.833010e-03
3.680000e+00 2.816794e-03
3.690000e+00 2.800468e-03
3.700000e+00 2.784028e-03
3.710000e+00 2.767469e-03
3.720000e+00 2.750789e-03
3.730000e+00 2.733984e-03
3.740000e+00 2.717054e-03
3.750000e+00 2.699996e-03
3.760000e+00 2.682811e-03
3.770000e+00 2.665498e-03
3.780000e+00 2.648060e-03
3.790000e+00 2.630499e-03
3.800000e+00 2.612817e-03
3.810000e+00 2.595019e-03
3.820000e+00 2.577108e-03
3.830000e+00 2.559090e-03
3.840000e+00 2.540972e-03
3.850000e+00 2.522759e-03
3.860000e+00 2.504460e-03
3.870000e+00 2.486083e-03
3.880000e+00 2.467637e-03
3.890000e+00 2.449132e-03
3.900000e+00 2.430578e-03
3.910000e+00 2.411986e-03
3.920000e+00 2.393368e-03
3.930000e+00 2.374737e-03
3.940000e+00 2.356104e-03
3.950000e+00 2.337484e-03
3.960000e+00 2.318891e-03
3.970000e+00 2.300338e-03
3.980000e+00 2.281841e-03
3.990000e+00 2.263415e-03
4.000000e+00 2.245075e-03
4.010000e+00 2.226838e-03
4.020000e+00 2.208719e-03
4.030000e+00 2.190736e-03
4.040000e+00 2.172905e-03
4.050000e+00 2.155244e-03
4.060000e+00 2.137768e-03
4.070000e+00 2.120496e-03
4.080000e+00 2.103445e-03
4.090000e+00 2.086632e-03
4.100000e+00 2.070074e-03
4.110000e+00 2.053790e-03
4.120000e+00 2.037796e-03
4.130000e+00 2.022109e-03
4.140000e+00 2.006748e-03
4.150000e+00 1.991727e-03
4.160000e+00 1.977065e-03
4.170000e+00 1.962777e-03
4.180000e+00 1.948880e-03
4.190000e+00 1.935389e-03
4.200000e+00 1.922321e-03
4.210000e+00 1.909689e-03
4.220000e+00 1.897509e-03
4.230000e+00 1.885796e-03
4.240000e+00 1.874561e-03
4.250000e+00 1.863820e-03
4.260000e+00 1.853584e-03
4.270000e+00 1.843866e-03
4.280000e+00 1.834677e-03
4.290000e+00 1.826028e-03
4.300000e+00 1.817930e-03
4.310000e+00 1.810391e-03
4.320000e+00 1.803421e-03
4.330000e+00 1.797028e-03
4.340000e+00 1.791219e-03
4.350000e+00 1.786001e-03
4.360000e+00 1.781380e-03
4.370000e+00 1.777361e-03
4.380000e+00 1.773948e-03
4.390000e+00 1.771145e-03
4.400000e+00 1.768953e-03
4.410000e+00 1.767376e-03
4.420000e+00 1.766414e-03
4.430000e+00 1.766067e-03
4.440000e+00 1.766335e-03
4.450000e+00 1.767214e-03
4.460000e+00 1.768704e-03
4.470000e+00 1.770801e-03
4.480000e+00 1.773499e-03
4.490000e+00 1.776795e-03
4.500000e+00 1.780682e-03
4.510000e+00 1.785153e-03
4.520000e+00 1.790200e-03
4.530000e+00 1.795815e-03
4.540000e+00 1.801988e-03
4.550000e+00 1.808709e-03
4.560000e+00 1.815967e-03
4.570000e+00 1.823749e-03
4.580000e+00 1.832043e-03
4.590000e+00 1.840836e-03
4.600000e+00 1.850112e-03
4.610000e+00 1.859858e-03
4.620000e+00 1.870057e-03
4.630000e+00 1.880693e-03
4.640000e+00 1.891748e-03
4.650000e+00 1.903206e-03
4.660000e+00 1.915046e-03
4.670000e+00 1.927251e-03
4.680000e+00 1.939801e-03
4.690000e+00 1.952676e-03
4.700000e+00 1.965854e-03
4.710000e+00 1.979316e-03
4.720000e+00 1.993038e-03
4.730000e+00 2.007000e-03
4.740000e+00 2.021178e-03
4.750000e+00 2.035550e-03
4.760000e+00 2.050093e-03
4.770000e+00 2.064783e-03
4.780000e+00 2.079596e-03
4.790000e+00 2.094509e-03
4.800000e+00 2.109497e-03
4.810000e+00 2.124536e-03
4.820000e+00 2.139602e-03
4.830000e+00 2.154669e-03
4.840000e+00 2.169713e-03
4.850000e+00 2.184710e-03
4.860000e+00 2.199634e-03
4.870000e+00 2.214461e-03
4.880000e+00 2.229166e-03
4.890000e+00 2.243725e-03
4.900000e+00 2.258112e-03
4.910000e+00 2.272303e-03
4.920000e+00 2.286275e-03
4.930000e+00 2.300003e-03
4.940000e+00 2.313463e-03
4.950000e+00 2.326631e-03
4.960000e+00 2.339485e-03
4.970000e+00 2.352001e-03
4.980000e+00 2.364156e-03
4.990000e+00 2.375927e-03
5.000000e+00 2.387294e-03
5.010000e+00 2.398233e-03
5.020000e+00 2.408724e-03
5.030000e+00 2.418747e-03
5.040000e+00 2.428279e-03
5.050000e+00 2.437302e-03
5.060000e+00 2.445796e-03
5.070000e+00 2.453742e-03
5.080000e+00 2.461121e-03
5.090000e+00 2.467917e-03
5.100000e+00 2.474110e-03
5.110000e+00 2.479685e-03
5.120000e+00 2.484625e-03
5.130000e+00 2.488915e-03
5.140000e+00 2.492540e-03
5.150000e+00 2.495485e-03
5.160000e+00 2.497737e-03
5.170000e+00 2.499284e-03
5.180000e+00 2.500112e-03
5.190000e+00 2.500210e-03
5.200000e+00 2.499567e-03
5.210000e+00 2.498174e-03
5.220000e+00 2.496020e-03
5.230000e+00 2.493098e-03
5.240000e+00 2.489400e-03
5.250000e+00 2.484918e-03
5.260000e+00 2.479647e-03
5.270000e+00 2.473580e-03
5.280000e+00 2.466715e-03
5.290000e+00 2.459047e-03
5.300000e+00 2.450573e-03
5.310000e+00 2.441292e-03
5.320000e+00 2.431203e-03
5.330000e+00 2.420305e-03
5.340000e+00 2.408599e-03
5.350000e+00 2.396088e-03
5.360000e+00 2.382774e-03
5.370000e+00 2.368661e-03
5.380000e+00 2.353753e-03
5.390000e+00 2.338056e-03
5.400000e+00 2.321576e-03
5.410000e+00 2.304322e-03
5.420000e+00 2.286301e-03
5.430000e+00 2.267524e-03
5.440000e+00 2.248001e-03
5.450000e+00 2.227743e-03
5.460000e+00 2.206762e-03
5.470000e+00 2.185073e-03
5.480000e+00 2.162690e-03
5.490000e+00 2.139628e-03
5.500000e+00 2.115903e-03
5.510000e+00 2.091533e-03
5.520000e+00 2.066536e-03
5.530000e+00 2.040931e-03
5.540000e+00 2.014738e-03
5.550000e+00 1.987978e-03
5.560000e+00 1.960673e-03
5.570000e+00 1.932845e-03
5.580000e+00 1.904519e-03
5.590000e+00 1.875717e-03
5.600000e+00 1.846466e-03
5.610000e+00 1.816790e-03
5.620000e+00 1.786716e-03
5.630000e+00 1.756271e-03
5.640000e+00 1.725483e-03
5.650000e+00 1.694380e-03
5.660000e+00 1.662990e-03
5.670000e+00 1.631343e-03
5.680000e+00 1.599468e-03
5.690000e+00 1.567396e-03
5.700000e+00 1.535156e-03
5.710000e+00 1.502779e-03
5.720000e+00 1.470296e-03
5.730000e+00 1.437738e-03
5.740000e+00 1.405136e-03
5.750000e+00 1.372522e-03
5.760000e+00 1.339926e-03
5.770000e+00 1.307380e-03
5.780000e+00 1.274915e-03
5.790000e+00 1.242561e-03
5.800000e+00 1.210350e-03
5.810000e+00 1.178311e-03
5.820000e+00 1.146476e-03
5.830000e+00 1.114873e-03
5.840000e+00 1.083532e-03
5.850000e+00 1.052481e-03
5.860000e+00 1.021749e-03
5.870000e+00 9.913633e-04
5.880000e+00 9.613508e-04
5.890000e+00 9.317378e-04
5.900000e+00 9.025497e-04
5.910000e+00 8.738111e-04
5.920000e+00 8.455458e-04
5.930000e+00 8.177768e-04
5.940000e+00 7.905260e-04
5.950000e+00 7.638145e-04
5.960000e+00 7.376622e-04
5.970000e+00 7.120882e-04
5.980000e+00 6.871103e-04
5.990000e+00 6.627453e-04
6.000000e+00 6.390090e-04
6.010000e+00 6.159160e-04
6.020000e+00 5.934796e-04
6.030000e+00 5.717122e-04
6.040000e+00 5.506247e-04
6.050000e+00 5.302272e-04
6.060000e+00 5.105282e-04
6.070000e+00 4.915353e-04
6.080000e+00 4.732548e-04
6.090000e+00 4.556918e-04
6.100000e+00 4.388503e-04
6.110000e+00 4.227330e-04
6.120000e+00 4.073416e-04
6.130000e+00 3.926766e-04
6.140000e+00 3.787373e-04
6.150000e+00 3.655220e-04
6.160000e+00 3.530278e-04
6.170000e+00 3.412510e-04
6.180000e+00 3.301866e-04
6.190000e+00 3.198288e-04
6.200000e+00 3.101708e-04
6.210000e+00 3.012048e-04
6.220000e+00 2.929222e-04
6.230000e+00 2.853136e-04
6.240000e+00 2.783686e-04
6.250000e+00 2.720763e-04
6.260000e+00 2.664250e-04
6.270000e+00 2.614022e-04
6.280000e+00 2.569948e-04
6.290000e+00 2.531892e-04
6.300000e+00 2.499713e-04
6.310000e+00 2.473264e-04
6.320000e+00 2.452393e-04
6.330000e+00 2.436946e-04
6.340000e+00 2.426762e-04
6.350000e+00 2.421681e-04
6.360000e+00 2.421538e-04
6.370000e+00 2.426165e-04
6.380000e+00 2.435394e-04
6.390000e+00 2.449054e-04
6.400000e+00 2.466976e-04
6.410000e+00 2.488986e-04
6.420000e+00 2.514913e-04
6.430000e+00 2.544585e-04
6.440000e+00 2.577832e-04
6.450000e+00 2.614483e-04
6.460000e+00 2.654369e-04
6.470000e+00 2.697323e-04
6.480000e+00 2.743180e-04
6.490000e+00 2.791775e-04
6.500000e+00 2.842950e-04
6.510000e+00 2.896544e-04
6.520000e+00 2.952404e-04
6.530000e+00 3.010377e-04
6.540000e+00 3.070314e-04
6.550000e+00 3.132071e-04
6.560000e+00 3.195505e-04
6.570000e+00 3.260480e-04
6.580000e+00 3.326862e-04
6.590000e+00 3.394521e-04
6.600000e+00 3.463331e-04
6.610000e+00 3.533172e-04
6.620000e+00 3.603926e-04
6.630000e+00 3.675482e-04
6.640000e+00 3.747730e-04
6.650000e+00 3.820567e-04
6.660000e+00 3.893894e-04
6.670000e+00 3.967614e-04
6.680000e+00 4.041639e-04
6.690000e+00 4.115880e-04
6.700000e+00 4.190256e-04
6.710000e+00 4.264688e-04
6.720000e+00 4.339101e-04
6.730000e+00 4.413427e-04
6.740000e+00 4.487598e-04
6.750000e+00 4.561551e-04
6.760000e+00 4.635228e-04
6.770000e+00 4.708573e-04
6.780000e+00 4.781534e-04
6.790000e+00 4.854061e-04
6.800000e+00 4.926109e-04
6.810000e+00 4.997634e-04
6.820000e+00 5.068597e-04
6.830000e+00 5.138959e-04
6.840000e+00 5.208686e-04
6.850000e+00 5.277743e-04
6.860000e+00 5.346100e-04
6.870000e+00 5.413729e-04
6.880000e+00 5.480601e-04
6.890000e+00 5.546690e-04
6.900000e+00 5.611973e-04
6.910000e+00 5.676425e-04
6.920000e+00 5.740026e-04
6.930000e+00 5.802752e-04
6.940000e+00 5.864584e-04
6.950000e+00 5.925502e-04
6.960000e+00 5.985485e-04
6.970000e+00 6.044514e-04
6.980000e+00 6.102570e-04
6.990000e+00 6.159632e-04
7.000000e+00 6.215682e-04
7.010000e+00 6.270699e-04
7.020000e+00 6.324663e-04
7.030000e+00 6.377551e-04
7.040000e+00 6.429343e-04
7.050000e+00 6.480015e-04
7.060000e+00 6.529544e-04
7.070000e+00 6.577905e-04
7.080000e+00 6.625073e-04
7.090000e+00 6.671020e-04
7.100000e+00 6.715718e-04
7.110000e+00 6.759139e-04
7.120000e+00 6.801252e-04
7.130000e+00 6.842025e-04
7.140000e+00 6.881425e-04
7.150000e+00 6.919418e-04
7.160000e+00 6.955969e-04
7.170000e+00 6.991040e-04
7.180000e+00 7.024594e-04
7.190000e+00 7.056592e-04
7.200000e+00 7.086994e-04
7.210000e+00 7.115760e-04
7.220000e+00 7.142847e-04
7.230000e+00 7.168213e-04
7.240000e+00 7.191815e-04
7.250000e+00 7.213609e-04
7.260000e+00 7.233553e-04
7.270000e+00 7.251601e-04
7.280000e+00 7.267711e-04
7.290000e+00 7.281839e-04
7.300000e+00 7.293941e-04
7.310000e+00 7.303975e-04
7.320000e+00 7.311900e-04
7.330000e+00 7.317675e-04
7.340000e+00 7.321261e-04
7.350000e+00 7.322620e-04
7.360000e+00 7.321717e-04
7.370000e+00 7.318518e-04
7.380000e+00 7.312992e-04
7.390000e+00 7.305110e-04
7.400000e+00 7.294847e-04
7.410000e+00 7.282179e-04
7.420000e+00 7.267088e-04
7.430000e+00 7.249558e-04
7.440000e+00 7.229578e-04
7.450000e+00 7.207141e-04
7.460000e+00 7.182242e-04
7.470000e+00 7.154886e-04
7.480000e+00 7.125077e-04
7.490000e+00 7.092828e-04
7.500000e+00 7.058156e-04
7.510000e+00 7.021084e-04
7.520000e+00 6.981641e-04
7.530000e+00 6.939861e-04
7.540000e+00 6.895784e-04
7.550000e+00 6.849459e-04
7.560000e+00 6.800936e-04
7.570000e+00 6.750277e-04
7.580000e+00 6.697547e-04
7.590000e+00 6.642819e-04
7.600000e+00 6.586172e-04
7.610000e+00 6.527692e-04
7.620000e+00 6.467470e-04
7.630000e+00 6.405607e-04
7.640000e+00 6.342206e-04
7.650000e+00 6.277379e-04
7.660000e+00 6.211244e-04
7.670000e+00 6.143925e-04
7.680000e+00 6.075552e-04
7.690000e+00 6.006259e-04
7.700000e+00 5.936186e-04
7.710000e+00 5.865481e-04
7.720000e+00 5.794292e-04
7.730000e+00 5.722776e-04
7.740000e+00 5.651092e-04
7.750000e+00 5.579401e-04
7.760000e+00 5.507871e-04
7.770000e+00 5.436671e-04
7.780000e+00 5.365973e-04
7.790000e+00 5.295951e-04
7.800000e+00 5.226780e-04
7.810000e+00 5.158637e-04
7.820000e+00 5.091698e-04
7.830000e+00 5.026142e-04
7.840000e+00 4.962146e-04
7.850000e+00 4.899884e-04
7.860000e+00 4.839532e-04
7.870000e+00 4.781260e-04
7.880000e+00 4.725240e-04
7.890000e+00 4.671636e-04
7.900000e+00 4.620611e-04
7.910000e+00 4.572324e-04
7.920000e+00 4.526926e-04
7.930000e+00 4.484566e-04
7.940000e+00 4.445384e-04
7.950000e+00 4.409516e-04
7.960000e+00 4.377089e-04
7.970000e+00 4.348224e-04
7.980000e+00 4.323031e-04
7.990000e+00 4.301615e-04
8.000000e+00 4.284070e-04
8.010000e+00 4.270481e-04
8.020000e+00 4.260923e-04
8.030000e+00 4.255461e-04
8.040000e+00 4.254148e-04
8.050000e+00 4.257029e-04
8.060000e+00 4.264135e-04
8.070000e+00 4.275487e-04
8.080000e+00 4.291095e-04
8.090000e+00 4.310956e-04
8.100000e+00 4.335055e-04
8.110000e+00 4.363366e-04
8.120000e+00 4.395849e-04
8.130000e+00 4.432453e-04
8.140000e+00 4.473116e-04
8.150000e+00 4.517761e-04
8.160000e+00 4.566301e-04
8.170000e+00 4.618638e-04
8.180000e+00 4.674658e-04
8.190000e+00 4.734239e-04
8.200000e+00 4.797248e-04
8.210000e+00 4.863537e-04
8.220000e+00 4.932951e-04
8.230000e+00 5.005322e-04
8.240000e+00 5.080473e-04
8.250000e+00 5.158218e-04
8.260000e+00 5.238358e-04
8.270000e+00 5.320690e-04
8.280000e+00 5.404998e-04
8.290000e+00 5.491061e-04
8.300000e+00 5.578649e-04
8.310000e+00 5.667526e-04
8.320000e+00 5.757449e-04
8.330000e+00 5.848170e-04
8.340000e+00 5.939435e-04
8.350000e+00 6.030985e-04
8.360000e+00 6.122559e-04
8.370000e+00 6.213892e-04
8.380000e+00 6.304714e-04
8.390000e+00 6.394757e-04
8.400000e+00 6.483748e-04
8.410000e+00 6.571417e-04
8.420000e+00 6.657490e-04
8.430000e+00 6.741698e-04
8.440000e+00 6.823769e-04
8.450000e+00 6.903438e-04
8.460000e+00 6.980437e-04
8.470000e+00 7.054507e-04
8.480000e+00 7.125389e-04
8.490000e+00 7.192831e-04
8.500000e+00 7.256585e-04
8.510000e+00 7.316408e-04
8.520000e+00 7.372066e-04
8.530000e+00 7.423331e-04
8.540000e+00 7.469981e-04
8.550000e+00 7.511804e-04
8.560000e+00 7.548596e-04
8.570000e+00 7.580163e-04
8.580000e+00 7.606319e-04
8.590000e+00 7.626889e-04
8.600000e+00 7.641709e-04
8.610000e+00 7.650625e-04
8.620000e+00 7.653494e-04
8.630000e+00 7.650186e-04
8.640000e+00 7.640582e-04
8.650000e+00 7.624576e-04
8.660000e+00 7.602073e-04
8.670000e+00 7.572991e-04
8.680000e+00 7.537263e-04
8.690000e+00 7.494833e-04
8.700000e+00 7.445659e-04
8.710000e+00 7.389712e-04
8.720000e+00 7.326977e-04
8.730000e+00 7.257453e-04
8.740000e+00 7.181150e-04
8.750000e+00 7.098095e-04
8.760000e+00 7.008327e-04
8.770000e+00 6.911897e-04
8.780000e+00 6.808871e-04
8.790000e+00 6.699328e-04
8.800000e+00 6.583360e-04
8.810000e+00 6.461071e-04
8.820000e+00 6.332579e-04
8.830000e+00 6.198013e-04
8.840000e+00 6.057516e-04
8.850000e+00 5.911240e-04
8.860000e+00 5.759352e-04
8.870000e+00 5.602027e-04
8.880000e+00 5.439452e-04
8.890000e+00 5.271825e-04
8.900000e+00 5.099352e-04
8.910000e+00 4.922251e-04
8.920000e+00 4.740747e-04
8.930000e+00 4.555075e-04
8.940000e+00 4.365475e-04
8.950000e+00 4.172197e-04
8.960000e+00 3.975498e-04
8.970000e+00 3.775640e-04
8.980000e+00 3.572890e-04
8.990000e+00 3.367521e-04
9.000000e+00 3.159811e-04
9.010000e+00 2.950040e-04
9.020000e+00 2.738493e-04
9.030000e+00 2.525454e-04
9.040000e+00 2.311213e-04
9.050000e+00 2.096059e-04
9.060000e+00 1.880279e-04
9.070000e+00 1.664163e-04
9.080000e+00 1.447998e-04
9.090000e+00 1.232070e-04
9.100000e+00 1.016662e-04
9.110000e+00 8.020533e-05
9.120000e+00 5.885208e-05
9.130000e+00 3.763352e-05
9.140000e+00 1.657626e-05
9.150000e+00 -4.293701e-06
9.160000e+00 -2.495102e-05
9.170000e+00 -4.537107e-05
9.180000e+00 -6.553003e-05
9.190000e+00 -8.540491e-05
9.200000e+00 -1.049736e-04
9.210000e+00 -1.242150e-04
9.220000e+00 -1.431090e-04
9.230000e+00 -1.616366e-04
9.240000e+00 -1.797796e-04
9.250000e+00 -1.975215e-04
9.260000e+00 -2.148464e-04
9.270000e+00 -2.317401e-04
9.280000e+00 -2.481893e-04
9.290000e+00 -2.641823e-04
9.300000e+00 -2.797083e-04
9.310000e+00 -2.947583e-04
9.320000e+00 -3.093242e-04
9.330000e+00 -3.233996e-04
9.340000e+00 -3.369792e-04
9.350000e+00 -3.500592e-04
9.360000e+00 -3.626372e-04
9.370000e+00 -3.747120e-04
9.380000e+00 -3.862838e-04
9.390000e+00 -3.973542e-04
9.400000e+00 -4.079260e-04
9.410000e+00 -4.180034e-04
9.420000e+00 -4.275916e-04
9.430000e+00 -4.366972e-04
9.440000e+00 -4.453281e-04
9.450000e+00 -4.534930e-04
9.460000e+00 -4.612020e-04
9.470000e+00 -4.684660e-04
9.480000e+00 -4.752969e-04
9.490000e+00 -4.817077e-04
9.500000e+00 -4.877120e-04
9.510000e+00 -4.933245e-04
9.520000e+00 -4.985603e-04
9.530000e+00 -5.034354e-04
9.540000e+00 -5.079663e-04
9.550000e+00 -5.121700e-04
9.560000e+00 -5.160639e-04
9.570000e+00 -5.196658e-04
9.580000e+00 -5.229938e-04
9.590000e+00 -5.260661e-04
9.600000e+00 -5.289012e-04
9.610000e+00 -5.315175e-04
9.620000e+00 -5.339334e-04
9.630000e+00 -5.361672e-04
9.640000e+00 -5.382370e-04
9.650000e+00 -5.401605e-04
9.660000e+00 -5.419554e-04
9.670000e+00 -5.436387e-04
9.680000e+00 -5.452270e-04
9.690000e+00 -5.467362e-04
9.700000e+00 -5.481820e-04
9.710000e+00 -5.495790e-04
9.720000e+00 -5.509412e-04
9.730000e+00 -5.522820e-04
9.740000e+00 -5.536138e-04
9.750000e+00 -5.549480e-04
9.760000e+00 -5.562954e-04
9.770000e+00 -5.576656e-04
9.780000e+00 -5.590673e-04
9.790000e+00 -5.605082e-04
9.800000e+00 -5.619950e-04
9.810000e+00 -5.635334e-04
9.820000e+00 -5.651278e-04
9.830000e+00 -5.667818e-04
9.840000e+00 -5.684979e-04
9.850000e+00 -5.702774e-04
9.860000e+00 -5.721208e-04
9.870000e+00 -5.740273e-04
9.880000e+00 -5.759954e-04
9.890000e+00 -5.780224e-04
9.900000e+00 -5.801047e-04
9.910000e+00 -5.822379e-04
9.920000e+00 -5.844166e-04
9.930000e+00 -5.866346e-04
9.940000e+00 -5.888849e-04
9.950000e+00 -5.911600e-04
9.960000e+00 -5.934514e-04
9.970000e+00 -5.957503e-04
9.980000e+00 -5.980470e-04
9.990000e+00 -6.003317e-04
1.000000e+01 -6.025939e-04
