# text fof file
# logMmin 1.200000e+01 -> nfof_min 133
# boxsize 600.000000
# density total 7.461050e+05 7.461050e+05; rel difference 1.420098e-11
# nbar 3.454190e-03
1.483274e-02 13 3.675962e+04 3.704522e+04 -1.702189e+04 4.234936e+04
2.513187e-02 33 2.301932e+04 2.330102e+04 -3.564102e+03 2.954991e+04
3.574650e-02 79 1.784250e+04 1.811878e+04 3.249294e+03 -7.299851e+03
4.583347e-02 105 1.318081e+04 1.345434e+04 9.369656e+01 1.071078e+04
5.486964e-02 145 1.093360e+04 1.120400e+04 -1.748855e+03 -1.655222e+03
6.471857e-02 243 9.844574e+03 1.010999e+04 -1.008673e+03 2.545148e+03
7.503996e-02 313 8.635470e+03 8.896342e+03 -6.191143e+02 -9.062689e+02
8.485495e-02 369 6.706641e+03 6.967450e+03 -6.022103e+02 2.410300e+03
9.528688e-02 571 5.655162e+03 5.913861e+03 3.826858e+02 6.383957e+02
1.059290e-01 601 4.856761e+03 5.113343e+03 -5.923423e+02 3.521695e+02
1.156806e-01 705 4.594736e+03 4.847065e+03 -2.009363e+02 1.100116e+02
1.255756e-01 883 3.934686e+03 4.186332e+03 4.142485e+02 -3.601624e+02
1.352378e-01 909 3.799575e+03 4.046622e+03 -1.261504e+02 -1.336673e+02
1.449493e-01 1177 2.890423e+03 3.141983e+03 -2.471538e+02 1.017272e+02
1.550659e-01 1323 2.636509e+03 2.886127e+03 1.693934e+02 -3.834658e+02
1.649601e-01 1453 2.607868e+03 2.852665e+03 2.123177e+02 1.554192e+01
1.749597e-01 1701 2.257368e+03 2.502687e+03 -3.328484e+02 -1.028720e+02
1.852437e-01 1963 2.039848e+03 2.284073e+03 -2.589792e+01 -1.190418e+02
1.951071e-01 1933 2.042146e+03 2.281503e+03 -1.668455e+02 5.763050e+00
2.049888e-01 2397 1.734752e+03 1.976187e+03 -3.311427e+01 -1.361109e+02
2.151844e-01 2539 1.640034e+03 1.879110e+03 -3.652639e+01 -2.021819e+02
2.250745e-01 2694 1.524323e+03 1.762060e+03 -9.745857e-02 5.686399e+01
2.350927e-01 3121 1.395549e+03 1.632617e+03 3.804195e+01 -8.995487e+01
2.451974e-01 3255 1.282780e+03 1.519171e+03 -3.860602e+01 -8.548045e+01
2.550872e-01 3517 1.216590e+03 1.451050e+03 -8.942534e+01 1.100840e+02
2.649947e-01 3813 1.180333e+03 1.411944e+03 -2.743968e+01 -2.119820e+02
2.750606e-01 4231 1.108915e+03 1.339222e+03 3.566780e+00 1.303486e+01
2.851157e-01 4389 9.982734e+02 1.229257e+03 -4.582147e+01 7.872918e+01
2.950080e-01 4717 9.457328e+02 1.175222e+03 -4.464845e+01 -6.950420e+01
3.050474e-01 5191 9.219771e+02 1.148664e+03 -9.300738e+01 -8.145306e+01
3.151078e-01 5373 8.519116e+02 1.078362e+03 -2.953110e+01 1.811800e+01
3.251295e-01 5893 8.177860e+02 1.042294e+03 2.201404e+01 -9.206612e+01
3.352591e-01 6183 7.821302e+02 1.004897e+03 1.078639e+01 -3.396473e+00
3.451640e-01 6349 7.357233e+02 9.576425e+02 -2.920849e+01 4.784672e+01
3.550965e-01 6993 7.436605e+02 9.612178e+02 5.485554e+01 -7.178415e+01
3.649687e-01 7003 6.906688e+02 9.082325e+02 -1.980945e+01 8.564414e+00
3.749450e-01 7941 6.608765e+02 8.768929e+02 9.106362e+00 -3.507699e+01
3.851630e-01 8221 6.285347e+02 8.432880e+02 2.593324e+01 8.979603e+00
3.951752e-01 8449 6.060568e+02 8.189607e+02 -7.452905e+00 1.551286e+01
4.050872e-01 8931 5.721969e+02 7.844437e+02 -1.039549e+01 -5.056731e+01
4.149904e-01 9289 5.515423e+02 7.620916e+02 -1.990342e+01 3.087567e+01
4.250484e-01 10113 5.267197e+02 7.360376e+02 -2.669984e+01 -1.110654e+01
4.350196e-01 10087 5.073807e+02 7.150443e+02 -2.119776e+01 -2.875156e+01
4.449689e-01 10998 4.890819e+02 6.951450e+02 2.401583e+01 1.092472e+01
4.550136e-01 11233 4.705750e+02 6.750895e+02 -2.620682e+01 2.125586e+01
4.650240e-01 11991 4.477938e+02 6.514158e+02 4.445253e+00 -2.135318e+01
4.750600e-01 12241 4.290615e+02 6.314484e+02 3.255599e+01 5.101395e+01
4.850824e-01 13033 4.227788e+02 6.224937e+02 -1.725336e+01 5.145019e+01
4.950626e-01 13227 4.029314e+02 6.017521e+02 -1.423451e+01 1.432669e+01
5.050218e-01 13993 3.790690e+02 5.777078e+02 1.528737e+00 -2.946603e+01
5.149626e-01 14301 3.670630e+02 5.640464e+02 -2.368072e+01 -1.892343e+00
5.249789e-01 15355 3.703218e+02 5.634941e+02 5.510186e+00 -1.542806e+01
5.350486e-01 15585 3.546167e+02 5.467043e+02 1.620757e+00 -9.955373e+00
5.451135e-01 16549 3.353602e+02 5.270712e+02 -1.973464e+01 1.949986e+01
5.551181e-01 16587 3.299198e+02 5.191975e+02 -1.781628e+01 7.436605e+00
5.650424e-01 17461 3.254944e+02 5.122238e+02 -3.031731e+01 8.566394e-01
5.750589e-01 18177 3.030624e+02 4.903288e+02 -1.437394e+01 -9.914169e-01
5.850828e-01 18739 3.013988e+02 4.856757e+02 -2.354810e+01 -1.285932e+01
5.950416e-01 19165 2.916455e+02 4.744569e+02 -9.704239e+00 -1.607140e+01
6.049746e-01 20013 2.846250e+02 4.655399e+02 -9.511195e+00 -1.880501e+01
6.149470e-01 20587 2.712288e+02 4.515349e+02 1.402506e+01 -8.152844e+00
6.249968e-01 21657 2.646913e+02 4.431015e+02 -6.926730e+00 -1.286759e+01
6.350666e-01 22129 2.599518e+02 4.361217e+02 -1.644730e+01 -1.222811e+01
6.450498e-01 22611 2.560438e+02 4.298683e+02 -4.113122e+00 4.857487e+00
6.549912e-01 23317 2.489221e+02 4.211252e+02 -5.421672e-01 5.481542e+00
6.649535e-01 24222 2.375851e+02 4.091709e+02 -1.141353e+01 1.330217e+01
6.749660e-01 24943 2.369279e+02 4.055357e+02 -8.716105e+00 1.376221e+01
6.850252e-01 25921 2.234744e+02 3.921117e+02 -5.030892e+00 -1.193209e+01
6.950284e-01 26253 2.181353e+02 3.849815e+02 -1.666141e+01 9.589911e+00
7.049900e-01 27139 2.122119e+02 3.774671e+02 -1.456796e+01 8.528868e+00
7.150256e-01 28185 2.097814e+02 3.725888e+02 -2.853478e+00 2.189711e+00
7.250860e-01 28969 2.007400e+02 3.628326e+02 -3.250556e+00 -4.137925e+00
7.350183e-01 28887 1.943509e+02 3.551633e+02 -1.140445e+01 4.179760e+00
7.450018e-01 30937 1.915003e+02 3.500981e+02 -7.124130e-02 1.213816e+01
7.551045e-01 31341 1.842585e+02 3.418718e+02 -3.649709e+00 8.422470e+00
7.650666e-01 31555 1.819621e+02 3.372900e+02 -7.974887e+00 2.919774e+00
7.750154e-01 33025 1.788829e+02 3.321692e+02 -7.824931e+00 3.447989e+00
7.850634e-01 33921 1.761748e+02 3.273193e+02 -2.140678e+00 2.611753e+00
7.950596e-01 34285 1.732330e+02 3.223499e+02 -5.808940e+00 5.944596e+00
8.050450e-01 35703 1.656104e+02 3.141693e+02 -1.077686e+00 7.879333e+00
8.150563e-01 36205 1.592452e+02 3.069435e+02 -1.973189e+00 -1.680003e+01
8.250795e-01 37485 1.531479e+02 2.999725e+02 -5.810786e+00 1.053005e+00
8.350885e-01 38047 1.543675e+02 2.979646e+02 -2.445440e-01 -4.835629e+00
8.450499e-01 38913 1.471082e+02 2.903380e+02 -2.987027e+00 -5.701653e+00
8.550252e-01 39853 1.432976e+02 2.850514e+02 -1.279369e+00 1.611865e+01
8.650455e-01 41367 1.424956e+02 2.817556e+02 -2.900010e+00 1.004594e+01
8.750680e-01 41617 1.397029e+02 2.771917e+02 4.680236e+00 8.280164e+00
8.849916e-01 42430 1.307748e+02 2.687912e+02 -6.503872e+00 -8.299370e-01
8.949944e-01 44367 1.307485e+02 2.660843e+02 -6.336733e+00 -3.555699e+00
9.050336e-01 44569 1.271446e+02 2.611219e+02 -5.524202e+00 6.580151e+00
9.150411e-01 46089 1.223164e+02 2.554755e+02 -9.156696e+00 4.235846e+00
9.250625e-01 46819 1.245354e+02 2.541903e+02 -5.986623e+00 1.893948e+00
9.350607e-01 47793 1.191626e+02 2.483032e+02 -6.194666e+00 8.005237e+00
9.450463e-01 48697 1.158298e+02 2.437046e+02 -4.704417e-01 -1.015851e+01
9.549734e-01 49443 1.140750e+02 2.400947e+02 3.503676e+00 9.013603e+00
9.649510e-01 51097 1.092138e+02 2.346978e+02 3.931494e-01 -1.029517e+01
9.750082e-01 52453 1.065412e+02 2.305973e+02 -2.527553e+00 4.202574e+00
9.850290e-01 52947 1.033536e+02 2.262576e+02 -6.773777e+00 3.607779e-01
9.950258e-01 54193 1.019832e+02 2.230008e+02 -5.477685e+00 3.603619e+00
