# text fof file
# logMmin 1.200000e+01 -> nfof_min 133
# boxsize 600.000000
# density total 7.494360e+05 7.494360e+05; rel difference 4.744807e-11
# nbar 3.469611e-03
1.483274e-02 13 1.764894e+04 1.793529e+04 9.533354e+02 3.898184e+04
2.513187e-02 33 3.063476e+04 3.091205e+04 -1.046736e+04 -5.677661e+03
3.574650e-02 79 1.851479e+04 1.878929e+04 -1.464111e+03 -2.984663e+03
4.583347e-02 105 1.262037e+04 1.289317e+04 2.381229e+02 9.501744e+02
5.486964e-02 145 1.186593e+04 1.213311e+04 -1.909730e+02 3.638955e+02
6.471857e-02 243 9.479521e+03 9.744497e+03 1.357381e+03 -4.008650e+03
7.503996e-02 313 8.583759e+03 8.843596e+03 -2.663490e+02 1.161163e+03
8.485495e-02 369 6.959001e+03 7.217408e+03 1.343332e+03 -3.358953e+02
9.528688e-02 571 5.316433e+03 5.575749e+03 9.300394e+02 -6.866024e+02
1.059290e-01 601 4.696517e+03 4.952955e+03 5.439434e+01 -5.475434e+02
1.156806e-01 705 4.155483e+03 4.409776e+03 3.673173e+02 3.695979e+02
1.255756e-01 883 3.947213e+03 4.197475e+03 3.674091e+02 -4.137222e+02
1.352378e-01 909 3.654519e+03 3.901832e+03 -5.263212e+01 4.342824e+01
1.449493e-01 1177 3.138243e+03 3.385634e+03 3.829202e+01 -4.419801e+02
1.550659e-01 1323 2.599750e+03 2.848563e+03 2.329390e+02 -4.630391e+02
1.649601e-01 1453 2.538670e+03 2.783272e+03 1.753219e+02 1.570813e+02
1.749597e-01 1701 2.196696e+03 2.441856e+03 1.906903e+02 -2.955509e+01
1.852437e-01 1963 2.141395e+03 2.382432e+03 2.084443e+02 2.253953e+01
1.951071e-01 1933 1.948092e+03 2.188184e+03 -2.754394e+01 4.615174e+01
2.049888e-01 2397 1.779151e+03 2.018328e+03 3.698837e+01 1.132890e+02
2.151844e-01 2539 1.592403e+03 1.831497e+03 -5.907873e+01 -8.830284e+01
2.250745e-01 2694 1.560502e+03 1.795946e+03 2.803841e+01 1.490180e+02
2.350927e-01 3121 1.421458e+03 1.656423e+03 8.040002e+01 7.379488e+01
2.451974e-01 3255 1.353436e+03 1.586209e+03 -1.567781e+01 -6.244717e+01
2.550872e-01 3517 1.250558e+03 1.482553e+03 9.810670e+01 3.855059e+01
2.649947e-01 3813 1.172352e+03 1.403081e+03 -2.552377e+01 -1.604433e+02
2.750606e-01 4231 1.074570e+03 1.305071e+03 6.687888e+01 5.050359e+01
2.851157e-01 4389 1.018280e+03 1.247117e+03 7.885825e+01 6.857808e+01
2.950080e-01 4717 9.725249e+02 1.199504e+03 7.398500e+00 -3.591197e+01
3.050474e-01 5191 9.592079e+02 1.182770e+03 -1.342703e+01 -6.536067e+01
3.151078e-01 5373 9.066237e+02 1.128849e+03 4.712757e+01 7.413603e+01
3.251295e-01 5893 8.298257e+02 1.052430e+03 2.767991e+01 1.715894e+01
3.352591e-01 6183 7.890834e+02 1.010188e+03 2.068996e+01 1.822333e+01
3.451640e-01 6349 7.620416e+02 9.810290e+02 -2.039006e+00 -4.370209e+00
3.550965e-01 6993 7.256291e+02 9.432537e+02 -1.294463e+01 -1.965541e+01
3.649687e-01 7003 6.688949e+02 8.868483e+02 2.183157e+01 7.271425e+01
3.749450e-01 7941 6.339263e+02 8.508577e+02 -2.192447e+01 -1.700668e+01
3.851630e-01 8221 6.155716e+02 8.302231e+02 1.412401e+01 -1.725859e+01
3.951752e-01 8449 6.093154e+02 8.207553e+02 2.581375e+01 4.163036e+01
4.050872e-01 8931 5.820827e+02 7.922681e+02 -3.101565e+00 9.916990e+00
4.149904e-01 9289 5.499609e+02 7.594624e+02 2.557699e+01 3.075390e+01
4.250484e-01 10113 5.149003e+02 7.241915e+02 -2.162704e+01 -1.360405e+01
4.350196e-01 10087 4.979161e+02 7.054102e+02 -1.003894e+01 -1.242492e+00
4.449689e-01 10998 4.859431e+02 6.911794e+02 2.835262e+00 5.581593e+00
4.550136e-01 11233 4.771956e+02 6.798447e+02 -2.178571e+01 -1.763429e+01
4.650240e-01 11991 4.455816e+02 6.483441e+02 9.971247e+00 -2.263461e+01
4.750600e-01 12241 4.242385e+02 6.260933e+02 -2.087420e+01 -1.937019e+01
4.850824e-01 13033 4.240302e+02 6.224543e+02 -1.886450e+01 -4.305095e+00
4.950626e-01 13227 3.987800e+02 5.970233e+02 1.546471e+00 -1.636731e+01
5.050218e-01 13993 3.896971e+02 5.857718e+02 -4.917266e+00 3.059894e+01
5.149626e-01 14301 3.659801e+02 5.620165e+02 -7.392699e+00 -1.439510e+01
5.249789e-01 15355 3.539625e+02 5.484105e+02 3.164189e+01 -1.821813e+01
5.350486e-01 15585 3.478652e+02 5.398726e+02 6.498973e+00 1.622553e+01
5.451135e-01 16549 3.425058e+02 5.320131e+02 7.485439e+00 2.104397e+01
5.551181e-01 16587 3.269669e+02 5.156415e+02 9.694736e+00 6.176985e+00
5.650424e-01 17461 3.220211e+02 5.082435e+02 -1.251119e+00 5.277281e+00
5.750589e-01 18177 3.059107e+02 4.916012e+02 2.999781e+00 1.860281e+01
5.850828e-01 18739 2.944178e+02 4.788930e+02 6.710611e+00 4.550269e+00
5.950416e-01 19165 2.897786e+02 4.719035e+02 7.732423e+00 3.385630e+00
6.049746e-01 20013 2.905623e+02 4.693101e+02 -2.271107e+00 -3.820941e+00
6.149470e-01 20587 2.769843e+02 4.551310e+02 1.078882e+00 -8.874846e+00
6.249968e-01 21657 2.613156e+02 4.393751e+02 1.389945e+00 -6.684317e+00
6.350666e-01 22129 2.564567e+02 4.323224e+02 -7.725651e+00 1.188136e+01
6.450498e-01 22611 2.509200e+02 4.248195e+02 -4.528471e+00 -9.082780e+00
6.549912e-01 23317 2.396311e+02 4.128641e+02 1.256734e+01 -6.500506e+00
6.649535e-01 24222 2.391375e+02 4.093824e+02 2.438192e-02 -4.436891e+00
6.749660e-01 24943 2.299518e+02 3.991772e+02 1.345946e+01 2.650830e+00
6.850252e-01 25921 2.289507e+02 3.952953e+02 -1.075173e+01 1.374939e+01
6.950284e-01 26253 2.194930e+02 3.850289e+02 -3.742892e-01 -1.249234e+01
7.049900e-01 27139 2.169560e+02 3.800596e+02 -1.323408e+01 1.785655e+01
7.150256e-01 28185 2.061679e+02 3.689339e+02 1.036856e+01 2.067292e+00
7.250860e-01 28969 1.981867e+02 3.599844e+02 6.485482e+00 1.188780e+01
7.350183e-01 28887 1.964760e+02 3.557732e+02 4.369075e-01 1.511154e+01
7.450018e-01 30937 1.928270e+02 3.501273e+02 3.330026e+00 8.775865e+00
7.551045e-01 31341 1.879006e+02 3.435593e+02 1.925010e+00 8.544012e+00
7.650666e-01 31555 1.821625e+02 3.365128e+02 8.347471e-01 4.258487e+00
7.750154e-01 33025 1.753923e+02 3.287885e+02 -1.711100e+00 -2.995416e+00
7.850634e-01 33921 1.682389e+02 3.208516e+02 3.438954e+00 5.727120e+00
7.950596e-01 34285 1.705953e+02 3.196019e+02 4.177109e+00 1.452164e+00
8.050450e-01 35703 1.603044e+02 3.096322e+02 6.673210e+00 3.048094e+00
8.150563e-01 36205 1.576754e+02 3.049905e+02 -1.045514e+01 -7.992942e-01
8.250795e-01 37485 1.555798e+02 3.007294e+02 -6.377957e+00 5.156901e+00
8.350885e-01 38047 1.545434e+02 2.972171e+02 -2.089553e+00 -2.819167e+00
8.450499e-01 38913 1.502118e+02 2.915306e+02 3.515253e+00 9.740645e+00
8.550252e-01 39853 1.454142e+02 2.855876e+02 1.671404e+00 1.301099e+01
8.650455e-01 41367 1.406263e+02 2.797046e+02 8.558378e-01 8.127029e+00
8.750680e-01 41617 1.338551e+02 2.726060e+02 -1.749295e-01 -6.571133e+00
8.849916e-01 42430 1.329525e+02 2.693405e+02 -5.852236e+00 1.061477e+01
8.949944e-01 44367 1.307361e+02 2.652553e+02 -6.647141e+00 -5.264618e-01
9.050336e-01 44569 1.265652e+02 2.599555e+02 4.856452e+00 -8.078004e-01
9.150411e-01 46089 1.240374e+02 2.557419e+02 -2.713375e+00 3.332828e+00
9.250625e-01 46819 1.206687e+02 2.510335e+02 8.636256e+00 2.568876e+00
9.350607e-01 47793 1.171396e+02 2.462999e+02 1.650686e+00 -4.360240e+00
9.450463e-01 48697 1.175208e+02 2.439262e+02 2.102086e+00 4.028106e+00
9.549734e-01 49443 1.146293e+02 2.396594e+02 7.523200e+00 -3.232912e+00
9.649510e-01 51097 1.098588e+02 2.343033e+02 3.428212e+00 9.681761e+00
9.750082e-01 52453 1.100493e+02 2.318705e+02 -2.059469e+00 3.911689e+00
9.850290e-01 52947 1.062320e+02 2.271577e+02 -1.448696e+00 -2.298517e+00
9.950258e-01 54193 1.032308e+02 2.229768e+02 4.600266e+00 9.056129e+00
