# sigma2_v 7.918235868705446e+00
0.000000e+00 1.000000e+00
1.000000e-02 9.996042e-01
2.000000e-02 9.984177e-01
3.000000e-02 9.964437e-01
4.000000e-02 9.936873e-01
5.000000e-02 9.901555e-01
6.000000e-02 9.858575e-01
7.000000e-02 9.808042e-01
8.000000e-02 9.750086e-01
9.000000e-02 9.684854e-01
1.000000e-01 9.612510e-01
1.100000e-01 9.533235e-01
1.200000e-01 9.447227e-01
1.300000e-01 9.354697e-01
1.400000e-01 9.255872e-01
1.500000e-01 9.150989e-01
1.600000e-01 9.040301e-01
1.700000e-01 8.924068e-01
1.800000e-01 8.802562e-01
1.900000e-01 8.676063e-01
2.000000e-01 8.544858e-01
2.100000e-01 8.409239e-01
2.200000e-01 8.269507e-01
2.300000e-01 8.125962e-01
2.400000e-01 7.978911e-01
2.500000e-01 7.828661e-01
2.600000e-01 7.675518e-01
2.700000e-01 7.519790e-01
2.800000e-01 7.361782e-01
2.900000e-01 7.201798e-01
3.000000e-01 7.040137e-01
3.100000e-01 6.877095e-01
3.200000e-01 6.712961e-01
3.300000e-01 6.548020e-01
3.400000e-01 6.382550e-01
3.500000e-01 6.216820e-01
3.600000e-01 6.051094e-01
3.700000e-01 5.885625e-01
3.800000e-01 5.720658e-01
3.900000e-01 5.556428e-01
4.000000e-01 5.393160e-01
4.100000e-01 5.231069e-01
4.200000e-01 5.070362e-01
4.300000e-01 4.911230e-01
4.400000e-01 4.753858e-01
4.500000e-01 4.598417e-01
4.600000e-01 4.445069e-01
4.700000e-01 4.293963e-01
4.800000e-01 4.145238e-01
4.900000e-01 3.999021e-01
5.000000e-01 3.855430e-01
5.100000e-01 3.714571e-01
5.200000e-01 3.576538e-01
5.300000e-01 3.441416e-01
5.400000e-01 3.309281e-01
5.500000e-01 3.180196e-01
5.600000e-01 3.054217e-01
5.700000e-01 2.931389e-01
5.800000e-01 2.811749e-01
5.900000e-01 2.695325e-01
6.000000e-01 2.582136e-01
6.100000e-01 2.472193e-01
6.200000e-01 2.365502e-01
6.300000e-01 2.262058e-01
6.400000e-01 2.161851e-01
6.500000e-01 2.064865e-01
6.600000e-01 1.971077e-01
6.700000e-01 1.880459e-01
6.800000e-01 1.792977e-01
6.900000e-01 1.708593e-01
7.000000e-01 1.627265e-01
7.100000e-01 1.548944e-01
7.200000e-01 1.473580e-01
7.300000e-01 1.401119e-01
7.400000e-01 1.331504e-01
7.500000e-01 1.264674e-01
7.600000e-01 1.200568e-01
7.700000e-01 1.139120e-01
7.800000e-01 1.080265e-01
7.900000e-01 1.023935e-01
8.000000e-01 9.700604e-02
8.100000e-01 9.185717e-02
8.200000e-01 8.693982e-02
8.300000e-01 8.224688e-02
8.400000e-01 7.777122e-02
8.500000e-01 7.350570e-02
8.600000e-01 6.944319e-02
8.700000e-01 6.557662e-02
8.800000e-01 6.189894e-02
8.900000e-01 5.840320e-02
9.000000e-01 5.508251e-02
9.100000e-01 5.193008e-02
9.200000e-01 4.893925e-02
9.300000e-01 4.610346e-02
9.400000e-01 4.341628e-02
9.500000e-01 4.087143e-02
9.600000e-01 3.846279e-02
9.700000e-01 3.618436e-02
9.800000e-01 3.403034e-02
9.900000e-01 3.199506e-02
1.000000e+00 3.007306e-02
1.010000e+00 2.825902e-02
1.020000e+00 2.654781e-02
1.030000e+00 2.493448e-02
1.040000e+00 2.341424e-02
1.050000e+00 2.198249e-02
1.060000e+00 2.063481e-02
1.070000e+00 1.936696e-02
1.080000e+00 1.817484e-02
1.090000e+00 1.705455e-02
1.100000e+00 1.600236e-02
1.110000e+00 1.501467e-02
1.120000e+00 1.408808e-02
1.130000e+00 1.321931e-02
1.140000e+00 1.240524e-02
1.150000e+00 1.164292e-02
1.160000e+00 1.092949e-02
1.170000e+00 1.026228e-02
1.180000e+00 9.638705e-03
1.190000e+00 9.056327e-03
1.200000e+00 8.512824e-03
1.210000e+00 8.005985e-03
1.220000e+00 7.533710e-03
1.230000e+00 7.094003e-03
1.240000e+00 6.684968e-03
1.250000e+00 6.304802e-03
1.260000e+00 5.951793e-03
1.270000e+00 5.624316e-03
1.280000e+00 5.320827e-03
1.290000e+00 5.039859e-03
1.300000e+00 4.780020e-03
1.310000e+00 4.539988e-03
1.320000e+00 4.318509e-03
1.330000e+00 4.114391e-03
1.340000e+00 3.926504e-03
1.350000e+00 3.753773e-03
1.360000e+00 3.595181e-03
1.370000e+00 3.449760e-03
1.380000e+00 3.316594e-03
1.390000e+00 3.194812e-03
1.400000e+00 3.083588e-03
1.410000e+00 2.982138e-03
1.420000e+00 2.889720e-03
1.430000e+00 2.805628e-03
1.440000e+00 2.729195e-03
1.450000e+00 2.659787e-03
1.460000e+00 2.596804e-03
1.470000e+00 2.539678e-03
1.480000e+00 2.487871e-03
1.490000e+00 2.440873e-03
1.500000e+00 2.398206e-03
1.510000e+00 2.359416e-03
1.520000e+00 2.324077e-03
1.530000e+00 2.291787e-03
1.540000e+00 2.262173e-03
1.550000e+00 2.234881e-03
1.560000e+00 2.209587e-03
1.570000e+00 2.185988e-03
1.580000e+00 2.163806e-03
1.590000e+00 2.142784e-03
1.600000e+00 2.122692e-03
1.610000e+00 2.103321e-03
1.620000e+00 2.084485e-03
1.630000e+00 2.066022e-03
1.640000e+00 2.047791e-03
1.650000e+00 2.029674e-03
1.660000e+00 2.011576e-03
1.670000e+00 1.993423e-03
1.680000e+00 1.975159e-03
1.690000e+00 1.956752e-03
1.700000e+00 1.938187e-03
1.710000e+00 1.919468e-03
1.720000e+00 1.900617e-03
1.730000e+00 1.881671e-03
1.740000e+00 1.862682e-03
1.750000e+00 1.843715e-03
1.760000e+00 1.824849e-03
1.770000e+00 1.806170e-03
1.780000e+00 1.787773e-03
1.790000e+00 1.769761e-03
1.800000e+00 1.752241e-03
1.810000e+00 1.735321e-03
1.820000e+00 1.719114e-03
1.830000e+00 1.703728e-03
1.840000e+00 1.689270e-03
1.850000e+00 1.675842e-03
1.860000e+00 1.663541e-03
1.870000e+00 1.652454e-03
1.880000e+00 1.642661e-03
1.890000e+00 1.634231e-03
1.900000e+00 1.627219e-03
1.910000e+00 1.621671e-03
1.920000e+00 1.617616e-03
1.930000e+00 1.615073e-03
1.940000e+00 1.614043e-03
1.950000e+00 1.614514e-03
1.960000e+00 1.616460e-03
1.970000e+00 1.619838e-03
1.980000e+00 1.624595e-03
1.990000e+00 1.630662e-03
2.000000e+00 1.637957e-03
2.010000e+00 1.646387e-03
2.020000e+00 1.655851e-03
2.030000e+00 1.666235e-03
2.040000e+00 1.677418e-03
2.050000e+00 1.689274e-03
2.060000e+00 1.701671e-03
2.070000e+00 1.714474e-03
2.080000e+00 1.727546e-03
2.090000e+00 1.740749e-03
2.100000e+00 1.753948e-03
2.110000e+00 1.767010e-03
2.120000e+00 1.779807e-03
2.130000e+00 1.792218e-03
2.140000e+00 1.804126e-03
2.150000e+00 1.815428e-03
2.160000e+00 1.826025e-03
2.170000e+00 1.835832e-03
2.180000e+00 1.844775e-03
2.190000e+00 1.852789e-03
2.200000e+00 1.859826e-03
2.210000e+00 1.865846e-03
2.220000e+00 1.870824e-03
2.230000e+00 1.874746e-03
2.240000e+00 1.877611e-03
2.250000e+00 1.879428e-03
2.260000e+00 1.880217e-03
2.270000e+00 1.880008e-03
2.280000e+00 1.878840e-03
2.290000e+00 1.876758e-03
2.300000e+00 1.873815e-03
2.310000e+00 1.870068e-03
2.320000e+00 1.865578e-03
2.330000e+00 1.860407e-03
2.340000e+00 1.854621e-03
2.350000e+00 1.848281e-03
2.360000e+00 1.841451e-03
2.370000e+00 1.834188e-03
2.380000e+00 1.826548e-03
2.390000e+00 1.818581e-03
2.400000e+00 1.810329e-03
2.410000e+00 1.801831e-03
2.420000e+00 1.793117e-03
2.430000e+00 1.784210e-03
2.440000e+00 1.775124e-03
2.450000e+00 1.765870e-03
2.460000e+00 1.756446e-03
2.470000e+00 1.746847e-03
2.480000e+00 1.737060e-03
2.490000e+00 1.727068e-03
2.500000e+00 1.716847e-03
2.510000e+00 1.706371e-03
2.520000e+00 1.695609e-03
2.530000e+00 1.684530e-03
2.540000e+00 1.673101e-03
2.550000e+00 1.661290e-03
2.560000e+00 1.649065e-03
2.570000e+00 1.636399e-03
2.580000e+00 1.623266e-03
2.590000e+00 1.609645e-03
2.600000e+00 1.595519e-03
2.610000e+00 1.580878e-03
2.620000e+00 1.565718e-03
2.630000e+00 1.550040e-03
2.640000e+00 1.533853e-03
2.650000e+00 1.517173e-03
2.660000e+00 1.500021e-03
2.670000e+00 1.482426e-03
2.680000e+00 1.464422e-03
2.690000e+00 1.446050e-03
2.700000e+00 1.427353e-03
2.710000e+00 1.408381e-03
2.720000e+00 1.389187e-03
2.730000e+00 1.369826e-03
2.740000e+00 1.350354e-03
2.750000e+00 1.330829e-03
2.760000e+00 1.311308e-03
2.770000e+00 1.291848e-03
2.780000e+00 1.272505e-03
2.790000e+00 1.253330e-03
2.800000e+00 1.234372e-03
2.810000e+00 1.215678e-03
2.820000e+00 1.197287e-03
2.830000e+00 1.179237e-03
2.840000e+00 1.161557e-03
2.850000e+00 1.144275e-03
2.860000e+00 1.127410e-03
2.870000e+00 1.110978e-03
2.880000e+00 1.094986e-03
2.890000e+00 1.079439e-03
2.900000e+00 1.064336e-03
2.910000e+00 1.049670e-03
2.920000e+00 1.035431e-03
2.930000e+00 1.021604e-03
2.940000e+00 1.008169e-03
2.950000e+00 9.951046e-04
2.960000e+00 9.823849e-04
2.970000e+00 9.699821e-04
2.980000e+00 9.578658e-04
2.990000e+00 9.460040e-04
3.000000e+00 9.343631e-04
3.010000e+00 9.229085e-04
3.020000e+00 9.116050e-04
3.030000e+00 9.004167e-04
3.040000e+00 8.893077e-04
3.050000e+00 8.782423e-04
3.060000e+00 8.671851e-04
3.070000e+00 8.561014e-04
3.080000e+00 8.449572e-04
3.090000e+00 8.337198e-04
3.100000e+00 8.223576e-04
3.110000e+00 8.108404e-04
3.120000e+00 7.991399e-04
3.130000e+00 7.872295e-04
3.140000e+00 7.750848e-04
3.150000e+00 7.626834e-04
3.160000e+00 7.500056e-04
3.170000e+00 7.370342e-04
3.180000e+00 7.237551e-04
3.190000e+00 7.101570e-04
3.200000e+00 6.962317e-04
3.210000e+00 6.819746e-04
3.220000e+00 6.673844e-04
3.230000e+00 6.524633e-04
3.240000e+00 6.372174e-04
3.250000e+00 6.216563e-04
3.260000e+00 6.057931e-04
3.270000e+00 5.896450e-04
3.280000e+00 5.732324e-04
3.290000e+00 5.565791e-04
3.300000e+00 5.397124e-04
3.310000e+00 5.226625e-04
3.320000e+00 5.054624e-04
3.330000e+00 4.881477e-04
3.340000e+00 4.707559e-04
3.350000e+00 4.533268e-04
3.360000e+00 4.359012e-04
3.370000e+00 4.185213e-04
3.380000e+00 4.012297e-04
3.390000e+00 3.840696e-04
3.400000e+00 3.670837e-04
3.410000e+00 3.503144e-04
3.420000e+00 3.338032e-04
3.430000e+00 3.175902e-04
3.440000e+00 3.017140e-04
3.450000e+00 2.862111e-04
3.460000e+00 2.711161e-04
3.470000e+00 2.564609e-04
3.480000e+00 2.422748e-04
3.490000e+00 2.285842e-04
3.500000e+00 2.154128e-04
3.510000e+00 2.027808e-04
3.520000e+00 1.907054e-04
3.530000e+00 1.792005e-04
3.540000e+00 1.682769e-04
3.550000e+00 1.579418e-04
3.560000e+00 1.481993e-04
3.570000e+00 1.390505e-04
3.580000e+00 1.304930e-04
3.590000e+00 1.225214e-04
3.600000e+00 1.151275e-04
3.610000e+00 1.083000e-04
3.620000e+00 1.020251e-04
3.630000e+00 9.628617e-05
3.640000e+00 9.106433e-05
3.650000e+00 8.633839e-05
3.660000e+00 8.208512e-05
3.670000e+00 7.827951e-05
3.680000e+00 7.489495e-05
3.690000e+00 7.190356e-05
3.700000e+00 6.927643e-05
3.710000e+00 6.698395e-05
3.720000e+00 6.499615e-05
3.730000e+00 6.328300e-05
3.740000e+00 6.181480e-05
3.750000e+00 6.056252e-05
3.760000e+00 5.949821e-05
3.770000e+00 5.859527e-05
3.780000e+00 5.782889e-05
3.790000e+00 5.717633e-05
3.800000e+00 5.661723e-05
3.810000e+00 5.613387e-05
3.820000e+00 5.571142e-05
3.830000e+00 5.533807e-05
3.840000e+00 5.500517e-05
3.850000e+00 5.470724e-05
3.860000e+00 5.444201e-05
3.870000e+00 5.421023e-05
3.880000e+00 5.401555e-05
3.890000e+00 5.386425e-05
3.900000e+00 5.376489e-05
3.910000e+00 5.372793e-05
3.920000e+00 5.376522e-05
3.930000e+00 5.388950e-05
3.940000e+00 5.411380e-05
3.950000e+00 5.445081e-05
3.960000e+00 5.491228e-05
3.970000e+00 5.550829e-05
3.980000e+00 5.624669e-05
3.990000e+00 5.713239e-05
4.000000e+00 5.816681e-05
4.010000e+00 5.934733e-05
4.020000e+00 6.066683e-05
4.030000e+00 6.211329e-05
4.040000e+00 6.366947e-05
4.050000e+00 6.531278e-05
4.060000e+00 6.701514e-05
4.070000e+00 6.874306e-05
4.080000e+00 7.045779e-05
4.090000e+00 7.211561e-05
4.100000e+00 7.366822e-05
4.110000e+00 7.506329e-05
4.120000e+00 7.624504e-05
4.130000e+00 7.715502e-05
4.140000e+00 7.773285e-05
4.150000e+00 7.791714e-05
4.160000e+00 7.764639e-05
4.170000e+00 7.685993e-05
4.180000e+00 7.549891e-05
4.190000e+00 7.350726e-05
4.200000e+00 7.083261e-05
4.210000e+00 6.742718e-05
4.220000e+00 6.324865e-05
4.230000e+00 5.826089e-05
4.240000e+00 5.243465e-05
4.250000e+00 4.574811e-05
4.260000e+00 3.818737e-05
4.270000e+00 2.974678e-05
4.280000e+00 2.042915e-05
4.290000e+00 1.024591e-05
4.300000e+00 -7.829836e-07
4.310000e+00 -1.262911e-05
4.320000e+00 -2.525587e-05
4.330000e+00 -3.861881e-05
4.340000e+00 -5.266609e-05
4.350000e+00 -6.733897e-05
4.360000e+00 -8.257242e-05
4.370000e+00 -9.829578e-05
4.380000e+00 -1.144334e-04
4.390000e+00 -1.309056e-04
4.400000e+00 -1.476289e-04
4.410000e+00 -1.645175e-04
4.420000e+00 -1.814832e-04
4.430000e+00 -1.984371e-04
4.440000e+00 -2.152895e-04
4.450000e+00 -2.319510e-04
4.460000e+00 -2.483331e-04
4.470000e+00 -2.643488e-04
4.480000e+00 -2.799133e-04
4.490000e+00 -2.949446e-04
4.500000e+00 -3.093639e-04
4.510000e+00 -3.230959e-04
4.520000e+00 -3.360700e-04
4.530000e+00 -3.482198e-04
4.540000e+00 -3.594842e-04
4.550000e+00 -3.698077e-04
4.560000e+00 -3.791403e-04
4.570000e+00 -3.874382e-04
4.580000e+00 -3.946644e-04
4.590000e+00 -4.007882e-04
4.600000e+00 -4.057864e-04
4.610000e+00 -4.096426e-04
4.620000e+00 -4.123482e-04
4.630000e+00 -4.139023e-04
4.640000e+00 -4.143117e-04
4.650000e+00 -4.135911e-04
4.660000e+00 -4.117633e-04
4.670000e+00 -4.088590e-04
4.680000e+00 -4.049170e-04
4.690000e+00 -3.999836e-04
4.700000e+00 -3.941130e-04
4.710000e+00 -3.873667e-04
4.720000e+00 -3.798129e-04
4.730000e+00 -3.715268e-04
4.740000e+00 -3.625894e-04
4.750000e+00 -3.530872e-04
4.760000e+00 -3.431116e-04
4.770000e+00 -3.327580e-04
4.780000e+00 -3.221252e-04
4.790000e+00 -3.113144e-04
4.800000e+00 -3.004281e-04
4.810000e+00 -2.895696e-04
4.820000e+00 -2.788417e-04
4.830000e+00 -2.683458e-04
4.840000e+00 -2.581810e-04
4.850000e+00 -2.484428e-04
4.860000e+00 -2.392224e-04
4.870000e+00 -2.306059e-04
4.880000e+00 -2.226731e-04
4.890000e+00 -2.154966e-04
4.900000e+00 -2.091416e-04
4.910000e+00 -2.036648e-04
4.920000e+00 -1.991137e-04
4.930000e+00 -1.955266e-04
4.940000e+00 -1.929317e-04
4.950000e+00 -1.913473e-04
4.960000e+00 -1.907813e-04
4.970000e+00 -1.912310e-04
4.980000e+00 -1.926838e-04
4.990000e+00 -1.951167e-04
5.000000e+00 -1.984966e-04
5.010000e+00 -2.027811e-04
5.020000e+00 -2.079186e-04
5.030000e+00 -2.138488e-04
5.040000e+00 -2.205034e-04
5.050000e+00 -2.278068e-04
5.060000e+00 -2.356765e-04
5.070000e+00 -2.440246e-04
5.080000e+00 -2.527576e-04
5.090000e+00 -2.617783e-04
5.100000e+00 -2.709859e-04
5.110000e+00 -2.802771e-04
5.120000e+00 -2.895474e-04
5.130000e+00 -2.986912e-04
5.140000e+00 -3.076035e-04
5.150000e+00 -3.161803e-04
5.160000e+00 -3.243195e-04
5.170000e+00 -3.319218e-04
5.180000e+00 -3.388916e-04
5.190000e+00 -3.451374e-04
5.200000e+00 -3.505726e-04
5.210000e+00 -3.551165e-04
5.220000e+00 -3.586941e-04
5.230000e+00 -3.612373e-04
5.240000e+00 -3.626849e-04
5.250000e+00 -3.629832e-04
5.260000e+00 -3.620860e-04
5.270000e+00 -3.599549e-04
5.280000e+00 -3.565594e-04
5.290000e+00 -3.518770e-04
5.300000e+00 -3.458930e-04
5.310000e+00 -3.386003e-04
5.320000e+00 -3.299994e-04
5.330000e+00 -3.200979e-04
5.340000e+00 -3.089101e-04
5.350000e+00 -2.964571e-04
5.360000e+00 -2.827656e-04
5.370000e+00 -2.678680e-04
5.380000e+00 -2.518014e-04
5.390000e+00 -2.346077e-04
5.400000e+00 -2.163323e-04
5.410000e+00 -1.970242e-04
5.420000e+00 -1.767352e-04
5.430000e+00 -1.555194e-04
5.440000e+00 -1.334329e-04
5.450000e+00 -1.105333e-04
5.460000e+00 -8.687939e-05
5.470000e+00 -6.253088e-05
5.480000e+00 -3.754818e-05
5.490000e+00 -1.199225e-05
5.500000e+00 1.407546e-05
5.510000e+00 4.059302e-05
5.520000e+00 6.749800e-05
5.530000e+00 9.472736e-05
5.540000e+00 1.222173e-04
5.550000e+00 1.499030e-04
5.560000e+00 1.777186e-04
5.570000e+00 2.055968e-04
5.580000e+00 2.334688e-04
5.590000e+00 2.612640e-04
5.600000e+00 2.889099e-04
5.610000e+00 3.163317e-04
5.620000e+00 3.434530e-04
5.630000e+00 3.701948e-04
5.640000e+00 3.964762e-04
5.650000e+00 4.222146e-04
5.660000e+00 4.473257e-04
5.670000e+00 4.717237e-04
5.680000e+00 4.953222e-04
5.690000e+00 5.180343e-04
5.700000e+00 5.397734e-04
5.710000e+00 5.604537e-04
5.720000e+00 5.799911e-04
5.730000e+00 5.983038e-04
5.740000e+00 6.153130e-04
5.750000e+00 6.309441e-04
5.760000e+00 6.451269e-04
5.770000e+00 6.577968e-04
5.780000e+00 6.688955e-04
5.790000e+00 6.783712e-04
5.800000e+00 6.861799e-04
5.810000e+00 6.922853e-04
5.820000e+00 6.966594e-04
5.830000e+00 6.992828e-04
5.840000e+00 7.001449e-04
5.850000e+00 6.992439e-04
5.860000e+00 6.965867e-04
5.870000e+00 6.921886e-04
5.880000e+00 6.860734e-04
5.890000e+00 6.782726e-04
5.900000e+00 6.688249e-04
5.910000e+00 6.577761e-04
5.920000e+00 6.451778e-04
5.930000e+00 6.310874e-04
5.940000e+00 6.155670e-04
5.950000e+00 5.986827e-04
5.960000e+00 5.805041e-04
5.970000e+00 5.611038e-04
5.980000e+00 5.405562e-04
5.990000e+00 5.189376e-04
6.000000e+00 4.963254e-04
6.010000e+00 4.727974e-04
6.020000e+00 4.484323e-04
6.030000e+00 4.233086e-04
6.040000e+00 3.975048e-04
6.050000e+00 3.710994e-04
6.060000e+00 3.441705e-04
6.070000e+00 3.167963e-04
6.080000e+00 2.890547e-04
6.090000e+00 2.610237e-04
6.100000e+00 2.327814e-04
6.110000e+00 2.044060e-04
6.120000e+00 1.759761e-04
6.130000e+00 1.475703e-04
6.140000e+00 1.192678e-04
6.150000e+00 9.114777e-05
6.160000e+00 6.328931e-05
6.170000e+00 3.577135e-05
6.180000e+00 8.672154e-06
6.190000e+00 -1.793106e-05
6.200000e+00 -4.396270e-05
6.210000e+00 -6.934937e-05
6.220000e+00 -9.402060e-05
6.230000e+00 -1.179096e-04
6.240000e+00 -1.409540e-04
6.250000e+00 -1.630969e-04
6.260000e+00 -1.842872e-04
6.270000e+00 -2.044812e-04
6.280000e+00 -2.236427e-04
6.290000e+00 -2.417439e-04
6.300000e+00 -2.587664e-04
6.310000e+00 -2.747012e-04
6.320000e+00 -2.895496e-04
6.330000e+00 -3.033231e-04
6.340000e+00 -3.160436e-04
6.350000e+00 -3.277437e-04
6.360000e+00 -3.384660e-04
6.370000e+00 -3.482628e-04
6.380000e+00 -3.571960e-04
6.390000e+00 -3.653356e-04
6.400000e+00 -3.727596e-04
6.410000e+00 -3.795524e-04
6.420000e+00 -3.858039e-04
6.430000e+00 -3.916081e-04
6.440000e+00 -3.970620e-04
6.450000e+00 -4.022641e-04
6.460000e+00 -4.073130e-04
6.470000e+00 -4.123060e-04
6.480000e+00 -4.173374e-04
6.490000e+00 -4.224981e-04
6.500000e+00 -4.278732e-04
6.510000e+00 -4.335417e-04
6.520000e+00 -4.395752e-04
6.530000e+00 -4.460371e-04
6.540000e+00 -4.529818e-04
6.550000e+00 -4.604542e-04
6.560000e+00 -4.684893e-04
6.570000e+00 -4.771121e-04
6.580000e+00 -4.863374e-04
6.590000e+00 -4.961701e-04
6.600000e+00 -5.066055e-04
6.610000e+00 -5.176296e-04
6.620000e+00 -5.292195e-04
6.630000e+00 -5.413445e-04
6.640000e+00 -5.539667e-04
6.650000e+00 -5.670418e-04
6.660000e+00 -5.805197e-04
6.670000e+00 -5.943460e-04
6.680000e+00 -6.084628e-04
6.690000e+00 -6.228090e-04
6.700000e+00 -6.373223e-04
6.710000e+00 -6.519391e-04
6.720000e+00 -6.665958e-04
6.730000e+00 -6.812297e-04
6.740000e+00 -6.957792e-04
6.750000e+00 -7.101849e-04
6.760000e+00 -7.243897e-04
6.770000e+00 -7.383397e-04
6.780000e+00 -7.519841e-04
6.790000e+00 -7.652758e-04
6.800000e+00 -7.781712e-04
6.810000e+00 -7.906307e-04
6.820000e+00 -8.026186e-04
6.830000e+00 -8.141026e-04
6.840000e+00 -8.250545e-04
6.850000e+00 -8.354492e-04
6.860000e+00 -8.452649e-04
6.870000e+00 -8.544826e-04
6.880000e+00 -8.630862e-04
6.890000e+00 -8.710615e-04
6.900000e+00 -8.783960e-04
6.910000e+00 -8.850790e-04
6.920000e+00 -8.911004e-04
6.930000e+00 -8.964507e-04
6.940000e+00 -9.011203e-04
6.950000e+00 -9.050993e-04
6.960000e+00 -9.083770e-04
6.970000e+00 -9.109411e-04
6.980000e+00 -9.127779e-04
6.990000e+00 -9.138711e-04
7.000000e+00 -9.142024e-04
7.010000e+00 -9.137504e-04
7.020000e+00 -9.124908e-04
7.030000e+00 -9.103960e-04
7.040000e+00 -9.074351e-04
7.050000e+00 -9.035739e-04
7.060000e+00 -8.987748e-04
7.070000e+00 -8.929971e-04
7.080000e+00 -8.861973e-04
7.090000e+00 -8.783293e-04
7.100000e+00 -8.693451e-04
7.110000e+00 -8.591954e-04
7.120000e+00 -8.478302e-04
7.130000e+00 -8.351994e-04
7.140000e+00 -8.212544e-04
7.150000e+00 -8.059484e-04
7.160000e+00 -7.892380e-04
7.170000e+00 -7.710841e-04
7.180000e+00 -7.514530e-04
7.190000e+00 -7.303180e-04
7.200000e+00 -7.076600e-04
7.210000e+00 -6.834693e-04
7.220000e+00 -6.577464e-04
7.230000e+00 -6.305028e-04
7.240000e+00 -6.017625e-04
7.250000e+00 -5.715622e-04
7.260000e+00 -5.399525e-04
7.270000e+00 -5.069978e-04
7.280000e+00 -4.727769e-04
7.290000e+00 -4.373828e-04
7.300000e+00 -4.009229e-04
7.310000e+00 -3.635182e-04
7.320000e+00 -3.253027e-04
7.330000e+00 -2.864228e-04
7.340000e+00 -2.470359e-04
7.350000e+00 -2.073092e-04
7.360000e+00 -1.674183e-04
7.370000e+00 -1.275453e-04
7.380000e+00 -8.787727e-05
7.390000e+00 -4.860418e-05
7.400000e+00 -9.916908e-06
7.410000e+00 2.799478e-05
7.420000e+00 6.494426e-05
7.430000e+00 1.007501e-04
7.440000e+00 1.352380e-04
7.450000e+00 1.682426e-04
7.460000e+00 1.996095e-04
7.470000e+00 2.291964e-04
7.480000e+00 2.568747e-04
7.490000e+00 2.825308e-04
7.500000e+00 3.060672e-04
7.510000e+00 3.274026e-04
7.520000e+00 3.464732e-04
7.530000e+00 3.632326e-04
7.540000e+00 3.776516e-04
7.550000e+00 3.897187e-04
7.560000e+00 3.994390e-04
7.570000e+00 4.068342e-04
7.580000e+00 4.119412e-04
7.590000e+00 4.148119e-04
7.600000e+00 4.155119e-04
7.610000e+00 4.141190e-04
7.620000e+00 4.107226e-04
7.630000e+00 4.054223e-04
7.640000e+00 3.983262e-04
7.650000e+00 3.895503e-04
7.660000e+00 3.792169e-04
7.670000e+00 3.674535e-04
7.680000e+00 3.543916e-04
7.690000e+00 3.401659e-04
7.700000e+00 3.249130e-04
7.710000e+00 3.087707e-04
7.720000e+00 2.918772e-04
7.730000e+00 2.743703e-04
7.740000e+00 2.563868e-04
7.750000e+00 2.380619e-04
7.760000e+00 2.195287e-04
7.770000e+00 2.009178e-04
7.780000e+00 1.823568e-04
7.790000e+00 1.639699e-04
7.800000e+00 1.458775e-04
7.810000e+00 1.281961e-04
7.820000e+00 1.110375e-04
7.830000e+00 9.450906e-05
7.840000e+00 7.871262e-05
7.850000e+00 6.374468e-05
7.860000e+00 4.969577e-05
7.870000e+00 3.665011e-05
7.880000e+00 2.468525e-05
7.890000e+00 1.387164e-05
7.900000e+00 4.272307e-06
7.910000e+00 -4.057494e-06
7.920000e+00 -1.107060e-05
7.930000e+00 -1.672819e-05
7.940000e+00 -2.099999e-05
7.950000e+00 -2.386436e-05
7.960000e+00 -2.530844e-05
7.970000e+00 -2.532803e-05
7.980000e+00 -2.392752e-05
7.990000e+00 -2.111969e-05
8.000000e+00 -1.692537e-05
8.010000e+00 -1.137311e-05
8.020000e+00 -4.498642e-06
8.030000e+00 3.655595e-06
8.040000e+00 1.304110e-05
8.050000e+00 2.360398e-05
8.060000e+00 3.528560e-05
8.070000e+00 4.802333e-05
8.080000e+00 6.175125e-05
8.090000e+00 7.640089e-05
8.100000e+00 9.190182e-05
8.110000e+00 1.081824e-04
8.120000e+00 1.251702e-04
8.130000e+00 1.427927e-04
8.140000e+00 1.609776e-04
8.150000e+00 1.796529e-04
8.160000e+00 1.987478e-04
8.170000e+00 2.181922e-04
8.180000e+00 2.379172e-04
8.190000e+00 2.578548e-04
8.200000e+00 2.779381e-04
8.210000e+00 2.981010e-04
8.220000e+00 3.182782e-04
8.230000e+00 3.384047e-04
8.240000e+00 3.584161e-04
8.250000e+00 3.782481e-04
8.260000e+00 3.978362e-04
8.270000e+00 4.171161e-04
8.280000e+00 4.360234e-04
8.290000e+00 4.544934e-04
8.300000e+00 4.724619e-04
8.310000e+00 4.898647e-04
8.320000e+00 5.066385e-04
8.330000e+00 5.227212e-04
8.340000e+00 5.380520e-04
8.350000e+00 5.525728e-04
8.360000e+00 5.662283e-04
8.370000e+00 5.789670e-04
8.380000e+00 5.907418e-04
8.390000e+00 6.015111e-04
8.400000e+00 6.112393e-04
8.410000e+00 6.198976e-04
8.420000e+00 6.274652e-04
8.430000e+00 6.339291e-04
8.440000e+00 6.392851e-04
8.450000e+00 6.435384e-04
8.460000e+00 6.467032e-04
8.470000e+00 6.488035e-04
8.480000e+00 6.498722e-04
8.490000e+00 6.499516e-04
8.500000e+00 6.490924e-04
8.510000e+00 6.473534e-04
8.520000e+00 6.448004e-04
8.530000e+00 6.415054e-04
8.540000e+00 6.375454e-04
8.550000e+00 6.330014e-04
8.560000e+00 6.279567e-04
8.570000e+00 6.224960e-04
8.580000e+00 6.167036e-04
8.590000e+00 6.106623e-04
8.600000e+00 6.044520e-04
8.610000e+00 5.981481e-04
8.620000e+00 5.918208e-04
8.630000e+00 5.855339e-04
8.640000e+00 5.793439e-04
8.650000e+00 5.732990e-04
8.660000e+00 5.674392e-04
8.670000e+00 5.617954e-04
8.680000e+00 5.563899e-04
8.690000e+00 5.512359e-04
8.700000e+00 5.463381e-04
8.710000e+00 5.416935e-04
8.720000e+00 5.372916e-04
8.730000e+00 5.331157e-04
8.740000e+00 5.291434e-04
8.750000e+00 5.253481e-04
8.760000e+00 5.217002e-04
8.770000e+00 5.181678e-04
8.780000e+00 5.147185e-04
8.790000e+00 5.113203e-04
8.800000e+00 5.079425e-04
8.810000e+00 5.045575e-04
8.820000e+00 5.011406e-04
8.830000e+00 4.976721e-04
8.840000e+00 4.941367e-04
8.850000e+00 4.905249e-04
8.860000e+00 4.868328e-04
8.870000e+00 4.830625e-04
8.880000e+00 4.792219e-04
8.890000e+00 4.753244e-04
8.900000e+00 4.713888e-04
8.910000e+00 4.674385e-04
8.920000e+00 4.635009e-04
8.930000e+00 4.596067e-04
8.940000e+00 4.557894e-04
8.950000e+00 4.520835e-04
8.960000e+00 4.485248e-04
8.970000e+00 4.451485e-04
8.980000e+00 4.419887e-04
8.990000e+00 4.390779e-04
9.000000e+00 4.364454e-04
9.010000e+00 4.341177e-04
9.020000e+00 4.321170e-04
9.030000e+00 4.304613e-04
9.040000e+00 4.291640e-04
9.050000e+00 4.282334e-04
9.060000e+00 4.276732e-04
9.070000e+00 4.274820e-04
9.080000e+00 4.276538e-04
9.090000e+00 4.281784e-04
9.100000e+00 4.290413e-04
9.110000e+00 4.302246e-04
9.120000e+00 4.317075e-04
9.130000e+00 4.334666e-04
9.140000e+00 4.354767e-04
9.150000e+00 4.377113e-04
9.160000e+00 4.401434e-04
9.170000e+00 4.427458e-04
9.180000e+00 4.454918e-04
9.190000e+00 4.483554e-04
9.200000e+00 4.513123e-04
9.210000e+00 4.543397e-04
9.220000e+00 4.574167e-04
9.230000e+00 4.605249e-04
9.240000e+00 4.636479e-04
9.250000e+00 4.667719e-04
9.260000e+00 4.698854e-04
9.270000e+00 4.729793e-04
9.280000e+00 4.760466e-04
9.290000e+00 4.790825e-04
9.300000e+00 4.820841e-04
9.310000e+00 4.850500e-04
9.320000e+00 4.879802e-04
9.330000e+00 4.908761e-04
9.340000e+00 4.937396e-04
9.350000e+00 4.965736e-04
9.360000e+00 4.993812e-04
9.370000e+00 5.021655e-04
9.380000e+00 5.049298e-04
9.390000e+00 5.076768e-04
9.400000e+00 5.104087e-04
9.410000e+00 5.131270e-04
9.420000e+00 5.158321e-04
9.430000e+00 5.185234e-04
9.440000e+00 5.211987e-04
9.450000e+00 5.238544e-04
9.460000e+00 5.264849e-04
9.470000e+00 5.290826e-04
9.480000e+00 5.316378e-04
9.490000e+00 5.341382e-04
9.500000e+00 5.365686e-04
9.510000e+00 5.389112e-04
9.520000e+00 5.411447e-04
9.530000e+00 5.432444e-04
9.540000e+00 5.451821e-04
9.550000e+00 5.469257e-04
9.560000e+00 5.484391e-04
9.570000e+00 5.496822e-04
9.580000e+00 5.506107e-04
9.590000e+00 5.511763e-04
9.600000e+00 5.513266e-04
9.610000e+00 5.510054e-04
9.620000e+00 5.501529e-04
9.630000e+00 5.487060e-04
9.640000e+00 5.465988e-04
9.650000e+00 5.437630e-04
9.660000e+00 5.401287e-04
9.670000e+00 5.356250e-04
9.680000e+00 5.301805e-04
9.690000e+00 5.237247e-04
9.700000e+00 5.161883e-04
9.710000e+00 5.075043e-04
9.720000e+00 4.976091e-04
9.730000e+00 4.864432e-04
9.740000e+00 4.739523e-04
9.750000e+00 4.600877e-04
9.760000e+00 4.448077e-04
9.770000e+00 4.280780e-04
9.780000e+00 4.098722e-04
9.790000e+00 3.901727e-04
9.800000e+00 3.689706e-04
9.810000e+00 3.462663e-04
9.820000e+00 3.220695e-04
9.830000e+00 2.963990e-04
9.840000e+00 2.692828e-04
9.850000e+00 2.407576e-04
9.860000e+00 2.108680e-04
9.870000e+00 1.796667e-04
9.880000e+00 1.472127e-04
9.890000e+00 1.135714e-04
9.900000e+00 7.881312e-05
9.910000e+00 4.301243e-05
9.920000e+00 6.246936e-06
9.930000e+00 -3.140367e-05
9.940000e+00 -6.985862e-05
9.950000e+00 -1.090371e-04
9.960000e+00 -1.488591e-04
9.970000e+00 -1.892465e-04
9.980000e+00 -2.301234e-04
9.990000e+00 -2.714174e-04
1.000000e+01 -3.130595e-04
