# sigma2_v 7.450703394846927e+00
0.000000e+00 1.000000e+00
1.000000e-02 9.996275e-01
2.000000e-02 9.985111e-01
3.000000e-02 9.966535e-01
4.000000e-02 9.940592e-01
5.000000e-02 9.907349e-01
6.000000e-02 9.866886e-01
7.000000e-02 9.819305e-01
8.000000e-02 9.764721e-01
9.000000e-02 9.703268e-01
1.000000e-01 9.635096e-01
1.100000e-01 9.560368e-01
1.200000e-01 9.479264e-01
1.300000e-01 9.391976e-01
1.400000e-01 9.298710e-01
1.500000e-01 9.199682e-01
1.600000e-01 9.095121e-01
1.700000e-01 8.985265e-01
1.800000e-01 8.870361e-01
1.900000e-01 8.750664e-01
2.000000e-01 8.626436e-01
2.100000e-01 8.497945e-01
2.200000e-01 8.365464e-01
2.300000e-01 8.229269e-01
2.400000e-01 8.089640e-01
2.500000e-01 7.946858e-01
2.600000e-01 7.801205e-01
2.700000e-01 7.652964e-01
2.800000e-01 7.502414e-01
2.900000e-01 7.349836e-01
3.000000e-01 7.195506e-01
3.100000e-01 7.039695e-01
3.200000e-01 6.882673e-01
3.300000e-01 6.724703e-01
3.400000e-01 6.566042e-01
3.500000e-01 6.406941e-01
3.600000e-01 6.247646e-01
3.700000e-01 6.088391e-01
3.800000e-01 5.929407e-01
3.900000e-01 5.770914e-01
4.000000e-01 5.613123e-01
4.100000e-01 5.456237e-01
4.200000e-01 5.300450e-01
4.300000e-01 5.145945e-01
4.400000e-01 4.992897e-01
4.500000e-01 4.841469e-01
4.600000e-01 4.691817e-01
4.700000e-01 4.544085e-01
4.800000e-01 4.398407e-01
4.900000e-01 4.254907e-01
5.000000e-01 4.113701e-01
5.100000e-01 3.974894e-01
5.200000e-01 3.838580e-01
5.300000e-01 3.704846e-01
5.400000e-01 3.573767e-01
5.500000e-01 3.445413e-01
5.600000e-01 3.319842e-01
5.700000e-01 3.197103e-01
5.800000e-01 3.077240e-01
5.900000e-01 2.960286e-01
6.000000e-01 2.846268e-01
6.100000e-01 2.735205e-01
6.200000e-01 2.627109e-01
6.300000e-01 2.521987e-01
6.400000e-01 2.419837e-01
6.500000e-01 2.320653e-01
6.600000e-01 2.224423e-01
6.700000e-01 2.131129e-01
6.800000e-01 2.040749e-01
6.900000e-01 1.953257e-01
7.000000e-01 1.868621e-01
7.100000e-01 1.786807e-01
7.200000e-01 1.707775e-01
7.300000e-01 1.631485e-01
7.400000e-01 1.557891e-01
7.500000e-01 1.486946e-01
7.600000e-01 1.418600e-01
7.700000e-01 1.352802e-01
7.800000e-01 1.289497e-01
7.900000e-01 1.228631e-01
8.000000e-01 1.170147e-01
8.100000e-01 1.113986e-01
8.200000e-01 1.060092e-01
8.300000e-01 1.008403e-01
8.400000e-01 9.588599e-02
8.500000e-01 9.114028e-02
8.600000e-01 8.659711e-02
8.700000e-01 8.225041e-02
8.800000e-01 7.809415e-02
8.900000e-01 7.412233e-02
9.000000e-01 7.032895e-02
9.100000e-01 6.670810e-02
9.200000e-01 6.325392e-02
9.300000e-01 5.996060e-02
9.400000e-01 5.682244e-02
9.500000e-01 5.383381e-02
9.600000e-01 5.098917e-02
9.700000e-01 4.828309e-02
9.800000e-01 4.571026e-02
9.900000e-01 4.326545e-02
1.000000e+00 4.094360e-02
1.010000e+00 3.873971e-02
1.020000e+00 3.664896e-02
1.030000e+00 3.466662e-02
1.040000e+00 3.278812e-02
1.050000e+00 3.100901e-02
1.060000e+00 2.932496e-02
1.070000e+00 2.773180e-02
1.080000e+00 2.622547e-02
1.090000e+00 2.480207e-02
1.100000e+00 2.345781e-02
1.110000e+00 2.218904e-02
1.120000e+00 2.099226e-02
1.130000e+00 1.986406e-02
1.140000e+00 1.880119e-02
1.150000e+00 1.780052e-02
1.160000e+00 1.685902e-02
1.170000e+00 1.597380e-02
1.180000e+00 1.514209e-02
1.190000e+00 1.436120e-02
1.200000e+00 1.362860e-02
1.210000e+00 1.294181e-02
1.220000e+00 1.229850e-02
1.230000e+00 1.169641e-02
1.240000e+00 1.113339e-02
1.250000e+00 1.060736e-02
1.260000e+00 1.011637e-02
1.270000e+00 9.658517e-03
1.280000e+00 9.231999e-03
1.290000e+00 8.835088e-03
1.300000e+00 8.466136e-03
1.310000e+00 8.123566e-03
1.320000e+00 7.805873e-03
1.330000e+00 7.511620e-03
1.340000e+00 7.239435e-03
1.350000e+00 6.988011e-03
1.360000e+00 6.756102e-03
1.370000e+00 6.542518e-03
1.380000e+00 6.346129e-03
1.390000e+00 6.165857e-03
1.400000e+00 6.000678e-03
1.410000e+00 5.849616e-03
1.420000e+00 5.711746e-03
1.430000e+00 5.586188e-03
1.440000e+00 5.472106e-03
1.450000e+00 5.368708e-03
1.460000e+00 5.275241e-03
1.470000e+00 5.190992e-03
1.480000e+00 5.115284e-03
1.490000e+00 5.047474e-03
1.500000e+00 4.986955e-03
1.510000e+00 4.933150e-03
1.520000e+00 4.885509e-03
1.530000e+00 4.843515e-03
1.540000e+00 4.806672e-03
1.550000e+00 4.774513e-03
1.560000e+00 4.746590e-03
1.570000e+00 4.722480e-03
1.580000e+00 4.701777e-03
1.590000e+00 4.684097e-03
1.600000e+00 4.669070e-03
1.610000e+00 4.656346e-03
1.620000e+00 4.645588e-03
1.630000e+00 4.636474e-03
1.640000e+00 4.628698e-03
1.650000e+00 4.621964e-03
1.660000e+00 4.615990e-03
1.670000e+00 4.610507e-03
1.680000e+00 4.605256e-03
1.690000e+00 4.599991e-03
1.700000e+00 4.594478e-03
1.710000e+00 4.588493e-03
1.720000e+00 4.581824e-03
1.730000e+00 4.574271e-03
1.740000e+00 4.565645e-03
1.750000e+00 4.555771e-03
1.760000e+00 4.544483e-03
1.770000e+00 4.531631e-03
1.780000e+00 4.517075e-03
1.790000e+00 4.500691e-03
1.800000e+00 4.482364e-03
1.810000e+00 4.461999e-03
1.820000e+00 4.439508e-03
1.830000e+00 4.414824e-03
1.840000e+00 4.387889e-03
1.850000e+00 4.358661e-03
1.860000e+00 4.327114e-03
1.870000e+00 4.293235e-03
1.880000e+00 4.257026e-03
1.890000e+00 4.218502e-03
1.900000e+00 4.177692e-03
1.910000e+00 4.134640e-03
1.920000e+00 4.089401e-03
1.930000e+00 4.042045e-03
1.940000e+00 3.992650e-03
1.950000e+00 3.941310e-03
1.960000e+00 3.888126e-03
1.970000e+00 3.833210e-03
1.980000e+00 3.776683e-03
1.990000e+00 3.718672e-03
2.000000e+00 3.659313e-03
2.010000e+00 3.598747e-03
2.020000e+00 3.537119e-03
2.030000e+00 3.474579e-03
2.040000e+00 3.411280e-03
2.050000e+00 3.347375e-03
2.060000e+00 3.283018e-03
2.070000e+00 3.218363e-03
2.080000e+00 3.153563e-03
2.090000e+00 3.088768e-03
2.100000e+00 3.024124e-03
2.110000e+00 2.959775e-03
2.120000e+00 2.895859e-03
2.130000e+00 2.832509e-03
2.140000e+00 2.769852e-03
2.150000e+00 2.708007e-03
2.160000e+00 2.647089e-03
2.170000e+00 2.587205e-03
2.180000e+00 2.528452e-03
2.190000e+00 2.470922e-03
2.200000e+00 2.414700e-03
2.210000e+00 2.359861e-03
2.220000e+00 2.306473e-03
2.230000e+00 2.254598e-03
2.240000e+00 2.204290e-03
2.250000e+00 2.155594e-03
2.260000e+00 2.108550e-03
2.270000e+00 2.063191e-03
2.280000e+00 2.019543e-03
2.290000e+00 1.977626e-03
2.300000e+00 1.937454e-03
2.310000e+00 1.899036e-03
2.320000e+00 1.862374e-03
2.330000e+00 1.827466e-03
2.340000e+00 1.794304e-03
2.350000e+00 1.762875e-03
2.360000e+00 1.733162e-03
2.370000e+00 1.705143e-03
2.380000e+00 1.678790e-03
2.390000e+00 1.654071e-03
2.400000e+00 1.630952e-03
2.410000e+00 1.609390e-03
2.420000e+00 1.589341e-03
2.430000e+00 1.570755e-03
2.440000e+00 1.553580e-03
2.450000e+00 1.537756e-03
2.460000e+00 1.523223e-03
2.470000e+00 1.509914e-03
2.480000e+00 1.497761e-03
2.490000e+00 1.486691e-03
2.500000e+00 1.476630e-03
2.510000e+00 1.467499e-03
2.520000e+00 1.459219e-03
2.530000e+00 1.451710e-03
2.540000e+00 1.444888e-03
2.550000e+00 1.438672e-03
2.560000e+00 1.432980e-03
2.570000e+00 1.427730e-03
2.580000e+00 1.422843e-03
2.590000e+00 1.418243e-03
2.600000e+00 1.413854e-03
2.610000e+00 1.409607e-03
2.620000e+00 1.405435e-03
2.630000e+00 1.401279e-03
2.640000e+00 1.397081e-03
2.650000e+00 1.392792e-03
2.660000e+00 1.388370e-03
2.670000e+00 1.383776e-03
2.680000e+00 1.378983e-03
2.690000e+00 1.373966e-03
2.700000e+00 1.368711e-03
2.710000e+00 1.363208e-03
2.720000e+00 1.357456e-03
2.730000e+00 1.351459e-03
2.740000e+00 1.345229e-03
2.750000e+00 1.338781e-03
2.760000e+00 1.332139e-03
2.770000e+00 1.325327e-03
2.780000e+00 1.318377e-03
2.790000e+00 1.311322e-03
2.800000e+00 1.304200e-03
2.810000e+00 1.297047e-03
2.820000e+00 1.289903e-03
2.830000e+00 1.282809e-03
2.840000e+00 1.275802e-03
2.850000e+00 1.268922e-03
2.860000e+00 1.262205e-03
2.870000e+00 1.255685e-03
2.880000e+00 1.249394e-03
2.890000e+00 1.243361e-03
2.900000e+00 1.237609e-03
2.910000e+00 1.232159e-03
2.920000e+00 1.227027e-03
2.930000e+00 1.222226e-03
2.940000e+00 1.217763e-03
2.950000e+00 1.213640e-03
2.960000e+00 1.209856e-03
2.970000e+00 1.206403e-03
2.980000e+00 1.203271e-03
2.990000e+00 1.200445e-03
3.000000e+00 1.197906e-03
3.010000e+00 1.195629e-03
3.020000e+00 1.193589e-03
3.030000e+00 1.191755e-03
3.040000e+00 1.190093e-03
3.050000e+00 1.188568e-03
3.060000e+00 1.187141e-03
3.070000e+00 1.185770e-03
3.080000e+00 1.184412e-03
3.090000e+00 1.183024e-03
3.100000e+00 1.181557e-03
3.110000e+00 1.179965e-03
3.120000e+00 1.178198e-03
3.130000e+00 1.176208e-03
3.140000e+00 1.173944e-03
3.150000e+00 1.171355e-03
3.160000e+00 1.168392e-03
3.170000e+00 1.165003e-03
3.180000e+00 1.161139e-03
3.190000e+00 1.156751e-03
3.200000e+00 1.151789e-03
3.210000e+00 1.146208e-03
3.220000e+00 1.139962e-03
3.230000e+00 1.133006e-03
3.240000e+00 1.125299e-03
3.250000e+00 1.116802e-03
3.260000e+00 1.107477e-03
3.270000e+00 1.097292e-03
3.280000e+00 1.086217e-03
3.290000e+00 1.074225e-03
3.300000e+00 1.061292e-03
3.310000e+00 1.047402e-03
3.320000e+00 1.032540e-03
3.330000e+00 1.016697e-03
3.340000e+00 9.998685e-04
3.350000e+00 9.820554e-04
3.360000e+00 9.632635e-04
3.370000e+00 9.435040e-04
3.380000e+00 9.227932e-04
3.390000e+00 9.011527e-04
3.400000e+00 8.786092e-04
3.410000e+00 8.551946e-04
3.420000e+00 8.309457e-04
3.430000e+00 8.059039e-04
3.440000e+00 7.801153e-04
3.450000e+00 7.536300e-04
3.460000e+00 7.265022e-04
3.470000e+00 6.987895e-04
3.480000e+00 6.705530e-04
3.490000e+00 6.418562e-04
3.500000e+00 6.127655e-04
3.510000e+00 5.833490e-04
3.520000e+00 5.536765e-04
3.530000e+00 5.238189e-04
3.540000e+00 4.938479e-04
3.550000e+00 4.638353e-04
3.560000e+00 4.338530e-04
3.570000e+00 4.039722e-04
3.580000e+00 3.742632e-04
3.590000e+00 3.447949e-04
3.600000e+00 3.156344e-04
3.610000e+00 2.868467e-04
3.620000e+00 2.584946e-04
3.630000e+00 2.306379e-04
3.640000e+00 2.033333e-04
3.650000e+00 1.766342e-04
3.660000e+00 1.505905e-04
3.670000e+00 1.252482e-04
3.680000e+00 1.006492e-04
3.690000e+00 7.683135e-05
3.700000e+00 5.382803e-05
3.710000e+00 3.166824e-05
3.720000e+00 1.037647e-05
3.730000e+00 -1.002736e-05
3.740000e+00 -2.952787e-05
3.750000e+00 -4.811418e-05
3.760000e+00 -6.577989e-05
3.770000e+00 -8.252286e-05
3.780000e+00 -9.834517e-05
3.790000e+00 -1.132528e-04
3.800000e+00 -1.272557e-04
3.810000e+00 -1.403670e-04
3.820000e+00 -1.526032e-04
3.830000e+00 -1.639836e-04
3.840000e+00 -1.745303e-04
3.850000e+00 -1.842672e-04
3.860000e+00 -1.932202e-04
3.870000e+00 -2.014166e-04
3.880000e+00 -2.088848e-04
3.890000e+00 -2.156536e-04
3.900000e+00 -2.217524e-04
3.910000e+00 -2.272104e-04
3.920000e+00 -2.320562e-04
3.930000e+00 -2.363179e-04
3.940000e+00 -2.400226e-04
3.950000e+00 -2.431962e-04
3.960000e+00 -2.458630e-04
3.970000e+00 -2.480459e-04
3.980000e+00 -2.497662e-04
3.990000e+00 -2.510433e-04
4.000000e+00 -2.518948e-04
4.010000e+00 -2.523367e-04
4.020000e+00 -2.523832e-04
4.030000e+00 -2.520471e-04
4.040000e+00 -2.513393e-04
4.050000e+00 -2.502697e-04
4.060000e+00 -2.488470e-04
4.070000e+00 -2.470786e-04
4.080000e+00 -2.449714e-04
4.090000e+00 -2.425313e-04
4.100000e+00 -2.397639e-04
4.110000e+00 -2.366742e-04
4.120000e+00 -2.332672e-04
4.130000e+00 -2.295475e-04
4.140000e+00 -2.255200e-04
4.150000e+00 -2.211892e-04
4.160000e+00 -2.165599e-04
4.170000e+00 -2.116369e-04
4.180000e+00 -2.064250e-04
4.190000e+00 -2.009292e-04
4.200000e+00 -1.951544e-04
4.210000e+00 -1.891054e-04
4.220000e+00 -1.827870e-04
4.230000e+00 -1.762039e-04
4.240000e+00 -1.693606e-04
4.250000e+00 -1.622615e-04
4.260000e+00 -1.549110e-04
4.270000e+00 -1.473132e-04
4.280000e+00 -1.394726e-04
4.290000e+00 -1.313936e-04
4.300000e+00 -1.230811e-04
4.310000e+00 -1.145405e-04
4.320000e+00 -1.057783e-04
4.330000e+00 -9.680187e-05
4.340000e+00 -8.762019e-05
4.350000e+00 -7.824409e-05
4.360000e+00 -6.868664e-05
4.370000e+00 -5.896354e-05
4.380000e+00 -4.909350e-05
4.390000e+00 -3.909862e-05
4.400000e+00 -2.900473e-05
4.410000e+00 -1.884172e-05
4.420000e+00 -8.643790e-06
4.430000e+00 1.550382e-06
4.440000e+00 1.169749e-05
4.450000e+00 2.174956e-05
4.460000e+00 3.165407e-05
4.470000e+00 4.135403e-05
4.480000e+00 5.078830e-05
4.490000e+00 5.989193e-05
4.500000e+00 6.859665e-05
4.510000e+00 7.683144e-05
4.520000e+00 8.452318e-05
4.530000e+00 9.159740e-05
4.540000e+00 9.797912e-05
4.550000e+00 1.035937e-04
4.560000e+00 1.083678e-04
4.570000e+00 1.122303e-04
4.580000e+00 1.151132e-04
4.590000e+00 1.169526e-04
4.600000e+00 1.176897e-04
4.610000e+00 1.172714e-04
4.620000e+00 1.156515e-04
4.630000e+00 1.127908e-04
4.640000e+00 1.086581e-04
4.650000e+00 1.032307e-04
4.660000e+00 9.649453e-05
4.670000e+00 8.844435e-05
4.680000e+00 7.908397e-05
4.690000e+00 6.842612e-05
4.700000e+00 5.649216e-05
4.710000e+00 4.331184e-05
4.720000e+00 2.892274e-05
4.730000e+00 1.336976e-05
4.740000e+00 -3.295591e-06
4.750000e+00 -2.101595e-05
4.760000e+00 -3.972893e-05
4.770000e+00 -5.936793e-05
4.780000e+00 -7.986307e-05
4.790000e+00 -1.011421e-04
4.800000e+00 -1.231310e-04
4.810000e+00 -1.457554e-04
4.820000e+00 -1.689405e-04
4.830000e+00 -1.926125e-04
4.840000e+00 -2.166987e-04
4.850000e+00 -2.411283e-04
4.860000e+00 -2.658326e-04
4.870000e+00 -2.907453e-04
4.880000e+00 -3.158026e-04
4.890000e+00 -3.409435e-04
4.900000e+00 -3.661094e-04
4.910000e+00 -3.912439e-04
4.920000e+00 -4.162930e-04
4.930000e+00 -4.412042e-04
4.940000e+00 -4.659264e-04
4.950000e+00 -4.904095e-04
4.960000e+00 -5.146038e-04
4.970000e+00 -5.384595e-04
4.980000e+00 -5.619263e-04
4.990000e+00 -5.849531e-04
5.000000e+00 -6.074877e-04
5.010000e+00 -6.294759e-04
5.020000e+00 -6.508623e-04
5.030000e+00 -6.715894e-04
5.040000e+00 -6.915978e-04
5.050000e+00 -7.108264e-04
5.060000e+00 -7.292129e-04
5.070000e+00 -7.466935e-04
5.080000e+00 -7.632042e-04
5.090000e+00 -7.786806e-04
5.100000e+00 -7.930590e-04
5.110000e+00 -8.062774e-04
5.120000e+00 -8.182759e-04
5.130000e+00 -8.289977e-04
5.140000e+00 -8.383904e-04
5.150000e+00 -8.464065e-04
5.160000e+00 -8.530049e-04
5.170000e+00 -8.581513e-04
5.180000e+00 -8.618196e-04
5.190000e+00 -8.639924e-04
5.200000e+00 -8.646620e-04
5.210000e+00 -8.638309e-04
5.220000e+00 -8.615127e-04
5.230000e+00 -8.577320e-04
5.240000e+00 -8.525251e-04
5.250000e+00 -8.459403e-04
5.260000e+00 -8.380373e-04
5.270000e+00 -8.288876e-04
5.280000e+00 -8.185738e-04
5.290000e+00 -8.071896e-04
5.300000e+00 -7.948386e-04
5.310000e+00 -7.816340e-04
5.320000e+00 -7.676974e-04
5.330000e+00 -7.531581e-04
5.340000e+00 -7.381514e-04
5.350000e+00 -7.228183e-04
5.360000e+00 -7.073032e-04
5.370000e+00 -6.917531e-04
5.380000e+00 -6.763161e-04
5.390000e+00 -6.611400e-04
5.400000e+00 -6.463706e-04
5.410000e+00 -6.321505e-04
5.420000e+00 -6.186177e-04
5.430000e+00 -6.059039e-04
5.440000e+00 -5.941336e-04
5.450000e+00 -5.834226e-04
5.460000e+00 -5.738769e-04
5.470000e+00 -5.655915e-04
5.480000e+00 -5.586497e-04
5.490000e+00 -5.531222e-04
5.500000e+00 -5.490660e-04
5.510000e+00 -5.465246e-04
5.520000e+00 -5.455268e-04
5.530000e+00 -5.460869e-04
5.540000e+00 -5.482044e-04
5.550000e+00 -5.518640e-04
5.560000e+00 -5.570359e-04
5.570000e+00 -5.636760e-04
5.580000e+00 -5.717265e-04
5.590000e+00 -5.811164e-04
5.600000e+00 -5.917621e-04
5.610000e+00 -6.035686e-04
5.620000e+00 -6.164303e-04
5.630000e+00 -6.302320e-04
5.640000e+00 -6.448502e-04
5.650000e+00 -6.601542e-04
5.660000e+00 -6.760074e-04
5.670000e+00 -6.922689e-04
5.680000e+00 -7.087944e-04
5.690000e+00 -7.254380e-04
5.700000e+00 -7.420533e-04
5.710000e+00 -7.584947e-04
5.720000e+00 -7.746189e-04
5.730000e+00 -7.902857e-04
5.740000e+00 -8.053598e-04
5.750000e+00 -8.197109e-04
5.760000e+00 -8.332157e-04
5.770000e+00 -8.457577e-04
5.780000e+00 -8.572289e-04
5.790000e+00 -8.675293e-04
5.800000e+00 -8.765684e-04
5.810000e+00 -8.842648e-04
5.820000e+00 -8.905465e-04
5.830000e+00 -8.953513e-04
5.840000e+00 -8.986263e-04
5.850000e+00 -9.003281e-04
5.860000e+00 -9.004224e-04
5.870000e+00 -8.988835e-04
5.880000e+00 -8.956943e-04
5.890000e+00 -8.908456e-04
5.900000e+00 -8.843355e-04
5.910000e+00 -8.761692e-04
5.920000e+00 -8.663586e-04
5.930000e+00 -8.549213e-04
5.940000e+00 -8.418809e-04
5.950000e+00 -8.272660e-04
5.960000e+00 -8.111102e-04
5.970000e+00 -7.934520e-04
5.980000e+00 -7.743344e-04
5.990000e+00 -7.538046e-04
6.000000e+00 -7.319145e-04
6.010000e+00 -7.087205e-04
6.020000e+00 -6.842836e-04
6.030000e+00 -6.586696e-04
6.040000e+00 -6.319494e-04
6.050000e+00 -6.041991e-04
6.060000e+00 -5.755005e-04
6.070000e+00 -5.459412e-04
6.080000e+00 -5.156148e-04
6.090000e+00 -4.846214e-04
6.100000e+00 -4.530674e-04
6.110000e+00 -4.210656e-04
6.120000e+00 -3.887354e-04
6.130000e+00 -3.562024e-04
6.140000e+00 -3.235981e-04
6.150000e+00 -2.910596e-04
6.160000e+00 -2.587291e-04
6.170000e+00 -2.267529e-04
6.180000e+00 -1.952810e-04
6.190000e+00 -1.644656e-04
6.200000e+00 -1.344602e-04
6.210000e+00 -1.054185e-04
6.220000e+00 -7.749290e-05
6.230000e+00 -5.083305e-05
6.240000e+00 -2.558449e-05
6.250000e+00 -1.887109e-06
6.260000e+00 2.012641e-05
6.270000e+00 4.033200e-05
6.280000e+00 5.861570e-05
6.290000e+00 7.487499e-05
6.300000e+00 8.901999e-05
6.310000e+00 1.009746e-04
6.320000e+00 1.106776e-04
6.330000e+00 1.180831e-04
6.340000e+00 1.231614e-04
6.350000e+00 1.258993e-04
6.360000e+00 1.263003e-04
6.370000e+00 1.243845e-04
6.380000e+00 1.201884e-04
6.390000e+00 1.137645e-04
6.400000e+00 1.051806e-04
6.410000e+00 9.451880e-05
6.420000e+00 8.187481e-05
6.430000e+00 6.735660e-05
6.440000e+00 5.108320e-05
6.450000e+00 3.318336e-05
6.460000e+00 1.379409e-05
6.470000e+00 -6.940786e-06
6.480000e+00 -2.887208e-05
6.490000e+00 -5.184675e-05
6.500000e+00 -7.570927e-05
6.510000e+00 -1.003031e-04
6.520000e+00 -1.254717e-04
6.530000e+00 -1.510600e-04
6.540000e+00 -1.769156e-04
6.550000e+00 -2.028890e-04
6.560000e+00 -2.288353e-04
6.570000e+00 -2.546144e-04
6.580000e+00 -2.800914e-04
6.590000e+00 -3.051376e-04
6.600000e+00 -3.296304e-04
6.610000e+00 -3.534535e-04
6.620000e+00 -3.764973e-04
6.630000e+00 -3.986587e-04
6.640000e+00 -4.198411e-04
6.650000e+00 -4.399545e-04
6.660000e+00 -4.589153e-04
6.670000e+00 -4.766464e-04
6.680000e+00 -4.930766e-04
6.690000e+00 -5.081413e-04
6.700000e+00 -5.217817e-04
6.710000e+00 -5.339454e-04
6.720000e+00 -5.445861e-04
6.730000e+00 -5.536640e-04
6.740000e+00 -5.611455e-04
6.750000e+00 -5.670040e-04
6.760000e+00 -5.712194e-04
6.770000e+00 -5.737793e-04
6.780000e+00 -5.746784e-04
6.790000e+00 -5.739193e-04
6.800000e+00 -5.715129e-04
6.810000e+00 -5.674782e-04
6.820000e+00 -5.618432e-04
6.830000e+00 -5.546443e-04
6.840000e+00 -5.459272e-04
6.850000e+00 -5.357465e-04
6.860000e+00 -5.241658e-04
6.870000e+00 -5.112576e-04
6.880000e+00 -4.971027e-04
6.890000e+00 -4.817906e-04
6.900000e+00 -4.654179e-04
6.910000e+00 -4.480888e-04
6.920000e+00 -4.299135e-04
6.930000e+00 -4.110079e-04
6.940000e+00 -3.914925e-04
6.950000e+00 -3.714912e-04
6.960000e+00 -3.511305e-04
6.970000e+00 -3.305382e-04
6.980000e+00 -3.098419e-04
6.990000e+00 -2.891685e-04
7.000000e+00 -2.686423e-04
7.010000e+00 -2.483840e-04
7.020000e+00 -2.285097e-04
7.030000e+00 -2.091297e-04
7.040000e+00 -1.903473e-04
7.050000e+00 -1.722581e-04
7.060000e+00 -1.549490e-04
7.070000e+00 -1.384974e-04
7.080000e+00 -1.229708e-04
7.090000e+00 -1.084262e-04
7.100000e+00 -9.490962e-05
7.110000e+00 -8.245610e-05
7.120000e+00 -7.108941e-05
7.130000e+00 -6.082222e-05
7.140000e+00 -5.165618e-05
7.150000e+00 -4.358219e-05
7.160000e+00 -3.658081e-05
7.170000e+00 -3.062269e-05
7.180000e+00 -2.566914e-05
7.190000e+00 -2.167271e-05
7.200000e+00 -1.857793e-05
7.210000e+00 -1.632198e-05
7.220000e+00 -1.483550e-05
7.230000e+00 -1.404332e-05
7.240000e+00 -1.386532e-05
7.250000e+00 -1.421718e-05
7.260000e+00 -1.501123e-05
7.270000e+00 -1.615723e-05
7.280000e+00 -1.756314e-05
7.290000e+00 -1.913590e-05
7.300000e+00 -2.078213e-05
7.310000e+00 -2.240889e-05
7.320000e+00 -2.392430e-05
7.330000e+00 -2.523827e-05
7.340000e+00 -2.626304e-05
7.350000e+00 -2.691381e-05
7.360000e+00 -2.710929e-05
7.370000e+00 -2.677221e-05
7.380000e+00 -2.582981e-05
7.390000e+00 -2.421432e-05
7.400000e+00 -2.186332e-05
7.410000e+00 -1.872018e-05
7.420000e+00 -1.473433e-05
7.430000e+00 -9.861639e-06
7.440000e+00 -4.064580e-06
7.450000e+00 2.687505e-06
7.460000e+00 1.041828e-05
7.470000e+00 1.914428e-05
7.480000e+00 2.887493e-05
7.490000e+00 3.961244e-05
7.500000e+00 5.135199e-05
7.510000e+00 6.408175e-05
7.520000e+00 7.778311e-05
7.530000e+00 9.243088e-05
7.540000e+00 1.079936e-04
7.550000e+00 1.244338e-04
7.560000e+00 1.417084e-04
7.570000e+00 1.597693e-04
7.580000e+00 1.785636e-04
7.590000e+00 1.980339e-04
7.600000e+00 2.181193e-04
7.610000e+00 2.387556e-04
7.620000e+00 2.598757e-04
7.630000e+00 2.814102e-04
7.640000e+00 3.032882e-04
7.650000e+00 3.254371e-04
7.660000e+00 3.477837e-04
7.670000e+00 3.702541e-04
7.680000e+00 3.927746e-04
7.690000e+00 4.152715e-04
7.700000e+00 4.376718e-04
7.710000e+00 4.599034e-04
7.720000e+00 4.818952e-04
7.730000e+00 5.035773e-04
7.740000e+00 5.248814e-04
7.750000e+00 5.457409e-04
7.760000e+00 5.660906e-04
7.770000e+00 5.858674e-04
7.780000e+00 6.050102e-04
7.790000e+00 6.234598e-04
7.800000e+00 6.411593e-04
7.810000e+00 6.580541e-04
7.820000e+00 6.740921e-04
7.830000e+00 6.892239e-04
7.840000e+00 7.034027e-04
7.850000e+00 7.165851e-04
7.860000e+00 7.287307e-04
7.870000e+00 7.398030e-04
7.880000e+00 7.497691e-04
7.890000e+00 7.586003e-04
7.900000e+00 7.662727e-04
7.910000e+00 7.727669e-04
7.920000e+00 7.780688e-04
7.930000e+00 7.821696e-04
7.940000e+00 7.850663e-04
7.950000e+00 7.867617e-04
7.960000e+00 7.872649e-04
7.970000e+00 7.865908e-04
7.980000e+00 7.847610e-04
7.990000e+00 7.818029e-04
8.000000e+00 7.777502e-04
8.010000e+00 7.726425e-04
8.020000e+00 7.665248e-04
8.030000e+00 7.594474e-04
8.040000e+00 7.514652e-04
8.050000e+00 7.426374e-04
8.060000e+00 7.330263e-04
8.070000e+00 7.226974e-04
8.080000e+00 7.117179e-04
8.090000e+00 7.001560e-04
8.100000e+00 6.880804e-04
8.110000e+00 6.755590e-04
8.120000e+00 6.626583e-04
8.130000e+00 6.494422e-04
8.140000e+00 6.359717e-04
8.150000e+00 6.223032e-04
8.160000e+00 6.084889e-04
8.170000e+00 5.945751e-04
8.180000e+00 5.806023e-04
8.190000e+00 5.666045e-04
8.200000e+00 5.526085e-04
8.210000e+00 5.386345e-04
8.220000e+00 5.246948e-04
8.230000e+00 5.107950e-04
8.240000e+00 4.969329e-04
8.250000e+00 4.830997e-04
8.260000e+00 4.692796e-04
8.270000e+00 4.554506e-04
8.280000e+00 4.415848e-04
8.290000e+00 4.276491e-04
8.300000e+00 4.136056e-04
8.310000e+00 3.994126e-04
8.320000e+00 3.850249e-04
8.330000e+00 3.703948e-04
8.340000e+00 3.554731e-04
8.350000e+00 3.402092e-04
8.360000e+00 3.245525e-04
8.370000e+00 3.084527e-04
8.380000e+00 2.918606e-04
8.390000e+00 2.747289e-04
8.400000e+00 2.570129e-04
8.410000e+00 2.386707e-04
8.420000e+00 2.196643e-04
8.430000e+00 1.999596e-04
8.440000e+00 1.795275e-04
8.450000e+00 1.583436e-04
8.460000e+00 1.363895e-04
8.470000e+00 1.136526e-04
8.480000e+00 9.012651e-05
8.490000e+00 6.581179e-05
8.500000e+00 4.071596e-05
8.510000e+00 1.485395e-05
8.520000e+00 -1.175159e-05
8.530000e+00 -3.907002e-05
8.540000e+00 -6.706246e-05
8.550000e+00 -9.568153e-05
8.560000e+00 -1.248712e-04
8.570000e+00 -1.545665e-04
8.580000e+00 -1.846935e-04
8.590000e+00 -2.151696e-04
8.600000e+00 -2.459028e-04
8.610000e+00 -2.767926e-04
8.620000e+00 -3.077297e-04
8.630000e+00 -3.385966e-04
8.640000e+00 -3.692679e-04
8.650000e+00 -3.996110e-04
8.660000e+00 -4.294866e-04
8.670000e+00 -4.587495e-04
8.680000e+00 -4.872497e-04
8.690000e+00 -5.148337e-04
8.700000e+00 -5.413450e-04
8.710000e+00 -5.666260e-04
8.720000e+00 -5.905194e-04
8.730000e+00 -6.128692e-04
8.740000e+00 -6.335229e-04
8.750000e+00 -6.523327e-04
8.760000e+00 -6.691571e-04
8.770000e+00 -6.838629e-04
8.780000e+00 -6.963264e-04
8.790000e+00 -7.064350e-04
8.800000e+00 -7.140888e-04
8.810000e+00 -7.192020e-04
8.820000e+00 -7.217037e-04
8.830000e+00 -7.215391e-04
8.840000e+00 -7.186707e-04
8.850000e+00 -7.130782e-04
8.860000e+00 -7.047597e-04
8.870000e+00 -6.937311e-04
8.880000e+00 -6.800267e-04
8.890000e+00 -6.636986e-04
8.900000e+00 -6.448160e-04
8.910000e+00 -6.234650e-04
8.920000e+00 -5.997471e-04
8.930000e+00 -5.737781e-04
8.940000e+00 -5.456873e-04
8.950000e+00 -5.156153e-04
8.960000e+00 -4.837130e-04
8.970000e+00 -4.501398e-04
8.980000e+00 -4.150616e-04
8.990000e+00 -3.786494e-04
9.000000e+00 -3.410774e-04
9.010000e+00 -3.025214e-04
9.020000e+00 -2.631571e-04
9.030000e+00 -2.231587e-04
9.040000e+00 -1.826976e-04
9.050000e+00 -1.419408e-04
9.060000e+00 -1.010503e-04
9.070000e+00 -6.018194e-05
9.080000e+00 -1.948462e-05
9.090000e+00 2.090000e-05
9.100000e+00 6.083795e-05
9.110000e+00 1.002031e-04
9.120000e+00 1.388773e-04
9.130000e+00 1.767498e-04
9.140000e+00 2.137175e-04
9.150000e+00 2.496843e-04
9.160000e+00 2.845604e-04
9.170000e+00 3.182622e-04
9.180000e+00 3.507114e-04
9.190000e+00 3.818345e-04
9.200000e+00 4.115621e-04
9.210000e+00 4.398285e-04
9.220000e+00 4.665712e-04
9.230000e+00 4.917303e-04
9.240000e+00 5.152483e-04
9.250000e+00 5.370699e-04
9.260000e+00 5.571419e-04
9.270000e+00 5.754129e-04
9.280000e+00 5.918338e-04
9.290000e+00 6.063577e-04
9.300000e+00 6.189404e-04
9.310000e+00 6.295407e-04
9.320000e+00 6.381208e-04
9.330000e+00 6.446470e-04
9.340000e+00 6.490902e-04
9.350000e+00 6.514265e-04
9.360000e+00 6.516378e-04
9.370000e+00 6.497121e-04
9.380000e+00 6.456445e-04
9.390000e+00 6.394376e-04
9.400000e+00 6.311014e-04
9.410000e+00 6.206543e-04
9.420000e+00 6.081228e-04
9.430000e+00 5.935418e-04
9.440000e+00 5.769548e-04
9.450000e+00 5.584134e-04
9.460000e+00 5.379773e-04
9.470000e+00 5.157139e-04
9.480000e+00 4.916980e-04
9.490000e+00 4.660111e-04
9.500000e+00 4.387406e-04
9.510000e+00 4.099798e-04
9.520000e+00 3.798264e-04
9.530000e+00 3.483823e-04
9.540000e+00 3.157527e-04
9.550000e+00 2.820450e-04
9.560000e+00 2.473688e-04
9.570000e+00 2.118346e-04
9.580000e+00 1.755533e-04
9.590000e+00 1.386359e-04
9.600000e+00 1.011925e-04
9.610000e+00 6.333267e-05
9.620000e+00 2.516428e-05
9.630000e+00 -1.320616e-05
9.640000e+00 -5.167386e-05
9.650000e+00 -9.013576e-05
9.660000e+00 -1.284905e-04
9.670000e+00 -1.666384e-04
9.680000e+00 -2.044813e-04
9.690000e+00 -2.419222e-04
9.700000e+00 -2.788653e-04
9.710000e+00 -3.152158e-04
9.720000e+00 -3.508792e-04
9.730000e+00 -3.857616e-04
9.740000e+00 -4.197696e-04
9.750000e+00 -4.528094e-04
9.760000e+00 -4.847876e-04
9.770000e+00 -5.156107e-04
9.780000e+00 -5.451851e-04
9.790000e+00 -5.734177e-04
9.800000e+00 -6.002156e-04
9.810000e+00 -6.254867e-04
9.820000e+00 -6.491399e-04
9.830000e+00 -6.710859e-04
9.840000e+00 -6.912374e-04
9.850000e+00 -7.095099e-04
9.860000e+00 -7.258221e-04
9.870000e+00 -7.400970e-04
9.880000e+00 -7.522623e-04
9.890000e+00 -7.622513e-04
9.900000e+00 -7.700035e-04
9.910000e+00 -7.754656e-04
9.920000e+00 -7.785917e-04
9.930000e+00 -7.793444e-04
9.940000e+00 -7.776951e-04
9.950000e+00 -7.736247e-04
9.960000e+00 -7.671238e-04
9.970000e+00 -7.581933e-04
9.980000e+00 -7.468442e-04
9.990000e+00 -7.330982e-04
1.000000e+01 -7.169873e-04
