# sigma2_v 8.798299385404702e+00
0.000000e+00 1.000000e+00
1.000000e-02 9.995602e-01
2.000000e-02 9.982420e-01
3.000000e-02 9.960494e-01
4.000000e-02 9.929886e-01
5.000000e-02 9.890685e-01
6.000000e-02 9.843003e-01
7.000000e-02 9.786979e-01
8.000000e-02 9.722771e-01
9.000000e-02 9.650562e-01
1.000000e-01 9.570555e-01
1.100000e-01 9.482975e-01
1.200000e-01 9.388062e-01
1.300000e-01 9.286079e-01
1.400000e-01 9.177301e-01
1.500000e-01 9.062022e-01
1.600000e-01 8.940546e-01
1.700000e-01 8.813192e-01
1.800000e-01 8.680287e-01
1.900000e-01 8.542170e-01
2.000000e-01 8.399186e-01
2.100000e-01 8.251686e-01
2.200000e-01 8.100026e-01
2.300000e-01 7.944565e-01
2.400000e-01 7.785664e-01
2.500000e-01 7.623682e-01
2.600000e-01 7.458980e-01
2.700000e-01 7.291914e-01
2.800000e-01 7.122837e-01
2.900000e-01 6.952098e-01
3.000000e-01 6.780039e-01
3.100000e-01 6.606994e-01
3.200000e-01 6.433290e-01
3.300000e-01 6.259245e-01
3.400000e-01 6.085166e-01
3.500000e-01 5.911350e-01
3.600000e-01 5.738084e-01
3.700000e-01 5.565640e-01
3.800000e-01 5.394280e-01
3.900000e-01 5.224255e-01
4.000000e-01 5.055798e-01
4.100000e-01 4.889132e-01
4.200000e-01 4.724467e-01
4.300000e-01 4.561996e-01
4.400000e-01 4.401902e-01
4.500000e-01 4.244352e-01
4.600000e-01 4.089500e-01
4.700000e-01 3.937486e-01
4.800000e-01 3.788438e-01
4.900000e-01 3.642468e-01
5.000000e-01 3.499678e-01
5.100000e-01 3.360157e-01
5.200000e-01 3.223980e-01
5.300000e-01 3.091211e-01
5.400000e-01 2.961904e-01
5.500000e-01 2.836099e-01
5.600000e-01 2.713829e-01
5.700000e-01 2.595114e-01
5.800000e-01 2.479966e-01
5.900000e-01 2.368387e-01
6.000000e-01 2.260371e-01
6.100000e-01 2.155904e-01
6.200000e-01 2.054962e-01
6.300000e-01 1.957519e-01
6.400000e-01 1.863537e-01
6.500000e-01 1.772975e-01
6.600000e-01 1.685786e-01
6.700000e-01 1.601918e-01
6.800000e-01 1.521313e-01
6.900000e-01 1.443911e-01
7.000000e-01 1.369646e-01
7.100000e-01 1.298452e-01
7.200000e-01 1.230255e-01
7.300000e-01 1.164985e-01
7.400000e-01 1.102564e-01
7.500000e-01 1.042916e-01
7.600000e-01 9.859613e-02
7.700000e-01 9.316215e-02
7.800000e-01 8.798158e-02
7.900000e-01 8.304632e-02
8.000000e-01 7.834827e-02
8.100000e-01 7.387932e-02
8.200000e-01 6.963141e-02
8.300000e-01 6.559651e-02
8.400000e-01 6.176667e-02
8.500000e-01 5.813401e-02
8.600000e-01 5.469078e-02
8.700000e-01 5.142932e-02
8.800000e-01 4.834213e-02
8.900000e-01 4.542183e-02
9.000000e-01 4.266123e-02
9.100000e-01 4.005326e-02
9.200000e-01 3.759106e-02
9.300000e-01 3.526794e-02
9.400000e-01 3.307738e-02
9.500000e-01 3.101308e-02
9.600000e-01 2.906892e-02
9.700000e-01 2.723898e-02
9.800000e-01 2.551753e-02
9.900000e-01 2.389907e-02
1.000000e+00 2.237827e-02
1.010000e+00 2.095002e-02
1.020000e+00 1.960941e-02
1.030000e+00 1.835172e-02
1.040000e+00 1.717244e-02
1.050000e+00 1.606724e-02
1.060000e+00 1.503198e-02
1.070000e+00 1.406271e-02
1.080000e+00 1.315567e-02
1.090000e+00 1.230727e-02
1.100000e+00 1.151408e-02
1.110000e+00 1.077286e-02
1.120000e+00 1.008051e-02
1.130000e+00 9.434106e-03
1.140000e+00 8.830867e-03
1.150000e+00 8.268158e-03
1.160000e+00 7.743487e-03
1.170000e+00 7.254495e-03
1.180000e+00 6.798957e-03
1.190000e+00 6.374770e-03
1.200000e+00 5.979954e-03
1.210000e+00 5.612644e-03
1.220000e+00 5.271083e-03
1.230000e+00 4.953622e-03
1.240000e+00 4.658714e-03
1.250000e+00 4.384906e-03
1.260000e+00 4.130838e-03
1.270000e+00 3.895238e-03
1.280000e+00 3.676916e-03
1.290000e+00 3.474764e-03
1.300000e+00 3.287746e-03
1.310000e+00 3.114897e-03
1.320000e+00 2.955318e-03
1.330000e+00 2.808175e-03
1.340000e+00 2.672690e-03
1.350000e+00 2.548139e-03
1.360000e+00 2.433851e-03
1.370000e+00 2.329198e-03
1.380000e+00 2.233597e-03
1.390000e+00 2.146505e-03
1.400000e+00 2.067412e-03
1.410000e+00 1.995842e-03
1.420000e+00 1.931348e-03
1.430000e+00 1.873508e-03
1.440000e+00 1.821925e-03
1.450000e+00 1.776222e-03
1.460000e+00 1.736039e-03
1.470000e+00 1.701034e-03
1.480000e+00 1.670878e-03
1.490000e+00 1.645258e-03
1.500000e+00 1.623870e-03
1.510000e+00 1.606420e-03
1.520000e+00 1.592628e-03
1.530000e+00 1.582221e-03
1.540000e+00 1.574935e-03
1.550000e+00 1.570516e-03
1.560000e+00 1.568719e-03
1.570000e+00 1.569311e-03
1.580000e+00 1.572066e-03
1.590000e+00 1.576770e-03
1.600000e+00 1.583220e-03
1.610000e+00 1.591225e-03
1.620000e+00 1.600605e-03
1.630000e+00 1.611194e-03
1.640000e+00 1.622839e-03
1.650000e+00 1.635399e-03
1.660000e+00 1.648748e-03
1.670000e+00 1.662773e-03
1.680000e+00 1.677374e-03
1.690000e+00 1.692467e-03
1.700000e+00 1.707977e-03
1.710000e+00 1.723845e-03
1.720000e+00 1.740022e-03
1.730000e+00 1.756470e-03
1.740000e+00 1.773161e-03
1.750000e+00 1.790078e-03
1.760000e+00 1.807209e-03
1.770000e+00 1.824551e-03
1.780000e+00 1.842105e-03
1.790000e+00 1.859877e-03
1.800000e+00 1.877876e-03
1.810000e+00 1.896112e-03
1.820000e+00 1.914598e-03
1.830000e+00 1.933343e-03
1.840000e+00 1.952357e-03
1.850000e+00 1.971646e-03
1.860000e+00 1.991214e-03
1.870000e+00 2.011059e-03
1.880000e+00 2.031176e-03
1.890000e+00 2.051553e-03
1.900000e+00 2.072173e-03
1.910000e+00 2.093013e-03
1.920000e+00 2.114045e-03
1.930000e+00 2.135232e-03
1.940000e+00 2.156533e-03
1.950000e+00 2.177901e-03
1.960000e+00 2.199282e-03
1.970000e+00 2.220618e-03
1.980000e+00 2.241844e-03
1.990000e+00 2.262892e-03
2.000000e+00 2.283692e-03
2.010000e+00 2.304166e-03
2.020000e+00 2.324237e-03
2.030000e+00 2.343824e-03
2.040000e+00 2.362847e-03
2.050000e+00 2.381224e-03
2.060000e+00 2.398872e-03
2.070000e+00 2.415712e-03
2.080000e+00 2.431665e-03
2.090000e+00 2.446654e-03
2.100000e+00 2.460606e-03
2.110000e+00 2.473454e-03
2.120000e+00 2.485132e-03
2.130000e+00 2.495582e-03
2.140000e+00 2.504750e-03
2.150000e+00 2.512591e-03
2.160000e+00 2.519064e-03
2.170000e+00 2.524138e-03
2.180000e+00 2.527786e-03
2.190000e+00 2.529993e-03
2.200000e+00 2.530747e-03
2.210000e+00 2.530047e-03
2.220000e+00 2.527899e-03
2.230000e+00 2.524314e-03
2.240000e+00 2.519312e-03
2.250000e+00 2.512919e-03
2.260000e+00 2.505165e-03
2.270000e+00 2.496087e-03
2.280000e+00 2.485723e-03
2.290000e+00 2.474119e-03
2.300000e+00 2.461318e-03
2.310000e+00 2.447367e-03
2.320000e+00 2.432315e-03
2.330000e+00 2.416206e-03
2.340000e+00 2.399087e-03
2.350000e+00 2.380999e-03
2.360000e+00 2.361982e-03
2.370000e+00 2.342072e-03
2.380000e+00 2.321300e-03
2.390000e+00 2.299693e-03
2.400000e+00 2.277270e-03
2.410000e+00 2.254049e-03
2.420000e+00 2.230041e-03
2.430000e+00 2.205250e-03
2.440000e+00 2.179679e-03
2.450000e+00 2.153325e-03
2.460000e+00 2.126182e-03
2.470000e+00 2.098241e-03
2.480000e+00 2.069493e-03
2.490000e+00 2.039928e-03
2.500000e+00 2.009536e-03
2.510000e+00 1.978311e-03
2.520000e+00 1.946247e-03
2.530000e+00 1.913345e-03
2.540000e+00 1.879610e-03
2.550000e+00 1.845056e-03
2.560000e+00 1.809702e-03
2.570000e+00 1.773575e-03
2.580000e+00 1.736714e-03
2.590000e+00 1.699164e-03
2.600000e+00 1.660982e-03
2.610000e+00 1.622234e-03
2.620000e+00 1.582995e-03
2.630000e+00 1.543351e-03
2.640000e+00 1.503395e-03
2.650000e+00 1.463228e-03
2.660000e+00 1.422958e-03
2.670000e+00 1.382698e-03
2.680000e+00 1.342567e-03
2.690000e+00 1.302683e-03
2.700000e+00 1.263168e-03
2.710000e+00 1.224142e-03
2.720000e+00 1.185723e-03
2.730000e+00 1.148025e-03
2.740000e+00 1.111154e-03
2.750000e+00 1.075211e-03
2.760000e+00 1.040286e-03
2.770000e+00 1.006460e-03
2.780000e+00 9.737995e-04
2.790000e+00 9.423607e-04
2.800000e+00 9.121848e-04
2.810000e+00 8.832984e-04
2.820000e+00 8.557137e-04
2.830000e+00 8.294274e-04
2.840000e+00 8.044216e-04
2.850000e+00 7.806637e-04
2.860000e+00 7.581072e-04
2.870000e+00 7.366925e-04
2.880000e+00 7.163476e-04
2.890000e+00 6.969900e-04
2.900000e+00 6.785276e-04
2.910000e+00 6.608601e-04
2.920000e+00 6.438815e-04
2.930000e+00 6.274808e-04
2.940000e+00 6.115444e-04
2.950000e+00 5.959579e-04
2.960000e+00 5.806075e-04
2.970000e+00 5.653822e-04
2.980000e+00 5.501750e-04
2.990000e+00 5.348847e-04
3.000000e+00 5.194170e-04
3.010000e+00 5.036862e-04
3.020000e+00 4.876155e-04
3.030000e+00 4.711385e-04
3.040000e+00 4.541993e-04
3.050000e+00 4.367530e-04
3.060000e+00 4.187659e-04
3.070000e+00 4.002155e-04
3.080000e+00 3.810898e-04
3.090000e+00 3.613872e-04
3.100000e+00 3.411154e-04
3.110000e+00 3.202910e-04
3.120000e+00 2.989378e-04
3.130000e+00 2.770864e-04
3.140000e+00 2.547721e-04
3.150000e+00 2.320343e-04
3.160000e+00 2.089150e-04
3.170000e+00 1.854571e-04
3.180000e+00 1.617035e-04
3.190000e+00 1.376958e-04
3.200000e+00 1.134730e-04
3.210000e+00 8.907098e-05
3.220000e+00 6.452122e-05
3.230000e+00 3.985047e-05
3.240000e+00 1.508024e-05
3.250000e+00 -9.773331e-06
3.260000e+00 -3.469949e-05
3.270000e+00 -5.969257e-05
3.280000e+00 -8.475153e-05
3.290000e+00 -1.098792e-04
3.300000e+00 -1.350815e-04
3.310000e+00 -1.603663e-04
3.320000e+00 -1.857420e-04
3.330000e+00 -2.112167e-04
3.340000e+00 -2.367961e-04
3.350000e+00 -2.624828e-04
3.360000e+00 -2.882740e-04
3.370000e+00 -3.141608e-04
3.380000e+00 -3.401265e-04
3.390000e+00 -3.661452e-04
3.400000e+00 -3.921814e-04
3.410000e+00 -4.181883e-04
3.420000e+00 -4.441077e-04
3.430000e+00 -4.698694e-04
3.440000e+00 -4.953914e-04
3.450000e+00 -5.205796e-04
3.460000e+00 -5.453287e-04
3.470000e+00 -5.695227e-04
3.480000e+00 -5.930362e-04
3.490000e+00 -6.157356e-04
3.500000e+00 -6.374805e-04
3.510000e+00 -6.581260e-04
3.520000e+00 -6.775241e-04
3.530000e+00 -6.955261e-04
3.540000e+00 -7.119850e-04
3.550000e+00 -7.267571e-04
3.560000e+00 -7.397049e-04
3.570000e+00 -7.506987e-04
3.580000e+00 -7.596191e-04
3.590000e+00 -7.663584e-04
3.600000e+00 -7.708224e-04
3.610000e+00 -7.729321e-04
3.620000e+00 -7.726243e-04
3.630000e+00 -7.698527e-04
3.640000e+00 -7.645879e-04
3.650000e+00 -7.568184e-04
3.660000e+00 -7.465492e-04
3.670000e+00 -7.338021e-04
3.680000e+00 -7.186144e-04
3.690000e+00 -7.010377e-04
3.700000e+00 -6.811366e-04
3.710000e+00 -6.589867e-04
3.720000e+00 -6.346733e-04
3.730000e+00 -6.082889e-04
3.740000e+00 -5.799312e-04
3.750000e+00 -5.497014e-04
3.760000e+00 -5.177019e-04
3.770000e+00 -4.840346e-04
3.780000e+00 -4.487988e-04
3.790000e+00 -4.120900e-04
3.800000e+00 -3.739985e-04
3.810000e+00 -3.346080e-04
3.820000e+00 -2.939953e-04
3.830000e+00 -2.522296e-04
3.840000e+00 -2.093724e-04
3.850000e+00 -1.654774e-04
3.860000e+00 -1.205914e-04
3.870000e+00 -7.475463e-05
3.880000e+00 -2.800184e-05
3.890000e+00 1.963656e-05
3.900000e+00 6.813321e-05
3.910000e+00 1.174624e-04
3.920000e+00 1.675985e-04
3.930000e+00 2.185149e-04
3.940000e+00 2.701818e-04
3.950000e+00 3.225659e-04
3.960000e+00 3.756285e-04
3.970000e+00 4.293245e-04
3.980000e+00 4.836025e-04
3.990000e+00 5.384031e-04
4.000000e+00 5.936598e-04
4.010000e+00 6.492981e-04
4.020000e+00 7.052366e-04
4.030000e+00 7.613872e-04
4.040000e+00 8.176562e-04
4.050000e+00 8.739449e-04
4.060000e+00 9.301517e-04
4.070000e+00 9.861727e-04
4.080000e+00 1.041904e-03
4.090000e+00 1.097242e-03
4.100000e+00 1.152088e-03
4.110000e+00 1.206344e-03
4.120000e+00 1.259922e-03
4.130000e+00 1.312737e-03
4.140000e+00 1.364716e-03
4.150000e+00 1.415791e-03
4.160000e+00 1.465906e-03
4.170000e+00 1.515014e-03
4.180000e+00 1.563078e-03
4.190000e+00 1.610069e-03
4.200000e+00 1.655969e-03
4.210000e+00 1.700766e-03
4.220000e+00 1.744456e-03
4.230000e+00 1.787038e-03
4.240000e+00 1.828518e-03
4.250000e+00 1.868901e-03
4.260000e+00 1.908193e-03
4.270000e+00 1.946400e-03
4.280000e+00 1.983523e-03
4.290000e+00 2.019559e-03
4.300000e+00 2.054497e-03
4.310000e+00 2.088319e-03
4.320000e+00 2.120999e-03
4.330000e+00 2.152500e-03
4.340000e+00 2.182775e-03
4.350000e+00 2.211768e-03
4.360000e+00 2.239411e-03
4.370000e+00 2.265627e-03
4.380000e+00 2.290331e-03
4.390000e+00 2.313430e-03
4.400000e+00 2.334824e-03
4.410000e+00 2.354412e-03
4.420000e+00 2.372086e-03
4.430000e+00 2.387743e-03
4.440000e+00 2.401277e-03
4.450000e+00 2.412591e-03
4.460000e+00 2.421592e-03
4.470000e+00 2.428197e-03
4.480000e+00 2.432333e-03
4.490000e+00 2.433942e-03
4.500000e+00 2.432978e-03
4.510000e+00 2.429414e-03
4.520000e+00 2.423238e-03
4.530000e+00 2.414457e-03
4.540000e+00 2.403099e-03
4.550000e+00 2.389207e-03
4.560000e+00 2.372845e-03
4.570000e+00 2.354096e-03
4.580000e+00 2.333058e-03
4.590000e+00 2.309848e-03
4.600000e+00 2.284596e-03
4.610000e+00 2.257447e-03
4.620000e+00 2.228557e-03
4.630000e+00 2.198092e-03
4.640000e+00 2.166226e-03
4.650000e+00 2.133140e-03
4.660000e+00 2.099018e-03
4.670000e+00 2.064047e-03
4.680000e+00 2.028413e-03
4.690000e+00 1.992302e-03
4.700000e+00 1.955897e-03
4.710000e+00 1.919376e-03
4.720000e+00 1.882912e-03
4.730000e+00 1.846671e-03
4.740000e+00 1.810812e-03
4.750000e+00 1.775485e-03
4.760000e+00 1.740833e-03
4.770000e+00 1.706989e-03
4.780000e+00 1.674076e-03
4.790000e+00 1.642209e-03
4.800000e+00 1.611493e-03
4.810000e+00 1.582024e-03
4.820000e+00 1.553888e-03
4.830000e+00 1.527163e-03
4.840000e+00 1.501918e-03
4.850000e+00 1.478212e-03
4.860000e+00 1.456095e-03
4.870000e+00 1.435610e-03
4.880000e+00 1.416788e-03
4.890000e+00 1.399655e-03
4.900000e+00 1.384225e-03
4.910000e+00 1.370502e-03
4.920000e+00 1.358482e-03
4.930000e+00 1.348152e-03
4.940000e+00 1.339488e-03
4.950000e+00 1.332454e-03
4.960000e+00 1.327007e-03
4.970000e+00 1.323093e-03
4.980000e+00 1.320645e-03
4.990000e+00 1.319590e-03
5.000000e+00 1.319842e-03
5.010000e+00 1.321307e-03
5.020000e+00 1.323883e-03
5.030000e+00 1.327458e-03
5.040000e+00 1.331915e-03
5.050000e+00 1.337129e-03
5.060000e+00 1.342972e-03
5.070000e+00 1.349312e-03
5.080000e+00 1.356012e-03
5.090000e+00 1.362940e-03
5.100000e+00 1.369959e-03
5.110000e+00 1.376939e-03
5.120000e+00 1.383751e-03
5.130000e+00 1.390274e-03
5.140000e+00 1.396392e-03
5.150000e+00 1.401999e-03
5.160000e+00 1.406997e-03
5.170000e+00 1.411302e-03
5.180000e+00 1.414838e-03
5.190000e+00 1.417544e-03
5.200000e+00 1.419370e-03
5.210000e+00 1.420282e-03
5.220000e+00 1.420256e-03
5.230000e+00 1.419284e-03
5.240000e+00 1.417369e-03
5.250000e+00 1.414527e-03
5.260000e+00 1.410786e-03
5.270000e+00 1.406183e-03
5.280000e+00 1.400766e-03
5.290000e+00 1.394591e-03
5.300000e+00 1.387719e-03
5.310000e+00 1.380220e-03
5.320000e+00 1.372165e-03
5.330000e+00 1.363629e-03
5.340000e+00 1.354689e-03
5.350000e+00 1.345419e-03
5.360000e+00 1.335895e-03
5.370000e+00 1.326188e-03
5.380000e+00 1.316366e-03
5.390000e+00 1.306492e-03
5.400000e+00 1.296624e-03
5.410000e+00 1.286813e-03
5.420000e+00 1.277101e-03
5.430000e+00 1.267526e-03
5.440000e+00 1.258115e-03
5.450000e+00 1.248889e-03
5.460000e+00 1.239860e-03
5.470000e+00 1.231032e-03
5.480000e+00 1.222401e-03
5.490000e+00 1.213957e-03
5.500000e+00 1.205680e-03
5.510000e+00 1.197545e-03
5.520000e+00 1.189521e-03
5.530000e+00 1.181571e-03
5.540000e+00 1.173652e-03
5.550000e+00 1.165718e-03
5.560000e+00 1.157718e-03
5.570000e+00 1.149599e-03
5.580000e+00 1.141305e-03
5.590000e+00 1.132777e-03
5.600000e+00 1.123956e-03
5.610000e+00 1.114783e-03
5.620000e+00 1.105198e-03
5.630000e+00 1.095142e-03
5.640000e+00 1.084557e-03
5.650000e+00 1.073387e-03
5.660000e+00 1.061578e-03
5.670000e+00 1.049080e-03
5.680000e+00 1.035844e-03
5.690000e+00 1.021826e-03
5.700000e+00 1.006986e-03
5.710000e+00 9.912878e-04
5.720000e+00 9.747009e-04
5.730000e+00 9.571985e-04
5.740000e+00 9.387596e-04
5.750000e+00 9.193680e-04
5.760000e+00 8.990131e-04
5.770000e+00 8.776895e-04
5.780000e+00 8.553972e-04
5.790000e+00 8.321414e-04
5.800000e+00 8.079325e-04
5.810000e+00 7.827856e-04
5.820000e+00 7.567206e-04
5.830000e+00 7.297618e-04
5.840000e+00 7.019374e-04
5.850000e+00 6.732794e-04
5.860000e+00 6.438230e-04
5.870000e+00 6.136063e-04
5.880000e+00 5.826697e-04
5.890000e+00 5.510559e-04
5.900000e+00 5.188089e-04
5.910000e+00 4.859740e-04
5.920000e+00 4.525974e-04
5.930000e+00 4.187258e-04
5.940000e+00 3.844062e-04
5.950000e+00 3.496854e-04
5.960000e+00 3.146103e-04
5.970000e+00 2.792274e-04
5.980000e+00 2.435827e-04
5.990000e+00 2.077220e-04
6.000000e+00 1.716909e-04
6.010000e+00 1.355345e-04
6.020000e+00 9.929819e-05
6.030000e+00 6.302716e-05
6.040000e+00 2.676713e-05
6.050000e+00 -9.435688e-06
6.060000e+00 -4.553428e-05
6.070000e+00 -8.148065e-05
6.080000e+00 -1.172256e-04
6.090000e+00 -1.527185e-04
6.100000e+00 -1.879073e-04
6.110000e+00 -2.227382e-04
6.120000e+00 -2.571560e-04
6.130000e+00 -2.911037e-04
6.140000e+00 -3.245229e-04
6.150000e+00 -3.573540e-04
6.160000e+00 -3.895361e-04
6.170000e+00 -4.210078e-04
6.180000e+00 -4.517072e-04
6.190000e+00 -4.815726e-04
6.200000e+00 -5.105427e-04
6.210000e+00 -5.385576e-04
6.220000e+00 -5.655590e-04
6.230000e+00 -5.914908e-04
6.240000e+00 -6.162999e-04
6.250000e+00 -6.399367e-04
6.260000e+00 -6.623556e-04
6.270000e+00 -6.835158e-04
6.280000e+00 -7.033815e-04
6.290000e+00 -7.219224e-04
6.300000e+00 -7.391144e-04
6.310000e+00 -7.549394e-04
6.320000e+00 -7.693861e-04
6.330000e+00 -7.824495e-04
6.340000e+00 -7.941318e-04
6.350000e+00 -8.044414e-04
6.360000e+00 -8.133936e-04
6.370000e+00 -8.210102e-04
6.380000e+00 -8.273188e-04
6.390000e+00 -8.323533e-04
6.400000e+00 -8.361527e-04
6.410000e+00 -8.387612e-04
6.420000e+00 -8.402274e-04
6.430000e+00 -8.406041e-04
6.440000e+00 -8.399473e-04
6.450000e+00 -8.383163e-04
6.460000e+00 -8.357727e-04
6.470000e+00 -8.323798e-04
6.480000e+00 -8.282024e-04
6.490000e+00 -8.233061e-04
6.500000e+00 -8.177569e-04
6.510000e+00 -8.116207e-04
6.520000e+00 -8.049628e-04
6.530000e+00 -7.978475e-04
6.540000e+00 -7.903382e-04
6.550000e+00 -7.824963e-04
6.560000e+00 -7.743814e-04
6.570000e+00 -7.660508e-04
6.580000e+00 -7.575596e-04
6.590000e+00 -7.489599e-04
6.600000e+00 -7.403007e-04
6.610000e+00 -7.316280e-04
6.620000e+00 -7.229841e-04
6.630000e+00 -7.144078e-04
6.640000e+00 -7.059335e-04
6.650000e+00 -6.975916e-04
6.660000e+00 -6.894080e-04
6.670000e+00 -6.814037e-04
6.680000e+00 -6.735945e-04
6.690000e+00 -6.659911e-04
6.700000e+00 -6.585984e-04
6.710000e+00 -6.514156e-04
6.720000e+00 -6.444357e-04
6.730000e+00 -6.376455e-04
6.740000e+00 -6.310256e-04
6.750000e+00 -6.245496e-04
6.760000e+00 -6.181851e-04
6.770000e+00 -6.118928e-04
6.780000e+00 -6.056272e-04
6.790000e+00 -5.993363e-04
6.800000e+00 -5.929622e-04
6.810000e+00 -5.864414e-04
6.820000e+00 -5.797051e-04
6.830000e+00 -5.726798e-04
6.840000e+00 -5.652877e-04
6.850000e+00 -5.574479e-04
6.860000e+00 -5.490766e-04
6.870000e+00 -5.400882e-04
6.880000e+00 -5.303964e-04
6.890000e+00 -5.199145e-04
6.900000e+00 -5.085570e-04
6.910000e+00 -4.962406e-04
6.920000e+00 -4.828845e-04
6.930000e+00 -4.684123e-04
6.940000e+00 -4.527522e-04
6.950000e+00 -4.358384e-04
6.960000e+00 -4.176118e-04
6.970000e+00 -3.980207e-04
6.980000e+00 -3.770216e-04
6.990000e+00 -3.545799e-04
7.000000e+00 -3.306703e-04
7.010000e+00 -3.052770e-04
7.020000e+00 -2.783944e-04
7.030000e+00 -2.500269e-04
7.040000e+00 -2.201892e-04
7.050000e+00 -1.889059e-04
7.060000e+00 -1.562116e-04
7.070000e+00 -1.221507e-04
7.080000e+00 -8.677665e-05
7.090000e+00 -5.015181e-05
7.100000e+00 -1.234679e-05
7.110000e+00 2.656012e-05
7.120000e+00 6.648349e-05
7.130000e+00 1.073315e-04
7.140000e+00 1.490065e-04
7.150000e+00 1.914056e-04
7.160000e+00 2.344215e-04
7.170000e+00 2.779428e-04
7.180000e+00 3.218548e-04
7.190000e+00 3.660399e-04
7.200000e+00 4.103779e-04
7.210000e+00 4.547465e-04
7.220000e+00 4.990217e-04
7.230000e+00 5.430780e-04
7.240000e+00 5.867884e-04
7.250000e+00 6.300250e-04
7.260000e+00 6.726587e-04
7.270000e+00 7.145595e-04
7.280000e+00 7.555965e-04
7.290000e+00 7.956384e-04
7.300000e+00 8.345527e-04
7.310000e+00 8.722070e-04
7.320000e+00 9.084682e-04
7.330000e+00 9.432034e-04
7.340000e+00 9.762799e-04
7.350000e+00 1.007566e-03
7.360000e+00 1.036931e-03
7.370000e+00 1.064246e-03
7.380000e+00 1.089386e-03
7.390000e+00 1.112228e-03
7.400000e+00 1.132654e-03
7.410000e+00 1.150551e-03
7.420000e+00 1.165814e-03
7.430000e+00 1.178346e-03
7.440000e+00 1.188057e-03
7.450000e+00 1.194869e-03
7.460000e+00 1.198717e-03
7.470000e+00 1.199545e-03
7.480000e+00 1.197317e-03
7.490000e+00 1.192007e-03
7.500000e+00 1.183609e-03
7.510000e+00 1.172132e-03
7.520000e+00 1.157606e-03
7.530000e+00 1.140077e-03
7.540000e+00 1.119611e-03
7.550000e+00 1.096293e-03
7.560000e+00 1.070229e-03
7.570000e+00 1.041541e-03
7.580000e+00 1.010370e-03
7.590000e+00 9.768769e-04
7.600000e+00 9.412350e-04
7.610000e+00 9.036345e-04
7.620000e+00 8.642787e-04
7.630000e+00 8.233821e-04
7.640000e+00 7.811691e-04
7.650000e+00 7.378713e-04
7.660000e+00 6.937256e-04
7.670000e+00 6.489719e-04
7.680000e+00 6.038506e-04
7.690000e+00 5.586004e-04
7.700000e+00 5.134559e-04
7.710000e+00 4.686453e-04
7.720000e+00 4.243882e-04
7.730000e+00 3.808940e-04
7.740000e+00 3.383594e-04
7.750000e+00 2.969673e-04
7.760000e+00 2.568853e-04
7.770000e+00 2.182641e-04
7.780000e+00 1.812372e-04
7.790000e+00 1.459197e-04
7.800000e+00 1.124083e-04
7.810000e+00 8.078092e-05
7.820000e+00 5.109677e-05
7.830000e+00 2.339697e-05
7.840000e+00 -2.295070e-06
7.850000e+00 -2.597279e-05
7.860000e+00 -4.764554e-05
7.870000e+00 -6.733740e-05
7.880000e+00 -8.508596e-05
7.890000e+00 -1.009410e-04
7.900000e+00 -1.149628e-04
7.910000e+00 -1.272211e-04
7.920000e+00 -1.377933e-04
7.930000e+00 -1.467628e-04
7.940000e+00 -1.542180e-04
7.950000e+00 -1.602506e-04
7.960000e+00 -1.649542e-04
7.970000e+00 -1.684231e-04
7.980000e+00 -1.707512e-04
7.990000e+00 -1.720308e-04
8.000000e+00 -1.723517e-04
8.010000e+00 -1.718003e-04
8.020000e+00 -1.704589e-04
8.030000e+00 -1.684047e-04
8.040000e+00 -1.657097e-04
8.050000e+00 -1.624400e-04
8.060000e+00 -1.586552e-04
8.070000e+00 -1.544084e-04
8.080000e+00 -1.497457e-04
8.090000e+00 -1.447063e-04
8.100000e+00 -1.393218e-04
8.110000e+00 -1.336166e-04
8.120000e+00 -1.276079e-04
8.130000e+00 -1.213053e-04
8.140000e+00 -1.147110e-04
8.150000e+00 -1.078202e-04
8.160000e+00 -1.006209e-04
8.170000e+00 -9.309427e-05
8.180000e+00 -8.521490e-05
8.190000e+00 -7.695122e-05
8.200000e+00 -6.826586e-05
8.210000e+00 -5.911620e-05
8.220000e+00 -4.945497e-05
8.230000e+00 -3.923092e-05
8.240000e+00 -2.838964e-05
8.250000e+00 -1.687441e-05
8.260000e+00 -4.627186e-06
8.270000e+00 8.410368e-06
8.280000e+00 2.229574e-05
8.290000e+00 3.708440e-05
8.300000e+00 5.282853e-05
8.310000e+00 6.957579e-05
8.320000e+00 8.736801e-05
8.330000e+00 1.062399e-04
8.340000e+00 1.262179e-04
8.350000e+00 1.473188e-04
8.360000e+00 1.695488e-04
8.370000e+00 1.929024e-04
8.380000e+00 2.173616e-04
8.390000e+00 2.428949e-04
8.400000e+00 2.694573e-04
8.410000e+00 2.969893e-04
8.420000e+00 3.254169e-04
8.430000e+00 3.546518e-04
8.440000e+00 3.845916e-04
8.450000e+00 4.151202e-04
8.460000e+00 4.461082e-04
8.470000e+00 4.774143e-04
8.480000e+00 5.088863e-04
8.490000e+00 5.403618e-04
8.500000e+00 5.716705e-04
8.510000e+00 6.026352e-04
8.520000e+00 6.330737e-04
8.530000e+00 6.628005e-04
8.540000e+00 6.916290e-04
8.550000e+00 7.193730e-04
8.560000e+00 7.458487e-04
8.570000e+00 7.708768e-04
8.580000e+00 7.942841e-04
8.590000e+00 8.159054e-04
8.600000e+00 8.355850e-04
8.610000e+00 8.531782e-04
8.620000e+00 8.685528e-04
8.630000e+00 8.815902e-04
8.640000e+00 8.921861e-04
8.650000e+00 9.002520e-04
8.660000e+00 9.057152e-04
8.670000e+00 9.085194e-04
8.680000e+00 9.086253e-04
8.690000e+00 9.060100e-04
8.700000e+00 9.006673e-04
8.710000e+00 8.926075e-04
8.720000e+00 8.818565e-04
8.730000e+00 8.684557e-04
8.740000e+00 8.524611e-04
8.750000e+00 8.339422e-04
8.760000e+00 8.129818e-04
8.770000e+00 7.896742e-04
8.780000e+00 7.641250e-04
8.790000e+00 7.364493e-04
8.800000e+00 7.067712e-04
8.810000e+00 6.752225e-04
8.820000e+00 6.419415e-04
8.830000e+00 6.070720e-04
8.840000e+00 5.707625e-04
8.850000e+00 5.331649e-04
8.860000e+00 4.944336e-04
8.870000e+00 4.547245e-04
8.880000e+00 4.141944e-04
8.890000e+00 3.729998e-04
8.900000e+00 3.312964e-04
8.910000e+00 2.892381e-04
8.920000e+00 2.469765e-04
8.930000e+00 2.046601e-04
8.940000e+00 1.624339e-04
8.950000e+00 1.204387e-04
8.960000e+00 7.881055e-05
8.970000e+00 3.768060e-05
8.980000e+00 -2.825621e-06
8.990000e+00 -4.258843e-05
9.000000e+00 -8.149426e-05
9.010000e+00 -1.194360e-04
9.020000e+00 -1.563130e-04
9.030000e+00 -1.920317e-04
9.040000e+00 -2.265051e-04
9.050000e+00 -2.596534e-04
9.060000e+00 -2.914037e-04
9.070000e+00 -3.216900e-04
9.080000e+00 -3.504535e-04
9.090000e+00 -3.776421e-04
9.100000e+00 -4.032105e-04
9.110000e+00 -4.271201e-04
9.120000e+00 -4.493386e-04
9.130000e+00 -4.698402e-04
9.140000e+00 -4.886052e-04
9.150000e+00 -5.056197e-04
9.160000e+00 -5.208759e-04
9.170000e+00 -5.343712e-04
9.180000e+00 -5.461086e-04
9.190000e+00 -5.560963e-04
9.200000e+00 -5.643473e-04
9.210000e+00 -5.708797e-04
9.220000e+00 -5.757164e-04
9.230000e+00 -5.788847e-04
9.240000e+00 -5.804163e-04
9.250000e+00 -5.803473e-04
9.260000e+00 -5.787178e-04
9.270000e+00 -5.755722e-04
9.280000e+00 -5.709582e-04
9.290000e+00 -5.649276e-04
9.300000e+00 -5.575355e-04
9.310000e+00 -5.488399e-04
9.320000e+00 -5.389021e-04
9.330000e+00 -5.277858e-04
9.340000e+00 -5.155570e-04
9.350000e+00 -5.022837e-04
9.360000e+00 -4.880352e-04
9.370000e+00 -4.728821e-04
9.380000e+00 -4.568953e-04
9.390000e+00 -4.401460e-04
9.400000e+00 -4.227049e-04
9.410000e+00 -4.046417e-04
9.420000e+00 -3.860247e-04
9.430000e+00 -3.669201e-04
9.440000e+00 -3.473920e-04
9.450000e+00 -3.275013e-04
9.460000e+00 -3.073057e-04
9.470000e+00 -2.868594e-04
9.480000e+00 -2.662127e-04
9.490000e+00 -2.454118e-04
9.500000e+00 -2.244988e-04
9.510000e+00 -2.035116e-04
9.520000e+00 -1.824839e-04
9.530000e+00 -1.614457e-04
9.540000e+00 -1.404230e-04
9.550000e+00 -1.194385e-04
9.560000e+00 -9.851188e-05
9.570000e+00 -7.766025e-05
9.580000e+00 -5.689860e-05
9.590000e+00 -3.624035e-05
9.600000e+00 -1.569789e-05
9.610000e+00 4.716932e-06
9.620000e+00 2.499224e-05
9.630000e+00 4.511570e-05
9.640000e+00 6.507409e-05
9.650000e+00 8.485289e-05
9.660000e+00 1.044361e-04
9.670000e+00 1.238060e-04
9.680000e+00 1.429430e-04
9.690000e+00 1.618257e-04
9.700000e+00 1.804311e-04
9.710000e+00 1.987346e-04
9.720000e+00 2.167106e-04
9.730000e+00 2.343324e-04
9.740000e+00 2.515734e-04
9.750000e+00 2.684068e-04
9.760000e+00 2.848067e-04
9.770000e+00 3.007486e-04
9.780000e+00 3.162099e-04
9.790000e+00 3.311703e-04
9.800000e+00 3.456126e-04
9.810000e+00 3.595230e-04
9.820000e+00 3.728916e-04
9.830000e+00 3.857125e-04
9.840000e+00 3.979838e-04
9.850000e+00 4.097083e-04
9.860000e+00 4.208926e-04
9.870000e+00 4.315475e-04
9.880000e+00 4.416872e-04
9.890000e+00 4.513291e-04
9.900000e+00 4.604931e-04
9.910000e+00 4.692010e-04
9.920000e+00 4.774755e-04
9.930000e+00 4.853394e-04
9.940000e+00 4.928150e-04
9.950000e+00 4.999226e-04
9.960000e+00 5.066803e-04
9.970000e+00 5.131026e-04
9.980000e+00 5.191996e-04
9.990000e+00 5.249764e-04
1.000000e+01 5.304325e-04
