# sigma2_v 7.589100648490979e+00
0.000000e+00 1.000000e+00
1.000000e-02 9.996206e-01
2.000000e-02 9.984835e-01
3.000000e-02 9.965914e-01
4.000000e-02 9.939493e-01
5.000000e-02 9.905638e-01
6.000000e-02 9.864435e-01
7.000000e-02 9.815987e-01
8.000000e-02 9.760417e-01
9.000000e-02 9.697862e-01
1.000000e-01 9.628477e-01
1.100000e-01 9.552433e-01
1.200000e-01 9.469916e-01
1.300000e-01 9.381126e-01
1.400000e-01 9.286274e-01
1.500000e-01 9.185586e-01
1.600000e-01 9.079299e-01
1.700000e-01 8.967658e-01
1.800000e-01 8.850919e-01
1.900000e-01 8.729346e-01
2.000000e-01 8.603209e-01
2.100000e-01 8.472785e-01
2.200000e-01 8.338355e-01
2.300000e-01 8.200205e-01
2.400000e-01 8.058623e-01
2.500000e-01 7.913898e-01
2.600000e-01 7.766320e-01
2.700000e-01 7.616180e-01
2.800000e-01 7.463766e-01
2.900000e-01 7.309366e-01
3.000000e-01 7.153262e-01
3.100000e-01 6.995735e-01
3.200000e-01 6.837060e-01
3.300000e-01 6.677507e-01
3.400000e-01 6.517340e-01
3.500000e-01 6.356815e-01
3.600000e-01 6.196184e-01
3.700000e-01 6.035687e-01
3.800000e-01 5.875559e-01
3.900000e-01 5.716025e-01
4.000000e-01 5.557301e-01
4.100000e-01 5.399594e-01
4.200000e-01 5.243100e-01
4.300000e-01 5.088008e-01
4.400000e-01 4.934493e-01
4.500000e-01 4.782724e-01
4.600000e-01 4.632855e-01
4.700000e-01 4.485033e-01
4.800000e-01 4.339395e-01
4.900000e-01 4.196064e-01
5.000000e-01 4.055157e-01
5.100000e-01 3.916778e-01
5.200000e-01 3.781022e-01
5.300000e-01 3.647974e-01
5.400000e-01 3.517710e-01
5.500000e-01 3.390294e-01
5.600000e-01 3.265783e-01
5.700000e-01 3.144226e-01
5.800000e-01 3.025661e-01
5.900000e-01 2.910118e-01
6.000000e-01 2.797621e-01
6.100000e-01 2.688184e-01
6.200000e-01 2.581815e-01
6.300000e-01 2.478514e-01
6.400000e-01 2.378275e-01
6.500000e-01 2.281087e-01
6.600000e-01 2.186929e-01
6.700000e-01 2.095780e-01
6.800000e-01 2.007610e-01
6.900000e-01 1.922385e-01
7.000000e-01 1.840068e-01
7.100000e-01 1.760615e-01
7.200000e-01 1.683982e-01
7.300000e-01 1.610118e-01
7.400000e-01 1.538973e-01
7.500000e-01 1.470489e-01
7.600000e-01 1.404612e-01
7.700000e-01 1.341280e-01
7.800000e-01 1.280433e-01
7.900000e-01 1.222008e-01
8.000000e-01 1.165941e-01
8.100000e-01 1.112167e-01
8.200000e-01 1.060621e-01
8.300000e-01 1.011237e-01
8.400000e-01 9.639475e-02
8.500000e-01 9.186874e-02
8.600000e-01 8.753901e-02
8.700000e-01 8.339897e-02
8.800000e-01 7.944208e-02
8.900000e-01 7.566186e-02
9.000000e-01 7.205192e-02
9.100000e-01 6.860597e-02
9.200000e-01 6.531781e-02
9.300000e-01 6.218137e-02
9.400000e-01 5.919069e-02
9.500000e-01 5.633995e-02
9.600000e-01 5.362348e-02
9.700000e-01 5.103575e-02
9.800000e-01 4.857139e-02
9.900000e-01 4.622517e-02
1.000000e+00 4.399204e-02
1.010000e+00 4.186709e-02
1.020000e+00 3.984559e-02
1.030000e+00 3.792296e-02
1.040000e+00 3.609480e-02
1.050000e+00 3.435686e-02
1.060000e+00 3.270505e-02
1.070000e+00 3.113544e-02
1.080000e+00 2.964424e-02
1.090000e+00 2.822783e-02
1.100000e+00 2.688273e-02
1.110000e+00 2.560561e-02
1.120000e+00 2.439326e-02
1.130000e+00 2.324262e-02
1.140000e+00 2.215075e-02
1.150000e+00 2.111484e-02
1.160000e+00 2.013220e-02
1.170000e+00 1.920026e-02
1.180000e+00 1.831654e-02
1.190000e+00 1.747869e-02
1.200000e+00 1.668445e-02
1.210000e+00 1.593166e-02
1.220000e+00 1.521825e-02
1.230000e+00 1.454224e-02
1.240000e+00 1.390174e-02
1.250000e+00 1.329494e-02
1.260000e+00 1.272012e-02
1.270000e+00 1.217562e-02
1.280000e+00 1.165986e-02
1.290000e+00 1.117135e-02
1.300000e+00 1.070865e-02
1.310000e+00 1.027038e-02
1.320000e+00 9.855247e-03
1.330000e+00 9.462013e-03
1.340000e+00 9.089500e-03
1.350000e+00 8.736590e-03
1.360000e+00 8.402225e-03
1.370000e+00 8.085402e-03
1.380000e+00 7.785175e-03
1.390000e+00 7.500647e-03
1.400000e+00 7.230976e-03
1.410000e+00 6.975369e-03
1.420000e+00 6.733079e-03
1.430000e+00 6.503406e-03
1.440000e+00 6.285693e-03
1.450000e+00 6.079326e-03
1.460000e+00 5.883730e-03
1.470000e+00 5.698368e-03
1.480000e+00 5.522739e-03
1.490000e+00 5.356375e-03
1.500000e+00 5.198840e-03
1.510000e+00 5.049726e-03
1.520000e+00 4.908653e-03
1.530000e+00 4.775265e-03
1.540000e+00 4.649231e-03
1.550000e+00 4.530238e-03
1.560000e+00 4.417992e-03
1.570000e+00 4.312217e-03
1.580000e+00 4.212650e-03
1.590000e+00 4.119042e-03
1.600000e+00 4.031155e-03
1.610000e+00 3.948760e-03
1.620000e+00 3.871636e-03
1.630000e+00 3.799569e-03
1.640000e+00 3.732352e-03
1.650000e+00 3.669779e-03
1.660000e+00 3.611651e-03
1.670000e+00 3.557770e-03
1.680000e+00 3.507940e-03
1.690000e+00 3.461969e-03
1.700000e+00 3.419664e-03
1.710000e+00 3.380835e-03
1.720000e+00 3.345295e-03
1.730000e+00 3.312855e-03
1.740000e+00 3.283332e-03
1.750000e+00 3.256544e-03
1.760000e+00 3.232314e-03
1.770000e+00 3.210465e-03
1.780000e+00 3.190831e-03
1.790000e+00 3.173246e-03
1.800000e+00 3.157555e-03
1.810000e+00 3.143606e-03
1.820000e+00 3.131260e-03
1.830000e+00 3.120385e-03
1.840000e+00 3.110857e-03
1.850000e+00 3.102567e-03
1.860000e+00 3.095414e-03
1.870000e+00 3.089309e-03
1.880000e+00 3.084177e-03
1.890000e+00 3.079954e-03
1.900000e+00 3.076588e-03
1.910000e+00 3.074041e-03
1.920000e+00 3.072284e-03
1.930000e+00 3.071302e-03
1.940000e+00 3.071090e-03
1.950000e+00 3.071651e-03
1.960000e+00 3.073001e-03
1.970000e+00 3.075159e-03
1.980000e+00 3.078153e-03
1.990000e+00 3.082016e-03
2.000000e+00 3.086783e-03
2.010000e+00 3.092494e-03
2.020000e+00 3.099186e-03
2.030000e+00 3.106898e-03
2.040000e+00 3.115663e-03
2.050000e+00 3.125512e-03
2.060000e+00 3.136470e-03
2.070000e+00 3.148555e-03
2.080000e+00 3.161777e-03
2.090000e+00 3.176136e-03
2.100000e+00 3.191623e-03
2.110000e+00 3.208217e-03
2.120000e+00 3.225886e-03
2.130000e+00 3.244588e-03
2.140000e+00 3.264265e-03
2.150000e+00 3.284852e-03
2.160000e+00 3.306269e-03
2.170000e+00 3.328428e-03
2.180000e+00 3.351227e-03
2.190000e+00 3.374559e-03
2.200000e+00 3.398303e-03
2.210000e+00 3.422335e-03
2.220000e+00 3.446522e-03
2.230000e+00 3.470728e-03
2.240000e+00 3.494811e-03
2.250000e+00 3.518629e-03
2.260000e+00 3.542036e-03
2.270000e+00 3.564890e-03
2.280000e+00 3.587047e-03
2.290000e+00 3.608370e-03
2.300000e+00 3.628724e-03
2.310000e+00 3.647980e-03
2.320000e+00 3.666014e-03
2.330000e+00 3.682712e-03
2.340000e+00 3.697968e-03
2.350000e+00 3.711682e-03
2.360000e+00 3.723767e-03
2.370000e+00 3.734144e-03
2.380000e+00 3.742745e-03
2.390000e+00 3.749511e-03
2.400000e+00 3.754394e-03
2.410000e+00 3.757357e-03
2.420000e+00 3.758372e-03
2.430000e+00 3.757420e-03
2.440000e+00 3.754491e-03
2.450000e+00 3.749584e-03
2.460000e+00 3.742707e-03
2.470000e+00 3.733873e-03
2.480000e+00 3.723103e-03
2.490000e+00 3.710422e-03
2.500000e+00 3.695862e-03
2.510000e+00 3.679457e-03
2.520000e+00 3.661246e-03
2.530000e+00 3.641271e-03
2.540000e+00 3.619574e-03
2.550000e+00 3.596200e-03
2.560000e+00 3.571195e-03
2.570000e+00 3.544603e-03
2.580000e+00 3.516470e-03
2.590000e+00 3.486841e-03
2.600000e+00 3.455760e-03
2.610000e+00 3.423270e-03
2.620000e+00 3.389413e-03
2.630000e+00 3.354230e-03
2.640000e+00 3.317762e-03
2.650000e+00 3.280046e-03
2.660000e+00 3.241123e-03
2.670000e+00 3.201029e-03
2.680000e+00 3.159804e-03
2.690000e+00 3.117485e-03
2.700000e+00 3.074113e-03
2.710000e+00 3.029727e-03
2.720000e+00 2.984370e-03
2.730000e+00 2.938085e-03
2.740000e+00 2.890918e-03
2.750000e+00 2.842919e-03
2.760000e+00 2.794138e-03
2.770000e+00 2.744630e-03
2.780000e+00 2.694453e-03
2.790000e+00 2.643667e-03
2.800000e+00 2.592336e-03
2.810000e+00 2.540526e-03
2.820000e+00 2.488308e-03
2.830000e+00 2.435753e-03
2.840000e+00 2.382935e-03
2.850000e+00 2.329929e-03
2.860000e+00 2.276812e-03
2.870000e+00 2.223661e-03
2.880000e+00 2.170551e-03
2.890000e+00 2.117559e-03
2.900000e+00 2.064758e-03
2.910000e+00 2.012221e-03
2.920000e+00 1.960016e-03
2.930000e+00 1.908208e-03
2.940000e+00 1.856858e-03
2.950000e+00 1.806023e-03
2.960000e+00 1.755753e-03
2.970000e+00 1.706093e-03
2.980000e+00 1.657083e-03
2.990000e+00 1.608755e-03
3.000000e+00 1.561137e-03
3.010000e+00 1.514249e-03
3.020000e+00 1.468104e-03
3.030000e+00 1.422710e-03
3.040000e+00 1.378069e-03
3.050000e+00 1.334177e-03
3.060000e+00 1.291024e-03
3.070000e+00 1.248595e-03
3.080000e+00 1.206872e-03
3.090000e+00 1.165830e-03
3.100000e+00 1.125443e-03
3.110000e+00 1.085681e-03
3.120000e+00 1.046510e-03
3.130000e+00 1.007895e-03
3.140000e+00 9.697996e-04
3.150000e+00 9.321854e-04
3.160000e+00 8.950130e-04
3.170000e+00 8.582424e-04
3.180000e+00 8.218336e-04
3.190000e+00 7.857464e-04
3.200000e+00 7.499412e-04
3.210000e+00 7.143787e-04
3.220000e+00 6.790208e-04
3.230000e+00 6.438305e-04
3.240000e+00 6.087719e-04
3.250000e+00 5.738112e-04
3.260000e+00 5.389164e-04
3.270000e+00 5.040578e-04
3.280000e+00 4.692085e-04
3.290000e+00 4.343446e-04
3.300000e+00 3.994458e-04
3.310000e+00 3.644955e-04
3.320000e+00 3.294820e-04
3.330000e+00 2.943982e-04
3.340000e+00 2.592426e-04
3.350000e+00 2.240200e-04
3.360000e+00 1.887414e-04
3.370000e+00 1.534250e-04
3.380000e+00 1.180967e-04
3.390000e+00 8.278995e-05
3.400000e+00 4.754671e-05
3.410000e+00 1.241730e-05
3.420000e+00 -2.253940e-05
3.430000e+00 -5.725593e-05
3.440000e+00 -9.165639e-05
3.450000e+00 -1.256568e-04
3.460000e+00 -1.591654e-04
3.470000e+00 -1.920834e-04
3.480000e+00 -2.243058e-04
3.490000e+00 -2.557220e-04
3.500000e+00 -2.862171e-04
3.510000e+00 -3.156731e-04
3.520000e+00 -3.439700e-04
3.530000e+00 -3.709874e-04
3.540000e+00 -3.966060e-04
3.550000e+00 -4.207088e-04
3.560000e+00 -4.431830e-04
3.570000e+00 -4.639215e-04
3.580000e+00 -4.828244e-04
3.590000e+00 -4.998000e-04
3.600000e+00 -5.147670e-04
3.610000e+00 -5.276552e-04
3.620000e+00 -5.384065e-04
3.630000e+00 -5.469763e-04
3.640000e+00 -5.533341e-04
3.650000e+00 -5.574638e-04
3.660000e+00 -5.593646e-04
3.670000e+00 -5.590507e-04
3.680000e+00 -5.565518e-04
3.690000e+00 -5.519122e-04
3.700000e+00 -5.451911e-04
3.710000e+00 -5.364614e-04
3.720000e+00 -5.258093e-04
3.730000e+00 -5.133333e-04
3.740000e+00 -4.991429e-04
3.750000e+00 -4.833578e-04
3.760000e+00 -4.661062e-04
3.770000e+00 -4.475239e-04
3.780000e+00 -4.277524e-04
3.790000e+00 -4.069382e-04
3.800000e+00 -3.852306e-04
3.810000e+00 -3.627808e-04
3.820000e+00 -3.397407e-04
3.830000e+00 -3.162610e-04
3.840000e+00 -2.924906e-04
3.850000e+00 -2.685750e-04
3.860000e+00 -2.446557e-04
3.870000e+00 -2.208687e-04
3.880000e+00 -1.973442e-04
3.890000e+00 -1.742055e-04
3.900000e+00 -1.515685e-04
3.910000e+00 -1.295412e-04
3.920000e+00 -1.082231e-04
3.930000e+00 -8.770509e-05
3.940000e+00 -6.806907e-05
3.950000e+00 -4.938784e-05
3.960000e+00 -3.172507e-05
3.970000e+00 -1.513531e-05
3.980000e+00 3.359238e-07
3.990000e+00 1.465191e-05
4.000000e+00 2.778451e-05
4.010000e+00 3.971387e-05
4.020000e+00 5.042796e-05
4.030000e+00 5.992221e-05
4.040000e+00 6.819896e-05
4.050000e+00 7.526695e-05
4.060000e+00 8.114064e-05
4.070000e+00 8.583969e-05
4.080000e+00 8.938817e-05
4.090000e+00 9.181394e-05
4.100000e+00 9.314789e-05
4.110000e+00 9.342324e-05
4.120000e+00 9.267480e-05
4.130000e+00 9.093832e-05
4.140000e+00 8.824977e-05
4.150000e+00 8.464475e-05
4.160000e+00 8.015794e-05
4.170000e+00 7.482258e-05
4.180000e+00 6.867016e-05
4.190000e+00 6.173002e-05
4.200000e+00 5.402929e-05
4.210000e+00 4.559277e-05
4.220000e+00 3.644301e-05
4.230000e+00 2.660058e-05
4.240000e+00 1.608436e-05
4.250000e+00 4.912053e-06
4.260000e+00 -6.899212e-06
4.270000e+00 -1.933218e-05
4.280000e+00 -3.236862e-05
4.290000e+00 -4.598848e-05
4.300000e+00 -6.016888e-05
4.310000e+00 -7.488313e-05
4.320000e+00 -9.009977e-05
4.330000e+00 -1.057816e-04
4.340000e+00 -1.218846e-04
4.350000e+00 -1.383574e-04
4.360000e+00 -1.551403e-04
4.370000e+00 -1.721647e-04
4.380000e+00 -1.893529e-04
4.390000e+00 -2.066176e-04
4.400000e+00 -2.238618e-04
4.410000e+00 -2.409796e-04
4.420000e+00 -2.578558e-04
4.430000e+00 -2.743672e-04
4.440000e+00 -2.903832e-04
4.450000e+00 -3.057667e-04
4.460000e+00 -3.203760e-04
4.470000e+00 -3.340657e-04
4.480000e+00 -3.466888e-04
4.490000e+00 -3.580981e-04
4.500000e+00 -3.681485e-04
4.510000e+00 -3.766985e-04
4.520000e+00 -3.836127e-04
4.530000e+00 -3.887632e-04
4.540000e+00 -3.920318e-04
4.550000e+00 -3.933118e-04
4.560000e+00 -3.925095e-04
4.570000e+00 -3.895459e-04
4.580000e+00 -3.843578e-04
4.590000e+00 -3.768988e-04
4.600000e+00 -3.671403e-04
4.610000e+00 -3.550719e-04
4.620000e+00 -3.407019e-04
4.630000e+00 -3.240568e-04
4.640000e+00 -3.051816e-04
4.650000e+00 -2.841389e-04
4.660000e+00 -2.610081e-04
4.670000e+00 -2.358847e-04
4.680000e+00 -2.088787e-04
4.690000e+00 -1.801134e-04
4.700000e+00 -1.497237e-04
4.710000e+00 -1.178549e-04
4.720000e+00 -8.466020e-05
4.730000e+00 -5.029963e-05
4.740000e+00 -1.493780e-05
4.750000e+00 2.125767e-05
4.760000e+00 5.811799e-05
4.770000e+00 9.547482e-05
4.780000e+00 1.331619e-04
4.790000e+00 1.710165e-04
4.800000e+00 2.088806e-04
4.810000e+00 2.466027e-04
4.820000e+00 2.840380e-04
4.830000e+00 3.210502e-04
4.840000e+00 3.575118e-04
4.850000e+00 3.933048e-04
4.860000e+00 4.283214e-04
4.870000e+00 4.624646e-04
4.880000e+00 4.956479e-04
4.890000e+00 5.277962e-04
4.900000e+00 5.588455e-04
4.910000e+00 5.887429e-04
4.920000e+00 6.174468e-04
4.930000e+00 6.449268e-04
4.940000e+00 6.711633e-04
4.950000e+00 6.961473e-04
4.960000e+00 7.198802e-04
4.970000e+00 7.423737e-04
4.980000e+00 7.636488e-04
4.990000e+00 7.837358e-04
5.000000e+00 8.026737e-04
5.010000e+00 8.205093e-04
5.020000e+00 8.372970e-04
5.030000e+00 8.530975e-04
5.040000e+00 8.679775e-04
5.050000e+00 8.820085e-04
5.060000e+00 8.952658e-04
5.070000e+00 9.078274e-04
5.080000e+00 9.197734e-04
5.090000e+00 9.311841e-04
5.100000e+00 9.421393e-04
5.110000e+00 9.527170e-04
5.120000e+00 9.629921e-04
5.130000e+00 9.730353e-04
5.140000e+00 9.829120e-04
5.150000e+00 9.926810e-04
5.160000e+00 1.002394e-03
5.170000e+00 1.012094e-03
5.180000e+00 1.021815e-03
5.190000e+00 1.031581e-03
5.200000e+00 1.041408e-03
5.210000e+00 1.051300e-03
5.220000e+00 1.061251e-03
5.230000e+00 1.071244e-03
5.240000e+00 1.081256e-03
5.250000e+00 1.091251e-03
5.260000e+00 1.101186e-03
5.270000e+00 1.111012e-03
5.280000e+00 1.120673e-03
5.290000e+00 1.130106e-03
5.300000e+00 1.139248e-03
5.310000e+00 1.148032e-03
5.320000e+00 1.156389e-03
5.330000e+00 1.164253e-03
5.340000e+00 1.171557e-03
5.350000e+00 1.178240e-03
5.360000e+00 1.184244e-03
5.370000e+00 1.189517e-03
5.380000e+00 1.194015e-03
5.390000e+00 1.197697e-03
5.400000e+00 1.200535e-03
5.410000e+00 1.202505e-03
5.420000e+00 1.203593e-03
5.430000e+00 1.203795e-03
5.440000e+00 1.203112e-03
5.450000e+00 1.201554e-03
5.460000e+00 1.199139e-03
5.470000e+00 1.195889e-03
5.480000e+00 1.191835e-03
5.490000e+00 1.187009e-03
5.500000e+00 1.181450e-03
5.510000e+00 1.175197e-03
5.520000e+00 1.168294e-03
5.530000e+00 1.160784e-03
5.540000e+00 1.152711e-03
5.550000e+00 1.144119e-03
5.560000e+00 1.135051e-03
5.570000e+00 1.125548e-03
5.580000e+00 1.115652e-03
5.590000e+00 1.105402e-03
5.600000e+00 1.094834e-03
5.610000e+00 1.083987e-03
5.620000e+00 1.072894e-03
5.630000e+00 1.061594e-03
5.640000e+00 1.050120e-03
5.650000e+00 1.038510e-03
5.660000e+00 1.026801e-03
5.670000e+00 1.015036e-03
5.680000e+00 1.003256e-03
5.690000e+00 9.915085e-04
5.700000e+00 9.798442e-04
5.710000e+00 9.683179e-04
5.720000e+00 9.569887e-04
5.730000e+00 9.459205e-04
5.740000e+00 9.351814e-04
5.750000e+00 9.248438e-04
5.760000e+00 9.149836e-04
5.770000e+00 9.056801e-04
5.780000e+00 8.970144e-04
5.790000e+00 8.890694e-04
5.800000e+00 8.819279e-04
5.810000e+00 8.756722e-04
5.820000e+00 8.703823e-04
5.830000e+00 8.661350e-04
5.840000e+00 8.630026e-04
5.850000e+00 8.610515e-04
5.860000e+00 8.603413e-04
5.870000e+00 8.609237e-04
5.880000e+00 8.628415e-04
5.890000e+00 8.661276e-04
5.900000e+00 8.708050e-04
5.910000e+00 8.768858e-04
5.920000e+00 8.843712e-04
5.930000e+00 8.932517e-04
5.940000e+00 9.035068e-04
5.950000e+00 9.151058e-04
5.960000e+00 9.280080e-04
5.970000e+00 9.421637e-04
5.980000e+00 9.575147e-04
5.990000e+00 9.739959e-04
6.000000e+00 9.915354e-04
6.010000e+00 1.010056e-03
6.020000e+00 1.029478e-03
6.030000e+00 1.049716e-03
6.040000e+00 1.070685e-03
6.050000e+00 1.092299e-03
6.060000e+00 1.114471e-03
6.070000e+00 1.137115e-03
6.080000e+00 1.160149e-03
6.090000e+00 1.183490e-03
6.100000e+00 1.207062e-03
6.110000e+00 1.230788e-03
6.120000e+00 1.254598e-03
6.130000e+00 1.278423e-03
6.140000e+00 1.302199e-03
6.150000e+00 1.325867e-03
6.160000e+00 1.349367e-03
6.170000e+00 1.372648e-03
6.180000e+00 1.395658e-03
6.190000e+00 1.418348e-03
6.200000e+00 1.440673e-03
6.210000e+00 1.462589e-03
6.220000e+00 1.484055e-03
6.230000e+00 1.505030e-03
6.240000e+00 1.525477e-03
6.250000e+00 1.545359e-03
6.260000e+00 1.564640e-03
6.270000e+00 1.583288e-03
6.280000e+00 1.601271e-03
6.290000e+00 1.618559e-03
6.300000e+00 1.635125e-03
6.310000e+00 1.650944e-03
6.320000e+00 1.665993e-03
6.330000e+00 1.680253e-03
6.340000e+00 1.693707e-03
6.350000e+00 1.706343e-03
6.360000e+00 1.718151e-03
6.370000e+00 1.729124e-03
6.380000e+00 1.739261e-03
6.390000e+00 1.748561e-03
6.400000e+00 1.757029e-03
6.410000e+00 1.764673e-03
6.420000e+00 1.771502e-03
6.430000e+00 1.777527e-03
6.440000e+00 1.782765e-03
6.450000e+00 1.787229e-03
6.460000e+00 1.790936e-03
6.470000e+00 1.793902e-03
6.480000e+00 1.796144e-03
6.490000e+00 1.797675e-03
6.500000e+00 1.798511e-03
6.510000e+00 1.798661e-03
6.520000e+00 1.798135e-03
6.530000e+00 1.796940e-03
6.540000e+00 1.795078e-03
6.550000e+00 1.792549e-03
6.560000e+00 1.789351e-03
6.570000e+00 1.785477e-03
6.580000e+00 1.780918e-03
6.590000e+00 1.775662e-03
6.600000e+00 1.769697e-03
6.610000e+00 1.763005e-03
6.620000e+00 1.755570e-03
6.630000e+00 1.747376e-03
6.640000e+00 1.738404e-03
6.650000e+00 1.728639e-03
6.660000e+00 1.718064e-03
6.670000e+00 1.706667e-03
6.680000e+00 1.694437e-03
6.690000e+00 1.681366e-03
6.700000e+00 1.667450e-03
6.710000e+00 1.652686e-03
6.720000e+00 1.637079e-03
6.730000e+00 1.620635e-03
6.740000e+00 1.603365e-03
6.750000e+00 1.585283e-03
6.760000e+00 1.566407e-03
6.770000e+00 1.546759e-03
6.780000e+00 1.526362e-03
6.790000e+00 1.505244e-03
6.800000e+00 1.483432e-03
6.810000e+00 1.460958e-03
6.820000e+00 1.437852e-03
6.830000e+00 1.414146e-03
6.840000e+00 1.389872e-03
6.850000e+00 1.365063e-03
6.860000e+00 1.339750e-03
6.870000e+00 1.313965e-03
6.880000e+00 1.287738e-03
6.890000e+00 1.261100e-03
6.900000e+00 1.234081e-03
6.910000e+00 1.206710e-03
6.920000e+00 1.179020e-03
6.930000e+00 1.151042e-03
6.940000e+00 1.122808e-03
6.950000e+00 1.094356e-03
6.960000e+00 1.065722e-03
6.970000e+00 1.036949e-03
6.980000e+00 1.008083e-03
6.990000e+00 9.791745e-04
7.000000e+00 9.502807e-04
7.010000e+00 9.214636e-04
7.020000e+00 8.927916e-04
7.030000e+00 8.643399e-04
7.040000e+00 8.361900e-04
7.050000e+00 8.084301e-04
7.060000e+00 7.811543e-04
7.070000e+00 7.544630e-04
7.080000e+00 7.284614e-04
7.090000e+00 7.032591e-04
7.100000e+00 6.789695e-04
7.110000e+00 6.557079e-04
7.120000e+00 6.335911e-04
7.130000e+00 6.127355e-04
7.140000e+00 5.932560e-04
7.150000e+00 5.752643e-04
7.160000e+00 5.588677e-04
7.170000e+00 5.441673e-04
7.180000e+00 5.312569e-04
7.190000e+00 5.202213e-04
7.200000e+00 5.111355e-04
7.210000e+00 5.040631e-04
7.220000e+00 4.990556e-04
7.230000e+00 4.961516e-04
7.240000e+00 4.953761e-04
7.250000e+00 4.967402e-04
7.260000e+00 5.002410e-04
7.270000e+00 5.058613e-04
7.280000e+00 5.135704e-04
7.290000e+00 5.233241e-04
7.300000e+00 5.350653e-04
7.310000e+00 5.487254e-04
7.320000e+00 5.642247e-04
7.330000e+00 5.814739e-04
7.340000e+00 6.003750e-04
7.350000e+00 6.208232e-04
7.360000e+00 6.427074e-04
7.370000e+00 6.659126e-04
7.380000e+00 6.903206e-04
7.390000e+00 7.158117e-04
7.400000e+00 7.422657e-04
7.410000e+00 7.695637e-04
7.420000e+00 7.975886e-04
7.430000e+00 8.262267e-04
7.440000e+00 8.553681e-04
7.450000e+00 8.849075e-04
7.460000e+00 9.147452e-04
7.470000e+00 9.447871e-04
7.480000e+00 9.749450e-04
7.490000e+00 1.005137e-03
7.500000e+00 1.035286e-03
7.510000e+00 1.065324e-03
7.520000e+00 1.095185e-03
7.530000e+00 1.124809e-03
7.540000e+00 1.154143e-03
7.550000e+00 1.183135e-03
7.560000e+00 1.211738e-03
7.570000e+00 1.239910e-03
7.580000e+00 1.267607e-03
7.590000e+00 1.294790e-03
7.600000e+00 1.321420e-03
7.610000e+00 1.347458e-03
7.620000e+00 1.372867e-03
7.630000e+00 1.397609e-03
7.640000e+00 1.421643e-03
7.650000e+00 1.444931e-03
7.660000e+00 1.467433e-03
7.670000e+00 1.489106e-03
7.680000e+00 1.509909e-03
7.690000e+00 1.529800e-03
7.700000e+00 1.548736e-03
7.710000e+00 1.566674e-03
7.720000e+00 1.583573e-03
7.730000e+00 1.599390e-03
7.740000e+00 1.614087e-03
7.750000e+00 1.627627e-03
7.760000e+00 1.639974e-03
7.770000e+00 1.651097e-03
7.780000e+00 1.660967e-03
7.790000e+00 1.669561e-03
7.800000e+00 1.676860e-03
7.810000e+00 1.682848e-03
7.820000e+00 1.687517e-03
7.830000e+00 1.690863e-03
7.840000e+00 1.692887e-03
7.850000e+00 1.693597e-03
7.860000e+00 1.693004e-03
7.870000e+00 1.691127e-03
7.880000e+00 1.687989e-03
7.890000e+00 1.683618e-03
7.900000e+00 1.678045e-03
7.910000e+00 1.671308e-03
7.920000e+00 1.663446e-03
7.930000e+00 1.654503e-03
7.940000e+00 1.644523e-03
7.950000e+00 1.633555e-03
7.960000e+00 1.621649e-03
7.970000e+00 1.608855e-03
7.980000e+00 1.595224e-03
7.990000e+00 1.580809e-03
8.000000e+00 1.565662e-03
8.010000e+00 1.549834e-03
8.020000e+00 1.533377e-03
8.030000e+00 1.516342e-03
8.040000e+00 1.498779e-03
8.050000e+00 1.480739e-03
8.060000e+00 1.462270e-03
8.070000e+00 1.443421e-03
8.080000e+00 1.424240e-03
8.090000e+00 1.404776e-03
8.100000e+00 1.385076e-03
8.110000e+00 1.365188e-03
8.120000e+00 1.345161e-03
8.130000e+00 1.325042e-03
8.140000e+00 1.304880e-03
8.150000e+00 1.284725e-03
8.160000e+00 1.264625e-03
8.170000e+00 1.244629e-03
8.180000e+00 1.224787e-03
8.190000e+00 1.205148e-03
8.200000e+00 1.185759e-03
8.210000e+00 1.166669e-03
8.220000e+00 1.147922e-03
8.230000e+00 1.129565e-03
8.240000e+00 1.111637e-03
8.250000e+00 1.094179e-03
8.260000e+00 1.077225e-03
8.270000e+00 1.060809e-03
8.280000e+00 1.044957e-03
8.290000e+00 1.029693e-03
8.300000e+00 1.015035e-03
8.310000e+00 1.000997e-03
8.320000e+00 9.875855e-04
8.330000e+00 9.748044e-04
8.340000e+00 9.626511e-04
8.350000e+00 9.511184e-04
8.360000e+00 9.401945e-04
8.370000e+00 9.298636e-04
8.380000e+00 9.201066e-04
8.390000e+00 9.109013e-04
8.400000e+00 9.022236e-04
8.410000e+00 8.940484e-04
8.420000e+00 8.863498e-04
8.430000e+00 8.791029e-04
8.440000e+00 8.722839e-04
8.450000e+00 8.658714e-04
8.460000e+00 8.598470e-04
8.470000e+00 8.541963e-04
8.480000e+00 8.489089e-04
8.490000e+00 8.439797e-04
8.500000e+00 8.394084e-04
8.510000e+00 8.352003e-04
8.520000e+00 8.313662e-04
8.530000e+00 8.279221e-04
8.540000e+00 8.248890e-04
8.550000e+00 8.222922e-04
8.560000e+00 8.201610e-04
8.570000e+00 8.185278e-04
8.580000e+00 8.174272e-04
8.590000e+00 8.168949e-04
8.600000e+00 8.169668e-04
8.610000e+00 8.176778e-04
8.620000e+00 8.190608e-04
8.630000e+00 8.211455e-04
8.640000e+00 8.239574e-04
8.650000e+00 8.275169e-04
8.660000e+00 8.318384e-04
8.670000e+00 8.369295e-04
8.680000e+00 8.427907e-04
8.690000e+00 8.494145e-04
8.700000e+00 8.567858e-04
8.710000e+00 8.648814e-04
8.720000e+00 8.736704e-04
8.730000e+00 8.831144e-04
8.740000e+00 8.931681e-04
8.750000e+00 9.037797e-04
8.760000e+00 9.148921e-04
8.770000e+00 9.264435e-04
8.780000e+00 9.383685e-04
8.790000e+00 9.505989e-04
8.800000e+00 9.630652e-04
8.810000e+00 9.756972e-04
8.820000e+00 9.884253e-04
8.830000e+00 1.001181e-03
8.840000e+00 1.013899e-03
8.850000e+00 1.026516e-03
8.860000e+00 1.038973e-03
8.870000e+00 1.051215e-03
8.880000e+00 1.063192e-03
8.890000e+00 1.074857e-03
8.900000e+00 1.086169e-03
8.910000e+00 1.097091e-03
8.920000e+00 1.107592e-03
8.930000e+00 1.117643e-03
8.940000e+00 1.127218e-03
8.950000e+00 1.136297e-03
8.960000e+00 1.144859e-03
8.970000e+00 1.152887e-03
8.980000e+00 1.160366e-03
8.990000e+00 1.167281e-03
9.000000e+00 1.173616e-03
9.010000e+00 1.179358e-03
9.020000e+00 1.184491e-03
9.030000e+00 1.189002e-03
9.040000e+00 1.192876e-03
9.050000e+00 1.196097e-03
9.060000e+00 1.198651e-03
9.070000e+00 1.200525e-03
9.080000e+00 1.201704e-03
9.090000e+00 1.202178e-03
9.100000e+00 1.201938e-03
9.110000e+00 1.200978e-03
9.120000e+00 1.199296e-03
9.130000e+00 1.196895e-03
9.140000e+00 1.193780e-03
9.150000e+00 1.189966e-03
9.160000e+00 1.185472e-03
9.170000e+00 1.180323e-03
9.180000e+00 1.174551e-03
9.190000e+00 1.168196e-03
9.200000e+00 1.161303e-03
9.210000e+00 1.153925e-03
9.220000e+00 1.146119e-03
9.230000e+00 1.137948e-03
9.240000e+00 1.129480e-03
9.250000e+00 1.120785e-03
9.260000e+00 1.111937e-03
9.270000e+00 1.103009e-03
9.280000e+00 1.094076e-03
9.290000e+00 1.085209e-03
9.300000e+00 1.076477e-03
9.310000e+00 1.067945e-03
9.320000e+00 1.059674e-03
9.330000e+00 1.051714e-03
9.340000e+00 1.044112e-03
9.350000e+00 1.036902e-03
9.360000e+00 1.030112e-03
9.370000e+00 1.023759e-03
9.380000e+00 1.017848e-03
9.390000e+00 1.012377e-03
9.400000e+00 1.007329e-03
9.410000e+00 1.002682e-03
9.420000e+00 9.984010e-04
9.430000e+00 9.944433e-04
9.440000e+00 9.907582e-04
9.450000e+00 9.872880e-04
9.460000e+00 9.839689e-04
9.470000e+00 9.807326e-04
9.480000e+00 9.775072e-04
9.490000e+00 9.742187e-04
9.500000e+00 9.707920e-04
9.510000e+00 9.671525e-04
9.520000e+00 9.632271e-04
9.530000e+00 9.589451e-04
9.540000e+00 9.542395e-04
9.550000e+00 9.490478e-04
9.560000e+00 9.433124e-04
9.570000e+00 9.369816e-04
9.580000e+00 9.300102e-04
9.590000e+00 9.223590e-04
9.600000e+00 9.139959e-04
9.610000e+00 9.048955e-04
9.620000e+00 8.950389e-04
9.630000e+00 8.844140e-04
9.640000e+00 8.730148e-04
9.650000e+00 8.608413e-04
9.660000e+00 8.478993e-04
9.670000e+00 8.341995e-04
9.680000e+00 8.197577e-04
9.690000e+00 8.045937e-04
9.700000e+00 7.887317e-04
9.710000e+00 7.721991e-04
9.720000e+00 7.550267e-04
9.730000e+00 7.372480e-04
9.740000e+00 7.188991e-04
9.750000e+00 7.000184e-04
9.760000e+00 6.806463e-04
9.770000e+00 6.608248e-04
9.780000e+00 6.405978e-04
9.790000e+00 6.200103e-04
9.800000e+00 5.991087e-04
9.810000e+00 5.779402e-04
9.820000e+00 5.565531e-04
9.830000e+00 5.349959e-04
9.840000e+00 5.133178e-04
9.850000e+00 4.915680e-04
9.860000e+00 4.697956e-04
9.870000e+00 4.480492e-04
9.880000e+00 4.263769e-04
9.890000e+00 4.048257e-04
9.900000e+00 3.834413e-04
9.910000e+00 3.622678e-04
9.920000e+00 3.413479e-04
9.930000e+00 3.207218e-04
9.940000e+00 3.004279e-04
9.950000e+00 2.805023e-04
9.960000e+00 2.609787e-04
9.970000e+00 2.418886e-04
9.980000e+00 2.232613e-04
9.990000e+00 2.051244e-04
1.000000e+01 1.875034e-04
