8.018239e-03 9 2.474945e+03
1.659868e-02 64 2.289603e+03
2.586446e-02 157 2.138073e+03
3.529679e-02 292 1.481454e+03
4.513097e-02 529 1.281673e+03
5.555287e-02 820 1.159199e+03
6.539610e-02 1000 1.008582e+03
7.523297e-02 1483 8.825790e+02
8.527687e-02 1792 7.795637e+02
9.513029e-02 2293 5.876487e+02
1.052419e-01 2848 5.331725e+02
1.151206e-01 3232 4.574938e+02
1.250948e-01 4077 4.408653e+02
1.351559e-01 4552 3.920926e+02
1.451184e-01 5377 3.493679e+02
1.550677e-01 5974 2.967313e+02
1.650359e-01 6976 2.572977e+02
1.750550e-01 7717 2.372047e+02
1.850940e-01 8776 2.219033e+02
1.950993e-01 9553 2.088102e+02
2.050639e-01 10660 1.924289e+02
2.150232e-01 11608 1.729472e+02
2.250206e-01 12937 1.595978e+02
2.351002e-01 14062 1.454188e+02
2.450739e-01 15105 1.380736e+02
2.550522e-01 16492 1.284380e+02
2.650604e-01 17821 1.204471e+02
2.750125e-01 18940 1.113476e+02
2.850269e-01 20836 1.032510e+02
2.950518e-01 21949 9.741547e+01
3.050599e-01 23656 9.043265e+01
3.149891e-01 24727 8.635698e+01
3.250379e-01 27400 8.238633e+01
3.350922e-01 28096 7.775596e+01
3.450584e-01 30337 7.387538e+01
3.550604e-01 31696 6.910872e+01
3.650295e-01 33849 6.624404e+01
3.750722e-01 35800 6.280775e+01
3.850647e-01 37348 5.957140e+01
3.950397e-01 39535 5.816308e+01
4.050307e-01 41452 5.496606e+01
4.150177e-01 43669 5.210524e+01
4.250356e-01 45832 4.946421e+01
4.350008e-01 47524 4.749198e+01
4.450186e-01 50761 4.565638e+01
4.550579e-01 52264 4.413519e+01
4.650571e-01 54973 4.200011e+01
4.750553e-01 56890 4.033032e+01
4.849982e-01 59233 3.891695e+01
4.949997e-01 62460 3.706894e+01
5.050400e-01 64660 3.595159e+01
5.150365e-01 67105 3.458867e+01
5.250511e-01 70108 3.349779e+01
5.350611e-01 72421 3.200092e+01
5.450809e-01 75628 3.107723e+01
5.550666e-01 77374 3.009060e+01
5.650248e-01 80965 2.880764e+01
5.750209e-01 83536 2.801241e+01
5.849943e-01 86509 2.706973e+01
5.950118e-01 90088 2.636902e+01
6.050243e-01 92524 2.539684e+01
6.150021e-01 95685 2.470051e+01
6.250268e-01 99460 2.395246e+01
6.350319e-01 101791 2.339469e+01
6.450443e-01 105940 2.252084e+01
6.550363e-01 108040 2.189422e+01
6.650248e-01 112417 2.129344e+01
6.749918e-01 114172 2.061341e+01
6.849838e-01 119989 2.005649e+01
6.950359e-01 122428 1.964126e+01
7.050021e-01 125049 1.904960e+01
7.150185e-01 130682 1.862733e+01
7.250500e-01 132820 1.802254e+01
7.350461e-01 137169 1.761688e+01
7.450354e-01 139912 1.718005e+01
7.550326e-01 145021 1.667081e+01
7.650453e-01 148000 1.626143e+01
7.750260e-01 151840 1.595365e+01
7.849916e-01 155365 1.554443e+01
7.950130e-01 161410 1.519507e+01
8.050563e-01 164341 1.477681e+01
8.150452e-01 167704 1.451680e+01
8.250456e-01 172960 1.424491e+01
8.350307e-01 175597 1.386836e+01
8.450225e-01 181552 1.358587e+01
8.550387e-01 185185 1.316470e+01
8.650410e-01 189576 1.302595e+01
8.750145e-01 192850 1.271123e+01
8.849866e-01 198481 1.251661e+01
8.950163e-01 203908 1.210477e+01
9.050183e-01 206677 1.185888e+01
9.150119e-01 212440 1.175320e+01
9.250146e-01 216544 1.143506e+01
9.350152e-01 221725 1.127172e+01
9.450189e-01 226024 1.103082e+01
9.550021e-01 230515 1.080141e+01
9.650081e-01 236548 1.064963e+01
9.750165e-01 240697 1.049578e+01
9.850258e-01 246264 1.025379e+01
9.950310e-01 250480 9.980211e+00
