8.018239e-03 9 1.171413e+03
1.659868e-02 64 2.738904e+03
2.586446e-02 157 2.236615e+03
3.529679e-02 292 1.694032e+03
4.513097e-02 529 1.398136e+03
5.555287e-02 820 1.146565e+03
6.539610e-02 1000 9.913558e+02
7.523297e-02 1483 9.213801e+02
8.527687e-02 1792 7.500647e+02
9.513029e-02 2293 5.975080e+02
1.052419e-01 2848 5.262953e+02
1.151206e-01 3232 4.547062e+02
1.250948e-01 4077 4.244959e+02
1.351559e-01 4552 3.754255e+02
1.451184e-01 5377 3.435409e+02
1.550677e-01 5974 2.961649e+02
1.650359e-01 6976 2.541931e+02
1.750550e-01 7717 2.386330e+02
1.850940e-01 8776 2.249787e+02
1.950993e-01 9553 2.108638e+02
2.050639e-01 10660 1.915804e+02
2.150232e-01 11608 1.730062e+02
2.250206e-01 12937 1.567370e+02
2.351002e-01 14062 1.440134e+02
2.450739e-01 15105 1.369871e+02
2.550522e-01 16492 1.270955e+02
2.650604e-01 17821 1.195360e+02
2.750125e-01 18940 1.113477e+02
2.850269e-01 20836 1.036998e+02
2.950518e-01 21949 9.836579e+01
3.050599e-01 23656 9.226211e+01
3.149891e-01 24727 8.711443e+01
3.250379e-01 27400 8.130244e+01
3.350922e-01 28096 7.777266e+01
3.450584e-01 30337 7.358923e+01
3.550604e-01 31696 6.943650e+01
3.650295e-01 33849 6.578326e+01
3.750722e-01 35800 6.280919e+01
3.850647e-01 37348 6.061068e+01
3.950397e-01 39535 5.691579e+01
4.050307e-01 41452 5.461039e+01
4.150177e-01 43669 5.278196e+01
4.250356e-01 45832 4.955434e+01
4.350008e-01 47524 4.777729e+01
4.450186e-01 50761 4.541101e+01
4.550579e-01 52264 4.330780e+01
4.650571e-01 54973 4.189798e+01
4.750553e-01 56890 4.041272e+01
4.849982e-01 59233 3.869193e+01
4.949997e-01 62460 3.701052e+01
5.050400e-01 64660 3.555159e+01
5.150365e-01 67105 3.485539e+01
5.250511e-01 70108 3.333006e+01
5.350611e-01 72421 3.214637e+01
5.450809e-01 75628 3.067951e+01
5.550666e-01 77374 2.968796e+01
5.650248e-01 80965 2.919991e+01
5.750209e-01 83536 2.803922e+01
5.849943e-01 86509 2.711783e+01
5.950118e-01 90088 2.616968e+01
6.050243e-01 92524 2.529615e+01
6.150021e-01 95685 2.484141e+01
6.250268e-01 99460 2.370522e+01
6.350319e-01 101791 2.314002e+01
6.450443e-01 105940 2.244512e+01
6.550363e-01 108040 2.193241e+01
6.650248e-01 112417 2.118069e+01
6.749918e-01 114172 2.060667e+01
6.849838e-01 119989 2.010823e+01
6.950359e-01 122428 1.946593e+01
7.050021e-01 125049 1.904476e+01
7.150185e-01 130682 1.835172e+01
7.250500e-01 132820 1.810217e+01
7.350461e-01 137169 1.744316e+01
7.450354e-01 139912 1.719464e+01
7.550326e-01 145021 1.666484e+01
7.650453e-01 148000 1.636245e+01
7.750260e-01 151840 1.586231e+01
7.849916e-01 155365 1.558662e+01
7.950130e-01 161410 1.509893e+01
8.050563e-01 164341 1.488151e+01
8.150452e-01 167704 1.443309e+01
8.250456e-01 172960 1.416536e+01
8.350307e-01 175597 1.393695e+01
8.450225e-01 181552 1.358613e+01
8.550387e-01 185185 1.320910e+01
8.650410e-01 189576 1.302498e+01
8.750145e-01 192850 1.272726e+01
8.849866e-01 198481 1.249808e+01
8.950163e-01 203908 1.223707e+01
9.050183e-01 206677 1.198462e+01
9.150119e-01 212440 1.169986e+01
9.250146e-01 216544 1.147645e+01
9.350152e-01 221725 1.124274e+01
9.450189e-01 226024 1.105106e+01
9.550021e-01 230515 1.076802e+01
9.650081e-01 236548 1.063262e+01
9.750165e-01 240697 1.043199e+01
9.850258e-01 246264 1.032404e+01
9.950310e-01 250480 1.012345e+01
