8.018239e-03 9 1.383445e+04
1.659868e-02 64 9.318876e+03
2.586446e-02 157 8.322213e+03
3.529679e-02 292 6.530971e+03
4.513097e-02 529 5.079641e+03
5.555287e-02 820 4.223441e+03
6.539610e-02 1000 3.925718e+03
7.523297e-02 1483 3.337518e+03
8.527687e-02 1792 2.690314e+03
9.513029e-02 2293 2.227946e+03
1.052419e-01 2848 1.937966e+03
1.151206e-01 3232 1.726716e+03
1.250948e-01 4077 1.567678e+03
1.351559e-01 4552 1.444772e+03
1.451184e-01 5377 1.236467e+03
1.550677e-01 5974 1.136048e+03
1.650359e-01 6976 1.000723e+03
1.750550e-01 7717 9.216064e+02
1.850940e-01 8776 8.641166e+02
1.950993e-01 9553 8.048248e+02
2.050639e-01 10660 7.415005e+02
2.150232e-01 11608 6.932963e+02
2.250206e-01 12937 6.308337e+02
2.351002e-01 14062 5.899011e+02
2.450739e-01 15105 5.477315e+02
2.550522e-01 16492 5.215196e+02
2.650604e-01 17821 4.933081e+02
2.750125e-01 18940 4.626700e+02
2.850269e-01 20836 4.362390e+02
2.950518e-01 21949 4.171977e+02
3.050599e-01 23656 3.935529e+02
3.149891e-01 24727 3.770196e+02
3.250379e-01 27400 3.600457e+02
3.350922e-01 28096 3.407342e+02
3.450584e-01 30337 3.234071e+02
3.550604e-01 31696 3.093905e+02
3.650295e-01 33849 2.980662e+02
3.750722e-01 35800 2.871831e+02
3.850647e-01 37348 2.750171e+02
3.950397e-01 39535 2.650972e+02
4.050307e-01 41452 2.546906e+02
4.150177e-01 43669 2.476352e+02
4.250356e-01 45832 2.391053e+02
4.350008e-01 47524 2.295858e+02
4.450186e-01 50761 2.211710e+02
4.550579e-01 52264 2.148120e+02
4.650571e-01 54973 2.079531e+02
4.750553e-01 56890 2.014473e+02
4.849982e-01 59233 1.954563e+02
4.949997e-01 62460 1.883430e+02
5.050400e-01 64660 1.845487e+02
5.150365e-01 67105 1.795675e+02
5.250511e-01 70108 1.742108e+02
5.350611e-01 72421 1.701335e+02
5.450809e-01 75628 1.650365e+02
5.550666e-01 77374 1.617409e+02
5.650248e-01 80965 1.573352e+02
5.750209e-01 83536 1.538416e+02
5.849943e-01 86509 1.492868e+02
5.950118e-01 90088 1.461466e+02
6.050243e-01 92524 1.433674e+02
6.150021e-01 95685 1.399681e+02
6.250268e-01 99460 1.361698e+02
6.350319e-01 101791 1.341109e+02
6.450443e-01 105940 1.305331e+02
6.550363e-01 108040 1.283057e+02
6.650248e-01 112417 1.254854e+02
6.749918e-01 114172 1.238466e+02
6.849838e-01 119989 1.205054e+02
6.950359e-01 122428 1.180460e+02
7.050021e-01 125049 1.168009e+02
7.150185e-01 130682 1.148241e+02
7.250500e-01 132820 1.122320e+02
7.350461e-01 137169 1.098298e+02
7.450354e-01 139912 1.083679e+02
7.550326e-01 145021 1.067147e+02
7.650453e-01 148000 1.045755e+02
7.750260e-01 151840 1.023385e+02
7.849916e-01 155365 1.009707e+02
7.950130e-01 161410 9.948660e+01
8.050563e-01 164341 9.782491e+01
8.150452e-01 167704 9.716322e+01
8.250456e-01 172960 9.496351e+01
8.350307e-01 175597 9.349660e+01
8.450225e-01 181552 9.236006e+01
8.550387e-01 185185 9.074155e+01
8.650410e-01 189576 8.953372e+01
8.750145e-01 192850 8.820084e+01
8.849866e-01 198481 8.709124e+01
8.950163e-01 203908 8.557280e+01
9.050183e-01 206677 8.488708e+01
9.150119e-01 212440 8.390986e+01
9.250146e-01 216544 8.233883e+01
9.350152e-01 221725 8.099617e+01
9.450189e-01 226024 8.030440e+01
9.550021e-01 230515 7.926253e+01
9.650081e-01 236548 7.831635e+01
9.750165e-01 240697 7.708549e+01
9.850258e-01 246264 7.639936e+01
9.950310e-01 250480 7.537794e+01
