8.018239e-03 9 6.458816e+03
1.659868e-02 64 8.933801e+03
2.586446e-02 157 8.105742e+03
3.529679e-02 292 6.437649e+03
4.513097e-02 529 4.796216e+03
5.555287e-02 820 4.055715e+03
6.539610e-02 1000 3.630698e+03
7.523297e-02 1483 3.320291e+03
8.527687e-02 1792 2.597972e+03
9.513029e-02 2293 2.233512e+03
1.052419e-01 2848 1.826207e+03
1.151206e-01 3232 1.688527e+03
1.250948e-01 4077 1.595541e+03
1.351559e-01 4552 1.417069e+03
1.451184e-01 5377 1.267479e+03
1.550677e-01 5974 1.131396e+03
1.650359e-01 6976 9.918279e+02
1.750550e-01 7717 9.115255e+02
1.850940e-01 8776 8.473691e+02
1.950993e-01 9553 7.898705e+02
2.050639e-01 10660 7.475974e+02
2.150232e-01 11608 6.820927e+02
2.250206e-01 12937 6.276035e+02
2.351002e-01 14062 5.874387e+02
2.450739e-01 15105 5.437598e+02
2.550522e-01 16492 5.208906e+02
2.650604e-01 17821 4.939837e+02
2.750125e-01 18940 4.649401e+02
2.850269e-01 20836 4.379288e+02
2.950518e-01 21949 4.113774e+02
3.050599e-01 23656 3.932004e+02
3.149891e-01 24727 3.744951e+02
3.250379e-01 27400 3.575747e+02
3.350922e-01 28096 3.361769e+02
3.450584e-01 30337 3.216304e+02
3.550604e-01 31696 3.111004e+02
3.650295e-01 33849 2.966905e+02
3.750722e-01 35800 2.864197e+02
3.850647e-01 37348 2.748264e+02
3.950397e-01 39535 2.627587e+02
4.050307e-01 41452 2.522477e+02
4.150177e-01 43669 2.451556e+02
4.250356e-01 45832 2.360416e+02
4.350008e-01 47524 2.290586e+02
4.450186e-01 50761 2.204937e+02
4.550579e-01 52264 2.130322e+02
4.650571e-01 54973 2.079948e+02
4.750553e-01 56890 2.003839e+02
4.849982e-01 59233 1.940150e+02
4.949997e-01 62460 1.884737e+02
5.050400e-01 64660 1.823976e+02
5.150365e-01 67105 1.784927e+02
5.250511e-01 70108 1.741862e+02
5.350611e-01 72421 1.689268e+02
5.450809e-01 75628 1.654539e+02
5.550666e-01 77374 1.599091e+02
5.650248e-01 80965 1.566663e+02
5.750209e-01 83536 1.526527e+02
5.849943e-01 86509 1.492461e+02
5.950118e-01 90088 1.462032e+02
6.050243e-01 92524 1.424609e+02
6.150021e-01 95685 1.395439e+02
6.250268e-01 99460 1.357801e+02
6.350319e-01 101791 1.334190e+02
6.450443e-01 105940 1.306753e+02
6.550363e-01 108040 1.277779e+02
6.650248e-01 112417 1.249362e+02
6.749918e-01 114172 1.226949e+02
6.849838e-01 119989 1.199214e+02
6.950359e-01 122428 1.183343e+02
7.050021e-01 125049 1.160675e+02
7.150185e-01 130682 1.133467e+02
7.250500e-01 132820 1.115878e+02
7.350461e-01 137169 1.094895e+02
7.450354e-01 139912 1.071898e+02
7.550326e-01 145021 1.056591e+02
7.650453e-01 148000 1.038715e+02
7.750260e-01 151840 1.023513e+02
7.849916e-01 155365 1.000581e+02
7.950130e-01 161410 9.875996e+01
8.050563e-01 164341 9.761816e+01
8.150452e-01 167704 9.610989e+01
8.250456e-01 172960 9.419411e+01
8.350307e-01 175597 9.296168e+01
8.450225e-01 181552 9.130948e+01
8.550387e-01 185185 9.005323e+01
8.650410e-01 189576 8.904489e+01
8.750145e-01 192850 8.751949e+01
8.849866e-01 198481 8.627557e+01
8.950163e-01 203908 8.573036e+01
9.050183e-01 206677 8.369611e+01
9.150119e-01 212440 8.299011e+01
9.250146e-01 216544 8.166668e+01
9.350152e-01 221725 8.051287e+01
9.450189e-01 226024 7.970683e+01
9.550021e-01 230515 7.863685e+01
9.650081e-01 236548 7.779558e+01
9.750165e-01 240697 7.695454e+01
9.850258e-01 246264 7.598510e+01
9.950310e-01 250480 7.467870e+01
