8.018239e-03 9 4.233819e+03
1.659868e-02 64 1.006934e+04
2.586446e-02 157 8.055485e+03
3.529679e-02 292 6.137535e+03
4.513097e-02 529 5.090649e+03
5.555287e-02 820 4.221548e+03
6.539610e-02 1000 3.659568e+03
7.523297e-02 1483 3.360952e+03
8.527687e-02 1792 2.754979e+03
9.513029e-02 2293 2.225465e+03
1.052419e-01 2848 1.951968e+03
1.151206e-01 3232 1.677615e+03
1.250948e-01 4077 1.562617e+03
1.351559e-01 4552 1.406509e+03
1.451184e-01 5377 1.278664e+03
1.550677e-01 5974 1.137199e+03
1.650359e-01 6976 9.872264e+02
1.750550e-01 7717 9.195405e+02
1.850940e-01 8776 8.685319e+02
1.950993e-01 9553 8.095743e+02
2.050639e-01 10660 7.480025e+02
2.150232e-01 11608 6.882645e+02
2.250206e-01 12937 6.254290e+02
2.351002e-01 14062 5.870486e+02
2.450739e-01 15105 5.508271e+02
2.550522e-01 16492 5.171128e+02
2.650604e-01 17821 4.897633e+02
2.750125e-01 18940 4.606728e+02
2.850269e-01 20836 4.407932e+02
2.950518e-01 21949 4.182494e+02
3.050599e-01 23656 3.942934e+02
3.149891e-01 24727 3.731944e+02
3.250379e-01 27400 3.551700e+02
3.350922e-01 28096 3.424410e+02
3.450584e-01 30337 3.244228e+02
3.550604e-01 31696 3.076355e+02
3.650295e-01 33849 2.954134e+02
3.750722e-01 35800 2.868436e+02
3.850647e-01 37348 2.772107e+02
3.950397e-01 39535 2.639856e+02
4.050307e-01 41452 2.560869e+02
4.150177e-01 43669 2.474982e+02
4.250356e-01 45832 2.366790e+02
4.350008e-01 47524 2.291396e+02
4.450186e-01 50761 2.218247e+02
4.550579e-01 52264 2.145658e+02
4.650571e-01 54973 2.082588e+02
4.750553e-01 56890 2.019118e+02
4.849982e-01 59233 1.956992e+02
4.949997e-01 62460 1.907043e+02
5.050400e-01 64660 1.839072e+02
5.150365e-01 67105 1.801403e+02
5.250511e-01 70108 1.743920e+02
5.350611e-01 72421 1.687806e+02
5.450809e-01 75628 1.644933e+02
5.550666e-01 77374 1.605013e+02
5.650248e-01 80965 1.574342e+02
5.750209e-01 83536 1.539252e+02
5.849943e-01 86509 1.505258e+02
5.950118e-01 90088 1.459721e+02
6.050243e-01 92524 1.426306e+02
6.150021e-01 95685 1.403335e+02
6.250268e-01 99460 1.363854e+02
6.350319e-01 101791 1.341632e+02
6.450443e-01 105940 1.309285e+02
6.550363e-01 108040 1.278915e+02
6.650248e-01 112417 1.257695e+02
6.749918e-01 114172 1.232541e+02
6.849838e-01 119989 1.214966e+02
6.950359e-01 122428 1.183760e+02
7.050021e-01 125049 1.165967e+02
7.150185e-01 130682 1.141021e+02
7.250500e-01 132820 1.118986e+02
7.350461e-01 137169 1.104289e+02
7.450354e-01 139912 1.080639e+02
7.550326e-01 145021 1.063640e+02
7.650453e-01 148000 1.037092e+02
7.750260e-01 151840 1.024233e+02
7.849916e-01 155365 1.009429e+02
7.950130e-01 161410 9.939101e+01
8.050563e-01 164341 9.765710e+01
8.150452e-01 167704 9.644704e+01
8.250456e-01 172960 9.477502e+01
8.350307e-01 175597 9.338660e+01
8.450225e-01 181552 9.212453e+01
8.550387e-01 185185 9.075538e+01
8.650410e-01 189576 8.951629e+01
8.750145e-01 192850 8.832358e+01
8.849866e-01 198481 8.684570e+01
8.950163e-01 203908 8.557401e+01
9.050183e-01 206677 8.454168e+01
9.150119e-01 212440 8.366138e+01
9.250146e-01 216544 8.236383e+01
9.350152e-01 221725 8.150669e+01
9.450189e-01 226024 8.006448e+01
9.550021e-01 230515 7.926380e+01
9.650081e-01 236548 7.799952e+01
9.750165e-01 240697 7.773383e+01
9.850258e-01 246264 7.638522e+01
9.950310e-01 250480 7.532134e+01
