# text fof file
# logMmin 1.200000e+01 -> nfof_min 133
# boxsize 600.000000
# density total 6.912640e+05 6.912640e+05; rel difference 8.839638e-12
# nbar 3.200296e-03
1.483274e-02 13 1.873591e+04 1.904645e+04 -1.807575e+03 4.290889e+04
2.513187e-02 33 3.300641e+04 3.330710e+04 -1.007752e+04 -5.837091e+03
3.574650e-02 79 2.001793e+04 2.031558e+04 -1.566057e+03 -3.188948e+03
4.583347e-02 105 1.362425e+04 1.392007e+04 4.781606e+02 1.530255e+03
5.486964e-02 145 1.259354e+04 1.288368e+04 -2.517856e+02 4.048473e+01
6.471857e-02 243 1.002460e+04 1.031251e+04 1.255782e+03 -4.779509e+03
7.503996e-02 313 9.237668e+03 9.519615e+03 4.902718e+01 1.466740e+03
8.485495e-02 369 7.450088e+03 7.730654e+03 1.565741e+03 -3.457679e+02
9.528688e-02 571 5.677842e+03 5.959443e+03 8.114222e+02 -6.679760e+02
1.059290e-01 601 5.012429e+03 5.290960e+03 9.754475e+01 -1.508230e+02
1.156806e-01 705 4.446022e+03 4.722201e+03 2.863474e+02 4.342767e+02
1.255756e-01 883 4.173309e+03 4.445586e+03 4.290003e+02 -4.596260e+02
1.352378e-01 909 3.894698e+03 4.163475e+03 -1.677938e+02 2.580552e+01
1.449493e-01 1177 3.349165e+03 3.618013e+03 4.967776e+00 -4.388214e+02
1.550659e-01 1323 2.737566e+03 3.008436e+03 1.995359e+02 -5.458221e+02
1.649601e-01 1453 2.666511e+03 2.933009e+03 1.784275e+02 1.593085e+02
1.749597e-01 1701 2.312271e+03 2.579282e+03 1.800508e+02 9.228637e+00
1.852437e-01 1963 2.308169e+03 2.569750e+03 1.614248e+02 -8.968311e+01
1.951071e-01 1933 2.046961e+03 2.308675e+03 -7.009512e+01 6.671590e+01
2.049888e-01 2397 1.890670e+03 2.150868e+03 -3.178027e+01 1.081819e+02
2.151844e-01 2539 1.694170e+03 1.954219e+03 -5.171235e+01 -1.173657e+02
2.250745e-01 2694 1.663294e+03 1.919369e+03 6.551495e+01 1.149505e+02
2.350927e-01 3121 1.540444e+03 1.795212e+03 1.212826e+02 2.884729e+01
2.451974e-01 3255 1.456406e+03 1.709129e+03 -3.193649e+01 -2.973113e+01
2.550872e-01 3517 1.319458e+03 1.572309e+03 1.383057e+02 3.993602e+01
2.649947e-01 3813 1.269543e+03 1.519747e+03 -1.444130e+01 -2.191131e+02
2.750606e-01 4231 1.142397e+03 1.393235e+03 7.353607e+01 4.354064e+01
2.851157e-01 4389 1.085817e+03 1.334745e+03 2.638923e+01 1.155490e+02
2.950080e-01 4717 1.032186e+03 1.279354e+03 -2.749240e+01 -2.787217e+01
3.050474e-01 5191 1.025568e+03 1.268674e+03 -6.028634e+00 -1.860410e+01
3.151078e-01 5373 9.751425e+02 1.216503e+03 1.094240e+01 1.127485e+02
3.251295e-01 5893 8.963908e+02 1.137918e+03 2.415458e+01 -1.297555e+01
3.352591e-01 6183 8.462584e+02 1.086533e+03 1.455150e+01 1.194115e+01
3.451640e-01 6349 8.150944e+02 1.053250e+03 -1.409079e+01 1.796069e+01
3.550965e-01 6993 7.726126e+02 1.009526e+03 -2.294545e+01 2.487332e+01
3.649687e-01 7003 7.075549e+02 9.451504e+02 3.347836e+01 6.389835e+01
3.749450e-01 7941 6.924379e+02 9.272203e+02 -3.250532e+01 -5.412253e+01
3.851630e-01 8221 6.483883e+02 8.826503e+02 -3.633853e+00 -3.474270e+01
3.951752e-01 8449 6.464168e+02 8.768719e+02 2.925504e+01 8.108818e+01
4.050872e-01 8931 6.167571e+02 8.459080e+02 -3.483055e-01 3.126749e+01
4.149904e-01 9289 5.927488e+02 8.202120e+02 7.682335e+00 2.435673e+01
4.250484e-01 10113 5.612437e+02 7.878475e+02 -3.440163e+01 4.825559e+00
4.350196e-01 10087 5.362358e+02 7.615635e+02 9.453737e-01 1.239786e+01
4.449689e-01 10998 5.165903e+02 7.402023e+02 8.314318e+00 9.604933e+00
4.550136e-01 11233 5.082502e+02 7.289599e+02 -1.796035e+01 -3.045432e+01
4.650240e-01 11991 4.800494e+02 7.002257e+02 1.596943e+01 -1.961461e+01
4.750600e-01 12241 4.582532e+02 6.773032e+02 -2.480643e+01 -1.797020e+01
4.850824e-01 13033 4.537514e+02 6.696167e+02 -1.579314e+01 -2.055491e+01
4.950626e-01 13227 4.292388e+02 6.445724e+02 -3.847812e+00 -2.617068e+01
5.050218e-01 13993 4.153405e+02 6.288935e+02 -1.461069e+01 1.132839e+01
5.149626e-01 14301 3.924368e+02 6.055797e+02 -3.892161e+00 -4.980877e+00
5.249789e-01 15355 3.885927e+02 5.986979e+02 2.836699e+01 -4.559649e+00
5.350486e-01 15585 3.789225e+02 5.868229e+02 7.075293e+00 1.977434e+01
5.451135e-01 16549 3.739699e+02 5.790101e+02 8.791425e+00 2.473793e+00
5.551181e-01 16587 3.484803e+02 5.540042e+02 5.680227e+00 2.665939e+01
5.650424e-01 17461 3.444851e+02 5.471517e+02 1.421905e+01 1.631576e+01
5.750589e-01 18177 3.356193e+02 5.362595e+02 -8.631279e+00 8.636293e+00
5.850828e-01 18739 3.233272e+02 5.225875e+02 7.363767e+00 2.846754e+00
5.950416e-01 19165 3.136144e+02 5.111638e+02 4.489722e+00 -1.464091e+01
6.049746e-01 20013 3.080989e+02 5.032067e+02 -8.036565e+00 -8.063859e+00
6.149470e-01 20587 2.978727e+02 4.914796e+02 -1.416056e+00 -1.478527e+00
6.249968e-01 21657 2.885417e+02 4.805291e+02 -7.377760e+00 -2.656649e+00
6.350666e-01 22129 2.802589e+02 4.704758e+02 -5.372591e+00 -1.053426e+01
6.450498e-01 22611 2.732317e+02 4.615070e+02 8.300443e-01 -1.542082e+01
6.549912e-01 23317 2.597003e+02 4.475300e+02 1.835955e+01 -1.945452e+00
6.649535e-01 24222 2.544855e+02 4.401282e+02 5.129360e+00 -6.123984e+00
6.749660e-01 24943 2.476491e+02 4.314945e+02 1.270664e+01 -2.959503e+00
6.850252e-01 25921 2.449076e+02 4.260315e+02 -7.746208e+00 1.745671e+01
6.950284e-01 26253 2.360840e+02 4.160085e+02 2.008690e+00 -2.165521e+01
7.049900e-01 27139 2.355295e+02 4.122750e+02 -1.006394e+01 2.133214e+01
7.150256e-01 28185 2.212632e+02 3.982983e+02 6.001022e+00 1.717732e+01
7.250860e-01 28969 2.154315e+02 3.906983e+02 5.022303e+00 2.220558e+01
7.350183e-01 28887 2.177231e+02 3.891693e+02 -5.927922e+00 3.010022e+00
7.450018e-01 30937 2.078293e+02 3.786971e+02 5.816240e+00 5.803665e+00
7.551045e-01 31341 2.023058e+02 3.714608e+02 -3.658425e+00 1.272115e+01
7.650666e-01 31555 1.995763e+02 3.663160e+02 6.776128e+00 -8.177404e+00
7.750154e-01 33025 1.894531e+02 3.559650e+02 1.274392e+00 5.783760e+00
7.850634e-01 33921 1.892055e+02 3.526241e+02 -3.892928e+00 5.642950e+00
7.950596e-01 34285 1.824078e+02 3.447340e+02 -6.142533e-01 -7.514019e+00
8.050450e-01 35703 1.750085e+02 3.365230e+02 4.518744e+00 2.285333e-01
8.150563e-01 36205 1.733923e+02 3.323271e+02 -5.671612e+00 -7.818504e+00
8.250795e-01 37485 1.687330e+02 3.260804e+02 -1.278114e+00 7.310416e+00
8.350885e-01 38047 1.661695e+02 3.213087e+02 -3.279994e+00 5.838816e+00
8.450499e-01 38913 1.607911e+02 3.147010e+02 8.794357e-01 3.824857e+00
8.550252e-01 39853 1.592278e+02 3.106642e+02 5.018239e+00 7.684383e+00
8.650455e-01 41367 1.534260e+02 3.038696e+02 -1.403071e+00 6.276497e+00
8.750680e-01 41617 1.461850e+02 2.962335e+02 7.191932e+00 -8.946174e-01
8.849916e-01 42430 1.477607e+02 2.943119e+02 -5.357520e+00 5.068885e+00
8.949944e-01 44367 1.443689e+02 2.892336e+02 4.575417e+00 7.271600e+00
9.050336e-01 44569 1.360865e+02 2.811266e+02 6.623476e+00 5.057514e+00
9.150411e-01 46089 1.345726e+02 2.773218e+02 -3.142793e+00 2.287398e+00
9.250625e-01 46819 1.305537e+02 2.719950e+02 6.844800e+00 5.134318e+00
9.350607e-01 47793 1.298084e+02 2.687239e+02 2.498305e+00 -6.898905e+00
9.450463e-01 48697 1.285329e+02 2.651280e+02 8.091128e+00 -4.519847e+00
9.549734e-01 49443 1.268504e+02 2.613487e+02 4.684848e+00 -2.121052e+00
9.649510e-01 51097 1.209942e+02 2.551282e+02 4.908041e+00 4.485174e+00
9.750082e-01 52453 1.223886e+02 2.531646e+02 -7.420238e+00 1.324583e+00
9.850290e-01 52947 1.160515e+02 2.467722e+02 -5.081753e+00 2.182068e+00
9.950258e-01 54193 1.146072e+02 2.432621e+02 -3.876239e-01 8.932439e-01
