# nc 324
# boxsize 6.000000e+02
# nbar 0.000000e+00
1.483274e-02 13 1.870665e+04 1.870398e+04 -2.109542e+03 -3.219341e+04
2.513187e-02 33 1.638968e+04 1.638371e+04 7.902961e+02 4.560071e+03
3.574650e-02 79 1.575894e+04 1.574748e+04 -5.335090e+03 2.931122e+03
4.583347e-02 105 9.722271e+03 9.710501e+03 -1.050641e+03 -2.311046e+03
5.486964e-02 145 8.566788e+03 8.552137e+03 1.113821e+03 6.221209e+03
6.471857e-02 243 7.575387e+03 7.557173e+03 1.992907e+02 2.452240e+03
7.503996e-02 313 5.445512e+03 5.428186e+03 -7.447570e+02 -6.807404e+02
8.485495e-02 369 4.981490e+03 4.961082e+03 -6.220854e+02 3.275964e+02
9.528688e-02 571 3.936204e+03 3.915810e+03 -7.106562e+00 -1.320376e+02
1.059290e-01 601 3.574081e+03 3.551247e+03 7.272829e+01 4.461404e+02
1.156806e-01 705 3.205622e+03 3.181261e+03 2.855754e+02 9.861555e+02
1.255756e-01 883 3.118712e+03 3.090675e+03 -2.055467e+01 -7.341897e+00
1.352378e-01 909 2.490329e+03 2.464419e+03 -2.464387e+02 3.919245e+02
1.449493e-01 1177 2.376018e+03 2.347763e+03 3.240181e+01 -3.724519e+02
1.550659e-01 1323 1.911210e+03 1.885172e+03 1.664872e+02 -2.984415e+00
1.649601e-01 1453 1.898329e+03 1.869063e+03 6.068735e+01 -5.123282e+01
1.749597e-01 1701 1.690488e+03 1.661192e+03 -1.691997e+02 -3.539225e+02
1.852437e-01 1963 1.587984e+03 1.557084e+03 6.078837e+00 1.155253e+02
1.951071e-01 1933 1.511529e+03 1.478999e+03 -1.253847e+02 -2.721452e+01
2.049888e-01 2397 1.350304e+03 1.318274e+03 8.390968e+01 -9.944991e+01
2.151844e-01 2539 1.270110e+03 1.236928e+03 1.295506e+01 -7.959216e+01
2.250745e-01 2694 1.180129e+03 1.146433e+03 -1.310401e+00 1.199150e+02
2.350927e-01 3121 1.128128e+03 1.093018e+03 1.892767e+01 5.136309e+01
2.451974e-01 3255 1.051162e+03 1.015650e+03 2.110595e+01 5.292876e+01
2.550872e-01 3517 1.008974e+03 9.721134e+02 -3.311715e+01 3.974626e+01
2.649947e-01 3813 9.486736e+02 9.113371e+02 1.749122e+01 -1.355256e+01
2.750606e-01 4231 9.285345e+02 8.892094e+02 1.060197e+01 2.097359e+01
2.851157e-01 4389 8.571850e+02 8.182181e+02 -4.571758e+00 4.658251e+01
2.950080e-01 4717 8.225426e+02 7.825889e+02 -4.446609e+01 5.477498e+00
3.050474e-01 5191 7.809440e+02 7.404365e+02 -9.850127e+00 -4.075791e+01
3.151078e-01 5373 7.555606e+02 7.138043e+02 2.275844e+01 -5.223406e+00
3.251295e-01 5893 7.174801e+02 6.753361e+02 5.688736e+00 2.379286e+01
3.352591e-01 6183 6.847617e+02 6.420760e+02 -2.457955e+01 -1.615204e+01
3.451640e-01 6349 6.650458e+02 6.211812e+02 -1.554149e+01 1.396841e+01
3.550965e-01 6993 6.400691e+02 5.954877e+02 1.073859e+01 -6.107981e+01
3.649687e-01 7003 6.136589e+02 5.685771e+02 -2.668530e+01 8.721074e+00
3.749450e-01 7941 5.961830e+02 5.500450e+02 1.895341e+01 -1.552250e+01
3.851630e-01 8221 5.683824e+02 5.220668e+02 -1.549356e+01 -2.365520e+01
3.951752e-01 8449 5.645386e+02 5.162069e+02 -1.314684e+01 2.927419e+01
4.050872e-01 8931 5.395014e+02 4.910881e+02 -1.847534e+00 -5.025107e+00
4.149904e-01 9289 5.238305e+02 4.745979e+02 -4.812721e+00 -1.536739e+01
4.250484e-01 10113 4.953530e+02 4.466222e+02 5.106513e+00 -1.422693e+01
4.350196e-01 10087 4.920936e+02 4.415034e+02 -1.122791e+01 3.681966e+01
4.449689e-01 10998 4.732329e+02 4.224420e+02 2.742677e+00 -2.955198e+01
4.550136e-01 11233 4.613019e+02 4.096490e+02 -6.069616e+00 -1.969780e+01
4.650240e-01 11991 4.546588e+02 4.016236e+02 -1.753852e+01 -5.093127e+00
4.750600e-01 12241 4.353748e+02 3.825138e+02 -3.538826e+00 -2.968754e+00
4.850824e-01 13033 4.380834e+02 3.827613e+02 -1.465565e+01 3.120446e+01
4.950626e-01 13227 4.203332e+02 3.651843e+02 -1.046875e+01 2.236010e+01
5.050218e-01 13993 4.108877e+02 3.549396e+02 4.762475e+00 -3.752504e+00
5.149626e-01 14301 3.985537e+02 3.422771e+02 6.640265e+00 1.351839e+01
5.249789e-01 15355 3.911663e+02 3.339182e+02 -3.865804e+00 -5.920990e+00
5.350486e-01 15585 3.837705e+02 3.256114e+02 2.220462e+00 7.883136e+00
5.451135e-01 16549 3.719974e+02 3.136423e+02 -1.088070e+01 6.487929e+00
5.551181e-01 16587 3.661694e+02 3.067715e+02 -2.227716e+00 6.690629e+00
5.650424e-01 17461 3.608365e+02 3.003690e+02 3.608043e+00 6.909394e+00
5.750589e-01 18177 3.522844e+02 2.913225e+02 -1.831490e+00 1.408705e+00
5.850828e-01 18739 3.466260e+02 2.847262e+02 -8.797127e-01 5.132214e-01
5.950416e-01 19165 3.320887e+02 2.709338e+02 9.398121e-01 -6.892236e+00
6.049746e-01 20013 3.289992e+02 2.665767e+02 -9.692941e+00 -6.005729e+00
6.149470e-01 20587 3.246500e+02 2.612035e+02 1.744809e+00 9.342521e+00
6.249968e-01 21657 3.195549e+02 2.552608e+02 -9.210876e+00 1.465286e+00
6.350666e-01 22129 3.132071e+02 2.483589e+02 -4.845710e+00 5.637544e+00
6.450498e-01 22611 3.048303e+02 2.399336e+02 2.840801e+00 3.292024e+00
6.549912e-01 23317 3.028284e+02 2.365946e+02 -2.509846e+00 -5.001210e+00
6.649535e-01 24222 2.986473e+02 2.315464e+02 2.952460e+00 1.094994e+01
6.749660e-01 24943 2.914763e+02 2.242379e+02 2.655531e+00 1.474372e+01
6.850252e-01 25921 2.894263e+02 2.209081e+02 9.483513e-01 5.746916e+00
6.950284e-01 26253 2.853182e+02 2.160399e+02 -2.745111e+00 7.447653e-01
7.049900e-01 27139 2.799268e+02 2.102466e+02 7.274238e-01 4.451959e+00
7.150256e-01 28185 2.750173e+02 2.048574e+02 5.890621e+00 6.750438e-01
7.250860e-01 28969 2.716339e+02 2.006557e+02 9.636363e-01 -4.196600e+00
7.350183e-01 28887 2.677278e+02 1.961034e+02 2.739559e+00 4.864128e+00
7.450018e-01 30937 2.637572e+02 1.915497e+02 3.772488e+00 1.286732e+00
7.551045e-01 31341 2.605472e+02 1.875599e+02 -2.939581e+00 4.164185e+00
7.650666e-01 31555 2.546437e+02 1.817034e+02 3.659544e+00 3.249403e+00
7.750154e-01 33025 2.522689e+02 1.784228e+02 1.308467e+00 -7.381631e-01
7.850634e-01 33921 2.493053e+02 1.747262e+02 5.513346e+00 3.261923e+00
7.950596e-01 34285 2.496046e+02 1.733362e+02 1.992398e-01 4.850988e+00
8.050450e-01 35703 2.435144e+02 1.675456e+02 -2.541546e+00 -2.245265e-01
8.150563e-01 36205 2.404175e+02 1.638693e+02 4.633003e-01 -7.229694e+00
8.250795e-01 37485 2.375848e+02 1.603987e+02 -2.728673e+00 -6.907243e-01
8.350885e-01 38047 2.343444e+02 1.566855e+02 -1.375768e+00 6.187315e+00
8.450499e-01 38913 2.296998e+02 1.520947e+02 -5.288709e-01 -1.808419e+00
8.550252e-01 39853 2.276052e+02 1.492285e+02 1.805919e+00 -7.657785e+00
8.650455e-01 41367 2.223968e+02 1.443603e+02 1.899925e+00 8.347306e-01
8.750680e-01 41617 2.227245e+02 1.431177e+02 4.167677e+00 8.713748e-02
8.849916e-01 42430 2.189016e+02 1.392378e+02 -3.414827e+00 2.196293e+00
8.949944e-01 44367 2.145442e+02 1.350599e+02 -1.154402e+00 3.183648e+00
9.050336e-01 44569 2.147702e+02 1.337914e+02 -2.096617e+00 2.593642e+00
9.150411e-01 46089 2.127701e+02 1.311505e+02 -2.024671e+00 -3.410722e-02
9.250625e-01 46819 2.107472e+02 1.285181e+02 2.357061e+00 1.973166e+00
9.350607e-01 47793 2.064014e+02 1.245117e+02 -1.290031e+00 1.070456e+00
9.450463e-01 48697 2.052367e+02 1.224659e+02 3.083786e-01 -2.106316e+00
9.549734e-01 49443 2.039387e+02 1.203659e+02 8.790979e-01 5.609505e+00
9.649510e-01 51097 2.014558e+02 1.175851e+02 3.774762e+00 4.008125e+00
9.750082e-01 52453 1.985823e+02 1.146084e+02 1.593587e+00 1.603649e-02
9.850290e-01 52947 1.960001e+02 1.118340e+02 1.263949e+00 -5.825027e+00
9.950258e-01 54193 1.948416e+02 1.099006e+02 -8.912483e-01 4.328275e-01
