# nc 324
# boxsize 6.000000e+02
# nbar 0.000000e+00
1.483274e-02 13 2.720030e+04 2.719691e+04 -6.765360e+03 1.582345e+03
2.513187e-02 33 1.678874e+04 1.678256e+04 -1.877572e+03 2.069532e+03
3.574650e-02 79 1.107278e+04 1.106496e+04 1.355136e+03 7.796164e+03
4.583347e-02 105 7.838476e+03 7.829084e+03 -1.919135e+03 3.734194e+03
5.486964e-02 145 7.688389e+03 7.675208e+03 4.327409e+03 5.730969e+03
6.471857e-02 243 6.817978e+03 6.801833e+03 2.748137e+02 -1.413152e+03
7.503996e-02 313 5.280619e+03 5.263625e+03 7.774426e+02 1.076872e+03
8.485495e-02 369 5.139005e+03 5.117776e+03 -1.234077e+03 9.480964e+02
9.528688e-02 571 3.851677e+03 3.831861e+03 3.100814e+02 2.362193e+02
1.059290e-01 601 3.226299e+03 3.205678e+03 1.205370e+02 4.178227e+02
1.156806e-01 705 3.078443e+03 3.054967e+03 3.270715e+01 3.964332e+02
1.255756e-01 883 2.951531e+03 2.925124e+03 2.096925e+02 -4.269363e+02
1.352378e-01 909 2.545629e+03 2.519134e+03 -7.839636e+01 1.385784e+02
1.449493e-01 1177 2.247289e+03 2.220474e+03 2.980618e+02 2.289040e+02
1.550659e-01 1323 1.934851e+03 1.908475e+03 -1.533492e+01 -1.840416e+02
1.649601e-01 1453 1.810195e+03 1.782259e+03 7.495378e+01 1.229641e+02
1.749597e-01 1701 1.702979e+03 1.673404e+03 1.227833e-01 -1.043417e+02
1.852437e-01 1963 1.586214e+03 1.555389e+03 3.486068e+01 -4.549453e+00
1.951071e-01 1933 1.451088e+03 1.419872e+03 1.228601e+01 8.285448e+01
2.049888e-01 2397 1.327141e+03 1.295608e+03 9.423480e+00 -1.160136e+02
2.151844e-01 2539 1.212796e+03 1.181128e+03 -1.055557e+01 -1.012343e+02
2.250745e-01 2694 1.132149e+03 1.099830e+03 6.657358e+01 7.431292e+00
2.350927e-01 3121 1.065194e+03 1.032083e+03 -2.917041e+01 -1.104306e+02
2.451974e-01 3255 1.027570e+03 9.928127e+02 5.595793e+01 -1.888832e+01
2.550872e-01 3517 9.558555e+02 9.209393e+02 1.743087e+01 8.500768e+01
2.649947e-01 3813 9.316287e+02 8.949325e+02 2.688938e+01 -6.453574e+01
2.750606e-01 4231 8.692706e+02 8.324278e+02 -1.937902e+01 -4.330185e+00
2.851157e-01 4389 8.088116e+02 7.720302e+02 3.997765e+01 -1.727209e+01
2.950080e-01 4717 7.982605e+02 7.594885e+02 1.859436e+01 -7.299451e+01
3.050474e-01 5191 7.619123e+02 7.223871e+02 2.033051e+01 -3.551213e+01
3.151078e-01 5373 7.284167e+02 6.881647e+02 1.252701e+01 1.115391e+01
3.251295e-01 5893 7.099981e+02 6.683105e+02 1.902331e+00 -2.467615e+01
3.352591e-01 6183 6.603373e+02 6.191885e+02 -3.074492e+01 -5.985079e+01
3.451640e-01 6349 6.354553e+02 5.935438e+02 4.573438e+01 8.189578e-01
3.550965e-01 6993 6.167578e+02 5.737807e+02 2.026224e+01 -2.459853e+01
3.649687e-01 7003 6.078357e+02 5.631879e+02 -2.074837e+01 8.949122e+00
3.749450e-01 7941 5.787094e+02 5.339256e+02 7.680512e+00 2.336817e+01
3.851630e-01 8221 5.537230e+02 5.086047e+02 6.516603e+00 -3.551115e+01
3.951752e-01 8449 5.300609e+02 4.846836e+02 -8.477735e+00 -4.137619e-01
4.050872e-01 8931 5.196231e+02 4.729837e+02 6.156982e+00 -1.534825e+01
4.149904e-01 9289 5.128256e+02 4.646215e+02 1.704096e+01 -4.125624e+01
4.250484e-01 10113 4.868683e+02 4.389694e+02 2.360262e+01 9.134240e+00
4.350196e-01 10087 4.764086e+02 4.274200e+02 -1.039351e+01 2.257804e+01
4.449689e-01 10998 4.583068e+02 4.091247e+02 9.878250e+00 1.011775e+00
4.550136e-01 11233 4.545461e+02 4.036552e+02 -6.883163e+00 5.393658e+00
4.650240e-01 11991 4.339803e+02 3.833650e+02 9.326290e+00 4.618458e+00
4.750600e-01 12241 4.306320e+02 3.783343e+02 1.729315e+01 -3.873770e-01
4.850824e-01 13033 4.155719e+02 3.630855e+02 4.874112e+00 -6.964326e-01
4.950626e-01 13227 3.999407e+02 3.474718e+02 -9.032872e+00 -9.261367e+00
5.050218e-01 13993 3.950251e+02 3.412305e+02 8.383739e+00 1.458879e+00
5.149626e-01 14301 3.895821e+02 3.345717e+02 -6.438716e+00 1.832133e+01
5.249789e-01 15355 3.718746e+02 3.174463e+02 8.111837e+00 -9.960140e+00
5.350486e-01 15585 3.717393e+02 3.153884e+02 8.268702e+00 1.682218e+01
5.451135e-01 16549 3.634245e+02 3.064163e+02 3.016911e-01 -3.564010e+00
5.551181e-01 16587 3.555345e+02 2.978553e+02 -1.108036e+01 -5.422504e+00
5.650424e-01 17461 3.435097e+02 2.859411e+02 -1.053059e-01 -1.033344e+00
5.750589e-01 18177 3.414909e+02 2.823997e+02 -9.129000e-01 1.444081e+01
5.850828e-01 18739 3.297659e+02 2.708782e+02 -2.563158e-01 -7.260006e-01
5.950416e-01 19165 3.275643e+02 2.672513e+02 2.988420e+00 -9.680174e+00
6.049746e-01 20013 3.208920e+02 2.600047e+02 7.412355e+00 1.688120e+00
6.149470e-01 20587 3.180054e+02 2.558590e+02 -1.299987e+00 5.229218e+00
6.249968e-01 21657 3.088484e+02 2.467175e+02 6.881756e+00 -5.133666e+00
6.350666e-01 22129 3.016581e+02 2.392039e+02 5.023356e+00 -5.704394e+00
6.450498e-01 22611 2.990998e+02 2.354326e+02 7.839003e+00 -7.647056e+00
6.549912e-01 23317 2.944752e+02 2.300617e+02 4.127368e+00 -4.948945e+00
6.649535e-01 24222 2.891893e+02 2.242147e+02 -2.492720e+00 1.147254e+01
6.749660e-01 24943 2.825976e+02 2.174158e+02 7.788249e+00 4.915085e+00
6.850252e-01 25921 2.810791e+02 2.145417e+02 5.872495e-02 -2.953695e+00
6.950284e-01 26253 2.710036e+02 2.051995e+02 4.037464e+00 8.983735e-01
7.049900e-01 27139 2.708203e+02 2.034114e+02 5.891090e+00 -1.515293e+00
7.150256e-01 28185 2.682246e+02 1.998002e+02 7.497314e+00 2.267759e+00
7.250860e-01 28969 2.646851e+02 1.955201e+02 -4.654660e+00 -1.481845e+00
7.350183e-01 28887 2.595089e+02 1.900900e+02 2.216452e+00 2.312575e+00
7.450018e-01 30937 2.554743e+02 1.855361e+02 3.724909e-01 -4.937215e+00
7.551045e-01 31341 2.512611e+02 1.808794e+02 5.660325e+00 -5.559523e+00
7.650666e-01 31555 2.478946e+02 1.768972e+02 4.721702e+00 -2.976602e+00
7.750154e-01 33025 2.445458e+02 1.729604e+02 1.380079e+00 -1.008704e+01
7.850634e-01 33921 2.409303e+02 1.688586e+02 9.083364e+00 2.564722e+00
7.950596e-01 34285 2.390977e+02 1.660433e+02 6.569925e+00 8.455838e-02
8.050450e-01 35703 2.360661e+02 1.624240e+02 2.071307e+00 -9.330221e-01
8.150563e-01 36205 2.327575e+02 1.586483e+02 1.024309e+00 -7.861827e+00
8.250795e-01 37485 2.298522e+02 1.551737e+02 3.757831e+00 -1.163832e+00
8.350885e-01 38047 2.247514e+02 1.502703e+02 1.576712e+00 7.086035e-01
8.450499e-01 38913 2.246085e+02 1.487271e+02 6.221238e-01 -2.039342e-01
8.550252e-01 39853 2.187596e+02 1.434270e+02 7.245196e-01 9.336739e+00
8.650455e-01 41367 2.162551e+02 1.403779e+02 4.747337e+00 -1.389823e+00
8.750680e-01 41617 2.149436e+02 1.381167e+02 8.846602e-01 -3.425798e+00
8.849916e-01 42430 2.117668e+02 1.347012e+02 3.969867e+00 -3.772859e+00
8.949944e-01 44367 2.107059e+02 1.326465e+02 -2.294984e-01 -3.694382e+00
9.050336e-01 44569 2.089183e+02 1.301428e+02 3.178638e+00 3.259633e+00
9.150411e-01 46089 2.062441e+02 1.271320e+02 2.853207e+00 -5.272530e+00
9.250625e-01 46819 2.029014e+02 1.237352e+02 7.386822e-01 -4.078184e+00
9.350607e-01 47793 2.000650e+02 1.206912e+02 3.680276e+00 4.267702e+00
9.450463e-01 48697 1.998092e+02 1.192278e+02 2.292575e+00 -1.444451e+00
9.549734e-01 49443 1.968025e+02 1.161561e+02 -2.740676e-01 -2.032736e+00
9.649510e-01 51097 1.958265e+02 1.143040e+02 -3.121675e-01 -3.727572e+00
9.750082e-01 52453 1.931328e+02 1.114584e+02 1.468027e+00 1.544257e+00
9.850290e-01 52947 1.904969e+02 1.086911e+02 1.807696e+00 -3.340015e+00
9.950258e-01 54193 1.894470e+02 1.068560e+02 -2.187542e-01 1.088558e-01
