# nc 324
# boxsize 6.000000e+02
# nbar 0.000000e+00
1.483274e-02 13 1.216237e+04 1.216087e+04 -2.117749e+03 -6.806776e+03
2.513187e-02 33 1.455426e+04 1.454898e+04 -4.493225e+02 7.210706e+02
3.574650e-02 79 1.003813e+04 1.003100e+04 2.543746e+03 8.012081e+02
4.583347e-02 105 9.400436e+03 9.388986e+03 -5.640582e+02 -2.104517e+03
5.486964e-02 145 7.708165e+03 7.695001e+03 -1.497542e+03 1.574711e+03
6.471857e-02 243 7.165971e+03 7.148707e+03 -7.584180e+02 -4.069440e+03
7.503996e-02 313 6.246040e+03 6.226027e+03 5.819592e+02 3.651848e+02
8.485495e-02 369 4.702225e+03 4.683015e+03 -1.669934e+02 5.801684e+02
9.528688e-02 571 3.953287e+03 3.932857e+03 -5.864092e+02 -5.013726e+02
1.059290e-01 601 3.436465e+03 3.414484e+03 3.214182e+02 -4.873115e+02
1.156806e-01 705 3.170340e+03 3.146191e+03 2.379016e+02 -9.259616e+01
1.255756e-01 883 2.623786e+03 2.600275e+03 5.409908e+01 -6.647727e+02
1.352378e-01 909 2.450506e+03 2.425083e+03 -2.273732e+02 2.869314e+02
1.449493e-01 1177 2.243305e+03 2.216559e+03 2.689696e+02 -1.672675e+02
1.550659e-01 1323 1.895255e+03 1.869442e+03 2.634516e+01 -1.526052e+02
1.649601e-01 1453 1.807926e+03 1.780046e+03 -2.221964e+01 9.576486e+01
1.749597e-01 1701 1.725307e+03 1.695439e+03 -4.683584e+01 -7.374052e+01
1.852437e-01 1963 1.528983e+03 1.499285e+03 1.131206e+01 -1.556727e+02
1.951071e-01 1933 1.388271e+03 1.358372e+03 7.144634e+01 -2.408110e+01
2.049888e-01 2397 1.330645e+03 1.299088e+03 -2.398453e+01 -2.027350e+02
2.151844e-01 2539 1.228775e+03 1.196657e+03 -4.435892e+01 -1.343874e+02
2.250745e-01 2694 1.168114e+03 1.134775e+03 8.978549e+00 1.444751e+01
2.350927e-01 3121 1.071729e+03 1.038376e+03 5.194579e+01 -7.745860e+01
2.451974e-01 3255 1.017094e+03 9.827055e+02 -4.205387e+01 -1.647204e+01
2.550872e-01 3517 9.697993e+02 9.343491e+02 8.891163e+01 7.258936e+00
2.649947e-01 3813 8.959466e+02 8.606652e+02 1.692242e+01 1.982373e+00
2.750606e-01 4231 8.560300e+02 8.197497e+02 -3.478682e+00 1.183197e+01
2.851157e-01 4389 8.118503e+02 7.749581e+02 -1.854083e+01 -3.574518e+01
2.950080e-01 4717 8.120355e+02 7.725830e+02 -5.110504e+00 -8.550985e+01
3.050474e-01 5191 7.290309e+02 6.912097e+02 4.061594e+01 -1.053450e+01
3.151078e-01 5373 7.228577e+02 6.829335e+02 -1.444696e+01 -1.266535e+01
3.251295e-01 5893 6.775182e+02 6.377250e+02 -5.400020e+01 2.124373e+00
3.352591e-01 6183 6.502010e+02 6.096759e+02 2.541925e+01 -2.289032e+00
3.451640e-01 6349 6.370594e+02 5.950540e+02 2.279783e+01 2.354862e+01
3.550965e-01 6993 5.998480e+02 5.580613e+02 2.559066e+01 -2.562857e+01
3.649687e-01 7003 5.831774e+02 5.403381e+02 3.810352e+01 1.323038e+01
3.749450e-01 7941 5.666152e+02 5.227766e+02 6.667839e+00 -7.369948e+00
3.851630e-01 8221 5.352954e+02 4.916724e+02 2.005908e+01 3.654362e+00
3.951752e-01 8449 5.314254e+02 4.859415e+02 -1.379533e+01 4.272774e+01
4.050872e-01 8931 5.135178e+02 4.674331e+02 -2.602274e-01 -2.261934e+01
4.149904e-01 9289 4.999953e+02 4.530078e+02 9.034861e+00 1.550365e+01
4.250484e-01 10113 4.833515e+02 4.358014e+02 1.132788e+01 1.184335e+01
4.350196e-01 10087 4.698780e+02 4.215671e+02 -1.759327e+00 -6.586193e-01
4.449689e-01 10998 4.502286e+02 4.019061e+02 5.966410e+00 1.264325e+01
4.550136e-01 11233 4.374777e+02 3.884951e+02 -3.732344e+00 2.423422e+00
4.650240e-01 11991 4.346071e+02 3.839188e+02 -5.861300e+00 2.986387e+00
4.750600e-01 12241 4.129449e+02 3.628024e+02 -7.675226e+00 2.367503e-01
4.850824e-01 13033 4.011768e+02 3.505129e+02 8.841744e+00 2.155447e+01
4.950626e-01 13227 3.895289e+02 3.384280e+02 2.045611e+00 5.590517e+00
5.050218e-01 13993 3.801508e+02 3.283927e+02 -7.721272e+00 -1.398736e+01
5.149626e-01 14301 3.835299e+02 3.293846e+02 -5.526778e-01 -1.575822e+00
5.249789e-01 15355 3.675898e+02 3.137933e+02 -7.480095e+00 -4.848421e+00
5.350486e-01 15585 3.593899e+02 3.049155e+02 -2.270016e+00 4.526391e+00
5.451135e-01 16549 3.526942e+02 2.973630e+02 -2.753936e+00 5.130522e+00
5.551181e-01 16587 3.498057e+02 2.930609e+02 4.907773e+00 9.497973e+00
5.650424e-01 17461 3.417939e+02 2.845174e+02 8.229742e+00 1.432994e+00
5.750589e-01 18177 3.324013e+02 2.748783e+02 6.860193e+00 6.531303e+00
5.850828e-01 18739 3.262233e+02 2.679722e+02 -7.356939e+00 2.083815e+00
5.950416e-01 19165 3.176574e+02 2.591610e+02 3.735380e+00 8.338518e+00
6.049746e-01 20013 3.177660e+02 2.574846e+02 -6.179598e-01 -3.366042e+00
6.149470e-01 20587 3.087492e+02 2.484133e+02 -3.104149e+00 7.037918e+00
6.249968e-01 21657 3.058217e+02 2.442869e+02 -8.561574e+00 5.556984e+00
6.350666e-01 22129 2.998671e+02 2.377874e+02 2.275004e+00 7.900938e+00
6.450498e-01 22611 2.934923e+02 2.310161e+02 3.768131e+00 1.853254e+00
6.549912e-01 23317 2.889429e+02 2.257408e+02 2.685925e+00 5.682860e+00
6.649535e-01 24222 2.835203e+02 2.198181e+02 2.019250e+00 5.978749e+00
6.749660e-01 24943 2.777733e+02 2.137013e+02 -3.102491e+00 7.460493e+00
6.850252e-01 25921 2.737836e+02 2.089737e+02 -2.233862e-01 8.927597e+00
6.950284e-01 26253 2.704549e+02 2.047911e+02 -3.291459e+00 3.023266e+00
7.049900e-01 27139 2.679644e+02 2.012673e+02 -4.900798e+00 -3.260108e-01
7.150256e-01 28185 2.596123e+02 1.933930e+02 -3.988837e+00 2.756391e+00
7.250860e-01 28969 2.572953e+02 1.900627e+02 1.245534e+00 3.302819e+00
7.350183e-01 28887 2.556494e+02 1.872619e+02 5.790565e+00 7.795603e+00
7.450018e-01 30937 2.516598e+02 1.827624e+02 1.173787e+00 4.671946e+00
7.551045e-01 31341 2.466261e+02 1.775476e+02 -1.134675e+00 1.084144e+01
7.650666e-01 31555 2.425458e+02 1.730793e+02 -1.450910e+00 1.128850e+01
7.750154e-01 33025 2.401998e+02 1.698793e+02 -1.475846e+00 1.260086e+01
7.850634e-01 33921 2.379530e+02 1.667669e+02 -3.970516e+00 1.593359e+01
7.950596e-01 34285 2.334835e+02 1.621430e+02 8.100610e-01 7.526871e+00
8.050450e-01 35703 2.297686e+02 1.580892e+02 1.724178e+00 7.510421e+00
8.150563e-01 36205 2.267380e+02 1.545463e+02 1.107302e+00 5.497840e+00
8.250795e-01 37485 2.239054e+02 1.511627e+02 -2.347901e-02 4.894899e+00
8.350885e-01 38047 2.210385e+02 1.477887e+02 -2.423128e+00 3.455831e+00
8.450499e-01 38913 2.183701e+02 1.445966e+02 3.073590e+00 -3.979387e-01
8.550252e-01 39853 2.177621e+02 1.427740e+02 1.498587e+00 1.488556e-01
8.650455e-01 41367 2.127148e+02 1.380735e+02 1.068288e+00 5.722580e+00
8.750680e-01 41617 2.110328e+02 1.356015e+02 -2.906375e-01 5.408706e+00
8.849916e-01 42430 2.079349e+02 1.322612e+02 6.492442e-01 6.474298e+00
8.949944e-01 44367 2.061018e+02 1.297484e+02 -7.082717e-01 9.686589e+00
9.050336e-01 44569 2.031383e+02 1.265452e+02 1.216493e+00 6.707766e+00
9.150411e-01 46089 2.047253e+02 1.261878e+02 -2.148982e+00 1.081974e+01
9.250625e-01 46819 1.988351e+02 1.212539e+02 -1.363834e+00 3.398928e+00
9.350607e-01 47793 1.972642e+02 1.189991e+02 1.386406e+00 5.027367e+00
9.450463e-01 48697 1.949360e+02 1.163211e+02 -3.530252e+00 1.632911e-01
9.549734e-01 49443 1.945727e+02 1.148399e+02 5.337745e-01 5.587332e+00
9.649510e-01 51097 1.925365e+02 1.123749e+02 -1.749878e+00 1.159590e+01
9.750082e-01 52453 1.893723e+02 1.092890e+02 -2.311281e+00 4.816416e+00
9.850290e-01 52947 1.877780e+02 1.071416e+02 2.176256e+00 4.581375e+00
9.950258e-01 54193 1.848767e+02 1.042790e+02 -1.887679e+00 9.145326e+00
