# text fof file
# logMmin 1.200000e+01 -> nfof_min 133
# boxsize 600.000000
# density total 7.932240e+05 7.932240e+05; rel difference 1.757478e-12
# nbar 3.672333e-03
1.483274e-02 13 3.045131e+04 3.071976e+04 -1.203946e+04 -8.038231e+03
2.513187e-02 33 2.483638e+04 2.510018e+04 2.079659e+04 4.158596e+04
3.574650e-02 79 1.723899e+04 1.749881e+04 6.317739e+03 -3.217463e+03
4.583347e-02 105 1.350432e+04 1.376012e+04 -1.656992e+03 9.276908e+02
5.486964e-02 145 1.062051e+04 1.087402e+04 -3.954686e+02 -6.702371e+02
6.471857e-02 243 9.412243e+03 9.661516e+03 -4.197018e+02 -2.976067e+03
7.503996e-02 313 7.865897e+03 8.111997e+03 -2.292927e+02 1.831405e+03
8.485495e-02 369 6.275277e+03 6.520784e+03 5.386940e+02 -1.055864e+02
9.528688e-02 571 5.226754e+03 5.470669e+03 -3.853735e+02 3.860506e+02
1.059290e-01 601 4.608881e+03 4.849962e+03 -8.970789e+02 -5.594501e+02
1.156806e-01 705 4.169434e+03 4.407916e+03 3.663641e+02 4.040495e+02
1.255756e-01 883 3.960211e+03 4.194654e+03 3.088822e+02 -4.130935e+02
1.352378e-01 909 3.381106e+03 3.615458e+03 2.248813e+02 -2.073187e+01
1.449493e-01 1177 2.926158e+03 3.160389e+03 -2.572188e+02 -1.189389e+02
1.550659e-01 1323 2.456517e+03 2.691641e+03 3.423598e+01 -3.022911e+02
1.649601e-01 1453 2.402512e+03 2.633512e+03 -2.707768e+02 1.488207e+02
1.749597e-01 1701 2.174925e+03 2.404750e+03 -1.773056e+02 -2.400617e+02
1.852437e-01 1963 1.990593e+03 2.218977e+03 -8.540731e+01 -5.346097e+00
1.951071e-01 1933 1.814510e+03 2.041878e+03 -6.425076e+01 2.963976e+02
2.049888e-01 2397 1.735962e+03 1.960587e+03 5.925523e+00 -7.956892e+01
2.151844e-01 2539 1.575318e+03 1.799362e+03 4.740240e+01 8.756708e+01
2.250745e-01 2694 1.458902e+03 1.681790e+03 -1.215733e+02 4.170833e+01
2.350927e-01 3121 1.358646e+03 1.580243e+03 -2.818197e+01 1.163353e+02
2.451974e-01 3255 1.227236e+03 1.448842e+03 2.697494e+01 5.657322e+01
2.550872e-01 3517 1.188286e+03 1.407218e+03 -1.194316e+01 1.128476e+02
2.649947e-01 3813 1.166975e+03 1.382618e+03 -8.480759e+01 -8.762431e+01
2.750606e-01 4231 1.029431e+03 1.246611e+03 1.057222e+02 1.373891e+02
2.851157e-01 4389 1.001418e+03 1.215860e+03 3.386650e+01 1.081897e+02
2.950080e-01 4717 9.414094e+02 1.154752e+03 -7.029783e+01 -2.053059e+01
3.050474e-01 5191 8.678097e+02 1.081007e+03 1.959754e+01 1.565650e+01
3.151078e-01 5373 8.343791e+02 1.045560e+03 5.138299e+01 7.465260e+01
3.251295e-01 5893 7.841482e+02 9.944409e+02 1.559692e+01 -6.022520e+01
3.352591e-01 6183 7.635197e+02 9.713072e+02 -4.574000e+01 -4.957796e+01
3.451640e-01 6349 7.194529e+02 9.263781e+02 -4.954458e+00 1.951122e+01
3.550965e-01 6993 6.941829e+02 8.991887e+02 -1.249072e+00 1.883252e+01
3.649687e-01 7003 6.516220e+02 8.561266e+02 6.404988e+00 1.056466e+00
3.749450e-01 7941 6.218760e+02 8.250285e+02 -2.832349e+01 -4.822459e+01
3.851630e-01 8221 6.029396e+02 8.039633e+02 3.851266e+01 1.899690e+00
3.951752e-01 8449 5.723867e+02 7.724666e+02 -1.922636e+01 1.870583e+01
4.050872e-01 8931 5.368687e+02 7.366245e+02 -1.796493e+01 7.878021e-01
4.149904e-01 9289 5.244506e+02 7.219474e+02 2.685863e+01 4.444261e+01
4.250484e-01 10113 4.842489e+02 6.822216e+02 7.171576e+00 -1.697240e+00
4.350196e-01 10087 4.781601e+02 6.734078e+02 -9.754881e+00 -1.113023e+01
4.449689e-01 10998 4.574527e+02 6.515505e+02 2.188194e+01 4.167016e+00
4.550136e-01 11233 4.420195e+02 6.344594e+02 3.660010e+01 7.648154e+00
4.650240e-01 11991 4.239089e+02 6.151146e+02 -1.360875e+01 6.777180e+00
4.750600e-01 12241 4.221855e+02 6.102843e+02 -5.226681e+00 5.240032e+00
4.850824e-01 13033 3.961921e+02 5.842231e+02 -2.990201e+00 1.067463e+01
4.950626e-01 13227 3.860098e+02 5.721030e+02 -2.447467e+00 -1.494149e+01
5.050218e-01 13993 3.868354e+02 5.695399e+02 -8.089135e+00 1.781967e+01
5.149626e-01 14301 3.670162e+02 5.492232e+02 -4.447052e+00 2.695409e+01
5.249789e-01 15355 3.341971e+02 5.179362e+02 1.294670e+01 -2.769174e+01
5.350486e-01 15585 3.387043e+02 5.185900e+02 -8.610573e+00 -1.141908e+01
5.451135e-01 16549 3.228577e+02 5.020092e+02 -2.830050e+00 -5.839162e+00
5.551181e-01 16587 3.153560e+02 4.925817e+02 -1.202363e+01 6.241399e+00
5.650424e-01 17461 2.998920e+02 4.765651e+02 -1.860044e+01 -1.245646e+01
5.750589e-01 18177 2.907725e+02 4.659096e+02 8.080727e+00 -1.917476e+01
5.850828e-01 18739 2.755683e+02 4.503303e+02 1.575390e+01 7.386490e+00
5.950416e-01 19165 2.730489e+02 4.452432e+02 -5.251659e-01 6.969347e+00
6.049746e-01 20013 2.683629e+02 4.384210e+02 -8.442024e+00 -2.394189e+00
6.149470e-01 20587 2.670502e+02 4.343273e+02 -3.087852e+00 -2.977305e+01
6.249968e-01 21657 2.496320e+02 4.172983e+02 8.270113e+00 -1.593074e-01
6.350666e-01 22129 2.421900e+02 4.083860e+02 2.702128e+00 3.110214e+00
6.450498e-01 22611 2.306258e+02 3.962919e+02 7.660996e+00 6.820776e+00
6.549912e-01 23317 2.272948e+02 3.907727e+02 5.702212e+00 1.224591e+01
6.649535e-01 24222 2.215466e+02 3.833773e+02 1.432381e+01 2.073750e+01
6.749660e-01 24943 2.182459e+02 3.779066e+02 2.097660e+01 -7.743564e+00
6.850252e-01 25921 2.093432e+02 3.681611e+02 5.930341e+00 9.065878e+00
6.950284e-01 26253 2.063641e+02 3.630068e+02 -4.321175e-01 3.658702e+00
7.049900e-01 27139 1.988735e+02 3.544935e+02 6.700683e+00 7.777507e+00
7.150256e-01 28185 1.874663e+02 3.431142e+02 -1.053958e+01 -1.059107e+01
7.250860e-01 28969 1.910726e+02 3.429438e+02 2.114602e+00 1.199001e+01
7.350183e-01 28887 1.805615e+02 3.324205e+02 2.177669e+00 -1.711230e+01
7.450018e-01 30937 1.794541e+02 3.288149e+02 -2.182382e+00 2.281822e+00
7.551045e-01 31341 1.759187e+02 3.234412e+02 4.779187e+00 -1.418985e+01
7.650666e-01 31555 1.707066e+02 3.169359e+02 3.084146e+00 3.484442e+00
7.750154e-01 33025 1.704483e+02 3.139934e+02 1.196794e+01 2.519539e+00
7.850634e-01 33921 1.603631e+02 3.041277e+02 -2.105461e+00 1.300089e+01
7.950596e-01 34285 1.599861e+02 3.011363e+02 -3.027072e+00 5.709620e+00
8.050450e-01 35703 1.538535e+02 2.941900e+02 4.094988e+00 2.119549e+00
8.150563e-01 36205 1.466341e+02 2.865625e+02 2.198779e+00 1.052926e+00
8.250795e-01 37485 1.500706e+02 2.862146e+02 1.987789e+00 8.201191e+00
8.350885e-01 38047 1.387939e+02 2.759864e+02 -3.735938e+00 -8.687796e+00
8.450499e-01 38913 1.378961e+02 2.727719e+02 5.645136e+00 4.517717e+00
8.550252e-01 39853 1.347674e+02 2.681057e+02 1.078555e+00 1.359445e+01
8.650455e-01 41367 1.354592e+02 2.659494e+02 -3.650496e+00 1.685719e+00
8.750680e-01 41617 1.297571e+02 2.596636e+02 1.672966e+00 -5.010615e+00
8.849916e-01 42430 1.286411e+02 2.564022e+02 2.579673e+00 -9.392179e-02
8.949944e-01 44367 1.240142e+02 2.509212e+02 2.131063e+00 -1.644204e+00
9.050336e-01 44569 1.205275e+02 2.461926e+02 3.645044e+00 3.502348e+00
9.150411e-01 46089 1.199225e+02 2.433088e+02 -1.575520e+00 1.895699e+00
9.250625e-01 46819 1.154726e+02 2.380722e+02 3.497919e+00 1.803344e-01
9.350607e-01 47793 1.131227e+02 2.341699e+02 -2.917059e+00 6.569905e+00
9.450463e-01 48697 1.066894e+02 2.278702e+02 7.564119e-02 -1.175734e+00
9.549734e-01 49443 1.070839e+02 2.257088e+02 1.704162e+00 4.219671e+00
9.649510e-01 51097 1.034323e+02 2.211605e+02 -6.346767e+00 1.754646e+00
9.750082e-01 52453 1.014958e+02 2.176425e+02 1.284460e-01 -3.839873e+00
9.850290e-01 52947 9.912883e+01 2.139098e+02 -5.454523e+00 -2.849157e+00
9.950258e-01 54193 9.614945e+01 2.098867e+02 -1.321199e+00 1.226162e+01
