# sigma2_v 7.284333026472233e+00
0.000000e+00 1.000000e+00
1.000000e-02 9.996359e-01
2.000000e-02 9.985442e-01
3.000000e-02 9.967276e-01
4.000000e-02 9.941899e-01
5.000000e-02 9.909370e-01
6.000000e-02 9.869760e-01
7.000000e-02 9.823159e-01
8.000000e-02 9.769668e-01
9.000000e-02 9.709406e-01
1.000000e-01 9.642507e-01
1.100000e-01 9.569115e-01
1.200000e-01 9.489392e-01
1.300000e-01 9.403510e-01
1.400000e-01 9.311653e-01
1.500000e-01 9.214019e-01
1.600000e-01 9.110813e-01
1.700000e-01 9.002253e-01
1.800000e-01 8.888565e-01
1.900000e-01 8.769983e-01
2.000000e-01 8.646751e-01
2.100000e-01 8.519117e-01
2.200000e-01 8.387336e-01
2.300000e-01 8.251668e-01
2.400000e-01 8.112378e-01
2.500000e-01 7.969734e-01
2.600000e-01 7.824005e-01
2.700000e-01 7.675463e-01
2.800000e-01 7.524383e-01
2.900000e-01 7.371035e-01
3.000000e-01 7.215692e-01
3.100000e-01 7.058624e-01
3.200000e-01 6.900099e-01
3.300000e-01 6.740382e-01
3.400000e-01 6.579735e-01
3.500000e-01 6.418412e-01
3.600000e-01 6.256666e-01
3.700000e-01 6.094743e-01
3.800000e-01 5.932881e-01
3.900000e-01 5.771314e-01
4.000000e-01 5.610265e-01
4.100000e-01 5.449953e-01
4.200000e-01 5.290587e-01
4.300000e-01 5.132367e-01
4.400000e-01 4.975484e-01
4.500000e-01 4.820123e-01
4.600000e-01 4.666455e-01
4.700000e-01 4.514645e-01
4.800000e-01 4.364846e-01
4.900000e-01 4.217203e-01
5.000000e-01 4.071850e-01
5.100000e-01 3.928910e-01
5.200000e-01 3.788499e-01
5.300000e-01 3.650721e-01
5.400000e-01 3.515671e-01
5.500000e-01 3.383434e-01
5.600000e-01 3.254085e-01
5.700000e-01 3.127690e-01
5.800000e-01 3.004307e-01
5.900000e-01 2.883982e-01
6.000000e-01 2.766757e-01
6.100000e-01 2.652661e-01
6.200000e-01 2.541718e-01
6.300000e-01 2.433942e-01
6.400000e-01 2.329340e-01
6.500000e-01 2.227913e-01
6.600000e-01 2.129654e-01
6.700000e-01 2.034549e-01
6.800000e-01 1.942580e-01
6.900000e-01 1.853721e-01
7.000000e-01 1.767942e-01
7.100000e-01 1.685207e-01
7.200000e-01 1.605476e-01
7.300000e-01 1.528703e-01
7.400000e-01 1.454841e-01
7.500000e-01 1.383836e-01
7.600000e-01 1.315635e-01
7.700000e-01 1.250177e-01
7.800000e-01 1.187402e-01
7.900000e-01 1.127248e-01
8.000000e-01 1.069647e-01
8.100000e-01 1.014535e-01
8.200000e-01 9.618412e-02
8.300000e-01 9.114981e-02
8.400000e-01 8.634349e-02
8.500000e-01 8.175812e-02
8.600000e-01 7.738658e-02
8.700000e-01 7.322178e-02
8.800000e-01 6.925663e-02
8.900000e-01 6.548407e-02
9.000000e-01 6.189710e-02
9.100000e-01 5.848877e-02
9.200000e-01 5.525225e-02
9.300000e-01 5.218076e-02
9.400000e-01 4.926768e-02
9.500000e-01 4.650648e-02
9.600000e-01 4.389077e-02
9.700000e-01 4.141432e-02
9.800000e-01 3.907103e-02
9.900000e-01 3.685497e-02
1.000000e+00 3.476035e-02
1.010000e+00 3.278158e-02
1.020000e+00 3.091323e-02
1.030000e+00 2.915002e-02
1.040000e+00 2.748688e-02
1.050000e+00 2.591889e-02
1.060000e+00 2.444132e-02
1.070000e+00 2.304961e-02
1.080000e+00 2.173937e-02
1.090000e+00 2.050641e-02
1.100000e+00 1.934666e-02
1.110000e+00 1.825628e-02
1.120000e+00 1.723153e-02
1.130000e+00 1.626889e-02
1.140000e+00 1.536495e-02
1.150000e+00 1.451648e-02
1.160000e+00 1.372039e-02
1.170000e+00 1.297374e-02
1.180000e+00 1.227373e-02
1.190000e+00 1.161768e-02
1.200000e+00 1.100306e-02
1.210000e+00 1.042745e-02
1.220000e+00 9.888557e-03
1.230000e+00 9.384213e-03
1.240000e+00 8.912349e-03
1.250000e+00 8.471007e-03
1.260000e+00 8.058332e-03
1.270000e+00 7.672567e-03
1.280000e+00 7.312048e-03
1.290000e+00 6.975203e-03
1.300000e+00 6.660543e-03
1.310000e+00 6.366661e-03
1.320000e+00 6.092232e-03
1.330000e+00 5.836002e-03
1.340000e+00 5.596790e-03
1.350000e+00 5.373482e-03
1.360000e+00 5.165031e-03
1.370000e+00 4.970450e-03
1.380000e+00 4.788812e-03
1.390000e+00 4.619248e-03
1.400000e+00 4.460940e-03
1.410000e+00 4.313123e-03
1.420000e+00 4.175082e-03
1.430000e+00 4.046146e-03
1.440000e+00 3.925692e-03
1.450000e+00 3.813136e-03
1.460000e+00 3.707936e-03
1.470000e+00 3.609587e-03
1.480000e+00 3.517622e-03
1.490000e+00 3.431608e-03
1.500000e+00 3.351143e-03
1.510000e+00 3.275858e-03
1.520000e+00 3.205410e-03
1.530000e+00 3.139487e-03
1.540000e+00 3.077799e-03
1.550000e+00 3.020084e-03
1.560000e+00 2.966098e-03
1.570000e+00 2.915620e-03
1.580000e+00 2.868450e-03
1.590000e+00 2.824404e-03
1.600000e+00 2.783313e-03
1.610000e+00 2.745027e-03
1.620000e+00 2.709406e-03
1.630000e+00 2.676325e-03
1.640000e+00 2.645668e-03
1.650000e+00 2.617332e-03
1.660000e+00 2.591221e-03
1.670000e+00 2.567246e-03
1.680000e+00 2.545329e-03
1.690000e+00 2.525393e-03
1.700000e+00 2.507370e-03
1.710000e+00 2.491194e-03
1.720000e+00 2.476804e-03
1.730000e+00 2.464142e-03
1.740000e+00 2.453152e-03
1.750000e+00 2.443779e-03
1.760000e+00 2.435970e-03
1.770000e+00 2.429675e-03
1.780000e+00 2.424842e-03
1.790000e+00 2.421420e-03
1.800000e+00 2.419358e-03
1.810000e+00 2.418606e-03
1.820000e+00 2.419112e-03
1.830000e+00 2.420825e-03
1.840000e+00 2.423694e-03
1.850000e+00 2.427666e-03
1.860000e+00 2.432688e-03
1.870000e+00 2.438707e-03
1.880000e+00 2.445671e-03
1.890000e+00 2.453523e-03
1.900000e+00 2.462212e-03
1.910000e+00 2.471682e-03
1.920000e+00 2.481880e-03
1.930000e+00 2.492751e-03
1.940000e+00 2.504241e-03
1.950000e+00 2.516297e-03
1.960000e+00 2.528865e-03
1.970000e+00 2.541893e-03
1.980000e+00 2.555328e-03
1.990000e+00 2.569119e-03
2.000000e+00 2.583216e-03
2.010000e+00 2.597567e-03
2.020000e+00 2.612126e-03
2.030000e+00 2.626843e-03
2.040000e+00 2.641672e-03
2.050000e+00 2.656567e-03
2.060000e+00 2.671484e-03
2.070000e+00 2.686379e-03
2.080000e+00 2.701210e-03
2.090000e+00 2.715936e-03
2.100000e+00 2.730517e-03
2.110000e+00 2.744915e-03
2.120000e+00 2.759093e-03
2.130000e+00 2.773015e-03
2.140000e+00 2.786647e-03
2.150000e+00 2.799954e-03
2.160000e+00 2.812907e-03
2.170000e+00 2.825474e-03
2.180000e+00 2.837626e-03
2.190000e+00 2.849336e-03
2.200000e+00 2.860577e-03
2.210000e+00 2.871326e-03
2.220000e+00 2.881559e-03
2.230000e+00 2.891254e-03
2.240000e+00 2.900392e-03
2.250000e+00 2.908954e-03
2.260000e+00 2.916923e-03
2.270000e+00 2.924284e-03
2.280000e+00 2.931023e-03
2.290000e+00 2.937128e-03
2.300000e+00 2.942590e-03
2.310000e+00 2.947398e-03
2.320000e+00 2.951547e-03
2.330000e+00 2.955030e-03
2.340000e+00 2.957845e-03
2.350000e+00 2.959988e-03
2.360000e+00 2.961460e-03
2.370000e+00 2.962261e-03
2.380000e+00 2.962393e-03
2.390000e+00 2.961861e-03
2.400000e+00 2.960669e-03
2.410000e+00 2.958824e-03
2.420000e+00 2.956335e-03
2.430000e+00 2.953209e-03
2.440000e+00 2.949458e-03
2.450000e+00 2.945092e-03
2.460000e+00 2.940123e-03
2.470000e+00 2.934564e-03
2.480000e+00 2.928430e-03
2.490000e+00 2.921734e-03
2.500000e+00 2.914491e-03
2.510000e+00 2.906717e-03
2.520000e+00 2.898428e-03
2.530000e+00 2.889640e-03
2.540000e+00 2.880370e-03
2.550000e+00 2.870634e-03
2.560000e+00 2.860450e-03
2.570000e+00 2.849834e-03
2.580000e+00 2.838803e-03
2.590000e+00 2.827374e-03
2.600000e+00 2.815563e-03
2.610000e+00 2.803388e-03
2.620000e+00 2.790864e-03
2.630000e+00 2.778007e-03
2.640000e+00 2.764833e-03
2.650000e+00 2.751356e-03
2.660000e+00 2.737591e-03
2.670000e+00 2.723552e-03
2.680000e+00 2.709253e-03
2.690000e+00 2.694705e-03
2.700000e+00 2.679921e-03
2.710000e+00 2.664912e-03
2.720000e+00 2.649688e-03
2.730000e+00 2.634258e-03
2.740000e+00 2.618629e-03
2.750000e+00 2.602810e-03
2.760000e+00 2.586805e-03
2.770000e+00 2.570619e-03
2.780000e+00 2.554255e-03
2.790000e+00 2.537714e-03
2.800000e+00 2.520996e-03
2.810000e+00 2.504099e-03
2.820000e+00 2.487019e-03
2.830000e+00 2.469751e-03
2.840000e+00 2.452286e-03
2.850000e+00 2.434616e-03
2.860000e+00 2.416729e-03
2.870000e+00 2.398611e-03
2.880000e+00 2.380246e-03
2.890000e+00 2.361616e-03
2.900000e+00 2.342700e-03
2.910000e+00 2.323477e-03
2.920000e+00 2.303920e-03
2.930000e+00 2.284005e-03
2.940000e+00 2.263701e-03
2.950000e+00 2.242979e-03
2.960000e+00 2.221806e-03
2.970000e+00 2.200148e-03
2.980000e+00 2.177970e-03
2.990000e+00 2.155234e-03
3.000000e+00 2.131904e-03
3.010000e+00 2.107941e-03
3.020000e+00 2.083305e-03
3.030000e+00 2.057958e-03
3.040000e+00 2.031861e-03
3.050000e+00 2.004975e-03
3.060000e+00 1.977263e-03
3.070000e+00 1.948687e-03
3.080000e+00 1.919212e-03
3.090000e+00 1.888806e-03
3.100000e+00 1.857436e-03
3.110000e+00 1.825075e-03
3.120000e+00 1.791698e-03
3.130000e+00 1.757281e-03
3.140000e+00 1.721807e-03
3.150000e+00 1.685262e-03
3.160000e+00 1.647634e-03
3.170000e+00 1.608921e-03
3.180000e+00 1.569120e-03
3.190000e+00 1.528237e-03
3.200000e+00 1.486283e-03
3.210000e+00 1.443273e-03
3.220000e+00 1.399231e-03
3.230000e+00 1.354183e-03
3.240000e+00 1.308165e-03
3.250000e+00 1.261216e-03
3.260000e+00 1.213384e-03
3.270000e+00 1.164720e-03
3.280000e+00 1.115285e-03
3.290000e+00 1.065142e-03
3.300000e+00 1.014363e-03
3.310000e+00 9.630254e-04
3.320000e+00 9.112101e-04
3.330000e+00 8.590052e-04
3.340000e+00 8.065033e-04
3.350000e+00 7.538016e-04
3.360000e+00 7.010020e-04
3.370000e+00 6.482099e-04
3.380000e+00 5.955347e-04
3.390000e+00 5.430887e-04
3.400000e+00 4.909870e-04
3.410000e+00 4.393468e-04
3.420000e+00 3.882870e-04
3.430000e+00 3.379278e-04
3.440000e+00 2.883898e-04
3.450000e+00 2.397939e-04
3.460000e+00 1.922603e-04
3.470000e+00 1.459083e-04
3.480000e+00 1.008554e-04
3.490000e+00 5.721691e-05
3.500000e+00 1.510548e-05
3.510000e+00 -2.536976e-05
3.520000e+00 -6.410361e-05
3.530000e+00 -1.009954e-04
3.540000e+00 -1.359494e-04
3.550000e+00 -1.688756e-04
3.560000e+00 -1.996902e-04
3.570000e+00 -2.283159e-04
3.580000e+00 -2.546824e-04
3.590000e+00 -2.787273e-04
3.600000e+00 -3.003959e-04
3.610000e+00 -3.196420e-04
3.620000e+00 -3.364281e-04
3.630000e+00 -3.507258e-04
3.640000e+00 -3.625162e-04
3.650000e+00 -3.717897e-04
3.660000e+00 -3.785467e-04
3.670000e+00 -3.827977e-04
3.680000e+00 -3.845630e-04
3.690000e+00 -3.838731e-04
3.700000e+00 -3.807688e-04
3.710000e+00 -3.753008e-04
3.720000e+00 -3.675298e-04
3.730000e+00 -3.575262e-04
3.740000e+00 -3.453702e-04
3.750000e+00 -3.311512e-04
3.760000e+00 -3.149674e-04
3.770000e+00 -2.969257e-04
3.780000e+00 -2.771412e-04
3.790000e+00 -2.557364e-04
3.800000e+00 -2.328410e-04
3.810000e+00 -2.085909e-04
3.820000e+00 -1.831281e-04
3.830000e+00 -1.565995e-04
3.840000e+00 -1.291563e-04
3.850000e+00 -1.009534e-04
3.860000e+00 -7.214816e-05
3.870000e+00 -4.290026e-05
3.880000e+00 -1.337020e-05
3.890000e+00 1.628123e-05
3.900000e+00 4.589389e-05
3.910000e+00 7.530918e-05
3.920000e+00 1.043709e-04
3.930000e+00 1.329260e-04
3.940000e+00 1.608256e-04
3.950000e+00 1.879255e-04
3.960000e+00 2.140875e-04
3.970000e+00 2.391793e-04
3.980000e+00 2.630760e-04
3.990000e+00 2.856601e-04
4.000000e+00 3.068226e-04
4.010000e+00 3.264631e-04
4.020000e+00 3.444904e-04
4.030000e+00 3.608229e-04
4.040000e+00 3.753889e-04
4.050000e+00 3.881269e-04
4.060000e+00 3.989855e-04
4.070000e+00 4.079237e-04
4.080000e+00 4.149109e-04
4.090000e+00 4.199266e-04
4.100000e+00 4.229608e-04
4.110000e+00 4.240131e-04
4.120000e+00 4.230927e-04
4.130000e+00 4.202183e-04
4.140000e+00 4.154173e-04
4.150000e+00 4.087256e-04
4.160000e+00 4.001871e-04
4.170000e+00 3.898529e-04
4.180000e+00 3.777810e-04
4.190000e+00 3.640358e-04
4.200000e+00 3.486868e-04
4.210000e+00 3.318090e-04
4.220000e+00 3.134813e-04
4.230000e+00 2.937865e-04
4.240000e+00 2.728105e-04
4.250000e+00 2.506413e-04
4.260000e+00 2.273693e-04
4.270000e+00 2.030857e-04
4.280000e+00 1.778829e-04
4.290000e+00 1.518533e-04
4.300000e+00 1.250894e-04
4.310000e+00 9.768291e-05
4.320000e+00 6.972491e-05
4.330000e+00 4.130515e-05
4.340000e+00 1.251199e-05
4.350000e+00 -1.656785e-05
4.360000e+00 -4.584943e-05
4.370000e+00 -7.524971e-05
4.380000e+00 -1.046876e-04
4.390000e+00 -1.340839e-04
4.400000e+00 -1.633615e-04
4.410000e+00 -1.924451e-04
4.420000e+00 -2.212612e-04
4.430000e+00 -2.497381e-04
4.440000e+00 -2.778055e-04
4.450000e+00 -3.053947e-04
4.460000e+00 -3.324384e-04
4.470000e+00 -3.588702e-04
4.480000e+00 -3.846249e-04
4.490000e+00 -4.096383e-04
4.500000e+00 -4.338469e-04
4.510000e+00 -4.571878e-04
4.520000e+00 -4.795989e-04
4.530000e+00 -5.010187e-04
4.540000e+00 -5.213863e-04
4.550000e+00 -5.406415e-04
4.560000e+00 -5.587247e-04
4.570000e+00 -5.755773e-04
4.580000e+00 -5.911416e-04
4.590000e+00 -6.053610e-04
4.600000e+00 -6.181805e-04
4.610000e+00 -6.295465e-04
4.620000e+00 -6.394076e-04
4.630000e+00 -6.477145e-04
4.640000e+00 -6.544206e-04
4.650000e+00 -6.594821e-04
4.660000e+00 -6.628589e-04
4.670000e+00 -6.645142e-04
4.680000e+00 -6.644157e-04
4.690000e+00 -6.625355e-04
4.700000e+00 -6.588505e-04
4.710000e+00 -6.533430e-04
4.720000e+00 -6.460008e-04
4.730000e+00 -6.368179e-04
4.740000e+00 -6.257942e-04
4.750000e+00 -6.129362e-04
4.760000e+00 -5.982573e-04
4.770000e+00 -5.817773e-04
4.780000e+00 -5.635235e-04
4.790000e+00 -5.435297e-04
4.800000e+00 -5.218371e-04
4.810000e+00 -4.984937e-04
4.820000e+00 -4.735543e-04
4.830000e+00 -4.470805e-04
4.840000e+00 -4.191403e-04
4.850000e+00 -3.898078e-04
4.860000e+00 -3.591631e-04
4.870000e+00 -3.272915e-04
4.880000e+00 -2.942834e-04
4.890000e+00 -2.602338e-04
4.900000e+00 -2.252415e-04
4.910000e+00 -1.894089e-04
4.920000e+00 -1.528411e-04
4.930000e+00 -1.156455e-04
4.940000e+00 -7.793123e-05
4.950000e+00 -3.980821e-05
4.960000e+00 -1.386837e-06
4.970000e+00 3.722284e-05
4.980000e+00 7.591166e-05
4.990000e+00 1.145720e-04
5.000000e+00 1.530984e-04
5.010000e+00 1.913880e-04
5.020000e+00 2.293413e-04
5.030000e+00 2.668625e-04
5.040000e+00 3.038599e-04
5.050000e+00 3.402466e-04
5.060000e+00 3.759406e-04
5.070000e+00 4.108655e-04
5.080000e+00 4.449504e-04
5.090000e+00 4.781302e-04
5.100000e+00 5.103463e-04
5.110000e+00 5.415460e-04
5.120000e+00 5.716832e-04
5.130000e+00 6.007182e-04
5.140000e+00 6.286178e-04
5.150000e+00 6.553554e-04
5.160000e+00 6.809104e-04
5.170000e+00 7.052690e-04
5.180000e+00 7.284233e-04
5.190000e+00 7.503714e-04
5.200000e+00 7.711175e-04
5.210000e+00 7.906710e-04
5.220000e+00 8.090472e-04
5.230000e+00 8.262663e-04
5.240000e+00 8.423532e-04
5.250000e+00 8.573377e-04
5.260000e+00 8.712537e-04
5.270000e+00 8.841393e-04
5.280000e+00 8.960361e-04
5.290000e+00 9.069890e-04
5.300000e+00 9.170463e-04
5.310000e+00 9.262586e-04
5.320000e+00 9.346791e-04
5.330000e+00 9.423629e-04
5.340000e+00 9.493669e-04
5.350000e+00 9.557492e-04
5.360000e+00 9.615689e-04
5.370000e+00 9.668859e-04
5.380000e+00 9.717602e-04
5.390000e+00 9.762517e-04
5.400000e+00 9.804198e-04
5.410000e+00 9.843231e-04
5.420000e+00 9.880190e-04
5.430000e+00 9.915633e-04
5.440000e+00 9.950097e-04
5.450000e+00 9.984097e-04
5.460000e+00 1.001812e-03
5.470000e+00 1.005262e-03
5.480000e+00 1.008802e-03
5.490000e+00 1.012470e-03
5.500000e+00 1.016300e-03
5.510000e+00 1.020321e-03
5.520000e+00 1.024559e-03
5.530000e+00 1.029032e-03
5.540000e+00 1.033755e-03
5.550000e+00 1.038736e-03
5.560000e+00 1.043978e-03
5.570000e+00 1.049477e-03
5.580000e+00 1.055224e-03
5.590000e+00 1.061202e-03
5.600000e+00 1.067391e-03
5.610000e+00 1.073761e-03
5.620000e+00 1.080278e-03
5.630000e+00 1.086902e-03
5.640000e+00 1.093588e-03
5.650000e+00 1.100284e-03
5.660000e+00 1.106933e-03
5.670000e+00 1.113474e-03
5.680000e+00 1.119842e-03
5.690000e+00 1.125968e-03
5.700000e+00 1.131780e-03
5.710000e+00 1.137203e-03
5.720000e+00 1.142161e-03
5.730000e+00 1.146578e-03
5.740000e+00 1.150375e-03
5.750000e+00 1.153476e-03
5.760000e+00 1.155805e-03
5.770000e+00 1.157290e-03
5.780000e+00 1.157862e-03
5.790000e+00 1.157453e-03
5.800000e+00 1.156005e-03
5.810000e+00 1.153461e-03
5.820000e+00 1.149774e-03
5.830000e+00 1.144902e-03
5.840000e+00 1.138813e-03
5.850000e+00 1.131483e-03
5.860000e+00 1.122896e-03
5.870000e+00 1.113048e-03
5.880000e+00 1.101944e-03
5.890000e+00 1.089599e-03
5.900000e+00 1.076041e-03
5.910000e+00 1.061306e-03
5.920000e+00 1.045443e-03
5.930000e+00 1.028512e-03
5.940000e+00 1.010583e-03
5.950000e+00 9.917355e-04
5.960000e+00 9.720608e-04
5.970000e+00 9.516584e-04
5.980000e+00 9.306373e-04
5.990000e+00 9.091141e-04
6.000000e+00 8.872131e-04
6.010000e+00 8.650645e-04
6.020000e+00 8.428045e-04
6.030000e+00 8.205731e-04
6.040000e+00 7.985138e-04
6.050000e+00 7.767724e-04
6.060000e+00 7.554953e-04
6.070000e+00 7.348288e-04
6.080000e+00 7.149176e-04
6.090000e+00 6.959040e-04
6.100000e+00 6.779260e-04
6.110000e+00 6.611170e-04
6.120000e+00 6.456039e-04
6.130000e+00 6.315066e-04
6.140000e+00 6.189367e-04
6.150000e+00 6.079967e-04
6.160000e+00 5.987789e-04
6.170000e+00 5.913653e-04
6.180000e+00 5.858260e-04
6.190000e+00 5.822195e-04
6.200000e+00 5.805919e-04
6.210000e+00 5.809764e-04
6.220000e+00 5.833935e-04
6.230000e+00 5.878506e-04
6.240000e+00 5.943422e-04
6.250000e+00 6.028500e-04
6.260000e+00 6.133429e-04
6.270000e+00 6.257779e-04
6.280000e+00 6.401000e-04
6.290000e+00 6.562431e-04
6.300000e+00 6.741305e-04
6.310000e+00 6.936757e-04
6.320000e+00 7.147831e-04
6.330000e+00 7.373488e-04
6.340000e+00 7.612618e-04
6.350000e+00 7.864043e-04
6.360000e+00 8.126535e-04
6.370000e+00 8.398818e-04
6.380000e+00 8.679584e-04
6.390000e+00 8.967498e-04
6.400000e+00 9.261209e-04
6.410000e+00 9.559362e-04
6.420000e+00 9.860604e-04
6.430000e+00 1.016359e-03
6.440000e+00 1.046701e-03
6.450000e+00 1.076956e-03
6.460000e+00 1.106998e-03
6.470000e+00 1.136706e-03
6.480000e+00 1.165962e-03
6.490000e+00 1.194656e-03
6.500000e+00 1.222679e-03
6.510000e+00 1.249933e-03
6.520000e+00 1.276323e-03
6.530000e+00 1.301763e-03
6.540000e+00 1.326170e-03
6.550000e+00 1.349473e-03
6.560000e+00 1.371603e-03
6.570000e+00 1.392501e-03
6.580000e+00 1.412114e-03
6.590000e+00 1.430395e-03
6.600000e+00 1.447304e-03
6.610000e+00 1.462808e-03
6.620000e+00 1.476879e-03
6.630000e+00 1.489497e-03
6.640000e+00 1.500646e-03
6.650000e+00 1.510315e-03
6.660000e+00 1.518501e-03
6.670000e+00 1.525204e-03
6.680000e+00 1.530428e-03
6.690000e+00 1.534185e-03
6.700000e+00 1.536487e-03
6.710000e+00 1.537353e-03
6.720000e+00 1.536805e-03
6.730000e+00 1.534870e-03
6.740000e+00 1.531576e-03
6.750000e+00 1.526957e-03
6.760000e+00 1.521049e-03
6.770000e+00 1.513892e-03
6.780000e+00 1.505528e-03
6.790000e+00 1.496002e-03
6.800000e+00 1.485364e-03
6.810000e+00 1.473665e-03
6.820000e+00 1.460958e-03
6.830000e+00 1.447300e-03
6.840000e+00 1.432751e-03
6.850000e+00 1.417372e-03
6.860000e+00 1.401228e-03
6.870000e+00 1.384385e-03
6.880000e+00 1.366912e-03
6.890000e+00 1.348878e-03
6.900000e+00 1.330357e-03
6.910000e+00 1.311422e-03
6.920000e+00 1.292148e-03
6.930000e+00 1.272611e-03
6.940000e+00 1.252888e-03
6.950000e+00 1.233057e-03
6.960000e+00 1.213195e-03
6.970000e+00 1.193380e-03
6.980000e+00 1.173687e-03
6.990000e+00 1.154194e-03
7.000000e+00 1.134973e-03
7.010000e+00 1.116097e-03
7.020000e+00 1.097636e-03
7.030000e+00 1.079658e-03
7.040000e+00 1.062225e-03
7.050000e+00 1.045399e-03
7.060000e+00 1.029235e-03
7.070000e+00 1.013784e-03
7.080000e+00 9.990933e-04
7.090000e+00 9.852037e-04
7.100000e+00 9.721505e-04
7.110000e+00 9.599629e-04
7.120000e+00 9.486639e-04
7.130000e+00 9.382695e-04
7.140000e+00 9.287893e-04
7.150000e+00 9.202256e-04
7.160000e+00 9.125738e-04
7.170000e+00 9.058220e-04
7.180000e+00 8.999511e-04
7.190000e+00 8.949351e-04
7.200000e+00 8.907408e-04
7.210000e+00 8.873281e-04
7.220000e+00 8.846503e-04
7.230000e+00 8.826544e-04
7.240000e+00 8.812813e-04
7.250000e+00 8.804662e-04
7.260000e+00 8.801390e-04
7.270000e+00 8.802248e-04
7.280000e+00 8.806443e-04
7.290000e+00 8.813147e-04
7.300000e+00 8.821496e-04
7.310000e+00 8.830603e-04
7.320000e+00 8.839559e-04
7.330000e+00 8.847441e-04
7.340000e+00 8.853322e-04
7.350000e+00 8.856269e-04
7.360000e+00 8.855359e-04
7.370000e+00 8.849679e-04
7.380000e+00 8.838337e-04
7.390000e+00 8.820462e-04
7.400000e+00 8.795218e-04
7.410000e+00 8.761804e-04
7.420000e+00 8.719461e-04
7.430000e+00 8.667479e-04
7.440000e+00 8.605201e-04
7.450000e+00 8.532024e-04
7.460000e+00 8.447411e-04
7.470000e+00 8.350887e-04
7.480000e+00 8.242048e-04
7.490000e+00 8.120557e-04
7.500000e+00 7.986155e-04
7.510000e+00 7.838657e-04
7.520000e+00 7.677953e-04
7.530000e+00 7.504011e-04
7.540000e+00 7.316878e-04
7.550000e+00 7.116678e-04
7.560000e+00 6.903610e-04
7.570000e+00 6.677951e-04
7.580000e+00 6.440048e-04
7.590000e+00 6.190325e-04
7.600000e+00 5.929269e-04
7.610000e+00 5.657437e-04
7.620000e+00 5.375447e-04
7.630000e+00 5.083976e-04
7.640000e+00 4.783754e-04
7.650000e+00 4.475563e-04
7.660000e+00 4.160230e-04
7.670000e+00 3.838621e-04
7.680000e+00 3.511639e-04
7.690000e+00 3.180214e-04
7.700000e+00 2.845302e-04
7.710000e+00 2.507878e-04
7.720000e+00 2.168929e-04
7.730000e+00 1.829450e-04
7.740000e+00 1.490437e-04
7.750000e+00 1.152881e-04
7.760000e+00 8.177662e-05
7.770000e+00 4.860599e-05
7.780000e+00 1.587098e-05
7.790000e+00 -1.633610e-05
7.800000e+00 -4.792595e-05
7.810000e+00 -7.881265e-05
7.820000e+00 -1.089141e-04
7.830000e+00 -1.381525e-04
7.840000e+00 -1.664543e-04
7.850000e+00 -1.937512e-04
7.860000e+00 -2.199797e-04
7.870000e+00 -2.450816e-04
7.880000e+00 -2.690044e-04
7.890000e+00 -2.917009e-04
7.900000e+00 -3.131300e-04
7.910000e+00 -3.332558e-04
7.920000e+00 -3.520486e-04
7.930000e+00 -3.694839e-04
7.940000e+00 -3.855432e-04
7.950000e+00 -4.002130e-04
7.960000e+00 -4.134853e-04
7.970000e+00 -4.253569e-04
7.980000e+00 -4.358295e-04
7.990000e+00 -4.449093e-04
8.000000e+00 -4.526066e-04
8.010000e+00 -4.589353e-04
8.020000e+00 -4.639132e-04
8.030000e+00 -4.675610e-04
8.040000e+00 -4.699020e-04
8.050000e+00 -4.709621e-04
8.060000e+00 -4.707690e-04
8.070000e+00 -4.693522e-04
8.080000e+00 -4.667421e-04
8.090000e+00 -4.629704e-04
8.100000e+00 -4.580691e-04
8.110000e+00 -4.520704e-04
8.120000e+00 -4.450066e-04
8.130000e+00 -4.369096e-04
8.140000e+00 -4.278108e-04
8.150000e+00 -4.177408e-04
8.160000e+00 -4.067296e-04
8.170000e+00 -3.948058e-04
8.180000e+00 -3.819973e-04
8.190000e+00 -3.683307e-04
8.200000e+00 -3.538316e-04
8.210000e+00 -3.385245e-04
8.220000e+00 -3.224329e-04
8.230000e+00 -3.055795e-04
8.240000e+00 -2.879862e-04
8.250000e+00 -2.696745e-04
8.260000e+00 -2.506652e-04
8.270000e+00 -2.309793e-04
8.280000e+00 -2.106379e-04
8.290000e+00 -1.896622e-04
8.300000e+00 -1.680741e-04
8.310000e+00 -1.458965e-04
8.320000e+00 -1.231532e-04
8.330000e+00 -9.986939e-05
8.340000e+00 -7.607196e-05
8.350000e+00 -5.178947e-05
8.360000e+00 -2.705252e-05
8.370000e+00 -1.893837e-06
8.380000e+00 2.365156e-05
8.390000e+00 4.954630e-05
8.400000e+00 7.575054e-05
8.410000e+00 1.022220e-04
8.420000e+00 1.289160e-04
8.430000e+00 1.557854e-04
8.440000e+00 1.827809e-04
8.450000e+00 2.098510e-04
8.460000e+00 2.369423e-04
8.470000e+00 2.639999e-04
8.480000e+00 2.909672e-04
8.490000e+00 3.177867e-04
8.500000e+00 3.444001e-04
8.510000e+00 3.707486e-04
8.520000e+00 3.967737e-04
8.530000e+00 4.224170e-04
8.540000e+00 4.476212e-04
8.550000e+00 4.723301e-04
8.560000e+00 4.964895e-04
8.570000e+00 5.200472e-04
8.580000e+00 5.429535e-04
8.590000e+00 5.651618e-04
8.600000e+00 5.866291e-04
8.610000e+00 6.073159e-04
8.620000e+00 6.271870e-04
8.630000e+00 6.462115e-04
8.640000e+00 6.643633e-04
8.650000e+00 6.816209e-04
8.660000e+00 6.979683e-04
8.670000e+00 7.133942e-04
8.680000e+00 7.278930e-04
8.690000e+00 7.414640e-04
8.700000e+00 7.541120e-04
8.710000e+00 7.658467e-04
8.720000e+00 7.766829e-04
8.730000e+00 7.866403e-04
8.740000e+00 7.957430e-04
8.750000e+00 8.040193e-04
8.760000e+00 8.115018e-04
8.770000e+00 8.182263e-04
8.780000e+00 8.242319e-04
8.790000e+00 8.295605e-04
8.800000e+00 8.342563e-04
8.810000e+00 8.383654e-04
8.820000e+00 8.419351e-04
8.830000e+00 8.450135e-04
8.840000e+00 8.476495e-04
8.850000e+00 8.498915e-04
8.860000e+00 8.517875e-04
8.870000e+00 8.533844e-04
8.880000e+00 8.547278e-04
8.890000e+00 8.558614e-04
8.900000e+00 8.568266e-04
8.910000e+00 8.576623e-04
8.920000e+00 8.584044e-04
8.930000e+00 8.590858e-04
8.940000e+00 8.597359e-04
8.950000e+00 8.603807e-04
8.960000e+00 8.610422e-04
8.970000e+00 8.617388e-04
8.980000e+00 8.624850e-04
8.990000e+00 8.632913e-04
9.000000e+00 8.641643e-04
9.010000e+00 8.651070e-04
9.020000e+00 8.661184e-04
9.030000e+00 8.671940e-04
9.040000e+00 8.683258e-04
9.050000e+00 8.695025e-04
9.060000e+00 8.707097e-04
9.070000e+00 8.719302e-04
9.080000e+00 8.731440e-04
9.090000e+00 8.743288e-04
9.100000e+00 8.754602e-04
9.110000e+00 8.765117e-04
9.120000e+00 8.774553e-04
9.130000e+00 8.782614e-04
9.140000e+00 8.788995e-04
9.150000e+00 8.793380e-04
9.160000e+00 8.795447e-04
9.170000e+00 8.794867e-04
9.180000e+00 8.791311e-04
9.190000e+00 8.784447e-04
9.200000e+00 8.773946e-04
9.210000e+00 8.759480e-04
9.220000e+00 8.740726e-04
9.230000e+00 8.717365e-04
9.240000e+00 8.689088e-04
9.250000e+00 8.655590e-04
9.260000e+00 8.616580e-04
9.270000e+00 8.571773e-04
9.280000e+00 8.520898e-04
9.290000e+00 8.463696e-04
9.300000e+00 8.399920e-04
9.310000e+00 8.329339e-04
9.320000e+00 8.251736e-04
9.330000e+00 8.166911e-04
9.340000e+00 8.074683e-04
9.350000e+00 7.974887e-04
9.360000e+00 7.867380e-04
9.370000e+00 7.752040e-04
9.380000e+00 7.628766e-04
9.390000e+00 7.497483e-04
9.400000e+00 7.358141e-04
9.410000e+00 7.210716e-04
9.420000e+00 7.055215e-04
9.430000e+00 6.891674e-04
9.440000e+00 6.720161e-04
9.450000e+00 6.540777e-04
9.460000e+00 6.353658e-04
9.470000e+00 6.158979e-04
9.480000e+00 5.956951e-04
9.490000e+00 5.747823e-04
9.500000e+00 5.531886e-04
9.510000e+00 5.309471e-04
9.520000e+00 5.080951e-04
9.530000e+00 4.846741e-04
9.540000e+00 4.607298e-04
9.550000e+00 4.363120e-04
9.560000e+00 4.114747e-04
9.570000e+00 3.862760e-04
9.580000e+00 3.607778e-04
9.590000e+00 3.350457e-04
9.600000e+00 3.091489e-04
9.610000e+00 2.831600e-04
9.620000e+00 2.571545e-04
9.630000e+00 2.312108e-04
9.640000e+00 2.054095e-04
9.650000e+00 1.798332e-04
9.660000e+00 1.545664e-04
9.670000e+00 1.296946e-04
9.680000e+00 1.053039e-04
9.690000e+00 8.148105e-05
9.700000e+00 5.831224e-05
9.710000e+00 3.588318e-05
9.720000e+00 1.427835e-05
9.730000e+00 -6.419487e-06
9.740000e+00 -2.612970e-05
9.750000e+00 -4.477433e-05
9.760000e+00 -6.227856e-05
9.770000e+00 -7.857112e-05
9.780000e+00 -9.358477e-05
9.790000e+00 -1.072567e-04
9.800000e+00 -1.195288e-04
9.810000e+00 -1.303482e-04
9.820000e+00 -1.396674e-04
9.830000e+00 -1.474445e-04
9.840000e+00 -1.536437e-04
9.850000e+00 -1.582352e-04
9.860000e+00 -1.611954e-04
9.870000e+00 -1.625070e-04
9.880000e+00 -1.621591e-04
9.890000e+00 -1.601472e-04
9.900000e+00 -1.564732e-04
9.910000e+00 -1.511450e-04
9.920000e+00 -1.441769e-04
9.930000e+00 -1.355891e-04
9.940000e+00 -1.254076e-04
9.950000e+00 -1.136638e-04
9.960000e+00 -1.003946e-04
9.970000e+00 -8.564187e-05
9.980000e+00 -6.945230e-05
9.990000e+00 -5.187693e-05
1.000000e+01 -3.297093e-05
