# sigma2_v 6.349481857464547e+00
0.000000e+00 1.000000e+00
1.000000e-02 9.996826e-01
2.000000e-02 9.987309e-01
3.000000e-02 9.971469e-01
4.000000e-02 9.949336e-01
5.000000e-02 9.920954e-01
6.000000e-02 9.886378e-01
7.000000e-02 9.845674e-01
8.000000e-02 9.798923e-01
9.000000e-02 9.746213e-01
1.000000e-01 9.687647e-01
1.100000e-01 9.623337e-01
1.200000e-01 9.553404e-01
1.300000e-01 9.477983e-01
1.400000e-01 9.397214e-01
1.500000e-01 9.311249e-01
1.600000e-01 9.220248e-01
1.700000e-01 9.124379e-01
1.800000e-01 9.023817e-01
1.900000e-01 8.918745e-01
2.000000e-01 8.809352e-01
2.100000e-01 8.695831e-01
2.200000e-01 8.578385e-01
2.300000e-01 8.457217e-01
2.400000e-01 8.332536e-01
2.500000e-01 8.204554e-01
2.600000e-01 8.073487e-01
2.700000e-01 7.939552e-01
2.800000e-01 7.802967e-01
2.900000e-01 7.663953e-01
3.000000e-01 7.522731e-01
3.100000e-01 7.379519e-01
3.200000e-01 7.234539e-01
3.300000e-01 7.088008e-01
3.400000e-01 6.940142e-01
3.500000e-01 6.791156e-01
3.600000e-01 6.641262e-01
3.700000e-01 6.490666e-01
3.800000e-01 6.339575e-01
3.900000e-01 6.188187e-01
4.000000e-01 6.036698e-01
4.100000e-01 5.885300e-01
4.200000e-01 5.734177e-01
4.300000e-01 5.583509e-01
4.400000e-01 5.433471e-01
4.500000e-01 5.284230e-01
4.600000e-01 5.135947e-01
4.700000e-01 4.988778e-01
4.800000e-01 4.842870e-01
4.900000e-01 4.698364e-01
5.000000e-01 4.555395e-01
5.100000e-01 4.414089e-01
5.200000e-01 4.274567e-01
5.300000e-01 4.136940e-01
5.400000e-01 4.001314e-01
5.500000e-01 3.867787e-01
5.600000e-01 3.736449e-01
5.700000e-01 3.607383e-01
5.800000e-01 3.480666e-01
5.900000e-01 3.356368e-01
6.000000e-01 3.234550e-01
6.100000e-01 3.115267e-01
6.200000e-01 2.998569e-01
6.300000e-01 2.884498e-01
6.400000e-01 2.773089e-01
6.500000e-01 2.664372e-01
6.600000e-01 2.558371e-01
6.700000e-01 2.455103e-01
6.800000e-01 2.354580e-01
6.900000e-01 2.256810e-01
7.000000e-01 2.161793e-01
7.100000e-01 2.069527e-01
7.200000e-01 1.980003e-01
7.300000e-01 1.893208e-01
7.400000e-01 1.809126e-01
7.500000e-01 1.727736e-01
7.600000e-01 1.649013e-01
7.700000e-01 1.572928e-01
7.800000e-01 1.499451e-01
7.900000e-01 1.428546e-01
8.000000e-01 1.360176e-01
8.100000e-01 1.294301e-01
8.200000e-01 1.230878e-01
8.300000e-01 1.169863e-01
8.400000e-01 1.111208e-01
8.500000e-01 1.054865e-01
8.600000e-01 1.000783e-01
8.700000e-01 9.489117e-02
8.800000e-01 8.991976e-02
8.900000e-01 8.515871e-02
9.000000e-01 8.060255e-02
9.100000e-01 7.624574e-02
9.200000e-01 7.208270e-02
9.300000e-01 6.810780e-02
9.400000e-01 6.431540e-02
9.500000e-01 6.069986e-02
9.600000e-01 5.725551e-02
9.700000e-01 5.397674e-02
9.800000e-01 5.085794e-02
9.900000e-01 4.789356e-02
1.000000e+00 4.507808e-02
1.010000e+00 4.240605e-02
1.020000e+00 3.987210e-02
1.030000e+00 3.747092e-02
1.040000e+00 3.519730e-02
1.050000e+00 3.304611e-02
1.060000e+00 3.101232e-02
1.070000e+00 2.909100e-02
1.080000e+00 2.727734e-02
1.090000e+00 2.556665e-02
1.100000e+00 2.395432e-02
1.110000e+00 2.243590e-02
1.120000e+00 2.100704e-02
1.130000e+00 1.966353e-02
1.140000e+00 1.840128e-02
1.150000e+00 1.721631e-02
1.160000e+00 1.610481e-02
1.170000e+00 1.506306e-02
1.180000e+00 1.408750e-02
1.190000e+00 1.317467e-02
1.200000e+00 1.232127e-02
1.210000e+00 1.152411e-02
1.220000e+00 1.078013e-02
1.230000e+00 1.008639e-02
1.240000e+00 9.440078e-03
1.250000e+00 8.838510e-03
1.260000e+00 8.279113e-03
1.270000e+00 7.759431e-03
1.280000e+00 7.277125e-03
1.290000e+00 6.829964e-03
1.300000e+00 6.415828e-03
1.310000e+00 6.032701e-03
1.320000e+00 5.678668e-03
1.330000e+00 5.351916e-03
1.340000e+00 5.050724e-03
1.350000e+00 4.773466e-03
1.360000e+00 4.518604e-03
1.370000e+00 4.284684e-03
1.380000e+00 4.070338e-03
1.390000e+00 3.874272e-03
1.400000e+00 3.695271e-03
1.410000e+00 3.532190e-03
1.420000e+00 3.383954e-03
1.430000e+00 3.249554e-03
1.440000e+00 3.128041e-03
1.450000e+00 3.018527e-03
1.460000e+00 2.920180e-03
1.470000e+00 2.832222e-03
1.480000e+00 2.753923e-03
1.490000e+00 2.684602e-03
1.500000e+00 2.623622e-03
1.510000e+00 2.570390e-03
1.520000e+00 2.524350e-03
1.530000e+00 2.484985e-03
1.540000e+00 2.451811e-03
1.550000e+00 2.424378e-03
1.560000e+00 2.402265e-03
1.570000e+00 2.385082e-03
1.580000e+00 2.372461e-03
1.590000e+00 2.364063e-03
1.600000e+00 2.359568e-03
1.610000e+00 2.358679e-03
1.620000e+00 2.361117e-03
1.630000e+00 2.366623e-03
1.640000e+00 2.374951e-03
1.650000e+00 2.385875e-03
1.660000e+00 2.399178e-03
1.670000e+00 2.414658e-03
1.680000e+00 2.432126e-03
1.690000e+00 2.451401e-03
1.700000e+00 2.472312e-03
1.710000e+00 2.494700e-03
1.720000e+00 2.518410e-03
1.730000e+00 2.543297e-03
1.740000e+00 2.569221e-03
1.750000e+00 2.596049e-03
1.760000e+00 2.623655e-03
1.770000e+00 2.651915e-03
1.780000e+00 2.680712e-03
1.790000e+00 2.709932e-03
1.800000e+00 2.739467e-03
1.810000e+00 2.769210e-03
1.820000e+00 2.799059e-03
1.830000e+00 2.828917e-03
1.840000e+00 2.858686e-03
1.850000e+00 2.888275e-03
1.860000e+00 2.917594e-03
1.870000e+00 2.946557e-03
1.880000e+00 2.975079e-03
1.890000e+00 3.003080e-03
1.900000e+00 3.030483e-03
1.910000e+00 3.057211e-03
1.920000e+00 3.083193e-03
1.930000e+00 3.108361e-03
1.940000e+00 3.132647e-03
1.950000e+00 3.155990e-03
1.960000e+00 3.178329e-03
1.970000e+00 3.199608e-03
1.980000e+00 3.219775e-03
1.990000e+00 3.238779e-03
2.000000e+00 3.256574e-03
2.010000e+00 3.273117e-03
2.020000e+00 3.288370e-03
2.030000e+00 3.302295e-03
2.040000e+00 3.314862e-03
2.050000e+00 3.326040e-03
2.060000e+00 3.335804e-03
2.070000e+00 3.344132e-03
2.080000e+00 3.351005e-03
2.090000e+00 3.356408e-03
2.100000e+00 3.360329e-03
2.110000e+00 3.362758e-03
2.120000e+00 3.363690e-03
2.130000e+00 3.363120e-03
2.140000e+00 3.361049e-03
2.150000e+00 3.357478e-03
2.160000e+00 3.352412e-03
2.170000e+00 3.345858e-03
2.180000e+00 3.337825e-03
2.190000e+00 3.328324e-03
2.200000e+00 3.317369e-03
2.210000e+00 3.304974e-03
2.220000e+00 3.291155e-03
2.230000e+00 3.275932e-03
2.240000e+00 3.259323e-03
2.250000e+00 3.241348e-03
2.260000e+00 3.222031e-03
2.270000e+00 3.201394e-03
2.280000e+00 3.179460e-03
2.290000e+00 3.156255e-03
2.300000e+00 3.131805e-03
2.310000e+00 3.106136e-03
2.320000e+00 3.079276e-03
2.330000e+00 3.051253e-03
2.340000e+00 3.022096e-03
2.350000e+00 2.991835e-03
2.360000e+00 2.960500e-03
2.370000e+00 2.928125e-03
2.380000e+00 2.894740e-03
2.390000e+00 2.860379e-03
2.400000e+00 2.825077e-03
2.410000e+00 2.788869e-03
2.420000e+00 2.751791e-03
2.430000e+00 2.713882e-03
2.440000e+00 2.675179e-03
2.450000e+00 2.635724e-03
2.460000e+00 2.595556e-03
2.470000e+00 2.554718e-03
2.480000e+00 2.513254e-03
2.490000e+00 2.471208e-03
2.500000e+00 2.428628e-03
2.510000e+00 2.385559e-03
2.520000e+00 2.342050e-03
2.530000e+00 2.298151e-03
2.540000e+00 2.253913e-03
2.550000e+00 2.209386e-03
2.560000e+00 2.164622e-03
2.570000e+00 2.119675e-03
2.580000e+00 2.074598e-03
2.590000e+00 2.029444e-03
2.600000e+00 1.984268e-03
2.610000e+00 1.939122e-03
2.620000e+00 1.894061e-03
2.630000e+00 1.849138e-03
2.640000e+00 1.804405e-03
2.650000e+00 1.759915e-03
2.660000e+00 1.715717e-03
2.670000e+00 1.671862e-03
2.680000e+00 1.628396e-03
2.690000e+00 1.585367e-03
2.700000e+00 1.542819e-03
2.710000e+00 1.500793e-03
2.720000e+00 1.459331e-03
2.730000e+00 1.418469e-03
2.740000e+00 1.378242e-03
2.750000e+00 1.338683e-03
2.760000e+00 1.299820e-03
2.770000e+00 1.261681e-03
2.780000e+00 1.224289e-03
2.790000e+00 1.187665e-03
2.800000e+00 1.151824e-03
2.810000e+00 1.116783e-03
2.820000e+00 1.082552e-03
2.830000e+00 1.049139e-03
2.840000e+00 1.016550e-03
2.850000e+00 9.847872e-04
2.860000e+00 9.538498e-04
2.870000e+00 9.237352e-04
2.880000e+00 8.944380e-04
2.890000e+00 8.659502e-04
2.900000e+00 8.382621e-04
2.910000e+00 8.113616e-04
2.920000e+00 7.852351e-04
2.930000e+00 7.598673e-04
2.940000e+00 7.352414e-04
2.950000e+00 7.113395e-04
2.960000e+00 6.881426e-04
2.970000e+00 6.656310e-04
2.980000e+00 6.437843e-04
2.990000e+00 6.225816e-04
3.000000e+00 6.020017e-04
3.010000e+00 5.820235e-04
3.020000e+00 5.626256e-04
3.030000e+00 5.437869e-04
3.040000e+00 5.254867e-04
3.050000e+00 5.077044e-04
3.060000e+00 4.904201e-04
3.070000e+00 4.736143e-04
3.080000e+00 4.572680e-04
3.090000e+00 4.413629e-04
3.100000e+00 4.258816e-04
3.110000e+00 4.108069e-04
3.120000e+00 3.961225e-04
3.130000e+00 3.818127e-04
3.140000e+00 3.678625e-04
3.150000e+00 3.542573e-04
3.160000e+00 3.409831e-04
3.170000e+00 3.280266e-04
3.180000e+00 3.153746e-04
3.190000e+00 3.030145e-04
3.200000e+00 2.909341e-04
3.210000e+00 2.791215e-04
3.220000e+00 2.675648e-04
3.230000e+00 2.562528e-04
3.240000e+00 2.451740e-04
3.250000e+00 2.343174e-04
3.260000e+00 2.236722e-04
3.270000e+00 2.132276e-04
3.280000e+00 2.029731e-04
3.290000e+00 1.928983e-04
3.300000e+00 1.829932e-04
3.310000e+00 1.732478e-04
3.320000e+00 1.636528e-04
3.330000e+00 1.541989e-04
3.340000e+00 1.448777e-04
3.350000e+00 1.356809e-04
3.360000e+00 1.266011e-04
3.370000e+00 1.176315e-04
3.380000e+00 1.087662e-04
3.390000e+00 1.000000e-04
3.400000e+00 9.132897e-05
3.410000e+00 8.274993e-05
3.420000e+00 7.426103e-05
3.430000e+00 6.586157e-05
3.440000e+00 5.755213e-05
3.450000e+00 4.933462e-05
3.460000e+00 4.121230e-05
3.470000e+00 3.318980e-05
3.480000e+00 2.527315e-05
3.490000e+00 1.746973e-05
3.500000e+00 9.788280e-06
3.510000e+00 2.238802e-06
3.520000e+00 -5.167475e-06
3.530000e+00 -1.241820e-05
3.540000e+00 -1.950000e-05
3.550000e+00 -2.639864e-05
3.560000e+00 -3.309911e-05
3.570000e+00 -3.958587e-05
3.580000e+00 -4.584295e-05
3.590000e+00 -5.185418e-05
3.600000e+00 -5.760340e-05
3.610000e+00 -6.307465e-05
3.620000e+00 -6.825240e-05
3.630000e+00 -7.312177e-05
3.640000e+00 -7.766876e-05
3.650000e+00 -8.188043e-05
3.660000e+00 -8.574518e-05
3.670000e+00 -8.925290e-05
3.680000e+00 -9.239518e-05
3.690000e+00 -9.516550e-05
3.700000e+00 -9.755938e-05
3.710000e+00 -9.957453e-05
3.720000e+00 -1.012110e-04
3.730000e+00 -1.024711e-04
3.740000e+00 -1.033598e-04
3.750000e+00 -1.038845e-04
3.760000e+00 -1.040550e-04
3.770000e+00 -1.038839e-04
3.780000e+00 -1.033859e-04
3.790000e+00 -1.025783e-04
3.800000e+00 -1.014806e-04
3.810000e+00 -1.001143e-04
3.820000e+00 -9.850309e-05
3.830000e+00 -9.667223e-05
3.840000e+00 -9.464857e-05
3.850000e+00 -9.246024e-05
3.860000e+00 -9.013639e-05
3.870000e+00 -8.770693e-05
3.880000e+00 -8.520223e-05
3.890000e+00 -8.265278e-05
3.900000e+00 -8.008894e-05
3.910000e+00 -7.754057e-05
3.920000e+00 -7.503676e-05
3.930000e+00 -7.260551e-05
3.940000e+00 -7.027341e-05
3.950000e+00 -6.806540e-05
3.960000e+00 -6.600444e-05
3.970000e+00 -6.411132e-05
3.980000e+00 -6.240441e-05
3.990000e+00 -6.089941e-05
4.000000e+00 -5.960928e-05
4.010000e+00 -5.854400e-05
4.020000e+00 -5.771052e-05
4.030000e+00 -5.711263e-05
4.040000e+00 -5.675098e-05
4.050000e+00 -5.662304e-05
4.060000e+00 -5.672312e-05
4.070000e+00 -5.704245e-05
4.080000e+00 -5.756928e-05
4.090000e+00 -5.828900e-05
4.100000e+00 -5.918431e-05
4.110000e+00 -6.023539e-05
4.120000e+00 -6.142017e-05
4.130000e+00 -6.271450e-05
4.140000e+00 -6.409247e-05
4.150000e+00 -6.552665e-05
4.160000e+00 -6.698839e-05
4.170000e+00 -6.844813e-05
4.180000e+00 -6.987568e-05
4.190000e+00 -7.124058e-05
4.200000e+00 -7.251231e-05
4.210000e+00 -7.366069e-05
4.220000e+00 -7.465609e-05
4.230000e+00 -7.546971e-05
4.240000e+00 -7.607389e-05
4.250000e+00 -7.644226e-05
4.260000e+00 -7.655002e-05
4.270000e+00 -7.637407e-05
4.280000e+00 -7.589318e-05
4.290000e+00 -7.508814e-05
4.300000e+00 -7.394179e-05
4.310000e+00 -7.243916e-05
4.320000e+00 -7.056740e-05
4.330000e+00 -6.831588e-05
4.340000e+00 -6.567607e-05
4.350000e+00 -6.264150e-05
4.360000e+00 -5.920767e-05
4.370000e+00 -5.537193e-05
4.380000e+00 -5.113330e-05
4.390000e+00 -4.649234e-05
4.400000e+00 -4.145091e-05
4.410000e+00 -3.601204e-05
4.420000e+00 -3.017962e-05
4.430000e+00 -2.395824e-05
4.440000e+00 -1.735296e-05
4.450000e+00 -1.036901e-05
4.460000e+00 -3.011653e-06
4.470000e+00 4.714096e-06
4.480000e+00 1.280366e-05
4.490000e+00 2.125310e-05
4.500000e+00 3.005928e-05
4.510000e+00 3.922004e-05
4.520000e+00 4.873432e-05
4.530000e+00 5.860228e-05
4.540000e+00 6.882535e-05
4.550000e+00 7.940629e-05
4.560000e+00 9.034924e-05
4.570000e+00 1.016597e-04
4.580000e+00 1.133443e-04
4.590000e+00 1.254111e-04
4.600000e+00 1.378692e-04
4.610000e+00 1.507286e-04
4.620000e+00 1.640001e-04
4.630000e+00 1.776952e-04
4.640000e+00 1.918257e-04
4.650000e+00 2.064037e-04
4.660000e+00 2.214409e-04
4.670000e+00 2.369489e-04
4.680000e+00 2.529386e-04
4.690000e+00 2.694199e-04
4.700000e+00 2.864015e-04
4.710000e+00 3.038906e-04
4.720000e+00 3.218925e-04
4.730000e+00 3.404106e-04
4.740000e+00 3.594460e-04
4.750000e+00 3.789969e-04
4.760000e+00 3.990591e-04
4.770000e+00 4.196253e-04
4.780000e+00 4.406849e-04
4.790000e+00 4.622241e-04
4.800000e+00 4.842258e-04
4.810000e+00 5.066693e-04
4.820000e+00 5.295305e-04
4.830000e+00 5.527816e-04
4.840000e+00 5.763917e-04
4.850000e+00 6.003260e-04
4.860000e+00 6.245470e-04
4.870000e+00 6.490135e-04
4.880000e+00 6.736817e-04
4.890000e+00 6.985049e-04
4.900000e+00 7.234342e-04
4.910000e+00 7.484180e-04
4.920000e+00 7.734031e-04
4.930000e+00 7.983348e-04
4.940000e+00 8.231568e-04
4.950000e+00 8.478122e-04
4.960000e+00 8.722434e-04
4.970000e+00 8.963927e-04
4.980000e+00 9.202025e-04
4.990000e+00 9.436161e-04
5.000000e+00 9.665774e-04
5.010000e+00 9.890318e-04
5.020000e+00 1.010926e-03
5.030000e+00 1.032210e-03
5.040000e+00 1.052834e-03
5.050000e+00 1.072753e-03
5.060000e+00 1.091923e-03
5.070000e+00 1.110304e-03
5.080000e+00 1.127859e-03
5.090000e+00 1.144556e-03
5.100000e+00 1.160365e-03
5.110000e+00 1.175259e-03
5.120000e+00 1.189218e-03
5.130000e+00 1.202222e-03
5.140000e+00 1.214257e-03
5.150000e+00 1.225315e-03
5.160000e+00 1.235387e-03
5.170000e+00 1.244471e-03
5.180000e+00 1.252568e-03
5.190000e+00 1.259684e-03
5.200000e+00 1.265825e-03
5.210000e+00 1.271004e-03
5.220000e+00 1.275234e-03
5.230000e+00 1.278532e-03
5.240000e+00 1.280919e-03
5.250000e+00 1.282416e-03
5.260000e+00 1.283048e-03
5.270000e+00 1.282841e-03
5.280000e+00 1.281824e-03
5.290000e+00 1.280026e-03
5.300000e+00 1.277478e-03
5.310000e+00 1.274212e-03
5.320000e+00 1.270261e-03
5.330000e+00 1.265659e-03
5.340000e+00 1.260440e-03
5.350000e+00 1.254640e-03
5.360000e+00 1.248292e-03
5.370000e+00 1.241432e-03
5.380000e+00 1.234095e-03
5.390000e+00 1.226315e-03
5.400000e+00 1.218129e-03
5.410000e+00 1.209570e-03
5.420000e+00 1.200673e-03
5.430000e+00 1.191471e-03
5.440000e+00 1.181998e-03
5.450000e+00 1.172288e-03
5.460000e+00 1.162372e-03
5.470000e+00 1.152284e-03
5.480000e+00 1.142055e-03
5.490000e+00 1.131717e-03
5.500000e+00 1.121302e-03
5.510000e+00 1.110838e-03
5.520000e+00 1.100358e-03
5.530000e+00 1.089890e-03
5.540000e+00 1.079465e-03
5.550000e+00 1.069110e-03
5.560000e+00 1.058854e-03
5.570000e+00 1.048726e-03
5.580000e+00 1.038751e-03
5.590000e+00 1.028957e-03
5.600000e+00 1.019370e-03
5.610000e+00 1.010013e-03
5.620000e+00 1.000910e-03
5.630000e+00 9.920855e-04
5.640000e+00 9.835595e-04
5.650000e+00 9.753525e-04
5.660000e+00 9.674832e-04
5.670000e+00 9.599687e-04
5.680000e+00 9.528242e-04
5.690000e+00 9.460630e-04
5.700000e+00 9.396964e-04
5.710000e+00 9.337336e-04
5.720000e+00 9.281811e-04
5.730000e+00 9.230433e-04
5.740000e+00 9.183218e-04
5.750000e+00 9.140154e-04
5.760000e+00 9.101203e-04
5.770000e+00 9.066297e-04
5.780000e+00 9.035338e-04
5.790000e+00 9.008198e-04
5.800000e+00 8.984720e-04
5.810000e+00 8.964717e-04
5.820000e+00 8.947969e-04
5.830000e+00 8.934231e-04
5.840000e+00 8.923227e-04
5.850000e+00 8.914652e-04
5.860000e+00 8.908178e-04
5.870000e+00 8.903450e-04
5.880000e+00 8.900090e-04
5.890000e+00 8.897699e-04
5.900000e+00 8.895859e-04
5.910000e+00 8.894136e-04
5.920000e+00 8.892081e-04
5.930000e+00 8.889235e-04
5.940000e+00 8.885128e-04
5.950000e+00 8.879286e-04
5.960000e+00 8.871233e-04
5.970000e+00 8.860491e-04
5.980000e+00 8.846589e-04
5.990000e+00 8.829060e-04
6.000000e+00 8.807446e-04
6.010000e+00 8.781304e-04
6.020000e+00 8.750204e-04
6.030000e+00 8.713736e-04
6.040000e+00 8.671509e-04
6.050000e+00 8.623157e-04
6.060000e+00 8.568338e-04
6.070000e+00 8.506738e-04
6.080000e+00 8.438071e-04
6.090000e+00 8.362084e-04
6.100000e+00 8.278554e-04
6.110000e+00 8.187291e-04
6.120000e+00 8.088140e-04
6.130000e+00 7.980981e-04
6.140000e+00 7.865725e-04
6.150000e+00 7.742320e-04
6.160000e+00 7.610750e-04
6.170000e+00 7.471027e-04
6.180000e+00 7.323202e-04
6.190000e+00 7.167354e-04
6.200000e+00 7.003594e-04
6.210000e+00 6.832061e-04
6.220000e+00 6.652923e-04
6.230000e+00 6.466374e-04
6.240000e+00 6.272632e-04
6.250000e+00 6.071937e-04
6.260000e+00 5.864550e-04
6.270000e+00 5.650749e-04
6.280000e+00 5.430830e-04
6.290000e+00 5.205102e-04
6.300000e+00 4.973888e-04
6.310000e+00 4.737520e-04
6.320000e+00 4.496338e-04
6.330000e+00 4.250690e-04
6.340000e+00 4.000929e-04
6.350000e+00 3.747410e-04
6.360000e+00 3.490490e-04
6.370000e+00 3.230528e-04
6.380000e+00 2.967880e-04
6.390000e+00 2.702902e-04
6.400000e+00 2.435947e-04
6.410000e+00 2.167363e-04
6.420000e+00 1.897494e-04
6.430000e+00 1.626681e-04
6.440000e+00 1.355257e-04
6.450000e+00 1.083552e-04
6.460000e+00 8.118873e-05
6.470000e+00 5.405810e-05
6.480000e+00 2.699437e-05
6.490000e+00 2.801151e-08
6.500000e+00 -2.681106e-05
6.510000e+00 -5.349353e-05
6.520000e+00 -7.999066e-05
6.530000e+00 -1.062742e-04
6.540000e+00 -1.323167e-04
6.550000e+00 -1.580908e-04
6.560000e+00 -1.835701e-04
6.570000e+00 -2.087285e-04
6.580000e+00 -2.335404e-04
6.590000e+00 -2.579811e-04
6.600000e+00 -2.820260e-04
6.610000e+00 -3.056514e-04
6.620000e+00 -3.288341e-04
6.630000e+00 -3.515516e-04
6.640000e+00 -3.737822e-04
6.650000e+00 -3.955048e-04
6.660000e+00 -4.166993e-04
6.670000e+00 -4.373465e-04
6.680000e+00 -4.574280e-04
6.690000e+00 -4.769268e-04
6.700000e+00 -4.958267e-04
6.710000e+00 -5.141129e-04
6.720000e+00 -5.317720e-04
6.730000e+00 -5.487918e-04
6.740000e+00 -5.651618e-04
6.750000e+00 -5.808728e-04
6.760000e+00 -5.959175e-04
6.770000e+00 -6.102902e-04
6.780000e+00 -6.239868e-04
6.790000e+00 -6.370051e-04
6.800000e+00 -6.493449e-04
6.810000e+00 -6.610075e-04
6.820000e+00 -6.719964e-04
6.830000e+00 -6.823166e-04
6.840000e+00 -6.919752e-04
6.850000e+00 -7.009810e-04
6.860000e+00 -7.093444e-04
6.870000e+00 -7.170776e-04
6.880000e+00 -7.241943e-04
6.890000e+00 -7.307096e-04
6.900000e+00 -7.366401e-04
6.910000e+00 -7.420034e-04
6.920000e+00 -7.468182e-04
6.930000e+00 -7.511041e-04
6.940000e+00 -7.548816e-04
6.950000e+00 -7.581714e-04
6.960000e+00 -7.609947e-04
6.970000e+00 -7.633728e-04
6.980000e+00 -7.653270e-04
6.990000e+00 -7.668783e-04
7.000000e+00 -7.680472e-04
7.010000e+00 -7.688534e-04
7.020000e+00 -7.693160e-04
7.030000e+00 -7.694527e-04
7.040000e+00 -7.692802e-04
7.050000e+00 -7.688135e-04
7.060000e+00 -7.680663e-04
7.070000e+00 -7.670503e-04
7.080000e+00 -7.657754e-04
7.090000e+00 -7.642494e-04
7.100000e+00 -7.624782e-04
7.110000e+00 -7.604652e-04
7.120000e+00 -7.582118e-04
7.130000e+00 -7.557170e-04
7.140000e+00 -7.529776e-04
7.150000e+00 -7.499880e-04
7.160000e+00 -7.467403e-04
7.170000e+00 -7.432245e-04
7.180000e+00 -7.394285e-04
7.190000e+00 -7.353380e-04
7.200000e+00 -7.309371e-04
7.210000e+00 -7.262078e-04
7.220000e+00 -7.211306e-04
7.230000e+00 -7.156849e-04
7.240000e+00 -7.098483e-04
7.250000e+00 -7.035980e-04
7.260000e+00 -6.969100e-04
7.270000e+00 -6.897601e-04
7.280000e+00 -6.821235e-04
7.290000e+00 -6.739757e-04
7.300000e+00 -6.652923e-04
7.310000e+00 -6.560495e-04
7.320000e+00 -6.462242e-04
7.330000e+00 -6.357946e-04
7.340000e+00 -6.247402e-04
7.350000e+00 -6.130420e-04
7.360000e+00 -6.006832e-04
7.370000e+00 -5.876488e-04
7.380000e+00 -5.739266e-04
7.390000e+00 -5.595068e-04
7.400000e+00 -5.443826e-04
7.410000e+00 -5.285504e-04
7.420000e+00 -5.120096e-04
7.430000e+00 -4.947635e-04
7.440000e+00 -4.768187e-04
7.450000e+00 -4.581856e-04
7.460000e+00 -4.388788e-04
7.470000e+00 -4.189165e-04
7.480000e+00 -3.983212e-04
7.490000e+00 -3.771194e-04
7.500000e+00 -3.553419e-04
7.510000e+00 -3.330234e-04
7.520000e+00 -3.102029e-04
7.530000e+00 -2.869234e-04
7.540000e+00 -2.632319e-04
7.550000e+00 -2.391793e-04
7.560000e+00 -2.148202e-04
7.570000e+00 -1.902128e-04
7.580000e+00 -1.654188e-04
7.590000e+00 -1.405032e-04
7.600000e+00 -1.155338e-04
7.610000e+00 -9.058146e-05
7.620000e+00 -6.571930e-05
7.630000e+00 -4.102276e-05
7.640000e+00 -1.656921e-05
7.650000e+00 7.562419e-06
7.660000e+00 3.129194e-05
7.670000e+00 5.453825e-05
7.680000e+00 7.721976e-05
7.690000e+00 9.925469e-05
7.700000e+00 1.205615e-04
7.710000e+00 1.410595e-04
7.720000e+00 1.606686e-04
7.730000e+00 1.793107e-04
7.740000e+00 1.969092e-04
7.750000e+00 2.133901e-04
7.760000e+00 2.286818e-04
7.770000e+00 2.427160e-04
7.780000e+00 2.554279e-04
7.790000e+00 2.667565e-04
7.800000e+00 2.766453e-04
7.810000e+00 2.850423e-04
7.820000e+00 2.919005e-04
7.830000e+00 2.971782e-04
7.840000e+00 3.008395e-04
7.850000e+00 3.028541e-04
7.860000e+00 3.031983e-04
7.870000e+00 3.018544e-04
7.880000e+00 2.988115e-04
7.890000e+00 2.940653e-04
7.900000e+00 2.876187e-04
7.910000e+00 2.794813e-04
7.920000e+00 2.696696e-04
7.930000e+00 2.582076e-04
7.940000e+00 2.451258e-04
7.950000e+00 2.304621e-04
7.960000e+00 2.142609e-04
7.970000e+00 1.965734e-04
7.980000e+00 1.774574e-04
7.990000e+00 1.569769e-04
8.000000e+00 1.352018e-04
8.010000e+00 1.122079e-04
8.020000e+00 8.807628e-05
8.030000e+00 6.289281e-05
8.040000e+00 3.674811e-05
8.050000e+00 9.736831e-06
8.060000e+00 -1.804274e-05
8.070000e+00 -4.648919e-05
8.080000e+00 -7.549850e-05
8.090000e+00 -1.049646e-04
8.100000e+00 -1.347798e-04
8.110000e+00 -1.648356e-04
8.120000e+00 -1.950232e-04
8.130000e+00 -2.252337e-04
8.140000e+00 -2.553593e-04
8.150000e+00 -2.852934e-04
8.160000e+00 -3.149315e-04
8.170000e+00 -3.441712e-04
8.180000e+00 -3.729134e-04
8.190000e+00 -4.010625e-04
8.200000e+00 -4.285268e-04
8.210000e+00 -4.552191e-04
8.220000e+00 -4.810570e-04
8.230000e+00 -5.059635e-04
8.240000e+00 -5.298669e-04
8.250000e+00 -5.527018e-04
8.260000e+00 -5.744087e-04
8.270000e+00 -5.949346e-04
8.280000e+00 -6.142330e-04
8.290000e+00 -6.322641e-04
8.300000e+00 -6.489948e-04
8.310000e+00 -6.643990e-04
8.320000e+00 -6.784570e-04
8.330000e+00 -6.911560e-04
8.340000e+00 -7.024899e-04
8.350000e+00 -7.124587e-04
8.360000e+00 -7.210688e-04
8.370000e+00 -7.283326e-04
8.380000e+00 -7.342680e-04
8.390000e+00 -7.388984e-04
8.400000e+00 -7.422523e-04
8.410000e+00 -7.443626e-04
8.420000e+00 -7.452667e-04
8.430000e+00 -7.450056e-04
8.440000e+00 -7.436240e-04
8.450000e+00 -7.411693e-04
8.460000e+00 -7.376915e-04
8.470000e+00 -7.332427e-04
8.480000e+00 -7.278766e-04
8.490000e+00 -7.216481e-04
8.500000e+00 -7.146127e-04
8.510000e+00 -7.068265e-04
8.520000e+00 -6.983453e-04
8.530000e+00 -6.892245e-04
8.540000e+00 -6.795188e-04
8.550000e+00 -6.692816e-04
8.560000e+00 -6.585651e-04
8.570000e+00 -6.474196e-04
8.580000e+00 -6.358938e-04
8.590000e+00 -6.240338e-04
8.600000e+00 -6.118840e-04
8.610000e+00 -5.994861e-04
8.620000e+00 -5.868793e-04
8.630000e+00 -5.741004e-04
8.640000e+00 -5.611836e-04
8.650000e+00 -5.481606e-04
8.660000e+00 -5.350606e-04
8.670000e+00 -5.219105e-04
8.680000e+00 -5.087346e-04
8.690000e+00 -4.955554e-04
8.700000e+00 -4.823930e-04
8.710000e+00 -4.692659e-04
8.720000e+00 -4.561909e-04
8.730000e+00 -4.431830e-04
8.740000e+00 -4.302563e-04
8.750000e+00 -4.174235e-04
8.760000e+00 -4.046964e-04
8.770000e+00 -3.920863e-04
8.780000e+00 -3.796038e-04
8.790000e+00 -3.672592e-04
8.800000e+00 -3.550625e-04
8.810000e+00 -3.430240e-04
8.820000e+00 -3.311537e-04
8.830000e+00 -3.194621e-04
8.840000e+00 -3.079599e-04
8.850000e+00 -2.966581e-04
8.860000e+00 -2.855683e-04
8.870000e+00 -2.747023e-04
8.880000e+00 -2.640723e-04
8.890000e+00 -2.536911e-04
8.900000e+00 -2.435715e-04
8.910000e+00 -2.337267e-04
8.920000e+00 -2.241699e-04
8.930000e+00 -2.149143e-04
8.940000e+00 -2.059728e-04
8.950000e+00 -1.973580e-04
8.960000e+00 -1.890819e-04
8.970000e+00 -1.811557e-04
8.980000e+00 -1.735896e-04
8.990000e+00 -1.663927e-04
9.000000e+00 -1.595725e-04
9.010000e+00 -1.531351e-04
9.020000e+00 -1.470846e-04
9.030000e+00 -1.414230e-04
9.040000e+00 -1.361502e-04
9.050000e+00 -1.312635e-04
9.060000e+00 -1.267579e-04
9.070000e+00 -1.226255e-04
9.080000e+00 -1.188556e-04
9.090000e+00 -1.154348e-04
9.100000e+00 -1.123466e-04
9.110000e+00 -1.095717e-04
9.120000e+00 -1.070876e-04
9.130000e+00 -1.048694e-04
9.140000e+00 -1.028889e-04
9.150000e+00 -1.011157e-04
9.160000e+00 -9.951675e-05
9.170000e+00 -9.805662e-05
9.180000e+00 -9.669796e-05
9.190000e+00 -9.540159e-05
9.200000e+00 -9.412684e-05
9.210000e+00 -9.283189e-05
9.220000e+00 -9.147409e-05
9.230000e+00 -9.001034e-05
9.240000e+00 -8.839750e-05
9.250000e+00 -8.659274e-05
9.260000e+00 -8.455403e-05
9.270000e+00 -8.224048e-05
9.280000e+00 -7.961282e-05
9.290000e+00 -7.663377e-05
9.300000e+00 -7.326850e-05
9.310000e+00 -6.948496e-05
9.320000e+00 -6.525429e-05
9.330000e+00 -6.055120e-05
9.340000e+00 -5.535425e-05
9.350000e+00 -4.964617e-05
9.360000e+00 -4.341409e-05
9.370000e+00 -3.664983e-05
9.380000e+00 -2.935000e-05
9.390000e+00 -2.151619e-05
9.400000e+00 -1.315501e-05
9.410000e+00 -4.278170e-06
9.420000e+00 5.097553e-06
9.430000e+00 1.495038e-05
9.440000e+00 2.525367e-05
9.450000e+00 3.597603e-05
9.460000e+00 4.708160e-05
9.470000e+00 5.853030e-05
9.480000e+00 7.027813e-05
9.490000e+00 8.227758e-05
9.500000e+00 9.447798e-05
9.510000e+00 1.068260e-04
9.520000e+00 1.192661e-04
9.530000e+00 1.317409e-04
9.540000e+00 1.441923e-04
9.550000e+00 1.565610e-04
9.560000e+00 1.687881e-04
9.570000e+00 1.808152e-04
9.580000e+00 1.925850e-04
9.590000e+00 2.040417e-04
9.600000e+00 2.151323e-04
9.610000e+00 2.258061e-04
9.620000e+00 2.360163e-04
9.630000e+00 2.457197e-04
9.640000e+00 2.548777e-04
9.650000e+00 2.634564e-04
9.660000e+00 2.714272e-04
9.670000e+00 2.787672e-04
9.680000e+00 2.854594e-04
9.690000e+00 2.914928e-04
9.700000e+00 2.968631e-04
9.710000e+00 3.015723e-04
9.720000e+00 3.056289e-04
9.730000e+00 3.090483e-04
9.740000e+00 3.118520e-04
9.750000e+00 3.140684e-04
9.760000e+00 3.157317e-04
9.770000e+00 3.168825e-04
9.780000e+00 3.175667e-04
9.790000e+00 3.178358e-04
9.800000e+00 3.177461e-04
9.810000e+00 3.173583e-04
9.820000e+00 3.167370e-04
9.830000e+00 3.159503e-04
9.840000e+00 3.150688e-04
9.850000e+00 3.141655e-04
9.860000e+00 3.133145e-04
9.870000e+00 3.125911e-04
9.880000e+00 3.120704e-04
9.890000e+00 3.118268e-04
9.900000e+00 3.119339e-04
9.910000e+00 3.124627e-04
9.920000e+00 3.134818e-04
9.930000e+00 3.150567e-04
9.940000e+00 3.172486e-04
9.950000e+00 3.201142e-04
9.960000e+00 3.237053e-04
9.970000e+00 3.280678e-04
9.980000e+00 3.332416e-04
9.990000e+00 3.392603e-04
1.000000e+01 3.461504e-04
