# sigma2_v 6.966537364139232e+00
0.000000e+00 1.000000e+00
1.000000e-02 9.996517e-01
2.000000e-02 9.986077e-01
3.000000e-02 9.968702e-01
4.000000e-02 9.944429e-01
5.000000e-02 9.913312e-01
6.000000e-02 9.875418e-01
7.000000e-02 9.830829e-01
8.000000e-02 9.779641e-01
9.000000e-02 9.721963e-01
1.000000e-01 9.657919e-01
1.100000e-01 9.587645e-01
1.200000e-01 9.511290e-01
1.300000e-01 9.429013e-01
1.400000e-01 9.340986e-01
1.500000e-01 9.247392e-01
1.600000e-01 9.148422e-01
1.700000e-01 9.044279e-01
1.800000e-01 8.935173e-01
1.900000e-01 8.821321e-01
2.000000e-01 8.702948e-01
2.100000e-01 8.580286e-01
2.200000e-01 8.453573e-01
2.300000e-01 8.323048e-01
2.400000e-01 8.188960e-01
2.500000e-01 8.051555e-01
2.600000e-01 7.911086e-01
2.700000e-01 7.767805e-01
2.800000e-01 7.621966e-01
2.900000e-01 7.473824e-01
3.000000e-01 7.323631e-01
3.100000e-01 7.171639e-01
3.200000e-01 7.018099e-01
3.300000e-01 6.863256e-01
3.400000e-01 6.707357e-01
3.500000e-01 6.550639e-01
3.600000e-01 6.393339e-01
3.700000e-01 6.235687e-01
3.800000e-01 6.077908e-01
3.900000e-01 5.920220e-01
4.000000e-01 5.762837e-01
4.100000e-01 5.605962e-01
4.200000e-01 5.449795e-01
4.300000e-01 5.294527e-01
4.400000e-01 5.140339e-01
4.500000e-01 4.987406e-01
4.600000e-01 4.835896e-01
4.700000e-01 4.685965e-01
4.800000e-01 4.537764e-01
4.900000e-01 4.391433e-01
5.000000e-01 4.247104e-01
5.100000e-01 4.104900e-01
5.200000e-01 3.964935e-01
5.300000e-01 3.827315e-01
5.400000e-01 3.692137e-01
5.500000e-01 3.559488e-01
5.600000e-01 3.429450e-01
5.700000e-01 3.302093e-01
5.800000e-01 3.177480e-01
5.900000e-01 3.055667e-01
6.000000e-01 2.936700e-01
6.100000e-01 2.820620e-01
6.200000e-01 2.707459e-01
6.300000e-01 2.597242e-01
6.400000e-01 2.489988e-01
6.500000e-01 2.385708e-01
6.600000e-01 2.284408e-01
6.700000e-01 2.186086e-01
6.800000e-01 2.090738e-01
6.900000e-01 1.998350e-01
7.000000e-01 1.908906e-01
7.100000e-01 1.822384e-01
7.200000e-01 1.738757e-01
7.300000e-01 1.657996e-01
7.400000e-01 1.580064e-01
7.500000e-01 1.504924e-01
7.600000e-01 1.432535e-01
7.700000e-01 1.362850e-01
7.800000e-01 1.295823e-01
7.900000e-01 1.231402e-01
8.000000e-01 1.169537e-01
8.100000e-01 1.110171e-01
8.200000e-01 1.053249e-01
8.300000e-01 9.987124e-02
8.400000e-01 9.465020e-02
8.500000e-01 8.965574e-02
8.600000e-01 8.488173e-02
8.700000e-01 8.032198e-02
8.800000e-01 7.597024e-02
8.900000e-01 7.182022e-02
9.000000e-01 6.786563e-02
9.100000e-01 6.410019e-02
9.200000e-01 6.051761e-02
9.300000e-01 5.711166e-02
9.400000e-01 5.387613e-02
9.500000e-01 5.080488e-02
9.600000e-01 4.789184e-02
9.700000e-01 4.513102e-02
9.800000e-01 4.251651e-02
9.900000e-01 4.004251e-02
1.000000e+00 3.770331e-02
1.010000e+00 3.549332e-02
1.020000e+00 3.340706e-02
1.030000e+00 3.143920e-02
1.040000e+00 2.958451e-02
1.050000e+00 2.783790e-02
1.060000e+00 2.619442e-02
1.070000e+00 2.464926e-02
1.080000e+00 2.319775e-02
1.090000e+00 2.183535e-02
1.100000e+00 2.055768e-02
1.110000e+00 1.936050e-02
1.120000e+00 1.823971e-02
1.130000e+00 1.719136e-02
1.140000e+00 1.621162e-02
1.150000e+00 1.529683e-02
1.160000e+00 1.444347e-02
1.170000e+00 1.364813e-02
1.180000e+00 1.290757e-02
1.190000e+00 1.221866e-02
1.200000e+00 1.157841e-02
1.210000e+00 1.098396e-02
1.220000e+00 1.043257e-02
1.230000e+00 9.921636e-03
1.240000e+00 9.448663e-03
1.250000e+00 9.011274e-03
1.260000e+00 8.607205e-03
1.270000e+00 8.234303e-03
1.280000e+00 7.890521e-03
1.290000e+00 7.573914e-03
1.300000e+00 7.282637e-03
1.310000e+00 7.014940e-03
1.320000e+00 6.769167e-03
1.330000e+00 6.543749e-03
1.340000e+00 6.337203e-03
1.350000e+00 6.148129e-03
1.360000e+00 5.975204e-03
1.370000e+00 5.817183e-03
1.380000e+00 5.672891e-03
1.390000e+00 5.541224e-03
1.400000e+00 5.421144e-03
1.410000e+00 5.311677e-03
1.420000e+00 5.211909e-03
1.430000e+00 5.120985e-03
1.440000e+00 5.038103e-03
1.450000e+00 4.962516e-03
1.460000e+00 4.893526e-03
1.470000e+00 4.830486e-03
1.480000e+00 4.772790e-03
1.490000e+00 4.719879e-03
1.500000e+00 4.671235e-03
1.510000e+00 4.626377e-03
1.520000e+00 4.584864e-03
1.530000e+00 4.546290e-03
1.540000e+00 4.510283e-03
1.550000e+00 4.476500e-03
1.560000e+00 4.444633e-03
1.570000e+00 4.414400e-03
1.580000e+00 4.385545e-03
1.590000e+00 4.357839e-03
1.600000e+00 4.331078e-03
1.610000e+00 4.305079e-03
1.620000e+00 4.279681e-03
1.630000e+00 4.254742e-03
1.640000e+00 4.230139e-03
1.650000e+00 4.205767e-03
1.660000e+00 4.181536e-03
1.670000e+00 4.157370e-03
1.680000e+00 4.133208e-03
1.690000e+00 4.109003e-03
1.700000e+00 4.084714e-03
1.710000e+00 4.060317e-03
1.720000e+00 4.035791e-03
1.730000e+00 4.011127e-03
1.740000e+00 3.986323e-03
1.750000e+00 3.961382e-03
1.760000e+00 3.936313e-03
1.770000e+00 3.911129e-03
1.780000e+00 3.885849e-03
1.790000e+00 3.860492e-03
1.800000e+00 3.835081e-03
1.810000e+00 3.809642e-03
1.820000e+00 3.784199e-03
1.830000e+00 3.758780e-03
1.840000e+00 3.733411e-03
1.850000e+00 3.708119e-03
1.860000e+00 3.682929e-03
1.870000e+00 3.657867e-03
1.880000e+00 3.632955e-03
1.890000e+00 3.608217e-03
1.900000e+00 3.583673e-03
1.910000e+00 3.559342e-03
1.920000e+00 3.535242e-03
1.930000e+00 3.511387e-03
1.940000e+00 3.487791e-03
1.950000e+00 3.464467e-03
1.960000e+00 3.441423e-03
1.970000e+00 3.418669e-03
1.980000e+00 3.396212e-03
1.990000e+00 3.374056e-03
2.000000e+00 3.352206e-03
2.010000e+00 3.330664e-03
2.020000e+00 3.309433e-03
2.030000e+00 3.288512e-03
2.040000e+00 3.267902e-03
2.050000e+00 3.247603e-03
2.060000e+00 3.227611e-03
2.070000e+00 3.207926e-03
2.080000e+00 3.188545e-03
2.090000e+00 3.169464e-03
2.100000e+00 3.150680e-03
2.110000e+00 3.132189e-03
2.120000e+00 3.113987e-03
2.130000e+00 3.096068e-03
2.140000e+00 3.078426e-03
2.150000e+00 3.061057e-03
2.160000e+00 3.043951e-03
2.170000e+00 3.027103e-03
2.180000e+00 3.010502e-03
2.190000e+00 2.994139e-03
2.200000e+00 2.978003e-03
2.210000e+00 2.962082e-03
2.220000e+00 2.946362e-03
2.230000e+00 2.930827e-03
2.240000e+00 2.915462e-03
2.250000e+00 2.900247e-03
2.260000e+00 2.885163e-03
2.270000e+00 2.870189e-03
2.280000e+00 2.855300e-03
2.290000e+00 2.840473e-03
2.300000e+00 2.825681e-03
2.310000e+00 2.810896e-03
2.320000e+00 2.796090e-03
2.330000e+00 2.781233e-03
2.340000e+00 2.766293e-03
2.350000e+00 2.751240e-03
2.360000e+00 2.736043e-03
2.370000e+00 2.720668e-03
2.380000e+00 2.705086e-03
2.390000e+00 2.689266e-03
2.400000e+00 2.673178e-03
2.410000e+00 2.656793e-03
2.420000e+00 2.640087e-03
2.430000e+00 2.623034e-03
2.440000e+00 2.605613e-03
2.450000e+00 2.587806e-03
2.460000e+00 2.569597e-03
2.470000e+00 2.550975e-03
2.480000e+00 2.531932e-03
2.490000e+00 2.512465e-03
2.500000e+00 2.492574e-03
2.510000e+00 2.472266e-03
2.520000e+00 2.451551e-03
2.530000e+00 2.430445e-03
2.540000e+00 2.408968e-03
2.550000e+00 2.387146e-03
2.560000e+00 2.365009e-03
2.570000e+00 2.342593e-03
2.580000e+00 2.319939e-03
2.590000e+00 2.297091e-03
2.600000e+00 2.274098e-03
2.610000e+00 2.251014e-03
2.620000e+00 2.227895e-03
2.630000e+00 2.204801e-03
2.640000e+00 2.181796e-03
2.650000e+00 2.158945e-03
2.660000e+00 2.136314e-03
2.670000e+00 2.113974e-03
2.680000e+00 2.091993e-03
2.690000e+00 2.070441e-03
2.700000e+00 2.049388e-03
2.710000e+00 2.028904e-03
2.720000e+00 2.009055e-03
2.730000e+00 1.989907e-03
2.740000e+00 1.971524e-03
2.750000e+00 1.953967e-03
2.760000e+00 1.937293e-03
2.770000e+00 1.921555e-03
2.780000e+00 1.906804e-03
2.790000e+00 1.893083e-03
2.800000e+00 1.880433e-03
2.810000e+00 1.868888e-03
2.820000e+00 1.858479e-03
2.830000e+00 1.849229e-03
2.840000e+00 1.841156e-03
2.850000e+00 1.834272e-03
2.860000e+00 1.828584e-03
2.870000e+00 1.824093e-03
2.880000e+00 1.820791e-03
2.890000e+00 1.818669e-03
2.900000e+00 1.817709e-03
2.910000e+00 1.817888e-03
2.920000e+00 1.819177e-03
2.930000e+00 1.821544e-03
2.940000e+00 1.824949e-03
2.950000e+00 1.829349e-03
2.960000e+00 1.834696e-03
2.970000e+00 1.840939e-03
2.980000e+00 1.848020e-03
2.990000e+00 1.855882e-03
3.000000e+00 1.864460e-03
3.010000e+00 1.873690e-03
3.020000e+00 1.883504e-03
3.030000e+00 1.893832e-03
3.040000e+00 1.904602e-03
3.050000e+00 1.915742e-03
3.060000e+00 1.927177e-03
3.070000e+00 1.938832e-03
3.080000e+00 1.950635e-03
3.090000e+00 1.962509e-03
3.100000e+00 1.974382e-03
3.110000e+00 1.986180e-03
3.120000e+00 1.997832e-03
3.130000e+00 2.009268e-03
3.140000e+00 2.020421e-03
3.150000e+00 2.031224e-03
3.160000e+00 2.041615e-03
3.170000e+00 2.051534e-03
3.180000e+00 2.060924e-03
3.190000e+00 2.069732e-03
3.200000e+00 2.077909e-03
3.210000e+00 2.085409e-03
3.220000e+00 2.092190e-03
3.230000e+00 2.098216e-03
3.240000e+00 2.103455e-03
3.250000e+00 2.107878e-03
3.260000e+00 2.111464e-03
3.270000e+00 2.114194e-03
3.280000e+00 2.116054e-03
3.290000e+00 2.117038e-03
3.300000e+00 2.117142e-03
3.310000e+00 2.116367e-03
3.320000e+00 2.114720e-03
3.330000e+00 2.112212e-03
3.340000e+00 2.108860e-03
3.350000e+00 2.104683e-03
3.360000e+00 2.099705e-03
3.370000e+00 2.093954e-03
3.380000e+00 2.087463e-03
3.390000e+00 2.080265e-03
3.400000e+00 2.072400e-03
3.410000e+00 2.063907e-03
3.420000e+00 2.054830e-03
3.430000e+00 2.045213e-03
3.440000e+00 2.035102e-03
3.450000e+00 2.024544e-03
3.460000e+00 2.013588e-03
3.470000e+00 2.002281e-03
3.480000e+00 1.990672e-03
3.490000e+00 1.978808e-03
3.500000e+00 1.966736e-03
3.510000e+00 1.954500e-03
3.520000e+00 1.942145e-03
3.530000e+00 1.929712e-03
3.540000e+00 1.917242e-03
3.550000e+00 1.904772e-03
3.560000e+00 1.892335e-03
3.570000e+00 1.879965e-03
3.580000e+00 1.867690e-03
3.590000e+00 1.855536e-03
3.600000e+00 1.843527e-03
3.610000e+00 1.831682e-03
3.620000e+00 1.820017e-03
3.630000e+00 1.808547e-03
3.640000e+00 1.797283e-03
3.650000e+00 1.786232e-03
3.660000e+00 1.775400e-03
3.670000e+00 1.764790e-03
3.680000e+00 1.754403e-03
3.690000e+00 1.744237e-03
3.700000e+00 1.734288e-03
3.710000e+00 1.724552e-03
3.720000e+00 1.715023e-03
3.730000e+00 1.705693e-03
3.740000e+00 1.696554e-03
3.750000e+00 1.687597e-03
3.760000e+00 1.678812e-03
3.770000e+00 1.670189e-03
3.780000e+00 1.661720e-03
3.790000e+00 1.653393e-03
3.800000e+00 1.645199e-03
3.810000e+00 1.637130e-03
3.820000e+00 1.629176e-03
3.830000e+00 1.621330e-03
3.840000e+00 1.613582e-03
3.850000e+00 1.605927e-03
3.860000e+00 1.598358e-03
3.870000e+00 1.590867e-03
3.880000e+00 1.583451e-03
3.890000e+00 1.576103e-03
3.900000e+00 1.568818e-03
3.910000e+00 1.561592e-03
3.920000e+00 1.554420e-03
3.930000e+00 1.547298e-03
3.940000e+00 1.540222e-03
3.950000e+00 1.533186e-03
3.960000e+00 1.526185e-03
3.970000e+00 1.519215e-03
3.980000e+00 1.512270e-03
3.990000e+00 1.505344e-03
4.000000e+00 1.498431e-03
4.010000e+00 1.491522e-03
4.020000e+00 1.484612e-03
4.030000e+00 1.477693e-03
4.040000e+00 1.470755e-03
4.050000e+00 1.463790e-03
4.060000e+00 1.456790e-03
4.070000e+00 1.449746e-03
4.080000e+00 1.442647e-03
4.090000e+00 1.435486e-03
4.100000e+00 1.428253e-03
4.110000e+00 1.420940e-03
4.120000e+00 1.413539e-03
4.130000e+00 1.406042e-03
4.140000e+00 1.398442e-03
4.150000e+00 1.390734e-03
4.160000e+00 1.382913e-03
4.170000e+00 1.374974e-03
4.180000e+00 1.366915e-03
4.190000e+00 1.358735e-03
4.200000e+00 1.350433e-03
4.210000e+00 1.342010e-03
4.220000e+00 1.333468e-03
4.230000e+00 1.324810e-03
4.240000e+00 1.316040e-03
4.250000e+00 1.307162e-03
4.260000e+00 1.298183e-03
4.270000e+00 1.289109e-03
4.280000e+00 1.279946e-03
4.290000e+00 1.270700e-03
4.300000e+00 1.261379e-03
4.310000e+00 1.251987e-03
4.320000e+00 1.242530e-03
4.330000e+00 1.233013e-03
4.340000e+00 1.223439e-03
4.350000e+00 1.213808e-03
4.360000e+00 1.204121e-03
4.370000e+00 1.194374e-03
4.380000e+00 1.184564e-03
4.390000e+00 1.174683e-03
4.400000e+00 1.164722e-03
4.410000e+00 1.154668e-03
4.420000e+00 1.144505e-03
4.430000e+00 1.134216e-03
4.440000e+00 1.123779e-03
4.450000e+00 1.113172e-03
4.460000e+00 1.102366e-03
4.470000e+00 1.091335e-03
4.480000e+00 1.080046e-03
4.490000e+00 1.068466e-03
4.500000e+00 1.056562e-03
4.510000e+00 1.044296e-03
4.520000e+00 1.031633e-03
4.530000e+00 1.018535e-03
4.540000e+00 1.004965e-03
4.550000e+00 9.908868e-04
4.560000e+00 9.762649e-04
4.570000e+00 9.610658e-04
4.580000e+00 9.452580e-04
4.590000e+00 9.288128e-04
4.600000e+00 9.117048e-04
4.610000e+00 8.939124e-04
4.620000e+00 8.754182e-04
4.630000e+00 8.562097e-04
4.640000e+00 8.362792e-04
4.650000e+00 8.156248e-04
4.660000e+00 7.942503e-04
4.670000e+00 7.721653e-04
4.680000e+00 7.493860e-04
4.690000e+00 7.259347e-04
4.700000e+00 7.018400e-04
4.710000e+00 6.771370e-04
4.720000e+00 6.518669e-04
4.730000e+00 6.260771e-04
4.740000e+00 5.998208e-04
4.750000e+00 5.731565e-04
4.760000e+00 5.461481e-04
4.770000e+00 5.188640e-04
4.780000e+00 4.913769e-04
4.790000e+00 4.637630e-04
4.800000e+00 4.361015e-04
4.810000e+00 4.084743e-04
4.820000e+00 3.809646e-04
4.830000e+00 3.536570e-04
4.840000e+00 3.266362e-04
4.850000e+00 2.999867e-04
4.860000e+00 2.737917e-04
4.870000e+00 2.481328e-04
4.880000e+00 2.230890e-04
4.890000e+00 1.987363e-04
4.900000e+00 1.751468e-04
4.910000e+00 1.523882e-04
4.920000e+00 1.305235e-04
4.930000e+00 1.096100e-04
4.940000e+00 8.969938e-05
4.950000e+00 7.083698e-05
4.960000e+00 5.306152e-05
4.970000e+00 3.640492e-05
4.980000e+00 2.089203e-05
4.990000e+00 6.540487e-06
5.000000e+00 -6.639322e-06
5.010000e+00 -1.864431e-05
5.020000e+00 -2.947861e-05
5.030000e+00 -3.915352e-05
5.040000e+00 -4.768728e-05
5.050000e+00 -5.510488e-05
5.060000e+00 -6.143783e-05
5.070000e+00 -6.672380e-05
5.080000e+00 -7.100631e-05
5.090000e+00 -7.433433e-05
5.100000e+00 -7.676188e-05
5.110000e+00 -7.834759e-05
5.120000e+00 -7.915424e-05
5.130000e+00 -7.924829e-05
5.140000e+00 -7.869941e-05
5.150000e+00 -7.758000e-05
5.160000e+00 -7.596467e-05
5.170000e+00 -7.392981e-05
5.180000e+00 -7.155305e-05
5.190000e+00 -6.891285e-05
5.200000e+00 -6.608802e-05
5.210000e+00 -6.315726e-05
5.220000e+00 -6.019879e-05
5.230000e+00 -5.728989e-05
5.240000e+00 -5.450657e-05
5.250000e+00 -5.192317e-05
5.260000e+00 -4.961201e-05
5.270000e+00 -4.764312e-05
5.280000e+00 -4.608390e-05
5.290000e+00 -4.499886e-05
5.300000e+00 -4.444937e-05
5.310000e+00 -4.449342e-05
5.320000e+00 -4.518540e-05
5.330000e+00 -4.657590e-05
5.340000e+00 -4.871159e-05
5.350000e+00 -5.163496e-05
5.360000e+00 -5.538428e-05
5.370000e+00 -5.999340e-05
5.380000e+00 -6.549171e-05
5.390000e+00 -7.190397e-05
5.400000e+00 -7.925029e-05
5.410000e+00 -8.754603e-05
5.420000e+00 -9.680178e-05
5.430000e+00 -1.070233e-04
5.440000e+00 -1.182115e-04
5.450000e+00 -1.303624e-04
5.460000e+00 -1.434673e-04
5.470000e+00 -1.575126e-04
5.480000e+00 -1.724799e-04
5.490000e+00 -1.883462e-04
5.500000e+00 -2.050837e-04
5.510000e+00 -2.226602e-04
5.520000e+00 -2.410390e-04
5.530000e+00 -2.601791e-04
5.540000e+00 -2.800353e-04
5.550000e+00 -3.005585e-04
5.560000e+00 -3.216957e-04
5.570000e+00 -3.433903e-04
5.580000e+00 -3.655824e-04
5.590000e+00 -3.882090e-04
5.600000e+00 -4.112040e-04
5.610000e+00 -4.344988e-04
5.620000e+00 -4.580226e-04
5.630000e+00 -4.817025e-04
5.640000e+00 -5.054638e-04
5.650000e+00 -5.292307e-04
5.660000e+00 -5.529260e-04
5.670000e+00 -5.764722e-04
5.680000e+00 -5.997912e-04
5.690000e+00 -6.228052e-04
5.700000e+00 -6.454367e-04
5.710000e+00 -6.676088e-04
5.720000e+00 -6.892460e-04
5.730000e+00 -7.102742e-04
5.740000e+00 -7.306212e-04
5.750000e+00 -7.502170e-04
5.760000e+00 -7.689941e-04
5.770000e+00 -7.868882e-04
5.780000e+00 -8.038378e-04
5.790000e+00 -8.197852e-04
5.800000e+00 -8.346765e-04
5.810000e+00 -8.484620e-04
5.820000e+00 -8.610963e-04
5.830000e+00 -8.725386e-04
5.840000e+00 -8.827530e-04
5.850000e+00 -8.917088e-04
5.860000e+00 -8.993803e-04
5.870000e+00 -9.057475e-04
5.880000e+00 -9.107957e-04
5.890000e+00 -9.145160e-04
5.900000e+00 -9.169053e-04
5.910000e+00 -9.179663e-04
5.920000e+00 -9.177076e-04
5.930000e+00 -9.161435e-04
5.940000e+00 -9.132944e-04
5.950000e+00 -9.091863e-04
5.960000e+00 -9.038512e-04
5.970000e+00 -8.973264e-04
5.980000e+00 -8.896551e-04
5.990000e+00 -8.808855e-04
6.000000e+00 -8.710711e-04
6.010000e+00 -8.602704e-04
6.020000e+00 -8.485464e-04
6.030000e+00 -8.359667e-04
6.040000e+00 -8.226028e-04
6.050000e+00 -8.085301e-04
6.060000e+00 -7.938271e-04
6.070000e+00 -7.785755e-04
6.080000e+00 -7.628595e-04
6.090000e+00 -7.467653e-04
6.100000e+00 -7.303809e-04
6.110000e+00 -7.137953e-04
6.120000e+00 -6.970979e-04
6.130000e+00 -6.803786e-04
6.140000e+00 -6.637266e-04
6.150000e+00 -6.472300e-04
6.160000e+00 -6.309755e-04
6.170000e+00 -6.150476e-04
6.180000e+00 -5.995280e-04
6.190000e+00 -5.844954e-04
6.200000e+00 -5.700243e-04
6.210000e+00 -5.561853e-04
6.220000e+00 -5.430439e-04
6.230000e+00 -5.306604e-04
6.240000e+00 -5.190890e-04
6.250000e+00 -5.083782e-04
6.260000e+00 -4.985693e-04
6.270000e+00 -4.896971e-04
6.280000e+00 -4.817890e-04
6.290000e+00 -4.748646e-04
6.300000e+00 -4.689361e-04
6.310000e+00 -4.640077e-04
6.320000e+00 -4.600756e-04
6.330000e+00 -4.571280e-04
6.340000e+00 -4.551449e-04
6.350000e+00 -4.540988e-04
6.360000e+00 -4.539540e-04
6.370000e+00 -4.546676e-04
6.380000e+00 -4.561892e-04
6.390000e+00 -4.584616e-04
6.400000e+00 -4.614207e-04
6.410000e+00 -4.649967e-04
6.420000e+00 -4.691138e-04
6.430000e+00 -4.736913e-04
6.440000e+00 -4.786438e-04
6.450000e+00 -4.838821e-04
6.460000e+00 -4.893136e-04
6.470000e+00 -4.948431e-04
6.480000e+00 -5.003737e-04
6.490000e+00 -5.058069e-04
6.500000e+00 -5.110441e-04
6.510000e+00 -5.159867e-04
6.520000e+00 -5.205372e-04
6.530000e+00 -5.245996e-04
6.540000e+00 -5.280803e-04
6.550000e+00 -5.308888e-04
6.560000e+00 -5.329382e-04
6.570000e+00 -5.341460e-04
6.580000e+00 -5.344345e-04
6.590000e+00 -5.337312e-04
6.600000e+00 -5.319698e-04
6.610000e+00 -5.290902e-04
6.620000e+00 -5.250391e-04
6.630000e+00 -5.197702e-04
6.640000e+00 -5.132445e-04
6.650000e+00 -5.054308e-04
6.660000e+00 -4.963055e-04
6.670000e+00 -4.858529e-04
6.680000e+00 -4.740652e-04
6.690000e+00 -4.609428e-04
6.700000e+00 -4.464936e-04
6.710000e+00 -4.307336e-04
6.720000e+00 -4.136863e-04
6.730000e+00 -3.953826e-04
6.740000e+00 -3.758606e-04
6.750000e+00 -3.551655e-04
6.760000e+00 -3.333486e-04
6.770000e+00 -3.104679e-04
6.780000e+00 -2.865869e-04
6.790000e+00 -2.617744e-04
6.800000e+00 -2.361044e-04
6.810000e+00 -2.096551e-04
6.820000e+00 -1.825085e-04
6.830000e+00 -1.547505e-04
6.840000e+00 -1.264694e-04
6.850000e+00 -9.775610e-05
6.860000e+00 -6.870331e-05
6.870000e+00 -3.940498e-05
6.880000e+00 -9.955818e-06
6.890000e+00 1.954927e-05
6.900000e+00 4.901572e-05
6.910000e+00 7.834982e-05
6.920000e+00 1.074592e-04
6.930000e+00 1.362536e-04
6.940000e+00 1.646448e-04
6.950000e+00 1.925476e-04
6.960000e+00 2.198802e-04
6.970000e+00 2.465644e-04
6.980000e+00 2.725265e-04
6.990000e+00 2.976969e-04
7.000000e+00 3.220112e-04
7.010000e+00 3.454106e-04
7.020000e+00 3.678413e-04
7.030000e+00 3.892560e-04
7.040000e+00 4.096132e-04
7.050000e+00 4.288781e-04
7.060000e+00 4.470222e-04
7.070000e+00 4.640240e-04
7.080000e+00 4.798690e-04
7.090000e+00 4.945493e-04
7.100000e+00 5.080644e-04
7.110000e+00 5.204206e-04
7.120000e+00 5.316315e-04
7.130000e+00 5.417174e-04
7.140000e+00 5.507056e-04
7.150000e+00 5.586299e-04
7.160000e+00 5.655306e-04
7.170000e+00 5.714545e-04
7.180000e+00 5.764540e-04
7.190000e+00 5.805872e-04
7.200000e+00 5.839177e-04
7.210000e+00 5.865136e-04
7.220000e+00 5.884476e-04
7.230000e+00 5.897963e-04
7.240000e+00 5.906398e-04
7.250000e+00 5.910609e-04
7.260000e+00 5.911447e-04
7.270000e+00 5.909783e-04
7.280000e+00 5.906496e-04
7.290000e+00 5.902473e-04
7.300000e+00 5.898596e-04
7.310000e+00 5.895744e-04
7.320000e+00 5.894778e-04
7.330000e+00 5.896540e-04
7.340000e+00 5.901847e-04
7.350000e+00 5.911481e-04
7.360000e+00 5.926187e-04
7.370000e+00 5.946665e-04
7.380000e+00 5.973567e-04
7.390000e+00 6.007488e-04
7.400000e+00 6.048968e-04
7.410000e+00 6.098480e-04
7.420000e+00 6.156432e-04
7.430000e+00 6.223162e-04
7.440000e+00 6.298932e-04
7.450000e+00 6.383934e-04
7.460000e+00 6.478281e-04
7.470000e+00 6.582006e-04
7.480000e+00 6.695069e-04
7.490000e+00 6.817347e-04
7.500000e+00 6.948645e-04
7.510000e+00 7.088690e-04
7.520000e+00 7.237134e-04
7.530000e+00 7.393561e-04
7.540000e+00 7.557485e-04
7.550000e+00 7.728357e-04
7.560000e+00 7.905567e-04
7.570000e+00 8.088451e-04
7.580000e+00 8.276293e-04
7.590000e+00 8.468332e-04
7.600000e+00 8.663768e-04
7.610000e+00 8.861767e-04
7.620000e+00 9.061469e-04
7.630000e+00 9.261992e-04
7.640000e+00 9.462439e-04
7.650000e+00 9.661907e-04
7.660000e+00 9.859490e-04
7.670000e+00 1.005429e-03
7.680000e+00 1.024542e-03
7.690000e+00 1.043200e-03
7.700000e+00 1.061320e-03
7.710000e+00 1.078820e-03
7.720000e+00 1.095622e-03
7.730000e+00 1.111652e-03
7.740000e+00 1.126841e-03
7.750000e+00 1.141124e-03
7.760000e+00 1.154444e-03
7.770000e+00 1.166747e-03
7.780000e+00 1.177987e-03
7.790000e+00 1.188123e-03
7.800000e+00 1.197122e-03
7.810000e+00 1.204956e-03
7.820000e+00 1.211606e-03
7.830000e+00 1.217058e-03
7.840000e+00 1.221305e-03
7.850000e+00 1.224349e-03
7.860000e+00 1.226195e-03
7.870000e+00 1.226857e-03
7.880000e+00 1.226355e-03
7.890000e+00 1.224715e-03
7.900000e+00 1.221966e-03
7.910000e+00 1.218146e-03
7.920000e+00 1.213295e-03
7.930000e+00 1.207458e-03
7.940000e+00 1.200685e-03
7.950000e+00 1.193028e-03
7.960000e+00 1.184542e-03
7.970000e+00 1.175283e-03
7.980000e+00 1.165311e-03
7.990000e+00 1.154685e-03
8.000000e+00 1.143466e-03
8.010000e+00 1.131713e-03
8.020000e+00 1.119485e-03
8.030000e+00 1.106840e-03
8.040000e+00 1.093833e-03
8.050000e+00 1.080518e-03
8.060000e+00 1.066944e-03
8.070000e+00 1.053160e-03
8.080000e+00 1.039207e-03
8.090000e+00 1.025124e-03
8.100000e+00 1.010946e-03
8.110000e+00 9.967007e-04
8.120000e+00 9.824133e-04
8.130000e+00 9.681022e-04
8.140000e+00 9.537808e-04
8.150000e+00 9.394572e-04
8.160000e+00 9.251337e-04
8.170000e+00 9.108076e-04
8.180000e+00 8.964708e-04
8.190000e+00 8.821104e-04
8.200000e+00 8.677085e-04
8.210000e+00 8.532430e-04
8.220000e+00 8.386876e-04
8.230000e+00 8.240126e-04
8.240000e+00 8.091850e-04
8.250000e+00 7.941692e-04
8.260000e+00 7.789278e-04
8.270000e+00 7.634218e-04
8.280000e+00 7.476113e-04
8.290000e+00 7.314566e-04
8.300000e+00 7.149180e-04
8.310000e+00 6.979573e-04
8.320000e+00 6.805380e-04
8.330000e+00 6.626261e-04
8.340000e+00 6.441907e-04
8.350000e+00 6.252045e-04
8.360000e+00 6.056446e-04
8.370000e+00 5.854928e-04
8.380000e+00 5.647364e-04
8.390000e+00 5.433682e-04
8.400000e+00 5.213873e-04
8.410000e+00 4.987991e-04
8.420000e+00 4.756160e-04
8.430000e+00 4.518570e-04
8.440000e+00 4.275481e-04
8.450000e+00 4.027226e-04
8.460000e+00 3.774205e-04
8.470000e+00 3.516888e-04
8.480000e+00 3.255813e-04
8.490000e+00 2.991579e-04
8.500000e+00 2.724849e-04
8.510000e+00 2.456339e-04
8.520000e+00 2.186820e-04
8.530000e+00 1.917107e-04
8.540000e+00 1.648056e-04
8.550000e+00 1.380556e-04
8.560000e+00 1.115524e-04
8.570000e+00 8.538957e-05
8.580000e+00 5.966186e-05
8.590000e+00 3.446448e-05
8.600000e+00 9.892231e-06
8.610000e+00 -1.396124e-05
8.620000e+00 -3.700424e-05
8.630000e+00 -5.914784e-05
8.640000e+00 -8.030659e-05
8.650000e+00 -1.003993e-04
8.660000e+00 -1.193496e-04
8.670000e+00 -1.370868e-04
8.680000e+00 -1.535463e-04
8.690000e+00 -1.686703e-04
8.700000e+00 -1.824082e-04
8.710000e+00 -1.947168e-04
8.720000e+00 -2.055610e-04
8.730000e+00 -2.149141e-04
8.740000e+00 -2.227576e-04
8.750000e+00 -2.290817e-04
8.760000e+00 -2.338851e-04
8.770000e+00 -2.371752e-04
8.780000e+00 -2.389678e-04
8.790000e+00 -2.392871e-04
8.800000e+00 -2.381653e-04
8.810000e+00 -2.356424e-04
8.820000e+00 -2.317658e-04
8.830000e+00 -2.265898e-04
8.840000e+00 -2.201754e-04
8.850000e+00 -2.125893e-04
8.860000e+00 -2.039038e-04
8.870000e+00 -1.941959e-04
8.880000e+00 -1.835469e-04
8.890000e+00 -1.720415e-04
8.900000e+00 -1.597675e-04
8.910000e+00 -1.468147e-04
8.920000e+00 -1.332748e-04
8.930000e+00 -1.192401e-04
8.940000e+00 -1.048033e-04
8.950000e+00 -9.005700e-05
8.960000e+00 -7.509262e-05
8.970000e+00 -6.000022e-05
8.980000e+00 -4.486786e-05
8.990000e+00 -2.978108e-05
9.000000e+00 -1.482251e-05
9.010000e+00 -7.144108e-08
9.020000e+00 1.439655e-05
9.030000e+00 2.850990e-05
9.040000e+00 4.220131e-05
9.050000e+00 5.540796e-05
9.060000e+00 6.807170e-05
9.070000e+00 8.013915e-05
9.080000e+00 9.156178e-05
9.090000e+00 1.022959e-04
9.100000e+00 1.123028e-04
9.110000e+00 1.215485e-04
9.120000e+00 1.300037e-04
9.130000e+00 1.376438e-04
9.140000e+00 1.444488e-04
9.150000e+00 1.504028e-04
9.160000e+00 1.554942e-04
9.170000e+00 1.597150e-04
9.180000e+00 1.630614e-04
9.190000e+00 1.655327e-04
9.200000e+00 1.671315e-04
9.210000e+00 1.678635e-04
9.220000e+00 1.677371e-04
9.230000e+00 1.667634e-04
9.240000e+00 1.649557e-04
9.250000e+00 1.623293e-04
9.260000e+00 1.589018e-04
9.270000e+00 1.546920e-04
9.280000e+00 1.497207e-04
9.290000e+00 1.440100e-04
9.300000e+00 1.375832e-04
9.310000e+00 1.304646e-04
9.320000e+00 1.226798e-04
9.330000e+00 1.142551e-04
9.340000e+00 1.052178e-04
9.350000e+00 9.559594e-05
9.360000e+00 8.541820e-05
9.370000e+00 7.471400e-05
9.380000e+00 6.351335e-05
9.390000e+00 5.184690e-05
9.400000e+00 3.974582e-05
9.410000e+00 2.724184e-05
9.420000e+00 1.436718e-05
9.430000e+00 1.154547e-06
9.440000e+00 -1.236293e-05
9.450000e+00 -2.615172e-05
9.460000e+00 -4.017797e-05
9.470000e+00 -5.440753e-05
9.480000e+00 -6.880608e-05
9.490000e+00 -8.333914e-05
9.500000e+00 -9.797224e-05
9.510000e+00 -1.126710e-04
9.520000e+00 -1.274013e-04
9.530000e+00 -1.421293e-04
9.540000e+00 -1.568217e-04
9.550000e+00 -1.714460e-04
9.560000e+00 -1.859704e-04
9.570000e+00 -2.003642e-04
9.580000e+00 -2.145979e-04
9.590000e+00 -2.286437e-04
9.600000e+00 -2.424750e-04
9.610000e+00 -2.560675e-04
9.620000e+00 -2.693985e-04
9.630000e+00 -2.824480e-04
9.640000e+00 -2.951982e-04
9.650000e+00 -3.076339e-04
9.660000e+00 -3.197429e-04
9.670000e+00 -3.315156e-04
9.680000e+00 -3.429457e-04
9.690000e+00 -3.540301e-04
9.700000e+00 -3.647689e-04
9.710000e+00 -3.751655e-04
9.720000e+00 -3.852266e-04
9.730000e+00 -3.949622e-04
9.740000e+00 -4.043858e-04
9.750000e+00 -4.135138e-04
9.760000e+00 -4.223659e-04
9.770000e+00 -4.309647e-04
9.780000e+00 -4.393354e-04
9.790000e+00 -4.475061e-04
9.800000e+00 -4.555069e-04
9.810000e+00 -4.633699e-04
9.820000e+00 -4.711291e-04
9.830000e+00 -4.788197e-04
9.840000e+00 -4.864779e-04
9.850000e+00 -4.941405e-04
9.860000e+00 -5.018446e-04
9.870000e+00 -5.096270e-04
9.880000e+00 -5.175237e-04
9.890000e+00 -5.255699e-04
9.900000e+00 -5.337991e-04
9.910000e+00 -5.422429e-04
9.920000e+00 -5.509306e-04
9.930000e+00 -5.598886e-04
9.940000e+00 -5.691404e-04
9.950000e+00 -5.787057e-04
9.960000e+00 -5.886006e-04
9.970000e+00 -5.988369e-04
9.980000e+00 -6.094222e-04
9.990000e+00 -6.203594e-04
1.000000e+01 -6.316465e-04
