# sigma2_v 6.702837607862469e+00
0.000000e+00 1.000000e+00
1.000000e-02 9.996649e-01
2.000000e-02 9.986603e-01
3.000000e-02 9.969883e-01
4.000000e-02 9.946523e-01
5.000000e-02 9.916570e-01
6.000000e-02 9.880084e-01
7.000000e-02 9.837141e-01
8.000000e-02 9.787826e-01
9.000000e-02 9.732239e-01
1.000000e-01 9.670490e-01
1.100000e-01 9.602704e-01
1.200000e-01 9.529015e-01
1.300000e-01 9.449568e-01
1.400000e-01 9.364520e-01
1.500000e-01 9.274035e-01
1.600000e-01 9.178289e-01
1.700000e-01 9.077466e-01
1.800000e-01 8.971759e-01
1.900000e-01 8.861365e-01
2.000000e-01 8.746494e-01
2.100000e-01 8.627356e-01
2.200000e-01 8.504170e-01
2.300000e-01 8.377160e-01
2.400000e-01 8.246554e-01
2.500000e-01 8.112582e-01
2.600000e-01 7.975478e-01
2.700000e-01 7.835479e-01
2.800000e-01 7.692822e-01
2.900000e-01 7.547745e-01
3.000000e-01 7.400488e-01
3.100000e-01 7.251289e-01
3.200000e-01 7.100385e-01
3.300000e-01 6.948011e-01
3.400000e-01 6.794400e-01
3.500000e-01 6.639784e-01
3.600000e-01 6.484389e-01
3.700000e-01 6.328438e-01
3.800000e-01 6.172151e-01
3.900000e-01 6.015739e-01
4.000000e-01 5.859414e-01
4.100000e-01 5.703376e-01
4.200000e-01 5.547824e-01
4.300000e-01 5.392946e-01
4.400000e-01 5.238928e-01
4.500000e-01 5.085945e-01
4.600000e-01 4.934167e-01
4.700000e-01 4.783755e-01
4.800000e-01 4.634864e-01
4.900000e-01 4.487639e-01
5.000000e-01 4.342220e-01
5.100000e-01 4.198736e-01
5.200000e-01 4.057310e-01
5.300000e-01 3.918055e-01
5.400000e-01 3.781077e-01
5.500000e-01 3.646474e-01
5.600000e-01 3.514336e-01
5.700000e-01 3.384743e-01
5.800000e-01 3.257769e-01
5.900000e-01 3.133480e-01
6.000000e-01 3.011934e-01
6.100000e-01 2.893181e-01
6.200000e-01 2.777265e-01
6.300000e-01 2.664221e-01
6.400000e-01 2.554078e-01
6.500000e-01 2.446858e-01
6.600000e-01 2.342577e-01
6.700000e-01 2.241244e-01
6.800000e-01 2.142862e-01
6.900000e-01 2.047430e-01
7.000000e-01 1.954939e-01
7.100000e-01 1.865376e-01
7.200000e-01 1.778723e-01
7.300000e-01 1.694956e-01
7.400000e-01 1.614050e-01
7.500000e-01 1.535972e-01
7.600000e-01 1.460688e-01
7.700000e-01 1.388159e-01
7.800000e-01 1.318342e-01
7.900000e-01 1.251194e-01
8.000000e-01 1.186666e-01
8.100000e-01 1.124708e-01
8.200000e-01 1.065269e-01
8.300000e-01 1.008293e-01
8.400000e-01 9.537245e-02
8.500000e-01 9.015065e-02
8.600000e-01 8.515798e-02
8.700000e-01 8.038848e-02
8.800000e-01 7.583606e-02
8.900000e-01 7.149461e-02
9.000000e-01 6.735794e-02
9.100000e-01 6.341985e-02
9.200000e-01 5.967411e-02
9.300000e-01 5.611452e-02
9.400000e-01 5.273488e-02
9.500000e-01 4.952902e-02
9.600000e-01 4.649082e-02
9.700000e-01 4.361422e-02
9.800000e-01 4.089323e-02
9.900000e-01 3.832193e-02
1.000000e+00 3.589449e-02
1.010000e+00 3.360518e-02
1.020000e+00 3.144835e-02
1.030000e+00 2.941849e-02
1.040000e+00 2.751019e-02
1.050000e+00 2.571814e-02
1.060000e+00 2.403720e-02
1.070000e+00 2.246231e-02
1.080000e+00 2.098857e-02
1.090000e+00 1.961120e-02
1.100000e+00 1.832556e-02
1.110000e+00 1.712715e-02
1.120000e+00 1.601159e-02
1.130000e+00 1.497466e-02
1.140000e+00 1.401226e-02
1.150000e+00 1.312044e-02
1.160000e+00 1.229538e-02
1.170000e+00 1.153340e-02
1.180000e+00 1.083093e-02
1.190000e+00 1.018458e-02
1.200000e+00 9.591052e-03
1.210000e+00 9.047188e-03
1.220000e+00 8.549960e-03
1.230000e+00 8.096460e-03
1.240000e+00 7.683905e-03
1.250000e+00 7.309630e-03
1.260000e+00 6.971087e-03
1.270000e+00 6.665841e-03
1.280000e+00 6.391570e-03
1.290000e+00 6.146059e-03
1.300000e+00 5.927198e-03
1.310000e+00 5.732981e-03
1.320000e+00 5.561500e-03
1.330000e+00 5.410946e-03
1.340000e+00 5.279602e-03
1.350000e+00 5.165843e-03
1.360000e+00 5.068133e-03
1.370000e+00 4.985020e-03
1.380000e+00 4.915135e-03
1.390000e+00 4.857190e-03
1.400000e+00 4.809974e-03
1.410000e+00 4.772349e-03
1.420000e+00 4.743252e-03
1.430000e+00 4.721686e-03
1.440000e+00 4.706724e-03
1.450000e+00 4.697502e-03
1.460000e+00 4.693216e-03
1.470000e+00 4.693125e-03
1.480000e+00 4.696542e-03
1.490000e+00 4.702836e-03
1.500000e+00 4.711428e-03
1.510000e+00 4.721790e-03
1.520000e+00 4.733439e-03
1.530000e+00 4.745940e-03
1.540000e+00 4.758899e-03
1.550000e+00 4.771965e-03
1.560000e+00 4.784825e-03
1.570000e+00 4.797201e-03
1.580000e+00 4.808852e-03
1.590000e+00 4.819569e-03
1.600000e+00 4.829173e-03
1.610000e+00 4.837512e-03
1.620000e+00 4.844463e-03
1.630000e+00 4.849928e-03
1.640000e+00 4.853828e-03
1.650000e+00 4.856110e-03
1.660000e+00 4.856736e-03
1.670000e+00 4.855690e-03
1.680000e+00 4.852967e-03
1.690000e+00 4.848582e-03
1.700000e+00 4.842558e-03
1.710000e+00 4.834932e-03
1.720000e+00 4.825752e-03
1.730000e+00 4.815073e-03
1.740000e+00 4.802958e-03
1.750000e+00 4.789478e-03
1.760000e+00 4.774707e-03
1.770000e+00 4.758724e-03
1.780000e+00 4.741613e-03
1.790000e+00 4.723456e-03
1.800000e+00 4.704342e-03
1.810000e+00 4.684355e-03
1.820000e+00 4.663583e-03
1.830000e+00 4.642110e-03
1.840000e+00 4.620019e-03
1.850000e+00 4.597391e-03
1.860000e+00 4.574303e-03
1.870000e+00 4.550829e-03
1.880000e+00 4.527039e-03
1.890000e+00 4.502998e-03
1.900000e+00 4.478765e-03
1.910000e+00 4.454393e-03
1.920000e+00 4.429931e-03
1.930000e+00 4.405420e-03
1.940000e+00 4.380895e-03
1.950000e+00 4.356384e-03
1.960000e+00 4.331907e-03
1.970000e+00 4.307478e-03
1.980000e+00 4.283102e-03
1.990000e+00 4.258780e-03
2.000000e+00 4.234501e-03
2.010000e+00 4.210250e-03
2.020000e+00 4.186005e-03
2.030000e+00 4.161734e-03
2.040000e+00 4.137401e-03
2.050000e+00 4.112962e-03
2.060000e+00 4.088370e-03
2.070000e+00 4.063570e-03
2.080000e+00 4.038501e-03
2.090000e+00 4.013101e-03
2.100000e+00 3.987301e-03
2.110000e+00 3.961031e-03
2.120000e+00 3.934217e-03
2.130000e+00 3.906786e-03
2.140000e+00 3.878662e-03
2.150000e+00 3.849768e-03
2.160000e+00 3.820031e-03
2.170000e+00 3.789377e-03
2.180000e+00 3.757736e-03
2.190000e+00 3.725040e-03
2.200000e+00 3.691226e-03
2.210000e+00 3.656236e-03
2.220000e+00 3.620016e-03
2.230000e+00 3.582520e-03
2.240000e+00 3.543706e-03
2.250000e+00 3.503543e-03
2.260000e+00 3.462005e-03
2.270000e+00 3.419076e-03
2.280000e+00 3.374745e-03
2.290000e+00 3.329014e-03
2.300000e+00 3.281890e-03
2.310000e+00 3.233391e-03
2.320000e+00 3.183543e-03
2.330000e+00 3.132381e-03
2.340000e+00 3.079946e-03
2.350000e+00 3.026289e-03
2.360000e+00 2.971468e-03
2.370000e+00 2.915549e-03
2.380000e+00 2.858601e-03
2.390000e+00 2.800704e-03
2.400000e+00 2.741938e-03
2.410000e+00 2.682390e-03
2.420000e+00 2.622152e-03
2.430000e+00 2.561316e-03
2.440000e+00 2.499977e-03
2.450000e+00 2.438234e-03
2.460000e+00 2.376182e-03
2.470000e+00 2.313921e-03
2.480000e+00 2.251547e-03
2.490000e+00 2.189154e-03
2.500000e+00 2.126837e-03
2.510000e+00 2.064686e-03
2.520000e+00 2.002788e-03
2.530000e+00 1.941226e-03
2.540000e+00 1.880080e-03
2.550000e+00 1.819426e-03
2.560000e+00 1.759333e-03
2.570000e+00 1.699867e-03
2.580000e+00 1.641088e-03
2.590000e+00 1.583051e-03
2.600000e+00 1.525806e-03
2.610000e+00 1.469397e-03
2.620000e+00 1.413865e-03
2.630000e+00 1.359244e-03
2.640000e+00 1.305563e-03
2.650000e+00 1.252848e-03
2.660000e+00 1.201121e-03
2.670000e+00 1.150398e-03
2.680000e+00 1.100692e-03
2.690000e+00 1.052015e-03
2.700000e+00 1.004372e-03
2.710000e+00 9.577684e-04
2.720000e+00 9.122060e-04
2.730000e+00 8.676848e-04
2.740000e+00 8.242033e-04
2.750000e+00 7.817585e-04
2.760000e+00 7.403463e-04
2.770000e+00 6.999621e-04
2.780000e+00 6.606006e-04
2.790000e+00 6.222563e-04
2.800000e+00 5.849237e-04
2.810000e+00 5.485975e-04
2.820000e+00 5.132728e-04
2.830000e+00 4.789450e-04
2.840000e+00 4.456103e-04
2.850000e+00 4.132656e-04
2.860000e+00 3.819084e-04
2.870000e+00 3.515372e-04
2.880000e+00 3.221513e-04
2.890000e+00 2.937509e-04
2.900000e+00 2.663367e-04
2.910000e+00 2.399106e-04
2.920000e+00 2.144749e-04
2.930000e+00 1.900327e-04
2.940000e+00 1.665876e-04
2.950000e+00 1.441433e-04
2.960000e+00 1.227043e-04
2.970000e+00 1.022748e-04
2.980000e+00 8.285902e-05
2.990000e+00 6.446110e-05
3.000000e+00 4.708467e-05
3.010000e+00 3.073277e-05
3.020000e+00 1.540768e-05
3.030000e+00 1.110644e-06
3.040000e+00 -1.215829e-05
3.050000e+00 -2.440049e-05
3.060000e+00 -3.561894e-05
3.070000e+00 -4.581845e-05
3.080000e+00 -5.500584e-05
3.090000e+00 -6.319013e-05
3.100000e+00 -7.038270e-05
3.110000e+00 -7.659745e-05
3.120000e+00 -8.185092e-05
3.130000e+00 -8.616243e-05
3.140000e+00 -8.955414e-05
3.150000e+00 -9.205110e-05
3.160000e+00 -9.368132e-05
3.170000e+00 -9.447572e-05
3.180000e+00 -9.446815e-05
3.190000e+00 -9.369525e-05
3.200000e+00 -9.219640e-05
3.210000e+00 -9.001356e-05
3.220000e+00 -8.719109e-05
3.230000e+00 -8.377554e-05
3.240000e+00 -7.981542e-05
3.250000e+00 -7.536091e-05
3.260000e+00 -7.046358e-05
3.270000e+00 -6.517602e-05
3.280000e+00 -5.955156e-05
3.290000e+00 -5.364385e-05
3.300000e+00 -4.750651e-05
3.310000e+00 -4.119273e-05
3.320000e+00 -3.475490e-05
3.330000e+00 -2.824421e-05
3.340000e+00 -2.171029e-05
3.350000e+00 -1.520081e-05
3.360000e+00 -8.761177e-06
3.370000e+00 -2.434174e-06
3.380000e+00 3.740333e-06
3.390000e+00 9.725665e-06
3.400000e+00 1.548857e-05
3.410000e+00 2.099944e-05
3.420000e+00 2.623246e-05
3.430000e+00 3.116575e-05
3.440000e+00 3.578147e-05
3.450000e+00 4.006585e-05
3.460000e+00 4.400923e-05
3.470000e+00 4.760602e-05
3.480000e+00 5.085470e-05
3.490000e+00 5.375766e-05
3.500000e+00 5.632118e-05
3.510000e+00 5.855524e-05
3.520000e+00 6.047339e-05
3.530000e+00 6.209261e-05
3.540000e+00 6.343311e-05
3.550000e+00 6.451819e-05
3.560000e+00 6.537400e-05
3.570000e+00 6.602945e-05
3.580000e+00 6.651597e-05
3.590000e+00 6.686740e-05
3.600000e+00 6.711982e-05
3.610000e+00 6.731143e-05
3.620000e+00 6.748243e-05
3.630000e+00 6.767492e-05
3.640000e+00 6.793283e-05
3.650000e+00 6.830184e-05
3.660000e+00 6.882931e-05
3.670000e+00 6.956427e-05
3.680000e+00 7.055736e-05
3.690000e+00 7.186077e-05
3.700000e+00 7.352828e-05
3.710000e+00 7.561513e-05
3.720000e+00 7.817801e-05
3.730000e+00 8.127502e-05
3.740000e+00 8.496552e-05
3.750000e+00 8.931008e-05
3.760000e+00 9.437027e-05
3.770000e+00 1.002086e-04
3.780000e+00 1.068880e-04
3.790000e+00 1.144722e-04
3.800000e+00 1.230246e-04
3.810000e+00 1.326086e-04
3.820000e+00 1.432868e-04
3.830000e+00 1.551210e-04
3.840000e+00 1.681710e-04
3.850000e+00 1.824951e-04
3.860000e+00 1.981486e-04
3.870000e+00 2.151838e-04
3.880000e+00 2.336493e-04
3.890000e+00 2.535890e-04
3.900000e+00 2.750422e-04
3.910000e+00 2.980422e-04
3.920000e+00 3.226164e-04
3.930000e+00 3.487851e-04
3.940000e+00 3.765612e-04
3.950000e+00 4.059497e-04
3.960000e+00 4.369470e-04
3.970000e+00 4.695406e-04
3.980000e+00 5.037089e-04
3.990000e+00 5.394203e-04
4.000000e+00 5.766335e-04
4.010000e+00 6.152973e-04
4.020000e+00 6.553502e-04
4.030000e+00 6.967206e-04
4.040000e+00 7.393269e-04
4.050000e+00 7.830778e-04
4.060000e+00 8.278722e-04
4.070000e+00 8.736002e-04
4.080000e+00 9.201430e-04
4.090000e+00 9.673737e-04
4.100000e+00 1.015158e-03
4.110000e+00 1.063354e-03
4.120000e+00 1.111816e-03
4.130000e+00 1.160391e-03
4.140000e+00 1.208921e-03
4.150000e+00 1.257247e-03
4.160000e+00 1.305207e-03
4.170000e+00 1.352635e-03
4.180000e+00 1.399369e-03
4.190000e+00 1.445242e-03
4.200000e+00 1.490093e-03
4.210000e+00 1.533762e-03
4.220000e+00 1.576091e-03
4.230000e+00 1.616928e-03
4.240000e+00 1.656124e-03
4.250000e+00 1.693539e-03
4.260000e+00 1.729036e-03
4.270000e+00 1.762489e-03
4.280000e+00 1.793776e-03
4.290000e+00 1.822787e-03
4.300000e+00 1.849419e-03
4.310000e+00 1.873579e-03
4.320000e+00 1.895184e-03
4.330000e+00 1.914160e-03
4.340000e+00 1.930444e-03
4.350000e+00 1.943985e-03
4.360000e+00 1.954740e-03
4.370000e+00 1.962678e-03
4.380000e+00 1.967779e-03
4.390000e+00 1.970031e-03
4.400000e+00 1.969436e-03
4.410000e+00 1.966002e-03
4.420000e+00 1.959752e-03
4.430000e+00 1.950714e-03
4.440000e+00 1.938928e-03
4.450000e+00 1.924443e-03
4.460000e+00 1.907316e-03
4.470000e+00 1.887613e-03
4.480000e+00 1.865406e-03
4.490000e+00 1.840778e-03
4.500000e+00 1.813817e-03
4.510000e+00 1.784616e-03
4.520000e+00 1.753279e-03
4.530000e+00 1.719910e-03
4.540000e+00 1.684621e-03
4.550000e+00 1.647530e-03
4.560000e+00 1.608756e-03
4.570000e+00 1.568424e-03
4.580000e+00 1.526659e-03
4.590000e+00 1.483592e-03
4.600000e+00 1.439354e-03
4.610000e+00 1.394077e-03
4.620000e+00 1.347894e-03
4.630000e+00 1.300940e-03
4.640000e+00 1.253346e-03
4.650000e+00 1.205246e-03
4.660000e+00 1.156769e-03
4.670000e+00 1.108046e-03
4.680000e+00 1.059203e-03
4.690000e+00 1.010364e-03
4.700000e+00 9.616493e-04
4.710000e+00 9.131760e-04
4.720000e+00 8.650572e-04
4.730000e+00 8.174015e-04
4.740000e+00 7.703131e-04
4.750000e+00 7.238913e-04
4.760000e+00 6.782300e-04
4.770000e+00 6.334183e-04
4.780000e+00 5.895397e-04
4.790000e+00 5.466723e-04
4.800000e+00 5.048886e-04
4.810000e+00 4.642559e-04
4.820000e+00 4.248356e-04
4.830000e+00 3.866840e-04
4.840000e+00 3.498522e-04
4.850000e+00 3.143859e-04
4.860000e+00 2.803260e-04
4.870000e+00 2.477085e-04
4.880000e+00 2.165648e-04
4.890000e+00 1.869219e-04
4.900000e+00 1.588028e-04
4.910000e+00 1.322263e-04
4.920000e+00 1.072077e-04
4.930000e+00 8.375863e-05
4.940000e+00 6.188764e-05
4.950000e+00 4.160007e-05
4.960000e+00 2.289843e-05
4.970000e+00 5.782518e-06
4.980000e+00 -9.750413e-06
4.990000e+00 -2.370551e-05
5.000000e+00 -3.609021e-05
5.010000e+00 -4.691413e-05
5.020000e+00 -5.618900e-05
5.030000e+00 -6.392858e-05
5.040000e+00 -7.014863e-05
5.050000e+00 -7.486684e-05
5.060000e+00 -7.810284e-05
5.070000e+00 -7.987816e-05
5.080000e+00 -8.021621e-05
5.090000e+00 -7.914226e-05
5.100000e+00 -7.668344e-05
5.110000e+00 -7.286868e-05
5.120000e+00 -6.772868e-05
5.130000e+00 -6.129589e-05
5.140000e+00 -5.360439e-05
5.150000e+00 -4.468983e-05
5.160000e+00 -3.458931e-05
5.170000e+00 -2.334127e-05
5.180000e+00 -1.098531e-05
5.190000e+00 2.437969e-06
5.200000e+00 1.688717e-05
5.210000e+00 3.232031e-05
5.220000e+00 4.869506e-05
5.230000e+00 6.596897e-05
5.240000e+00 8.409977e-05
5.250000e+00 1.030456e-04
5.260000e+00 1.227654e-04
5.270000e+00 1.432189e-04
5.280000e+00 1.643673e-04
5.290000e+00 1.861732e-04
5.300000e+00 2.086009e-04
5.310000e+00 2.316167e-04
5.320000e+00 2.551891e-04
5.330000e+00 2.792891e-04
5.340000e+00 3.038900e-04
5.350000e+00 3.289677e-04
5.360000e+00 3.545008e-04
5.370000e+00 3.804708e-04
5.380000e+00 4.068614e-04
5.390000e+00 4.336595e-04
5.400000e+00 4.608541e-04
5.410000e+00 4.884367e-04
5.420000e+00 5.164011e-04
5.430000e+00 5.447431e-04
5.440000e+00 5.734599e-04
5.450000e+00 6.025507e-04
5.460000e+00 6.320154e-04
5.470000e+00 6.618550e-04
5.480000e+00 6.920707e-04
5.490000e+00 7.226641e-04
5.500000e+00 7.536365e-04
5.510000e+00 7.849883e-04
5.520000e+00 8.167193e-04
5.530000e+00 8.488278e-04
5.540000e+00 8.813105e-04
5.550000e+00 9.141621e-04
5.560000e+00 9.473749e-04
5.570000e+00 9.809390e-04
5.580000e+00 1.014841e-03
5.590000e+00 1.049066e-03
5.600000e+00 1.083595e-03
5.610000e+00 1.118405e-03
5.620000e+00 1.153471e-03
5.630000e+00 1.188765e-03
5.640000e+00 1.224253e-03
5.650000e+00 1.259900e-03
5.660000e+00 1.295668e-03
5.670000e+00 1.331513e-03
5.680000e+00 1.367392e-03
5.690000e+00 1.403254e-03
5.700000e+00 1.439051e-03
5.710000e+00 1.474727e-03
5.720000e+00 1.510227e-03
5.730000e+00 1.545492e-03
5.740000e+00 1.580463e-03
5.750000e+00 1.615078e-03
5.760000e+00 1.649273e-03
5.770000e+00 1.682984e-03
5.780000e+00 1.716147e-03
5.790000e+00 1.748695e-03
5.800000e+00 1.780562e-03
5.810000e+00 1.811682e-03
5.820000e+00 1.841990e-03
5.830000e+00 1.871419e-03
5.840000e+00 1.899904e-03
5.850000e+00 1.927382e-03
5.860000e+00 1.953790e-03
5.870000e+00 1.979067e-03
5.880000e+00 2.003154e-03
5.890000e+00 2.025992e-03
5.900000e+00 2.047526e-03
5.910000e+00 2.067703e-03
5.920000e+00 2.086473e-03
5.930000e+00 2.103789e-03
5.940000e+00 2.119606e-03
5.950000e+00 2.133882e-03
5.960000e+00 2.146582e-03
5.970000e+00 2.157670e-03
5.980000e+00 2.167118e-03
5.990000e+00 2.174901e-03
6.000000e+00 2.180996e-03
6.010000e+00 2.185389e-03
6.020000e+00 2.188067e-03
6.030000e+00 2.189024e-03
6.040000e+00 2.188259e-03
6.050000e+00 2.185776e-03
6.060000e+00 2.181584e-03
6.070000e+00 2.175697e-03
6.080000e+00 2.168136e-03
6.090000e+00 2.158926e-03
6.100000e+00 2.148098e-03
6.110000e+00 2.135688e-03
6.120000e+00 2.121739e-03
6.130000e+00 2.106297e-03
6.140000e+00 2.089413e-03
6.150000e+00 2.071145e-03
6.160000e+00 2.051553e-03
6.170000e+00 2.030704e-03
6.180000e+00 2.008666e-03
6.190000e+00 1.985514e-03
6.200000e+00 1.961322e-03
6.210000e+00 1.936171e-03
6.220000e+00 1.910142e-03
6.230000e+00 1.883320e-03
6.240000e+00 1.855790e-03
6.250000e+00 1.827638e-03
6.260000e+00 1.798951e-03
6.270000e+00 1.769818e-03
6.280000e+00 1.740325e-03
6.290000e+00 1.710558e-03
6.300000e+00 1.680604e-03
6.310000e+00 1.650544e-03
6.320000e+00 1.620462e-03
6.330000e+00 1.590436e-03
6.340000e+00 1.560542e-03
6.350000e+00 1.530852e-03
6.360000e+00 1.501437e-03
6.370000e+00 1.472361e-03
6.380000e+00 1.443687e-03
6.390000e+00 1.415470e-03
6.400000e+00 1.387763e-03
6.410000e+00 1.360614e-03
6.420000e+00 1.334065e-03
6.430000e+00 1.308155e-03
6.440000e+00 1.282916e-03
6.450000e+00 1.258377e-03
6.460000e+00 1.234559e-03
6.470000e+00 1.211481e-03
6.480000e+00 1.189156e-03
6.490000e+00 1.167592e-03
6.500000e+00 1.146793e-03
6.510000e+00 1.126759e-03
6.520000e+00 1.107484e-03
6.530000e+00 1.088961e-03
6.540000e+00 1.071176e-03
6.550000e+00 1.054114e-03
6.560000e+00 1.037756e-03
6.570000e+00 1.022080e-03
6.580000e+00 1.007062e-03
6.590000e+00 9.926772e-04
6.600000e+00 9.788964e-04
6.610000e+00 9.656909e-04
6.620000e+00 9.530305e-04
6.630000e+00 9.408847e-04
6.640000e+00 9.292227e-04
6.650000e+00 9.180137e-04
6.660000e+00 9.072277e-04
6.670000e+00 8.968355e-04
6.680000e+00 8.868094e-04
6.690000e+00 8.771229e-04
6.700000e+00 8.677516e-04
6.710000e+00 8.586733e-04
6.720000e+00 8.498682e-04
6.730000e+00 8.413190e-04
6.740000e+00 8.330111e-04
6.750000e+00 8.249331e-04
6.760000e+00 8.170763e-04
6.770000e+00 8.094351e-04
6.780000e+00 8.020070e-04
6.790000e+00 7.947924e-04
6.800000e+00 7.877945e-04
6.810000e+00 7.810192e-04
6.820000e+00 7.744749e-04
6.830000e+00 7.681721e-04
6.840000e+00 7.621234e-04
6.850000e+00 7.563428e-04
6.860000e+00 7.508455e-04
6.870000e+00 7.456476e-04
6.880000e+00 7.407654e-04
6.890000e+00 7.362151e-04
6.900000e+00 7.320121e-04
6.910000e+00 7.281710e-04
6.920000e+00 7.247045e-04
6.930000e+00 7.216234e-04
6.940000e+00 7.189357e-04
6.950000e+00 7.166467e-04
6.960000e+00 7.147580e-04
6.970000e+00 7.132675e-04
6.980000e+00 7.121689e-04
6.990000e+00 7.114516e-04
7.000000e+00 7.111000e-04
7.010000e+00 7.110940e-04
7.020000e+00 7.114086e-04
7.030000e+00 7.120135e-04
7.040000e+00 7.128738e-04
7.050000e+00 7.139497e-04
7.060000e+00 7.151967e-04
7.070000e+00 7.165662e-04
7.080000e+00 7.180052e-04
7.090000e+00 7.194573e-04
7.100000e+00 7.208629e-04
7.110000e+00 7.221597e-04
7.120000e+00 7.232831e-04
7.130000e+00 7.241671e-04
7.140000e+00 7.247448e-04
7.150000e+00 7.249489e-04
7.160000e+00 7.247124e-04
7.170000e+00 7.239694e-04
7.180000e+00 7.226556e-04
7.190000e+00 7.207092e-04
7.200000e+00 7.180708e-04
7.210000e+00 7.146849e-04
7.220000e+00 7.104998e-04
7.230000e+00 7.054683e-04
7.240000e+00 6.995482e-04
7.250000e+00 6.927022e-04
7.260000e+00 6.848990e-04
7.270000e+00 6.761128e-04
7.280000e+00 6.663238e-04
7.290000e+00 6.555184e-04
7.300000e+00 6.436889e-04
7.310000e+00 6.308337e-04
7.320000e+00 6.169570e-04
7.330000e+00 6.020690e-04
7.340000e+00 5.861851e-04
7.350000e+00 5.693262e-04
7.360000e+00 5.515181e-04
7.370000e+00 5.327909e-04
7.380000e+00 5.131794e-04
7.390000e+00 4.927216e-04
7.400000e+00 4.714594e-04
7.410000e+00 4.494372e-04
7.420000e+00 4.267021e-04
7.430000e+00 4.033034e-04
7.440000e+00 3.792919e-04
7.450000e+00 3.547198e-04
7.460000e+00 3.296402e-04
7.470000e+00 3.041067e-04
7.480000e+00 2.781734e-04
7.490000e+00 2.518943e-04
7.500000e+00 2.253233e-04
7.510000e+00 1.985139e-04
7.520000e+00 1.715189e-04
7.530000e+00 1.443905e-04
7.540000e+00 1.171804e-04
7.550000e+00 8.993896e-05
7.560000e+00 6.271608e-05
7.570000e+00 3.556059e-05
7.580000e+00 8.520485e-06
7.590000e+00 -1.835714e-05
7.600000e+00 -4.502601e-05
7.610000e+00 -7.144068e-05
7.620000e+00 -9.755647e-05
7.630000e+00 -1.233295e-04
7.640000e+00 -1.487165e-04
7.650000e+00 -1.736752e-04
7.660000e+00 -1.981637e-04
7.670000e+00 -2.221411e-04
7.680000e+00 -2.455672e-04
7.690000e+00 -2.684027e-04
7.700000e+00 -2.906089e-04
7.710000e+00 -3.121485e-04
7.720000e+00 -3.329850e-04
7.730000e+00 -3.530832e-04
7.740000e+00 -3.724091e-04
7.750000e+00 -3.909301e-04
7.760000e+00 -4.086153e-04
7.770000e+00 -4.254355e-04
7.780000e+00 -4.413631e-04
7.790000e+00 -4.563727e-04
7.800000e+00 -4.704407e-04
7.810000e+00 -4.835458e-04
7.820000e+00 -4.956690e-04
7.830000e+00 -5.067935e-04
7.840000e+00 -5.169048e-04
7.850000e+00 -5.259908e-04
7.860000e+00 -5.340419e-04
7.870000e+00 -5.410506e-04
7.880000e+00 -5.470119e-04
7.890000e+00 -5.519228e-04
7.900000e+00 -5.557827e-04
7.910000e+00 -5.585926e-04
7.920000e+00 -5.603559e-04
7.930000e+00 -5.610772e-04
7.940000e+00 -5.607630e-04
7.950000e+00 -5.594211e-04
7.960000e+00 -5.570606e-04
7.970000e+00 -5.536917e-04
7.980000e+00 -5.493254e-04
7.990000e+00 -5.439735e-04
8.000000e+00 -5.376485e-04
8.010000e+00 -5.303635e-04
8.020000e+00 -5.221317e-04
8.030000e+00 -5.129668e-04
8.040000e+00 -5.028829e-04
8.050000e+00 -4.918941e-04
8.060000e+00 -4.800147e-04
8.070000e+00 -4.672593e-04
8.080000e+00 -4.536428e-04
8.090000e+00 -4.391802e-04
8.100000e+00 -4.238871e-04
8.110000e+00 -4.077795e-04
8.120000e+00 -3.908738e-04
8.130000e+00 -3.731873e-04
8.140000e+00 -3.547382e-04
8.150000e+00 -3.355454e-04
8.160000e+00 -3.156291e-04
8.170000e+00 -2.950106e-04
8.180000e+00 -2.737125e-04
8.190000e+00 -2.517591e-04
8.200000e+00 -2.291759e-04
8.210000e+00 -2.059903e-04
8.220000e+00 -1.822312e-04
8.230000e+00 -1.579293e-04
8.240000e+00 -1.331169e-04
8.250000e+00 -1.078282e-04
8.260000e+00 -8.209884e-05
8.270000e+00 -5.596617e-05
8.280000e+00 -2.946903e-05
8.290000e+00 -2.647677e-06
8.300000e+00 2.445638e-05
8.310000e+00 5.180050e-05
8.320000e+00 7.934105e-05
8.330000e+00 1.070336e-04
8.340000e+00 1.348330e-04
8.350000e+00 1.626939e-04
8.360000e+00 1.905702e-04
8.370000e+00 2.184161e-04
8.380000e+00 2.461855e-04
8.390000e+00 2.738327e-04
8.400000e+00 3.013121e-04
8.410000e+00 3.285786e-04
8.420000e+00 3.555873e-04
8.430000e+00 3.822942e-04
8.440000e+00 4.086557e-04
8.450000e+00 4.346286e-04
8.460000e+00 4.601706e-04
8.470000e+00 4.852396e-04
8.480000e+00 5.097942e-04
8.490000e+00 5.337933e-04
8.500000e+00 5.571962e-04
8.510000e+00 5.799625e-04
8.520000e+00 6.020517e-04
8.530000e+00 6.234237e-04
8.540000e+00 6.440379e-04
8.550000e+00 6.638540e-04
8.560000e+00 6.828313e-04
8.570000e+00 7.009286e-04
8.580000e+00 7.181047e-04
8.590000e+00 7.343177e-04
8.600000e+00 7.495258e-04
8.610000e+00 7.636864e-04
8.620000e+00 7.767569e-04
8.630000e+00 7.886945e-04
8.640000e+00 7.994564e-04
8.650000e+00 8.090000e-04
8.660000e+00 8.172828e-04
8.670000e+00 8.242633e-04
8.680000e+00 8.299004e-04
8.690000e+00 8.341546e-04
8.700000e+00 8.369874e-04
8.710000e+00 8.383625e-04
8.720000e+00 8.382456e-04
8.730000e+00 8.366049e-04
8.740000e+00 8.334115e-04
8.750000e+00 8.286397e-04
8.760000e+00 8.222677e-04
8.770000e+00 8.142774e-04
8.780000e+00 8.046553e-04
8.790000e+00 7.933923e-04
8.800000e+00 7.804845e-04
8.810000e+00 7.659331e-04
8.820000e+00 7.497450e-04
8.830000e+00 7.319325e-04
8.840000e+00 7.125140e-04
8.850000e+00 6.915138e-04
8.860000e+00 6.689623e-04
8.870000e+00 6.448959e-04
8.880000e+00 6.193572e-04
8.890000e+00 5.923950e-04
8.900000e+00 5.640639e-04
8.910000e+00 5.344244e-04
8.920000e+00 5.035427e-04
8.930000e+00 4.714904e-04
8.940000e+00 4.383445e-04
8.950000e+00 4.041868e-04
8.960000e+00 3.691039e-04
8.970000e+00 3.331865e-04
8.980000e+00 2.965294e-04
8.990000e+00 2.592310e-04
9.000000e+00 2.213929e-04
9.010000e+00 1.831193e-04
9.020000e+00 1.445168e-04
9.030000e+00 1.056940e-04
9.040000e+00 6.676083e-05
9.050000e+00 2.782816e-05
9.060000e+00 -1.099255e-05
9.070000e+00 -4.958986e-05
9.080000e+00 -8.785273e-05
9.090000e+00 -1.256711e-04
9.100000e+00 -1.629362e-04
9.110000e+00 -1.995411e-04
9.120000e+00 -2.353815e-04
9.130000e+00 -2.703557e-04
9.140000e+00 -3.043651e-04
9.150000e+00 -3.373151e-04
9.160000e+00 -3.691153e-04
9.170000e+00 -3.996797e-04
9.180000e+00 -4.289277e-04
9.190000e+00 -4.567838e-04
9.200000e+00 -4.831785e-04
9.210000e+00 -5.080488e-04
9.220000e+00 -5.313379e-04
9.230000e+00 -5.529962e-04
9.240000e+00 -5.729811e-04
9.250000e+00 -5.912577e-04
9.260000e+00 -6.077987e-04
9.270000e+00 -6.225846e-04
9.280000e+00 -6.356041e-04
9.290000e+00 -6.468537e-04
9.300000e+00 -6.563384e-04
9.310000e+00 -6.640710e-04
9.320000e+00 -6.700726e-04
9.330000e+00 -6.743720e-04
9.340000e+00 -6.770057e-04
9.350000e+00 -6.780180e-04
9.360000e+00 -6.774599e-04
9.370000e+00 -6.753894e-04
9.380000e+00 -6.718709e-04
9.390000e+00 -6.669745e-04
9.400000e+00 -6.607758e-04
9.410000e+00 -6.533550e-04
9.420000e+00 -6.447966e-04
9.430000e+00 -6.351884e-04
9.440000e+00 -6.246212e-04
9.450000e+00 -6.131877e-04
9.460000e+00 -6.009822e-04
9.470000e+00 -5.880993e-04
9.480000e+00 -5.746338e-04
9.490000e+00 -5.606797e-04
9.500000e+00 -5.463293e-04
9.510000e+00 -5.316728e-04
9.520000e+00 -5.167976e-04
9.530000e+00 -5.017876e-04
9.540000e+00 -4.867229e-04
9.550000e+00 -4.716788e-04
9.560000e+00 -4.567258e-04
9.570000e+00 -4.419291e-04
9.580000e+00 -4.273481e-04
9.590000e+00 -4.130366e-04
9.600000e+00 -3.990419e-04
9.610000e+00 -3.854053e-04
9.620000e+00 -3.721620e-04
9.630000e+00 -3.593408e-04
9.640000e+00 -3.469645e-04
9.650000e+00 -3.350499e-04
9.660000e+00 -3.236082e-04
9.670000e+00 -3.126451e-04
9.680000e+00 -3.021613e-04
9.690000e+00 -2.921528e-04
9.700000e+00 -2.826111e-04
9.710000e+00 -2.735242e-04
9.720000e+00 -2.648766e-04
9.730000e+00 -2.566500e-04
9.740000e+00 -2.488236e-04
9.750000e+00 -2.413749e-04
9.760000e+00 -2.342801e-04
9.770000e+00 -2.275145e-04
9.780000e+00 -2.210530e-04
9.790000e+00 -2.148707e-04
9.800000e+00 -2.089432e-04
9.810000e+00 -2.032470e-04
9.820000e+00 -1.977598e-04
9.830000e+00 -1.924613e-04
9.840000e+00 -1.873327e-04
9.850000e+00 -1.823576e-04
9.860000e+00 -1.775219e-04
9.870000e+00 -1.728140e-04
9.880000e+00 -1.682250e-04
9.890000e+00 -1.637486e-04
9.900000e+00 -1.593814e-04
9.910000e+00 -1.551226e-04
9.920000e+00 -1.509741e-04
9.930000e+00 -1.469406e-04
9.940000e+00 -1.430289e-04
9.950000e+00 -1.392486e-04
9.960000e+00 -1.356112e-04
9.970000e+00 -1.321302e-04
9.980000e+00 -1.288210e-04
9.990000e+00 -1.257005e-04
1.000000e+01 -1.227869e-04
